0 Minifigure, Hair Bat Ears
0 Name: 10301.dat
0 Author:
0 BFC CERTIFY CCW
3 16 0.3797 -7.0366 -10.3725 0.9321 -7.0152 -10.3567 0.6426 -7.1546 -10.259
3 16 4.5022 0 7.7981 0 0 9.0045 0 -3.1326 9.0045
3 16 4.5022 0 7.7981 0 -3.1326 9.0045 4.5022 -3.1326 7.7981
3 16 4.5022 0 7.7981 4.5022 -3.1326 7.7981 7.7981 -3.1326 4.5022
3 16 4.5022 0 7.7981 7.7981 -3.1326 4.5022 7.7981 0 4.5022
3 16 7.7981 -3.1326 4.5022 9.0045 0 0 7.7981 0 4.5022
3 16 7.7981 -3.1326 4.5022 9.0045 -3.1326 0 9.0045 0 0
3 16 9.0045 -3.1326 0 7.7981 0 -4.5022 9.0045 0 0
3 16 9.0045 -3.1326 0 7.7981 -3.1326 -4.5022 7.7981 0 -4.5022
3 16 7.7981 -3.1326 -4.5022 4.5022 0 -7.7981 7.7981 0 -4.5022
3 16 7.7981 -3.1326 -4.5022 4.5022 -3.1326 -7.7981 4.5022 0 -7.7981
3 16 4.5022 -3.1326 -7.7981 0 0 -9.0045 4.5022 0 -7.7981
3 16 4.5022 -3.1326 -7.7981 0 -3.1326 -9.0045 0 0 -9.0045
3 16 0 -3.1326 -9.0045 -4.5022 0 -7.7981 0 0 -9.0045
3 16 0 -3.1326 -9.0045 -4.5022 -3.1326 -7.7981 -4.5022 0 -7.7981
3 16 -4.5022 -3.1326 -7.7981 -7.7981 0 -4.5022 -4.5022 0 -7.7981
3 16 -4.5022 -3.1326 -7.7981 -7.7981 -3.1326 -4.5022 -7.7981 0 -4.5022
3 16 -7.7981 -3.1326 -4.5022 -9.0045 0 0 -7.7981 0 -4.5022
3 16 -7.7981 -3.1326 -4.5022 -9.0045 -3.1326 0 -9.0045 0 0
3 16 -9.0045 -3.1326 0 -7.7981 0 4.5022 -9.0045 0 0
3 16 -9.0045 -3.1326 0 -7.7981 -3.1326 4.5022 -7.7981 0 4.5022
3 16 -4.5022 0 7.7981 -7.7981 0 4.5022 -7.7981 -3.1326 4.5022
3 16 -4.5022 0 7.7981 -7.7981 -3.1326 4.5022 -4.5022 -3.1326 7.7981
3 16 -4.5022 -3.1326 7.7981 0 0 9.0045 -4.5022 0 7.7981
3 16 -4.5022 -3.1326 7.7981 0 -3.1326 9.0045 0 0 9.0045
3 16 3.125 -5.7512 5.4127 0 -5.7512 6.25 0 0 6.25
3 16 3.125 -5.7512 5.4127 0 0 6.25 3.125 0 5.4127
3 16 3.125 -5.7512 5.4127 3.125 0 5.4127 5.4127 0 3.125
3 16 3.125 -5.7512 5.4127 5.4127 0 3.125 5.4127 -5.7512 3.125
3 16 5.4127 -5.7512 3.125 5.4127 0 3.125 6.25 0 0
3 16 5.4127 -5.7512 3.125 6.25 0 0 6.25 -5.7512 0
3 16 6.25 -5.7512 0 6.25 0 0 5.4127 0 -3.125
3 16 6.25 -5.7512 0 5.4127 0 -3.125 5.4127 -5.7512 -3.125
3 16 5.4127 -5.7512 -3.125 5.4127 0 -3.125 3.125 0 -5.4127
3 16 5.4127 -5.7512 -3.125 3.125 0 -5.4127 3.125 -5.7512 -5.4127
3 16 3.125 -5.7512 -5.4127 3.125 0 -5.4127 0 0 -6.25
3 16 3.125 -5.7512 -5.4127 0 0 -6.25 0 -5.7512 -6.25
3 16 0 -5.7512 -6.25 0 0 -6.25 -3.125 0 -5.4127
3 16 0 -5.7512 -6.25 -3.125 0 -5.4127 -3.125 -5.7512 -5.4127
3 16 -3.125 -5.7512 -5.4127 -3.125 0 -5.4127 -5.4127 0 -3.125
3 16 -3.125 -5.7512 -5.4127 -5.4127 0 -3.125 -5.4127 -5.7512 -3.125
3 16 -5.4127 -5.7512 -3.125 -5.4127 0 -3.125 -6.25 0 0
3 16 -5.4127 -5.7512 -3.125 -6.25 0 0 -6.25 -5.7512 0
3 16 -6.25 -5.7512 0 -6.25 0 0 -5.4127 0 3.125
3 16 -6.25 -5.7512 0 -5.4127 0 3.125 -5.4127 -5.7512 3.125
3 16 -3.125 -5.7512 5.4127 -5.4127 -5.7512 3.125 -5.4127 0 3.125
3 16 -3.125 -5.7512 5.4127 -5.4127 0 3.125 -3.125 0 5.4127
3 16 -3.125 0 5.4127 0 -5.7512 6.25 -3.125 -5.7512 5.4127
3 16 -3.125 0 5.4127 0 0 6.25 0 -5.7512 6.25
3 16 -10.8724 -0.7521 6.2695 -9.7182 1.085 5.649 -9.7399 -2.0797 5.6253
3 16 -10.8724 -0.7521 6.2695 -11.3468 1.7679 6.4941 -9.7182 1.085 5.649
3 16 -9.7182 1.085 5.649 -11.3468 1.7679 6.4941 -10.5445 2.2966 6.1654
3 16 -10.5445 2.2966 6.1654 -11.3468 1.7679 6.4941 -11.3655 4.4311 6.5071
3 16 9.7182 1.085 5.649 10.8724 -0.7521 6.2695 9.7399 -2.0797 5.6253
3 16 9.7182 1.085 5.649 11.3407 1.706 6.4954 10.8724 -0.7521 6.2695
3 16 9.7182 1.085 5.649 10.6918 2.5079 6.2205 11.3407 1.706 6.4954
3 16 11.4276 4.4548 6.3671 11.3407 1.706 6.4954 10.6918 2.5079 6.2205
3 16 0.3402 0.2565 14.709 1.4539 0.3363 14.5655 0.5361 3.9744 14.0971
3 16 2.1298 -2.8686 13.5938 1.4539 0.3363 14.5655 0.3402 0.2565 14.709
3 16 2.1298 -2.8686 13.5938 0.3402 0.2565 14.709 0.5035 -3.2329 13.7091
3 16 2.811 -6.1224 11.0222 2.1298 -2.8686 13.5938 0.5035 -3.2329 13.7091
3 16 2.811 -6.1224 11.0222 0.5035 -3.2329 13.7091 0.212 -6.5067 11.2889
3 16 2.5691 -8.2142 7.7852 2.811 -6.1224 11.0222 0.212 -6.5067 11.2889
3 16 2.5691 -8.2142 7.7852 0.212 -6.5067 11.2889 -0.0519 -8.4829 8.0594
3 16 1.6709 -9.7351 1.9682 2.5691 -8.2142 7.7852 -0.0519 -8.4829 8.0594
3 16 1.6709 -9.7351 1.9682 -0.0519 -8.4829 8.0594 0.1592 -9.8468 1.9933
3 16 1.0937 -9.4737 -2.9655 1.6709 -9.7351 1.9682 0.1592 -9.8468 1.9933
3 16 -0.2795 0.3801 14.3336 0.5361 3.9744 14.0971 -0.3565 3.9293 14.0453
3 16 -0.2795 0.3801 14.3336 0.3402 0.2565 14.709 0.5361 3.9744 14.0971
3 16 0.3402 0.2565 14.709 -0.2795 0.3801 14.3336 -0.25 -2.9525 13.4177
3 16 0.3402 0.2565 14.709 -0.25 -2.9525 13.4177 0.5035 -3.2329 13.7091
3 16 0.5035 -3.2329 13.7091 -0.25 -2.9525 13.4177 -0.5281 -6.1478 11.1078
3 16 0.5035 -3.2329 13.7091 -0.5281 -6.1478 11.1078 0.212 -6.5067 11.2889
3 16 -0.5281 -6.1478 11.1078 -0.0519 -8.4829 8.0594 0.212 -6.5067 11.2889
3 16 -0.5281 -6.1478 11.1078 -0.8017 -8.0656 7.7278 -0.0519 -8.4829 8.0594
3 16 0.1592 -9.8468 1.9933 -0.0519 -8.4829 8.0594 -0.8017 -8.0656 7.7278
3 16 0.1592 -9.8468 1.9933 -0.8017 -8.0656 7.7278 -0.4064 -9.5086 1.8614
3 16 -0.4064 -9.5086 1.8614 1.0937 -9.4737 -2.9655 0.1592 -9.8468 1.9933
3 16 -0.3565 3.9293 14.0453 -1.1433 0.3154 14.3645 -0.2795 0.3801 14.3336
3 16 -0.25 -2.9525 13.4177 -0.2795 0.3801 14.3336 -1.1433 0.3154 14.3645
3 16 -0.25 -2.9525 13.4177 -1.1433 0.3154 14.3645 -1.8147 -3.0669 13.4813
3 16 -0.5281 -6.1478 11.1078 -0.25 -2.9525 13.4177 -1.8147 -3.0669 13.4813
3 16 -0.5281 -6.1478 11.1078 -1.8147 -3.0669 13.4813 -2.5912 -6.2839 11.2313
3 16 -0.8017 -8.0656 7.7278 -0.5281 -6.1478 11.1078 -2.5912 -6.2839 11.2313
3 16 -0.8017 -8.0656 7.7278 -2.5912 -6.2839 11.2313 -2.9089 -8.135 7.6836
3 16 -2.3379 -9.4235 1.618 -0.8017 -8.0656 7.7278 -2.9089 -8.135 7.6836
3 16 -2.3379 -9.4235 1.618 -0.4064 -9.5086 1.8614 -0.8017 -8.0656 7.7278
3 16 -0.4064 -9.5086 1.8614 -2.3379 -9.4235 1.618 -1.485 -9.3541 -3.5482
3 16 -0.4064 -9.5086 1.8614 -1.485 -9.3541 -3.5482 1.0937 -9.4737 -2.9655
3 16 0.9931 -8.4661 -7.0052 1.0937 -9.4737 -2.9655 -1.485 -9.3541 -3.5482
3 16 0.9931 -8.4661 -7.0052 -1.485 -9.3541 -3.5482 -0.4722 -8.4604 -7.2438
3 16 0.9931 -8.4661 -7.0052 -0.4722 -8.4604 -7.2438 0.6426 -7.1546 -10.259
3 16 -1.3436 3.8126 13.6013 -1.1433 0.3154 14.3645 -0.3565 3.9293 14.0453
3 16 -1.3436 3.8126 13.6013 -1.9436 0.5798 13.9556 -1.1433 0.3154 14.3645
3 16 -1.1433 0.3154 14.3645 -1.9436 0.5798 13.9556 -2.6134 -2.4982 13.1034
3 16 -1.1433 0.3154 14.3645 -2.6134 -2.4982 13.1034 -1.8147 -3.0669 13.4813
3 16 -1.8147 -3.0669 13.4813 -2.6134 -2.4982 13.1034 -3.4817 -5.5732 10.755
3 16 -1.8147 -3.0669 13.4813 -3.4817 -5.5732 10.755 -2.5912 -6.2839 11.2313
3 16 -2.9089 -8.135 7.6836 -2.5912 -6.2839 11.2313 -3.4817 -5.5732 10.755
3 16 -2.9089 -8.135 7.6836 -3.4817 -5.5732 10.755 -3.6254 -7.6906 7.4161
3 16 -3.6254 -7.6906 7.4161 -2.3379 -9.4235 1.618 -2.9089 -8.135 7.6836
3 16 -3.6254 -7.6906 7.4161 -2.9364 -8.9516 1.4724 -2.3379 -9.4235 1.618
3 16 -1.485 -9.3541 -3.5482 -2.3379 -9.4235 1.618 -2.9364 -8.9516 1.4724
3 16 -1.485 -9.3541 -3.5482 -2.9364 -8.9516 1.4724 -2.0567 -8.8746 -3.6657
3 16 -2.0567 -8.8746 -3.6657 -0.4722 -8.4604 -7.2438 -1.485 -9.3541 -3.5482
3 16 -2.0567 -8.8746 -3.6657 -0.989 -8.0807 -7.3898 -0.4722 -8.4604 -7.2438
3 16 0.6426 -7.1546 -10.259 -0.4722 -8.4604 -7.2438 -0.989 -8.0807 -7.3898
3 16 0.6426 -7.1546 -10.259 -0.989 -8.0807 -7.3898 0.3797 -7.0366 -10.3725
3 16 1.4539 0.3363 14.5655 1.9745 3.2621 14.0305 0.5361 3.9744 14.0971
3 16 1.4539 0.3363 14.5655 2.3279 0.504 14.1562 1.9745 3.2621 14.0305
3 16 1.4539 0.3363 14.5655 3.0398 -2.3415 13.2144 2.3279 0.504 14.1562
3 16 1.4539 0.3363 14.5655 2.1298 -2.8686 13.5938 3.0398 -2.3415 13.2144
3 16 3.7884 -5.329 10.6176 3.0398 -2.3415 13.2144 2.1298 -2.8686 13.5938
3 16 3.7884 -5.329 10.6176 2.1298 -2.8686 13.5938 2.811 -6.1224 11.0222
3 16 2.811 -6.1224 11.0222 3.69 -7.2391 7.2825 3.7884 -5.329 10.6176
3 16 2.811 -6.1224 11.0222 2.5691 -8.2142 7.7852 3.69 -7.2391 7.2825
3 16 2.5691 -8.2142 7.7852 2.2939 -9.1987 1.6829 3.69 -7.2391 7.2825
3 16 3.4991 -8.1502 4.7205 3.69 -7.2391 7.2825 2.2939 -9.1987 1.6829
3 16 2.5691 -8.2142 7.7852 1.6709 -9.7351 1.9682 2.2939 -9.1987 1.6829
3 16 2.2939 -9.1987 1.6829 1.6709 -9.7351 1.9682 1.0937 -9.4737 -2.9655
3 16 2.2939 -9.1987 1.6829 1.0937 -9.4737 -2.9655 1.6021 -9.0368 -3.4869
3 16 0.9931 -8.4661 -7.0052 1.6021 -9.0368 -3.4869 1.0937 -9.4737 -2.9655
3 16 0.9931 -8.4661 -7.0052 1.4417 -8.1339 -7.0511 1.6021 -9.0368 -3.4869
3 16 0.6426 -7.1546 -10.259 1.4417 -8.1339 -7.0511 0.9931 -8.4661 -7.0052
3 16 0.6426 -7.1546 -10.259 0.9321 -7.0152 -10.3567 1.4417 -8.1339 -7.0511
3 16 -2.9523 2.6721 13.4896 -1.9436 0.5798 13.9556 -1.3436 3.8126 13.6013
3 16 -2.9523 2.6721 13.4896 -2.4444 0.4522 14.1305 -1.9436 0.5798 13.9556
3 16 -2.4444 0.4522 14.1305 -2.6134 -2.4982 13.1034 -1.9436 0.5798 13.9556
3 16 -2.4444 0.4522 14.1305 -3.1052 -2.3766 13.2024 -2.6134 -2.4982 13.1034
3 16 -2.6134 -2.4982 13.1034 -3.1052 -2.3766 13.2024 -4.4306 -5.3132 10.852
3 16 -2.6134 -2.4982 13.1034 -4.4306 -5.3132 10.852 -3.4817 -5.5732 10.755
3 16 -4.6295 -7.5955 7.3554 -3.4817 -5.5732 10.755 -4.4306 -5.3132 10.852
3 16 -4.6295 -7.5955 7.3554 -3.6254 -7.6906 7.4161 -3.4817 -5.5732 10.755
3 16 -3.8502 -8.9243 1.3443 -3.6254 -7.6906 7.4161 -4.6295 -7.5955 7.3554
3 16 -3.8502 -8.9243 1.3443 -2.9364 -8.9516 1.4724 -3.6254 -7.6906 7.4161
3 16 -2.7334 -8.8302 -3.8168 -2.9364 -8.9516 1.4724 -3.8502 -8.9243 1.3443
3 16 -2.7334 -8.8302 -3.8168 -2.0567 -8.8746 -3.6657 -2.9364 -8.9516 1.4724
3 16 -2.7334 -8.8302 -3.8168 -0.989 -8.0807 -7.3898 -2.0567 -8.8746 -3.6657
3 16 -2.7334 -8.8302 -3.8168 -2.3359 -7.9828 -7.7203 -0.989 -8.0807 -7.3898
3 16 -0.989 -8.0807 -7.3898 -2.3359 -7.9828 -7.7203 -1.4455 -6.6776 -10.9587
3 16 -0.989 -8.0807 -7.3898 -1.4455 -6.6776 -10.9587 0.3797 -7.0366 -10.3725
3 16 -0.767 -4.8743 -13.6559 0.3797 -7.0366 -10.3725 -1.4455 -6.6776 -10.9587
3 16 -0.767 -4.8743 -13.6559 1.5502 -4.8247 -13.2328 0.3797 -7.0366 -10.3725
3 16 1.5502 -4.8247 -13.2328 -0.767 -4.8743 -13.6559 0.4524 -1.7924 -16.6905
3 16 1.5502 -4.8247 -13.2328 0.4524 -1.7924 -16.6905 1.5123 -1.8463 -16.6926
3 16 1.5502 -4.8247 -13.2328 0.9321 -7.0152 -10.3567 0.3797 -7.0366 -10.3725
3 16 2.279 -6.5624 -10.7318 0.9321 -7.0152 -10.3567 1.5502 -4.8247 -13.2328
3 16 2.8036 -8.1787 -7.188 0.9321 -7.0152 -10.3567 2.279 -6.5624 -10.7318
3 16 2.8036 -8.1787 -7.188 1.4417 -8.1339 -7.0511 0.9321 -7.0152 -10.3567
3 16 2.8036 -8.1787 -7.188 1.6021 -9.0368 -3.4869 1.4417 -8.1339 -7.0511
3 16 2.8036 -8.1787 -7.188 2.9018 -9.226 -3.4587 1.6021 -9.0368 -3.4869
3 16 2.2939 -9.1987 1.6829 1.6021 -9.0368 -3.4869 2.9018 -9.226 -3.4587
3 16 2.2939 -9.1987 1.6829 2.9018 -9.226 -3.4587 2.9577 -9.171 1.6168
3 16 2.9577 -9.171 1.6168 3.4991 -8.1502 4.7205 2.2939 -9.1987 1.6829
3 16 2.3279 0.504 14.1562 2.7064 0.477 14.2259 1.9745 3.2621 14.0305
3 16 2.7064 0.477 14.2259 2.3279 0.504 14.1562 3.0398 -2.3415 13.2144
3 16 2.7064 0.477 14.2259 3.0398 -2.3415 13.2144 3.929 -2.04 13.3669
3 16 3.929 -2.04 13.3669 3.0398 -2.3415 13.2144 3.7884 -5.329 10.6176
3 16 3.929 -2.04 13.3669 3.7884 -5.329 10.6176 5.976 -4.7835 10.7725
3 16 6.101 -6.8877 7.4515 5.976 -4.7835 10.7725 3.7884 -5.329 10.6176
3 16 6.101 -6.8877 7.4515 3.7884 -5.329 10.6176 3.69 -7.2391 7.2825
3 16 3.69 -7.2391 7.2825 5.8501 -8.0158 4.3408 6.101 -6.8877 7.4515
3 16 3.69 -7.2391 7.2825 3.4991 -8.1502 4.7205 5.8501 -8.0158 4.3408
3 16 5.8501 -8.0158 4.3408 3.4991 -8.1502 4.7205 3.4881 -8.6477 1.1484
3 16 5.8501 -8.0158 4.3408 3.4881 -8.6477 1.1484 5.6645 -8.4939 0.1243
3 16 5.6645 -8.4939 0.1243 3.4881 -8.6477 1.1484 3.4698 -8.5431 -3.3629
3 16 5.6645 -8.4939 0.1243 3.4698 -8.5431 -3.3629 5.7719 -8.3357 -4.2189
3 16 5.7719 -8.3357 -4.2189 3.4698 -8.5431 -3.3629 3.3654 -7.5562 -7.1456
3 16 5.7719 -8.3357 -4.2189 3.3654 -7.5562 -7.1456 5.7329 -7.5283 -7.4618
3 16 2.9171 -6.0041 -10.6578 5.7329 -7.5283 -7.4618 3.3654 -7.5562 -7.1456
3 16 2.9171 -6.0041 -10.6578 4.9248 -5.7423 -11.214 5.7329 -7.5283 -7.4618
3 16 4.9248 -5.7423 -11.214 2.9171 -6.0041 -10.6578 2.0351 -4.3037 -13.3962
3 16 4.9248 -5.7423 -11.214 2.0351 -4.3037 -13.3962 3.6362 -3.8911 -14.0071
3 16 3.6362 -3.8911 -14.0071 2.0351 -4.3037 -13.3962 1.5123 -1.8463 -16.6926
3 16 3.6362 -3.8911 -14.0071 1.5123 -1.8463 -16.6926 2.3741 -1.6889 -16.6423
3 16 -6.7714 -0.1803 12.0198 -4.7576 -0.0025 13.0804 -4.6522 0.824 13.1784
3 16 -6.7714 -0.1803 12.0198 -6.3957 -1.1618 12.1374 -4.7576 -0.0025 13.0804
3 16 -9.4865 -1.6072 9.373 -6.3957 -1.1618 12.1374 -6.7714 -0.1803 12.0198
3 16 -9.4865 -1.6072 9.373 -9.0026 -2.9231 9.6965 -6.3957 -1.1618 12.1374
3 16 -11.0715 -3.9826 5.9717 -9.0026 -2.9231 9.6965 -9.4865 -1.6072 9.373
3 16 -11.0715 -3.9826 5.9717 -9.4865 -1.6072 9.373 -11.3986 -2.7727 5.8151
3 16 -12.3401 -4.2666 0.9392 -11.0715 -3.9826 5.9717 -11.3986 -2.7727 5.8151
3 16 -12.3401 -4.2666 0.9392 -11.3986 -2.7727 5.8151 -12.5457 -3.3311 0.9393
3 16 -12.5457 -3.3311 0.9393 -12.2077 -3.1187 -5.6746 -12.3401 -4.2666 0.9392
3 16 -12.5457 -3.3311 0.9393 -12.6285 -1.7889 -5.2874 -12.2077 -3.1187 -5.6746
3 16 -12.2077 -3.1187 -5.6746 -12.6285 -1.7889 -5.2874 -11.2151 0.659 -10.0102
3 16 -12.2077 -3.1187 -5.6746 -11.2151 0.659 -10.0102 -10.8072 -0.9421 -10.7908
3 16 -8.2979 1.6994 -14.5457 -10.8072 -0.9421 -10.7908 -11.2151 0.659 -10.0102
3 16 -8.2979 1.6994 -14.5457 -11.2151 0.659 -10.0102 -8.7756 3.3751 -13.692
3 16 -8.2979 1.6994 -14.5457 -8.7756 3.3751 -13.692 -5.0059 5.1475 -16.3875
3 16 -8.2979 1.6994 -14.5457 -5.0059 5.1475 -16.3875 -4.7283 3.6342 -16.8862
3 16 -4.7283 3.6342 -16.8862 -5.0059 5.1475 -16.3875 -1.555 5.6162 -18.3623
3 16 -4.7283 3.6342 -16.8862 -1.555 5.6162 -18.3623 -1.6608 3.6292 -18.7957
3 16 0.5412 2.9053 -19.9806 -1.6608 3.6292 -18.7957 -1.555 5.6162 -18.3623
3 16 0.5412 2.9053 -19.9806 -0.3377 2.404 -19.7401 -1.6608 3.6292 -18.7957
3 16 1.3446 5.832 -18.7598 0.5412 2.9053 -19.9806 -1.555 5.6162 -18.3623
3 16 1.3446 5.832 -18.7598 2.2048 3.6652 -19.4074 0.5412 2.9053 -19.9806
3 16 -4.7576 -0.0025 13.0804 -6.3957 -1.1618 12.1374 -5.4236 -1.4155 12.3282
3 16 -6.5197 -2.9634 10.7124 -5.4236 -1.4155 12.3282 -6.3957 -1.1618 12.1374
3 16 -6.5197 -2.9634 10.7124 -6.3957 -1.1618 12.1374 -9.0026 -2.9231 9.6965
3 16 -6.5197 -2.9634 10.7124 -9.0026 -2.9231 9.6965 -8.0566 -3.8706 8.923
3 16 -8.0566 -3.8706 8.923 -9.0026 -2.9231 9.6965 -11.0715 -3.9826 5.9717
3 16 -8.0566 -3.8706 8.923 -11.0715 -3.9826 5.9717 -9.557 -4.824 5.8824
3 16 -11.0715 -3.9826 5.9717 -10.8696 -5.1636 0.606 -9.557 -4.824 5.8824
3 16 -11.0715 -3.9826 5.9717 -12.3401 -4.2666 0.9392 -10.8696 -5.1636 0.606
3 16 -10.8696 -5.1636 0.606 -12.3401 -4.2666 0.9392 -12.2077 -3.1187 -5.6746
3 16 -10.8696 -5.1636 0.606 -12.2077 -3.1187 -5.6746 -10.5343 -4.0947 -5.7327
3 16 -12.2077 -3.1187 -5.6746 -9.1553 -2.9661 -9.0516 -10.5343 -4.0947 -5.7327
3 16 -12.2077 -3.1187 -5.6746 -10.8072 -0.9421 -10.7908 -9.1553 -2.9661 -9.0516
3 16 -10.8072 -0.9421 -10.7908 -7.4377 -1.4287 -11.9323 -9.1553 -2.9661 -9.0516
3 16 -10.8072 -0.9421 -10.7908 -8.2979 1.6994 -14.5457 -7.4377 -1.4287 -11.9323
3 16 -8.2979 1.6994 -14.5457 -3.2919 1.4967 -15.9155 -7.4377 -1.4287 -11.9323
3 16 -8.2979 1.6994 -14.5457 -4.7283 3.6342 -16.8862 -3.2919 1.4967 -15.9155
3 16 -4.7283 3.6342 -16.8862 -1.3298 1.9839 -17.4042 -3.2919 1.4967 -15.9155
3 16 -4.7283 3.6342 -16.8862 -1.6608 3.6292 -18.7957 -1.3298 1.9839 -17.4042
3 16 -1.3298 1.9839 -17.4042 -1.6608 3.6292 -18.7957 -0.3377 2.404 -19.7401
3 16 -1.3298 1.9839 -17.4042 -0.3377 2.404 -19.7401 0.2626 1.4281 -19.6071
3 16 -7.1702 0.5928 12.3404 -6.7714 -0.1803 12.0198 -4.6522 0.824 13.1784
3 16 -6.7714 -0.1803 12.0198 -7.1702 0.5928 12.3404 -9.6891 -0.0467 10.6468
3 16 -6.7714 -0.1803 12.0198 -9.6891 -0.0467 10.6468 -9.4865 -1.6072 9.373
3 16 -9.6891 -0.0467 10.6468 -11.1524 -0.4599 9.1928 -9.4865 -1.6072 9.373
3 16 -11.1524 -0.4599 9.1928 -11.3986 -2.7727 5.8151 -9.4865 -1.6072 9.373
3 16 -11.1524 -0.4599 9.1928 -12.1656 -2.0396 6.1637 -11.3986 -2.7727 5.8151
3 16 -11.3986 -2.7727 5.8151 -12.1656 -2.0396 6.1637 -13.1565 -2.9405 1.0868
3 16 -11.3986 -2.7727 5.8151 -13.1565 -2.9405 1.0868 -12.5457 -3.3311 0.9393
3 16 -12.5457 -3.3311 0.9393 -13.1565 -2.9405 1.0868 -13.2001 -1.4352 -5.207
3 16 -12.5457 -3.3311 0.9393 -13.2001 -1.4352 -5.207 -12.6285 -1.7889 -5.2874
3 16 -12.6285 -1.7889 -5.2874 -13.2001 -1.4352 -5.207 -12.7755 1.5411 -9.6106
3 16 -12.6285 -1.7889 -5.2874 -12.7755 1.5411 -9.6106 -11.2151 0.659 -10.0102
3 16 -11.2151 0.659 -10.0102 -12.7755 1.5411 -9.6106 -10.5668 4.5787 -13.6948
3 16 -11.2151 0.659 -10.0102 -10.5668 4.5787 -13.6948 -8.7756 3.3751 -13.692
3 16 -8.7756 3.3751 -13.692 -10.5668 4.5787 -13.6948 -7.911 6.2018 -15.9258
3 16 -8.7756 3.3751 -13.692 -7.911 6.2018 -15.9258 -5.0059 5.1475 -16.3875
3 16 -7.911 6.2018 -15.9258 -5.495 7.0482 -17.4184 -5.0059 5.1475 -16.3875
3 16 -5.0059 5.1475 -16.3875 -5.495 7.0482 -17.4184 -3.8682 7.6463 -18.4663
3 16 -5.0059 5.1475 -16.3875 -3.8682 7.6463 -18.4663 -1.555 5.6162 -18.3623
3 16 -1.555 5.6162 -18.3623 -3.8682 7.6463 -18.4663 -2.9726 7.6508 -19.2848
3 16 -1.555 5.6162 -18.3623 -2.9726 7.6508 -19.2848 -1.1703 6.5554 -19.1718
3 16 8.2956 -5.5801 6.9422 9.1553 -4.8187 6.7891 7.3558 -3.2791 10.5237
3 16 9.1553 -4.8187 6.7891 8.2956 -5.5801 6.9422 8.6757 -6.702 3.9423
3 16 9.1553 -4.8187 6.7891 8.6757 -6.702 3.9423 9.7417 -5.5848 3.8003
3 16 9.7417 -5.5848 3.8003 8.6757 -6.702 3.9423 9.15 -7.017 0.0158
3 16 9.7417 -5.5848 3.8003 9.15 -7.017 0.0158 10.1806 -5.7316 0.0349
3 16 10.1806 -5.7316 0.0349 9.15 -7.017 0.0158 9.4038 -6.5173 -3.6896
3 16 10.1806 -5.7316 0.0349 9.4038 -6.5173 -3.6896 10.4295 -5.3503 -3.5367
3 16 10.4295 -5.3503 -3.5367 9.4038 -6.5173 -3.6896 9.1381 -5.4971 -7.1178
3 16 10.4295 -5.3503 -3.5367 9.1381 -5.4971 -7.1178 10.1269 -4.1139 -7.0654
3 16 9.1381 -5.4971 -7.1178 8.9048 -1.8987 -10.7606 10.1269 -4.1139 -7.0654
3 16 9.1381 -5.4971 -7.1178 7.4956 -3.692 -11.7316 8.9048 -1.8987 -10.7606
3 16 7.4956 -3.692 -11.7316 6.3431 0.0668 -13.6683 8.9048 -1.8987 -10.7606
3 16 7.4956 -3.692 -11.7316 5.5101 -2.1546 -14.4551 6.3431 0.0668 -13.6683
3 16 6.3431 0.0668 -13.6683 5.5101 -2.1546 -14.4551 2.3955 0.7097 -18.2008
3 16 6.3431 0.0668 -13.6683 2.3955 0.7097 -18.2008 3.0345 2.4028 -17.7899
3 16 3.0345 2.4028 -17.7899 2.3955 0.7097 -18.2008 0.8226 1.3758 -19.6955
3 16 3.0345 2.4028 -17.7899 0.8226 1.3758 -19.6955 0.5412 2.9053 -19.9806
3 16 0.2626 1.4281 -19.6071 0.5412 2.9053 -19.9806 0.8226 1.3758 -19.6955
3 16 0.2626 1.4281 -19.6071 -0.3377 2.404 -19.7401 0.5412 2.9053 -19.9806
3 16 -6.5197 -2.9634 10.7124 -8.0566 -3.8706 8.923 -7.6562 -4.2278 9.1986
3 16 -8.0566 -3.8706 8.923 -9.1536 -5.7257 6.033 -7.6562 -4.2278 9.1986
3 16 -8.0566 -3.8706 8.923 -9.557 -4.824 5.8824 -9.1536 -5.7257 6.033
3 16 -10.302 -6.2576 0.6616 -9.1536 -5.7257 6.033 -9.557 -4.824 5.8824
3 16 -10.302 -6.2576 0.6616 -9.557 -4.824 5.8824 -10.8696 -5.1636 0.606
3 16 -10.8696 -5.1636 0.606 -9.8899 -5.7975 -5.661 -10.302 -6.2576 0.6616
3 16 -10.8696 -5.1636 0.606 -10.5343 -4.0947 -5.7327 -9.8899 -5.7975 -5.661
3 16 -10.5343 -4.0947 -5.7327 -8.5678 -5.1114 -9.0475 -9.8899 -5.7975 -5.661
3 16 -10.5343 -4.0947 -5.7327 -9.1553 -2.9661 -9.0516 -8.5678 -5.1114 -9.0475
3 16 -6.8319 -3.37 -12.1717 -8.5678 -5.1114 -9.0475 -9.1553 -2.9661 -9.0516
3 16 -6.8319 -3.37 -12.1717 -9.1553 -2.9661 -9.0516 -7.4377 -1.4287 -11.9323
3 16 -3.8795 -0.2616 -15.4936 -6.8319 -3.37 -12.1717 -7.4377 -1.4287 -11.9323
3 16 -3.8795 -0.2616 -15.4936 -7.4377 -1.4287 -11.9323 -3.2919 1.4967 -15.9155
3 16 -1.3298 1.9839 -17.4042 -3.8795 -0.2616 -15.4936 -3.2919 1.4967 -15.9155
3 16 -6.8627 -4.4747 9.2703 -7.2958 -6.3914 6.2441 -6.6796 -6.6153 6.5347
3 16 -5.6253 -8.0843 0.9442 -6.6796 -6.6153 6.5347 -7.2958 -6.3914 6.2441
3 16 -5.6253 -8.0843 0.9442 -7.2958 -6.3914 6.2441 -7.3837 -7.8177 0.7463
3 16 -4.1641 -8.1154 -4.1966 -5.6253 -8.0843 0.9442 -7.3837 -7.8177 0.7463
3 16 -4.1641 -8.1154 -4.1966 -7.3837 -7.8177 0.7463 -6.8621 -7.8889 -4.8809
3 16 -5.6865 -7.0679 -8.4592 -4.1641 -8.1154 -4.1966 -6.8621 -7.8889 -4.8809
3 16 -5.6865 -7.0679 -8.4592 -3.0236 -7.318 -7.6583 -4.1641 -8.1154 -4.1966
3 16 -4.3156 -5.5779 -11.4763 -3.0236 -7.318 -7.6583 -5.6865 -7.0679 -8.4592
3 16 -4.3156 -5.5779 -11.4763 -2.1874 -5.9245 -10.8531 -3.0236 -7.318 -7.6583
3 16 -1.4573 -4.1475 -13.5328 -2.1874 -5.9245 -10.8531 -4.3156 -5.5779 -11.4763
3 16 -1.4573 -4.1475 -13.5328 -4.3156 -5.5779 -11.4763 -2.9363 -3.5097 -14.0532
3 16 -2.9363 -3.5097 -14.0532 0.2025 -0.647 -16.9938 -1.4573 -4.1475 -13.5328
3 16 -2.9363 -3.5097 -14.0532 -0.7294 0.6653 -17.746 0.2025 -0.647 -16.9938
3 16 0.6989 0.2157 -17.6856 0.2025 -0.647 -16.9938 -0.7294 0.6653 -17.746
3 16 0.6989 0.2157 -17.6856 -0.7294 0.6653 -17.746 0.2626 1.4281 -19.6071
3 16 -7.7788 -5.753 5.8345 -7.2958 -6.3914 6.2441 -6.8627 -4.4747 9.2703
3 16 -7.3837 -7.8177 0.7463 -7.2958 -6.3914 6.2441 -7.7788 -5.753 5.8345
3 16 -7.3837 -7.8177 0.7463 -7.7788 -5.753 5.8345 -8.2277 -6.5837 0.5203
3 16 -6.8621 -7.8889 -4.8809 -7.3837 -7.8177 0.7463 -8.2277 -6.5837 0.5203
3 16 -6.8621 -7.8889 -4.8809 -8.2277 -6.5837 0.5203 -7.7041 -6.2763 -5.2681
3 16 -5.6865 -7.0679 -8.4592 -6.8621 -7.8889 -4.8809 -7.7041 -6.2763 -5.2681
3 16 -5.6865 -7.0679 -8.4592 -7.7041 -6.2763 -5.2681 -6.4258 -5.5423 -8.6598
3 16 -6.4258 -5.5423 -8.6598 -4.3156 -5.5779 -11.4763 -5.6865 -7.0679 -8.4592
3 16 -6.4258 -5.5423 -8.6598 -4.8965 -4.1669 -11.59 -4.3156 -5.5779 -11.4763
3 16 -4.8965 -4.1669 -11.59 -2.9363 -3.5097 -14.0532 -4.3156 -5.5779 -11.4763
3 16 -4.8965 -4.1669 -11.59 -2.8135 -1.5091 -14.8333 -2.9363 -3.5097 -14.0532
3 16 -2.8135 -1.5091 -14.8333 -0.7294 0.6653 -17.746 -2.9363 -3.5097 -14.0532
3 16 -2.8135 -1.5091 -14.8333 -1.3298 1.9839 -17.4042 -0.7294 0.6653 -17.746
3 16 -1.3298 1.9839 -17.4042 0.2626 1.4281 -19.6071 -0.7294 0.6653 -17.746
3 16 -6.5197 -2.9634 10.7124 -7.6562 -4.2278 9.1986 -6.8627 -4.4747 9.2703
3 16 -7.6562 -4.2278 9.1986 -7.7788 -5.753 5.8345 -6.8627 -4.4747 9.2703
3 16 -7.6562 -4.2278 9.1986 -9.1536 -5.7257 6.033 -7.7788 -5.753 5.8345
3 16 -8.2277 -6.5837 0.5203 -7.7788 -5.753 5.8345 -9.1536 -5.7257 6.033
3 16 -8.2277 -6.5837 0.5203 -9.1536 -5.7257 6.033 -10.302 -6.2576 0.6616
3 16 -8.2277 -6.5837 0.5203 -10.302 -6.2576 0.6616 -9.8899 -5.7975 -5.661
3 16 -8.2277 -6.5837 0.5203 -9.8899 -5.7975 -5.661 -7.7041 -6.2763 -5.2681
3 16 -7.7041 -6.2763 -5.2681 -9.8899 -5.7975 -5.661 -8.5678 -5.1114 -9.0475
3 16 -7.7041 -6.2763 -5.2681 -8.5678 -5.1114 -9.0475 -6.4258 -5.5423 -8.6598
3 16 -6.8319 -3.37 -12.1717 -6.4258 -5.5423 -8.6598 -8.5678 -5.1114 -9.0475
3 16 -6.8319 -3.37 -12.1717 -4.8965 -4.1669 -11.59 -6.4258 -5.5423 -8.6598
3 16 -2.8135 -1.5091 -14.8333 -4.8965 -4.1669 -11.59 -6.8319 -3.37 -12.1717
3 16 -2.8135 -1.5091 -14.8333 -6.8319 -3.37 -12.1717 -3.8795 -0.2616 -15.4936
3 16 -2.8135 -1.5091 -14.8333 -3.8795 -0.2616 -15.4936 -1.3298 1.9839 -17.4042
3 16 5.172 1.2727 13.5211 3.8591 2.0478 13.5489 4.2047 1.1964 13.7427
3 16 5.5976 -0.6772 12.9825 5.172 1.2727 13.5211 4.2047 1.1964 13.7427
3 16 5.5976 -0.6772 12.9825 6.7863 -0.356 12.7374 5.172 1.2727 13.5211
3 16 7.3558 -3.2791 10.5237 6.7863 -0.356 12.7374 5.5976 -0.6772 12.9825
3 16 7.3558 -3.2791 10.5237 9.2511 -2.8333 10.2039 6.7863 -0.356 12.7374
3 16 9.1553 -4.8187 6.7891 9.2511 -2.8333 10.2039 7.3558 -3.2791 10.5237
3 16 9.1553 -4.8187 6.7891 10.6713 -4.2624 6.9812 9.2511 -2.8333 10.2039
3 16 9.7417 -5.5848 3.8003 10.6713 -4.2624 6.9812 9.1553 -4.8187 6.7891
3 16 9.7417 -5.5848 3.8003 11.4682 -5.0156 3.9971 10.6713 -4.2624 6.9812
3 16 9.7417 -5.5848 3.8003 11.8698 -5.358 0.1682 11.4682 -5.0156 3.9971
3 16 9.7417 -5.5848 3.8003 10.1806 -5.7316 0.0349 11.8698 -5.358 0.1682
3 16 10.1806 -5.7316 0.0349 11.7245 -5.01 -3.5469 11.8698 -5.358 0.1682
3 16 10.1806 -5.7316 0.0349 10.4295 -5.3503 -3.5367 11.7245 -5.01 -3.5469
3 16 10.4295 -5.3503 -3.5367 10.8219 -3.7841 -6.9575 11.7245 -5.01 -3.5469
3 16 10.4295 -5.3503 -3.5367 10.1269 -4.1139 -7.0654 10.8219 -3.7841 -6.9575
3 16 10.8219 -3.7841 -6.9575 10.1269 -4.1139 -7.0654 8.9048 -1.8987 -10.7606
3 16 5.1005 -0.8131 12.9449 5.5976 -0.6772 12.9825 4.2047 1.1964 13.7427
3 16 7.3558 -3.2791 10.5237 5.5976 -0.6772 12.9825 5.1005 -0.8131 12.9449
3 16 7.3558 -3.2791 10.5237 5.1005 -0.8131 12.9449 6.8704 -3.9357 9.9864
3 16 6.8704 -3.9357 9.9864 8.2956 -5.5801 6.9422 7.3558 -3.2791 10.5237
3 16 6.8704 -3.9357 9.9864 6.9162 -5.6793 7.0057 8.2956 -5.5801 6.9422
3 16 8.2956 -5.5801 6.9422 6.9162 -5.6793 7.0057 6.7258 -6.6977 3.9167
3 16 8.2956 -5.5801 6.9422 6.7258 -6.6977 3.9167 8.6757 -6.702 3.9423
3 16 8.6757 -6.702 3.9423 6.7258 -6.6977 3.9167 6.5191 -7.2361 0.0024
3 16 8.6757 -6.702 3.9423 6.5191 -7.2361 0.0024 9.15 -7.017 0.0158
3 16 6.7113 -6.7215 -3.9351 9.15 -7.017 0.0158 6.5191 -7.2361 0.0024
3 16 6.7113 -6.7215 -3.9351 9.4038 -6.5173 -3.6896 9.15 -7.017 0.0158
3 16 9.1381 -5.4971 -7.1178 9.4038 -6.5173 -3.6896 6.7113 -6.7215 -3.9351
3 16 9.1381 -5.4971 -7.1178 6.7113 -6.7215 -3.9351 6.7315 -5.8899 -7.1075
3 16 7.4956 -3.692 -11.7316 9.1381 -5.4971 -7.1178 6.7315 -5.8899 -7.1075
3 16 7.4956 -3.692 -11.7316 6.7315 -5.8899 -7.1075 5.8325 -4.4091 -10.9773
3 16 7.4956 -3.692 -11.7316 5.8325 -4.4091 -10.9773 4.3425 -2.808 -13.8276
3 16 7.4956 -3.692 -11.7316 4.3425 -2.808 -13.8276 5.5101 -2.1546 -14.4551
3 16 2.3547 -0.08 -17.3341 5.5101 -2.1546 -14.4551 4.3425 -2.808 -13.8276
3 16 2.3547 -0.08 -17.3341 2.3955 0.7097 -18.2008 5.5101 -2.1546 -14.4551
3 16 1.5664 0.214 -17.7541 2.3955 0.7097 -18.2008 2.3547 -0.08 -17.3341
3 16 1.5664 0.214 -17.7541 0.8226 1.3758 -19.6955 2.3955 0.7097 -18.2008
3 16 0.6989 0.2157 -17.6856 0.8226 1.3758 -19.6955 1.5664 0.214 -17.7541
3 16 0.6989 0.2157 -17.6856 0.2626 1.4281 -19.6071 0.8226 1.3758 -19.6955
3 16 11.2145 -2.5806 -6.7854 10.8219 -3.7841 -6.9575 8.9048 -1.8987 -10.7606
3 16 10.8219 -3.7841 -6.9575 11.2145 -2.5806 -6.7854 12.2652 -3.1543 -3.2723
3 16 10.8219 -3.7841 -6.9575 12.2652 -3.1543 -3.2723 11.7245 -5.01 -3.5469
3 16 12.2652 -3.1543 -3.2723 11.8698 -5.358 0.1682 11.7245 -5.01 -3.5469
3 16 12.2652 -3.1543 -3.2723 12.6683 -3.4306 0.3402 11.8698 -5.358 0.1682
3 16 12.6683 -3.4306 0.3402 11.4682 -5.0156 3.9971 11.8698 -5.358 0.1682
3 16 12.6683 -3.4306 0.3402 12.2787 -3.0724 3.9781 11.4682 -5.0156 3.9971
3 16 12.2787 -3.0724 3.9781 10.6713 -4.2624 6.9812 11.4682 -5.0156 3.9971
3 16 12.2787 -3.0724 3.9781 11.3473 -2.1126 6.7122 10.6713 -4.2624 6.9812
3 16 11.3473 -2.1126 6.7122 9.2511 -2.8333 10.2039 10.6713 -4.2624 6.9812
3 16 11.3473 -2.1126 6.7122 9.9666 -0.517 9.6353 9.2511 -2.8333 10.2039
3 16 9.2511 -2.8333 10.2039 9.9666 -0.517 9.6353 8.2092 1.0162 11.7706
3 16 9.2511 -2.8333 10.2039 8.2092 1.0162 11.7706 6.7863 -0.356 12.7374
3 16 8.2092 1.0162 11.7706 5.172 1.2727 13.5211 6.7863 -0.356 12.7374
3 16 3.4991 -8.1502 4.7205 2.9577 -9.171 1.6168 3.4881 -8.6477 1.1484
3 16 3.4881 -8.6477 1.1484 2.9577 -9.171 1.6168 2.9018 -9.226 -3.4587
3 16 3.4881 -8.6477 1.1484 2.9018 -9.226 -3.4587 3.4698 -8.5431 -3.3629
3 16 2.8036 -8.1787 -7.188 3.4698 -8.5431 -3.3629 2.9018 -9.226 -3.4587
3 16 2.8036 -8.1787 -7.188 3.3654 -7.5562 -7.1456 3.4698 -8.5431 -3.3629
3 16 2.279 -6.5624 -10.7318 3.3654 -7.5562 -7.1456 2.8036 -8.1787 -7.188
3 16 2.279 -6.5624 -10.7318 2.9171 -6.0041 -10.6578 3.3654 -7.5562 -7.1456
3 16 2.9171 -6.0041 -10.6578 2.279 -6.5624 -10.7318 1.5502 -4.8247 -13.2328
3 16 2.9171 -6.0041 -10.6578 1.5502 -4.8247 -13.2328 2.0351 -4.3037 -13.3962
3 16 2.0351 -4.3037 -13.3962 1.5502 -4.8247 -13.2328 1.5123 -1.8463 -16.6926
3 16 -10.062 1.8245 10.2668 -11.5555 2.886 8.9919 -12.5687 0.7999 8.4349
3 16 -10.062 1.8245 10.2668 -12.5687 0.7999 8.4349 -9.6891 -0.0467 10.6468
3 16 -7.2822 1.4316 12.1465 -10.062 1.8245 10.2668 -9.6891 -0.0467 10.6468
3 16 -9.6891 -0.0467 10.6468 -12.5687 0.7999 8.4349 -11.1524 -0.4599 9.1928
3 16 -12.5687 0.7999 8.4349 -13.1609 -1.1735 6.7521 -11.1524 -0.4599 9.1928
3 16 -7.2822 1.4316 12.1465 -9.6891 -0.0467 10.6468 -7.1702 0.5928 12.3404
3 16 -7.1702 0.5928 12.3404 -4.9476 1.9006 12.8244 -7.2822 1.4316 12.1465
3 16 -7.1702 0.5928 12.3404 -4.6522 0.824 13.1784 -4.9476 1.9006 12.8244
3 16 -4.9476 1.9006 12.8244 -4.6522 0.824 13.1784 -3.4293 0.6047 13.7607
3 16 -4.9476 1.9006 12.8244 -3.4293 0.6047 13.7607 -2.9523 2.6721 13.4896
3 16 -4.6522 0.824 13.1784 -4.7576 -0.0025 13.0804 -3.4293 0.6047 13.7607
3 16 -4.1788 -2.1672 13.162 -3.4293 0.6047 13.7607 -4.7576 -0.0025 13.0804
3 16 -4.1788 -2.1672 13.162 -4.7576 -0.0025 13.0804 -5.4236 -1.4155 12.3282
3 16 -6.5197 -2.9634 10.7124 -4.1788 -2.1672 13.162 -5.4236 -1.4155 12.3282
3 16 -6.5197 -2.9634 10.7124 -5.4109 -5.059 10.8902 -4.1788 -2.1672 13.162
3 16 -6.8627 -4.4747 9.2703 -5.4109 -5.059 10.8902 -6.5197 -2.9634 10.7124
3 16 -6.8627 -4.4747 9.2703 -5.7858 -7.4949 7.2372 -5.4109 -5.059 10.8902
3 16 -6.8627 -4.4747 9.2703 -6.6796 -6.6153 6.5347 -5.7858 -7.4949 7.2372
3 16 -4.8262 -8.9029 1.1525 -5.7858 -7.4949 7.2372 -6.6796 -6.6153 6.5347
3 16 -4.8262 -8.9029 1.1525 -6.6796 -6.6153 6.5347 -5.6253 -8.0843 0.9442
3 16 -3.4644 -8.7646 -4.0049 -4.8262 -8.9029 1.1525 -5.6253 -8.0843 0.9442
3 16 -3.4644 -8.7646 -4.0049 -5.6253 -8.0843 0.9442 -4.1641 -8.1154 -4.1966
3 16 -3.0236 -7.318 -7.6583 -3.4644 -8.7646 -4.0049 -4.1641 -8.1154 -4.1966
3 16 -3.0236 -7.318 -7.6583 -2.3359 -7.9828 -7.7203 -3.4644 -8.7646 -4.0049
3 16 -3.0236 -7.318 -7.6583 -1.4455 -6.6776 -10.9587 -2.3359 -7.9828 -7.7203
3 16 -3.0236 -7.318 -7.6583 -2.1874 -5.9245 -10.8531 -1.4455 -6.6776 -10.9587
3 16 -0.767 -4.8743 -13.6559 -1.4455 -6.6776 -10.9587 -2.1874 -5.9245 -10.8531
3 16 -0.767 -4.8743 -13.6559 -2.1874 -5.9245 -10.8531 -1.4573 -4.1475 -13.5328
3 16 0.4524 -1.7924 -16.6905 -0.767 -4.8743 -13.6559 -1.4573 -4.1475 -13.5328
3 16 0.4524 -1.7924 -16.6905 -1.4573 -4.1475 -13.5328 0.2025 -0.647 -16.9938
3 16 0.2025 -0.647 -16.9938 0.6989 0.2157 -17.6856 0.4524 -1.7924 -16.6905
3 16 -11.1524 -0.4599 9.1928 -13.1609 -1.1735 6.7521 -12.1656 -2.0396 6.1637
3 16 -13.1609 -1.1735 6.7521 -13.542 -2.013 5.2677 -12.1656 -2.0396 6.1637
3 16 -13.542 -2.013 5.2677 -13.1565 -2.9405 1.0868 -12.1656 -2.0396 6.1637
3 16 -13.542 -2.013 5.2677 -13.8769 -2.7533 1.1673 -13.1565 -2.9405 1.0868
3 16 -13.1565 -2.9405 1.0868 -13.8769 -2.7533 1.1673 -13.811 -1.2485 -5.1235
3 16 -13.1565 -2.9405 1.0868 -13.811 -1.2485 -5.1235 -13.2001 -1.4352 -5.207
3 16 -12.7755 1.5411 -9.6106 -13.2001 -1.4352 -5.207 -13.811 -1.2485 -5.1235
3 16 -12.7755 1.5411 -9.6106 -13.811 -1.2485 -5.1235 -13.053 2.0959 -9.2826
3 16 -10.5668 4.5787 -13.6948 -12.7755 1.5411 -9.6106 -13.053 2.0959 -9.2826
3 16 -10.5668 4.5787 -13.6948 -13.053 2.0959 -9.2826 -10.6928 5.8116 -12.9487
3 16 -8.5284 7.3711 -14.6742 -10.5668 4.5787 -13.6948 -10.6928 5.8116 -12.9487
3 16 -8.5284 7.3711 -14.6742 -7.911 6.2018 -15.9258 -10.5668 4.5787 -13.6948
3 16 -5.7932 8.2076 -16.5875 -7.911 6.2018 -15.9258 -8.5284 7.3711 -14.6742
3 16 -5.7932 8.2076 -16.5875 -5.495 7.0482 -17.4184 -7.911 6.2018 -15.9258
3 16 -5.7932 8.2076 -16.5875 -3.8682 7.6463 -18.4663 -5.495 7.0482 -17.4184
3 16 -5.7932 8.2076 -16.5875 -3.1923 9.5363 -17.8954 -3.8682 7.6463 -18.4663
3 16 -2.9726 7.6508 -19.2848 -3.8682 7.6463 -18.4663 -3.1923 9.5363 -17.8954
3 16 -1.3487 10.2877 -18.6277 -2.9726 7.6508 -19.2848 -3.1923 9.5363 -17.8954
3 16 -1.3487 10.2877 -18.6277 -1.8008 7.6708 -20.426 -2.9726 7.6508 -19.2848
3 16 -0.2309 10.3177 -18.9601 -1.8008 7.6708 -20.426 -1.3487 10.2877 -18.6277
3 16 -0.2309 10.3177 -18.9601 0.6446 7.7608 -20.817 -1.8008 7.6708 -20.426
3 16 0.6446 7.7608 -20.817 -0.2309 10.3177 -18.9601 1.1433 10.134 -19.1685
3 16 2.1499 7.7158 -20.14 0.6446 7.7608 -20.817 1.1433 10.134 -19.1685
3 16 2.1499 7.7158 -20.14 1.1433 10.134 -19.1685 3.2754 9.4157 -18.3892
3 16 3.4774 7.4496 -19.0671 2.1499 7.7158 -20.14 3.2754 9.4157 -18.3892
3 16 3.4774 7.4496 -19.0671 3.2754 9.4157 -18.3892 4.7625 8.4566 -17.4238
3 16 4.7625 8.4566 -17.4238 6.1832 5.8542 -16.8742 3.4774 7.4496 -19.0671
3 16 4.7625 8.4566 -17.4238 6.588 7.0347 -16.2279 6.1832 5.8542 -16.8742
3 16 6.588 7.0347 -16.2279 9.2969 3.3945 -14.1169 6.1832 5.8542 -16.8742
3 16 6.588 7.0347 -16.2279 9.852 3.7828 -13.6234 9.2969 3.3945 -14.1169
3 16 9.2969 3.3945 -14.1169 9.852 3.7828 -13.6234 10.7747 2.2675 -12.354
3 16 -13.053 2.0959 -9.2826 -13.811 -1.2485 -5.1235 -13.5354 1.6449 -8.6976
3 16 -13.5354 1.6449 -8.6976 -13.8876 5.1655 -10.271 -13.053 2.0959 -9.2826
3 16 -13.8876 5.1655 -10.271 -10.6928 5.8116 -12.9487 -13.053 2.0959 -9.2826
3 16 -13.8876 5.1655 -10.271 -12.6724 6.9383 -12.7505 -10.6928 5.8116 -12.9487
3 16 -10.6928 5.8116 -12.9487 -12.6724 6.9383 -12.7505 -10.355 9.2899 -15.1864
3 16 -10.6928 5.8116 -12.9487 -10.355 9.2899 -15.1864 -8.5284 7.3711 -14.6742
3 16 -10.355 9.2899 -15.1864 -6.2786 9.5946 -16.2797 -8.5284 7.3711 -14.6742
3 16 -10.355 9.2899 -15.1864 -7.1018 11.3243 -16.6671 -6.2786 9.5946 -16.2797
3 16 -7.1018 11.3243 -16.6671 -4.0587 11.3249 -17.1033 -6.2786 9.5946 -16.2797
3 16 -7.1018 11.3243 -16.6671 -3.7734 13.395 -17.4068 -4.0587 11.3249 -17.1033
3 16 -3.7734 13.395 -17.4068 -1.5141 13.0122 -18.2845 -4.0587 11.3249 -17.1033
3 16 -3.7734 13.395 -17.4068 -1.6496 13.9434 -18.3803 -1.5141 13.0122 -18.2845
3 16 -0.1019 13.8888 -19.0994 -1.5141 13.0122 -18.2845 -1.6496 13.9434 -18.3803
3 16 -3.7734 13.395 -17.4068 -1.825 15.0335 -18.4705 -1.6496 13.9434 -18.3803
3 16 -0.1019 13.8888 -19.0994 -1.6496 13.9434 -18.3803 -0.3276 14.5028 -19.1002
3 16 -0.3276 14.5028 -19.1002 -1.6496 13.9434 -18.3803 -1.825 15.0335 -18.4705
3 16 -0.3276 14.5028 -19.1002 -1.825 15.0335 -18.4705 -0.4899 15.4115 -19.3478
3 16 -8.5284 7.3711 -14.6742 -6.2786 9.5946 -16.2797 -6.1772 8.9764 -16.5234
3 16 -6.2786 9.5946 -16.2797 -3.7517 10.6097 -17.7611 -6.1772 8.9764 -16.5234
3 16 -6.2786 9.5946 -16.2797 -4.0587 11.3249 -17.1033 -3.7517 10.6097 -17.7611
3 16 -1.5141 13.0122 -18.2845 -3.7517 10.6097 -17.7611 -4.0587 11.3249 -17.1033
3 16 -1.5141 13.0122 -18.2845 -1.2559 12.1043 -19.0827 -3.7517 10.6097 -17.7611
3 16 -0.1019 13.8888 -19.0994 -1.2559 12.1043 -19.0827 -1.5141 13.0122 -18.2845
3 16 -0.1019 13.8888 -19.0994 0.073 13.2887 -19.7132 -1.2559 12.1043 -19.0827
3 16 -0.2361 12.2341 -20.1197 -1.2559 12.1043 -19.0827 0.073 13.2887 -19.7132
3 16 -0.2361 12.2341 -20.1197 0.073 13.2887 -19.7132 0.2437 12.8161 -20.2068
3 16 -12.6724 6.9383 -12.7505 -13.8876 5.1655 -10.271 -14.0621 7.3012 -10.5275
3 16 -12.6724 6.9383 -12.7505 -14.0621 7.3012 -10.5275 -13.1236 8.2981 -12.4542
3 16 -10.355 9.2899 -15.1864 -12.6724 6.9383 -12.7505 -13.1236 8.2981 -12.4542
3 16 -10.355 9.2899 -15.1864 -13.1236 8.2981 -12.4542 -10.7033 10.2607 -14.8139
3 16 -7.1018 11.3243 -16.6671 -10.355 9.2899 -15.1864 -10.7033 10.2607 -14.8139
3 16 -7.1018 11.3243 -16.6671 -10.7033 10.2607 -14.8139 -7.2899 12.0994 -16.3989
3 16 -7.2899 12.0994 -16.3989 -3.7734 13.395 -17.4068 -7.1018 11.3243 -16.6671
3 16 -12.9247 9.1691 -11.7691 -13.682 8.106 -10.5603 -14.0751 9.3691 -10.3121
3 16 -12.9247 9.1691 -11.7691 -14.0751 9.3691 -10.3121 -12.7509 10.9686 -12.1333
3 16 -14.0384 11.8632 -9.5985 -12.7509 10.9686 -12.1333 -14.0751 9.3691 -10.3121
3 16 -14.0384 11.8632 -9.5985 -12.7663 12.8965 -11.6209 -12.7509 10.9686 -12.1333
3 16 -10.5615 11.3753 -13.6717 -12.9247 9.1691 -11.7691 -12.7509 10.9686 -12.1333
3 16 -12.7663 12.8965 -11.6209 -9.8738 14.4771 -14.0556 -12.7509 10.9686 -12.1333
3 16 -12.7509 10.9686 -12.1333 -9.8738 14.4771 -14.0556 -10.5615 11.3753 -13.6717
3 16 -7.0867 13.228 -15.0749 -10.5615 11.3753 -13.6717 -9.8738 14.4771 -14.0556
3 16 -5.3953 15.9926 -15.7697 -7.0867 13.228 -15.0749 -9.8738 14.4771 -14.0556
3 16 -5.3953 15.9926 -15.7697 -4.4186 14.4142 -15.9106 -7.0867 13.228 -15.0749
3 16 -4.4186 14.4142 -15.9106 -5.3953 15.9926 -15.7697 -2.3075 17.2219 -16.8891
3 16 -4.4186 14.4142 -15.9106 -2.3075 17.2219 -16.8891 -2.0145 16.4545 -17.0623
3 16 -2.3075 17.2219 -16.8891 -0.3466 17.6782 -17.3591 -2.0145 16.4545 -17.0623
3 16 -0.3466 17.6782 -17.3591 0.7295 17.6149 -17.4989 0.248 16.1225 -19.0941
3 16 -0.3466 17.6782 -17.3591 0.248 16.1225 -19.0941 -0.4899 15.4115 -19.3478
3 16 -2.0145 16.4545 -17.0623 -0.3466 17.6782 -17.3591 -0.4899 15.4115 -19.3478
3 16 -2.0145 16.4545 -17.0623 -0.4899 15.4115 -19.3478 -1.825 15.0335 -18.4705
3 16 -2.0145 16.4545 -17.0623 -1.825 15.0335 -18.4705 -3.7734 13.395 -17.4068
3 16 -2.0145 16.4545 -17.0623 -3.7734 13.395 -17.4068 -4.4186 14.4142 -15.9106
3 16 -7.2899 12.0994 -16.3989 -4.4186 14.4142 -15.9106 -3.7734 13.395 -17.4068
3 16 -7.2899 12.0994 -16.3989 -7.0867 13.228 -15.0749 -4.4186 14.4142 -15.9106
3 16 -7.2899 12.0994 -16.3989 -10.5615 11.3753 -13.6717 -7.0867 13.228 -15.0749
3 16 -7.2899 12.0994 -16.3989 -10.7033 10.2607 -14.8139 -10.5615 11.3753 -13.6717
3 16 -12.9247 9.1691 -11.7691 -10.5615 11.3753 -13.6717 -10.7033 10.2607 -14.8139
3 16 -12.9247 9.1691 -11.7691 -10.7033 10.2607 -14.8139 -13.1236 8.2981 -12.4542
3 16 -13.1236 8.2981 -12.4542 -13.682 8.106 -10.5603 -12.9247 9.1691 -11.7691
3 16 -13.1236 8.2981 -12.4542 -14.0621 7.3012 -10.5275 -13.682 8.106 -10.5603
3 16 -14.0751 9.3691 -10.3121 -13.682 8.106 -10.5603 -14.0621 7.3012 -10.5275
3 16 -0.173 18.1721 -16.9699 0.9136 18.2535 -16.9127 0.7295 17.6149 -17.4989
3 16 -0.173 18.1721 -16.9699 0.7295 17.6149 -17.4989 -0.3466 17.6782 -17.3591
3 16 -2.286 17.7714 -16.6308 -0.173 18.1721 -16.9699 -0.3466 17.6782 -17.3591
3 16 -2.286 17.7714 -16.6308 -0.3466 17.6782 -17.3591 -2.3075 17.2219 -16.8891
3 16 -2.3075 17.2219 -16.8891 -5.2987 16.7272 -15.2258 -2.286 17.7714 -16.6308
3 16 -2.3075 17.2219 -16.8891 -5.3953 15.9926 -15.7697 -5.2987 16.7272 -15.2258
3 16 -5.2987 16.7272 -15.2258 -5.3953 15.9926 -15.7697 -9.8738 14.4771 -14.0556
3 16 -5.2987 16.7272 -15.2258 -9.8738 14.4771 -14.0556 -10.214 15.0714 -12.1555
3 16 -10.214 15.0714 -12.1555 -9.8738 14.4771 -14.0556 -12.7663 12.8965 -11.6209
3 16 -10.214 15.0714 -12.1555 -12.7663 12.8965 -11.6209 -12.4106 13.7296 -10.0244
3 16 -12.4106 13.7296 -10.0244 -12.7663 12.8965 -11.6209 -14.0384 11.8632 -9.5985
3 16 -12.4106 13.7296 -10.0244 -14.0384 11.8632 -9.5985 -13.2704 12.91 -9.0137
3 16 -14.1281 13.5866 -8.2383 -13.2704 12.91 -9.0137 -14.0384 11.8632 -9.5985
3 16 2.3741 -1.6889 -16.6423 2.3547 -0.08 -17.3341 4.3425 -2.808 -13.8276
3 16 2.3741 -1.6889 -16.6423 4.3425 -2.808 -13.8276 3.6362 -3.8911 -14.0071
3 16 5.8325 -4.4091 -10.9773 3.6362 -3.8911 -14.0071 4.3425 -2.808 -13.8276
3 16 5.8325 -4.4091 -10.9773 4.9248 -5.7423 -11.214 3.6362 -3.8911 -14.0071
3 16 6.7315 -5.8899 -7.1075 4.9248 -5.7423 -11.214 5.8325 -4.4091 -10.9773
3 16 6.7315 -5.8899 -7.1075 5.7329 -7.5283 -7.4618 4.9248 -5.7423 -11.214
3 16 6.7113 -6.7215 -3.9351 5.7329 -7.5283 -7.4618 6.7315 -5.8899 -7.1075
3 16 6.7113 -6.7215 -3.9351 5.7719 -8.3357 -4.2189 5.7329 -7.5283 -7.4618
3 16 6.5191 -7.2361 0.0024 5.7719 -8.3357 -4.2189 6.7113 -6.7215 -3.9351
3 16 6.5191 -7.2361 0.0024 5.6645 -8.4939 0.1243 5.7719 -8.3357 -4.2189
3 16 6.7258 -6.6977 3.9167 5.6645 -8.4939 0.1243 6.5191 -7.2361 0.0024
3 16 6.7258 -6.6977 3.9167 5.8501 -8.0158 4.3408 5.6645 -8.4939 0.1243
3 16 6.101 -6.8877 7.4515 5.8501 -8.0158 4.3408 6.7258 -6.6977 3.9167
3 16 6.101 -6.8877 7.4515 6.7258 -6.6977 3.9167 6.9162 -5.6793 7.0057
3 16 6.8704 -3.9357 9.9864 6.101 -6.8877 7.4515 6.9162 -5.6793 7.0057
3 16 6.8704 -3.9357 9.9864 5.976 -4.7835 10.7725 6.101 -6.8877 7.4515
3 16 5.1005 -0.8131 12.9449 5.976 -4.7835 10.7725 6.8704 -3.9357 9.9864
3 16 5.1005 -0.8131 12.9449 3.929 -2.04 13.3669 5.976 -4.7835 10.7725
3 16 2.7064 0.477 14.2259 3.929 -2.04 13.3669 5.1005 -0.8131 12.9449
3 16 2.7064 0.477 14.2259 5.1005 -0.8131 12.9449 4.2047 1.1964 13.7427
3 16 3.8591 2.0478 13.5489 2.7064 0.477 14.2259 4.2047 1.1964 13.7427
3 16 3.8591 2.0478 13.5489 1.9745 3.2621 14.0305 2.7064 0.477 14.2259
3 16 -3.4644 -8.7646 -4.0049 -2.3359 -7.9828 -7.7203 -2.7334 -8.8302 -3.8168
3 16 -3.4644 -8.7646 -4.0049 -2.7334 -8.8302 -3.8168 -3.8502 -8.9243 1.3443
3 16 -3.4644 -8.7646 -4.0049 -3.8502 -8.9243 1.3443 -4.8262 -8.9029 1.1525
3 16 -4.8262 -8.9029 1.1525 -3.8502 -8.9243 1.3443 -4.6295 -7.5955 7.3554
3 16 -4.8262 -8.9029 1.1525 -4.6295 -7.5955 7.3554 -5.7858 -7.4949 7.2372
3 16 -4.6295 -7.5955 7.3554 -5.4109 -5.059 10.8902 -5.7858 -7.4949 7.2372
3 16 -4.6295 -7.5955 7.3554 -4.4306 -5.3132 10.852 -5.4109 -5.059 10.8902
3 16 -4.1788 -2.1672 13.162 -5.4109 -5.059 10.8902 -4.4306 -5.3132 10.852
3 16 -4.1788 -2.1672 13.162 -4.4306 -5.3132 10.852 -3.1052 -2.3766 13.2024
3 16 -3.1052 -2.3766 13.2024 -3.4293 0.6047 13.7607 -4.1788 -2.1672 13.162
3 16 -3.1052 -2.3766 13.2024 -2.4444 0.4522 14.1305 -3.4293 0.6047 13.7607
3 16 -3.4293 0.6047 13.7607 -2.4444 0.4522 14.1305 -2.9523 2.6721 13.4896
3 16 0.073 13.2887 -19.7132 0.5826 12.7306 -20.2287 0.2437 12.8161 -20.2068
3 16 0.073 13.2887 -19.7132 0.7167 13.3974 -19.6688 0.5826 12.7306 -20.2287
3 16 0.7167 13.3974 -19.6688 0.073 13.2887 -19.7132 -0.1019 13.8888 -19.0994
3 16 1.5141 12.9129 -19.8985 0.5826 12.7306 -20.2287 0.7167 13.3974 -19.6688
3 16 1.5141 12.9129 -19.8985 0.9821 12.5605 -20.2705 0.5826 12.7306 -20.2287
3 16 1.5141 12.9129 -19.8985 0.7167 13.3974 -19.6688 1.6747 14.0658 -18.9072
3 16 0.7167 13.3974 -19.6688 -0.1019 13.8888 -19.0994 1.6747 14.0658 -18.9072
3 16 1.5141 12.9129 -19.8985 1.6747 14.0658 -18.9072 2.595 13.4845 -19.1419
3 16 0.939 15.27 -18.8239 1.6747 14.0658 -18.9072 -0.1019 13.8888 -19.0994
3 16 0.939 15.27 -18.8239 -0.1019 13.8888 -19.0994 -0.3276 14.5028 -19.1002
3 16 -0.4899 15.4115 -19.3478 0.939 15.27 -18.8239 -0.3276 14.5028 -19.1002
3 16 -0.4899 15.4115 -19.3478 0.248 16.1225 -19.0941 0.939 15.27 -18.8239
3 16 0.7295 17.6149 -17.4989 0.939 15.27 -18.8239 0.248 16.1225 -19.0941
3 16 3.7736 15.0016 -17.2672 2.595 13.4845 -19.1419 1.6747 14.0658 -18.9072
3 16 3.7736 15.0016 -17.2672 5.5134 13.7192 -17.4277 2.595 13.4845 -19.1419
3 16 2.2219 16.3154 -17.2483 1.6747 14.0658 -18.9072 0.939 15.27 -18.8239
3 16 0.7295 17.6149 -17.4989 2.2219 16.3154 -17.2483 0.939 15.27 -18.8239
3 16 2.2219 16.3154 -17.2483 3.7736 15.0016 -17.2672 1.6747 14.0658 -18.9072
3 16 2.6404 16.807 -16.5983 2.2219 16.3154 -17.2483 0.7295 17.6149 -17.4989
3 16 3.7736 15.0016 -17.2672 2.2219 16.3154 -17.2483 2.6404 16.807 -16.5983
3 16 2.6404 16.807 -16.5983 0.7295 17.6149 -17.4989 0.9136 18.2535 -16.9127
3 16 3.7736 15.0016 -17.2672 2.6404 16.807 -16.5983 4.9636 15.5709 -15.9861
3 16 5.5134 13.7192 -17.4277 3.7736 15.0016 -17.2672 4.9636 15.5709 -15.9861
3 16 5.5134 13.7192 -17.4277 4.9636 15.5709 -15.9861 9.0892 14.3213 -13.9463
3 16 5.5134 13.7192 -17.4277 9.0892 14.3213 -13.9463 9.5827 12.4018 -15.5839
3 16 9.5827 12.4018 -15.5839 9.0892 14.3213 -13.9463 12.2938 11.9956 -11.5899
3 16 9.5827 12.4018 -15.5839 12.2938 11.9956 -11.5899 12.8605 10.0479 -12.519
3 16 12.8605 10.0479 -12.519 12.2938 11.9956 -11.5899 13.5751 10.501 -10.247
3 16 12.8605 10.0479 -12.519 13.5751 10.501 -10.247 14.1834 8.6535 -10.482
3 16 -0.2361 12.2341 -20.1197 -0.4383 11.1641 -19.1767 -1.2559 12.1043 -19.0827
3 16 -0.2361 12.2341 -20.1197 0.0298 11.6886 -20.05 -0.4383 11.1641 -19.1767
3 16 1.3555 11.3928 -19.166 -0.4383 11.1641 -19.1767 0.0298 11.6886 -20.05
3 16 1.1009 11.0635 -19.0497 -0.4383 11.1641 -19.1767 1.3555 11.3928 -19.166
3 16 1.1009 11.0635 -19.0497 1.3555 11.3928 -19.166 3.029 11.6363 -17.9345
3 16 -0.2361 12.2341 -20.1197 0.5826 12.7306 -20.2287 0.0298 11.6886 -20.05
3 16 -0.2361 12.2341 -20.1197 0.2437 12.8161 -20.2068 0.5826 12.7306 -20.2287
3 16 0.8155 11.7814 -20.0679 0.0298 11.6886 -20.05 0.5826 12.7306 -20.2287
3 16 1.3555 11.3928 -19.166 0.0298 11.6886 -20.05 0.8155 11.7814 -20.0679
3 16 0.8155 11.7814 -20.0679 0.5826 12.7306 -20.2287 0.9821 12.5605 -20.2705
3 16 0.8155 11.7814 -20.0679 0.9821 12.5605 -20.2705 1.5141 12.9129 -19.8985
3 16 0.8155 11.7814 -20.0679 1.5141 12.9129 -19.8985 1.3555 11.3928 -19.166
3 16 2.595 13.4845 -19.1419 1.3555 11.3928 -19.166 1.5141 12.9129 -19.8985
3 16 2.595 13.4845 -19.1419 3.029 11.6363 -17.9345 1.3555 11.3928 -19.166
3 16 5.5134 13.7192 -17.4277 3.029 11.6363 -17.9345 2.595 13.4845 -19.1419
3 16 5.5134 13.7192 -17.4277 5.4306 11.4962 -16.5031 3.029 11.6363 -17.9345
3 16 5.5134 13.7192 -17.4277 7.6693 10.7373 -15.4843 5.4306 11.4962 -16.5031
3 16 5.5134 13.7192 -17.4277 9.5827 12.4018 -15.5839 7.6693 10.7373 -15.4843
3 16 9.5827 12.4018 -15.5839 11.5972 8.133 -12.5222 7.6693 10.7373 -15.4843
3 16 9.5827 12.4018 -15.5839 12.8605 10.0479 -12.519 11.5972 8.133 -12.5222
3 16 11.5972 8.133 -12.5222 12.8605 10.0479 -12.519 14.1834 8.6535 -10.482
3 16 11.5972 8.133 -12.5222 14.1834 8.6535 -10.482 12.9767 6.7398 -10.7284
3 16 -1.8008 7.6708 -20.426 0.6446 7.7608 -20.817 -0.9537 6.7976 -20.2008
3 16 0.6446 7.7608 -20.817 1.5566 6.9804 -20.0368 -0.9537 6.7976 -20.2008
3 16 0.6446 7.7608 -20.817 2.1499 7.7158 -20.14 1.5566 6.9804 -20.0368
3 16 2.1499 7.7158 -20.14 3.4774 7.4496 -19.0671 2.3574 6.8112 -19.1869
3 16 2.1499 7.7158 -20.14 2.3574 6.8112 -19.1869 1.5566 6.9804 -20.0368
3 16 1.5566 6.9804 -20.0368 2.3574 6.8112 -19.1869 -1.1703 6.5554 -19.1718
3 16 1.5566 6.9804 -20.0368 -1.1703 6.5554 -19.1718 -0.9537 6.7976 -20.2008
3 16 -1.1703 6.5554 -19.1718 -1.8008 7.6708 -20.426 -0.9537 6.7976 -20.2008
3 16 -1.1703 6.5554 -19.1718 -2.9726 7.6508 -19.2848 -1.8008 7.6708 -20.426
3 16 3.5368 10.0071 -18.3669 3.2754 9.4157 -18.3892 1.1433 10.134 -19.1685
3 16 3.5368 10.0071 -18.3669 4.7625 8.4566 -17.4238 3.2754 9.4157 -18.3892
3 16 3.5368 10.0071 -18.3669 6.0429 9.4469 -17.1939 4.7625 8.4566 -17.4238
3 16 6.588 7.0347 -16.2279 4.7625 8.4566 -17.4238 6.0429 9.4469 -17.1939
3 16 6.588 7.0347 -16.2279 6.0429 9.4469 -17.1939 7.6597 8.1737 -16.5202
3 16 7.6597 8.1737 -16.5202 9.852 3.7828 -13.6234 6.588 7.0347 -16.2279
3 16 7.6597 8.1737 -16.5202 11.1261 4.5619 -13.7545 9.852 3.7828 -13.6234
3 16 10.7747 2.2675 -12.354 9.852 3.7828 -13.6234 11.1261 4.5619 -13.7545
3 16 10.7747 2.2675 -12.354 11.1261 4.5619 -13.7545 12.4525 2.5985 -11.5134
3 16 12.4525 2.5985 -11.5134 13.6372 0.1982 -7.5955 10.7747 2.2675 -12.354
3 16 -1.1703 6.5554 -19.1718 1.3446 5.832 -18.7598 -1.555 5.6162 -18.3623
3 16 -1.1703 6.5554 -19.1718 2.3574 6.8112 -19.1869 1.3446 5.832 -18.7598
3 16 2.3574 6.8112 -19.1869 3.9767 5.2755 -17.4885 1.3446 5.832 -18.7598
3 16 2.3574 6.8112 -19.1869 6.1832 5.8542 -16.8742 3.9767 5.2755 -17.4885
3 16 2.3574 6.8112 -19.1869 3.4774 7.4496 -19.0671 6.1832 5.8542 -16.8742
3 16 6.1832 5.8542 -16.8742 8.5426 2.9008 -14.4293 3.9767 5.2755 -17.4885
3 16 6.1832 5.8542 -16.8742 9.2969 3.3945 -14.1169 8.5426 2.9008 -14.4293
3 16 9.2969 3.3945 -14.1169 10.7747 2.2675 -12.354 8.5426 2.9008 -14.4293
3 16 3.9767 5.2755 -17.4885 2.2048 3.6652 -19.4074 1.3446 5.832 -18.7598
3 16 3.9767 5.2755 -17.4885 3.948 3.4889 -18.0076 2.2048 3.6652 -19.4074
3 16 8.5426 2.9008 -14.4293 3.948 3.4889 -18.0076 3.9767 5.2755 -17.4885
3 16 8.5426 2.9008 -14.4293 8.2557 1.3091 -14.6881 3.948 3.4889 -18.0076
3 16 10.7747 2.2675 -12.354 8.2557 1.3091 -14.6881 8.5426 2.9008 -14.4293
3 16 10.7747 2.2675 -12.354 10.3499 -0.0896 -12.6579 8.2557 1.3091 -14.6881
3 16 10.3499 -0.0896 -12.6579 10.7747 2.2675 -12.354 13.6372 0.1982 -7.5955
3 16 10.3499 -0.0896 -12.6579 13.6372 0.1982 -7.5955 12.7143 -1.9883 -7.2109
3 16 12.7143 -1.9883 -7.2109 13.6372 0.1982 -7.5955 13.8428 -1.7664 -4.286
3 16 12.7143 -1.9883 -7.2109 13.8428 -1.7664 -4.286 13.3438 -2.6477 -3.2762
3 16 13.3438 -2.6477 -3.2762 13.8428 -1.7664 -4.286 13.8888 -2.7974 0.294
3 16 13.3438 -2.6477 -3.2762 13.8888 -2.7974 0.294 13.3966 -3.0121 0.2745
3 16 12.9852 -2.6712 4.0008 13.3966 -3.0121 0.2745 13.8888 -2.7974 0.294
3 16 12.9852 -2.6712 4.0008 13.8888 -2.7974 0.294 13.6864 -2.457 4.0857
3 16 12.9852 -2.6712 4.0008 13.6864 -2.457 4.0857 13.1609 -1.1735 6.7521
3 16 12.9852 -2.6712 4.0008 13.1609 -1.1735 6.7521 12.1402 -1.5481 6.7312
3 16 12.1402 -1.5481 6.7312 13.1609 -1.1735 6.7521 12.5215 0.6461 8.415
3 16 12.1402 -1.5481 6.7312 12.5215 0.6461 8.415 11.3746 0.2636 9.0828
3 16 11.6389 2.8094 8.9044 11.3746 0.2636 9.0828 12.5215 0.6461 8.415
3 16 11.6389 2.8094 8.9044 9.8169 1.1922 10.6867 11.3746 0.2636 9.0828
3 16 7.8609 8.9304 -16.3503 7.6597 8.1737 -16.5202 6.0429 9.4469 -17.1939
3 16 11.9479 6.3777 -13.084 7.6597 8.1737 -16.5202 7.8609 8.9304 -16.3503
3 16 11.9479 6.3777 -13.084 11.1261 4.5619 -13.7545 7.6597 8.1737 -16.5202
3 16 11.1261 4.5619 -13.7545 11.9479 6.3777 -13.084 12.4525 2.5985 -11.5134
3 16 13.6954 4.5902 -10.2591 12.4525 2.5985 -11.5134 11.9479 6.3777 -13.084
3 16 13.6954 4.5902 -10.2591 13.6372 0.1982 -7.5955 12.4525 2.5985 -11.5134
3 16 2.2048 3.6652 -19.4074 3.0345 2.4028 -17.7899 0.5412 2.9053 -19.9806
3 16 2.2048 3.6652 -19.4074 3.948 3.4889 -18.0076 3.0345 2.4028 -17.7899
3 16 3.948 3.4889 -18.0076 6.3431 0.0668 -13.6683 3.0345 2.4028 -17.7899
3 16 3.948 3.4889 -18.0076 8.2557 1.3091 -14.6881 6.3431 0.0668 -13.6683
3 16 10.3499 -0.0896 -12.6579 6.3431 0.0668 -13.6683 8.2557 1.3091 -14.6881
3 16 10.3499 -0.0896 -12.6579 8.9048 -1.8987 -10.7606 6.3431 0.0668 -13.6683
3 16 8.9048 -1.8987 -10.7606 10.3499 -0.0896 -12.6579 12.7143 -1.9883 -7.2109
3 16 8.9048 -1.8987 -10.7606 12.7143 -1.9883 -7.2109 11.2145 -2.5806 -6.7854
3 16 11.2145 -2.5806 -6.7854 12.7143 -1.9883 -7.2109 13.3438 -2.6477 -3.2762
3 16 11.2145 -2.5806 -6.7854 13.3438 -2.6477 -3.2762 12.2652 -3.1543 -3.2723
3 16 13.3966 -3.0121 0.2745 12.2652 -3.1543 -3.2723 13.3438 -2.6477 -3.2762
3 16 13.3966 -3.0121 0.2745 12.6683 -3.4306 0.3402 12.2652 -3.1543 -3.2723
3 16 12.9852 -2.6712 4.0008 12.6683 -3.4306 0.3402 13.3966 -3.0121 0.2745
3 16 12.9852 -2.6712 4.0008 12.2787 -3.0724 3.9781 12.6683 -3.4306 0.3402
3 16 12.2787 -3.0724 3.9781 12.9852 -2.6712 4.0008 12.1402 -1.5481 6.7312
3 16 12.2787 -3.0724 3.9781 12.1402 -1.5481 6.7312 11.3473 -2.1126 6.7122
3 16 11.3473 -2.1126 6.7122 12.1402 -1.5481 6.7312 11.3746 0.2636 9.0828
3 16 11.3473 -2.1126 6.7122 11.3746 0.2636 9.0828 9.9666 -0.517 9.6353
3 16 9.9666 -0.517 9.6353 11.3746 0.2636 9.0828 9.8169 1.1922 10.6867
3 16 9.9666 -0.517 9.6353 9.8169 1.1922 10.6867 8.2092 1.0162 11.7706
3 16 -13.1248 14.7316 -9.6437 -13.2704 12.91 -9.0137 -14.1281 13.5866 -8.2383
3 16 -13.1248 14.7316 -9.6437 -12.4106 13.7296 -10.0244 -13.2704 12.91 -9.0137
3 16 -10.6351 16.3133 -12.0706 -12.4106 13.7296 -10.0244 -13.1248 14.7316 -9.6437
3 16 -10.6351 16.3133 -12.0706 -10.214 15.0714 -12.1555 -12.4106 13.7296 -10.0244
3 16 -5.7616 18.1204 -15.1365 -10.214 15.0714 -12.1555 -10.6351 16.3133 -12.0706
3 16 -5.7616 18.1204 -15.1365 -5.2987 16.7272 -15.2258 -10.214 15.0714 -12.1555
3 16 -5.2987 16.7272 -15.2258 -5.7616 18.1204 -15.1365 -3.614 19.0471 -16.1344
3 16 -5.2987 16.7272 -15.2258 -3.614 19.0471 -16.1344 -2.286 17.7714 -16.6308
3 16 -1.8963 19.3547 -16.649 -2.286 17.7714 -16.6308 -3.614 19.0471 -16.1344
3 16 -1.8963 19.3547 -16.649 -0.173 18.1721 -16.9699 -2.286 17.7714 -16.6308
3 16 -1.8963 19.3547 -16.649 0.7529 19.6655 -16.7617 -0.173 18.1721 -16.9699
3 16 0.7529 19.6655 -16.7617 0.9136 18.2535 -16.9127 -0.173 18.1721 -16.9699
3 16 0.7529 19.6655 -16.7617 2.9073 19.1548 -16.5975 0.9136 18.2535 -16.9127
3 16 0.7529 19.6655 -16.7617 2.2103 19.9601 -16.6798 2.9073 19.1548 -16.5975
3 16 2.9073 19.1548 -16.5975 2.6404 16.807 -16.5983 0.9136 18.2535 -16.9127
3 16 2.9073 19.1548 -16.5975 4.3069 18.0992 -16.3231 2.6404 16.807 -16.5983
3 16 4.3069 18.0992 -16.3231 4.9636 15.5709 -15.9861 2.6404 16.807 -16.5983
3 16 4.3069 18.0992 -16.3231 8.9657 16.0165 -14.0346 4.9636 15.5709 -15.9861
3 16 4.9636 15.5709 -15.9861 8.9657 16.0165 -14.0346 9.0892 14.3213 -13.9463
3 16 12.9177 13.8985 -11.2793 9.0892 14.3213 -13.9463 8.9657 16.0165 -14.0346
3 16 12.9177 13.8985 -11.2793 12.2938 11.9956 -11.5899 9.0892 14.3213 -13.9463
3 16 12.2938 11.9956 -11.5899 12.9177 13.8985 -11.2793 14.505 11.8257 -9.3964
3 16 12.2938 11.9956 -11.5899 14.505 11.8257 -9.3964 13.5751 10.501 -10.247
3 16 3.0518 19.8632 -16.008 2.9073 19.1548 -16.5975 2.2103 19.9601 -16.6798
3 16 4.5493 19.0016 -15.2098 2.9073 19.1548 -16.5975 3.0518 19.8632 -16.008
3 16 4.5493 19.0016 -15.2098 4.3069 18.0992 -16.3231 2.9073 19.1548 -16.5975
3 16 4.5493 19.0016 -15.2098 8.9657 16.0165 -14.0346 4.3069 18.0992 -16.3231
3 16 4.5493 19.0016 -15.2098 8.8686 17.0991 -12.955 8.9657 16.0165 -14.0346
3 16 12.9177 13.8985 -11.2793 8.9657 16.0165 -14.0346 8.8686 17.0991 -12.955
3 16 12.9177 13.8985 -11.2793 8.8686 17.0991 -12.955 12.741 14.8679 -10.0419
3 16 12.9177 13.8985 -11.2793 12.741 14.8679 -10.0419 14.3836 13.0909 -8.5783
3 16 12.9177 13.8985 -11.2793 14.3836 13.0909 -8.5783 14.505 11.8257 -9.3964
3 16 12.3604 4.1673 8.2012 14.2686 2.6798 7.1323 12.7367 6.2664 7.7057
3 16 11.6389 2.8094 8.9044 14.2686 2.6798 7.1323 12.3604 4.1673 8.2012
3 16 11.6389 2.8094 8.9044 12.5215 0.6461 8.415 14.2686 2.6798 7.1323
3 16 12.5215 0.6461 8.415 15.6817 0.4788 6.3201 14.2686 2.6798 7.1323
3 16 12.5215 0.6461 8.415 14.0929 -1.4384 6.7872 15.6817 0.4788 6.3201
3 16 14.0929 -1.4384 6.7872 18.0644 -2.1896 4.4053 15.6817 0.4788 6.3201
3 16 14.0929 -1.4384 6.7872 16.6991 -3.9706 4.4915 18.0644 -2.1896 4.4053
3 16 16.6991 -3.9706 4.4915 20.9587 -4.5084 2.1717 18.0644 -2.1896 4.4053
3 16 16.6991 -3.9706 4.4915 19.7565 -6.209 1.9815 20.9587 -4.5084 2.1717
3 16 19.7565 -6.209 1.9815 23.5791 -5.4584 0.2055 20.9587 -4.5084 2.1717
3 16 19.7565 -6.209 1.9815 22.71 -7.6565 -0.2229 23.5791 -5.4584 0.2055
3 16 25.6663 -5.4483 -1.5394 23.5791 -5.4584 0.2055 22.71 -7.6565 -0.2229
3 16 25.6663 -5.4483 -1.5394 22.71 -7.6565 -0.2229 25.5602 -7.7099 -2.7615
3 16 26.3748 -5.9299 -4.5144 25.6663 -5.4483 -1.5394 25.5602 -7.7099 -2.7615
3 16 26.3748 -5.9299 -4.5144 26.1581 -3.905 -3.0857 25.6663 -5.4483 -1.5394
3 16 26.1581 -3.905 -3.0857 26.3748 -5.9299 -4.5144 26.5875 -3.0191 -6.3452
3 16 26.1581 -3.905 -3.0857 26.5875 -3.0191 -6.3452 26.224 -1.4001 -4.7721
3 16 26.224 -1.4001 -4.7721 26.5875 -3.0191 -6.3452 26.3199 0.8523 -8.0758
3 16 26.224 -1.4001 -4.7721 26.3199 0.8523 -8.0758 25.8713 1.6774 -5.8563
3 16 25.8713 1.6774 -5.8563 26.3199 0.8523 -8.0758 24.8966 6.3841 -8.8375
3 16 25.8713 1.6774 -5.8563 24.8966 6.3841 -8.8375 24.8572 6.4117 -6.2787
3 16 24.8572 6.4117 -6.2787 24.8966 6.3841 -8.8375 22.4993 11.3497 -7.4838
3 16 24.8572 6.4117 -6.2787 22.4993 11.3497 -7.4838 22.9406 10.7158 -5.5952
3 16 20.7617 13.4338 -4.4869 22.9406 10.7158 -5.5952 22.4993 11.3497 -7.4838
3 16 20.7617 13.4338 -4.4869 22.4993 11.3497 -7.4838 20.1663 13.7673 -5.9864
3 16 20.7617 13.4338 -4.4869 20.1663 13.7673 -5.9864 17.4359 15.8238 -4.1395
3 16 20.7617 13.4338 -4.4869 17.4359 15.8238 -4.1395 18.1472 15.1826 -2.6894
3 16 18.1472 15.1826 -2.6894 17.4359 15.8238 -4.1395 14.5061 17.263 -2.5166
3 16 18.1472 15.1826 -2.6894 14.5061 17.263 -2.5166 15.529 15.7859 -0.2678
3 16 -14.6143 17.2325 -2.5349 -18.1472 15.1826 -2.6894 -15.529 15.7859 -0.2678
3 16 -14.6143 17.2325 -2.5349 -17.4359 15.8238 -4.1395 -18.1472 15.1826 -2.6894
3 16 -17.4359 15.8238 -4.1395 -20.7617 13.4338 -4.4869 -18.1472 15.1826 -2.6894
3 16 -17.4359 15.8238 -4.1395 -20.1663 13.7673 -5.9864 -20.7617 13.4338 -4.4869
3 16 -20.7617 13.4338 -4.4869 -20.1663 13.7673 -5.9864 -22.4993 11.3497 -7.4838
3 16 -20.7617 13.4338 -4.4869 -22.4993 11.3497 -7.4838 -22.9406 10.7158 -5.5952
3 16 -24.8572 6.4117 -6.2787 -22.9406 10.7158 -5.5952 -22.4993 11.3497 -7.4838
3 16 -24.8572 6.4117 -6.2787 -22.4993 11.3497 -7.4838 -24.8966 6.3841 -8.8375
3 16 -26.0477 0.1387 -5.3142 -24.8572 6.4117 -6.2787 -24.8966 6.3841 -8.8375
3 16 -26.0477 0.1387 -5.3142 -24.8966 6.3841 -8.8375 -26.4537 -1.0834 -7.2105
3 16 -26.1581 -3.905 -3.0857 -26.0477 0.1387 -5.3142 -26.4537 -1.0834 -7.2105
3 16 -26.1581 -3.905 -3.0857 -26.4537 -1.0834 -7.2105 -26.3748 -5.9299 -4.5144
3 16 -25.6663 -5.4483 -1.5394 -26.1581 -3.905 -3.0857 -26.3748 -5.9299 -4.5144
3 16 -25.6663 -5.4483 -1.5394 -26.3748 -5.9299 -4.5144 -25.5602 -7.7099 -2.7615
3 16 -22.71 -7.6565 -0.2229 -25.6663 -5.4483 -1.5394 -25.5602 -7.7099 -2.7615
3 16 -22.71 -7.6565 -0.2229 -23.5791 -5.4584 0.2055 -25.6663 -5.4483 -1.5394
3 16 -20.9587 -4.5084 2.1717 -23.5791 -5.4584 0.2055 -22.71 -7.6565 -0.2229
3 16 -20.9587 -4.5084 2.1717 -22.71 -7.6565 -0.2229 -19.7051 -6.1754 2.0226
3 16 -20.9587 -4.5084 2.1717 -19.7051 -6.1754 2.0226 -16.6991 -3.9706 4.4915
3 16 -20.9587 -4.5084 2.1717 -16.6991 -3.9706 4.4915 -18.0644 -2.1896 4.4053
3 16 -18.0644 -2.1896 4.4053 -16.6991 -3.9706 4.4915 -14.0929 -1.4384 6.7872
3 16 -18.0644 -2.1896 4.4053 -14.0929 -1.4384 6.7872 -15.6817 0.4788 6.3201
3 16 -15.6817 0.4788 6.3201 -14.0929 -1.4384 6.7872 -12.5687 0.7999 8.4349
3 16 -15.6817 0.4788 6.3201 -12.5687 0.7999 8.4349 -14.2686 2.6798 7.1323
3 16 -11.5555 2.886 8.9919 -14.2686 2.6798 7.1323 -12.5687 0.7999 8.4349
3 16 -11.5555 2.886 8.9919 -12.3893 4.1237 8.1917 -14.2686 2.6798 7.1323
3 16 -12.7367 6.2664 7.7057 -14.2686 2.6798 7.1323 -12.3893 4.1237 8.1917
3 16 -13.3103 16.0156 -0.256 -14.6143 17.2325 -2.5349 -15.529 15.7859 -0.2678
3 16 -13.3103 16.0156 -0.256 -13.1743 17.108 -1.9289 -14.6143 17.2325 -2.5349
3 16 13.3103 16.0156 -0.256 14.5061 17.263 -2.5166 13.1841 17.1037 -1.8804
3 16 13.3103 16.0156 -0.256 15.529 15.7859 -0.2678 14.5061 17.263 -2.5166
3 16 -13.1882 12.5438 0.1797 -13.3103 16.0156 -0.256 -15.529 15.7859 -0.2678
3 16 -13.1882 12.5438 0.1797 -15.529 15.7859 -0.2678 -15.1925 12.4461 0.6103
3 16 -13.0789 10.4699 1.7931 -13.1882 12.5438 0.1797 -15.1925 12.4461 0.6103
3 16 -13.0789 10.4699 1.7931 -15.1925 12.4461 0.6103 -14.4299 10.3187 2.6986
3 16 -11.7746 9.9791 5.983 -13.0789 10.4699 1.7931 -14.4299 10.3187 2.6986
3 16 -11.7746 9.9791 5.983 -14.4299 10.3187 2.6986 -13.092 9.7386 6.2959
3 16 -11.7746 9.9791 5.983 -13.092 9.7386 6.2959 -12.6788 8.3236 7.4668
3 16 -11.7746 9.9791 5.983 -12.6788 8.3236 7.4668 -11.0606 8.2291 7.2486
3 16 -11.0126 6.4612 7.3872 -11.0606 8.2291 7.2486 -12.6788 8.3236 7.4668
3 16 -11.0126 6.4612 7.3872 -12.6788 8.3236 7.4668 -12.7367 6.2664 7.7057
3 16 -12.7367 6.2664 7.7057 -10.7102 4.7661 7.6865 -11.0126 6.4612 7.3872
3 16 -12.7367 6.2664 7.7057 -12.3893 4.1237 8.1917 -10.7102 4.7661 7.6865
3 16 -10.1039 3.8125 8.2243 -10.7102 4.7661 7.6865 -12.3893 4.1237 8.1917
3 16 -10.1039 3.8125 8.2243 -12.3893 4.1237 8.1917 -11.5555 2.886 8.9919
3 16 -11.5555 2.886 8.9919 -8.9425 2.9665 9.0608 -10.1039 3.8125 8.2243
3 16 -11.5555 2.886 8.9919 -10.062 1.8245 10.2668 -8.9425 2.9665 9.0608
3 16 -6.8965 2.491 10.4261 -8.9425 2.9665 9.0608 -10.062 1.8245 10.2668
3 16 -6.8965 2.491 10.4261 -10.062 1.8245 10.2668 -7.2822 1.4316 12.1465
3 16 -7.2822 1.4316 12.1465 -4.9476 1.9006 12.8244 -6.8965 2.491 10.4261
3 16 -3.4037 2.9344 12.2778 -6.8965 2.491 10.4261 -4.9476 1.9006 12.8244
3 16 -3.4037 2.9344 12.2778 -4.9476 1.9006 12.8244 -2.9523 2.6721 13.4896
3 16 -1.1801 4.2827 13.071 -3.4037 2.9344 12.2778 -2.9523 2.6721 13.4896
3 16 -1.1801 4.2827 13.071 -2.9523 2.6721 13.4896 -1.3436 3.8126 13.6013
3 16 -1.1801 4.2827 13.071 -1.3436 3.8126 13.6013 -0.3565 3.9293 14.0453
3 16 -0.3565 3.9293 14.0453 0.1304 4.6153 13.2204 -1.1801 4.2827 13.071
3 16 0.1304 4.6153 13.2204 -0.3565 3.9293 14.0453 0.5361 3.9744 14.0971
3 16 0.5361 3.9744 14.0971 1.6519 4.1172 12.9904 0.1304 4.6153 13.2204
3 16 0.5361 3.9744 14.0971 1.9745 3.2621 14.0305 1.6519 4.1172 12.9904
3 16 1.9745 3.2621 14.0305 3.9826 2.793 12.0248 1.6519 4.1172 12.9904
3 16 1.9745 3.2621 14.0305 3.8591 2.0478 13.5489 3.9826 2.793 12.0248
3 16 3.9826 2.793 12.0248 3.8591 2.0478 13.5489 5.172 1.2727 13.5211
3 16 8.2092 1.0162 11.7706 3.9826 2.793 12.0248 5.172 1.2727 13.5211
3 16 8.2092 1.0162 11.7706 7.8654 2.4353 9.6625 3.9826 2.793 12.0248
3 16 8.2092 1.0162 11.7706 9.8169 1.1922 10.6867 7.8654 2.4353 9.6625
3 16 10.1713 3.6059 8.0714 7.8654 2.4353 9.6625 9.8169 1.1922 10.6867
3 16 10.1713 3.6059 8.0714 9.8169 1.1922 10.6867 11.6389 2.8094 8.9044
3 16 10.1713 3.6059 8.0714 11.6389 2.8094 8.9044 12.3604 4.1673 8.2012
3 16 10.1713 3.6059 8.0714 12.3604 4.1673 8.2012 10.7426 4.7608 7.7157
3 16 10.7426 4.7608 7.7157 12.3604 4.1673 8.2012 12.7367 6.2664 7.7057
3 16 10.7426 4.7608 7.7157 12.7367 6.2664 7.7057 11.0126 6.4612 7.3872
3 16 12.6787 8.141 7.496 11.0126 6.4612 7.3872 12.7367 6.2664 7.7057
3 16 12.6787 8.141 7.496 11.0606 8.2291 7.2486 11.0126 6.4612 7.3872
3 16 12.6787 8.141 7.496 11.4942 9.7642 6.4486 11.0606 8.2291 7.2486
3 16 12.6787 8.141 7.496 12.9836 9.5261 6.7195 11.4942 9.7642 6.4486
3 16 12.9836 9.5261 6.7195 12.4018 10.2362 4.6051 11.4942 9.7642 6.4486
3 16 12.9836 9.5261 6.7195 13.4898 10.0111 5.143 12.4018 10.2362 4.6051
3 16 14.4299 10.3187 2.6986 12.4018 10.2362 4.6051 13.4898 10.0111 5.143
3 16 14.4299 10.3187 2.6986 13.0634 10.4388 2.2186 12.4018 10.2362 4.6051
3 16 15.1925 12.4461 0.6103 13.0634 10.4388 2.2186 14.4299 10.3187 2.6986
3 16 15.1925 12.4461 0.6103 13.2113 12.5557 0.3117 13.0634 10.4388 2.2186
3 16 15.529 15.7859 -0.2678 13.2113 12.5557 0.3117 15.1925 12.4461 0.6103
3 16 15.529 15.7859 -0.2678 13.3103 16.0156 -0.256 13.2113 12.5557 0.3117
3 16 -15.1925 12.4461 0.6103 -15.529 15.7859 -0.2678 -18.1472 15.1826 -2.6894
3 16 -15.1925 12.4461 0.6103 -18.1472 15.1826 -2.6894 -18.746 9.2788 -2.5028
3 16 -20.7617 13.4338 -4.4869 -18.746 9.2788 -2.5028 -18.1472 15.1826 -2.6894
3 16 -20.7617 13.4338 -4.4869 -22.9406 10.7158 -5.5952 -18.746 9.2788 -2.5028
3 16 -18.746 9.2788 -2.5028 -22.9406 10.7158 -5.5952 -24.8572 6.4117 -6.2787
3 16 -16.6205 6.6346 0.3571 -15.1925 12.4461 0.6103 -18.746 9.2788 -2.5028
3 16 -16.6205 6.6346 0.3571 -14.4299 10.3187 2.6986 -15.1925 12.4461 0.6103
3 16 -14.4299 10.3187 2.6986 -16.6205 6.6346 0.3571 -15.4511 4.7447 3.6501
3 16 -14.4299 10.3187 2.6986 -15.4511 4.7447 3.6501 -13.092 9.7386 6.2959
3 16 -12.6788 8.3236 7.4668 -13.092 9.7386 6.2959 -15.4511 4.7447 3.6501
3 16 -12.7367 6.2664 7.7057 -12.6788 8.3236 7.4668 -15.4511 4.7447 3.6501
3 16 -12.7367 6.2664 7.7057 -15.4511 4.7447 3.6501 -14.2686 2.6798 7.1323
3 16 -15.6817 0.4788 6.3201 -14.2686 2.6798 7.1323 -15.4511 4.7447 3.6501
3 16 -19.5121 -0.7604 0.2497 -15.6817 0.4788 6.3201 -15.4511 4.7447 3.6501
3 16 -16.6205 6.6346 0.3571 -19.5121 -0.7604 0.2497 -15.4511 4.7447 3.6501
3 16 -19.5121 -0.7604 0.2497 -18.0644 -2.1896 4.4053 -15.6817 0.4788 6.3201
3 16 -20.9587 -4.5084 2.1717 -18.0644 -2.1896 4.4053 -19.5121 -0.7604 0.2497
3 16 -20.9587 -4.5084 2.1717 -19.5121 -0.7604 0.2497 -23.1705 -2.3797 -2.46
3 16 -20.9587 -4.5084 2.1717 -23.1705 -2.3797 -2.46 -23.5791 -5.4584 0.2055
3 16 -25.6663 -5.4483 -1.5394 -23.5791 -5.4584 0.2055 -23.1705 -2.3797 -2.46
3 16 -25.6663 -5.4483 -1.5394 -23.1705 -2.3797 -2.46 -26.1581 -3.905 -3.0857
3 16 -26.0477 0.1387 -5.3142 -26.1581 -3.905 -3.0857 -23.1705 -2.3797 -2.46
3 16 -16.6205 6.6346 0.3571 -20.0926 1.5879 -2.2687 -19.5121 -0.7604 0.2497
3 16 -20.0926 1.5879 -2.2687 -23.1705 -2.3797 -2.46 -19.5121 -0.7604 0.2497
3 16 -20.0926 1.5879 -2.2687 -16.6205 6.6346 0.3571 -18.746 9.2788 -2.5028
3 16 -26.0477 0.1387 -5.3142 -23.1705 -2.3797 -2.46 -22.2964 2.8068 -4.2675
3 16 -20.0926 1.5879 -2.2687 -22.2964 2.8068 -4.2675 -23.1705 -2.3797 -2.46
3 16 -20.0926 1.5879 -2.2687 -18.746 9.2788 -2.5028 -22.2964 2.8068 -4.2675
3 16 -24.8572 6.4117 -6.2787 -26.0477 0.1387 -5.3142 -22.2964 2.8068 -4.2675
3 16 -18.746 9.2788 -2.5028 -24.8572 6.4117 -6.2787 -22.2964 2.8068 -4.2675
3 16 18.1472 15.1826 -2.6894 15.529 15.7859 -0.2678 15.1925 12.4461 0.6103
3 16 18.1472 15.1826 -2.6894 15.1925 12.4461 0.6103 17.9928 10.2228 -1.9312
3 16 18.1472 15.1826 -2.6894 17.9928 10.2228 -1.9312 20.7617 13.4338 -4.4869
3 16 22.9406 10.7158 -5.5952 20.7617 13.4338 -4.4869 17.9928 10.2228 -1.9312
3 16 15.1925 12.4461 0.6103 16.0497 7.5778 0.9505 17.9928 10.2228 -1.9312
3 16 15.1925 12.4461 0.6103 14.4299 10.3187 2.6986 16.0497 7.5778 0.9505
3 16 14.9095 6.0958 4.0861 16.0497 7.5778 0.9505 14.4299 10.3187 2.6986
3 16 14.9095 6.0958 4.0861 14.4299 10.3187 2.6986 13.4898 10.0111 5.143
3 16 14.9095 6.0958 4.0861 13.4898 10.0111 5.143 12.9836 9.5261 6.7195
3 16 14.9095 6.0958 4.0861 12.9836 9.5261 6.7195 12.6787 8.141 7.496
3 16 12.7367 6.2664 7.7057 14.9095 6.0958 4.0861 12.6787 8.141 7.496
3 16 12.7367 6.2664 7.7057 14.2686 2.6798 7.1323 14.9095 6.0958 4.0861
3 16 14.9095 6.0958 4.0861 14.2686 2.6798 7.1323 15.6817 0.4788 6.3201
3 16 21.7395 4.5138 -4.2874 22.9406 10.7158 -5.5952 17.9928 10.2228 -1.9312
3 16 21.7395 4.5138 -4.2874 24.8572 6.4117 -6.2787 22.9406 10.7158 -5.5952
3 16 25.8713 1.6774 -5.8563 24.8572 6.4117 -6.2787 21.7395 4.5138 -4.2874
3 16 25.8713 1.6774 -5.8563 21.7395 4.5138 -4.2874 23.012 -0.6399 -3.3538
3 16 26.224 -1.4001 -4.7721 25.8713 1.6774 -5.8563 23.012 -0.6399 -3.3538
3 16 26.1581 -3.905 -3.0857 26.224 -1.4001 -4.7721 23.012 -0.6399 -3.3538
3 16 26.1581 -3.905 -3.0857 23.012 -0.6399 -3.3538 25.6663 -5.4483 -1.5394
3 16 23.012 -0.6399 -3.3538 23.5791 -5.4584 0.2055 25.6663 -5.4483 -1.5394
3 16 17.9928 10.2228 -1.9312 19.3141 2.549 -1.87 21.7395 4.5138 -4.2874
3 16 21.7395 4.5138 -4.2874 19.3141 2.549 -1.87 23.012 -0.6399 -3.3538
3 16 17.9928 10.2228 -1.9312 16.0497 7.5778 0.9505 19.3141 2.549 -1.87
3 16 14.9095 6.0958 4.0861 19.3141 2.549 -1.87 16.0497 7.5778 0.9505
3 16 15.6817 0.4788 6.3201 19.567 -0.1716 -0.2557 14.9095 6.0958 4.0861
3 16 14.9095 6.0958 4.0861 19.567 -0.1716 -0.2557 19.3141 2.549 -1.87
3 16 19.3141 2.549 -1.87 19.567 -0.1716 -0.2557 23.012 -0.6399 -3.3538
3 16 19.567 -0.1716 -0.2557 23.5791 -5.4584 0.2055 23.012 -0.6399 -3.3538
3 16 15.6817 0.4788 6.3201 18.0644 -2.1896 4.4053 19.567 -0.1716 -0.2557
3 16 19.567 -0.1716 -0.2557 20.9587 -4.5084 2.1717 23.5791 -5.4584 0.2055
3 16 18.0644 -2.1896 4.4053 20.9587 -4.5084 2.1717 19.567 -0.1716 -0.2557
3 16 2.1034 21.5574 -17.0104 1.4672 22.0893 -16.7333 2.2318 21.9283 -16.5726
3 16 2.1034 21.5574 -17.0104 1.3218 21.6798 -17.1733 1.4672 22.0893 -16.7333
3 16 12.8561 17.2905 -7.5358 14.2117 16.7431 -4.1312 14.673 14.5753 -6.8941
3 16 12.8561 17.2905 -7.5358 14.673 14.5753 -6.8941 12.926 16.1005 -9.0499
3 16 14.3836 13.0909 -8.5783 12.926 16.1005 -9.0499 14.673 14.5753 -6.8941
3 16 14.3836 13.0909 -8.5783 12.741 14.8679 -10.0419 12.926 16.1005 -9.0499
3 16 12.926 16.1005 -9.0499 8.8445 19.3016 -11.4974 12.8561 17.2905 -7.5358
3 16 9.0305 18.3521 -12.3853 12.926 16.1005 -9.0499 12.741 14.8679 -10.0419
3 16 12.926 16.1005 -9.0499 9.0305 18.3521 -12.3853 8.8445 19.3016 -11.4974
3 16 9.0305 18.3521 -12.3853 12.741 14.8679 -10.0419 8.8686 17.0991 -12.955
3 16 5.0469 20.323 -14.5407 8.8445 19.3016 -11.4974 9.0305 18.3521 -12.3853
3 16 5.0469 20.323 -14.5407 9.0305 18.3521 -12.3853 8.8686 17.0991 -12.955
3 16 5.0469 20.323 -14.5407 4.8732 21.1503 -13.7436 8.8445 19.3016 -11.4974
3 16 5.0469 20.323 -14.5407 8.8686 17.0991 -12.955 4.5493 19.0016 -15.2098
3 16 4.033 21.4893 -14.6821 4.8732 21.1503 -13.7436 5.0469 20.323 -14.5407
3 16 3.2021 20.9604 -15.9713 5.0469 20.323 -14.5407 4.5493 19.0016 -15.2098
3 16 4.033 21.4893 -14.6821 5.0469 20.323 -14.5407 3.2021 20.9604 -15.9713
3 16 3.2021 20.9604 -15.9713 4.5493 19.0016 -15.2098 3.0518 19.8632 -16.008
3 16 2.2318 21.9283 -16.5726 4.033 21.4893 -14.6821 3.2021 20.9604 -15.9713
3 16 2.2103 19.9601 -16.6798 3.2021 20.9604 -15.9713 3.0518 19.8632 -16.008
3 16 2.2318 21.9283 -16.5726 3.2021 20.9604 -15.9713 2.1034 21.5574 -17.0104
3 16 2.2103 19.9601 -16.6798 2.1034 21.5574 -17.0104 3.2021 20.9604 -15.9713
3 16 -2.3105 21.8273 -16.5049 -1.1337 21.1249 -17.3566 -2.1826 20.9252 -17.2855
3 16 -2.3105 21.8273 -16.5049 -1.3084 21.9903 -16.4418 -1.1337 21.1249 -17.3566
3 16 -1.3084 21.9903 -16.4418 0.111 20.7369 -17.2075 -1.1337 21.1249 -17.3566
3 16 -1.3084 21.9903 -16.4418 -0.1913 22.214 -15.2065 0.111 20.7369 -17.2075
3 16 0.111 20.7369 -17.2075 -0.1913 22.214 -15.2065 1.4672 22.0893 -16.7333
3 16 0.111 20.7369 -17.2075 1.4672 22.0893 -16.7333 1.3218 21.6798 -17.1733
3 16 -14.1281 13.5866 -8.2383 -14.2156 16.7674 -3.9267 -13.3683 16.9114 -6.9914
3 16 -14.1281 13.5866 -8.2383 -13.3683 16.9114 -6.9914 -13.1248 14.7316 -9.6437
3 16 -13.3683 16.9114 -6.9914 -10.6351 16.3133 -12.0706 -13.1248 14.7316 -9.6437
3 16 -13.3683 16.9114 -6.9914 -8.7476 19.2881 -11.5329 -10.6351 16.3133 -12.0706
3 16 -8.7476 19.2881 -11.5329 -5.7616 18.1204 -15.1365 -10.6351 16.3133 -12.0706
3 16 -8.7476 19.2881 -11.5329 -4.7875 21.1553 -14.0711 -5.7616 18.1204 -15.1365
3 16 -4.7875 21.1553 -14.0711 -3.614 19.0471 -16.1344 -5.7616 18.1204 -15.1365
3 16 -4.7875 21.1553 -14.0711 -3.6951 21.5221 -15.1121 -3.614 19.0471 -16.1344
3 16 -2.1826 20.9252 -17.2855 -3.614 19.0471 -16.1344 -3.6951 21.5221 -15.1121
3 16 -2.1826 20.9252 -17.2855 -3.6951 21.5221 -15.1121 -2.3105 21.8273 -16.5049
3 16 -2.1826 20.9252 -17.2855 -1.8963 19.3547 -16.649 -3.614 19.0471 -16.1344
3 16 -2.1826 20.9252 -17.2855 -1.1337 21.1249 -17.3566 -1.8963 19.3547 -16.649
3 16 0.7529 19.6655 -16.7617 -1.8963 19.3547 -16.649 -1.1337 21.1249 -17.3566
3 16 0.7529 19.6655 -16.7617 -1.1337 21.1249 -17.3566 0.111 20.7369 -17.2075
3 16 2.2103 19.9601 -16.6798 0.7529 19.6655 -16.7617 0.111 20.7369 -17.2075
3 16 1.3218 21.6798 -17.1733 2.2103 19.9601 -16.6798 0.111 20.7369 -17.2075
3 16 1.3218 21.6798 -17.1733 2.1034 21.5574 -17.0104 2.2103 19.9601 -16.6798
3 16 -12.5687 0.7999 8.4349 -14.0929 -1.4384 6.7872 -13.1609 -1.1735 6.7521
3 16 -14.0929 -1.4384 6.7872 -13.542 -2.013 5.2677 -13.1609 -1.1735 6.7521
3 16 -14.0929 -1.4384 6.7872 -16.6991 -3.9706 4.4915 -13.542 -2.013 5.2677
3 16 -16.6991 -3.9706 4.4915 -15.5176 -3.6876 2.8431 -13.542 -2.013 5.2677
3 16 -15.5176 -3.6876 2.8431 -13.8769 -2.7533 1.1673 -13.542 -2.013 5.2677
3 16 -16.6991 -3.9706 4.4915 -17.8929 -5.2056 1.8101 -15.5176 -3.6876 2.8431
3 16 -16.6991 -3.9706 4.4915 -19.7051 -6.1754 2.0226 -17.8929 -5.2056 1.8101
3 16 -15.5176 -3.6876 2.8431 -15.7751 -3.573 -0.7398 -13.8769 -2.7533 1.1673
3 16 -15.7751 -3.573 -0.7398 -15.5176 -3.6876 2.8431 -17.8929 -5.2056 1.8101
3 16 -15.7751 -3.573 -0.7398 -13.811 -1.2485 -5.1235 -13.8769 -2.7533 1.1673
3 16 -19.7051 -6.1754 2.0226 -20.0152 -6.1623 -0.713 -17.8929 -5.2056 1.8101
3 16 -20.0152 -6.1623 -0.713 -15.7751 -3.573 -0.7398 -17.8929 -5.2056 1.8101
3 16 -19.7051 -6.1754 2.0226 -22.71 -7.6565 -0.2229 -20.0152 -6.1623 -0.713
3 16 -15.7751 -3.573 -0.7398 -16.365 -2.2685 -4.939 -13.811 -1.2485 -5.1235
3 16 -16.365 -2.2685 -4.939 -15.7751 -3.573 -0.7398 -20.0152 -6.1623 -0.713
3 16 -22.178 -5.1274 -4.5344 -20.0152 -6.1623 -0.713 -22.71 -7.6565 -0.2229
3 16 -16.365 -2.2685 -4.939 -20.0152 -6.1623 -0.713 -22.178 -5.1274 -4.5344
3 16 -22.178 -5.1274 -4.5344 -22.71 -7.6565 -0.2229 -25.5602 -7.7099 -2.7615
3 16 -22.178 -5.1274 -4.5344 -25.5602 -7.7099 -2.7615 -26.3748 -5.9299 -4.5144
3 16 -22.178 -5.1274 -4.5344 -26.3748 -5.9299 -4.5144 -26.4537 -1.0834 -7.2105
3 16 -22.178 -5.1274 -4.5344 -26.4537 -1.0834 -7.2105 -22.8295 -0.397 -7.996
3 16 -22.8295 -0.397 -7.996 -16.365 -2.2685 -4.939 -22.178 -5.1274 -4.5344
3 16 -22.8295 -0.397 -7.996 -26.4537 -1.0834 -7.2105 -24.8966 6.3841 -8.8375
3 16 -13.811 -1.2485 -5.1235 -16.365 -2.2685 -4.939 -16.4914 1.0758 -8.4654
3 16 -22.8295 -0.397 -7.996 -16.4914 1.0758 -8.4654 -16.365 -2.2685 -4.939
3 16 -13.811 -1.2485 -5.1235 -16.4914 1.0758 -8.4654 -13.5354 1.6449 -8.6976
3 16 -16.4914 1.0758 -8.4654 -13.8876 5.1655 -10.271 -13.5354 1.6449 -8.6976
3 16 -22.8295 -0.397 -7.996 -24.8966 6.3841 -8.8375 -21.8177 6.1168 -9.5625
3 16 -21.8177 6.1168 -9.5625 -16.4914 1.0758 -8.4654 -22.8295 -0.397 -7.996
3 16 -21.8177 6.1168 -9.5625 -24.8966 6.3841 -8.8375 -22.4993 11.3497 -7.4838
3 16 -16.4914 1.0758 -8.4654 -16.0074 6.1434 -10.1064 -13.8876 5.1655 -10.271
3 16 -21.8177 6.1168 -9.5625 -16.0074 6.1434 -10.1064 -16.4914 1.0758 -8.4654
3 16 -13.8876 5.1655 -10.271 -16.0074 6.1434 -10.1064 -14.0621 7.3012 -10.5275
3 16 -21.8177 6.1168 -9.5625 -22.4993 11.3497 -7.4838 -20.0133 10.7481 -8.6466
3 16 -20.0133 10.7481 -8.6466 -16.0074 6.1434 -10.1064 -21.8177 6.1168 -9.5625
3 16 -20.1663 13.7673 -5.9864 -20.0133 10.7481 -8.6466 -22.4993 11.3497 -7.4838
3 16 -15.5118 9.5417 -9.9611 -14.0621 7.3012 -10.5275 -16.0074 6.1434 -10.1064
3 16 -20.0133 10.7481 -8.6466 -15.5118 9.5417 -9.9611 -16.0074 6.1434 -10.1064
3 16 -15.5118 9.5417 -9.9611 -14.0751 9.3691 -10.3121 -14.0621 7.3012 -10.5275
3 16 -15.5118 9.5417 -9.9611 -14.0384 11.8632 -9.5985 -14.0751 9.3691 -10.3121
3 16 -15.5118 9.5417 -9.9611 -15.3158 12.1488 -8.8176 -14.0384 11.8632 -9.5985
3 16 -20.0133 10.7481 -8.6466 -15.3158 12.1488 -8.8176 -15.5118 9.5417 -9.9611
3 16 -14.1281 13.5866 -8.2383 -14.0384 11.8632 -9.5985 -15.3158 12.1488 -8.8176
3 16 -20.1663 13.7673 -5.9864 -17.3862 14.1359 -6.4119 -20.0133 10.7481 -8.6466
3 16 -20.0133 10.7481 -8.6466 -17.3862 14.1359 -6.4119 -15.3158 12.1488 -8.8176
3 16 -14.1281 13.5866 -8.2383 -15.3158 12.1488 -8.8176 -17.3862 14.1359 -6.4119
3 16 -20.1663 13.7673 -5.9864 -17.4359 15.8238 -4.1395 -17.3862 14.1359 -6.4119
3 16 -14.2156 16.7674 -3.9267 -14.1281 13.5866 -8.2383 -17.3862 14.1359 -6.4119
3 16 -17.4359 15.8238 -4.1395 -14.2156 16.7674 -3.9267 -17.3862 14.1359 -6.4119
3 16 -17.4359 15.8238 -4.1395 -14.6143 17.2325 -2.5349 -14.2156 16.7674 -3.9267
3 16 13.1609 -1.1735 6.7521 14.0929 -1.4384 6.7872 12.5215 0.6461 8.415
3 16 14.0929 -1.4384 6.7872 13.1609 -1.1735 6.7521 13.6864 -2.457 4.0857
3 16 14.0929 -1.4384 6.7872 13.6864 -2.457 4.0857 16.6991 -3.9706 4.4915
3 16 13.6864 -2.457 4.0857 16.4233 -4.2332 2.273 16.6991 -3.9706 4.4915
3 16 16.4233 -4.2332 2.273 13.6864 -2.457 4.0857 13.8888 -2.7974 0.294
3 16 17.986 -5.2473 1.2379 16.6991 -3.9706 4.4915 16.4233 -4.2332 2.273
3 16 17.986 -5.2473 1.2379 19.7565 -6.209 1.9815 16.6991 -3.9706 4.4915
3 16 16.4233 -4.2332 2.273 13.8888 -2.7974 0.294 16.2439 -4.0348 0.114
3 16 16.4233 -4.2332 2.273 16.2439 -4.0348 0.114 17.986 -5.2473 1.2379
3 16 16.2439 -4.0348 0.114 13.8888 -2.7974 0.294 13.8428 -1.7664 -4.286
3 16 20.1954 -6.1584 -1.1554 19.7565 -6.209 1.9815 17.986 -5.2473 1.2379
3 16 16.2439 -4.0348 0.114 20.1954 -6.1584 -1.1554 17.986 -5.2473 1.2379
3 16 20.1954 -6.1584 -1.1554 22.71 -7.6565 -0.2229 19.7565 -6.209 1.9815
3 16 16.2439 -4.0348 0.114 13.8428 -1.7664 -4.286 16.5451 -2.3602 -4.8504
3 16 20.1954 -6.1584 -1.1554 16.2439 -4.0348 0.114 16.5451 -2.3602 -4.8504
3 16 16.5451 -2.3602 -4.8504 13.8428 -1.7664 -4.286 13.6372 0.1982 -7.5955
3 16 22.71 -7.6565 -0.2229 20.1954 -6.1584 -1.1554 21.9625 -5.9161 -3.6478
3 16 20.1954 -6.1584 -1.1554 16.5451 -2.3602 -4.8504 21.9625 -5.9161 -3.6478
3 16 22.71 -7.6565 -0.2229 21.9625 -5.9161 -3.6478 25.5602 -7.7099 -2.7615
3 16 26.3748 -5.9299 -4.5144 25.5602 -7.7099 -2.7615 21.9625 -5.9161 -3.6478
3 16 26.3748 -5.9299 -4.5144 21.9625 -5.9161 -3.6478 22.8132 -3.2943 -6.2912
3 16 21.9625 -5.9161 -3.6478 16.5451 -2.3602 -4.8504 22.8132 -3.2943 -6.2912
3 16 26.5875 -3.0191 -6.3452 26.3748 -5.9299 -4.5144 22.8132 -3.2943 -6.2912
3 16 22.8132 -3.2943 -6.2912 26.3199 0.8523 -8.0758 26.5875 -3.0191 -6.3452
3 16 16.5451 -2.3602 -4.8504 13.6372 0.1982 -7.5955 16.498 1.0239 -8.517
3 16 22.8132 -3.2943 -6.2912 16.5451 -2.3602 -4.8504 16.498 1.0239 -8.517
3 16 16.498 1.0239 -8.517 13.6372 0.1982 -7.5955 13.6954 4.5902 -10.2591
3 16 22.8132 -3.2943 -6.2912 22.8117 0.9157 -8.6419 26.3199 0.8523 -8.0758
3 16 22.8132 -3.2943 -6.2912 16.498 1.0239 -8.517 22.8117 0.9157 -8.6419
3 16 24.8966 6.3841 -8.8375 26.3199 0.8523 -8.0758 22.8117 0.9157 -8.6419
3 16 24.8966 6.3841 -8.8375 22.8117 0.9157 -8.6419 21.8569 5.9087 -9.5635
3 16 16.498 1.0239 -8.517 21.8569 5.9087 -9.5635 22.8117 0.9157 -8.6419
3 16 22.4993 11.3497 -7.4838 24.8966 6.3841 -8.8375 21.8569 5.9087 -9.5635
3 16 16.498 1.0239 -8.517 13.6954 4.5902 -10.2591 16.0438 4.9618 -9.96
3 16 16.498 1.0239 -8.517 16.0438 4.9618 -9.96 21.8569 5.9087 -9.5635
3 16 16.0438 4.9618 -9.96 13.6954 4.5902 -10.2591 12.9767 6.7398 -10.7284
3 16 14.1834 8.6535 -10.482 16.0438 4.9618 -9.96 12.9767 6.7398 -10.7284
3 16 21.8569 5.9087 -9.5635 16.0438 4.9618 -9.96 14.1834 8.6535 -10.482
3 16 22.4993 11.3497 -7.4838 21.8569 5.9087 -9.5635 20.0984 10.6926 -8.6591
3 16 20.0984 10.6926 -8.6591 21.8569 5.9087 -9.5635 14.1834 8.6535 -10.482
3 16 20.0984 10.6926 -8.6591 14.1834 8.6535 -10.482 13.5751 10.501 -10.247
3 16 20.0984 10.6926 -8.6591 20.1663 13.7673 -5.9864 22.4993 11.3497 -7.4838
3 16 14.505 11.8257 -9.3964 20.0984 10.6926 -8.6591 13.5751 10.501 -10.247
3 16 20.0984 10.6926 -8.6591 17.4644 14.1435 -6.3844 20.1663 13.7673 -5.9864
3 16 17.4644 14.1435 -6.3844 20.0984 10.6926 -8.6591 14.505 11.8257 -9.3964
3 16 17.4644 14.1435 -6.3844 14.505 11.8257 -9.3964 14.3836 13.0909 -8.5783
3 16 17.4644 14.1435 -6.3844 14.3836 13.0909 -8.5783 14.673 14.5753 -6.8941
3 16 17.4359 15.8238 -4.1395 20.1663 13.7673 -5.9864 17.4644 14.1435 -6.3844
3 16 14.2117 16.7431 -4.1312 17.4644 14.1435 -6.3844 14.673 14.5753 -6.8941
3 16 14.2117 16.7431 -4.1312 17.4359 15.8238 -4.1395 17.4644 14.1435 -6.3844
3 16 14.2117 16.7431 -4.1312 14.5061 17.263 -2.5166 17.4359 15.8238 -4.1395
3 16 1.5123 -1.8463 -16.6926 0.4524 -1.7924 -16.6905 0.6989 0.2157 -17.6856
3 16 1.5123 -1.8463 -16.6926 0.6989 0.2157 -17.6856 1.5664 0.214 -17.7541
3 16 2.3547 -0.08 -17.3341 1.5123 -1.8463 -16.6926 1.5664 0.214 -17.7541
3 16 2.3547 -0.08 -17.3341 2.3741 -1.6889 -16.6423 1.5123 -1.8463 -16.6926
3 16 11.9479 6.3777 -13.084 12.9767 6.7398 -10.7284 13.6954 4.5902 -10.2591
3 16 11.9479 6.3777 -13.084 11.5972 8.133 -12.5222 12.9767 6.7398 -10.7284
3 16 11.5972 8.133 -12.5222 11.9479 6.3777 -13.084 7.8609 8.9304 -16.3503
3 16 11.5972 8.133 -12.5222 7.8609 8.9304 -16.3503 7.6693 10.7373 -15.4843
3 16 7.6693 10.7373 -15.4843 7.8609 8.9304 -16.3503 6.0429 9.4469 -17.1939
3 16 7.6693 10.7373 -15.4843 6.0429 9.4469 -17.1939 5.4306 11.4962 -16.5031
3 16 5.4306 11.4962 -16.5031 6.0429 9.4469 -17.1939 3.5368 10.0071 -18.3669
3 16 5.4306 11.4962 -16.5031 3.5368 10.0071 -18.3669 3.029 11.6363 -17.9345
3 16 3.029 11.6363 -17.9345 3.5368 10.0071 -18.3669 1.1433 10.134 -19.1685
3 16 3.029 11.6363 -17.9345 1.1433 10.134 -19.1685 1.1009 11.0635 -19.0497
3 16 -0.2309 10.3177 -18.9601 1.1009 11.0635 -19.0497 1.1433 10.134 -19.1685
3 16 -0.2309 10.3177 -18.9601 -0.4383 11.1641 -19.1767 1.1009 11.0635 -19.0497
3 16 -0.4383 11.1641 -19.1767 -0.2309 10.3177 -18.9601 -1.3487 10.2877 -18.6277
3 16 -0.4383 11.1641 -19.1767 -1.3487 10.2877 -18.6277 -1.2559 12.1043 -19.0827
3 16 -3.7517 10.6097 -17.7611 -1.2559 12.1043 -19.0827 -1.3487 10.2877 -18.6277
3 16 -3.7517 10.6097 -17.7611 -1.3487 10.2877 -18.6277 -3.1923 9.5363 -17.8954
3 16 -6.1772 8.9764 -16.5234 -3.7517 10.6097 -17.7611 -3.1923 9.5363 -17.8954
3 16 -6.1772 8.9764 -16.5234 -3.1923 9.5363 -17.8954 -5.7932 8.2076 -16.5875
3 16 -6.1772 8.9764 -16.5234 -5.7932 8.2076 -16.5875 -8.5284 7.3711 -14.6742
3 16 -14.6143 17.2325 -2.5349 -13.1743 17.108 -1.9289 -12.9123 16.7913 -3.5258
3 16 -14.6143 17.2325 -2.5349 -12.9123 16.7913 -3.5258 -14.2156 16.7674 -3.9267
3 16 -11.8051 17.0628 -6.2531 -14.2156 16.7674 -3.9267 -12.9123 16.7913 -3.5258
3 16 -11.8051 17.0628 -6.2531 -13.3683 16.9114 -6.9914 -14.2156 16.7674 -3.9267
3 16 -8.2905 18.9992 -10.1688 -13.3683 16.9114 -6.9914 -11.8051 17.0628 -6.2531
3 16 -8.2905 18.9992 -10.1688 -8.7476 19.2881 -11.5329 -13.3683 16.9114 -6.9914
3 16 -4.7875 21.1553 -14.0711 -8.7476 19.2881 -11.5329 -8.2905 18.9992 -10.1688
3 16 -4.7875 21.1553 -14.0711 -8.2905 18.9992 -10.1688 -3.5469 21.1771 -12.8515
3 16 -3.5469 21.1771 -12.8515 -0.1428 22.2031 -14.1004 -4.7875 21.1553 -14.0711
3 16 -3.5469 21.1771 -12.8515 -0.0138 21.9131 -13.3723 -0.1428 22.2031 -14.1004
3 16 -0.1428 22.2031 -14.1004 -0.0138 21.9131 -13.3723 3.6175 21.113 -12.7941
3 16 -0.1428 22.2031 -14.1004 3.6175 21.113 -12.7941 4.8732 21.1503 -13.7436
3 16 4.8732 21.1503 -13.7436 3.6175 21.113 -12.7941 7.9156 19.2424 -10.6105
3 16 4.8732 21.1503 -13.7436 7.9156 19.2424 -10.6105 8.8445 19.3016 -11.4974
3 16 11.4724 17.3097 -6.5836 8.8445 19.3016 -11.4974 7.9156 19.2424 -10.6105
3 16 11.4724 17.3097 -6.5836 12.8561 17.2905 -7.5358 8.8445 19.3016 -11.4974
3 16 12.8561 17.2905 -7.5358 11.4724 17.3097 -6.5836 12.9469 16.7801 -3.8709
3 16 12.8561 17.2905 -7.5358 12.9469 16.7801 -3.8709 14.2117 16.7431 -4.1312
3 16 14.5061 17.263 -2.5166 14.2117 16.7431 -4.1312 12.9469 16.7801 -3.8709
3 16 14.5061 17.263 -2.5166 12.9469 16.7801 -3.8709 13.1841 17.1037 -1.8804
3 16 -0.1428 22.2031 -14.1004 4.8732 21.1503 -13.7436 4.033 21.4893 -14.6821
3 16 -0.1428 22.2031 -14.1004 4.033 21.4893 -14.6821 -0.1913 22.214 -15.2065
3 16 2.2318 21.9283 -16.5726 -0.1913 22.214 -15.2065 4.033 21.4893 -14.6821
3 16 2.2318 21.9283 -16.5726 1.4672 22.0893 -16.7333 -0.1913 22.214 -15.2065
3 16 -3.6951 21.5221 -15.1121 -0.1428 22.2031 -14.1004 -0.1913 22.214 -15.2065
3 16 -3.6951 21.5221 -15.1121 -4.7875 21.1553 -14.0711 -0.1428 22.2031 -14.1004
3 16 -0.1913 22.214 -15.2065 -2.3105 21.8273 -16.5049 -3.6951 21.5221 -15.1121
3 16 -0.1913 22.214 -15.2065 -1.3084 21.9903 -16.4418 -2.3105 21.8273 -16.5049
3 16 10.1713 3.6059 8.0714 10.7426 4.7608 7.7157 11.4276 4.4548 6.3671
3 16 10.1713 3.6059 8.0714 11.4276 4.4548 6.3671 10.6918 2.5079 6.2205
3 16 7.8654 2.4353 9.6625 10.1713 3.6059 8.0714 10.6918 2.5079 6.2205
3 16 9.7182 1.085 5.649 7.8654 2.4353 9.6625 10.6918 2.5079 6.2205
3 16 9.7182 1.085 5.649 6.9586 0.9469 8.6971 7.8654 2.4353 9.6625
3 16 6.9586 0.9469 8.6971 3.9826 2.793 12.0248 7.8654 2.4353 9.6625
3 16 6.9586 0.9469 8.6971 2.5818 0.8429 10.8332 3.9826 2.793 12.0248
3 16 3.9826 2.793 12.0248 2.5818 0.8429 10.8332 1.6519 4.1172 12.9904
3 16 0 0.926 11.201 1.6519 4.1172 12.9904 2.5818 0.8429 10.8332
3 16 0 0.926 11.201 0.1304 4.6153 13.2204 1.6519 4.1172 12.9904
3 16 -1.1801 4.2827 13.071 0.1304 4.6153 13.2204 0 0.926 11.201
3 16 -1.1801 4.2827 13.071 0 0.926 11.201 -2.9383 0.8522 10.7599
3 16 -2.9383 0.8522 10.7599 -3.4037 2.9344 12.2778 -1.1801 4.2827 13.071
3 16 -6.8965 2.491 10.4261 -3.4037 2.9344 12.2778 -2.9383 0.8522 10.7599
3 16 -6.8965 2.491 10.4261 -2.9383 0.8522 10.7599 -6.5928 0.8996 9.0153
3 16 -6.5928 0.8996 9.0153 -8.9425 2.9665 9.0608 -6.8965 2.491 10.4261
3 16 -6.5928 0.8996 9.0153 -8.7081 1.0995 7.1429 -8.9425 2.9665 9.0608
3 16 -10.5445 2.2966 6.1654 -8.9425 2.9665 9.0608 -8.7081 1.0995 7.1429
3 16 -10.5445 2.2966 6.1654 -8.7081 1.0995 7.1429 -9.7182 1.085 5.649
3 16 -10.5445 2.2966 6.1654 -10.1039 3.8125 8.2243 -8.9425 2.9665 9.0608
3 16 -11.3655 4.4311 6.5071 -10.1039 3.8125 8.2243 -10.5445 2.2966 6.1654
3 16 -11.3655 4.4311 6.5071 -10.7102 4.7661 7.6865 -10.1039 3.8125 8.2243
3 16 -11.0126 6.4612 7.3872 -10.7102 4.7661 7.6865 -11.3655 4.4311 6.5071
3 16 -11.0126 6.4612 7.3872 -11.3655 4.4311 6.5071 -11.6451 7.7845 5.9794
3 16 -11.0126 6.4612 7.3872 -11.6451 7.7845 5.9794 -11.0606 8.2291 7.2486
3 16 -11.6451 7.7845 5.9794 -11.7746 9.9791 5.983 -11.0606 8.2291 7.2486
3 16 -13.0789 10.4699 1.7931 -11.7746 9.9791 5.983 -11.6451 7.7845 5.9794
3 16 -11.6451 7.7845 5.9794 -11.3655 4.4311 6.5071 -12.3823 -0.6867 0.0964
3 16 -11.6451 7.7845 5.9794 -12.3823 -0.6867 0.0964 -13.0789 10.4699 1.7931
3 16 -11.3655 4.4311 6.5071 -11.3468 1.7679 6.4941 -12.3823 -0.6867 0.0964
3 16 -11.3468 1.7679 6.4941 -10.8724 -0.7521 6.2695 -12.3823 -0.6867 0.0964
3 16 -12.3823 -0.6867 0.0964 -10.8724 -0.7521 6.2695 -9.7399 -2.0797 5.6253
3 16 -12.3823 -0.6867 0.0964 -13.1882 12.5438 0.1797 -13.0789 10.4699 1.7931
3 16 -12.3823 -0.6867 0.0964 -9.7399 -2.0797 5.6253 -11.224 -1.9773 0.0018
3 16 -12.3823 -0.6867 0.0964 -12.8852 13.1529 -2.4873 -13.1882 12.5438 0.1797
3 16 -12.8852 13.1529 -2.4873 -13.3103 16.0156 -0.256 -13.1882 12.5438 0.1797
3 16 -12.8852 13.1529 -2.4873 -13.1743 17.108 -1.9289 -13.3103 16.0156 -0.256
3 16 -12.8852 13.1529 -2.4873 -12.9123 16.7913 -3.5258 -13.1743 17.108 -1.9289
3 16 -11.8051 17.0628 -6.2531 -12.9123 16.7913 -3.5258 -12.8852 13.1529 -2.4873
3 16 -10.945 -0.3295 -6.1327 -12.3823 -0.6867 0.0964 -11.224 -1.9773 0.0018
3 16 -10.945 -0.3295 -6.1327 -11.224 -1.9773 0.0018 -9.7229 -1.9798 -5.6052
3 16 -12.3823 -0.6867 0.0964 -11.5341 8.739 -6.2365 -12.8852 13.1529 -2.4873
3 16 -11.8051 17.0628 -6.2531 -12.8852 13.1529 -2.4873 -11.5341 8.739 -6.2365
3 16 -12.3823 -0.6867 0.0964 -10.945 -0.3295 -6.1327 -11.5341 8.739 -6.2365
3 16 -7.7037 -0.17 -9.847 -10.945 -0.3295 -6.1327 -9.7229 -1.9798 -5.6052
3 16 -7.7037 -0.17 -9.847 -11.5341 8.739 -6.2365 -10.945 -0.3295 -6.1327
3 16 -7.7037 -0.17 -9.847 -9.7229 -1.9798 -5.6052 -6.786 -1.9895 -8.7976
3 16 -2.9865 -1.9513 -10.8575 -7.7037 -0.17 -9.847 -6.786 -1.9895 -8.7976
3 16 -8.122 9.5733 -10.1301 -11.8051 17.0628 -6.2531 -11.5341 8.739 -6.2365
3 16 -7.7037 -0.17 -9.847 -8.122 9.5733 -10.1301 -11.5341 8.739 -6.2365
3 16 -8.122 9.5733 -10.1301 -8.2905 18.9992 -10.1688 -11.8051 17.0628 -6.2531
3 16 -2.9865 -1.9513 -10.8575 -3.3629 -0.0182 -12.2518 -7.7037 -0.17 -9.847
3 16 -3.3629 -0.0182 -12.2518 -8.122 9.5733 -10.1301 -7.7037 -0.17 -9.847
3 16 -3.4867 10.2895 -12.6442 -8.2905 18.9992 -10.1688 -8.122 9.5733 -10.1301
3 16 -3.3629 -0.0182 -12.2518 -3.4867 10.2895 -12.6442 -8.122 9.5733 -10.1301
3 16 -3.4867 10.2895 -12.6442 -3.5469 21.1771 -12.8515 -8.2905 18.9992 -10.1688
3 16 -2.9865 -1.9513 -10.8575 -0.0398 0.016 -12.7073 -3.3629 -0.0182 -12.2518
3 16 -0.0398 0.016 -12.7073 -3.4867 10.2895 -12.6442 -3.3629 -0.0182 -12.2518
3 16 -2.9865 -1.9513 -10.8575 -0.0063 -1.9801 -11.2245 -0.0398 0.016 -12.7073
3 16 -0.0419 10.5426 -13.1189 -3.5469 21.1771 -12.8515 -3.4867 10.2895 -12.6442
3 16 -0.0398 0.016 -12.7073 -0.0419 10.5426 -13.1189 -3.4867 10.2895 -12.6442
3 16 -0.0419 10.5426 -13.1189 -0.0138 21.9131 -13.3723 -3.5469 21.1771 -12.8515
3 16 3.6175 21.113 -12.7941 -0.0138 21.9131 -13.3723 -0.0419 10.5426 -13.1189
3 16 3.6175 21.113 -12.7941 -0.0419 10.5426 -13.1189 3.4367 10.3541 -12.6597
3 16 3.4367 10.3541 -12.6597 -0.0419 10.5426 -13.1189 -0.0398 0.016 -12.7073
3 16 7.9156 19.2424 -10.6105 3.6175 21.113 -12.7941 3.4367 10.3541 -12.6597
3 16 3.2525 -0.0522 -12.2687 -0.0398 0.016 -12.7073 -0.0063 -1.9801 -11.2245
3 16 3.4367 10.3541 -12.6597 -0.0398 0.016 -12.7073 3.2525 -0.0522 -12.2687
3 16 3.2525 -0.0522 -12.2687 -0.0063 -1.9801 -11.2245 2.8127 -1.9962 -10.8489
3 16 7.9156 19.2424 -10.6105 3.4367 10.3541 -12.6597 7.9571 9.7121 -10.2873
3 16 3.2525 -0.0522 -12.2687 7.9571 9.7121 -10.2873 3.4367 10.3541 -12.6597
3 16 11.4724 17.3097 -6.5836 7.9156 19.2424 -10.6105 7.9571 9.7121 -10.2873
3 16 2.8127 -1.9962 -10.8489 7.6326 -0.1626 -9.9122 3.2525 -0.0522 -12.2687
3 16 3.2525 -0.0522 -12.2687 7.6326 -0.1626 -9.9122 7.9571 9.7121 -10.2873
3 16 2.8127 -1.9962 -10.8489 6.7477 -1.9986 -8.8202 7.6326 -0.1626 -9.9122
3 16 9.7168 -1.9815 -5.6127 7.6326 -0.1626 -9.9122 6.7477 -1.9986 -8.8202
3 16 11.4724 17.3097 -6.5836 7.9571 9.7121 -10.2873 11.4522 8.8606 -6.3891
3 16 7.6326 -0.1626 -9.9122 11.4522 8.8606 -6.3891 7.9571 9.7121 -10.2873
3 16 9.7168 -1.9815 -5.6127 10.9519 -0.2293 -6.2136 7.6326 -0.1626 -9.9122
3 16 7.6326 -0.1626 -9.9122 10.9519 -0.2293 -6.2136 11.4522 8.8606 -6.3891
3 16 10.9519 -0.2293 -6.2136 9.7168 -1.9815 -5.6127 11.1883 -2.0074 -0.0434
3 16 10.9519 -0.2293 -6.2136 11.1883 -2.0074 -0.0434 12.4157 -0.6088 0.131
3 16 12.4157 -0.6088 0.131 11.4522 8.8606 -6.3891 10.9519 -0.2293 -6.2136
3 16 12.4157 -0.6088 0.131 11.1883 -2.0074 -0.0434 9.7399 -2.0797 5.6253
3 16 12.4157 -0.6088 0.131 9.7399 -2.0797 5.6253 10.8724 -0.7521 6.2695
3 16 11.3407 1.706 6.4954 12.4157 -0.6088 0.131 10.8724 -0.7521 6.2695
3 16 12.4157 -0.6088 0.131 11.3407 1.706 6.4954 11.4276 4.4548 6.3671
3 16 12.8721 13.2397 -2.5052 11.4724 17.3097 -6.5836 11.4522 8.8606 -6.3891
3 16 12.4157 -0.6088 0.131 12.8721 13.2397 -2.5052 11.4522 8.8606 -6.3891
3 16 12.8721 13.2397 -2.5052 12.9469 16.7801 -3.8709 11.4724 17.3097 -6.5836
3 16 12.9469 16.7801 -3.8709 12.8721 13.2397 -2.5052 13.1841 17.1037 -1.8804
3 16 12.8721 13.2397 -2.5052 13.3103 16.0156 -0.256 13.1841 17.1037 -1.8804
3 16 13.3103 16.0156 -0.256 12.8721 13.2397 -2.5052 13.2113 12.5557 0.3117
3 16 12.4157 -0.6088 0.131 13.2113 12.5557 0.3117 12.8721 13.2397 -2.5052
3 16 13.2113 12.5557 0.3117 12.4157 -0.6088 0.131 13.0634 10.4388 2.2186
3 16 12.4157 -0.6088 0.131 11.6677 7.4272 5.9269 13.0634 10.4388 2.2186
3 16 12.4157 -0.6088 0.131 11.4276 4.4548 6.3671 11.6677 7.4272 5.9269
3 16 11.6677 7.4272 5.9269 12.4018 10.2362 4.6051 13.0634 10.4388 2.2186
3 16 11.6677 7.4272 5.9269 11.4942 9.7642 6.4486 12.4018 10.2362 4.6051
3 16 11.6677 7.4272 5.9269 11.0606 8.2291 7.2486 11.4942 9.7642 6.4486
3 16 11.0606 8.2291 7.2486 11.6677 7.4272 5.9269 11.0126 6.4612 7.3872
3 16 11.0126 6.4612 7.3872 11.6677 7.4272 5.9269 11.4276 4.4548 6.3671
3 16 11.0126 6.4612 7.3872 11.4276 4.4548 6.3671 10.7426 4.7608 7.7157
3 16 6.9586 0.9469 8.6971 9.7182 1.085 5.649 9.7399 -2.0797 5.6253
3 16 6.9586 0.9469 8.6971 9.7399 -2.0797 5.6253 6.8192 -2.0492 8.8866
3 16 2.5818 0.8429 10.8332 6.9586 0.9469 8.6971 6.8192 -2.0492 8.8866
3 16 2.5818 0.8429 10.8332 6.8192 -2.0492 8.8866 2.6694 -1.9505 10.8829
3 16 0 -2.0522 11.3547 2.5818 0.8429 10.8332 2.6694 -1.9505 10.8829
3 16 0 -2.0522 11.3547 0 0.926 11.201 2.5818 0.8429 10.8332
3 16 -2.9376 -1.9962 10.8272 0 0.926 11.201 0 -2.0522 11.3547
3 16 -2.9376 -1.9962 10.8272 -2.9383 0.8522 10.7599 0 0.926 11.201
3 16 -6.4727 -1.9926 9.2336 -2.9383 0.8522 10.7599 -2.9376 -1.9962 10.8272
3 16 -6.4727 -1.9926 9.2336 -6.5928 0.8996 9.0153 -2.9383 0.8522 10.7599
3 16 -8.6353 -1.9329 7.2484 -6.5928 0.8996 9.0153 -6.4727 -1.9926 9.2336
3 16 -8.6353 -1.9329 7.2484 -8.7081 1.0995 7.1429 -6.5928 0.8996 9.0153
3 16 -8.6353 -1.9329 7.2484 -9.7182 1.085 5.649 -8.7081 1.0995 7.1429
3 16 -8.6353 -1.9329 7.2484 -9.7399 -2.0797 5.6253 -9.7182 1.085 5.649
3 16 2.8127 -1.9962 -10.8489 -0.0063 -1.9801 -11.2245 0 -3.1326 -9.0045
3 16 -0.0063 -1.9801 -11.2245 -2.9865 -1.9513 -10.8575 0 -3.1326 -9.0045
3 16 2.8127 -1.9962 -10.8489 0 -3.1326 -9.0045 4.5022 -3.1326 -7.7981
3 16 -2.9865 -1.9513 -10.8575 -4.5022 -3.1326 -7.7981 0 -3.1326 -9.0045
3 16 2.8127 -1.9962 -10.8489 4.5022 -3.1326 -7.7981 6.7477 -1.9986 -8.8202
3 16 -2.9865 -1.9513 -10.8575 -6.786 -1.9895 -8.7976 -4.5022 -3.1326 -7.7981
3 16 -6.786 -1.9895 -8.7976 -7.7981 -3.1326 -4.5022 -4.5022 -3.1326 -7.7981
3 16 -6.786 -1.9895 -8.7976 -9.7229 -1.9798 -5.6052 -7.7981 -3.1326 -4.5022
3 16 7.7981 -3.1326 -4.5022 6.7477 -1.9986 -8.8202 4.5022 -3.1326 -7.7981
3 16 7.7981 -3.1326 -4.5022 9.7168 -1.9815 -5.6127 6.7477 -1.9986 -8.8202
3 16 11.1883 -2.0074 -0.0434 9.7168 -1.9815 -5.6127 7.7981 -3.1326 -4.5022
3 16 11.1883 -2.0074 -0.0434 7.7981 -3.1326 -4.5022 9.0045 -3.1326 0
3 16 9.7399 -2.0797 5.6253 11.1883 -2.0074 -0.0434 9.0045 -3.1326 0
3 16 9.7399 -2.0797 5.6253 9.0045 -3.1326 0 7.7981 -3.1326 4.5022
3 16 6.8192 -2.0492 8.8866 9.7399 -2.0797 5.6253 7.7981 -3.1326 4.5022
3 16 6.8192 -2.0492 8.8866 7.7981 -3.1326 4.5022 4.5022 -3.1326 7.7981
3 16 2.6694 -1.9505 10.8829 6.8192 -2.0492 8.8866 4.5022 -3.1326 7.7981
3 16 -9.0045 -3.1326 0 -7.7981 -3.1326 -4.5022 -9.7229 -1.9798 -5.6052
3 16 -9.0045 -3.1326 0 -9.7229 -1.9798 -5.6052 -11.224 -1.9773 0.0018
3 16 -9.0045 -3.1326 0 -11.224 -1.9773 0.0018 -9.7399 -2.0797 5.6253
3 16 -9.0045 -3.1326 0 -9.7399 -2.0797 5.6253 -7.7981 -3.1326 4.5022
3 16 -7.7981 -3.1326 4.5022 -9.7399 -2.0797 5.6253 -8.6353 -1.9329 7.2484
3 16 0 -3.1326 9.0045 2.6694 -1.9505 10.8829 4.5022 -3.1326 7.7981
3 16 0 -3.1326 9.0045 0 -2.0522 11.3547 2.6694 -1.9505 10.8829
3 16 -2.9376 -1.9962 10.8272 0 -2.0522 11.3547 0 -3.1326 9.0045
3 16 -4.5022 -3.1326 7.7981 -7.7981 -3.1326 4.5022 -8.6353 -1.9329 7.2484
3 16 -2.9376 -1.9962 10.8272 0 -3.1326 9.0045 -4.5022 -3.1326 7.7981
3 16 -4.5022 -3.1326 7.7981 -8.6353 -1.9329 7.2484 -6.4727 -1.9926 9.2336
3 16 -6.4727 -1.9926 9.2336 -2.9376 -1.9962 10.8272 -4.5022 -3.1326 7.7981
3 16 -5.4127 -5.7512 3.125 0 -5.7512 0 -6.25 -5.7512 0
3 16 -6.25 -5.7512 0 0 -5.7512 0 -5.4127 -5.7512 -3.125
3 16 0 -5.7512 0 -5.4127 -5.7512 3.125 -3.125 -5.7512 5.4127
3 16 -5.4127 -5.7512 -3.125 0 -5.7512 0 -3.125 -5.7512 -5.4127
3 16 0 -5.7512 6.25 0 -5.7512 0 -3.125 -5.7512 5.4127
3 16 -3.125 -5.7512 -5.4127 0 -5.7512 0 0 -5.7512 -6.25
3 16 0 -5.7512 0 0 -5.7512 6.25 3.125 -5.7512 5.4127
3 16 0 -5.7512 -6.25 0 -5.7512 0 3.125 -5.7512 -5.4127
3 16 0 -5.7512 0 3.125 -5.7512 5.4127 5.4127 -5.7512 3.125
3 16 3.125 -5.7512 -5.4127 0 -5.7512 0 5.4127 -5.7512 -3.125
3 16 6.25 -5.7512 0 0 -5.7512 0 5.4127 -5.7512 3.125
3 16 5.4127 -5.7512 -3.125 0 -5.7512 0 6.25 -5.7512 0
3 16 3.125 0 5.4127 7.7981 0 4.5022 5.4127 0 3.125
3 16 7.7981 0 4.5022 6.25 0 0 5.4127 0 3.125
3 16 3.125 0 5.4127 4.5022 0 7.7981 7.7981 0 4.5022
3 16 7.7981 0 4.5022 9.0045 0 0 6.25 0 0
3 16 3.125 0 5.4127 0 0 9.0045 4.5022 0 7.7981
3 16 9.0045 0 0 5.4127 0 -3.125 6.25 0 0
3 16 3.125 0 5.4127 0 0 6.25 0 0 9.0045
3 16 9.0045 0 0 7.7981 0 -4.5022 5.4127 0 -3.125
3 16 -4.5022 0 7.7981 0 0 9.0045 0 0 6.25
3 16 7.7981 0 -4.5022 3.125 0 -5.4127 5.4127 0 -3.125
3 16 -4.5022 0 7.7981 0 0 6.25 -3.125 0 5.4127
3 16 7.7981 0 -4.5022 4.5022 0 -7.7981 3.125 0 -5.4127
3 16 -3.125 0 5.4127 -7.7981 0 4.5022 -4.5022 0 7.7981
3 16 4.5022 0 -7.7981 0 0 -6.25 3.125 0 -5.4127
3 16 -3.125 0 5.4127 -5.4127 0 3.125 -7.7981 0 4.5022
3 16 4.5022 0 -7.7981 0 0 -9.0045 0 0 -6.25
3 16 -9.0045 0 0 -7.7981 0 4.5022 -5.4127 0 3.125
3 16 0 0 -9.0045 -3.125 0 -5.4127 0 0 -6.25
3 16 -9.0045 0 0 -5.4127 0 3.125 -6.25 0 0
3 16 0 0 -9.0045 -4.5022 0 -7.7981 -3.125 0 -5.4127
3 16 -7.7981 0 -4.5022 -9.0045 0 0 -6.25 0 0
3 16 -4.5022 0 -7.7981 -5.4127 0 -3.125 -3.125 0 -5.4127
3 16 -7.7981 0 -4.5022 -6.25 0 0 -5.4127 0 -3.125
3 16 -4.5022 0 -7.7981 -7.7981 0 -4.5022 -5.4127 0 -3.125
0 STEP
