0 Minifig Hips with Scale Mail Pattern
0 Name: 3815bp41.dat
0 Author: Evert-Jan Boer [ejboer]
0 !LDRAW_ORG Unofficial_Part 
0 !LICENSE Licensed under CC BY 4.0 : see CAreadme.txt

0 BFC CERTIFY CCW

0 !KEYWORDS Bricklink 970c00pb0062, Brickowl 306228, Castle, Kingdoms
0 !KEYWORDS Rebrickable 970c03pr0154, Set 10223, Set 6918, Set 7187, Set 7946
0 !KEYWORDS Set 7950, Set 7952

0 !HISTORY 2022-01-14 [PTadmin] Official Update 2022-01
0 !HISTORY 2023-06-12 [Holly-Wood] Changed color
0 !HISTORY 2023-06-25 [MagFors] Reshaped the pattern to fit pattern on the torso


1 16 0 0 0 1 0 0 0 1 0 0 0 1 s\3815bs01.dat
1 16 -2 12 0 0 4 0 8.08395 0 -3.34848 -3.34848 0 -8.08395 5-16cyli.dat

0 // Pattern
0 // Metallic Silver
1 80 0 3.75 -10 .6 0 0 0 0 -.6 0 1 0 4-4disc.dat

0 // Metallic Copper
1 300 -16.25 4.25 -10 .75 0 0 0 0 -.75 0 1 0 4-4disc.dat
1 300 -10.75 4.25 -10 .75 0 0 0 0 -.75 0 1 0 4-4disc.dat
1 300 10.75 4.25 -10 .75 0 0 0 0 -.75 0 1 0 4-4disc.dat
1 300 16.25 4.25 -10 .75 0 0 0 0 -.75 0 1 0 4-4disc.dat

4 300 7.185 2.57 -10 4.702 .688 -10 4.28 1.149 -10 6.079 3.162 -10
4 300 4.28 1.149 -10 3.743 1.673 -10 4.925 3.576 -10 6.079 3.162 -10
4 300 3.743 1.673 -10 3.027 2.108 -10 3.772 3.872 -10 4.925 3.576 -10
4 300 2.781 4.021 -10 3.772 3.872 -10 3.027 2.108 -10 2.453 2.32 -10
4 300 2.781 4.021 -10 1.923 2.437 -10 1.496 2.505 -10 2.129 4.12 -10
4 300 1.25 3.75 -10 2.129 4.12 -10 1.496 2.505 -10 1.155 3.272 -10
4 300 .884 2.866 -10 1.155 3.272 -10 1.496 2.505 -10 1.038 2.559 -10
4 300 1.169 4.188 -10 1.545 4.175 -10 2.129 4.12 -10 1.25 3.75 -10
3 300 2.453 2.32 -10 1.923 2.437 -10 2.781 4.021 -10
4 300 7.185 2.57 -10 8.161 1.741 -10 9.004 .688 -10 4.702 .688 -10
3 300 .478 2.595 -10 .884 2.866 -10 1.038 2.559 -10

4 300 -4.28 1.149 -10 -4.702 .688 -10 -7.185 2.57 -10 -6.079 3.162 -10
4 300 -4.925 3.576 -10 -3.743 1.673 -10 -4.28 1.149 -10 -6.079 3.162 -10
4 300 -3.772 3.872 -10 -3.027 2.108 -10 -3.743 1.673 -10 -4.925 3.576 -10
4 300 -3.027 2.108 -10 -3.772 3.872 -10 -2.781 4.021 -10 -2.453 2.32 -10
4 300 -1.496 2.505 -10 -1.923 2.437 -10 -2.781 4.021 -10 -2.129 4.12 -10
4 300 -1.496 2.505 -10 -2.129 4.12 -10 -1.25 3.75 -10 -1.155 3.272 -10
4 300 -1.496 2.505 -10 -1.155 3.272 -10 -.884 2.866 -10 -1.038 2.559 -10
4 300 -2.129 4.12 -10 -1.561 4.175 -10 -1.169 4.188 -10 -1.25 3.75 -10
3 300 -1.923 2.437 -10 -2.453 2.32 -10 -2.781 4.021 -10
4 300 -9.004 .688 -10 -8.161 1.741 -10 -7.185 2.57 -10 -4.702 .688 -10
3 300 -.884 2.866 -10 -.478 2.595 -10 -1.038 2.559 -10

0 // Main Color
1 16 0 3.75 -10 .6 0 0 0 0 -.6 0 1 0 4-4ndis.dat
1 16 -16.25 4.25 -10 .75 0 0 0 0 -.75 0 1 0 4-4ndis.dat
1 16 -10.75 4.25 -10 .75 0 0 0 0 -.75 0 1 0 4-4ndis.dat
1 16 10.75 4.25 -10 .75 0 0 0 0 -.75 0 1 0 4-4ndis.dat
1 16 16.25 4.25 -10 .75 0 0 0 0 -.75 0 1 0 4-4ndis.dat

3 16 0 3.15 -10 .478 2.595 -10 0 0 -10
3 16 1.169 4.188 -10 0 6 -10 1.545 4.175 -10
3 16 2.129 4.12 -10 1.545 4.175 -10 0 6 -10
3 16 2.781 4.021 -10 2.129 4.12 -10 0 6 -10
4 16 17 3.5 -10 17 4.25 -10 18 6 -10 18 0 -10
3 16 17 4.25 -10 17 5 -10 18 6 -10
3 16 17 5 -10 16.25 5 -10 18 6 -10
3 16 16.25 5 -10 15.5 5 -10 18 6 -10
3 16 18 6 -10 11.5 5 -10 10.75 5 -10
3 16 18 6 -10 15.5 5 -10 11.5 5 -10
4 16 10 5 -10 0 6 -10 18 6 -10 10.75 5 -10
3 16 10 4.25 -10 6.079 3.162 -10 4.925 3.576 -10
4 16 7.185 2.57 -10 6.079 3.162 -10 10 4.25 -10 10 3.5 -10
4 16 10.75 3.5 -10 9.004 .688 -10 8.161 1.741 -10 10 3.5 -10
3 16 10 3.5 -10 8.161 1.741 -10 7.185 2.57 -10
3 16 18 0 -10 16.25 3.5 -10 17 3.5 -10
3 16 18 0 -10 15.5 3.5 -10 16.25 3.5 -10
3 16 18 0 -10 11.5 3.5 -10 15.5 3.5 -10
4 16 10 4.25 -10 4.925 3.576 -10 3.772 3.872 -10 10 5 -10
4 16 2.781 4.021 -10 0 6 -10 10 5 -10 3.772 3.872 -10
4 16 4.702 .688 -10 0 0 -10 3.743 1.673 -10 4.28 1.149 -10
4 16 3.743 1.673 -10 0 0 -10 2.453 2.32 -10 3.027 2.108 -10
3 16 0 0 -10 1.923 2.437 -10 2.453 2.32 -10
4 16 1.038 2.559 -10 1.496 2.505 -10 1.923 2.437 -10 0 0 -10
3 16 1.038 2.559 -10 0 0 -10 .478 2.595 -10
3 16 .6 3.15 -10 .884 2.866 -10 .478 2.595 -10
3 16 .478 2.595 -10 0 3.15 -10 .6 3.15 -10
4 16 .6 3.75 -10 1.155 3.272 -10 .884 2.866 -10 .6 3.15 -10
4 16 1.155 3.272 -10 .6 3.75 -10 1.169 4.188 -10 1.25 3.75 -10
3 16 .6 3.75 -10 .6 4.35 -10 1.169 4.188 -10
3 16 .6 4.35 -10 0 4.35 -10 0 6 -10
3 16 0 6 -10 1.169 4.188 -10 .6 4.35 -10
4 16 15.5 3.5 -10 11.5 3.5 -10 11.5 4.25 -10 15.5 4.25 -10
4 16 15.5 4.25 -10 11.5 4.25 -10 11.5 5 -10 15.5 5 -10
4 16 11.5 3.5 -10 18 0 -10 9.004 .688 -10 10.75 3.5 -10
4 16 18 0 -10 0 0 -10 4.702 .688 -10 9.004 .688 -10

3 16 -.478 2.595 -10 0 3.15 -10 0 0 -10
3 16 0 6 -10 -1.169 4.188 -10 -1.561 4.175 -10
3 16 -1.561 4.175 -10 -2.129 4.12 -10 0 6 -10
3 16 -2.129 4.12 -10 -2.781 4.021 -10 0 6 -10
4 16 -18 6 -10 -17 4.25 -10 -17 3.5 -10 -18 0 -10
3 16 -17 5 -10 -17 4.25 -10 -18 6 -10
3 16 -16.25 5 -10 -17 5 -10 -18 6 -10
3 16 -15.5 5 -10 -16.25 5 -10 -18 6 -10
3 16 -11.5 5 -10 -18 6 -10 -10.75 5 -10
3 16 -15.5 5 -10 -18 6 -10 -11.5 5 -10
4 16 -18 6 -10 0 6 -10 -10 5 -10 -10.75 5 -10
3 16 -6.079 3.162 -10 -10 4.25 -10 -4.925 3.576 -10
4 16 -10 4.25 -10 -6.079 3.162 -10 -7.185 2.57 -10 -10 3.5 -10
4 16 -8.161 1.741 -10 -9.004 .688 -10 -10.75 3.5 -10 -10 3.5 -10
3 16 -8.161 1.741 -10 -10 3.5 -10 -7.185 2.57 -10
3 16 -16.25 3.5 -10 -18 0 -10 -17 3.5 -10
3 16 -15.5 3.5 -10 -18 0 -10 -16.25 3.5 -10
3 16 -11.5 3.5 -10 -18 0 -10 -15.5 3.5 -10
4 16 -3.772 3.872 -10 -4.925 3.576 -10 -10 4.25 -10 -10 5 -10
4 16 -10 5 -10 0 6 -10 -2.781 4.021 -10 -3.772 3.872 -10
4 16 -3.743 1.673 -10 0 0 -10 -4.702 .688 -10 -4.28 1.149 -10
4 16 -2.453 2.32 -10 0 0 -10 -3.743 1.673 -10 -3.027 2.108 -10
3 16 -1.923 2.437 -10 0 0 -10 -2.453 2.32 -10
4 16 -1.923 2.437 -10 -1.496 2.505 -10 -1.038 2.559 -10 0 0 -10
3 16 0 0 -10 -1.038 2.559 -10 -.478 2.595 -10
3 16 -.884 2.866 -10 -.6 3.15 -10 -.478 2.595 -10
3 16 0 3.15 -10 -.478 2.595 -10 -.6 3.15 -10
4 16 -.884 2.866 -10 -1.155 3.272 -10 -.6 3.75 -10 -.6 3.15 -10
4 16 -1.169 4.188 -10 -.6 3.75 -10 -1.155 3.272 -10 -1.25 3.75 -10
3 16 -1.169 4.188 -10 -.6 4.35 -10 -.6 3.75 -10
3 16 0 4.35 -10 -.6 4.35 -10 0 6 -10
3 16 -1.169 4.188 -10 0 6 -10 -.6 4.35 -10
4 16 -11.5 4.25 -10 -11.5 3.5 -10 -15.5 3.5 -10 -15.5 4.25 -10
4 16 -11.5 5 -10 -11.5 4.25 -10 -15.5 4.25 -10 -15.5 5 -10
4 16 -9.004 .688 -10 -18 0 -10 -11.5 3.5 -10 -10.75 3.5 -10
4 16 -4.702 .688 -10 0 0 -10 -18 0 -10 -9.004 .688 -10
