0 Friends Accessories Cat Ears
0 Name: 4039.dat
0 Author: 
0 !LDRAW_ORG Unofficial_Part
0 !LICENSE Redistributable under CCAL version 2.0 : see CAreadme.txt

0 BFC CERTIFY CCW

3 16 6.028 -6.431 3.144 3.552 -8.785 2.269 7 -8.102 1.942 
3 16 6.028 -6.431 3.144 3.283 -7.246 3.165 3.552 -8.785 2.269 
3 16 3.283 -7.246 3.165 -0.001 -8.947 2.361 3.552 -8.785 2.269 
3 16 3.283 -7.246 3.165 -0.001 -7.322 3.282 -0.001 -8.947 2.361 
3 16 3.552 -8.785 2.269 -0.001 -8.947 2.361 -0.001 -9.346 0.269 
3 16 3.552 -8.785 2.269 -0.001 -9.346 0.269 3.662 -9.185 0.247 
3 16 7 -8.102 1.942 3.552 -8.785 2.269 3.662 -9.185 0.247 
3 16 3.56 -9.121 -1.836 3.662 -9.185 0.247 -0.001 -9.346 0.269 
3 16 7.256 -8.682 0.123 3.662 -9.185 0.247 3.56 -9.121 -1.836 
3 16 7 -8.102 1.942 3.662 -9.185 0.247 7.256 -8.682 0.123 
3 16 7.256 -8.682 0.123 3.56 -9.121 -1.836 7.135 -8.579 -2.167 
3 16 3.56 -9.121 -1.836 -0.001 -9.346 0.269 -0.001 -9.347 -1.817 
3 16 6.592 -7.914 -3.007 7.135 -8.579 -2.167 3.56 -9.121 -1.836 
3 16 6.592 -7.914 -3.007 3.56 -9.121 -1.836 3.228 -8.238 -2.879 
3 16 3.228 -8.238 -2.879 3.56 -9.121 -1.836 -0.001 -9.347 -1.817 
3 16 3.228 -8.238 -2.879 -0.001 -9.347 -1.817 -0.001 -8.502 -2.874 
3 16 5.535 -6.63 -3.286 6.592 -7.914 -3.007 3.228 -8.238 -2.879 
3 16 5.535 -6.63 -3.286 3.228 -8.238 -2.879 2.854 -7.044 -3.124 
3 16 2.854 -7.044 -3.124 3.228 -8.238 -2.879 -0.001 -8.502 -2.874 
3 16 2.854 -7.044 -3.124 -0.001 -8.502 -2.874 0 -7.287 -3.134 
3 16 2.372 -4.835 -3.17 2.854 -7.044 -3.124 0 -7.287 -3.134 
3 16 2.372 -4.835 -3.17 0 -7.287 -3.134 -0.002 -5.005 -3.178 
3 16 4.057 -4.577 -3.495 2.854 -7.044 -3.124 2.372 -4.835 -3.17 
3 16 4.057 -4.577 -3.495 5.535 -6.63 -3.286 2.854 -7.044 -3.124 
3 16 -0.001 -9.346 0.269 -3.56 -9.121 -1.836 -0.001 -9.347 -1.817 
3 16 -0.001 -9.346 0.269 -3.662 -9.185 0.247 -3.56 -9.121 -1.836 
3 16 -7.256 -8.682 0.123 -3.56 -9.121 -1.836 -3.662 -9.185 0.247 
3 16 -7.256 -8.682 0.123 -7.135 -8.579 -2.167 -3.56 -9.121 -1.836 
3 16 -6.592 -7.914 -3.007 -3.56 -9.121 -1.836 -7.135 -8.579 -2.167 
3 16 -6.592 -7.914 -3.007 -3.228 -8.238 -2.879 -3.56 -9.121 -1.836 
3 16 -0.001 -9.347 -1.817 -3.228 -8.238 -2.879 -0.001 -8.502 -2.874 
3 16 -0.001 -9.347 -1.817 -3.56 -9.121 -1.836 -3.228 -8.238 -2.879 
3 16 -5.535 -6.63 -3.286 -3.228 -8.238 -2.879 -6.592 -7.914 -3.007 
3 16 -5.535 -6.63 -3.286 -2.854 -7.044 -3.124 -3.228 -8.238 -2.879 
3 16 -2.854 -7.044 -3.124 -0.001 -8.502 -2.874 -3.228 -8.238 -2.879 
3 16 -2.854 -7.044 -3.124 0 -7.287 -3.134 -0.001 -8.502 -2.874 
3 16 -3.552 -8.785 2.269 -3.662 -9.185 0.247 -0.001 -9.346 0.269 
3 16 -3.552 -8.785 2.269 -0.001 -9.346 0.269 -0.001 -8.947 2.361 
3 16 -3.283 -7.246 3.165 -3.552 -8.785 2.269 -0.001 -8.947 2.361 
3 16 -6.028 -6.431 3.144 -3.552 -8.785 2.269 -3.283 -7.246 3.165 
3 16 -6.028 -6.431 3.144 -7 -8.102 1.942 -3.552 -8.785 2.269 
3 16 -7 -8.102 1.942 -3.662 -9.185 0.247 -3.552 -8.785 2.269 
3 16 -7 -8.102 1.942 -7.256 -8.682 0.123 -3.662 -9.185 0.247 
3 16 -3.283 -7.246 3.165 -0.001 -8.947 2.361 -0.001 -7.322 3.282 
3 16 -3.283 -7.246 3.165 -5.245 -4.285 3.549 -6.028 -6.431 3.144 
3 16 -3.283 -7.246 3.165 -2.825 -4.777 3.15 -5.245 -4.285 3.549 
3 16 -0.001 -7.322 3.282 -2.825 -4.777 3.15 -3.283 -7.246 3.165 
3 16 -0.001 -7.322 3.282 -0.001 -5.005 3.17 -2.825 -4.777 3.15 
3 16 -0.001 -7.322 3.282 2.825 -4.777 3.15 -0.001 -5.005 3.17 
3 16 -0.001 -7.322 3.282 3.283 -7.246 3.165 2.825 -4.777 3.15 
3 16 3.283 -7.246 3.165 5.245 -4.285 3.549 2.825 -4.777 3.15 
3 16 3.283 -7.246 3.165 6.028 -6.431 3.144 5.245 -4.285 3.549 
3 16 -2.854 -7.044 -3.124 -5.535 -6.63 -3.286 -4.057 -4.577 -3.495 
3 16 -2.854 -7.044 -3.124 -4.057 -4.577 -3.495 -2.372 -4.835 -3.17 
3 16 0 -7.287 -3.134 -2.854 -7.044 -3.124 -2.372 -4.835 -3.17 
3 16 0 -7.287 -3.134 -2.372 -4.835 -3.17 -0.002 -5.005 -3.178 
3 16 8.882 -9.66 0.301 7.135 -8.579 -2.167 9.616 -10.243 -1.802 
3 16 8.882 -9.66 0.301 7.256 -8.682 0.123 7.135 -8.579 -2.167 
3 16 10.683 -10.715 1.021 8.882 -9.66 0.301 9.616 -10.243 -1.802 
3 16 10.683 -10.715 1.021 9.616 -10.243 -1.802 11.696 -11.751 -1.437 
3 16 11.696 -11.751 -1.437 12.823 -10.994 1.775 10.683 -10.715 1.021 
3 16 11.696 -11.751 -1.437 13.989 -12.804 -0.82 12.823 -10.994 1.775 
3 16 13.989 -12.804 -0.82 14.692 -10.309 2.089 12.823 -10.994 1.775 
3 16 13.989 -12.804 -0.82 15.943 -12.164 -0.666 14.692 -10.309 2.089 
3 16 17.219 -10.494 -0.931 14.692 -10.309 2.089 15.943 -12.164 -0.666 
3 16 17.219 -10.494 -0.931 16.198 -8.978 2.083 14.692 -10.309 2.089 
3 16 16.198 -8.978 2.083 17.219 -10.494 -0.931 17.915 -9.019 -1.112 
3 16 16.198 -8.978 2.083 17.915 -9.019 -1.112 17.147 -7.624 1.682 
3 16 18.22 -7.549 -1.326 17.147 -7.624 1.682 17.915 -9.019 -1.112 
3 16 18.22 -7.549 -1.326 17.867 -6.342 0.934 17.147 -7.624 1.682 
3 16 17.867 -6.342 0.934 15.983 -5.125 3.759 17.147 -7.624 1.682 
3 16 17.867 -6.342 0.934 17.074 -3.832 2.599 15.983 -5.125 3.759 
3 16 17.074 -3.832 2.599 14.44 -2.466 4.97 15.983 -5.125 3.759 
3 16 17.074 -3.832 2.599 15.919 -1.208 3.722 14.44 -2.466 4.97 
3 16 15.983 -5.125 3.759 14.44 -2.466 4.97 12.521 -3.929 5.24 
3 16 15.983 -5.125 3.759 12.521 -3.929 5.24 14.465 -6.526 4.185 
3 16 14.465 -6.526 4.185 17.147 -7.624 1.682 15.983 -5.125 3.759 
3 16 14.465 -6.526 4.185 16.198 -8.978 2.083 17.147 -7.624 1.682 
3 16 12.85 -7.65 4.143 14.465 -6.526 4.185 12.521 -3.929 5.24 
3 16 16.198 -8.978 2.083 12.85 -7.65 4.143 14.692 -10.309 2.089 
3 16 16.198 -8.978 2.083 14.465 -6.526 4.185 12.85 -7.65 4.143 
3 16 12.85 -7.65 4.143 12.521 -3.929 5.24 10.858 -4.939 5.199 
3 16 10.858 -4.939 5.199 10.954 -8.459 3.739 12.85 -7.65 4.143 
3 16 10.858 -4.939 5.199 8.993 -5.845 4.877 10.954 -8.459 3.739 
3 16 9.215 -8.686 3.117 10.954 -8.459 3.739 8.993 -5.845 4.877 
3 16 9.215 -8.686 3.117 8.993 -5.845 4.877 7.697 -6.292 4.406 
3 16 7.966 -8.398 2.245 9.215 -8.686 3.117 7.697 -6.292 4.406 
3 16 7.966 -8.398 2.245 7.697 -6.292 4.406 6.649 -6.304 3.729 
3 16 7 -8.102 1.942 7.966 -8.398 2.245 6.649 -6.304 3.729 
3 16 7 -8.102 1.942 6.649 -6.304 3.729 6.028 -6.431 3.144 
3 16 12.85 -7.65 4.143 10.954 -8.459 3.739 12.823 -10.994 1.775 
3 16 12.85 -7.65 4.143 12.823 -10.994 1.775 14.692 -10.309 2.089 
3 16 10.683 -10.715 1.021 10.954 -8.459 3.739 9.215 -8.686 3.117 
3 16 10.683 -10.715 1.021 12.823 -10.994 1.775 10.954 -8.459 3.739 
3 16 8.882 -9.66 0.301 9.215 -8.686 3.117 7.966 -8.398 2.245 
3 16 8.882 -9.66 0.301 10.683 -10.715 1.021 9.215 -8.686 3.117 
3 16 7.256 -8.682 0.123 7.966 -8.398 2.245 7 -8.102 1.942 
3 16 7.256 -8.682 0.123 8.882 -9.66 0.301 7.966 -8.398 2.245 
3 16 5.245 -4.285 3.549 6.028 -6.431 3.144 6.649 -6.304 3.729 
3 16 5.245 -4.285 3.549 6.649 -6.304 3.729 5.564 -4.193 4.318 
3 16 8.993 -5.845 4.877 10.858 -4.939 5.199 9.267 -2.66 5.532 
3 16 10.858 -4.939 5.199 10.888 -1.681 5.56 9.267 -2.66 5.532 
3 16 10.858 -4.939 5.199 12.521 -3.929 5.24 10.888 -1.681 5.56 
3 16 12.521 -3.929 5.24 12.776 -0.484 5.311 10.888 -1.681 5.56 
3 16 12.521 -3.929 5.24 14.44 -2.466 4.97 12.776 -0.484 5.311 
3 16 12.776 -0.484 5.311 14.44 -2.466 4.97 15.919 -1.208 3.722 
3 16 12.776 -0.484 5.311 15.919 -1.208 3.722 14.144 1.096 4.18 
3 16 14.144 1.096 4.18 15.919 -1.208 3.722 17.002 -0.072 1.439 
3 16 17.908 -2.663 0.712 17.002 -0.072 1.439 15.919 -1.208 3.722 
3 16 17.002 -0.072 1.439 17.908 -2.663 0.712 18.085 -2.143 -1.217 
3 16 17.002 -0.072 1.439 18.085 -2.143 -1.217 17.355 0.445 -0.925 
3 16 18.208 -5.116 -0.096 18.085 -2.143 -1.217 17.908 -2.663 0.712 
3 16 18.208 -5.116 -0.096 18.291 -5.109 -1.434 18.085 -2.143 -1.217 
3 16 18.291 -5.109 -1.434 18.208 -5.116 -0.096 17.867 -6.342 0.934 
3 16 18.291 -5.109 -1.434 17.867 -6.342 0.934 18.22 -7.549 -1.326 
3 16 18.208 -5.116 -0.096 17.074 -3.832 2.599 17.867 -6.342 0.934 
3 16 18.208 -5.116 -0.096 17.908 -2.663 0.712 17.074 -3.832 2.599 
3 16 17.908 -2.663 0.712 15.919 -1.208 3.722 17.074 -3.832 2.599 
3 16 17.182 0.284 -4.125 17.355 0.445 -0.925 18.085 -2.143 -1.217 
3 16 17.182 0.284 -4.125 18.085 -2.143 -1.217 17.751 -2.06 -4.097 
3 16 17.751 -2.06 -4.097 18.085 -2.143 -1.217 18.291 -5.109 -1.434 
3 16 15.249 2.411 1.833 17.002 -0.072 1.439 17.355 0.445 -0.925 
3 16 14.144 1.096 4.18 17.002 -0.072 1.439 15.249 2.411 1.833 
3 16 15.249 2.411 1.833 17.355 0.445 -0.925 15.468 2.786 -0.931 
3 16 17.182 0.284 -4.125 15.468 2.786 -0.931 17.355 0.445 -0.925 
3 16 17.182 0.284 -4.125 15.693 2.99 -4.125 15.468 2.786 -0.931 
3 16 17.751 -2.06 -4.097 18.291 -5.109 -1.434 18.158 -5.124 -4.116 
3 16 18.291 -5.109 -1.434 18.082 -7.562 -4.125 18.158 -5.124 -4.116 
3 16 18.291 -5.109 -1.434 18.22 -7.549 -1.326 18.082 -7.562 -4.125 
3 16 18.22 -7.549 -1.326 17.899 -9.187 -4.125 18.082 -7.562 -4.125 
3 16 18.22 -7.549 -1.326 17.915 -9.019 -1.112 17.899 -9.187 -4.125 
3 16 17.899 -9.187 -4.125 17.915 -9.019 -1.112 17.219 -10.494 -0.931 
3 16 17.899 -9.187 -4.125 17.219 -10.494 -0.931 17.421 -11 -4.125 
3 16 17.421 -11 -4.125 17.219 -10.494 -0.931 15.943 -12.164 -0.666 
3 16 17.421 -11 -4.125 15.943 -12.164 -0.666 16.617 -12.741 -4.125 
3 16 15.943 -12.164 -0.666 14.924 -12.987 -4.131 16.617 -12.741 -4.125 
3 16 15.943 -12.164 -0.666 13.989 -12.804 -0.82 14.924 -12.987 -4.131 
3 16 13.989 -12.804 -0.82 12.605 -12.23 -4.125 14.924 -12.987 -4.131 
3 16 13.989 -12.804 -0.82 11.696 -11.751 -1.437 12.605 -12.23 -4.125 
3 16 11.696 -11.751 -1.437 10.062 -10.556 -4.125 12.605 -12.23 -4.125 
3 16 11.696 -11.751 -1.437 9.616 -10.243 -1.802 10.062 -10.556 -4.125 
3 16 9.616 -10.243 -1.802 8.5 -9.261 -4.125 10.062 -10.556 -4.125 
3 16 9.616 -10.243 -1.802 7.135 -8.579 -2.167 8.5 -9.261 -4.125 
3 16 7.135 -8.579 -2.167 7.169 -7.867 -4.125 8.5 -9.261 -4.125 
3 16 7.135 -8.579 -2.167 6.592 -7.914 -3.007 7.169 -7.867 -4.125 
3 16 6.592 -7.914 -3.007 5.825 -6.33 -4.118 7.169 -7.867 -4.125 
3 16 6.592 -7.914 -3.007 5.535 -6.63 -3.286 5.825 -6.33 -4.118 
3 16 5.535 -6.63 -3.286 4.527 -4.488 -4.125 5.825 -6.33 -4.118 
3 16 5.535 -6.63 -3.286 4.057 -4.577 -3.495 4.527 -4.488 -4.125 
3 16 12.001 -4.125 -4.125 16.169 -4.927 -4.125 13.214 -6.719 -4.125 
3 16 12.001 -4.125 -4.125 15.518 -1.982 -4.125 16.169 -4.927 -4.125 
3 16 12.001 -4.125 -4.125 13.214 -6.719 -4.125 10.603 -8.531 -4.125 
3 16 12.001 -4.125 -4.125 10.603 -8.531 -4.125 8.545 -6.12 -4.125 
3 16 13.322 -10.564 -4.127 10.603 -8.531 -4.125 13.214 -6.719 -4.125 
3 16 13.322 -10.564 -4.127 13.214 -6.719 -4.125 14.671 -9.633 -4.125 
3 16 14.671 -9.633 -4.125 14.652 -11.373 -4.13 13.322 -10.564 -4.127 
3 16 14.671 -9.633 -4.125 15.682 -11.193 -4.125 14.652 -11.373 -4.13 
3 16 16.244 -10.445 -4.125 15.682 -11.193 -4.125 14.671 -9.633 -4.125 
3 16 16.244 -10.445 -4.125 14.671 -9.633 -4.125 16.43 -8.566 -4.125 
3 16 13.214 -6.719 -4.125 16.43 -8.566 -4.125 14.671 -9.633 -4.125 
3 16 13.214 -6.719 -4.125 16.169 -4.927 -4.125 16.43 -8.566 -4.125 
3 16 8.545 -6.12 -4.125 10.603 -8.531 -4.125 8.5 -9.261 -4.125 
3 16 8.545 -6.12 -4.125 8.5 -9.261 -4.125 7.169 -7.867 -4.125 
3 16 8.5 -9.261 -4.125 10.603 -8.531 -4.125 10.062 -10.556 -4.125 
3 16 10.062 -10.556 -4.125 10.603 -8.531 -4.125 13.322 -10.564 -4.127 
3 16 10.062 -10.556 -4.125 13.322 -10.564 -4.127 12.605 -12.23 -4.125 
3 16 14.652 -11.373 -4.13 12.605 -12.23 -4.125 13.322 -10.564 -4.127 
3 16 14.652 -11.373 -4.13 14.924 -12.987 -4.131 12.605 -12.23 -4.125 
3 16 14.924 -12.987 -4.131 14.652 -11.373 -4.13 15.682 -11.193 -4.125 
3 16 15.682 -11.193 -4.125 16.244 -10.445 -4.125 17.421 -11 -4.125 
3 16 15.682 -11.193 -4.125 17.421 -11 -4.125 16.617 -12.741 -4.125 
3 16 14.924 -12.987 -4.131 15.682 -11.193 -4.125 16.617 -12.741 -4.125 
3 16 16.244 -10.445 -4.125 17.899 -9.187 -4.125 17.421 -11 -4.125 
3 16 16.244 -10.445 -4.125 16.43 -8.566 -4.125 17.899 -9.187 -4.125 
3 16 17.899 -9.187 -4.125 16.43 -8.566 -4.125 18.082 -7.562 -4.125 
3 16 5.825 -6.33 -4.118 8.545 -6.12 -4.125 7.169 -7.867 -4.125 
3 16 16.169 -4.927 -4.125 18.082 -7.562 -4.125 16.43 -8.566 -4.125 
3 16 16.169 -4.927 -4.125 18.158 -5.124 -4.116 18.082 -7.562 -4.125 
3 16 17.751 -2.06 -4.097 18.158 -5.124 -4.116 16.169 -4.927 -4.125 
3 16 17.751 -2.06 -4.097 16.169 -4.927 -4.125 15.518 -1.982 -4.125 
3 16 17.751 -2.06 -4.097 15.518 -1.982 -4.125 17.182 0.284 -4.125 
3 16 17.182 0.284 -4.125 15.518 -1.982 -4.125 14.089 1.006 -4.125 
3 16 15.518 -1.982 -4.125 12.023 -0.859 -4.125 14.089 1.006 -4.125 
3 16 15.518 -1.982 -4.125 12.001 -4.125 -4.125 12.023 -0.859 -4.125 
3 16 12.023 -0.859 -4.125 12.001 -4.125 -4.125 9.667 -2.439 -4.125 
3 16 9.667 -2.439 -4.125 12.001 -4.125 -4.125 8.545 -6.12 -4.125 
3 16 9.667 -2.439 -4.125 8.545 -6.12 -4.125 7.024 -3.694 -4.125 
3 16 7.024 -3.694 -4.125 8.545 -6.12 -4.125 5.825 -6.33 -4.118 
3 16 7.024 -3.694 -4.125 5.825 -6.33 -4.118 4.527 -4.488 -4.125 
3 16 17.182 0.284 -4.125 14.089 1.006 -4.125 15.693 2.99 -4.125 
3 16 0.938 -4.976 1.624 2.825 -4.777 3.15 1.624 -4.92 0.938 
3 16 0.938 -4.976 1.624 -0.001 -5.005 3.17 2.825 -4.777 3.15 
3 16 0.938 -4.976 1.624 0 -5.005 1.875 -0.001 -5.005 3.17 
3 16 1.624 -4.92 0.938 2.825 -4.777 3.15 3.555 -4.761 -0.179 
3 16 5.245 -4.285 3.549 3.555 -4.761 -0.179 2.825 -4.777 3.15 
3 16 5.245 -4.285 3.549 6.253 -3.983 -0.783 3.555 -4.761 -0.179 
3 16 7.809 -3.385 2.643 6.253 -3.983 -0.783 5.245 -4.285 3.549 
3 16 5.564 -4.193 4.318 7.809 -3.385 2.643 5.245 -4.285 3.549 
3 16 6.474 -3.897 4.907 7.809 -3.385 2.643 5.564 -4.193 4.318 
3 16 7.485 -3.51 5.201 7.809 -3.385 2.643 6.474 -3.897 4.907 
3 16 9.267 -2.66 5.532 7.809 -3.385 2.643 7.485 -3.51 5.201 
3 16 9.267 -2.66 5.532 10.254 -2.094 2.881 7.809 -3.385 2.643 
3 16 10.254 -2.094 2.881 8.562 -3.021 -0.262 7.809 -3.385 2.643 
3 16 7.809 -3.385 2.643 8.562 -3.021 -0.262 6.253 -3.983 -0.783 
3 16 10.254 -2.094 2.881 11.263 -1.425 -0.606 8.562 -3.021 -0.262 
3 16 12.073 -0.826 3.124 11.263 -1.425 -0.606 10.254 -2.094 2.881 
3 16 12.073 -0.826 3.124 13.288 0.225 -0.549 11.263 -1.425 -0.606 
3 16 10.888 -1.681 5.56 10.254 -2.094 2.881 9.267 -2.66 5.532 
3 16 10.888 -1.681 5.56 12.073 -0.826 3.124 10.254 -2.094 2.881 
3 16 12.776 -0.484 5.311 12.073 -0.826 3.124 10.888 -1.681 5.56 
3 16 12.776 -0.484 5.311 14.144 1.096 4.18 12.073 -0.826 3.124 
3 16 7.024 -3.694 -4.125 6.253 -3.983 -0.783 8.562 -3.021 -0.262 
3 16 7.024 -3.694 -4.125 8.562 -3.021 -0.262 9.667 -2.439 -4.125 
3 16 9.667 -2.439 -4.125 8.562 -3.021 -0.262 11.263 -1.425 -0.606 
3 16 12.023 -0.859 -4.125 11.263 -1.425 -0.606 13.288 0.225 -0.549 
3 16 9.667 -2.439 -4.125 11.263 -1.425 -0.606 12.023 -0.859 -4.125 
3 16 12.023 -0.859 -4.125 13.288 0.225 -0.549 14.089 1.006 -4.125 
3 16 15.468 2.786 -0.931 14.089 1.006 -4.125 13.288 0.225 -0.549 
3 16 15.468 2.786 -0.931 13.288 0.225 -0.549 15.249 2.411 1.833 
3 16 15.249 2.411 1.833 12.073 -0.826 3.124 14.144 1.096 4.18 
3 16 15.249 2.411 1.833 13.288 0.225 -0.549 12.073 -0.826 3.124 
3 16 15.468 2.786 -0.931 15.693 2.99 -4.125 14.089 1.006 -4.125 
3 16 4.057 -4.577 -3.495 7.024 -3.694 -4.125 4.527 -4.488 -4.125 
3 16 4.057 -4.577 -3.495 6.253 -3.983 -0.783 7.024 -3.694 -4.125 
3 16 6.253 -3.983 -0.783 4.057 -4.577 -3.495 3.555 -4.761 -0.179 
3 16 1.624 -4.92 -0.938 3.555 -4.761 -0.179 4.057 -4.577 -3.495 
3 16 1.624 -4.92 -0.938 4.057 -4.577 -3.495 2.372 -4.835 -3.17 
3 16 1.624 -4.92 -0.938 2.372 -4.835 -3.17 0.938 -4.976 -1.624 
3 16 -0.002 -5.005 -3.178 0.938 -4.976 -1.624 2.372 -4.835 -3.17 
3 16 -0.002 -5.005 -3.178 0 -5.005 -1.875 0.938 -4.976 -1.624 
3 16 1.624 -4.92 -0.938 1.875 -4.89 0 3.555 -4.761 -0.179 
3 16 1.624 -4.92 0.938 3.555 -4.761 -0.179 1.875 -4.89 0 
3 16 -0.938 -4.976 -1.624 0 -5.005 -1.875 -0.002 -5.005 -3.178 
3 16 -0.938 -4.976 -1.624 -0.002 -5.005 -3.178 -2.372 -4.835 -3.17 
3 16 -1.624 -4.92 -0.938 -0.938 -4.976 -1.624 -2.372 -4.835 -3.17 
3 16 -1.624 -4.92 -0.938 -2.372 -4.835 -3.17 -4.057 -4.577 -3.495 
3 16 -1.624 -4.92 -0.938 -4.057 -4.577 -3.495 -3.555 -4.761 -0.179 
3 16 -4.057 -4.577 -3.495 -6.253 -3.983 -0.783 -3.555 -4.761 -0.179 
3 16 -3.555 -4.761 -0.179 -6.253 -3.983 -0.783 -5.245 -4.285 3.549 
3 16 -3.555 -4.761 -0.179 -5.245 -4.285 3.549 -2.825 -4.777 3.15 
3 16 -7.809 -3.385 2.643 -5.245 -4.285 3.549 -6.253 -3.983 -0.783 
3 16 -7.809 -3.385 2.643 -5.564 -4.193 4.318 -5.245 -4.285 3.549 
3 16 -7.809 -3.385 2.643 -6.474 -3.897 4.907 -5.564 -4.193 4.318 
3 16 -7.809 -3.385 2.643 -7.485 -3.51 5.201 -6.474 -3.897 4.907 
3 16 -7.809 -3.385 2.643 -9.267 -2.66 5.532 -7.485 -3.51 5.201 
3 16 -7.809 -3.385 2.643 -10.254 -2.094 2.881 -9.267 -2.66 5.532 
3 16 -10.254 -2.094 2.881 -7.809 -3.385 2.643 -8.562 -3.021 -0.262 
3 16 -7.809 -3.385 2.643 -6.253 -3.983 -0.783 -8.562 -3.021 -0.262 
3 16 -10.254 -2.094 2.881 -8.562 -3.021 -0.262 -11.263 -1.425 -0.606 
3 16 -12.073 -0.826 3.124 -10.254 -2.094 2.881 -11.263 -1.425 -0.606 
3 16 -12.073 -0.826 3.124 -11.263 -1.425 -0.606 -13.288 0.225 -0.549 
3 16 -10.254 -2.094 2.881 -10.888 -1.681 5.56 -9.267 -2.66 5.532 
3 16 -10.254 -2.094 2.881 -12.073 -0.826 3.124 -10.888 -1.681 5.56 
3 16 -12.073 -0.826 3.124 -12.776 -0.484 5.311 -10.888 -1.681 5.56 
3 16 -12.073 -0.826 3.124 -14.144 1.096 4.18 -12.776 -0.484 5.311 
3 16 -8.562 -3.021 -0.262 -6.253 -3.983 -0.783 -7.024 -3.694 -4.125 
3 16 -8.562 -3.021 -0.262 -7.024 -3.694 -4.125 -9.667 -2.439 -4.125 
3 16 -11.263 -1.425 -0.606 -8.562 -3.021 -0.262 -9.667 -2.439 -4.125 
3 16 -13.288 0.225 -0.549 -11.263 -1.425 -0.606 -12.023 -0.859 -4.125 
3 16 -11.263 -1.425 -0.606 -9.667 -2.439 -4.125 -12.023 -0.859 -4.125 
3 16 -13.288 0.225 -0.549 -12.023 -0.859 -4.125 -14.089 1.006 -4.125 
3 16 -15.468 2.786 -0.931 -13.288 0.225 -0.549 -14.089 1.006 -4.125 
3 16 -13.288 0.225 -0.549 -15.468 2.786 -0.931 -15.249 2.411 1.833 
3 16 -12.073 -0.826 3.124 -15.249 2.411 1.833 -14.144 1.096 4.18 
3 16 -12.073 -0.826 3.124 -13.288 0.225 -0.549 -15.249 2.411 1.833 
3 16 -15.468 2.786 -0.931 -14.089 1.006 -4.125 -15.693 2.99 -4.125 
3 16 -4.057 -4.577 -3.495 -7.024 -3.694 -4.125 -6.253 -3.983 -0.783 
3 16 -4.057 -4.577 -3.495 -4.527 -4.488 -4.125 -7.024 -3.694 -4.125 
3 16 8.993 -5.845 4.877 9.267 -2.66 5.532 7.485 -3.51 5.201 
3 16 7.697 -6.292 4.406 8.993 -5.845 4.877 7.485 -3.51 5.201 
3 16 7.697 -6.292 4.406 7.485 -3.51 5.201 6.474 -3.897 4.907 
3 16 6.649 -6.304 3.729 7.697 -6.292 4.406 6.474 -3.897 4.907 
3 16 6.649 -6.304 3.729 6.474 -3.897 4.907 5.564 -4.193 4.318 
3 16 -7.135 -8.579 -2.167 -8.882 -9.66 0.301 -9.616 -10.243 -1.802 
3 16 -7.135 -8.579 -2.167 -7.256 -8.682 0.123 -8.882 -9.66 0.301 
3 16 -9.616 -10.243 -1.802 -8.882 -9.66 0.301 -10.683 -10.715 1.021 
3 16 -9.616 -10.243 -1.802 -10.683 -10.715 1.021 -11.696 -11.751 -1.437 
3 16 -11.696 -11.751 -1.437 -10.683 -10.715 1.021 -12.823 -10.994 1.775 
3 16 -11.696 -11.751 -1.437 -12.823 -10.994 1.775 -13.989 -12.804 -0.82 
3 16 -14.692 -10.309 2.089 -13.989 -12.804 -0.82 -12.823 -10.994 1.775 
3 16 -14.692 -10.309 2.089 -15.943 -12.164 -0.666 -13.989 -12.804 -0.82 
3 16 -17.219 -10.494 -0.931 -15.943 -12.164 -0.666 -14.692 -10.309 2.089 
3 16 -17.219 -10.494 -0.931 -14.692 -10.309 2.089 -16.198 -8.978 2.083 
3 16 -16.198 -8.978 2.083 -17.915 -9.019 -1.112 -17.219 -10.494 -0.931 
3 16 -16.198 -8.978 2.083 -17.147 -7.624 1.682 -17.915 -9.019 -1.112 
3 16 -18.22 -7.549 -1.326 -17.915 -9.019 -1.112 -17.147 -7.624 1.682 
3 16 -18.22 -7.549 -1.326 -17.147 -7.624 1.682 -17.867 -6.342 0.934 
3 16 -17.867 -6.342 0.934 -17.147 -7.624 1.682 -15.983 -5.125 3.759 
3 16 -17.867 -6.342 0.934 -15.983 -5.125 3.759 -17.074 -3.832 2.599 
3 16 -14.44 -2.466 4.97 -17.074 -3.832 2.599 -15.983 -5.125 3.759 
3 16 -14.44 -2.466 4.97 -15.919 -1.208 3.722 -17.074 -3.832 2.599 
3 16 -15.983 -5.125 3.759 -12.521 -3.929 5.24 -14.44 -2.466 4.97 
3 16 -15.983 -5.125 3.759 -14.465 -6.526 4.185 -12.521 -3.929 5.24 
3 16 -17.147 -7.624 1.682 -14.465 -6.526 4.185 -15.983 -5.125 3.759 
3 16 -17.147 -7.624 1.682 -16.198 -8.978 2.083 -14.465 -6.526 4.185 
3 16 -12.521 -3.929 5.24 -14.465 -6.526 4.185 -12.85 -7.65 4.143 
3 16 -12.85 -7.65 4.143 -16.198 -8.978 2.083 -14.692 -10.309 2.089 
3 16 -12.85 -7.65 4.143 -14.465 -6.526 4.185 -16.198 -8.978 2.083 
3 16 -12.521 -3.929 5.24 -12.85 -7.65 4.143 -10.858 -4.939 5.199 
3 16 -10.858 -4.939 5.199 -12.85 -7.65 4.143 -10.954 -8.459 3.739 
3 16 -10.858 -4.939 5.199 -10.954 -8.459 3.739 -8.993 -5.845 4.877 
3 16 -9.215 -8.686 3.117 -8.993 -5.845 4.877 -10.954 -8.459 3.739 
3 16 -9.215 -8.686 3.117 -7.697 -6.292 4.406 -8.993 -5.845 4.877 
3 16 -7.697 -6.292 4.406 -9.215 -8.686 3.117 -7.966 -8.398 2.245 
3 16 -7.697 -6.292 4.406 -7.966 -8.398 2.245 -6.649 -6.304 3.729 
3 16 -6.649 -6.304 3.729 -7.966 -8.398 2.245 -7 -8.102 1.942 
3 16 -6.649 -6.304 3.729 -7 -8.102 1.942 -6.028 -6.431 3.144 
3 16 -12.85 -7.65 4.143 -12.823 -10.994 1.775 -10.954 -8.459 3.739 
3 16 -12.85 -7.65 4.143 -14.692 -10.309 2.089 -12.823 -10.994 1.775 
3 16 -10.954 -8.459 3.739 -10.683 -10.715 1.021 -9.215 -8.686 3.117 
3 16 -10.954 -8.459 3.739 -12.823 -10.994 1.775 -10.683 -10.715 1.021 
3 16 -9.215 -8.686 3.117 -8.882 -9.66 0.301 -7.966 -8.398 2.245 
3 16 -9.215 -8.686 3.117 -10.683 -10.715 1.021 -8.882 -9.66 0.301 
3 16 -7.966 -8.398 2.245 -7.256 -8.682 0.123 -7 -8.102 1.942 
3 16 -7.966 -8.398 2.245 -8.882 -9.66 0.301 -7.256 -8.682 0.123 
3 16 -6.649 -6.304 3.729 -6.028 -6.431 3.144 -5.245 -4.285 3.549 
3 16 -6.649 -6.304 3.729 -5.245 -4.285 3.549 -5.564 -4.193 4.318 
3 16 -8.993 -5.845 4.877 -9.267 -2.66 5.532 -10.858 -4.939 5.199 
3 16 -8.993 -5.845 4.877 -7.485 -3.51 5.201 -9.267 -2.66 5.532 
3 16 -7.697 -6.292 4.406 -7.485 -3.51 5.201 -8.993 -5.845 4.877 
3 16 -7.697 -6.292 4.406 -6.474 -3.897 4.907 -7.485 -3.51 5.201 
3 16 -6.649 -6.304 3.729 -6.474 -3.897 4.907 -7.697 -6.292 4.406 
3 16 -6.649 -6.304 3.729 -5.564 -4.193 4.318 -6.474 -3.897 4.907 
3 16 -10.858 -4.939 5.199 -9.267 -2.66 5.532 -10.888 -1.681 5.56 
3 16 -10.858 -4.939 5.199 -10.888 -1.681 5.56 -12.521 -3.929 5.24 
3 16 -12.521 -3.929 5.24 -10.888 -1.681 5.56 -12.776 -0.484 5.311 
3 16 -12.521 -3.929 5.24 -12.776 -0.484 5.311 -14.44 -2.466 4.97 
3 16 -15.919 -1.208 3.722 -14.44 -2.466 4.97 -12.776 -0.484 5.311 
3 16 -15.919 -1.208 3.722 -12.776 -0.484 5.311 -14.144 1.096 4.18 
3 16 -17.002 -0.072 1.439 -15.919 -1.208 3.722 -14.144 1.096 4.18 
3 16 -17.908 -2.663 0.712 -15.919 -1.208 3.722 -17.002 -0.072 1.439 
3 16 -18.085 -2.143 -1.217 -17.908 -2.663 0.712 -17.002 -0.072 1.439 
3 16 -18.085 -2.143 -1.217 -17.002 -0.072 1.439 -17.355 0.445 -0.925 
3 16 -18.085 -2.143 -1.217 -18.208 -5.116 -0.096 -17.908 -2.663 0.712 
3 16 -18.085 -2.143 -1.217 -18.291 -5.109 -1.434 -18.208 -5.116 -0.096 
3 16 -18.291 -5.109 -1.434 -17.867 -6.342 0.934 -18.208 -5.116 -0.096 
3 16 -18.291 -5.109 -1.434 -18.22 -7.549 -1.326 -17.867 -6.342 0.934 
3 16 -18.208 -5.116 -0.096 -17.074 -3.832 2.599 -17.908 -2.663 0.712 
3 16 -18.208 -5.116 -0.096 -17.867 -6.342 0.934 -17.074 -3.832 2.599 
3 16 -17.908 -2.663 0.712 -17.074 -3.832 2.599 -15.919 -1.208 3.722 
3 16 -18.085 -2.143 -1.217 -17.355 0.445 -0.925 -17.182 0.284 -4.125 
3 16 -18.085 -2.143 -1.217 -17.182 0.284 -4.125 -17.751 -2.06 -4.097 
3 16 -18.291 -5.109 -1.434 -18.085 -2.143 -1.217 -17.751 -2.06 -4.097 
3 16 -17.355 0.445 -0.925 -17.002 -0.072 1.439 -15.249 2.411 1.833 
3 16 -17.002 -0.072 1.439 -14.144 1.096 4.18 -15.249 2.411 1.833 
3 16 -17.355 0.445 -0.925 -15.249 2.411 1.833 -15.468 2.786 -0.931 
3 16 -17.182 0.284 -4.125 -17.355 0.445 -0.925 -15.468 2.786 -0.931 
3 16 -17.182 0.284 -4.125 -15.468 2.786 -0.931 -15.693 2.99 -4.125 
3 16 -18.291 -5.109 -1.434 -17.751 -2.06 -4.097 -18.158 -5.124 -4.116 
3 16 -18.291 -5.109 -1.434 -18.082 -7.562 -4.125 -18.22 -7.549 -1.326 
3 16 -18.291 -5.109 -1.434 -18.158 -5.124 -4.116 -18.082 -7.562 -4.125 
3 16 -18.22 -7.549 -1.326 -18.082 -7.562 -4.125 -17.899 -9.187 -4.125 
3 16 -18.22 -7.549 -1.326 -17.899 -9.187 -4.125 -17.915 -9.019 -1.112 
3 16 -17.219 -10.494 -0.931 -17.915 -9.019 -1.112 -17.899 -9.187 -4.125 
3 16 -17.219 -10.494 -0.931 -17.899 -9.187 -4.125 -17.421 -11 -4.125 
3 16 -15.943 -12.164 -0.666 -17.219 -10.494 -0.931 -17.421 -11 -4.125 
3 16 -15.943 -12.164 -0.666 -17.421 -11 -4.125 -16.617 -12.741 -4.125 
3 16 -15.943 -12.164 -0.666 -16.617 -12.741 -4.125 -14.924 -12.987 -4.131 
3 16 -15.943 -12.164 -0.666 -14.924 -12.987 -4.131 -13.989 -12.804 -0.82 
3 16 -13.989 -12.804 -0.82 -14.924 -12.987 -4.131 -12.605 -12.23 -4.125 
3 16 -13.989 -12.804 -0.82 -12.605 -12.23 -4.125 -11.696 -11.751 -1.437 
3 16 -11.696 -11.751 -1.437 -12.605 -12.23 -4.125 -10.062 -10.556 -4.125 
3 16 -11.696 -11.751 -1.437 -10.062 -10.556 -4.125 -9.616 -10.243 -1.802 
3 16 -9.616 -10.243 -1.802 -10.062 -10.556 -4.125 -8.5 -9.261 -4.125 
3 16 -9.616 -10.243 -1.802 -8.5 -9.261 -4.125 -7.135 -8.579 -2.167 
3 16 -7.135 -8.579 -2.167 -8.5 -9.261 -4.125 -7.169 -7.867 -4.125 
3 16 -7.135 -8.579 -2.167 -7.169 -7.867 -4.125 -6.592 -7.914 -3.007 
3 16 -6.592 -7.914 -3.007 -7.169 -7.867 -4.125 -5.825 -6.33 -4.118 
3 16 -6.592 -7.914 -3.007 -5.825 -6.33 -4.118 -5.535 -6.63 -3.286 
3 16 -4.527 -4.488 -4.125 -5.535 -6.63 -3.286 -5.825 -6.33 -4.118 
3 16 -4.527 -4.488 -4.125 -4.057 -4.577 -3.495 -5.535 -6.63 -3.286 
3 16 -12.001 -4.125 -4.125 -16.169 -4.927 -4.125 -15.518 -1.982 -4.125 
3 16 -12.001 -4.125 -4.125 -13.214 -6.719 -4.125 -16.169 -4.927 -4.125 
3 16 -10.603 -8.531 -4.125 -13.214 -6.719 -4.125 -12.001 -4.125 -4.125 
3 16 -10.603 -8.531 -4.125 -12.001 -4.125 -4.125 -8.545 -6.12 -4.125 
3 16 -13.214 -6.719 -4.125 -10.603 -8.531 -4.125 -13.322 -10.564 -4.127 
3 16 -13.214 -6.719 -4.125 -13.322 -10.564 -4.127 -14.671 -9.633 -4.125 
3 16 -14.652 -11.373 -4.13 -14.671 -9.633 -4.125 -13.322 -10.564 -4.127 
3 16 -14.652 -11.373 -4.13 -15.682 -11.193 -4.125 -14.671 -9.633 -4.125 
3 16 -16.244 -10.445 -4.125 -14.671 -9.633 -4.125 -15.682 -11.193 -4.125 
3 16 -16.244 -10.445 -4.125 -16.43 -8.566 -4.125 -14.671 -9.633 -4.125 
3 16 -13.214 -6.719 -4.125 -16.43 -8.566 -4.125 -16.169 -4.927 -4.125 
3 16 -13.214 -6.719 -4.125 -14.671 -9.633 -4.125 -16.43 -8.566 -4.125 
3 16 -8.545 -6.12 -4.125 -8.5 -9.261 -4.125 -10.603 -8.531 -4.125 
3 16 -8.545 -6.12 -4.125 -7.169 -7.867 -4.125 -8.5 -9.261 -4.125 
3 16 -10.603 -8.531 -4.125 -8.5 -9.261 -4.125 -10.062 -10.556 -4.125 
3 16 -13.322 -10.564 -4.127 -10.603 -8.531 -4.125 -10.062 -10.556 -4.125 
3 16 -13.322 -10.564 -4.127 -10.062 -10.556 -4.125 -12.605 -12.23 -4.125 
3 16 -12.605 -12.23 -4.125 -14.652 -11.373 -4.13 -13.322 -10.564 -4.127 
3 16 -12.605 -12.23 -4.125 -14.924 -12.987 -4.131 -14.652 -11.373 -4.13 
3 16 -15.682 -11.193 -4.125 -14.652 -11.373 -4.13 -14.924 -12.987 -4.131 
3 16 -15.682 -11.193 -4.125 -17.421 -11 -4.125 -16.244 -10.445 -4.125 
3 16 -15.682 -11.193 -4.125 -16.617 -12.741 -4.125 -17.421 -11 -4.125 
3 16 -15.682 -11.193 -4.125 -14.924 -12.987 -4.131 -16.617 -12.741 -4.125 
3 16 -16.244 -10.445 -4.125 -17.899 -9.187 -4.125 -16.43 -8.566 -4.125 
3 16 -16.244 -10.445 -4.125 -17.421 -11 -4.125 -17.899 -9.187 -4.125 
3 16 -16.43 -8.566 -4.125 -17.899 -9.187 -4.125 -18.082 -7.562 -4.125 
3 16 -8.545 -6.12 -4.125 -5.825 -6.33 -4.118 -7.169 -7.867 -4.125 
3 16 -18.082 -7.562 -4.125 -16.169 -4.927 -4.125 -16.43 -8.566 -4.125 
3 16 -18.082 -7.562 -4.125 -18.158 -5.124 -4.116 -16.169 -4.927 -4.125 
3 16 -17.751 -2.06 -4.097 -16.169 -4.927 -4.125 -18.158 -5.124 -4.116 
3 16 -17.751 -2.06 -4.097 -15.518 -1.982 -4.125 -16.169 -4.927 -4.125 
3 16 -15.518 -1.982 -4.125 -17.751 -2.06 -4.097 -17.182 0.284 -4.125 
3 16 -7.024 -3.694 -4.125 -5.825 -6.33 -4.118 -8.545 -6.12 -4.125 
3 16 -8.545 -6.12 -4.125 -9.667 -2.439 -4.125 -7.024 -3.694 -4.125 
3 16 -8.545 -6.12 -4.125 -12.001 -4.125 -4.125 -9.667 -2.439 -4.125 
3 16 -15.518 -1.982 -4.125 -12.023 -0.859 -4.125 -12.001 -4.125 -4.125 
3 16 -12.001 -4.125 -4.125 -12.023 -0.859 -4.125 -9.667 -2.439 -4.125 
3 16 -15.518 -1.982 -4.125 -14.089 1.006 -4.125 -12.023 -0.859 -4.125 
3 16 -17.182 0.284 -4.125 -14.089 1.006 -4.125 -15.518 -1.982 -4.125 
3 16 -7.024 -3.694 -4.125 -4.527 -4.488 -4.125 -5.825 -6.33 -4.118 
3 16 -17.182 0.284 -4.125 -15.693 2.99 -4.125 -14.089 1.006 -4.125 
3 16 -2.825 -4.777 3.15 -0.938 -4.976 1.624 -1.624 -4.92 0.938 
3 16 -0.938 -4.976 1.624 -2.825 -4.777 3.15 -0.001 -5.005 3.17 
3 16 -0.938 -4.976 1.624 -0.001 -5.005 3.17 0 -5.005 1.875 
3 16 -1.624 -4.92 0.938 -3.555 -4.761 -0.179 -2.825 -4.777 3.15 
3 16 -1.624 -4.92 0.938 -1.875 -4.89 0 -3.555 -4.761 -0.179 
3 16 -1.624 -4.92 -0.938 -3.555 -4.761 -0.179 -1.875 -4.89 0 
3 16 0.938 0 1.624 1.624 -4.92 0.938 1.624 0 0.938 
3 16 0.938 0 1.624 0.938 -4.976 1.624 1.624 -4.92 0.938 
3 16 0 0 1.875 0.938 -4.976 1.624 0.938 0 1.624 
3 16 0 0 1.875 0 -5.005 1.875 0.938 -4.976 1.624 
3 16 1.624 0 0.938 1.624 -4.92 0.938 1.875 -4.89 0 
3 16 1.624 0 0.938 1.875 -4.89 0 1.875 0 0 
3 16 1.875 -4.89 0 1.624 0 -0.938 1.875 0 0 
3 16 1.875 -4.89 0 1.624 -4.92 -0.938 1.624 0 -0.938 
3 16 1.624 -4.92 -0.938 0.938 0 -1.624 1.624 0 -0.938 
3 16 1.624 -4.92 -0.938 0.938 -4.976 -1.624 0.938 0 -1.624 
3 16 0.938 -4.976 -1.624 0 0 -1.875 0.938 0 -1.624 
3 16 0.938 -4.976 -1.624 0 -5.005 -1.875 0 0 -1.875 
3 16 0 0 -1.875 0 -5.005 -1.875 -0.938 -4.976 -1.624 
3 16 0 0 -1.875 -0.938 -4.976 -1.624 -0.938 0 -1.624 
3 16 -0.938 0 -1.624 -0.938 -4.976 -1.624 -1.624 -4.92 -0.938 
3 16 -0.938 0 -1.624 -1.624 -4.92 -0.938 -1.624 0 -0.938 
3 16 -1.624 0 -0.938 -1.624 -4.92 -0.938 -1.875 -4.89 0 
3 16 -1.624 0 -0.938 -1.875 -4.89 0 -1.875 0 0 
3 16 -1.875 -4.89 0 -1.624 0 0.938 -1.875 0 0 
3 16 -1.875 -4.89 0 -1.624 -4.92 0.938 -1.624 0 0.938 
3 16 -1.624 -4.92 0.938 -0.938 0 1.624 -1.624 0 0.938 
3 16 -1.624 -4.92 0.938 -0.938 -4.976 1.624 -0.938 0 1.624 
3 16 -0.938 -4.976 1.624 0 0 1.875 -0.938 0 1.624 
3 16 -0.938 -4.976 1.624 0 -5.005 1.875 0 0 1.875 
3 16 1.624 0 0.938 0 0 0 0.938 0 1.624 
3 16 0.938 0 1.624 0 0 0 0 0 1.875 
3 16 0 0 1.875 0 0 0 -0.938 0 1.624 
3 16 -0.938 0 1.624 0 0 0 -1.624 0 0.938 
3 16 -1.624 0 0.938 0 0 0 -1.875 0 0 
3 16 -1.875 0 0 0 0 0 -1.624 0 -0.938 
3 16 -1.624 0 -0.938 0 0 0 -0.938 0 -1.624 
3 16 -0.938 0 -1.624 0 0 0 0 0 -1.875 
3 16 0 0 -1.875 0 0 0 0.938 0 -1.624 
3 16 0.938 0 -1.624 0 0 0 1.624 0 -0.938 
3 16 1.624 0 -0.938 0 0 0 1.875 0 0 
3 16 1.875 0 0 0 0 0 1.624 0 0.938 
5 24 6.028 -6.431 3.144 3.552 -8.785 2.269 7 -8.102 1.942 3.283 -7.246 3.165 
5 24 3.552 -8.785 2.269 7 -8.102 1.942 6.028 -6.431 3.144 3.662 -9.185 0.247 
2 24 7 -8.102 1.942 6.028 -6.431 3.144 
5 24 6.028 -6.431 3.144 3.283 -7.246 3.165 3.552 -8.785 2.269 5.245 -4.285 3.549 
5 24 3.283 -7.246 3.165 3.552 -8.785 2.269 6.028 -6.431 3.144 -0.001 -8.947 2.361 
5 24 3.283 -7.246 3.165 -0.001 -8.947 2.361 3.552 -8.785 2.269 -0.001 -7.322 3.282 
5 24 -0.001 -8.947 2.361 3.552 -8.785 2.269 3.283 -7.246 3.165 -0.001 -9.346 0.269 
5 24 3.283 -7.246 3.165 -0.001 -7.322 3.282 -0.001 -8.947 2.361 2.825 -4.777 3.15 
5 24 -0.001 -7.322 3.282 -0.001 -8.947 2.361 3.283 -7.246 3.165 -3.283 -7.246 3.165 
5 24 -0.001 -8.947 2.361 -0.001 -9.346 0.269 3.552 -8.785 2.269 -3.552 -8.785 2.269 
5 24 -0.001 -9.346 0.269 3.552 -8.785 2.269 -0.001 -8.947 2.361 3.662 -9.185 0.247 
5 24 -0.001 -9.346 0.269 3.662 -9.185 0.247 3.552 -8.785 2.269 3.56 -9.121 -1.836 
5 24 3.662 -9.185 0.247 3.552 -8.785 2.269 -0.001 -9.346 0.269 7 -8.102 1.942 
5 24 3.662 -9.185 0.247 7 -8.102 1.942 3.552 -8.785 2.269 7.256 -8.682 0.123 
5 24 3.56 -9.121 -1.836 3.662 -9.185 0.247 -0.001 -9.346 0.269 7.256 -8.682 0.123 
5 24 -0.001 -9.346 0.269 3.56 -9.121 -1.836 3.662 -9.185 0.247 -0.001 -9.347 -1.817 
5 24 7.256 -8.682 0.123 3.662 -9.185 0.247 3.56 -9.121 -1.836 7 -8.102 1.942 
5 24 3.56 -9.121 -1.836 7.256 -8.682 0.123 3.662 -9.185 0.247 7.135 -8.579 -2.167 
2 24 7.256 -8.682 0.123 7 -8.102 1.942 
5 24 3.56 -9.121 -1.836 7.135 -8.579 -2.167 7.256 -8.682 0.123 6.592 -7.914 -3.007 
2 24 7.135 -8.579 -2.167 7.256 -8.682 0.123 
5 24 -0.001 -9.346 0.269 -0.001 -9.347 -1.817 3.56 -9.121 -1.836 -3.56 -9.121 -1.836 
5 24 -0.001 -9.347 -1.817 3.56 -9.121 -1.836 -0.001 -9.346 0.269 3.228 -8.238 -2.879 
2 24 6.592 -7.914 -3.007 7.135 -8.579 -2.167 
5 24 3.56 -9.121 -1.836 6.592 -7.914 -3.007 7.135 -8.579 -2.167 3.228 -8.238 -2.879 
5 24 3.56 -9.121 -1.836 3.228 -8.238 -2.879 6.592 -7.914 -3.007 -0.001 -9.347 -1.817 
5 24 3.228 -8.238 -2.879 6.592 -7.914 -3.007 3.56 -9.121 -1.836 5.535 -6.63 -3.286 
5 24 -0.001 -9.347 -1.817 3.228 -8.238 -2.879 3.56 -9.121 -1.836 -0.001 -8.502 -2.874 
5 24 -0.001 -9.347 -1.817 -0.001 -8.502 -2.874 3.228 -8.238 -2.879 -3.228 -8.238 -2.879 
5 24 -0.001 -8.502 -2.874 3.228 -8.238 -2.879 -0.001 -9.347 -1.817 2.854 -7.044 -3.124 
2 24 5.535 -6.63 -3.286 6.592 -7.914 -3.007 
5 24 3.228 -8.238 -2.879 5.535 -6.63 -3.286 6.592 -7.914 -3.007 2.854 -7.044 -3.124 
5 24 3.228 -8.238 -2.879 2.854 -7.044 -3.124 5.535 -6.63 -3.286 -0.001 -8.502 -2.874 
5 24 2.854 -7.044 -3.124 5.535 -6.63 -3.286 3.228 -8.238 -2.879 4.057 -4.577 -3.495 
5 24 -0.001 -8.502 -2.874 2.854 -7.044 -3.124 3.228 -8.238 -2.879 0 -7.287 -3.134 
5 24 -0.001 -8.502 -2.874 0 -7.287 -3.134 2.854 -7.044 -3.124 -2.854 -7.044 -3.124 
5 24 0 -7.287 -3.134 2.854 -7.044 -3.124 -0.001 -8.502 -2.874 2.372 -4.835 -3.17 
5 24 2.372 -4.835 -3.17 2.854 -7.044 -3.124 0 -7.287 -3.134 4.057 -4.577 -3.495 
5 24 0 -7.287 -3.134 -0.002 -5.005 -3.178 2.372 -4.835 -3.17 -2.372 -4.835 -3.17 
2 24 -0.002 -5.005 -3.178 2.372 -4.835 -3.17 
5 24 4.057 -4.577 -3.495 2.854 -7.044 -3.124 2.372 -4.835 -3.17 5.535 -6.63 -3.286 
2 24 2.372 -4.835 -3.17 4.057 -4.577 -3.495 
2 24 4.057 -4.577 -3.495 5.535 -6.63 -3.286 
5 24 -0.001 -9.346 0.269 -3.56 -9.121 -1.836 -0.001 -9.347 -1.817 -3.662 -9.185 0.247 
5 24 -3.56 -9.121 -1.836 -0.001 -9.347 -1.817 -0.001 -9.346 0.269 -3.228 -8.238 -2.879 
5 24 -0.001 -9.346 0.269 -3.662 -9.185 0.247 -3.56 -9.121 -1.836 -3.552 -8.785 2.269 
5 24 -3.662 -9.185 0.247 -3.56 -9.121 -1.836 -0.001 -9.346 0.269 -7.256 -8.682 0.123 
5 24 -7.256 -8.682 0.123 -3.56 -9.121 -1.836 -3.662 -9.185 0.247 -7.135 -8.579 -2.167 
5 24 -3.662 -9.185 0.247 -7.256 -8.682 0.123 -3.56 -9.121 -1.836 -7 -8.102 1.942 
2 24 -7.256 -8.682 0.123 -7.135 -8.579 -2.167 
5 24 -7.135 -8.579 -2.167 -3.56 -9.121 -1.836 -7.256 -8.682 0.123 -6.592 -7.914 -3.007 
5 24 -6.592 -7.914 -3.007 -3.56 -9.121 -1.836 -7.135 -8.579 -2.167 -3.228 -8.238 -2.879 
2 24 -7.135 -8.579 -2.167 -6.592 -7.914 -3.007 
5 24 -6.592 -7.914 -3.007 -3.228 -8.238 -2.879 -3.56 -9.121 -1.836 -5.535 -6.63 -3.286 
5 24 -3.228 -8.238 -2.879 -3.56 -9.121 -1.836 -6.592 -7.914 -3.007 -0.001 -9.347 -1.817 
5 24 -0.001 -9.347 -1.817 -3.228 -8.238 -2.879 -0.001 -8.502 -2.874 -3.56 -9.121 -1.836 
5 24 -3.228 -8.238 -2.879 -0.001 -8.502 -2.874 -0.001 -9.347 -1.817 -2.854 -7.044 -3.124 
5 24 -5.535 -6.63 -3.286 -3.228 -8.238 -2.879 -6.592 -7.914 -3.007 -2.854 -7.044 -3.124 
2 24 -6.592 -7.914 -3.007 -5.535 -6.63 -3.286 
5 24 -5.535 -6.63 -3.286 -2.854 -7.044 -3.124 -3.228 -8.238 -2.879 -4.057 -4.577 -3.495 
5 24 -2.854 -7.044 -3.124 -3.228 -8.238 -2.879 -5.535 -6.63 -3.286 -0.001 -8.502 -2.874 
5 24 -2.854 -7.044 -3.124 -0.001 -8.502 -2.874 -3.228 -8.238 -2.879 0 -7.287 -3.134 
5 24 -2.854 -7.044 -3.124 0 -7.287 -3.134 -0.001 -8.502 -2.874 -2.372 -4.835 -3.17 
5 24 -3.552 -8.785 2.269 -3.662 -9.185 0.247 -0.001 -9.346 0.269 -7 -8.102 1.942 
5 24 -0.001 -9.346 0.269 -3.552 -8.785 2.269 -3.662 -9.185 0.247 -0.001 -8.947 2.361 
5 24 -0.001 -8.947 2.361 -3.552 -8.785 2.269 -0.001 -9.346 0.269 -3.283 -7.246 3.165 
5 24 -3.283 -7.246 3.165 -3.552 -8.785 2.269 -0.001 -8.947 2.361 -6.028 -6.431 3.144 
5 24 -0.001 -8.947 2.361 -3.283 -7.246 3.165 -3.552 -8.785 2.269 -0.001 -7.322 3.282 
5 24 -6.028 -6.431 3.144 -3.552 -8.785 2.269 -3.283 -7.246 3.165 -7 -8.102 1.942 
5 24 -3.283 -7.246 3.165 -6.028 -6.431 3.144 -3.552 -8.785 2.269 -5.245 -4.285 3.549 
2 24 -6.028 -6.431 3.144 -7 -8.102 1.942 
5 24 -7 -8.102 1.942 -3.552 -8.785 2.269 -6.028 -6.431 3.144 -3.662 -9.185 0.247 
5 24 -7 -8.102 1.942 -3.662 -9.185 0.247 -3.552 -8.785 2.269 -7.256 -8.682 0.123 
2 24 -7 -8.102 1.942 -7.256 -8.682 0.123 
5 24 -0.001 -7.322 3.282 -3.283 -7.246 3.165 -0.001 -8.947 2.361 -2.825 -4.777 3.15 
5 24 -3.283 -7.246 3.165 -5.245 -4.285 3.549 -6.028 -6.431 3.144 -2.825 -4.777 3.15 
2 24 -5.245 -4.285 3.549 -6.028 -6.431 3.144 
5 24 -3.283 -7.246 3.165 -2.825 -4.777 3.15 -5.245 -4.285 3.549 -0.001 -7.322 3.282 
2 24 -2.825 -4.777 3.15 -5.245 -4.285 3.549 
5 24 -0.001 -7.322 3.282 -2.825 -4.777 3.15 -3.283 -7.246 3.165 -0.001 -5.005 3.17 
5 24 -0.001 -7.322 3.282 -0.001 -5.005 3.17 -2.825 -4.777 3.15 2.825 -4.777 3.15 
2 24 -0.001 -5.005 3.17 -2.825 -4.777 3.15 
5 24 -0.001 -7.322 3.282 2.825 -4.777 3.15 -0.001 -5.005 3.17 3.283 -7.246 3.165 
2 24 2.825 -4.777 3.15 -0.001 -5.005 3.17 
5 24 3.283 -7.246 3.165 2.825 -4.777 3.15 -0.001 -7.322 3.282 5.245 -4.285 3.549 
5 24 3.283 -7.246 3.165 5.245 -4.285 3.549 2.825 -4.777 3.15 6.028 -6.431 3.144 
2 24 5.245 -4.285 3.549 2.825 -4.777 3.15 
2 24 6.028 -6.431 3.144 5.245 -4.285 3.549 
2 24 -5.535 -6.63 -3.286 -4.057 -4.577 -3.495 
5 24 -4.057 -4.577 -3.495 -2.854 -7.044 -3.124 -5.535 -6.63 -3.286 -2.372 -4.835 -3.17 
2 24 -4.057 -4.577 -3.495 -2.372 -4.835 -3.17 
5 24 -2.372 -4.835 -3.17 -2.854 -7.044 -3.124 -4.057 -4.577 -3.495 0 -7.287 -3.134 
2 24 -2.372 -4.835 -3.17 -0.002 -5.005 -3.178 
5 24 8.882 -9.66 0.301 7.135 -8.579 -2.167 9.616 -10.243 -1.802 7.256 -8.682 0.123 
5 24 7.135 -8.579 -2.167 9.616 -10.243 -1.802 8.882 -9.66 0.301 8.5 -9.261 -4.125 
5 24 9.616 -10.243 -1.802 8.882 -9.66 0.301 7.135 -8.579 -2.167 10.683 -10.715 1.021 
5 24 8.882 -9.66 0.301 7.256 -8.682 0.123 7.135 -8.579 -2.167 7.966 -8.398 2.245 
5 24 10.683 -10.715 1.021 8.882 -9.66 0.301 9.616 -10.243 -1.802 9.215 -8.686 3.117 
5 24 9.616 -10.243 -1.802 10.683 -10.715 1.021 8.882 -9.66 0.301 11.696 -11.751 -1.437 
5 24 9.616 -10.243 -1.802 11.696 -11.751 -1.437 10.683 -10.715 1.021 10.062 -10.556 -4.125 
5 24 11.696 -11.751 -1.437 10.683 -10.715 1.021 9.616 -10.243 -1.802 12.823 -10.994 1.775 
5 24 11.696 -11.751 -1.437 12.823 -10.994 1.775 10.683 -10.715 1.021 13.989 -12.804 -0.82 
5 24 12.823 -10.994 1.775 10.683 -10.715 1.021 11.696 -11.751 -1.437 10.954 -8.459 3.739 
5 24 11.696 -11.751 -1.437 13.989 -12.804 -0.82 12.823 -10.994 1.775 12.605 -12.23 -4.125 
5 24 13.989 -12.804 -0.82 12.823 -10.994 1.775 11.696 -11.751 -1.437 14.692 -10.309 2.089 
5 24 13.989 -12.804 -0.82 14.692 -10.309 2.089 12.823 -10.994 1.775 15.943 -12.164 -0.666 
5 24 14.692 -10.309 2.089 12.823 -10.994 1.775 13.989 -12.804 -0.82 12.85 -7.65 4.143 
5 24 13.989 -12.804 -0.82 15.943 -12.164 -0.666 14.692 -10.309 2.089 14.924 -12.987 -4.131 
5 24 15.943 -12.164 -0.666 14.692 -10.309 2.089 13.989 -12.804 -0.82 17.219 -10.494 -0.931 
5 24 17.219 -10.494 -0.931 14.692 -10.309 2.089 15.943 -12.164 -0.666 16.198 -8.978 2.083 
5 24 15.943 -12.164 -0.666 17.219 -10.494 -0.931 14.692 -10.309 2.089 17.421 -11 -4.125 
5 24 17.219 -10.494 -0.931 16.198 -8.978 2.083 14.692 -10.309 2.089 17.915 -9.019 -1.112 
5 24 16.198 -8.978 2.083 14.692 -10.309 2.089 17.219 -10.494 -0.931 12.85 -7.65 4.143 
5 24 17.219 -10.494 -0.931 17.915 -9.019 -1.112 16.198 -8.978 2.083 17.899 -9.187 -4.125 
5 24 17.915 -9.019 -1.112 16.198 -8.978 2.083 17.219 -10.494 -0.931 17.147 -7.624 1.682 
5 24 17.915 -9.019 -1.112 17.147 -7.624 1.682 16.198 -8.978 2.083 18.22 -7.549 -1.326 
5 24 17.147 -7.624 1.682 16.198 -8.978 2.083 17.915 -9.019 -1.112 14.465 -6.526 4.185 
5 24 18.22 -7.549 -1.326 17.147 -7.624 1.682 17.915 -9.019 -1.112 17.867 -6.342 0.934 
5 24 17.915 -9.019 -1.112 18.22 -7.549 -1.326 17.147 -7.624 1.682 17.899 -9.187 -4.125 
5 24 18.22 -7.549 -1.326 17.867 -6.342 0.934 17.147 -7.624 1.682 18.291 -5.109 -1.434 
5 24 17.867 -6.342 0.934 17.147 -7.624 1.682 18.22 -7.549 -1.326 15.983 -5.125 3.759 
5 24 17.867 -6.342 0.934 15.983 -5.125 3.759 17.147 -7.624 1.682 17.074 -3.832 2.599 
5 24 15.983 -5.125 3.759 17.147 -7.624 1.682 17.867 -6.342 0.934 14.465 -6.526 4.185 
5 24 17.867 -6.342 0.934 17.074 -3.832 2.599 15.983 -5.125 3.759 18.208 -5.116 -0.096 
5 24 17.074 -3.832 2.599 15.983 -5.125 3.759 17.867 -6.342 0.934 14.44 -2.466 4.97 
5 24 17.074 -3.832 2.599 14.44 -2.466 4.97 15.983 -5.125 3.759 15.919 -1.208 3.722 
5 24 14.44 -2.466 4.97 15.983 -5.125 3.759 17.074 -3.832 2.599 12.521 -3.929 5.24 
5 24 17.074 -3.832 2.599 15.919 -1.208 3.722 14.44 -2.466 4.97 17.908 -2.663 0.712 
5 24 15.919 -1.208 3.722 14.44 -2.466 4.97 17.074 -3.832 2.599 12.776 -0.484 5.311 
5 24 14.44 -2.466 4.97 12.521 -3.929 5.24 15.983 -5.125 3.759 12.776 -0.484 5.311 
5 24 12.521 -3.929 5.24 15.983 -5.125 3.759 14.44 -2.466 4.97 14.465 -6.526 4.185 
5 24 12.521 -3.929 5.24 14.465 -6.526 4.185 15.983 -5.125 3.759 12.85 -7.65 4.143 
5 24 14.465 -6.526 4.185 15.983 -5.125 3.759 12.521 -3.929 5.24 17.147 -7.624 1.682 
5 24 14.465 -6.526 4.185 17.147 -7.624 1.682 15.983 -5.125 3.759 16.198 -8.978 2.083 
5 24 14.465 -6.526 4.185 16.198 -8.978 2.083 17.147 -7.624 1.682 12.85 -7.65 4.143 
5 24 12.85 -7.65 4.143 14.465 -6.526 4.185 12.521 -3.929 5.24 16.198 -8.978 2.083 
5 24 12.521 -3.929 5.24 12.85 -7.65 4.143 14.465 -6.526 4.185 10.858 -4.939 5.199 
5 24 16.198 -8.978 2.083 12.85 -7.65 4.143 14.692 -10.309 2.089 14.465 -6.526 4.185 
5 24 12.85 -7.65 4.143 14.692 -10.309 2.089 16.198 -8.978 2.083 12.823 -10.994 1.775 
5 24 12.521 -3.929 5.24 10.858 -4.939 5.199 12.85 -7.65 4.143 10.888 -1.681 5.56 
5 24 10.858 -4.939 5.199 12.85 -7.65 4.143 12.521 -3.929 5.24 10.954 -8.459 3.739 
5 24 10.858 -4.939 5.199 10.954 -8.459 3.739 12.85 -7.65 4.143 8.993 -5.845 4.877 
5 24 10.954 -8.459 3.739 12.85 -7.65 4.143 10.858 -4.939 5.199 12.823 -10.994 1.775 
5 24 10.858 -4.939 5.199 8.993 -5.845 4.877 10.954 -8.459 3.739 9.267 -2.66 5.532 
5 24 8.993 -5.845 4.877 10.954 -8.459 3.739 10.858 -4.939 5.199 9.215 -8.686 3.117 
5 24 9.215 -8.686 3.117 10.954 -8.459 3.739 8.993 -5.845 4.877 10.683 -10.715 1.021 
5 24 8.993 -5.845 4.877 9.215 -8.686 3.117 10.954 -8.459 3.739 7.697 -6.292 4.406 
5 24 8.993 -5.845 4.877 7.697 -6.292 4.406 9.215 -8.686 3.117 7.485 -3.51 5.201 
5 24 7.697 -6.292 4.406 9.215 -8.686 3.117 8.993 -5.845 4.877 7.966 -8.398 2.245 
5 24 7.966 -8.398 2.245 9.215 -8.686 3.117 7.697 -6.292 4.406 8.882 -9.66 0.301 
5 24 7.697 -6.292 4.406 7.966 -8.398 2.245 9.215 -8.686 3.117 6.649 -6.304 3.729 
5 24 7.697 -6.292 4.406 6.649 -6.304 3.729 7.966 -8.398 2.245 6.474 -3.897 4.907 
5 24 6.649 -6.304 3.729 7.966 -8.398 2.245 7.697 -6.292 4.406 7 -8.102 1.942 
5 24 7 -8.102 1.942 7.966 -8.398 2.245 6.649 -6.304 3.729 7.256 -8.682 0.123 
5 24 6.649 -6.304 3.729 7 -8.102 1.942 7.966 -8.398 2.245 6.028 -6.431 3.144 
5 24 6.649 -6.304 3.729 6.028 -6.431 3.144 7 -8.102 1.942 5.245 -4.285 3.549 
5 24 10.954 -8.459 3.739 12.823 -10.994 1.775 12.85 -7.65 4.143 10.683 -10.715 1.021 
5 24 12.823 -10.994 1.775 12.85 -7.65 4.143 10.954 -8.459 3.739 14.692 -10.309 2.089 
5 24 10.683 -10.715 1.021 10.954 -8.459 3.739 9.215 -8.686 3.117 12.823 -10.994 1.775 
5 24 9.215 -8.686 3.117 10.683 -10.715 1.021 10.954 -8.459 3.739 8.882 -9.66 0.301 
5 24 8.882 -9.66 0.301 9.215 -8.686 3.117 7.966 -8.398 2.245 10.683 -10.715 1.021 
5 24 7.966 -8.398 2.245 8.882 -9.66 0.301 9.215 -8.686 3.117 7.256 -8.682 0.123 
5 24 7.256 -8.682 0.123 7.966 -8.398 2.245 7 -8.102 1.942 8.882 -9.66 0.301 
5 24 6.649 -6.304 3.729 5.245 -4.285 3.549 6.028 -6.431 3.144 5.564 -4.193 4.318 
5 24 6.649 -6.304 3.729 5.564 -4.193 4.318 5.245 -4.285 3.549 6.474 -3.897 4.907 
2 24 5.564 -4.193 4.318 5.245 -4.285 3.549 
5 24 10.858 -4.939 5.199 9.267 -2.66 5.532 8.993 -5.845 4.877 10.888 -1.681 5.56 
5 24 9.267 -2.66 5.532 8.993 -5.845 4.877 10.858 -4.939 5.199 7.485 -3.51 5.201 
5 24 10.858 -4.939 5.199 10.888 -1.681 5.56 9.267 -2.66 5.532 12.521 -3.929 5.24 
2 24 10.888 -1.681 5.56 9.267 -2.66 5.532 
5 24 12.521 -3.929 5.24 10.888 -1.681 5.56 10.858 -4.939 5.199 12.776 -0.484 5.311 
5 24 12.521 -3.929 5.24 12.776 -0.484 5.311 10.888 -1.681 5.56 14.44 -2.466 4.97 
2 24 12.776 -0.484 5.311 10.888 -1.681 5.56 
5 24 14.44 -2.466 4.97 12.776 -0.484 5.311 12.521 -3.929 5.24 15.919 -1.208 3.722 
5 24 15.919 -1.208 3.722 12.776 -0.484 5.311 14.44 -2.466 4.97 14.144 1.096 4.18 
5 24 15.919 -1.208 3.722 14.144 1.096 4.18 12.776 -0.484 5.311 17.002 -0.072 1.439 
2 24 14.144 1.096 4.18 12.776 -0.484 5.311 
5 24 15.919 -1.208 3.722 17.002 -0.072 1.439 14.144 1.096 4.18 17.908 -2.663 0.712 
5 24 17.002 -0.072 1.439 14.144 1.096 4.18 15.919 -1.208 3.722 15.249 2.411 1.833 
5 24 17.908 -2.663 0.712 17.002 -0.072 1.439 15.919 -1.208 3.722 18.085 -2.143 -1.217 
5 24 15.919 -1.208 3.722 17.908 -2.663 0.712 17.002 -0.072 1.439 17.074 -3.832 2.599 
5 24 17.908 -2.663 0.712 18.085 -2.143 -1.217 17.002 -0.072 1.439 18.208 -5.116 -0.096 
5 24 18.085 -2.143 -1.217 17.002 -0.072 1.439 17.908 -2.663 0.712 17.355 0.445 -0.925 
5 24 18.085 -2.143 -1.217 17.355 0.445 -0.925 17.002 -0.072 1.439 17.182 0.284 -4.125 
5 24 17.355 0.445 -0.925 17.002 -0.072 1.439 18.085 -2.143 -1.217 15.249 2.411 1.833 
5 24 18.208 -5.116 -0.096 18.085 -2.143 -1.217 17.908 -2.663 0.712 18.291 -5.109 -1.434 
5 24 17.908 -2.663 0.712 18.208 -5.116 -0.096 18.085 -2.143 -1.217 17.074 -3.832 2.599 
5 24 18.208 -5.116 -0.096 18.291 -5.109 -1.434 18.085 -2.143 -1.217 17.867 -6.342 0.934 
5 24 18.291 -5.109 -1.434 18.085 -2.143 -1.217 18.208 -5.116 -0.096 17.751 -2.06 -4.097 
5 24 18.208 -5.116 -0.096 17.867 -6.342 0.934 18.291 -5.109 -1.434 17.074 -3.832 2.599 
5 24 17.867 -6.342 0.934 18.291 -5.109 -1.434 18.208 -5.116 -0.096 18.22 -7.549 -1.326 
5 24 18.22 -7.549 -1.326 18.291 -5.109 -1.434 17.867 -6.342 0.934 18.082 -7.562 -4.125 
5 24 18.208 -5.116 -0.096 17.074 -3.832 2.599 17.867 -6.342 0.934 17.908 -2.663 0.712 
5 24 17.908 -2.663 0.712 17.074 -3.832 2.599 18.208 -5.116 -0.096 15.919 -1.208 3.722 
5 24 17.182 0.284 -4.125 17.355 0.445 -0.925 18.085 -2.143 -1.217 15.468 2.786 -0.931 
5 24 18.085 -2.143 -1.217 17.182 0.284 -4.125 17.355 0.445 -0.925 17.751 -2.06 -4.097 
5 24 18.085 -2.143 -1.217 17.751 -2.06 -4.097 17.182 0.284 -4.125 18.291 -5.109 -1.434 
2 24 17.751 -2.06 -4.097 17.182 0.284 -4.125 
5 24 18.291 -5.109 -1.434 17.751 -2.06 -4.097 18.085 -2.143 -1.217 18.158 -5.124 -4.116 
5 24 15.249 2.411 1.833 17.002 -0.072 1.439 17.355 0.445 -0.925 14.144 1.096 4.18 
5 24 17.355 0.445 -0.925 15.249 2.411 1.833 17.002 -0.072 1.439 15.468 2.786 -0.931 
2 24 15.249 2.411 1.833 14.144 1.096 4.18 
5 24 17.355 0.445 -0.925 15.468 2.786 -0.931 15.249 2.411 1.833 17.182 0.284 -4.125 
2 24 15.468 2.786 -0.931 15.249 2.411 1.833 
5 24 17.182 0.284 -4.125 15.468 2.786 -0.931 17.355 0.445 -0.925 15.693 2.99 -4.125 
2 24 17.182 0.284 -4.125 15.693 2.99 -4.125 
2 24 15.693 2.99 -4.125 15.468 2.786 -0.931 
5 24 18.291 -5.109 -1.434 18.158 -5.124 -4.116 17.751 -2.06 -4.097 18.082 -7.562 -4.125 
2 24 18.158 -5.124 -4.116 17.751 -2.06 -4.097 
2 24 18.082 -7.562 -4.125 18.158 -5.124 -4.116 
5 24 18.22 -7.549 -1.326 18.082 -7.562 -4.125 18.291 -5.109 -1.434 17.899 -9.187 -4.125 
5 24 18.22 -7.549 -1.326 17.899 -9.187 -4.125 18.082 -7.562 -4.125 17.915 -9.019 -1.112 
2 24 17.899 -9.187 -4.125 18.082 -7.562 -4.125 
5 24 17.915 -9.019 -1.112 17.899 -9.187 -4.125 18.22 -7.549 -1.326 17.219 -10.494 -0.931 
5 24 17.219 -10.494 -0.931 17.899 -9.187 -4.125 17.915 -9.019 -1.112 17.421 -11 -4.125 
5 24 17.219 -10.494 -0.931 17.421 -11 -4.125 17.899 -9.187 -4.125 15.943 -12.164 -0.666 
2 24 17.421 -11 -4.125 17.899 -9.187 -4.125 
5 24 15.943 -12.164 -0.666 17.421 -11 -4.125 17.219 -10.494 -0.931 16.617 -12.741 -4.125 
5 24 15.943 -12.164 -0.666 16.617 -12.741 -4.125 17.421 -11 -4.125 14.924 -12.987 -4.131 
2 24 16.617 -12.741 -4.125 17.421 -11 -4.125 
5 24 15.943 -12.164 -0.666 14.924 -12.987 -4.131 16.617 -12.741 -4.125 13.989 -12.804 -0.82 
2 24 14.924 -12.987 -4.131 16.617 -12.741 -4.125 
5 24 13.989 -12.804 -0.82 14.924 -12.987 -4.131 15.943 -12.164 -0.666 12.605 -12.23 -4.125 
5 24 13.989 -12.804 -0.82 12.605 -12.23 -4.125 14.924 -12.987 -4.131 11.696 -11.751 -1.437 
2 24 12.605 -12.23 -4.125 14.924 -12.987 -4.131 
5 24 11.696 -11.751 -1.437 12.605 -12.23 -4.125 13.989 -12.804 -0.82 10.062 -10.556 -4.125 
5 24 11.696 -11.751 -1.437 10.062 -10.556 -4.125 12.605 -12.23 -4.125 9.616 -10.243 -1.802 
2 24 10.062 -10.556 -4.125 12.605 -12.23 -4.125 
5 24 9.616 -10.243 -1.802 10.062 -10.556 -4.125 11.696 -11.751 -1.437 8.5 -9.261 -4.125 
5 24 9.616 -10.243 -1.802 8.5 -9.261 -4.125 10.062 -10.556 -4.125 7.135 -8.579 -2.167 
2 24 8.5 -9.261 -4.125 10.062 -10.556 -4.125 
5 24 7.135 -8.579 -2.167 8.5 -9.261 -4.125 9.616 -10.243 -1.802 7.169 -7.867 -4.125 
5 24 7.135 -8.579 -2.167 7.169 -7.867 -4.125 8.5 -9.261 -4.125 6.592 -7.914 -3.007 
2 24 7.169 -7.867 -4.125 8.5 -9.261 -4.125 
5 24 6.592 -7.914 -3.007 7.169 -7.867 -4.125 7.135 -8.579 -2.167 5.825 -6.33 -4.118 
5 24 6.592 -7.914 -3.007 5.825 -6.33 -4.118 7.169 -7.867 -4.125 5.535 -6.63 -3.286 
2 24 5.825 -6.33 -4.118 7.169 -7.867 -4.125 
5 24 5.535 -6.63 -3.286 5.825 -6.33 -4.118 6.592 -7.914 -3.007 4.527 -4.488 -4.125 
5 24 5.535 -6.63 -3.286 4.527 -4.488 -4.125 5.825 -6.33 -4.118 4.057 -4.577 -3.495 
2 24 4.527 -4.488 -4.125 5.825 -6.33 -4.118 
2 24 4.057 -4.577 -3.495 4.527 -4.488 -4.125 
5 24 15.518 -1.982 -4.125 16.169 -4.927 -4.125 12.001 -4.125 -4.125 17.751 -2.06 -4.097 
5 24 14.671 -9.633 -4.125 13.322 -10.564 -4.127 13.214 -6.719 -4.125 14.652 -11.373 -4.13 
5 24 14.671 -9.633 -4.125 14.652 -11.373 -4.13 13.322 -10.564 -4.127 15.682 -11.193 -4.125 
5 24 14.652 -11.373 -4.13 13.322 -10.564 -4.127 14.671 -9.633 -4.125 12.605 -12.23 -4.125 
5 24 14.671 -9.633 -4.125 15.682 -11.193 -4.125 14.652 -11.373 -4.13 16.244 -10.445 -4.125 
5 24 7.169 -7.867 -4.125 8.545 -6.12 -4.125 8.5 -9.261 -4.125 5.825 -6.33 -4.118 
5 24 13.322 -10.564 -4.127 12.605 -12.23 -4.125 10.062 -10.556 -4.125 14.652 -11.373 -4.13 
5 24 14.652 -11.373 -4.13 14.924 -12.987 -4.131 12.605 -12.23 -4.125 15.682 -11.193 -4.125 
5 24 16.617 -12.741 -4.125 15.682 -11.193 -4.125 17.421 -11 -4.125 14.924 -12.987 -4.131 
5 24 5.825 -6.33 -4.118 8.545 -6.12 -4.125 7.169 -7.867 -4.125 7.024 -3.694 -4.125 
5 24 16.169 -4.927 -4.125 18.082 -7.562 -4.125 16.43 -8.566 -4.125 18.158 -5.124 -4.116 
5 24 16.169 -4.927 -4.125 18.158 -5.124 -4.116 18.082 -7.562 -4.125 17.751 -2.06 -4.097 
5 24 16.169 -4.927 -4.125 17.751 -2.06 -4.097 18.158 -5.124 -4.116 15.518 -1.982 -4.125 
5 24 15.518 -1.982 -4.125 17.751 -2.06 -4.097 16.169 -4.927 -4.125 17.182 0.284 -4.125 
5 24 15.518 -1.982 -4.125 17.182 0.284 -4.125 17.751 -2.06 -4.097 14.089 1.006 -4.125 
2 24 12.023 -0.859 -4.125 14.089 1.006 -4.125 
2 24 9.667 -2.439 -4.125 12.023 -0.859 -4.125 
5 24 8.545 -6.12 -4.125 7.024 -3.694 -4.125 9.667 -2.439 -4.125 5.825 -6.33 -4.118 
2 24 7.024 -3.694 -4.125 9.667 -2.439 -4.125 
5 24 5.825 -6.33 -4.118 7.024 -3.694 -4.125 8.545 -6.12 -4.125 4.527 -4.488 -4.125 
2 24 4.527 -4.488 -4.125 7.024 -3.694 -4.125 
2 24 14.089 1.006 -4.125 15.693 2.99 -4.125 
5 24 0.938 -4.976 1.624 2.825 -4.777 3.15 1.624 -4.92 0.938 -0.001 -5.005 3.17 
5 24 2.825 -4.777 3.15 1.624 -4.92 0.938 0.938 -4.976 1.624 3.555 -4.761 -0.179 
2 24 1.624 -4.92 0.938 0.938 -4.976 1.624 
5 24 0.938 -4.976 1.624 -0.001 -5.005 3.17 2.825 -4.777 3.15 0 -5.005 1.875 
2 24 0.938 -4.976 1.624 0 -5.005 1.875 
5 24 0 -5.005 1.875 -0.001 -5.005 3.17 0.938 -4.976 1.624 -0.938 -4.976 1.624 
5 24 2.825 -4.777 3.15 3.555 -4.761 -0.179 1.624 -4.92 0.938 5.245 -4.285 3.549 
5 24 3.555 -4.761 -0.179 1.624 -4.92 0.938 2.825 -4.777 3.15 1.875 -4.89 0 
5 24 5.245 -4.285 3.549 3.555 -4.761 -0.179 2.825 -4.777 3.15 6.253 -3.983 -0.783 
5 24 5.245 -4.285 3.549 6.253 -3.983 -0.783 3.555 -4.761 -0.179 7.809 -3.385 2.643 
5 24 6.253 -3.983 -0.783 3.555 -4.761 -0.179 5.245 -4.285 3.549 4.057 -4.577 -3.495 
5 24 7.809 -3.385 2.643 6.253 -3.983 -0.783 5.245 -4.285 3.549 8.562 -3.021 -0.262 
5 24 5.245 -4.285 3.549 7.809 -3.385 2.643 6.253 -3.983 -0.783 5.564 -4.193 4.318 
5 24 5.564 -4.193 4.318 7.809 -3.385 2.643 5.245 -4.285 3.549 6.474 -3.897 4.907 
5 24 6.474 -3.897 4.907 7.809 -3.385 2.643 5.564 -4.193 4.318 7.485 -3.51 5.201 
2 24 5.564 -4.193 4.318 6.474 -3.897 4.907 
5 24 7.485 -3.51 5.201 7.809 -3.385 2.643 6.474 -3.897 4.907 9.267 -2.66 5.532 
2 24 6.474 -3.897 4.907 7.485 -3.51 5.201 
5 24 9.267 -2.66 5.532 7.809 -3.385 2.643 7.485 -3.51 5.201 10.254 -2.094 2.881 
2 24 7.485 -3.51 5.201 9.267 -2.66 5.532 
5 24 9.267 -2.66 5.532 10.254 -2.094 2.881 7.809 -3.385 2.643 10.888 -1.681 5.56 
5 24 10.254 -2.094 2.881 7.809 -3.385 2.643 9.267 -2.66 5.532 8.562 -3.021 -0.262 
5 24 10.254 -2.094 2.881 8.562 -3.021 -0.262 7.809 -3.385 2.643 11.263 -1.425 -0.606 
5 24 8.562 -3.021 -0.262 7.809 -3.385 2.643 10.254 -2.094 2.881 6.253 -3.983 -0.783 
5 24 8.562 -3.021 -0.262 6.253 -3.983 -0.783 7.809 -3.385 2.643 7.024 -3.694 -4.125 
5 24 10.254 -2.094 2.881 11.263 -1.425 -0.606 8.562 -3.021 -0.262 12.073 -0.826 3.124 
5 24 11.263 -1.425 -0.606 8.562 -3.021 -0.262 10.254 -2.094 2.881 9.667 -2.439 -4.125 
5 24 12.073 -0.826 3.124 11.263 -1.425 -0.606 10.254 -2.094 2.881 13.288 0.225 -0.549 
5 24 10.254 -2.094 2.881 12.073 -0.826 3.124 11.263 -1.425 -0.606 10.888 -1.681 5.56 
5 24 12.073 -0.826 3.124 13.288 0.225 -0.549 11.263 -1.425 -0.606 15.249 2.411 1.833 
5 24 13.288 0.225 -0.549 11.263 -1.425 -0.606 12.073 -0.826 3.124 12.023 -0.859 -4.125 
5 24 10.888 -1.681 5.56 10.254 -2.094 2.881 9.267 -2.66 5.532 12.073 -0.826 3.124 
5 24 10.888 -1.681 5.56 12.073 -0.826 3.124 10.254 -2.094 2.881 12.776 -0.484 5.311 
5 24 12.776 -0.484 5.311 12.073 -0.826 3.124 10.888 -1.681 5.56 14.144 1.096 4.18 
5 24 14.144 1.096 4.18 12.073 -0.826 3.124 12.776 -0.484 5.311 15.249 2.411 1.833 
5 24 7.024 -3.694 -4.125 6.253 -3.983 -0.783 8.562 -3.021 -0.262 4.057 -4.577 -3.495 
5 24 8.562 -3.021 -0.262 7.024 -3.694 -4.125 6.253 -3.983 -0.783 9.667 -2.439 -4.125 
5 24 8.562 -3.021 -0.262 9.667 -2.439 -4.125 7.024 -3.694 -4.125 11.263 -1.425 -0.606 
5 24 11.263 -1.425 -0.606 9.667 -2.439 -4.125 8.562 -3.021 -0.262 12.023 -0.859 -4.125 
5 24 12.023 -0.859 -4.125 11.263 -1.425 -0.606 13.288 0.225 -0.549 9.667 -2.439 -4.125 
5 24 13.288 0.225 -0.549 12.023 -0.859 -4.125 11.263 -1.425 -0.606 14.089 1.006 -4.125 
5 24 13.288 0.225 -0.549 14.089 1.006 -4.125 12.023 -0.859 -4.125 15.468 2.786 -0.931 
5 24 15.468 2.786 -0.931 14.089 1.006 -4.125 13.288 0.225 -0.549 15.693 2.99 -4.125 
5 24 13.288 0.225 -0.549 15.468 2.786 -0.931 14.089 1.006 -4.125 15.249 2.411 1.833 
5 24 13.288 0.225 -0.549 15.249 2.411 1.833 15.468 2.786 -0.931 12.073 -0.826 3.124 
5 24 15.249 2.411 1.833 12.073 -0.826 3.124 14.144 1.096 4.18 13.288 0.225 -0.549 
5 24 4.057 -4.577 -3.495 7.024 -3.694 -4.125 4.527 -4.488 -4.125 6.253 -3.983 -0.783 
5 24 4.057 -4.577 -3.495 6.253 -3.983 -0.783 7.024 -3.694 -4.125 3.555 -4.761 -0.179 
5 24 4.057 -4.577 -3.495 3.555 -4.761 -0.179 6.253 -3.983 -0.783 1.624 -4.92 -0.938 
5 24 1.624 -4.92 -0.938 3.555 -4.761 -0.179 4.057 -4.577 -3.495 1.875 -4.89 0 
5 24 4.057 -4.577 -3.495 1.624 -4.92 -0.938 3.555 -4.761 -0.179 2.372 -4.835 -3.17 
5 24 2.372 -4.835 -3.17 1.624 -4.92 -0.938 4.057 -4.577 -3.495 0.938 -4.976 -1.624 
5 24 2.372 -4.835 -3.17 0.938 -4.976 -1.624 1.624 -4.92 -0.938 -0.002 -5.005 -3.178 
2 24 0.938 -4.976 -1.624 1.624 -4.92 -0.938 
5 24 -0.002 -5.005 -3.178 0.938 -4.976 -1.624 2.372 -4.835 -3.17 0 -5.005 -1.875 
5 24 -0.002 -5.005 -3.178 0 -5.005 -1.875 0.938 -4.976 -1.624 -0.938 -4.976 -1.624 
2 24 0 -5.005 -1.875 0.938 -4.976 -1.624 
2 24 1.624 -4.92 -0.938 1.875 -4.89 0 
5 24 1.875 -4.89 0 3.555 -4.761 -0.179 1.624 -4.92 -0.938 1.624 -4.92 0.938 
2 24 1.875 -4.89 0 1.624 -4.92 0.938 
2 24 -0.938 -4.976 -1.624 0 -5.005 -1.875 
5 24 -0.002 -5.005 -3.178 -0.938 -4.976 -1.624 0 -5.005 -1.875 -2.372 -4.835 -3.17 
5 24 -2.372 -4.835 -3.17 -0.938 -4.976 -1.624 -0.002 -5.005 -3.178 -1.624 -4.92 -0.938 
2 24 -1.624 -4.92 -0.938 -0.938 -4.976 -1.624 
5 24 -2.372 -4.835 -3.17 -1.624 -4.92 -0.938 -0.938 -4.976 -1.624 -4.057 -4.577 -3.495 
5 24 -4.057 -4.577 -3.495 -1.624 -4.92 -0.938 -2.372 -4.835 -3.17 -3.555 -4.761 -0.179 
5 24 -4.057 -4.577 -3.495 -3.555 -4.761 -0.179 -1.624 -4.92 -0.938 -6.253 -3.983 -0.783 
5 24 -3.555 -4.761 -0.179 -1.624 -4.92 -0.938 -4.057 -4.577 -3.495 -1.875 -4.89 0 
5 24 -4.057 -4.577 -3.495 -6.253 -3.983 -0.783 -3.555 -4.761 -0.179 -7.024 -3.694 -4.125 
5 24 -6.253 -3.983 -0.783 -3.555 -4.761 -0.179 -4.057 -4.577 -3.495 -5.245 -4.285 3.549 
5 24 -6.253 -3.983 -0.783 -5.245 -4.285 3.549 -3.555 -4.761 -0.179 -7.809 -3.385 2.643 
5 24 -5.245 -4.285 3.549 -3.555 -4.761 -0.179 -6.253 -3.983 -0.783 -2.825 -4.777 3.15 
5 24 -2.825 -4.777 3.15 -3.555 -4.761 -0.179 -5.245 -4.285 3.549 -1.624 -4.92 0.938 
5 24 -7.809 -3.385 2.643 -5.245 -4.285 3.549 -6.253 -3.983 -0.783 -5.564 -4.193 4.318 
5 24 -6.253 -3.983 -0.783 -7.809 -3.385 2.643 -5.245 -4.285 3.549 -8.562 -3.021 -0.262 
5 24 -7.809 -3.385 2.643 -5.564 -4.193 4.318 -5.245 -4.285 3.549 -6.474 -3.897 4.907 
2 24 -5.564 -4.193 4.318 -5.245 -4.285 3.549 
5 24 -7.809 -3.385 2.643 -6.474 -3.897 4.907 -5.564 -4.193 4.318 -7.485 -3.51 5.201 
2 24 -6.474 -3.897 4.907 -5.564 -4.193 4.318 
5 24 -7.809 -3.385 2.643 -7.485 -3.51 5.201 -6.474 -3.897 4.907 -9.267 -2.66 5.532 
2 24 -7.485 -3.51 5.201 -6.474 -3.897 4.907 
5 24 -7.809 -3.385 2.643 -9.267 -2.66 5.532 -7.485 -3.51 5.201 -10.254 -2.094 2.881 
2 24 -9.267 -2.66 5.532 -7.485 -3.51 5.201 
5 24 -7.809 -3.385 2.643 -10.254 -2.094 2.881 -9.267 -2.66 5.532 -8.562 -3.021 -0.262 
5 24 -10.254 -2.094 2.881 -9.267 -2.66 5.532 -7.809 -3.385 2.643 -10.888 -1.681 5.56 
5 24 -7.809 -3.385 2.643 -8.562 -3.021 -0.262 -10.254 -2.094 2.881 -6.253 -3.983 -0.783 
5 24 -8.562 -3.021 -0.262 -10.254 -2.094 2.881 -7.809 -3.385 2.643 -11.263 -1.425 -0.606 
5 24 -6.253 -3.983 -0.783 -8.562 -3.021 -0.262 -7.809 -3.385 2.643 -7.024 -3.694 -4.125 
5 24 -8.562 -3.021 -0.262 -11.263 -1.425 -0.606 -10.254 -2.094 2.881 -9.667 -2.439 -4.125 
5 24 -11.263 -1.425 -0.606 -10.254 -2.094 2.881 -8.562 -3.021 -0.262 -12.073 -0.826 3.124 
5 24 -12.073 -0.826 3.124 -10.254 -2.094 2.881 -11.263 -1.425 -0.606 -10.888 -1.681 5.56 
5 24 -11.263 -1.425 -0.606 -12.073 -0.826 3.124 -10.254 -2.094 2.881 -13.288 0.225 -0.549 
5 24 -11.263 -1.425 -0.606 -13.288 0.225 -0.549 -12.073 -0.826 3.124 -12.023 -0.859 -4.125 
5 24 -13.288 0.225 -0.549 -12.073 -0.826 3.124 -11.263 -1.425 -0.606 -15.249 2.411 1.833 
5 24 -10.254 -2.094 2.881 -10.888 -1.681 5.56 -9.267 -2.66 5.532 -12.073 -0.826 3.124 
2 24 -10.888 -1.681 5.56 -9.267 -2.66 5.532 
5 24 -12.073 -0.826 3.124 -10.888 -1.681 5.56 -10.254 -2.094 2.881 -12.776 -0.484 5.311 
5 24 -12.073 -0.826 3.124 -12.776 -0.484 5.311 -10.888 -1.681 5.56 -14.144 1.096 4.18 
2 24 -12.776 -0.484 5.311 -10.888 -1.681 5.56 
5 24 -12.073 -0.826 3.124 -14.144 1.096 4.18 -12.776 -0.484 5.311 -15.249 2.411 1.833 
2 24 -14.144 1.096 4.18 -12.776 -0.484 5.311 
5 24 -6.253 -3.983 -0.783 -7.024 -3.694 -4.125 -8.562 -3.021 -0.262 -4.057 -4.577 -3.495 
5 24 -7.024 -3.694 -4.125 -8.562 -3.021 -0.262 -6.253 -3.983 -0.783 -9.667 -2.439 -4.125 
2 24 -7.024 -3.694 -4.125 -9.667 -2.439 -4.125 
5 24 -9.667 -2.439 -4.125 -8.562 -3.021 -0.262 -7.024 -3.694 -4.125 -11.263 -1.425 -0.606 
5 24 -9.667 -2.439 -4.125 -11.263 -1.425 -0.606 -8.562 -3.021 -0.262 -12.023 -0.859 -4.125 
5 24 -11.263 -1.425 -0.606 -12.023 -0.859 -4.125 -13.288 0.225 -0.549 -9.667 -2.439 -4.125 
5 24 -12.023 -0.859 -4.125 -13.288 0.225 -0.549 -11.263 -1.425 -0.606 -14.089 1.006 -4.125 
2 24 -9.667 -2.439 -4.125 -12.023 -0.859 -4.125 
2 24 -12.023 -0.859 -4.125 -14.089 1.006 -4.125 
5 24 -14.089 1.006 -4.125 -13.288 0.225 -0.549 -12.023 -0.859 -4.125 -15.468 2.786 -0.931 
5 24 -15.468 2.786 -0.931 -13.288 0.225 -0.549 -14.089 1.006 -4.125 -15.249 2.411 1.833 
5 24 -14.089 1.006 -4.125 -15.468 2.786 -0.931 -13.288 0.225 -0.549 -15.693 2.99 -4.125 
2 24 -15.468 2.786 -0.931 -15.249 2.411 1.833 
5 24 -15.249 2.411 1.833 -13.288 0.225 -0.549 -15.468 2.786 -0.931 -12.073 -0.826 3.124 
5 24 -12.073 -0.826 3.124 -15.249 2.411 1.833 -14.144 1.096 4.18 -13.288 0.225 -0.549 
2 24 -15.249 2.411 1.833 -14.144 1.096 4.18 
2 24 -14.089 1.006 -4.125 -15.693 2.99 -4.125 
2 24 -15.693 2.99 -4.125 -15.468 2.786 -0.931 
5 24 -4.057 -4.577 -3.495 -7.024 -3.694 -4.125 -6.253 -3.983 -0.783 -4.527 -4.488 -4.125 
2 24 -4.057 -4.577 -3.495 -4.527 -4.488 -4.125 
2 24 -4.527 -4.488 -4.125 -7.024 -3.694 -4.125 
5 24 7.485 -3.51 5.201 8.993 -5.845 4.877 9.267 -2.66 5.532 7.697 -6.292 4.406 
5 24 7.485 -3.51 5.201 7.697 -6.292 4.406 8.993 -5.845 4.877 6.474 -3.897 4.907 
5 24 6.474 -3.897 4.907 7.697 -6.292 4.406 7.485 -3.51 5.201 6.649 -6.304 3.729 
5 24 6.474 -3.897 4.907 6.649 -6.304 3.729 7.697 -6.292 4.406 5.564 -4.193 4.318 
5 24 -7.135 -8.579 -2.167 -8.882 -9.66 0.301 -9.616 -10.243 -1.802 -7.256 -8.682 0.123 
5 24 -8.882 -9.66 0.301 -9.616 -10.243 -1.802 -7.135 -8.579 -2.167 -10.683 -10.715 1.021 
5 24 -9.616 -10.243 -1.802 -7.135 -8.579 -2.167 -8.882 -9.66 0.301 -8.5 -9.261 -4.125 
5 24 -7.256 -8.682 0.123 -8.882 -9.66 0.301 -7.135 -8.579 -2.167 -7.966 -8.398 2.245 
5 24 -8.882 -9.66 0.301 -10.683 -10.715 1.021 -9.616 -10.243 -1.802 -9.215 -8.686 3.117 
5 24 -10.683 -10.715 1.021 -9.616 -10.243 -1.802 -8.882 -9.66 0.301 -11.696 -11.751 -1.437 
5 24 -10.683 -10.715 1.021 -11.696 -11.751 -1.437 -9.616 -10.243 -1.802 -12.823 -10.994 1.775 
5 24 -11.696 -11.751 -1.437 -9.616 -10.243 -1.802 -10.683 -10.715 1.021 -10.062 -10.556 -4.125 
5 24 -10.683 -10.715 1.021 -12.823 -10.994 1.775 -11.696 -11.751 -1.437 -10.954 -8.459 3.739 
5 24 -12.823 -10.994 1.775 -11.696 -11.751 -1.437 -10.683 -10.715 1.021 -13.989 -12.804 -0.82 
5 24 -12.823 -10.994 1.775 -13.989 -12.804 -0.82 -11.696 -11.751 -1.437 -14.692 -10.309 2.089 
5 24 -13.989 -12.804 -0.82 -11.696 -11.751 -1.437 -12.823 -10.994 1.775 -12.605 -12.23 -4.125 
5 24 -14.692 -10.309 2.089 -13.989 -12.804 -0.82 -12.823 -10.994 1.775 -15.943 -12.164 -0.666 
5 24 -12.823 -10.994 1.775 -14.692 -10.309 2.089 -13.989 -12.804 -0.82 -12.85 -7.65 4.143 
5 24 -14.692 -10.309 2.089 -15.943 -12.164 -0.666 -13.989 -12.804 -0.82 -17.219 -10.494 -0.931 
5 24 -15.943 -12.164 -0.666 -13.989 -12.804 -0.82 -14.692 -10.309 2.089 -14.924 -12.987 -4.131 
5 24 -17.219 -10.494 -0.931 -15.943 -12.164 -0.666 -14.692 -10.309 2.089 -17.421 -11 -4.125 
5 24 -14.692 -10.309 2.089 -17.219 -10.494 -0.931 -15.943 -12.164 -0.666 -16.198 -8.978 2.083 
5 24 -14.692 -10.309 2.089 -16.198 -8.978 2.083 -17.219 -10.494 -0.931 -12.85 -7.65 4.143 
5 24 -16.198 -8.978 2.083 -17.219 -10.494 -0.931 -14.692 -10.309 2.089 -17.915 -9.019 -1.112 
5 24 -16.198 -8.978 2.083 -17.915 -9.019 -1.112 -17.219 -10.494 -0.931 -17.147 -7.624 1.682 
5 24 -17.915 -9.019 -1.112 -17.219 -10.494 -0.931 -16.198 -8.978 2.083 -17.899 -9.187 -4.125 
5 24 -16.198 -8.978 2.083 -17.147 -7.624 1.682 -17.915 -9.019 -1.112 -14.465 -6.526 4.185 
5 24 -17.147 -7.624 1.682 -17.915 -9.019 -1.112 -16.198 -8.978 2.083 -18.22 -7.549 -1.326 
5 24 -18.22 -7.549 -1.326 -17.915 -9.019 -1.112 -17.147 -7.624 1.682 -17.899 -9.187 -4.125 
5 24 -17.147 -7.624 1.682 -18.22 -7.549 -1.326 -17.915 -9.019 -1.112 -17.867 -6.342 0.934 
5 24 -17.147 -7.624 1.682 -17.867 -6.342 0.934 -18.22 -7.549 -1.326 -15.983 -5.125 3.759 
5 24 -17.867 -6.342 0.934 -18.22 -7.549 -1.326 -17.147 -7.624 1.682 -18.291 -5.109 -1.434 
5 24 -17.147 -7.624 1.682 -15.983 -5.125 3.759 -17.867 -6.342 0.934 -14.465 -6.526 4.185 
5 24 -15.983 -5.125 3.759 -17.867 -6.342 0.934 -17.147 -7.624 1.682 -17.074 -3.832 2.599 
5 24 -15.983 -5.125 3.759 -17.074 -3.832 2.599 -17.867 -6.342 0.934 -14.44 -2.466 4.97 
5 24 -17.074 -3.832 2.599 -17.867 -6.342 0.934 -15.983 -5.125 3.759 -18.208 -5.116 -0.096 
5 24 -14.44 -2.466 4.97 -17.074 -3.832 2.599 -15.983 -5.125 3.759 -15.919 -1.208 3.722 
5 24 -15.983 -5.125 3.759 -14.44 -2.466 4.97 -17.074 -3.832 2.599 -12.521 -3.929 5.24 
5 24 -14.44 -2.466 4.97 -15.919 -1.208 3.722 -17.074 -3.832 2.599 -12.776 -0.484 5.311 
5 24 -15.919 -1.208 3.722 -17.074 -3.832 2.599 -14.44 -2.466 4.97 -17.908 -2.663 0.712 
5 24 -15.983 -5.125 3.759 -12.521 -3.929 5.24 -14.44 -2.466 4.97 -14.465 -6.526 4.185 
5 24 -12.521 -3.929 5.24 -14.44 -2.466 4.97 -15.983 -5.125 3.759 -12.776 -0.484 5.311 
5 24 -15.983 -5.125 3.759 -14.465 -6.526 4.185 -12.521 -3.929 5.24 -17.147 -7.624 1.682 
5 24 -14.465 -6.526 4.185 -12.521 -3.929 5.24 -15.983 -5.125 3.759 -12.85 -7.65 4.143 
5 24 -17.147 -7.624 1.682 -14.465 -6.526 4.185 -15.983 -5.125 3.759 -16.198 -8.978 2.083 
5 24 -16.198 -8.978 2.083 -14.465 -6.526 4.185 -17.147 -7.624 1.682 -12.85 -7.65 4.143 
5 24 -14.465 -6.526 4.185 -12.85 -7.65 4.143 -12.521 -3.929 5.24 -16.198 -8.978 2.083 
5 24 -12.85 -7.65 4.143 -12.521 -3.929 5.24 -14.465 -6.526 4.185 -10.858 -4.939 5.199 
5 24 -12.85 -7.65 4.143 -16.198 -8.978 2.083 -14.692 -10.309 2.089 -14.465 -6.526 4.185 
5 24 -14.692 -10.309 2.089 -12.85 -7.65 4.143 -16.198 -8.978 2.083 -12.823 -10.994 1.775 
5 24 -12.85 -7.65 4.143 -10.858 -4.939 5.199 -12.521 -3.929 5.24 -10.954 -8.459 3.739 
5 24 -10.858 -4.939 5.199 -12.521 -3.929 5.24 -12.85 -7.65 4.143 -10.888 -1.681 5.56 
5 24 -12.85 -7.65 4.143 -10.954 -8.459 3.739 -10.858 -4.939 5.199 -12.823 -10.994 1.775 
5 24 -10.954 -8.459 3.739 -10.858 -4.939 5.199 -12.85 -7.65 4.143 -8.993 -5.845 4.877 
5 24 -10.954 -8.459 3.739 -8.993 -5.845 4.877 -10.858 -4.939 5.199 -9.215 -8.686 3.117 
5 24 -8.993 -5.845 4.877 -10.858 -4.939 5.199 -10.954 -8.459 3.739 -9.267 -2.66 5.532 
5 24 -9.215 -8.686 3.117 -8.993 -5.845 4.877 -10.954 -8.459 3.739 -7.697 -6.292 4.406 
5 24 -10.954 -8.459 3.739 -9.215 -8.686 3.117 -8.993 -5.845 4.877 -10.683 -10.715 1.021 
5 24 -9.215 -8.686 3.117 -7.697 -6.292 4.406 -8.993 -5.845 4.877 -7.966 -8.398 2.245 
5 24 -7.697 -6.292 4.406 -8.993 -5.845 4.877 -9.215 -8.686 3.117 -7.485 -3.51 5.201 
5 24 -9.215 -8.686 3.117 -7.966 -8.398 2.245 -7.697 -6.292 4.406 -8.882 -9.66 0.301 
5 24 -7.966 -8.398 2.245 -7.697 -6.292 4.406 -9.215 -8.686 3.117 -6.649 -6.304 3.729 
5 24 -7.966 -8.398 2.245 -6.649 -6.304 3.729 -7.697 -6.292 4.406 -7 -8.102 1.942 
5 24 -6.649 -6.304 3.729 -7.697 -6.292 4.406 -7.966 -8.398 2.245 -6.474 -3.897 4.907 
5 24 -7.966 -8.398 2.245 -7 -8.102 1.942 -6.649 -6.304 3.729 -7.256 -8.682 0.123 
5 24 -7 -8.102 1.942 -6.649 -6.304 3.729 -7.966 -8.398 2.245 -6.028 -6.431 3.144 
5 24 -6.028 -6.431 3.144 -6.649 -6.304 3.729 -7 -8.102 1.942 -5.245 -4.285 3.549 
5 24 -12.85 -7.65 4.143 -12.823 -10.994 1.775 -10.954 -8.459 3.739 -14.692 -10.309 2.089 
5 24 -12.823 -10.994 1.775 -10.954 -8.459 3.739 -12.85 -7.65 4.143 -10.683 -10.715 1.021 
5 24 -10.954 -8.459 3.739 -10.683 -10.715 1.021 -9.215 -8.686 3.117 -12.823 -10.994 1.775 
5 24 -10.683 -10.715 1.021 -9.215 -8.686 3.117 -10.954 -8.459 3.739 -8.882 -9.66 0.301 
5 24 -9.215 -8.686 3.117 -8.882 -9.66 0.301 -7.966 -8.398 2.245 -10.683 -10.715 1.021 
5 24 -8.882 -9.66 0.301 -7.966 -8.398 2.245 -9.215 -8.686 3.117 -7.256 -8.682 0.123 
5 24 -7.966 -8.398 2.245 -7.256 -8.682 0.123 -7 -8.102 1.942 -8.882 -9.66 0.301 
5 24 -5.245 -4.285 3.549 -6.649 -6.304 3.729 -6.028 -6.431 3.144 -5.564 -4.193 4.318 
5 24 -5.564 -4.193 4.318 -6.649 -6.304 3.729 -5.245 -4.285 3.549 -6.474 -3.897 4.907 
5 24 -8.993 -5.845 4.877 -9.267 -2.66 5.532 -10.858 -4.939 5.199 -7.485 -3.51 5.201 
5 24 -9.267 -2.66 5.532 -10.858 -4.939 5.199 -8.993 -5.845 4.877 -10.888 -1.681 5.56 
5 24 -8.993 -5.845 4.877 -7.485 -3.51 5.201 -9.267 -2.66 5.532 -7.697 -6.292 4.406 
5 24 -7.697 -6.292 4.406 -7.485 -3.51 5.201 -8.993 -5.845 4.877 -6.474 -3.897 4.907 
5 24 -7.697 -6.292 4.406 -6.474 -3.897 4.907 -7.485 -3.51 5.201 -6.649 -6.304 3.729 
5 24 -6.649 -6.304 3.729 -6.474 -3.897 4.907 -7.697 -6.292 4.406 -5.564 -4.193 4.318 
5 24 -10.888 -1.681 5.56 -10.858 -4.939 5.199 -9.267 -2.66 5.532 -12.521 -3.929 5.24 
5 24 -10.888 -1.681 5.56 -12.521 -3.929 5.24 -10.858 -4.939 5.199 -12.776 -0.484 5.311 
5 24 -12.776 -0.484 5.311 -12.521 -3.929 5.24 -10.888 -1.681 5.56 -14.44 -2.466 4.97 
5 24 -12.776 -0.484 5.311 -14.44 -2.466 4.97 -12.521 -3.929 5.24 -15.919 -1.208 3.722 
5 24 -12.776 -0.484 5.311 -15.919 -1.208 3.722 -14.44 -2.466 4.97 -14.144 1.096 4.18 
5 24 -14.144 1.096 4.18 -15.919 -1.208 3.722 -12.776 -0.484 5.311 -17.002 -0.072 1.439 
5 24 -17.002 -0.072 1.439 -15.919 -1.208 3.722 -14.144 1.096 4.18 -17.908 -2.663 0.712 
5 24 -14.144 1.096 4.18 -17.002 -0.072 1.439 -15.919 -1.208 3.722 -15.249 2.411 1.833 
5 24 -17.908 -2.663 0.712 -15.919 -1.208 3.722 -17.002 -0.072 1.439 -17.074 -3.832 2.599 
5 24 -17.002 -0.072 1.439 -17.908 -2.663 0.712 -15.919 -1.208 3.722 -18.085 -2.143 -1.217 
5 24 -18.085 -2.143 -1.217 -17.908 -2.663 0.712 -17.002 -0.072 1.439 -18.208 -5.116 -0.096 
5 24 -17.002 -0.072 1.439 -18.085 -2.143 -1.217 -17.908 -2.663 0.712 -17.355 0.445 -0.925 
5 24 -17.002 -0.072 1.439 -17.355 0.445 -0.925 -18.085 -2.143 -1.217 -15.249 2.411 1.833 
5 24 -17.355 0.445 -0.925 -18.085 -2.143 -1.217 -17.002 -0.072 1.439 -17.182 0.284 -4.125 
5 24 -18.085 -2.143 -1.217 -18.208 -5.116 -0.096 -17.908 -2.663 0.712 -18.291 -5.109 -1.434 
5 24 -18.208 -5.116 -0.096 -17.908 -2.663 0.712 -18.085 -2.143 -1.217 -17.074 -3.832 2.599 
5 24 -18.085 -2.143 -1.217 -18.291 -5.109 -1.434 -18.208 -5.116 -0.096 -17.751 -2.06 -4.097 
5 24 -18.291 -5.109 -1.434 -18.208 -5.116 -0.096 -18.085 -2.143 -1.217 -17.867 -6.342 0.934 
5 24 -18.291 -5.109 -1.434 -17.867 -6.342 0.934 -18.208 -5.116 -0.096 -18.22 -7.549 -1.326 
5 24 -17.867 -6.342 0.934 -18.208 -5.116 -0.096 -18.291 -5.109 -1.434 -17.074 -3.832 2.599 
5 24 -18.291 -5.109 -1.434 -18.22 -7.549 -1.326 -17.867 -6.342 0.934 -18.082 -7.562 -4.125 
5 24 -18.208 -5.116 -0.096 -17.074 -3.832 2.599 -17.908 -2.663 0.712 -17.867 -6.342 0.934 
5 24 -17.074 -3.832 2.599 -17.908 -2.663 0.712 -18.208 -5.116 -0.096 -15.919 -1.208 3.722 
5 24 -17.355 0.445 -0.925 -17.182 0.284 -4.125 -18.085 -2.143 -1.217 -15.468 2.786 -0.931 
5 24 -17.182 0.284 -4.125 -18.085 -2.143 -1.217 -17.355 0.445 -0.925 -17.751 -2.06 -4.097 
2 24 -17.182 0.284 -4.125 -17.751 -2.06 -4.097 
5 24 -17.751 -2.06 -4.097 -18.085 -2.143 -1.217 -17.182 0.284 -4.125 -18.291 -5.109 -1.434 
5 24 -17.751 -2.06 -4.097 -18.291 -5.109 -1.434 -18.085 -2.143 -1.217 -18.158 -5.124 -4.116 
5 24 -17.002 -0.072 1.439 -15.249 2.411 1.833 -17.355 0.445 -0.925 -14.144 1.096 4.18 
5 24 -15.249 2.411 1.833 -17.355 0.445 -0.925 -17.002 -0.072 1.439 -15.468 2.786 -0.931 
5 24 -15.468 2.786 -0.931 -17.355 0.445 -0.925 -15.249 2.411 1.833 -17.182 0.284 -4.125 
5 24 -15.468 2.786 -0.931 -17.182 0.284 -4.125 -17.355 0.445 -0.925 -15.693 2.99 -4.125 
2 24 -15.693 2.99 -4.125 -17.182 0.284 -4.125 
2 24 -17.751 -2.06 -4.097 -18.158 -5.124 -4.116 
5 24 -18.158 -5.124 -4.116 -18.291 -5.109 -1.434 -17.751 -2.06 -4.097 -18.082 -7.562 -4.125 
5 24 -18.082 -7.562 -4.125 -18.22 -7.549 -1.326 -18.291 -5.109 -1.434 -17.899 -9.187 -4.125 
2 24 -18.158 -5.124 -4.116 -18.082 -7.562 -4.125 
2 24 -18.082 -7.562 -4.125 -17.899 -9.187 -4.125 
5 24 -17.899 -9.187 -4.125 -18.22 -7.549 -1.326 -18.082 -7.562 -4.125 -17.915 -9.019 -1.112 
5 24 -17.899 -9.187 -4.125 -17.915 -9.019 -1.112 -18.22 -7.549 -1.326 -17.219 -10.494 -0.931 
5 24 -17.899 -9.187 -4.125 -17.219 -10.494 -0.931 -17.915 -9.019 -1.112 -17.421 -11 -4.125 
2 24 -17.899 -9.187 -4.125 -17.421 -11 -4.125 
5 24 -17.421 -11 -4.125 -17.219 -10.494 -0.931 -17.899 -9.187 -4.125 -15.943 -12.164 -0.666 
5 24 -17.421 -11 -4.125 -15.943 -12.164 -0.666 -17.219 -10.494 -0.931 -16.617 -12.741 -4.125 
2 24 -17.421 -11 -4.125 -16.617 -12.741 -4.125 
5 24 -16.617 -12.741 -4.125 -15.943 -12.164 -0.666 -17.421 -11 -4.125 -14.924 -12.987 -4.131 
2 24 -16.617 -12.741 -4.125 -14.924 -12.987 -4.131 
5 24 -14.924 -12.987 -4.131 -15.943 -12.164 -0.666 -16.617 -12.741 -4.125 -13.989 -12.804 -0.82 
5 24 -14.924 -12.987 -4.131 -13.989 -12.804 -0.82 -15.943 -12.164 -0.666 -12.605 -12.23 -4.125 
2 24 -14.924 -12.987 -4.131 -12.605 -12.23 -4.125 
5 24 -12.605 -12.23 -4.125 -13.989 -12.804 -0.82 -14.924 -12.987 -4.131 -11.696 -11.751 -1.437 
5 24 -12.605 -12.23 -4.125 -11.696 -11.751 -1.437 -13.989 -12.804 -0.82 -10.062 -10.556 -4.125 
2 24 -12.605 -12.23 -4.125 -10.062 -10.556 -4.125 
5 24 -10.062 -10.556 -4.125 -11.696 -11.751 -1.437 -12.605 -12.23 -4.125 -9.616 -10.243 -1.802 
5 24 -10.062 -10.556 -4.125 -9.616 -10.243 -1.802 -11.696 -11.751 -1.437 -8.5 -9.261 -4.125 
2 24 -10.062 -10.556 -4.125 -8.5 -9.261 -4.125 
5 24 -8.5 -9.261 -4.125 -9.616 -10.243 -1.802 -10.062 -10.556 -4.125 -7.135 -8.579 -2.167 
5 24 -8.5 -9.261 -4.125 -7.135 -8.579 -2.167 -9.616 -10.243 -1.802 -7.169 -7.867 -4.125 
2 24 -8.5 -9.261 -4.125 -7.169 -7.867 -4.125 
5 24 -7.169 -7.867 -4.125 -7.135 -8.579 -2.167 -8.5 -9.261 -4.125 -6.592 -7.914 -3.007 
5 24 -7.169 -7.867 -4.125 -6.592 -7.914 -3.007 -7.135 -8.579 -2.167 -5.825 -6.33 -4.118 
2 24 -7.169 -7.867 -4.125 -5.825 -6.33 -4.118 
5 24 -5.825 -6.33 -4.118 -6.592 -7.914 -3.007 -7.169 -7.867 -4.125 -5.535 -6.63 -3.286 
5 24 -5.825 -6.33 -4.118 -5.535 -6.63 -3.286 -6.592 -7.914 -3.007 -4.527 -4.488 -4.125 
5 24 -4.527 -4.488 -4.125 -5.535 -6.63 -3.286 -5.825 -6.33 -4.118 -4.057 -4.577 -3.495 
2 24 -5.825 -6.33 -4.118 -4.527 -4.488 -4.125 
5 24 -16.169 -4.927 -4.125 -15.518 -1.982 -4.125 -12.001 -4.125 -4.125 -17.751 -2.06 -4.097 
5 24 -13.322 -10.564 -4.127 -14.671 -9.633 -4.125 -13.214 -6.719 -4.125 -14.652 -11.373 -4.13 
5 24 -14.652 -11.373 -4.13 -14.671 -9.633 -4.125 -13.322 -10.564 -4.127 -15.682 -11.193 -4.125 
5 24 -13.322 -10.564 -4.127 -14.652 -11.373 -4.13 -14.671 -9.633 -4.125 -12.605 -12.23 -4.125 
5 24 -15.682 -11.193 -4.125 -14.671 -9.633 -4.125 -14.652 -11.373 -4.13 -16.244 -10.445 -4.125 
5 24 -8.545 -6.12 -4.125 -7.169 -7.867 -4.125 -8.5 -9.261 -4.125 -5.825 -6.33 -4.118 
5 24 -12.605 -12.23 -4.125 -13.322 -10.564 -4.127 -10.062 -10.556 -4.125 -14.652 -11.373 -4.13 
5 24 -14.924 -12.987 -4.131 -14.652 -11.373 -4.13 -12.605 -12.23 -4.125 -15.682 -11.193 -4.125 
5 24 -15.682 -11.193 -4.125 -16.617 -12.741 -4.125 -17.421 -11 -4.125 -14.924 -12.987 -4.131 
5 24 -8.545 -6.12 -4.125 -5.825 -6.33 -4.118 -7.169 -7.867 -4.125 -7.024 -3.694 -4.125 
5 24 -18.082 -7.562 -4.125 -16.169 -4.927 -4.125 -16.43 -8.566 -4.125 -18.158 -5.124 -4.116 
5 24 -18.158 -5.124 -4.116 -16.169 -4.927 -4.125 -18.082 -7.562 -4.125 -17.751 -2.06 -4.097 
5 24 -17.751 -2.06 -4.097 -16.169 -4.927 -4.125 -18.158 -5.124 -4.116 -15.518 -1.982 -4.125 
5 24 -17.751 -2.06 -4.097 -15.518 -1.982 -4.125 -16.169 -4.927 -4.125 -17.182 0.284 -4.125 
5 24 -17.182 0.284 -4.125 -15.518 -1.982 -4.125 -17.751 -2.06 -4.097 -14.089 1.006 -4.125 
5 24 -7.024 -3.694 -4.125 -5.825 -6.33 -4.118 -8.545 -6.12 -4.125 -4.527 -4.488 -4.125 
5 24 -8.545 -6.12 -4.125 -7.024 -3.694 -4.125 -5.825 -6.33 -4.118 -9.667 -2.439 -4.125 
5 24 -2.825 -4.777 3.15 -0.938 -4.976 1.624 -1.624 -4.92 0.938 -0.001 -5.005 3.17 
2 24 -0.938 -4.976 1.624 -1.624 -4.92 0.938 
5 24 -1.624 -4.92 0.938 -2.825 -4.777 3.15 -0.938 -4.976 1.624 -3.555 -4.761 -0.179 
5 24 -0.001 -5.005 3.17 -0.938 -4.976 1.624 -2.825 -4.777 3.15 0 -5.005 1.875 
2 24 0 -5.005 1.875 -0.938 -4.976 1.624 
5 24 -1.624 -4.92 0.938 -3.555 -4.761 -0.179 -2.825 -4.777 3.15 -1.875 -4.89 0 
2 24 -1.624 -4.92 0.938 -1.875 -4.89 0 
5 24 -1.875 -4.89 0 -3.555 -4.761 -0.179 -1.624 -4.92 0.938 -1.624 -4.92 -0.938 
2 24 -1.875 -4.89 0 -1.624 -4.92 -0.938 
5 24 1.624 -4.92 0.938 1.624 0 0.938 0.938 0 1.624 1.875 -4.89 0 
2 24 1.624 0 0.938 0.938 0 1.624 
5 24 0.938 0 1.624 0.938 -4.976 1.624 1.624 -4.92 0.938 0 0 1.875 
2 24 0.938 0 1.624 0 0 1.875 
5 24 0 0 1.875 0 -5.005 1.875 0.938 -4.976 1.624 -0.938 -4.976 1.624 
5 24 1.875 -4.89 0 1.875 0 0 1.624 0 0.938 1.624 0 -0.938 
2 24 1.875 0 0 1.624 0 0.938 
2 24 1.624 0 -0.938 1.875 0 0 
5 24 1.624 -4.92 -0.938 1.624 0 -0.938 1.875 -4.89 0 0.938 0 -1.624 
2 24 0.938 0 -1.624 1.624 0 -0.938 
5 24 0.938 -4.976 -1.624 0.938 0 -1.624 1.624 -4.92 -0.938 0 0 -1.875 
2 24 0 0 -1.875 0.938 0 -1.624 
5 24 0 -5.005 -1.875 0 0 -1.875 0.938 -4.976 -1.624 -0.938 -4.976 -1.624 
5 24 -0.938 -4.976 -1.624 -0.938 0 -1.624 0 0 -1.875 -1.624 -4.92 -0.938 
2 24 -0.938 0 -1.624 0 0 -1.875 
5 24 -1.624 -4.92 -0.938 -1.624 0 -0.938 -0.938 0 -1.624 -1.875 -4.89 0 
2 24 -1.624 0 -0.938 -0.938 0 -1.624 
5 24 -1.875 -4.89 0 -1.875 0 0 -1.624 0 -0.938 -1.624 0 0.938 
2 24 -1.875 0 0 -1.624 0 -0.938 
2 24 -1.624 0 0.938 -1.875 0 0 
5 24 -1.624 -4.92 0.938 -1.624 0 0.938 -1.875 -4.89 0 -0.938 0 1.624 
2 24 -0.938 0 1.624 -1.624 0 0.938 
5 24 -0.938 -4.976 1.624 -0.938 0 1.624 -1.624 -4.92 0.938 0 0 1.875 
2 24 0 0 1.875 -0.938 0 1.624 
