0 Mini Doll, Shoulder Pads
0 Name: 5106.dat
0 Author: 
0 BFC CERTIFY CCW
3 16 2.268 -0.7473 5.4853 5.2444 -0.8969 5.5439 4.0011 0.0062 7.1613
3 16 2.268 -0.7473 5.4853 2.5459 -1.6261 3.2757 5.2444 -0.8969 5.5439
3 16 2.5459 -1.6261 3.2757 6.3235 -1.9626 2.8421 5.2444 -0.8969 5.5439
3 16 2.5459 -1.6261 3.2757 3.7057 -2.2044 1.8423 6.3235 -1.9626 2.8421
3 16 3.7057 -2.2044 1.8423 6.7774 -2.6483 0.0731 6.3235 -1.9626 2.8421
3 16 3.7057 -2.2044 1.8423 4 -2.6483 0 6.7774 -2.6483 0.0731
3 16 0 1.6094 4.1318 0.6715 1.271 6.2032 0 1.6812 6.2725
3 16 0 1.6094 4.1318 0.4098 1.4173 4.1045 0.6715 1.271 6.2032
3 16 1.4899 0.351 5.8316 0.6715 1.271 6.2032 0.4098 1.4173 4.1045
3 16 1.4899 0.351 5.8316 0.4098 1.4173 4.1045 1.5537 0.0993 3.8004
3 16 1.5537 0.0993 3.8004 2.268 -0.7473 5.4853 1.4899 0.351 5.8316
3 16 1.5537 0.0993 3.8004 2.5459 -1.6261 3.2757 2.268 -0.7473 5.4853
3 16 1.4899 0.351 5.8316 2.268 -0.7473 5.4853 4.0011 0.0062 7.1613
3 16 1.4899 0.351 5.8316 4.0011 0.0062 7.1613 2.7816 1.932 8.4659
3 16 2.7816 1.932 8.4659 0.6715 1.271 6.2032 1.4899 0.351 5.8316
3 16 2.7816 1.932 8.4659 1.3367 3.4757 9.6355 0.6715 1.271 6.2032
3 16 1.3367 3.4757 9.6355 0 1.6812 6.2725 0.6715 1.271 6.2032
3 16 1.3367 3.4757 9.6355 0 4.3492 10.3546 0 1.6812 6.2725
3 16 2.6895 0.5972 -6.3265 0 -2.6483 -6.7791 0 1.0577 -6.9438
3 16 2.6895 0.5972 -6.3265 2.5043 -2.6483 -6.125 0 -2.6483 -6.7791
3 16 4.983 -0.4794 -4.8393 2.5043 -2.6483 -6.125 2.6895 0.5972 -6.3265
3 16 4.983 -0.4794 -4.8393 4.6713 -2.6483 -4.8091 2.5043 -2.6483 -6.125
3 16 6.4369 -1.4898 -2.755 4.6713 -2.6483 -4.8091 4.983 -0.4794 -4.8393
3 16 6.4369 -1.4898 -2.755 6.0699 -2.6483 -2.7097 4.6713 -2.6483 -4.8091
3 16 6.0699 -2.6483 -2.7097 6.4369 -1.4898 -2.755 7.1251 -2.1481 -0.0885
3 16 6.0699 -2.6483 -2.7097 7.1251 -2.1481 -0.0885 6.7774 -2.6483 0.0731
3 16 6.7774 -2.6483 0.0731 7.1251 -2.1481 -0.0885 6.7611 -1.3966 2.6206
3 16 6.7774 -2.6483 0.0731 6.7611 -1.3966 2.6206 6.3235 -1.9626 2.8421
3 16 6.3235 -1.9626 2.8421 6.7611 -1.3966 2.6206 5.7549 -0.0665 5.108
3 16 6.3235 -1.9626 2.8421 5.7549 -0.0665 5.108 5.2444 -0.8969 5.5439
3 16 5.2444 -0.8969 5.5439 5.7549 -0.0665 5.108 4.7851 0.9537 6.6016
3 16 5.2444 -0.8969 5.5439 4.7851 0.9537 6.6016 4.0011 0.0062 7.1613
3 16 4.0011 0.0062 7.1613 4.7851 0.9537 6.6016 3.5372 2.4613 8.1
3 16 4.0011 0.0062 7.1613 3.5372 2.4613 8.1 2.7816 1.932 8.4659
3 16 2.7816 1.932 8.4659 3.5372 2.4613 8.1 2.2504 3.6816 9.1887
3 16 2.7816 1.932 8.4659 2.2504 3.6816 9.1887 1.3367 3.4757 9.6355
3 16 1.9918 4.374 9.3508 1.3367 3.4757 9.6355 2.2504 3.6816 9.1887
3 16 1.9918 4.374 9.3508 1.165 4.8411 9.9006 1.3367 3.4757 9.6355
3 16 1.165 4.8411 9.9006 0 4.3492 10.3546 1.3367 3.4757 9.6355
3 16 1.165 4.8411 9.9006 0.4121 5.1436 10.3484 0 4.3492 10.3546
3 16 0.4121 5.1436 10.3484 0 5.2859 10.5228 0 4.3492 10.3546
3 16 3.9772 4.2508 8.8482 2.3334 4.7727 8.6236 1.9918 4.374 9.3508
3 16 3.9772 4.2508 8.8482 3.8812 4.5837 8.1728 2.3334 4.7727 8.6236
3 16 2.2237 4.7709 6.7217 2.3334 4.7727 8.6236 3.8812 4.5837 8.1728
3 16 2.2237 4.7709 6.7217 3.8812 4.5837 8.1728 3.8905 4.5063 6.2417
3 16 7.4645 4.3503 7.5208 3.8812 4.5837 8.1728 3.9772 4.2508 8.8482
3 16 3.8905 4.5063 6.2417 3.8812 4.5837 8.1728 7.4645 4.3503 7.5208
3 16 3.8905 4.5063 6.2417 7.4645 4.3503 7.5208 7.0753 4.2505 5.8422
3 16 7.4645 4.3503 7.5208 3.9772 4.2508 8.8482 7.5833 4.0732 7.9721
3 16 9.9423 4.1922 5.6152 7.0753 4.2505 5.8422 7.4645 4.3503 7.5208
3 16 10.4771 4.4071 6.8937 7.4645 4.3503 7.5208 7.5833 4.0732 7.9721
3 16 9.9423 4.1922 5.6152 7.4645 4.3503 7.5208 10.4771 4.4071 6.8937
3 16 10.4771 4.4071 6.8937 7.5833 4.0732 7.9721 10.6474 4.1509 7.4745
3 16 13.1034 4.4488 5.4158 9.9423 4.1922 5.6152 10.4771 4.4071 6.8937
3 16 13.7412 4.9695 6.773 10.4771 4.4071 6.8937 10.6474 4.1509 7.4745
3 16 13.1034 4.4488 5.4158 10.4771 4.4071 6.8937 13.7412 4.9695 6.773
3 16 13.7412 4.9695 6.773 15.6079 4.8035 5.316 13.1034 4.4488 5.4158
3 16 13.7412 4.9695 6.773 10.6474 4.1509 7.4745 13.9952 4.8364 7.3821
3 16 13.7412 4.9695 6.773 15.7142 5.6404 6.8165 15.6079 4.8035 5.316
3 16 13.9952 4.8364 7.3821 15.7142 5.6404 6.8165 13.7412 4.9695 6.773
3 16 13.9952 4.8364 7.3821 15.8902 5.5566 7.3566 15.7142 5.6404 6.8165
3 16 2.2504 3.6816 9.1887 3.9772 4.2508 8.8482 1.9918 4.374 9.3508
3 16 2.2504 3.6816 9.1887 4.6395 3.6387 8.6917 3.9772 4.2508 8.8482
3 16 2.2504 3.6816 9.1887 3.5372 2.4613 8.1 4.6395 3.6387 8.6917
3 16 7.5833 4.0732 7.9721 3.9772 4.2508 8.8482 4.6395 3.6387 8.6917
3 16 4.6395 3.6387 8.6917 3.5372 2.4613 8.1 4.7851 0.9537 6.6016
3 16 7.5833 4.0732 7.9721 4.6395 3.6387 8.6917 8.0084 3.4463 7.9319
3 16 10.6474 4.1509 7.4745 7.5833 4.0732 7.9721 8.0084 3.4463 7.9319
3 16 4.6395 3.6387 8.6917 4.7851 0.9537 6.6016 6.7307 1.5103 6.5026
3 16 6.7307 1.5103 6.5026 8.0084 3.4463 7.9319 4.6395 3.6387 8.6917
3 16 6.7307 1.5103 6.5026 4.7851 0.9537 6.6016 5.7549 -0.0665 5.108
3 16 10.6474 4.1509 7.4745 8.0084 3.4463 7.9319 11.2082 3.5917 7.5098
3 16 13.9952 4.8364 7.3821 10.6474 4.1509 7.4745 11.2082 3.5917 7.5098
3 16 6.7307 1.5103 6.5026 5.7549 -0.0665 5.108 7.8275 0.0935 4.6138
3 16 7.8275 0.0935 4.6138 5.7549 -0.0665 5.108 6.7611 -1.3966 2.6206
3 16 6.7307 1.5103 6.5026 9.8307 1.962 6.252 8.0084 3.4463 7.9319
3 16 11.2082 3.5917 7.5098 8.0084 3.4463 7.9319 9.8307 1.962 6.252
3 16 9.8307 1.962 6.252 6.7307 1.5103 6.5026 7.8275 0.0935 4.6138
3 16 13.9952 4.8364 7.3821 11.2082 3.5917 7.5098 14.2855 4.271 7.5289
3 16 14.2855 4.271 7.5289 15.8902 5.5566 7.3566 13.9952 4.8364 7.3821
3 16 14.2855 4.271 7.5289 16.3033 5.2005 7.6363 15.8902 5.5566 7.3566
3 16 7.8275 0.0935 4.6138 6.7611 -1.3966 2.6206 8.4772 -1.1363 2.346
3 16 8.4772 -1.1363 2.346 6.7611 -1.3966 2.6206 7.1251 -2.1481 -0.0885
3 16 11.2082 3.5917 7.5098 9.8307 1.962 6.252 13.1664 2.2116 6.0752
3 16 14.2855 4.271 7.5289 11.2082 3.5917 7.5098 13.1664 2.2116 6.0752
3 16 16.3033 5.2005 7.6363 14.2855 4.271 7.5289 16.769 2.685 6.2128
3 16 14.2855 4.271 7.5289 13.1664 2.2116 6.0752 16.769 2.685 6.2128
3 16 16.3033 5.2005 7.6363 16.769 2.685 6.2128 18.9817 3.7374 6.9234
3 16 9.8307 1.962 6.252 7.8275 0.0935 4.6138 10.911 0.3206 4.2239
3 16 13.1664 2.2116 6.0752 9.8307 1.962 6.252 10.911 0.3206 4.2239
3 16 10.911 0.3206 4.2239 7.8275 0.0935 4.6138 8.4772 -1.1363 2.346
3 16 18.9817 3.7374 6.9234 16.769 2.685 6.2128 18.7945 0.7552 4.7462
3 16 18.9817 3.7374 6.9234 18.7945 0.7552 4.7462 22.0451 1.8368 5.9486
3 16 16.769 2.685 6.2128 13.1664 2.2116 6.0752 14.6695 0.4391 4.1845
3 16 13.1664 2.2116 6.0752 10.911 0.3206 4.2239 14.6695 0.4391 4.1845
3 16 16.769 2.685 6.2128 14.6695 0.4391 4.1845 18.7945 0.7552 4.7462
3 16 10.911 0.3206 4.2239 8.4772 -1.1363 2.346 11.4724 -0.8049 2.1832
3 16 11.4724 -0.8049 2.1832 14.6695 0.4391 4.1845 10.911 0.3206 4.2239
3 16 8.4772 -1.1363 2.346 7.1251 -2.1481 -0.0885 8.8555 -1.6501 -0.2539
3 16 11.4724 -0.8049 2.1832 8.4772 -1.1363 2.346 8.8555 -1.6501 -0.2539
3 16 20.0849 -0.9811 2.8808 22.0451 1.8368 5.9486 18.7945 0.7552 4.7462
3 16 20.0849 -0.9811 2.8808 24.2024 -1.1787 3.8214 22.0451 1.8368 5.9486
3 16 15.7358 -0.7019 2.3024 18.7945 0.7552 4.7462 14.6695 0.4391 4.1845
3 16 11.4724 -0.8049 2.1832 15.7358 -0.7019 2.3024 14.6695 0.4391 4.1845
3 16 15.7358 -0.7019 2.3024 20.0849 -0.9811 2.8808 18.7945 0.7552 4.7462
3 16 20.8088 -1.8344 0.2565 24.2024 -1.1787 3.8214 20.0849 -0.9811 2.8808
3 16 20.8088 -1.8344 0.2565 25.5002 -2.8807 0.6245 24.2024 -1.1787 3.8214
3 16 20.8088 -1.8344 0.2565 24.7652 -1.4873 -2.1468 25.5002 -2.8807 0.6245
3 16 11.9269 -1.2023 -0.209 15.7358 -0.7019 2.3024 11.4724 -0.8049 2.1832
3 16 11.4724 -0.8049 2.1832 8.8555 -1.6501 -0.2539 11.9269 -1.2023 -0.209
3 16 16.3075 -1.152 0.0103 20.0849 -0.9811 2.8808 15.7358 -0.7019 2.3024
3 16 16.3075 -1.152 0.0103 20.8088 -1.8344 0.2565 20.0849 -0.9811 2.8808
3 16 11.9269 -1.2023 -0.209 16.3075 -1.152 0.0103 15.7358 -0.7019 2.3024
3 16 20.8088 -1.8344 0.2565 20.6514 -1.1059 -2.2569 24.7652 -1.4873 -2.1468
3 16 20.6514 -1.1059 -2.2569 20.8088 -1.8344 0.2565 16.3075 -1.152 0.0103
3 16 20.6514 -1.1059 -2.2569 23.3281 0.1205 -4.0706 24.7652 -1.4873 -2.1468
3 16 11.9269 -1.2023 -0.209 16.2304 -0.5536 -2.2934 16.3075 -1.152 0.0103
3 16 20.6514 -1.1059 -2.2569 16.3075 -1.152 0.0103 16.2304 -0.5536 -2.2934
3 16 20.6514 -1.1059 -2.2569 19.6694 0.3483 -4.094 23.3281 0.1205 -4.0706
3 16 19.6694 0.3483 -4.094 20.6514 -1.1059 -2.2569 16.2304 -0.5536 -2.2934
3 16 20.7328 2.3187 -5.3286 23.3281 0.1205 -4.0706 19.6694 0.3483 -4.094
3 16 11.6479 -0.4565 -2.6891 11.9269 -1.2023 -0.209 8.8555 -1.6501 -0.2539
3 16 11.9269 -1.2023 -0.209 11.6479 -0.4565 -2.6891 16.2304 -0.5536 -2.2934
3 16 20.7328 2.3187 -5.3286 19.6694 0.3483 -4.094 18.7388 1.4259 -4.8432
3 16 18.6183 4.0189 -6.0248 20.7328 2.3187 -5.3286 18.7388 1.4259 -4.8432
3 16 19.6694 0.3483 -4.094 16.2304 -0.5536 -2.2934 15.906 0.7765 -4.2922
3 16 18.7388 1.4259 -4.8432 19.6694 0.3483 -4.094 15.906 0.7765 -4.2922
3 16 11.6479 -0.4565 -2.6891 15.906 0.7765 -4.2922 16.2304 -0.5536 -2.2934
3 16 18.6183 4.0189 -6.0248 18.7388 1.4259 -4.8432 16.188 2.685 -5.5779
3 16 18.7388 1.4259 -4.8432 15.906 0.7765 -4.2922 16.188 2.685 -5.5779
3 16 16.775 5.5464 -6.6302 18.6183 4.0189 -6.0248 16.188 2.685 -5.5779
3 16 11.6479 -0.4565 -2.6891 8.8555 -1.6501 -0.2539 8.3835 -0.8425 -2.9422
3 16 8.3835 -0.8425 -2.9422 8.8555 -1.6501 -0.2539 7.1251 -2.1481 -0.0885
3 16 8.3835 -0.8425 -2.9422 7.1251 -2.1481 -0.0885 6.4369 -1.4898 -2.755
3 16 8.3835 -0.8425 -2.9422 6.4369 -1.4898 -2.755 4.983 -0.4794 -4.8393
3 16 11.6479 -0.4565 -2.6891 11.1231 1.3126 -5.0792 15.906 0.7765 -4.2922
3 16 11.1231 1.3126 -5.0792 11.6479 -0.4565 -2.6891 8.3835 -0.8425 -2.9422
3 16 11.1231 1.3126 -5.0792 16.188 2.685 -5.5779 15.906 0.7765 -4.2922
3 16 16.775 5.5464 -6.6302 16.188 2.685 -5.5779 14.922 5.4785 -6.9304
3 16 16.5675 5.9722 -6.4529 16.775 5.5464 -6.6302 14.922 5.4785 -6.9304
3 16 16.5675 5.9722 -6.4529 14.922 5.4785 -6.9304 14.8716 5.9388 -6.7902
3 16 8.3835 -0.8425 -2.9422 4.983 -0.4794 -4.8393 6.9696 1.2881 -5.8453
3 16 11.1231 1.3126 -5.0792 8.3835 -0.8425 -2.9422 6.9696 1.2881 -5.8453
3 16 11.1231 1.3126 -5.0792 10.2833 4.7138 -7.2845 16.188 2.685 -5.5779
3 16 10.2833 4.7138 -7.2845 14.922 5.4785 -6.9304 16.188 2.685 -5.5779
3 16 6.9696 1.2881 -5.8453 10.2833 4.7138 -7.2845 11.1231 1.3126 -5.0792
3 16 14.8716 5.9388 -6.7902 14.922 5.4785 -6.9304 12.6695 6.4377 -7.6381
3 16 10.2833 4.7138 -7.2845 12.6695 6.4377 -7.6381 14.922 5.4785 -6.9304
3 16 14.8716 5.9388 -6.7902 12.6695 6.4377 -7.6381 12.6825 6.8523 -7.4583
3 16 12.6825 6.8523 -7.4583 12.6695 6.4377 -7.6381 9.903 8.2874 -8.572
3 16 10.2833 4.7138 -7.2845 9.903 8.2874 -8.572 12.6695 6.4377 -7.6381
3 16 12.6825 6.8523 -7.4583 9.903 8.2874 -8.572 10.1392 8.6313 -8.3519
3 16 7.8114 10.2897 -9.0299 10.1392 8.6313 -8.3519 9.903 8.2874 -8.572
3 16 3.328 2.5854 -7.3711 6.9696 1.2881 -5.8453 4.983 -0.4794 -4.8393
3 16 3.328 2.5854 -7.3711 4.983 -0.4794 -4.8393 2.6895 0.5972 -6.3265
3 16 3.328 2.5854 -7.3711 2.6895 0.5972 -6.3265 0 1.0577 -6.9438
3 16 6.9696 1.2881 -5.8453 7.1814 5.3927 -7.9703 10.2833 4.7138 -7.2845
3 16 9.903 8.2874 -8.572 10.2833 4.7138 -7.2845 7.1814 5.3927 -7.9703
3 16 7.1814 5.3927 -7.9703 6.9696 1.2881 -5.8453 3.328 2.5854 -7.3711
3 16 7.8114 10.2897 -9.0299 9.903 8.2874 -8.572 7.5513 9.8531 -9.0792
3 16 9.903 8.2874 -8.572 7.1814 5.3927 -7.9703 7.5513 9.8531 -9.0792
3 16 7.1814 5.3927 -7.9703 3.328 2.5854 -7.3711 3.5762 6.5085 -8.6861
3 16 3.5762 6.5085 -8.6861 7.5513 9.8531 -9.0792 7.1814 5.3927 -7.9703
3 16 7.8114 10.2897 -9.0299 7.5513 9.8531 -9.0792 5.1671 11.3436 -9.4027
3 16 3.5762 6.5085 -8.6861 5.1671 11.3436 -9.4027 7.5513 9.8531 -9.0792
3 16 7.8114 10.2897 -9.0299 5.1671 11.3436 -9.4027 5.4672 11.8762 -9.2807
3 16 2.8868 12.7444 -9.4358 5.4672 11.8762 -9.2807 5.1671 11.3436 -9.4027
3 16 2.8868 12.7444 -9.4358 5.1671 11.3436 -9.4027 2.7296 12.136 -9.5229
3 16 2.7296 12.136 -9.5229 5.1671 11.3436 -9.4027 3.5762 6.5085 -8.6861
3 16 0 13.0466 -9.3719 2.8868 12.7444 -9.4358 2.7296 12.136 -9.5229
3 16 3.328 2.5854 -7.3711 0 1.0577 -6.9438 0 3.0417 -7.921
3 16 0 3.0417 -7.921 3.5762 6.5085 -8.6861 3.328 2.5854 -7.3711
3 16 0 6.9627 -8.9687 2.7296 12.136 -9.5229 3.5762 6.5085 -8.6861
3 16 0 3.0417 -7.921 0 6.9627 -8.9687 3.5762 6.5085 -8.6861
3 16 0 13.0466 -9.3719 2.7296 12.136 -9.5229 0 12.5857 -9.5369
3 16 0 6.9627 -8.9687 0 12.5857 -9.5369 2.7296 12.136 -9.5229
3 16 -2.7296 12.136 -9.5229 0 13.0466 -9.3719 0 12.5857 -9.5369
3 16 -2.7296 12.136 -9.5229 0 12.5857 -9.5369 0 6.9627 -8.9687
3 16 -2.7296 12.136 -9.5229 -2.8868 12.7444 -9.4358 0 13.0466 -9.3719
3 16 -3.328 2.5854 -7.3711 0 3.0417 -7.921 0 1.0577 -6.9438
3 16 -3.328 2.5854 -7.3711 0 1.0577 -6.9438 -2.6895 0.5972 -6.3265
3 16 -4.983 -0.4794 -4.8393 -3.328 2.5854 -7.3711 -2.6895 0.5972 -6.3265
3 16 0 3.0417 -7.921 -3.5762 6.5085 -8.6861 0 6.9627 -8.9687
3 16 -2.7296 12.136 -9.5229 0 6.9627 -8.9687 -3.5762 6.5085 -8.6861
3 16 0 3.0417 -7.921 -3.328 2.5854 -7.3711 -3.5762 6.5085 -8.6861
3 16 -5.1671 11.3436 -9.4027 -2.8868 12.7444 -9.4358 -2.7296 12.136 -9.5229
3 16 -5.1671 11.3436 -9.4027 -2.7296 12.136 -9.5229 -3.5762 6.5085 -8.6861
3 16 -5.1671 11.3436 -9.4027 -5.4672 11.8762 -9.2807 -2.8868 12.7444 -9.4358
3 16 -7.8114 10.2897 -9.0299 -5.4672 11.8762 -9.2807 -5.1671 11.3436 -9.4027
3 16 -3.5762 6.5085 -8.6861 -7.5513 9.8531 -9.0792 -5.1671 11.3436 -9.4027
3 16 -7.8114 10.2897 -9.0299 -5.1671 11.3436 -9.4027 -7.5513 9.8531 -9.0792
3 16 -7.1814 5.3927 -7.9703 -3.5762 6.5085 -8.6861 -3.328 2.5854 -7.3711
3 16 -3.5762 6.5085 -8.6861 -7.1814 5.3927 -7.9703 -7.5513 9.8531 -9.0792
3 16 -9.903 8.2874 -8.572 -7.8114 10.2897 -9.0299 -7.5513 9.8531 -9.0792
3 16 -9.903 8.2874 -8.572 -7.5513 9.8531 -9.0792 -7.1814 5.3927 -7.9703
3 16 -9.903 8.2874 -8.572 -10.1392 8.6313 -8.3519 -7.8114 10.2897 -9.0299
3 16 -12.6825 6.8523 -7.4583 -10.1392 8.6313 -8.3519 -9.903 8.2874 -8.572
3 16 -4.983 -0.4794 -4.8393 -6.9696 1.2881 -5.8453 -3.328 2.5854 -7.3711
3 16 -7.1814 5.3927 -7.9703 -3.328 2.5854 -7.3711 -6.9696 1.2881 -5.8453
3 16 -9.903 8.2874 -8.572 -7.1814 5.3927 -7.9703 -10.2833 4.7138 -7.2845
3 16 -6.9696 1.2881 -5.8453 -10.2833 4.7138 -7.2845 -7.1814 5.3927 -7.9703
3 16 -12.6825 6.8523 -7.4583 -9.903 8.2874 -8.572 -12.6695 6.4377 -7.6381
3 16 -9.903 8.2874 -8.572 -10.2833 4.7138 -7.2845 -12.6695 6.4377 -7.6381
3 16 -12.6695 6.4377 -7.6381 -14.8716 5.9388 -6.7902 -12.6825 6.8523 -7.4583
3 16 -12.6695 6.4377 -7.6381 -14.922 5.4785 -6.9304 -14.8716 5.9388 -6.7902
3 16 -14.922 5.4785 -6.9304 -12.6695 6.4377 -7.6381 -10.2833 4.7138 -7.2845
3 16 -14.922 5.4785 -6.9304 -16.5675 5.9722 -6.4529 -14.8716 5.9388 -6.7902
3 16 -14.922 5.4785 -6.9304 -16.775 5.5464 -6.6302 -16.5675 5.9722 -6.4529
3 16 -16.188 2.685 -5.5779 -16.775 5.5464 -6.6302 -14.922 5.4785 -6.9304
3 16 -14.922 5.4785 -6.9304 -10.2833 4.7138 -7.2845 -16.188 2.685 -5.5779
3 16 -16.188 2.685 -5.5779 -18.6183 4.0189 -6.0248 -16.775 5.5464 -6.6302
3 16 -4.983 -0.4794 -4.8393 -8.3835 -0.8425 -2.9422 -6.9696 1.2881 -5.8453
3 16 -4.983 -0.4794 -4.8393 -6.4369 -1.4898 -2.755 -8.3835 -0.8425 -2.9422
3 16 -7.1251 -2.1481 -0.0885 -8.3835 -0.8425 -2.9422 -6.4369 -1.4898 -2.755
3 16 -6.9696 1.2881 -5.8453 -11.1231 1.3126 -5.0792 -10.2833 4.7138 -7.2845
3 16 -11.1231 1.3126 -5.0792 -16.188 2.685 -5.5779 -10.2833 4.7138 -7.2845
3 16 -8.3835 -0.8425 -2.9422 -11.1231 1.3126 -5.0792 -6.9696 1.2881 -5.8453
3 16 -18.7388 1.4259 -4.8432 -18.6183 4.0189 -6.0248 -16.188 2.685 -5.5779
3 16 -18.7388 1.4259 -4.8432 -20.7328 2.3187 -5.3286 -18.6183 4.0189 -6.0248
3 16 -11.1231 1.3126 -5.0792 -15.906 0.7765 -4.2922 -16.188 2.685 -5.5779
3 16 -18.7388 1.4259 -4.8432 -16.188 2.685 -5.5779 -15.906 0.7765 -4.2922
3 16 -20.7328 2.3187 -5.3286 -18.7388 1.4259 -4.8432 -19.6694 0.3483 -4.094
3 16 -18.7388 1.4259 -4.8432 -15.906 0.7765 -4.2922 -19.6694 0.3483 -4.094
3 16 -20.7328 2.3187 -5.3286 -19.6694 0.3483 -4.094 -23.3281 0.1205 -4.0706
3 16 -8.3835 -0.8425 -2.9422 -11.6479 -0.4565 -2.6891 -11.1231 1.3126 -5.0792
3 16 -11.6479 -0.4565 -2.6891 -15.906 0.7765 -4.2922 -11.1231 1.3126 -5.0792
3 16 -7.1251 -2.1481 -0.0885 -8.8555 -1.6501 -0.2539 -8.3835 -0.8425 -2.9422
3 16 -11.6479 -0.4565 -2.6891 -8.3835 -0.8425 -2.9422 -8.8555 -1.6501 -0.2539
3 16 -23.3281 0.1205 -4.0706 -19.6694 0.3483 -4.094 -20.6514 -1.1059 -2.2569
3 16 -23.3281 0.1205 -4.0706 -20.6514 -1.1059 -2.2569 -24.7652 -1.4873 -2.1468
3 16 -19.6694 0.3483 -4.094 -15.906 0.7765 -4.2922 -16.2304 -0.5536 -2.2934
3 16 -11.6479 -0.4565 -2.6891 -16.2304 -0.5536 -2.2934 -15.906 0.7765 -4.2922
3 16 -19.6694 0.3483 -4.094 -16.2304 -0.5536 -2.2934 -20.6514 -1.1059 -2.2569
3 16 -24.7652 -1.4873 -2.1468 -20.6514 -1.1059 -2.2569 -20.8088 -1.8344 0.2565
3 16 -24.7652 -1.4873 -2.1468 -20.8088 -1.8344 0.2565 -25.5002 -2.8807 0.6245
3 16 -20.8088 -1.8344 0.2565 -24.2024 -1.1787 3.8214 -25.5002 -2.8807 0.6245
3 16 -16.2304 -0.5536 -2.2934 -11.6479 -0.4565 -2.6891 -11.9269 -1.2023 -0.209
3 16 -11.6479 -0.4565 -2.6891 -8.8555 -1.6501 -0.2539 -11.9269 -1.2023 -0.209
3 16 -20.6514 -1.1059 -2.2569 -16.2304 -0.5536 -2.2934 -16.3075 -1.152 0.0103
3 16 -20.6514 -1.1059 -2.2569 -16.3075 -1.152 0.0103 -20.8088 -1.8344 0.2565
3 16 -16.2304 -0.5536 -2.2934 -11.9269 -1.2023 -0.209 -16.3075 -1.152 0.0103
3 16 -20.8088 -1.8344 0.2565 -20.0849 -0.9811 2.8808 -24.2024 -1.1787 3.8214
3 16 -16.3075 -1.152 0.0103 -20.0849 -0.9811 2.8808 -20.8088 -1.8344 0.2565
3 16 -20.0849 -0.9811 2.8808 -22.0451 1.8368 5.9486 -24.2024 -1.1787 3.8214
3 16 -11.9269 -1.2023 -0.209 -15.8877 -0.6989 2.3073 -16.3075 -1.152 0.0103
3 16 -16.3075 -1.152 0.0103 -15.8877 -0.6989 2.3073 -20.0849 -0.9811 2.8808
3 16 -20.0849 -0.9811 2.8808 -18.7945 0.7552 4.7462 -22.0451 1.8368 5.9486
3 16 -18.7945 0.7552 4.7462 -20.0849 -0.9811 2.8808 -15.8877 -0.6989 2.3073
3 16 -18.7945 0.7552 4.7462 -18.9817 3.7374 6.9234 -22.0451 1.8368 5.9486
3 16 -11.6668 -0.7834 2.1726 -11.9269 -1.2023 -0.209 -8.8555 -1.6501 -0.2539
3 16 -11.9269 -1.2023 -0.209 -11.6668 -0.7834 2.1726 -15.8877 -0.6989 2.3073
3 16 -18.7945 0.7552 4.7462 -16.769 2.685 6.2128 -18.9817 3.7374 6.9234
3 16 -16.769 2.685 6.2128 -16.3033 5.2005 7.6363 -18.9817 3.7374 6.9234
3 16 -18.7945 0.7552 4.7462 -15.8877 -0.6989 2.3073 -14.6695 0.4391 4.1845
3 16 -11.6668 -0.7834 2.1726 -14.6695 0.4391 4.1845 -15.8877 -0.6989 2.3073
3 16 -14.6695 0.4391 4.1845 -16.769 2.685 6.2128 -18.7945 0.7552 4.7462
3 16 -11.6668 -0.7834 2.1726 -8.8555 -1.6501 -0.2539 -8.4772 -1.1363 2.346
3 16 -7.1251 -2.1481 -0.0885 -8.4772 -1.1363 2.346 -8.8555 -1.6501 -0.2539
3 16 -7.1251 -2.1481 -0.0885 -6.7611 -1.3966 2.6206 -8.4772 -1.1363 2.346
3 16 -16.769 2.685 6.2128 -14.2855 4.271 7.5289 -16.3033 5.2005 7.6363
3 16 -14.2855 4.271 7.5289 -15.8902 5.5566 7.3566 -16.3033 5.2005 7.6363
3 16 -14.2855 4.271 7.5289 -13.9952 4.8364 7.3821 -15.8902 5.5566 7.3566
3 16 -11.6668 -0.7834 2.1726 -11.0462 0.3306 4.2068 -14.6695 0.4391 4.1845
3 16 -11.0462 0.3306 4.2068 -11.6668 -0.7834 2.1726 -8.4772 -1.1363 2.346
3 16 -6.7611 -1.3966 2.6206 -7.8275 0.0935 4.6138 -8.4772 -1.1363 2.346
3 16 -11.0462 0.3306 4.2068 -8.4772 -1.1363 2.346 -7.8275 0.0935 4.6138
3 16 -6.7611 -1.3966 2.6206 -5.7549 -0.0665 5.108 -7.8275 0.0935 4.6138
3 16 -14.6695 0.4391 4.1845 -13.1664 2.2116 6.0752 -16.769 2.685 6.2128
3 16 -14.2855 4.271 7.5289 -16.769 2.685 6.2128 -13.1664 2.2116 6.0752
3 16 -11.0462 0.3306 4.2068 -13.1664 2.2116 6.0752 -14.6695 0.4391 4.1845
3 16 -13.9952 4.8364 7.3821 -14.2855 4.271 7.5289 -11.2082 3.5917 7.5098
3 16 -14.2855 4.271 7.5289 -13.1664 2.2116 6.0752 -11.2082 3.5917 7.5098
3 16 -13.9952 4.8364 7.3821 -11.2082 3.5917 7.5098 -10.6474 4.1509 7.4745
3 16 -11.0462 0.3306 4.2068 -9.8307 1.962 6.252 -13.1664 2.2116 6.0752
3 16 -9.8307 1.962 6.252 -11.0462 0.3306 4.2068 -7.8275 0.0935 4.6138
3 16 -11.2082 3.5917 7.5098 -13.1664 2.2116 6.0752 -9.8307 1.962 6.252
3 16 -6.7307 1.5103 6.5026 -7.8275 0.0935 4.6138 -5.7549 -0.0665 5.108
3 16 -9.8307 1.962 6.252 -7.8275 0.0935 4.6138 -6.7307 1.5103 6.5026
3 16 -6.7307 1.5103 6.5026 -5.7549 -0.0665 5.108 -4.7851 0.9537 6.6016
3 16 -8.0084 3.4463 7.9319 -10.6474 4.1509 7.4745 -11.2082 3.5917 7.5098
3 16 -11.2082 3.5917 7.5098 -9.8307 1.962 6.252 -8.0084 3.4463 7.9319
3 16 -8.0084 3.4463 7.9319 -9.8307 1.962 6.252 -6.7307 1.5103 6.5026
3 16 -8.0084 3.4463 7.9319 -7.5833 4.0732 7.9721 -10.6474 4.1509 7.4745
3 16 -4.7851 0.9537 6.6016 -4.6395 3.6387 8.6917 -6.7307 1.5103 6.5026
3 16 -8.0084 3.4463 7.9319 -6.7307 1.5103 6.5026 -4.6395 3.6387 8.6917
3 16 -4.6395 3.6387 8.6917 -7.5833 4.0732 7.9721 -8.0084 3.4463 7.9319
3 16 -4.7851 0.9537 6.6016 -3.5372 2.4613 8.1 -4.6395 3.6387 8.6917
3 16 -4.6395 3.6387 8.6917 -3.9772 4.2508 8.8482 -7.5833 4.0732 7.9721
3 16 -3.5372 2.4613 8.1 -2.2504 3.6816 9.1887 -4.6395 3.6387 8.6917
3 16 -2.2504 3.6816 9.1887 -3.9772 4.2508 8.8482 -4.6395 3.6387 8.6917
3 16 -2.2504 3.6816 9.1887 -1.9918 4.374 9.3508 -3.9772 4.2508 8.8482
3 16 16.3033 5.2005 7.6363 18.3518 6.7968 6.8138 15.8902 5.5566 7.3566
3 16 16.3033 5.2005 7.6363 18.6742 6.5466 6.9683 18.3518 6.7968 6.8138
3 16 20.3963 8.5585 5.9083 18.3518 6.7968 6.8138 18.6742 6.5466 6.9683
3 16 18.9817 3.7374 6.9234 18.6742 6.5466 6.9683 16.3033 5.2005 7.6363
3 16 20.3963 8.5585 5.9083 18.6742 6.5466 6.9683 20.8036 8.2721 6.0081
3 16 22.4299 10.5653 4.0581 20.3963 8.5585 5.9083 20.8036 8.2721 6.0081
3 16 18.9817 3.7374 6.9234 20.3135 5.3801 6.513 18.6742 6.5466 6.9683
3 16 20.3135 5.3801 6.513 20.8036 8.2721 6.0081 18.6742 6.5466 6.9683
3 16 20.3135 5.3801 6.513 18.9817 3.7374 6.9234 22.0451 1.8368 5.9486
3 16 20.3135 5.3801 6.513 22.3523 5.3597 5.1668 20.8036 8.2721 6.0081
3 16 20.3135 5.3801 6.513 22.0451 1.8368 5.9486 22.3523 5.3597 5.1668
3 16 22.4299 10.5653 4.0581 20.8036 8.2721 6.0081 22.8184 10.0409 3.956
3 16 22.8184 10.0409 3.956 20.8036 8.2721 6.0081 22.3523 5.3597 5.1668
3 16 22.0451 1.8368 5.9486 23.8713 5.4297 2.9126 22.3523 5.3597 5.1668
3 16 22.8184 10.0409 3.956 22.3523 5.3597 5.1668 23.8713 5.4297 2.9126
3 16 22.0451 1.8368 5.9486 24.2024 -1.1787 3.8214 23.8713 5.4297 2.9126
3 16 24.2024 -1.1787 3.8214 24.5233 5.3192 0.417 23.8713 5.4297 2.9126
3 16 24.2024 -1.1787 3.8214 25.5002 -2.8807 0.6245 24.5233 5.3192 0.417
3 16 24.7652 -1.4873 -2.1468 24.5233 5.3192 0.417 25.5002 -2.8807 0.6245
3 16 22.4299 10.5653 4.0581 22.8184 10.0409 3.956 23.4575 10.9989 2.0729
3 16 23.4575 10.9989 2.0729 22.8184 10.0409 3.956 23.8713 5.4297 2.9126
3 16 23.4575 10.9989 2.0729 23.8713 5.4297 2.9126 24.5233 5.3192 0.417
3 16 22.4299 10.5653 4.0581 23.4575 10.9989 2.0729 23.213 11.692 2.1476
3 16 23.213 11.692 2.1476 23.4575 10.9989 2.0729 23.6878 11.747 0.4037
3 16 23.4575 10.9989 2.0729 24.5233 5.3192 0.417 23.6878 11.747 0.4037
3 16 23.213 11.692 2.1476 23.6878 11.747 0.4037 23.4858 12.3342 0.3493
3 16 23.1864 11.7105 -1.4917 23.4858 12.3342 0.3493 23.6878 11.747 0.4037
3 16 23.1864 11.7105 -1.4917 23.6878 11.747 0.4037 23.4469 11.1629 -1.3541
3 16 23.4469 11.1629 -1.3541 23.6878 11.747 0.4037 24.5233 5.3192 0.417
3 16 22.6228 10.9276 -3.0499 23.1864 11.7105 -1.4917 23.4469 11.1629 -1.3541
3 16 24.7652 -1.4873 -2.1468 24.0512 5.1513 -2.0023 24.5233 5.3192 0.417
3 16 23.4469 11.1629 -1.3541 24.5233 5.3192 0.417 24.0512 5.1513 -2.0023
3 16 24.0512 5.1513 -2.0023 24.7652 -1.4873 -2.1468 23.3281 0.1205 -4.0706
3 16 22.6228 10.9276 -3.0499 23.4469 11.1629 -1.3541 23.0175 10.4098 -2.9822
3 16 23.4469 11.1629 -1.3541 24.0512 5.1513 -2.0023 23.0175 10.4098 -2.9822
3 16 21.8053 9.9858 -4.3368 22.6228 10.9276 -3.0499 23.0175 10.4098 -2.9822
3 16 21.8053 9.9858 -4.3368 23.0175 10.4098 -2.9822 22.2734 9.3856 -4.3085
3 16 24.0512 5.1513 -2.0023 22.2734 9.3856 -4.3085 23.0175 10.4098 -2.9822
3 16 20.1308 8.3173 -5.4312 21.8053 9.9858 -4.3368 22.2734 9.3856 -4.3085
3 16 24.0512 5.1513 -2.0023 23.3281 0.1205 -4.0706 22.8196 5.1769 -4.0661
3 16 24.0512 5.1513 -2.0023 22.8196 5.1769 -4.0661 22.2734 9.3856 -4.3085
3 16 22.8196 5.1769 -4.0661 23.3281 0.1205 -4.0706 20.7328 2.3187 -5.3286
3 16 20.1308 8.3173 -5.4312 22.2734 9.3856 -4.3085 20.7038 7.8018 -5.4722
3 16 22.8196 5.1769 -4.0661 20.7038 7.8018 -5.4722 22.2734 9.3856 -4.3085
3 16 18.3028 6.6085 -6.1213 20.1308 8.3173 -5.4312 20.7038 7.8018 -5.4722
3 16 22.8196 5.1769 -4.0661 20.7328 2.3187 -5.3286 21.43 5.0146 -5.1433
3 16 22.8196 5.1769 -4.0661 21.43 5.0146 -5.1433 20.7038 7.8018 -5.4722
3 16 19.773 4.8993 -5.8371 21.43 5.0146 -5.1433 20.7328 2.3187 -5.3286
3 16 20.7038 7.8018 -5.4722 21.43 5.0146 -5.1433 19.773 4.8993 -5.8371
3 16 19.773 4.8993 -5.8371 20.7328 2.3187 -5.3286 18.6183 4.0189 -6.0248
3 16 20.7038 7.8018 -5.4722 19.773 4.8993 -5.8371 18.5498 6.0476 -6.2243
3 16 18.5498 6.0476 -6.2243 19.773 4.8993 -5.8371 18.6183 4.0189 -6.0248
3 16 18.3028 6.6085 -6.1213 20.7038 7.8018 -5.4722 18.5498 6.0476 -6.2243
3 16 18.5498 6.0476 -6.2243 18.6183 4.0189 -6.0248 16.775 5.5464 -6.6302
3 16 18.3028 6.6085 -6.1213 18.5498 6.0476 -6.2243 16.775 5.5464 -6.6302
3 16 18.3028 6.6085 -6.1213 16.775 5.5464 -6.6302 16.5675 5.9722 -6.4529
3 16 16.4106 6.1103 -5.9021 18.3028 6.6085 -6.1213 16.5675 5.9722 -6.4529
3 16 16.4106 6.1103 -5.9021 18.0678 6.8461 -5.4997 18.3028 6.6085 -6.1213
3 16 18.0678 6.8461 -5.4997 20.1308 8.3173 -5.4312 18.3028 6.6085 -6.1213
3 16 16.4106 6.1103 -5.9021 17.012 5.6764 -4.2301 18.0678 6.8461 -5.4997
3 16 16.4106 6.1103 -5.9021 16.1456 5.6766 -4.415 17.012 5.6764 -4.2301
3 16 18.0678 6.8461 -5.4997 17.012 5.6764 -4.2301 18.0592 6.4755 -3.9659
3 16 18.0592 6.4755 -3.9659 19.7418 8.2249 -4.7721 18.0678 6.8461 -5.4997
3 16 18.0678 6.8461 -5.4997 19.7418 8.2249 -4.7721 20.1308 8.3173 -5.4312
3 16 18.0592 6.4755 -3.9659 19.4486 7.6891 -3.32 19.7418 8.2249 -4.7721
3 16 19.7418 8.2249 -4.7721 19.4486 7.6891 -3.32 20.5656 8.8906 -2.4708
3 16 21.2591 9.8587 -3.9908 20.1308 8.3173 -5.4312 19.7418 8.2249 -4.7721
3 16 19.7418 8.2249 -4.7721 20.5656 8.8906 -2.4708 21.2591 9.8587 -3.9908
3 16 21.2591 9.8587 -3.9908 21.8053 9.9858 -4.3368 20.1308 8.3173 -5.4312
3 16 20.5656 8.8906 -2.4708 22.0013 10.8986 -2.7885 21.2591 9.8587 -3.9908
3 16 22.0013 10.8986 -2.7885 21.8053 9.9858 -4.3368 21.2591 9.8587 -3.9908
3 16 20.5656 8.8906 -2.4708 21.1627 9.6614 -1.0682 22.0013 10.8986 -2.7885
3 16 22.0013 10.8986 -2.7885 22.6228 10.9276 -3.0499 21.8053 9.9858 -4.3368
3 16 22.6028 11.7877 -1.4807 22.0013 10.8986 -2.7885 21.1627 9.6614 -1.0682
3 16 22.6028 11.7877 -1.4807 22.6228 10.9276 -3.0499 22.0013 10.8986 -2.7885
3 16 22.6028 11.7877 -1.4807 23.1864 11.7105 -1.4917 22.6228 10.9276 -3.0499
3 16 22.6028 11.7877 -1.4807 21.1627 9.6614 -1.0682 21.3434 9.9693 0.3488
3 16 22.8711 12.3349 0.2852 23.1864 11.7105 -1.4917 22.6028 11.7877 -1.4807
3 16 22.8711 12.3349 0.2852 22.6028 11.7877 -1.4807 21.3434 9.9693 0.3488
3 16 22.8711 12.3349 0.2852 23.4858 12.3342 0.3493 23.1864 11.7105 -1.4917
3 16 22.5821 11.8042 1.8644 22.8711 12.3349 0.2852 21.3434 9.9693 0.3488
3 16 22.5821 11.8042 1.8644 23.4858 12.3342 0.3493 22.8711 12.3349 0.2852
3 16 22.5821 11.8042 1.8644 21.3434 9.9693 0.3488 21.1699 9.6985 1.4379
3 16 22.5821 11.8042 1.8644 23.213 11.692 2.1476 23.4858 12.3342 0.3493
3 16 21.1699 9.6985 1.4379 21.7845 10.551 3.6169 22.5821 11.8042 1.8644
3 16 21.7845 10.551 3.6169 23.213 11.692 2.1476 22.5821 11.8042 1.8644
3 16 21.7845 10.551 3.6169 22.4299 10.5653 4.0581 23.213 11.692 2.1476
3 16 21.1699 9.6985 1.4379 20.814 9.0534 2.5469 21.7845 10.551 3.6169
3 16 21.7845 10.551 3.6169 20.3963 8.5585 5.9083 22.4299 10.5653 4.0581
3 16 20.0129 8.4875 5.446 21.7845 10.551 3.6169 20.814 9.0534 2.5469
3 16 21.7845 10.551 3.6169 20.0129 8.4875 5.446 20.3963 8.5585 5.9083
3 16 20.0129 8.4875 5.446 20.814 9.0534 2.5469 19.7673 7.6587 3.8531
3 16 20.0129 8.4875 5.446 18.3518 6.7968 6.8138 20.3963 8.5585 5.9083
3 16 20.0129 8.4875 5.446 19.7673 7.6587 3.8531 18.2516 6.2736 4.7252
3 16 20.0129 8.4875 5.446 18.1294 6.8816 6.4927 18.3518 6.7968 6.8138
3 16 20.0129 8.4875 5.446 18.2516 6.2736 4.7252 18.1294 6.8816 6.4927
3 16 15.8902 5.5566 7.3566 18.3518 6.7968 6.8138 18.1294 6.8816 6.4927
3 16 18.1294 6.8816 6.4927 18.2516 6.2736 4.7252 16.9581 5.3068 5.0912
3 16 15.8902 5.5566 7.3566 18.1294 6.8816 6.4927 15.7142 5.6404 6.8165
3 16 15.7142 5.6404 6.8165 18.1294 6.8816 6.4927 16.9581 5.3068 5.0912
3 16 15.7142 5.6404 6.8165 16.9581 5.3068 5.0912 15.6079 4.8035 5.316
3 16 0 2.359 4.2526 0.4098 1.4173 4.1045 0 1.6094 4.1318
3 16 0 2.359 4.2526 1.0952 2.1237 4.0231 0.4098 1.4173 4.1045
3 16 1.0952 2.1237 4.0231 1.5537 0.0993 3.8004 0.4098 1.4173 4.1045
3 16 1.0952 2.1237 4.0231 2.4629 1.5105 3.3505 1.5537 0.0993 3.8004
3 16 3.4012 0.8716 2.4372 1.5537 0.0993 3.8004 2.4629 1.5105 3.3505
3 16 3.4012 0.8716 2.4372 2.5459 -1.6261 3.2757 1.5537 0.0993 3.8004
3 16 3.9158 0.265 1.2117 2.5459 -1.6261 3.2757 3.4012 0.8716 2.4372
3 16 3.9158 0.265 1.2117 3.7057 -2.2044 1.8423 2.5459 -1.6261 3.2757
3 16 4 -0.1811 0 3.7057 -2.2044 1.8423 3.9158 0.265 1.2117
3 16 4 -0.1811 0 4 -2.6483 0 3.7057 -2.2044 1.8423
3 16 4 -2.6483 0 4 -0.1811 0 3.6955 -0.1846 -1.5307
3 16 4 -2.6483 0 3.6955 -0.1846 -1.5307 3.6955 -2.6483 -1.5307
3 16 3.6955 -0.1846 -1.5307 2.8284 -2.6483 -2.8284 3.6955 -2.6483 -1.5307
3 16 3.6955 -0.1846 -1.5307 2.8284 0.5742 -2.8284 2.8284 -2.6483 -2.8284
3 16 1.5307 -2.6483 -3.6955 2.8284 -2.6483 -2.8284 2.8284 0.5742 -2.8284
3 16 1.5307 -2.6483 -3.6955 2.8284 0.5742 -2.8284 1.5307 1.1623 -3.6955
3 16 0 -2.6483 -4.0001 1.5307 -2.6483 -3.6955 1.5307 1.1623 -3.6955
3 16 0 -2.6483 -4.0001 1.5307 1.1623 -3.6955 0 1.4813 -4.0001
3 16 0 -2.6483 -4.0001 0 1.4813 -4.0001 -1.5307 1.1623 -3.6955
3 16 0 -2.6483 -4.0001 -1.5307 1.1623 -3.6955 -1.5307 -2.6483 -3.6955
3 16 -2.8284 0.5742 -2.8284 -1.5307 -2.6483 -3.6955 -1.5307 1.1623 -3.6955
3 16 -2.8284 0.5742 -2.8284 -2.8284 -2.6483 -2.8284 -1.5307 -2.6483 -3.6955
3 16 -3.6955 -0.1846 -1.5307 -2.8284 -2.6483 -2.8284 -2.8284 0.5742 -2.8284
3 16 -3.6955 -0.1846 -1.5307 -3.6955 -2.6483 -1.5307 -2.8284 -2.6483 -2.8284
3 16 -3.6955 -0.1846 -1.5307 -4 -2.6483 0 -3.6955 -2.6483 -1.5307
3 16 -3.6955 -0.1846 -1.5307 -4 -0.1811 0 -4 -2.6483 0
3 16 -3.7057 -2.2044 1.8423 -4 -2.6483 0 -4 -0.1811 0
3 16 -3.7057 -2.2044 1.8423 -4 -0.1811 0 -3.9158 0.265 1.2117
3 16 -2.5459 -1.6261 3.2757 -3.7057 -2.2044 1.8423 -3.9158 0.265 1.2117
3 16 -2.5459 -1.6261 3.2757 -3.9158 0.265 1.2117 -3.4012 0.8716 2.4372
3 16 -1.5537 0.0993 3.8004 -2.5459 -1.6261 3.2757 -3.4012 0.8716 2.4372
3 16 -1.5537 0.0993 3.8004 -3.4012 0.8716 2.4372 -2.4629 1.5105 3.3505
3 16 -1.5537 0.0993 3.8004 -2.4629 1.5105 3.3505 -1.0952 2.1237 4.0231
3 16 -1.5537 0.0993 3.8004 -1.0952 2.1237 4.0231 -0.4098 1.4173 4.1045
3 16 -0.4098 1.4173 4.1045 -1.0952 2.1237 4.0231 0 2.359 4.2526
3 16 -0.4098 1.4173 4.1045 0 2.359 4.2526 0 1.6094 4.1318
3 16 1.1133 5.6642 7.4341 2.3334 4.7727 8.6236 2.2237 4.7709 6.7217
3 16 1.1133 5.6642 7.4341 1.2556 5.6587 9.016 2.3334 4.7727 8.6236
3 16 0.4154 6.339 7.8699 1.2556 5.6587 9.016 1.1133 5.6642 7.4341
3 16 2.3334 4.7727 8.6236 1.2556 5.6587 9.016 1.315 5.2946 9.6687
3 16 1.9918 4.374 9.3508 2.3334 4.7727 8.6236 1.315 5.2946 9.6687
3 16 1.9918 4.374 9.3508 1.315 5.2946 9.6687 1.165 4.8411 9.9006
3 16 0.4121 5.1436 10.3484 1.165 4.8411 9.9006 1.315 5.2946 9.6687
3 16 0.4121 5.1436 10.3484 1.315 5.2946 9.6687 0.469 5.793 10.0074
3 16 0.469 5.793 10.0074 1.315 5.2946 9.6687 1.2556 5.6587 9.016
3 16 0.469 5.793 10.0074 0 5.2859 10.5228 0.4121 5.1436 10.3484
3 16 0.469 5.793 10.0074 0 6.0749 10.0126 0 5.2859 10.5228
3 16 0.469 5.793 10.0074 1.2556 5.6587 9.016 0.4654 6.3381 9.24
3 16 0.4654 6.3381 9.24 0 6.0749 10.0126 0.469 5.793 10.0074
3 16 0.4154 6.339 7.8699 0.4654 6.3381 9.24 1.2556 5.6587 9.016
3 16 0.4654 6.3381 9.24 0 6.5352 9.1235 0 6.0749 10.0126
3 16 0.4154 6.339 7.8699 0 6.5352 9.1235 0.4654 6.3381 9.24
3 16 0.4154 6.339 7.8699 0 6.4458 7.9072 0 6.5352 9.1235
3 16 18.2516 6.2736 4.7252 19.5137 3.0423 3.3503 16.9581 5.3068 5.0912
3 16 18.2516 6.2736 4.7252 20.4712 5.7412 2.9335 19.5137 3.0423 3.3503
3 16 20.4712 5.7412 2.9335 20.659 3.0423 2.4099 19.5137 3.0423 3.3503
3 16 18.2516 6.2736 4.7252 19.7673 7.6587 3.8531 20.4712 5.7412 2.9335
3 16 21.2232 5.7303 0.6938 20.659 3.0423 2.4099 20.4712 5.7412 2.9335
3 16 21.2232 5.7303 0.6938 21.129 3.0423 0.492 20.659 3.0423 2.4099
3 16 21.0249 8.0061 1.85 20.4712 5.7412 2.9335 19.7673 7.6587 3.8531
3 16 21.0249 8.0061 1.85 21.2232 5.7303 0.6938 20.4712 5.7412 2.9335
3 16 21.0249 8.0061 1.85 19.7673 7.6587 3.8531 20.814 9.0534 2.5469
3 16 21.0249 8.0061 1.85 20.814 9.0534 2.5469 21.1699 9.6985 1.4379
3 16 21.0249 8.0061 1.85 21.1699 9.6985 1.4379 21.2721 8.3028 0.469
3 16 21.0249 8.0061 1.85 21.2721 8.3028 0.469 21.2232 5.7303 0.6938
3 16 21.2721 8.3028 0.469 21.1699 9.6985 1.4379 21.3434 9.9693 0.3488
3 16 21.2721 8.3028 0.469 21.3434 9.9693 0.3488 21.1627 9.6614 -1.0682
3 16 21.2721 8.3028 0.469 21.1627 9.6614 -1.0682 21.138 8.0854 -0.9971
3 16 21.138 8.0854 -0.9971 21.2232 5.7303 0.6938 21.2721 8.3028 0.469
3 16 21.138 8.0854 -0.9971 21.1627 9.6614 -1.0682 20.5656 8.8906 -2.4708
3 16 21.0197 5.7412 -1.1836 21.129 3.0423 0.492 21.2232 5.7303 0.6938
3 16 21.138 8.0854 -0.9971 21.0197 5.7412 -1.1836 21.2232 5.7303 0.6938
3 16 21.0197 5.7412 -1.1836 20.8741 3.0423 -1.6772 21.129 3.0423 0.492
3 16 21.138 8.0854 -0.9971 20.5656 8.8906 -2.4708 20.8386 7.7246 -1.8949
3 16 21.0197 5.7412 -1.1836 21.138 8.0854 -0.9971 20.8386 7.7246 -1.8949
3 16 20.8386 7.7246 -1.8949 20.5656 8.8906 -2.4708 19.4486 7.6891 -3.32
3 16 20.1872 5.9397 -2.8498 20.8741 3.0423 -1.6772 21.0197 5.7412 -1.1836
3 16 21.0197 5.7412 -1.1836 20.8386 7.7246 -1.8949 20.1872 5.9397 -2.8498
3 16 20.8386 7.7246 -1.8949 19.4486 7.6891 -3.32 20.1872 5.9397 -2.8498
3 16 20.1872 5.9397 -2.8498 19.7036 3.0423 -2.8984 20.8741 3.0423 -1.6772
3 16 20.1872 5.9397 -2.8498 19.4486 7.6891 -3.32 18.0592 6.4755 -3.9659
3 16 20.1872 5.9397 -2.8498 17.012 5.6764 -4.2301 19.7036 3.0423 -2.8984
3 16 20.1872 5.9397 -2.8498 18.0592 6.4755 -3.9659 17.012 5.6764 -4.2301
3 16 16.4106 6.1103 -5.9021 14.4486 5.8202 -4.7451 16.1456 5.6766 -4.415
3 16 16.4106 6.1103 -5.9021 14.8214 6.1342 -6.2632 14.4486 5.8202 -4.7451
3 16 16.5675 5.9722 -6.4529 14.8214 6.1342 -6.2632 16.4106 6.1103 -5.9021
3 16 12.6027 6.921 -5.4439 14.4486 5.8202 -4.7451 14.8214 6.1342 -6.2632
3 16 16.5675 5.9722 -6.4529 14.8716 5.9388 -6.7902 14.8214 6.1342 -6.2632
3 16 12.6027 6.921 -5.4439 14.8214 6.1342 -6.2632 12.682 7.0324 -6.9874
3 16 12.682 7.0324 -6.9874 14.8214 6.1342 -6.2632 14.8716 5.9388 -6.7902
3 16 9.8983 8.922 -6.23 12.6027 6.921 -5.4439 12.682 7.0324 -6.9874
3 16 12.682 7.0324 -6.9874 14.8716 5.9388 -6.7902 12.6825 6.8523 -7.4583
3 16 9.8983 8.922 -6.23 12.682 7.0324 -6.9874 10.169 8.8079 -7.7961
3 16 10.169 8.8079 -7.7961 12.682 7.0324 -6.9874 12.6825 6.8523 -7.4583
3 16 7.7258 10.6656 -6.5987 9.8983 8.922 -6.23 10.169 8.8079 -7.7961
3 16 10.169 8.8079 -7.7961 12.6825 6.8523 -7.4583 10.1392 8.6313 -8.3519
3 16 7.7258 10.6656 -6.5987 10.169 8.8079 -7.7961 7.9451 10.6042 -8.4914
3 16 7.9451 10.6042 -8.4914 10.169 8.8079 -7.7961 10.1392 8.6313 -8.3519
3 16 5.5152 11.9514 -6.8774 7.7258 10.6656 -6.5987 7.9451 10.6042 -8.4914
3 16 7.9451 10.6042 -8.4914 10.1392 8.6313 -8.3519 7.8114 10.2897 -9.0299
3 16 5.5152 11.9514 -6.8774 7.9451 10.6042 -8.4914 5.6064 12.0705 -8.6907
3 16 5.6064 12.0705 -8.6907 7.9451 10.6042 -8.4914 7.8114 10.2897 -9.0299
3 16 3.1436 12.9592 -7.0391 5.5152 11.9514 -6.8774 5.6064 12.0705 -8.6907
3 16 5.6064 12.0705 -8.6907 7.8114 10.2897 -9.0299 5.4672 11.8762 -9.2807
3 16 3.1436 12.9592 -7.0391 5.6064 12.0705 -8.6907 2.9823 13.0209 -8.8274
3 16 2.9823 13.0209 -8.8274 5.6064 12.0705 -8.6907 5.4672 11.8762 -9.2807
3 16 0 13.1822 -7.0191 3.1436 12.9592 -7.0391 2.9823 13.0209 -8.8274
3 16 2.9823 13.0209 -8.8274 5.4672 11.8762 -9.2807 2.8868 12.7444 -9.4358
3 16 0 13.1822 -7.0191 2.9823 13.0209 -8.8274 0 13.2632 -8.8967
3 16 0 13.2632 -8.8967 2.9823 13.0209 -8.8274 2.8868 12.7444 -9.4358
3 16 0 13.2632 -8.8967 2.8868 12.7444 -9.4358 0 13.0466 -9.3719
3 16 -1.8901 13.1076 -7.053 0 13.1822 -7.0191 0 13.2632 -8.8967
3 16 -2.8868 12.7444 -9.4358 0 13.2632 -8.8967 0 13.0466 -9.3719
3 16 -1.8901 13.1076 -7.053 0 13.2632 -8.8967 -2.9823 13.0209 -8.8274
3 16 -2.8868 12.7444 -9.4358 -2.9823 13.0209 -8.8274 0 13.2632 -8.8967
3 16 -2.9823 13.0209 -8.8274 -2.6962 13.0302 -7.3819 -1.8901 13.1076 -7.053
3 16 -5.4672 11.8762 -9.2807 -2.9823 13.0209 -8.8274 -2.8868 12.7444 -9.4358
3 16 -4.3856 12.6143 -7.2736 -2.6962 13.0302 -7.3819 -2.9823 13.0209 -8.8274
3 16 -5.4672 11.8762 -9.2807 -5.6064 12.0705 -8.6907 -2.9823 13.0209 -8.8274
3 16 -4.3856 12.6143 -7.2736 -2.9823 13.0209 -8.8274 -5.6064 12.0705 -8.6907
3 16 -7.8114 10.2897 -9.0299 -5.6064 12.0705 -8.6907 -5.4672 11.8762 -9.2807
3 16 -6.2765 11.7521 -7.0443 -4.3856 12.6143 -7.2736 -5.6064 12.0705 -8.6907
3 16 -7.8114 10.2897 -9.0299 -7.9451 10.6042 -8.4914 -5.6064 12.0705 -8.6907
3 16 -7.9451 10.6042 -8.4914 -6.2765 11.7521 -7.0443 -5.6064 12.0705 -8.6907
3 16 -7.9451 10.6042 -8.4914 -7.0795 11.1922 -6.5075 -6.2765 11.7521 -7.0443
3 16 -10.1392 8.6313 -8.3519 -7.9451 10.6042 -8.4914 -7.8114 10.2897 -9.0299
3 16 -7.9451 10.6042 -8.4914 -7.6848 10.575 -6.6011 -7.0795 11.1922 -6.5075
3 16 -10.1392 8.6313 -8.3519 -10.169 8.8079 -7.7961 -7.9451 10.6042 -8.4914
3 16 -10.169 8.8079 -7.7961 -7.6848 10.575 -6.6011 -7.9451 10.6042 -8.4914
3 16 -12.6825 6.8523 -7.4583 -10.169 8.8079 -7.7961 -10.1392 8.6313 -8.3519
3 16 -10.169 8.8079 -7.7961 -9.8983 8.922 -6.23 -7.6848 10.575 -6.6011
3 16 -12.6825 6.8523 -7.4583 -12.682 7.0324 -6.9874 -10.169 8.8079 -7.7961
3 16 -12.682 7.0324 -6.9874 -9.8983 8.922 -6.23 -10.169 8.8079 -7.7961
3 16 -14.8716 5.9388 -6.7902 -12.682 7.0324 -6.9874 -12.6825 6.8523 -7.4583
3 16 -12.682 7.0324 -6.9874 -12.6027 6.921 -5.4439 -9.8983 8.922 -6.23
3 16 -14.8716 5.9388 -6.7902 -14.8214 6.1342 -6.2632 -12.682 7.0324 -6.9874
3 16 -14.8214 6.1342 -6.2632 -12.6027 6.921 -5.4439 -12.682 7.0324 -6.9874
3 16 -16.5675 5.9722 -6.4529 -14.8214 6.1342 -6.2632 -14.8716 5.9388 -6.7902
3 16 -14.8214 6.1342 -6.2632 -14.4486 5.8202 -4.7451 -12.6027 6.921 -5.4439
3 16 -16.5675 5.9722 -6.4529 -16.4106 6.1103 -5.9021 -14.8214 6.1342 -6.2632
3 16 -14.4486 5.8202 -4.7451 -14.8214 6.1342 -6.2632 -16.4106 6.1103 -5.9021
3 16 -14.4486 5.8202 -4.7451 -16.4106 6.1103 -5.9021 -16.1456 5.6766 -4.415
3 16 14.5049 3.0423 3.3735 13.1034 4.4488 5.4158 15.6079 4.8035 5.316
3 16 14.5049 3.0423 3.3735 15.6079 4.8035 5.316 16.9581 5.3068 5.0912
3 16 14.5049 3.0423 3.3735 16.9581 5.3068 5.0912 19.5137 3.0423 3.3503
3 16 19.5137 3.0423 3.3503 15.5848 3.0423 2.1243 14.5049 3.0423 3.3735
3 16 19.5137 3.0423 3.3503 19.3417 3.0423 0.3368 15.5848 3.0423 2.1243
3 16 15.5848 3.0423 2.1243 19.3417 3.0423 0.3368 15.8367 3.0423 0.2631
3 16 20.659 3.0423 2.4099 19.3417 3.0423 0.3368 19.5137 3.0423 3.3503
3 16 20.659 3.0423 2.4099 21.129 3.0423 0.492 19.3417 3.0423 0.3368
3 16 21.129 3.0423 0.492 20.8741 3.0423 -1.6772 19.3417 3.0423 0.3368
3 16 15.2438 3.0423 -1.6337 15.8367 3.0423 0.2631 19.3417 3.0423 0.3368
3 16 20.8741 3.0423 -1.6772 19.7036 3.0423 -2.8984 19.3417 3.0423 0.3368
3 16 15.2438 3.0423 -1.6337 19.3417 3.0423 0.3368 19.7036 3.0423 -2.8984
3 16 15.2438 3.0423 -1.6337 19.7036 3.0423 -2.8984 14.2719 3.0423 -2.9514
3 16 14.2719 3.0423 -2.9514 19.7036 3.0423 -2.8984 17.012 5.6764 -4.2301
3 16 14.2719 3.0423 -2.9514 17.012 5.6764 -4.2301 16.1456 5.6766 -4.415
3 16 16.1456 5.6766 -4.415 14.4486 5.8202 -4.7451 14.2719 3.0423 -2.9514
3 16 4 -2.6483 0 6.0699 -2.6483 -2.7097 6.7774 -2.6483 0.0731
3 16 4 -2.6483 0 3.6955 -2.6483 -1.5307 6.0699 -2.6483 -2.7097
3 16 6.0699 -2.6483 -2.7097 3.6955 -2.6483 -1.5307 2.8284 -2.6483 -2.8284
3 16 6.0699 -2.6483 -2.7097 2.8284 -2.6483 -2.8284 4.6713 -2.6483 -4.8091
3 16 2.5043 -2.6483 -6.125 4.6713 -2.6483 -4.8091 2.8284 -2.6483 -2.8284
3 16 2.5043 -2.6483 -6.125 2.8284 -2.6483 -2.8284 1.5307 -2.6483 -3.6955
3 16 2.5043 -2.6483 -6.125 1.5307 -2.6483 -3.6955 0 -2.6483 -4.0001
3 16 2.5043 -2.6483 -6.125 0 -2.6483 -4.0001 0 -2.6483 -6.7791
3 16 -2.5043 -2.6483 -6.125 0 -2.6483 -6.7791 0 -2.6483 -4.0001
3 16 -2.5043 -2.6483 -6.125 0 -2.6483 -4.0001 -1.5307 -2.6483 -3.6955
3 16 -2.8284 -2.6483 -2.8284 -2.5043 -2.6483 -6.125 -1.5307 -2.6483 -3.6955
3 16 -2.8284 -2.6483 -2.8284 -4.6713 -2.6483 -4.8091 -2.5043 -2.6483 -6.125
3 16 -2.8284 -2.6483 -2.8284 -6.0699 -2.6483 -2.7097 -4.6713 -2.6483 -4.8091
3 16 -2.8284 -2.6483 -2.8284 -3.6955 -2.6483 -1.5307 -6.0699 -2.6483 -2.7097
3 16 -4 -2.6483 0 -6.0699 -2.6483 -2.7097 -3.6955 -2.6483 -1.5307
3 16 -4 -2.6483 0 -6.7774 -2.6483 0.0731 -6.0699 -2.6483 -2.7097
3 16 -5.2444 -0.8969 5.5439 -2.268 -0.7473 5.4853 -4.0011 0.0062 7.1613
3 16 -5.2444 -0.8969 5.5439 -2.5459 -1.6261 3.2757 -2.268 -0.7473 5.4853
3 16 -6.3235 -1.9626 2.8421 -2.5459 -1.6261 3.2757 -5.2444 -0.8969 5.5439
3 16 -6.3235 -1.9626 2.8421 -3.7057 -2.2044 1.8423 -2.5459 -1.6261 3.2757
3 16 -3.7057 -2.2044 1.8423 -6.3235 -1.9626 2.8421 -6.7774 -2.6483 0.0731
3 16 -3.7057 -2.2044 1.8423 -6.7774 -2.6483 0.0731 -4 -2.6483 0
3 16 -0.6715 1.271 6.2032 0 1.6094 4.1318 0 1.6812 6.2725
3 16 -0.6715 1.271 6.2032 -0.4098 1.4173 4.1045 0 1.6094 4.1318
3 16 -1.4899 0.351 5.8316 -0.4098 1.4173 4.1045 -0.6715 1.271 6.2032
3 16 -1.4899 0.351 5.8316 -1.5537 0.0993 3.8004 -0.4098 1.4173 4.1045
3 16 -2.268 -0.7473 5.4853 -1.5537 0.0993 3.8004 -1.4899 0.351 5.8316
3 16 -2.268 -0.7473 5.4853 -2.5459 -1.6261 3.2757 -1.5537 0.0993 3.8004
3 16 -1.4899 0.351 5.8316 -4.0011 0.0062 7.1613 -2.268 -0.7473 5.4853
3 16 -1.4899 0.351 5.8316 -2.7816 1.932 8.4659 -4.0011 0.0062 7.1613
3 16 -0.6715 1.271 6.2032 -2.7816 1.932 8.4659 -1.4899 0.351 5.8316
3 16 -0.6715 1.271 6.2032 -1.3367 3.4757 9.6355 -2.7816 1.932 8.4659
3 16 -1.3367 3.4757 9.6355 -0.6715 1.271 6.2032 0 1.6812 6.2725
3 16 -1.3367 3.4757 9.6355 0 1.6812 6.2725 0 4.3492 10.3546
3 16 -2.6895 0.5972 -6.3265 0 1.0577 -6.9438 0 -2.6483 -6.7791
3 16 -2.6895 0.5972 -6.3265 0 -2.6483 -6.7791 -2.5043 -2.6483 -6.125
3 16 -4.983 -0.4794 -4.8393 -2.6895 0.5972 -6.3265 -2.5043 -2.6483 -6.125
3 16 -4.983 -0.4794 -4.8393 -2.5043 -2.6483 -6.125 -4.6713 -2.6483 -4.8091
3 16 -4.6713 -2.6483 -4.8091 -6.4369 -1.4898 -2.755 -4.983 -0.4794 -4.8393
3 16 -4.6713 -2.6483 -4.8091 -6.0699 -2.6483 -2.7097 -6.4369 -1.4898 -2.755
3 16 -6.0699 -2.6483 -2.7097 -7.1251 -2.1481 -0.0885 -6.4369 -1.4898 -2.755
3 16 -6.0699 -2.6483 -2.7097 -6.7774 -2.6483 0.0731 -7.1251 -2.1481 -0.0885
3 16 -6.7611 -1.3966 2.6206 -7.1251 -2.1481 -0.0885 -6.7774 -2.6483 0.0731
3 16 -6.7611 -1.3966 2.6206 -6.7774 -2.6483 0.0731 -6.3235 -1.9626 2.8421
3 16 -5.7549 -0.0665 5.108 -6.7611 -1.3966 2.6206 -6.3235 -1.9626 2.8421
3 16 -5.7549 -0.0665 5.108 -6.3235 -1.9626 2.8421 -5.2444 -0.8969 5.5439
3 16 -4.7851 0.9537 6.6016 -5.7549 -0.0665 5.108 -5.2444 -0.8969 5.5439
3 16 -4.7851 0.9537 6.6016 -5.2444 -0.8969 5.5439 -4.0011 0.0062 7.1613
3 16 -4.0011 0.0062 7.1613 -3.5372 2.4613 8.1 -4.7851 0.9537 6.6016
3 16 -4.0011 0.0062 7.1613 -2.7816 1.932 8.4659 -3.5372 2.4613 8.1
3 16 -2.7816 1.932 8.4659 -2.2504 3.6816 9.1887 -3.5372 2.4613 8.1
3 16 -2.7816 1.932 8.4659 -1.3367 3.4757 9.6355 -2.2504 3.6816 9.1887
3 16 -1.9918 4.374 9.3508 -2.2504 3.6816 9.1887 -1.3367 3.4757 9.6355
3 16 -1.9918 4.374 9.3508 -1.3367 3.4757 9.6355 -1.165 4.8411 9.9006
3 16 -1.165 4.8411 9.9006 -1.3367 3.4757 9.6355 0 4.3492 10.3546
3 16 -1.165 4.8411 9.9006 0 4.3492 10.3546 -0.4121 5.1436 10.3484
3 16 0 5.2859 10.5228 -0.4121 5.1436 10.3484 0 4.3492 10.3546
3 16 -2.3334 4.7727 8.6236 -3.9772 4.2508 8.8482 -1.9918 4.374 9.3508
3 16 -2.3334 4.7727 8.6236 -3.8812 4.5837 8.1728 -3.9772 4.2508 8.8482
3 16 -2.2237 4.7709 6.7217 -3.8812 4.5837 8.1728 -2.3334 4.7727 8.6236
3 16 -2.2237 4.7709 6.7217 -3.8905 4.5063 6.2417 -3.8812 4.5837 8.1728
3 16 -3.9772 4.2508 8.8482 -3.8812 4.5837 8.1728 -7.4645 4.3503 7.5208
3 16 -3.8905 4.5063 6.2417 -7.4645 4.3503 7.5208 -3.8812 4.5837 8.1728
3 16 -3.8905 4.5063 6.2417 -7.0753 4.2505 5.8422 -7.4645 4.3503 7.5208
3 16 -3.9772 4.2508 8.8482 -7.4645 4.3503 7.5208 -7.5833 4.0732 7.9721
3 16 -7.4645 4.3503 7.5208 -7.0753 4.2505 5.8422 -9.9423 4.1922 5.6152
3 16 -7.5833 4.0732 7.9721 -7.4645 4.3503 7.5208 -10.4771 4.4071 6.8937
3 16 -7.4645 4.3503 7.5208 -9.9423 4.1922 5.6152 -10.4771 4.4071 6.8937
3 16 -7.5833 4.0732 7.9721 -10.4771 4.4071 6.8937 -10.6474 4.1509 7.4745
3 16 -13.1034 4.4488 5.4158 -10.4771 4.4071 6.8937 -9.9423 4.1922 5.6152
3 16 -13.7412 4.9695 6.773 -10.6474 4.1509 7.4745 -10.4771 4.4071 6.8937
3 16 -13.1034 4.4488 5.4158 -13.7412 4.9695 6.773 -10.4771 4.4071 6.8937
3 16 -15.6079 4.8035 5.316 -13.7412 4.9695 6.773 -13.1034 4.4488 5.4158
3 16 -13.7412 4.9695 6.773 -13.9952 4.8364 7.3821 -10.6474 4.1509 7.4745
3 16 -15.6079 4.8035 5.316 -15.7142 5.6404 6.8165 -13.7412 4.9695 6.773
3 16 -13.9952 4.8364 7.3821 -13.7412 4.9695 6.773 -15.7142 5.6404 6.8165
3 16 -13.9952 4.8364 7.3821 -15.7142 5.6404 6.8165 -15.8902 5.5566 7.3566
3 16 -16.3033 5.2005 7.6363 -15.8902 5.5566 7.3566 -18.3518 6.7968 6.8138
3 16 -16.3033 5.2005 7.6363 -18.3518 6.7968 6.8138 -18.6742 6.5466 6.9683
3 16 -18.6742 6.5466 6.9683 -18.3518 6.7968 6.8138 -20.3963 8.5585 5.9083
3 16 -18.9817 3.7374 6.9234 -16.3033 5.2005 7.6363 -18.6742 6.5466 6.9683
3 16 -18.6742 6.5466 6.9683 -20.3963 8.5585 5.9083 -20.8036 8.2721 6.0081
3 16 -20.8036 8.2721 6.0081 -20.3963 8.5585 5.9083 -22.4299 10.5653 4.0581
3 16 -18.9817 3.7374 6.9234 -18.6742 6.5466 6.9683 -20.3135 5.3801 6.513
3 16 -20.3135 5.3801 6.513 -18.6742 6.5466 6.9683 -20.8036 8.2721 6.0081
3 16 -22.0451 1.8368 5.9486 -18.9817 3.7374 6.9234 -20.3135 5.3801 6.513
3 16 -20.3135 5.3801 6.513 -20.8036 8.2721 6.0081 -22.3523 5.3597 5.1668
3 16 -22.0451 1.8368 5.9486 -20.3135 5.3801 6.513 -22.3523 5.3597 5.1668
3 16 -20.8036 8.2721 6.0081 -22.4299 10.5653 4.0581 -22.8184 10.0409 3.956
3 16 -22.3523 5.3597 5.1668 -20.8036 8.2721 6.0081 -22.8184 10.0409 3.956
3 16 -23.8713 5.4297 2.9126 -22.0451 1.8368 5.9486 -22.3523 5.3597 5.1668
3 16 -22.3523 5.3597 5.1668 -22.8184 10.0409 3.956 -23.8713 5.4297 2.9126
3 16 -23.8713 5.4297 2.9126 -24.2024 -1.1787 3.8214 -22.0451 1.8368 5.9486
3 16 -24.5233 5.3192 0.417 -24.2024 -1.1787 3.8214 -23.8713 5.4297 2.9126
3 16 -24.5233 5.3192 0.417 -25.5002 -2.8807 0.6245 -24.2024 -1.1787 3.8214
3 16 -24.7652 -1.4873 -2.1468 -25.5002 -2.8807 0.6245 -24.5233 5.3192 0.417
3 16 -22.4299 10.5653 4.0581 -23.4575 10.9989 2.0729 -22.8184 10.0409 3.956
3 16 -22.8184 10.0409 3.956 -23.4575 10.9989 2.0729 -23.8713 5.4297 2.9126
3 16 -23.4575 10.9989 2.0729 -24.5233 5.3192 0.417 -23.8713 5.4297 2.9126
3 16 -22.4299 10.5653 4.0581 -23.213 11.692 2.1476 -23.4575 10.9989 2.0729
3 16 -23.213 11.692 2.1476 -23.6878 11.747 0.4037 -23.4575 10.9989 2.0729
3 16 -23.4575 10.9989 2.0729 -23.6878 11.747 0.4037 -24.5233 5.3192 0.417
3 16 -23.213 11.692 2.1476 -23.4858 12.3342 0.3493 -23.6878 11.747 0.4037
3 16 -23.6878 11.747 0.4037 -23.4858 12.3342 0.3493 -23.1864 11.7105 -1.4917
3 16 -23.6878 11.747 0.4037 -23.1864 11.7105 -1.4917 -23.4469 11.1629 -1.3541
3 16 -24.5233 5.3192 0.417 -23.6878 11.747 0.4037 -23.4469 11.1629 -1.3541
3 16 -23.4469 11.1629 -1.3541 -23.1864 11.7105 -1.4917 -22.6228 10.9276 -3.0499
3 16 -24.7652 -1.4873 -2.1468 -24.5233 5.3192 0.417 -24.0512 5.1513 -2.0023
3 16 -23.4469 11.1629 -1.3541 -24.0512 5.1513 -2.0023 -24.5233 5.3192 0.417
3 16 -24.0512 5.1513 -2.0023 -23.3281 0.1205 -4.0706 -24.7652 -1.4873 -2.1468
3 16 -23.4469 11.1629 -1.3541 -22.6228 10.9276 -3.0499 -23.0175 10.4098 -2.9822
3 16 -23.4469 11.1629 -1.3541 -23.0175 10.4098 -2.9822 -24.0512 5.1513 -2.0023
3 16 -23.0175 10.4098 -2.9822 -22.6228 10.9276 -3.0499 -21.8053 9.9858 -4.3368
3 16 -23.0175 10.4098 -2.9822 -21.8053 9.9858 -4.3368 -22.2734 9.3856 -4.3085
3 16 -22.2734 9.3856 -4.3085 -24.0512 5.1513 -2.0023 -23.0175 10.4098 -2.9822
3 16 -22.2734 9.3856 -4.3085 -21.8053 9.9858 -4.3368 -20.1308 8.3173 -5.4312
3 16 -24.0512 5.1513 -2.0023 -22.8196 5.1769 -4.0661 -23.3281 0.1205 -4.0706
3 16 -22.2734 9.3856 -4.3085 -22.8196 5.1769 -4.0661 -24.0512 5.1513 -2.0023
3 16 -22.8196 5.1769 -4.0661 -20.7328 2.3187 -5.3286 -23.3281 0.1205 -4.0706
3 16 -22.2734 9.3856 -4.3085 -20.1308 8.3173 -5.4312 -20.7038 7.8018 -5.4722
3 16 -22.8196 5.1769 -4.0661 -22.2734 9.3856 -4.3085 -20.7038 7.8018 -5.4722
3 16 -20.7038 7.8018 -5.4722 -20.1308 8.3173 -5.4312 -18.3028 6.6085 -6.1213
3 16 -22.8196 5.1769 -4.0661 -21.43 5.0146 -5.1433 -20.7328 2.3187 -5.3286
3 16 -22.8196 5.1769 -4.0661 -20.7038 7.8018 -5.4722 -21.43 5.0146 -5.1433
3 16 -19.773 4.8993 -5.8371 -20.7328 2.3187 -5.3286 -21.43 5.0146 -5.1433
3 16 -20.7038 7.8018 -5.4722 -19.773 4.8993 -5.8371 -21.43 5.0146 -5.1433
3 16 -19.773 4.8993 -5.8371 -18.6183 4.0189 -6.0248 -20.7328 2.3187 -5.3286
3 16 -20.7038 7.8018 -5.4722 -18.5498 6.0476 -6.2243 -19.773 4.8993 -5.8371
3 16 -18.5498 6.0476 -6.2243 -18.6183 4.0189 -6.0248 -19.773 4.8993 -5.8371
3 16 -20.7038 7.8018 -5.4722 -18.3028 6.6085 -6.1213 -18.5498 6.0476 -6.2243
3 16 -18.5498 6.0476 -6.2243 -16.775 5.5464 -6.6302 -18.6183 4.0189 -6.0248
3 16 -18.3028 6.6085 -6.1213 -16.775 5.5464 -6.6302 -18.5498 6.0476 -6.2243
3 16 -18.3028 6.6085 -6.1213 -16.5675 5.9722 -6.4529 -16.775 5.5464 -6.6302
3 16 -18.3028 6.6085 -6.1213 -16.4106 6.1103 -5.9021 -16.5675 5.9722 -6.4529
3 16 -18.3028 6.6085 -6.1213 -18.0678 6.8461 -5.4997 -16.4106 6.1103 -5.9021
3 16 -20.1308 8.3173 -5.4312 -18.0678 6.8461 -5.4997 -18.3028 6.6085 -6.1213
3 16 -17.012 5.6764 -4.2301 -16.4106 6.1103 -5.9021 -18.0678 6.8461 -5.4997
3 16 -17.012 5.6764 -4.2301 -16.1456 5.6766 -4.415 -16.4106 6.1103 -5.9021
3 16 -18.0592 6.4755 -3.9659 -17.012 5.6764 -4.2301 -18.0678 6.8461 -5.4997
3 16 -18.0592 6.4755 -3.9659 -18.0678 6.8461 -5.4997 -19.7418 8.2249 -4.7721
3 16 -20.1308 8.3173 -5.4312 -19.7418 8.2249 -4.7721 -18.0678 6.8461 -5.4997
3 16 -18.0592 6.4755 -3.9659 -19.7418 8.2249 -4.7721 -19.4486 7.6891 -3.32
3 16 -20.5656 8.8906 -2.4708 -19.4486 7.6891 -3.32 -19.7418 8.2249 -4.7721
3 16 -21.2591 9.8587 -3.9908 -19.7418 8.2249 -4.7721 -20.1308 8.3173 -5.4312
3 16 -20.5656 8.8906 -2.4708 -19.7418 8.2249 -4.7721 -21.2591 9.8587 -3.9908
3 16 -21.2591 9.8587 -3.9908 -20.1308 8.3173 -5.4312 -21.8053 9.9858 -4.3368
3 16 -20.5656 8.8906 -2.4708 -21.2591 9.8587 -3.9908 -22.0013 10.8986 -2.7885
3 16 -22.0013 10.8986 -2.7885 -21.2591 9.8587 -3.9908 -21.8053 9.9858 -4.3368
3 16 -20.5656 8.8906 -2.4708 -22.0013 10.8986 -2.7885 -21.1627 9.6614 -1.0682
3 16 -22.0013 10.8986 -2.7885 -21.8053 9.9858 -4.3368 -22.6228 10.9276 -3.0499
3 16 -21.1627 9.6614 -1.0682 -22.0013 10.8986 -2.7885 -22.6028 11.7877 -1.4807
3 16 -22.6028 11.7877 -1.4807 -22.0013 10.8986 -2.7885 -22.6228 10.9276 -3.0499
3 16 -22.6028 11.7877 -1.4807 -22.6228 10.9276 -3.0499 -23.1864 11.7105 -1.4917
3 16 -21.1627 9.6614 -1.0682 -22.6028 11.7877 -1.4807 -21.3434 9.9693 0.3488
3 16 -23.1864 11.7105 -1.4917 -22.8711 12.3349 0.2852 -22.6028 11.7877 -1.4807
3 16 -22.6028 11.7877 -1.4807 -22.8711 12.3349 0.2852 -21.3434 9.9693 0.3488
3 16 -23.1864 11.7105 -1.4917 -23.4858 12.3342 0.3493 -22.8711 12.3349 0.2852
3 16 -22.5821 11.8042 1.8644 -21.3434 9.9693 0.3488 -22.8711 12.3349 0.2852
3 16 -22.5821 11.8042 1.8644 -22.8711 12.3349 0.2852 -23.4858 12.3342 0.3493
3 16 -22.5821 11.8042 1.8644 -21.1699 9.6985 1.4379 -21.3434 9.9693 0.3488
3 16 -22.5821 11.8042 1.8644 -23.4858 12.3342 0.3493 -23.213 11.692 2.1476
3 16 -21.7845 10.551 3.6169 -21.1699 9.6985 1.4379 -22.5821 11.8042 1.8644
3 16 -21.7845 10.551 3.6169 -22.5821 11.8042 1.8644 -23.213 11.692 2.1476
3 16 -21.7845 10.551 3.6169 -23.213 11.692 2.1476 -22.4299 10.5653 4.0581
3 16 -21.7845 10.551 3.6169 -20.814 9.0534 2.5469 -21.1699 9.6985 1.4379
3 16 -20.3963 8.5585 5.9083 -21.7845 10.551 3.6169 -22.4299 10.5653 4.0581
3 16 -20.814 9.0534 2.5469 -21.7845 10.551 3.6169 -20.0129 8.4875 5.446
3 16 -20.3963 8.5585 5.9083 -20.0129 8.4875 5.446 -21.7845 10.551 3.6169
3 16 -20.814 9.0534 2.5469 -20.0129 8.4875 5.446 -19.7673 7.6587 3.8531
3 16 -18.3518 6.7968 6.8138 -20.0129 8.4875 5.446 -20.3963 8.5585 5.9083
3 16 -18.2516 6.2736 4.7252 -19.7673 7.6587 3.8531 -20.0129 8.4875 5.446
3 16 -18.3518 6.7968 6.8138 -18.1294 6.8816 6.4927 -20.0129 8.4875 5.446
3 16 -18.2516 6.2736 4.7252 -20.0129 8.4875 5.446 -18.1294 6.8816 6.4927
3 16 -18.1294 6.8816 6.4927 -18.3518 6.7968 6.8138 -15.8902 5.5566 7.3566
3 16 -18.2516 6.2736 4.7252 -18.1294 6.8816 6.4927 -16.9581 5.3068 5.0912
3 16 -18.1294 6.8816 6.4927 -15.8902 5.5566 7.3566 -15.7142 5.6404 6.8165
3 16 -15.7142 5.6404 6.8165 -16.9581 5.3068 5.0912 -18.1294 6.8816 6.4927
3 16 -15.7142 5.6404 6.8165 -15.6079 4.8035 5.316 -16.9581 5.3068 5.0912
3 16 -17.012 5.6764 -4.2301 -19.7036 3.0423 -2.8984 -14.2719 3.0423 -2.9514
3 16 -17.012 5.6764 -4.2301 -14.2719 3.0423 -2.9514 -16.1456 5.6766 -4.415
3 16 -16.1456 5.6766 -4.415 -14.2719 3.0423 -2.9514 -14.4486 5.8202 -4.7451
3 16 -2.0159 10.667 -6.8823 0 13.1822 -7.0191 -1.8901 13.1076 -7.053
3 16 -2.0159 10.667 -6.8823 0 8.6653 -6.9447 0 13.1822 -7.0191
3 16 0 8.6653 -6.9447 3.1436 12.9592 -7.0391 0 13.1822 -7.0191
3 16 -2.0159 10.667 -6.8823 -2.7302 9.6471 -6.8236 0 8.6653 -6.9447
3 16 0 8.6653 -6.9447 3.4999 8.2277 -6.8065 3.1436 12.9592 -7.0391
3 16 3.4999 8.2277 -6.8065 5.5152 11.9514 -6.8774 3.1436 12.9592 -7.0391
3 16 3.4999 8.2277 -6.8065 7.7258 10.6656 -6.5987 5.5152 11.9514 -6.8774
3 16 -2.7302 9.6471 -6.8236 -3.6501 7.5058 -6.5256 0 8.6653 -6.9447
3 16 -2.7302 9.6471 -6.8236 -3.8883 9.3413 -6.7651 -3.6501 7.5058 -6.5256
3 16 -6.1487 8.4446 -6.5453 -3.6501 7.5058 -6.5256 -3.8883 9.3413 -6.7651
3 16 3.4999 8.2277 -6.8065 6.5608 6.173 -6.3626 7.7258 10.6656 -6.5987
3 16 6.5608 6.173 -6.3626 9.8983 8.922 -6.23 7.7258 10.6656 -6.5987
3 16 0 4.1547 -5.7434 3.4999 8.2277 -6.8065 0 8.6653 -6.9447
3 16 -3.6501 7.5058 -6.5256 0 4.1547 -5.7434 0 8.6653 -6.9447
3 16 6.5608 6.173 -6.3626 8.8503 5.1146 -5.6597 9.8983 8.922 -6.23
3 16 8.8503 5.1146 -5.6597 12.6027 6.921 -5.4439 9.8983 8.922 -6.23
3 16 6.5608 6.173 -6.3626 3.4999 8.2277 -6.8065 2.5448 3.8019 -5.4241
3 16 0 4.1547 -5.7434 2.5448 3.8019 -5.4241 3.4999 8.2277 -6.8065
3 16 8.8503 5.1146 -5.6597 11.8023 3.9385 -4.7292 12.6027 6.921 -5.4439
3 16 14.4486 5.8202 -4.7451 12.6027 6.921 -5.4439 11.8023 3.9385 -4.7292
3 16 14.4486 5.8202 -4.7451 11.8023 3.9385 -4.7292 14.2719 3.0423 -2.9514
3 16 11.6365 2.0836 -2.8658 14.2719 3.0423 -2.9514 11.8023 3.9385 -4.7292
3 16 8.8503 5.1146 -5.6597 11.6365 2.0836 -2.8658 11.8023 3.9385 -4.7292
3 16 11.6365 2.0836 -2.8658 15.2438 3.0423 -1.6337 14.2719 3.0423 -2.9514
3 16 8.8503 5.1146 -5.6597 6.5608 6.173 -6.3626 5.0175 2.9162 -4.6753
3 16 6.5608 6.173 -6.3626 2.5448 3.8019 -5.4241 5.0175 2.9162 -4.6753
3 16 11.764 1.3036 -0.4491 15.2438 3.0423 -1.6337 11.6365 2.0836 -2.8658
3 16 11.764 1.3036 -0.4491 15.8367 3.0423 0.2631 15.2438 3.0423 -1.6337
3 16 11.764 1.3036 -0.4491 15.5848 3.0423 2.1243 15.8367 3.0423 0.2631
3 16 8.8503 5.1146 -5.6597 7.4102 1.848 -3.5255 11.6365 2.0836 -2.8658
3 16 8.8503 5.1146 -5.6597 5.0175 2.9162 -4.6753 7.4102 1.848 -3.5255
3 16 11.764 1.3036 -0.4491 11.2847 1.4551 1.8714 15.5848 3.0423 2.1243
3 16 11.2847 1.4551 1.8714 14.5049 3.0423 3.3735 15.5848 3.0423 2.1243
3 16 11.6365 2.0836 -2.8658 7.8029 0.4919 -0.8063 11.764 1.3036 -0.4491
3 16 11.6365 2.0836 -2.8658 7.4102 1.848 -3.5255 7.8029 0.4919 -0.8063
3 16 11.2847 1.4551 1.8714 11.764 1.3036 -0.4491 7.8029 0.4919 -0.8063
3 16 11.2847 1.4551 1.8714 10.4909 2.4485 3.8328 14.5049 3.0423 3.3735
3 16 10.4909 2.4485 3.8328 13.1034 4.4488 5.4158 14.5049 3.0423 3.3735
3 16 10.4909 2.4485 3.8328 9.9423 4.1922 5.6152 13.1034 4.4488 5.4158
3 16 7.0753 4.2505 5.8422 9.9423 4.1922 5.6152 10.4909 2.4485 3.8328
3 16 6.8801 0.6781 1.4874 10.4909 2.4485 3.8328 11.2847 1.4551 1.8714
3 16 11.2847 1.4551 1.8714 7.8029 0.4919 -0.8063 6.8801 0.6781 1.4874
3 16 3.6955 -0.1846 -1.5307 7.8029 0.4919 -0.8063 7.4102 1.848 -3.5255
3 16 5.0175 2.9162 -4.6753 3.6955 -0.1846 -1.5307 7.4102 1.848 -3.5255
3 16 3.6955 -0.1846 -1.5307 4 -0.1811 0 7.8029 0.4919 -0.8063
3 16 4 -0.1811 0 6.8801 0.6781 1.4874 7.8029 0.4919 -0.8063
3 16 5.0175 2.9162 -4.6753 2.8284 0.5742 -2.8284 3.6955 -0.1846 -1.5307
3 16 1.5307 1.1623 -3.6955 2.8284 0.5742 -2.8284 5.0175 2.9162 -4.6753
3 16 1.5307 1.1623 -3.6955 5.0175 2.9162 -4.6753 2.5448 3.8019 -5.4241
3 16 4 -0.1811 0 3.9158 0.265 1.2117 6.8801 0.6781 1.4874
3 16 0 1.4813 -4.0001 1.5307 1.1623 -3.6955 2.5448 3.8019 -5.4241
3 16 0 1.4813 -4.0001 2.5448 3.8019 -5.4241 0 4.1547 -5.7434
3 16 6.8801 0.6781 1.4874 3.9158 0.265 1.2117 3.4012 0.8716 2.4372
3 16 6.8801 0.6781 1.4874 6.1997 2.0966 3.7594 10.4909 2.4485 3.8328
3 16 6.8801 0.6781 1.4874 3.4012 0.8716 2.4372 6.1997 2.0966 3.7594
3 16 7.0753 4.2505 5.8422 10.4909 2.4485 3.8328 6.1997 2.0966 3.7594
3 16 0 1.4813 -4.0001 0 4.1547 -5.7434 -2.5448 3.8019 -5.4241
3 16 0 1.4813 -4.0001 -2.5448 3.8019 -5.4241 -1.5307 1.1623 -3.6955
3 16 -3.6501 7.5058 -6.5256 -2.5448 3.8019 -5.4241 0 4.1547 -5.7434
3 16 3.4012 0.8716 2.4372 3.4142 2.8247 4.7396 6.1997 2.0966 3.7594
3 16 7.0753 4.2505 5.8422 6.1997 2.0966 3.7594 3.4142 2.8247 4.7396
3 16 3.4012 0.8716 2.4372 2.4629 1.5105 3.3505 3.4142 2.8247 4.7396
3 16 7.0753 4.2505 5.8422 3.4142 2.8247 4.7396 3.8905 4.5063 6.2417
3 16 1.479 3.774 5.8162 3.8905 4.5063 6.2417 3.4142 2.8247 4.7396
3 16 3.4142 2.8247 4.7396 2.4629 1.5105 3.3505 1.0952 2.1237 4.0231
3 16 3.4142 2.8247 4.7396 1.0952 2.1237 4.0231 1.479 3.774 5.8162
3 16 1.479 3.774 5.8162 2.2237 4.7709 6.7217 3.8905 4.5063 6.2417
3 16 1.1133 5.6642 7.4341 2.2237 4.7709 6.7217 1.479 3.774 5.8162
3 16 0 5.1178 7.0172 1.1133 5.6642 7.4341 1.479 3.774 5.8162
3 16 0.4154 6.339 7.8699 1.1133 5.6642 7.4341 0 5.1178 7.0172
3 16 0.4154 6.339 7.8699 0 5.1178 7.0172 0 6.4458 7.9072
3 16 0 5.1178 7.0172 -0.4154 6.339 7.8699 0 6.4458 7.9072
3 16 1.479 3.774 5.8162 1.0952 2.1237 4.0231 0 2.359 4.2526
3 16 0 5.1178 7.0172 -1.1133 5.6642 7.4341 -0.4154 6.339 7.8699
3 16 0 5.1178 7.0172 -1.479 3.774 5.8162 -1.1133 5.6642 7.4341
3 16 -2.2237 4.7709 6.7217 -1.1133 5.6642 7.4341 -1.479 3.774 5.8162
3 16 -1.479 3.774 5.8162 -3.8905 4.5063 6.2417 -2.2237 4.7709 6.7217
3 16 0 5.1178 7.0172 1.479 3.774 5.8162 0 3.7649 5.8519
3 16 1.479 3.774 5.8162 0 2.359 4.2526 0 3.7649 5.8519
3 16 0 5.1178 7.0172 0 3.7649 5.8519 -1.479 3.774 5.8162
3 16 0 2.359 4.2526 -1.479 3.774 5.8162 0 3.7649 5.8519
3 16 0 2.359 4.2526 -1.0952 2.1237 4.0231 -1.479 3.774 5.8162
3 16 -1.479 3.774 5.8162 -3.4142 2.8247 4.7396 -3.8905 4.5063 6.2417
3 16 -1.0952 2.1237 4.0231 -3.4142 2.8247 4.7396 -1.479 3.774 5.8162
3 16 -1.0952 2.1237 4.0231 -2.4629 1.5105 3.3505 -3.4142 2.8247 4.7396
3 16 -3.4142 2.8247 4.7396 -7.0753 4.2505 5.8422 -3.8905 4.5063 6.2417
3 16 -3.4142 2.8247 4.7396 -2.4629 1.5105 3.3505 -3.4012 0.8716 2.4372
3 16 -3.4142 2.8247 4.7396 -6.1997 2.0966 3.7594 -7.0753 4.2505 5.8422
3 16 -3.4142 2.8247 4.7396 -3.4012 0.8716 2.4372 -6.1997 2.0966 3.7594
3 16 -7.0753 4.2505 5.8422 -6.1997 2.0966 3.7594 -10.4909 2.4485 3.8328
3 16 -7.0753 4.2505 5.8422 -10.4909 2.4485 3.8328 -9.9423 4.1922 5.6152
3 16 -13.1034 4.4488 5.4158 -9.9423 4.1922 5.6152 -10.4909 2.4485 3.8328
3 16 -13.1034 4.4488 5.4158 -10.4909 2.4485 3.8328 -14.5049 3.0423 3.3735
3 16 -3.4012 0.8716 2.4372 -6.8801 0.6781 1.4874 -6.1997 2.0966 3.7594
3 16 -6.8801 0.6781 1.4874 -10.4909 2.4485 3.8328 -6.1997 2.0966 3.7594
3 16 -3.4012 0.8716 2.4372 -3.9158 0.265 1.2117 -6.8801 0.6781 1.4874
3 16 -4 -0.1811 0 -6.8801 0.6781 1.4874 -3.9158 0.265 1.2117
3 16 -14.5049 3.0423 3.3735 -10.4909 2.4485 3.8328 -11.2847 1.4551 1.8714
3 16 -6.8801 0.6781 1.4874 -11.2847 1.4551 1.8714 -10.4909 2.4485 3.8328
3 16 -14.5049 3.0423 3.3735 -11.2847 1.4551 1.8714 -15.5848 3.0423 2.1243
3 16 -4 -0.1811 0 -7.8029 0.4919 -0.8063 -6.8801 0.6781 1.4874
3 16 -11.2847 1.4551 1.8714 -6.8801 0.6781 1.4874 -7.8029 0.4919 -0.8063
3 16 -3.6955 -0.1846 -1.5307 -7.8029 0.4919 -0.8063 -4 -0.1811 0
3 16 -15.5848 3.0423 2.1243 -11.2847 1.4551 1.8714 -11.764 1.3036 -0.4491
3 16 -11.2847 1.4551 1.8714 -7.8029 0.4919 -0.8063 -11.764 1.3036 -0.4491
3 16 -15.5848 3.0423 2.1243 -11.764 1.3036 -0.4491 -15.8367 3.0423 0.2631
3 16 -11.764 1.3036 -0.4491 -15.2438 3.0423 -1.6337 -15.8367 3.0423 0.2631
3 16 -11.764 1.3036 -0.4491 -11.6365 2.0836 -2.8658 -15.2438 3.0423 -1.6337
3 16 -7.8029 0.4919 -0.8063 -11.6365 2.0836 -2.8658 -11.764 1.3036 -0.4491
3 16 -11.6365 2.0836 -2.8658 -14.2719 3.0423 -2.9514 -15.2438 3.0423 -1.6337
3 16 -3.6955 -0.1846 -1.5307 -7.4102 1.848 -3.5255 -7.8029 0.4919 -0.8063
3 16 -7.8029 0.4919 -0.8063 -7.4102 1.848 -3.5255 -11.6365 2.0836 -2.8658
3 16 -11.6365 2.0836 -2.8658 -11.8023 3.9385 -4.7292 -14.2719 3.0423 -2.9514
3 16 -11.8023 3.9385 -4.7292 -14.4486 5.8202 -4.7451 -14.2719 3.0423 -2.9514
3 16 -11.8023 3.9385 -4.7292 -12.6027 6.921 -5.4439 -14.4486 5.8202 -4.7451
3 16 -8.8503 5.1146 -5.6597 -11.8023 3.9385 -4.7292 -11.6365 2.0836 -2.8658
3 16 -12.6027 6.921 -5.4439 -11.8023 3.9385 -4.7292 -8.8503 5.1146 -5.6597
3 16 -8.8503 5.1146 -5.6597 -11.6365 2.0836 -2.8658 -7.4102 1.848 -3.5255
3 16 -12.6027 6.921 -5.4439 -8.8503 5.1146 -5.6597 -9.8983 8.922 -6.23
3 16 -3.6955 -0.1846 -1.5307 -5.0175 2.9162 -4.6753 -7.4102 1.848 -3.5255
3 16 -5.0175 2.9162 -4.6753 -8.8503 5.1146 -5.6597 -7.4102 1.848 -3.5255
3 16 -3.6955 -0.1846 -1.5307 -2.8284 0.5742 -2.8284 -5.0175 2.9162 -4.6753
3 16 -1.5307 1.1623 -3.6955 -5.0175 2.9162 -4.6753 -2.8284 0.5742 -2.8284
3 16 -1.5307 1.1623 -3.6955 -2.5448 3.8019 -5.4241 -5.0175 2.9162 -4.6753
3 16 -9.8983 8.922 -6.23 -8.8503 5.1146 -5.6597 -6.5608 6.173 -6.3626
3 16 -5.0175 2.9162 -4.6753 -6.5608 6.173 -6.3626 -8.8503 5.1146 -5.6597
3 16 -6.5608 6.173 -6.3626 -5.0175 2.9162 -4.6753 -2.5448 3.8019 -5.4241
3 16 -6.5608 6.173 -6.3626 -2.5448 3.8019 -5.4241 -3.6501 7.5058 -6.5256
3 16 -9.8983 8.922 -6.23 -6.5608 6.173 -6.3626 -7.6848 10.575 -6.6011
3 16 -6.1487 8.4446 -6.5453 -6.5608 6.173 -6.3626 -3.6501 7.5058 -6.5256
3 16 -6.1487 8.4446 -6.5453 -7.6848 10.575 -6.6011 -6.5608 6.173 -6.3626
3 16 -6.1487 8.4446 -6.5453 -7.0795 11.1922 -6.5075 -7.6848 10.575 -6.6011
3 16 -1.1133 5.6642 7.4341 -2.2237 4.7709 6.7217 -2.3334 4.7727 8.6236
3 16 -1.1133 5.6642 7.4341 -2.3334 4.7727 8.6236 -1.2556 5.6587 9.016
3 16 -1.2556 5.6587 9.016 -0.4154 6.339 7.8699 -1.1133 5.6642 7.4341
3 16 -1.2556 5.6587 9.016 -2.3334 4.7727 8.6236 -1.315 5.2946 9.6687
3 16 -1.9918 4.374 9.3508 -1.315 5.2946 9.6687 -2.3334 4.7727 8.6236
3 16 -1.9918 4.374 9.3508 -1.165 4.8411 9.9006 -1.315 5.2946 9.6687
3 16 -0.4121 5.1436 10.3484 -1.315 5.2946 9.6687 -1.165 4.8411 9.9006
3 16 -0.4121 5.1436 10.3484 -0.469 5.793 10.0074 -1.315 5.2946 9.6687
3 16 -0.469 5.793 10.0074 -1.2556 5.6587 9.016 -1.315 5.2946 9.6687
3 16 0 5.2859 10.5228 -0.469 5.793 10.0074 -0.4121 5.1436 10.3484
3 16 0 5.2859 10.5228 0 6.0749 10.0126 -0.469 5.793 10.0074
3 16 -0.469 5.793 10.0074 -0.4654 6.3381 9.24 -1.2556 5.6587 9.016
3 16 0 6.0749 10.0126 -0.4654 6.3381 9.24 -0.469 5.793 10.0074
3 16 -1.2556 5.6587 9.016 -0.4654 6.3381 9.24 -0.4154 6.339 7.8699
3 16 0 6.0749 10.0126 0 6.5352 9.1235 -0.4654 6.3381 9.24
3 16 0 6.5352 9.1235 -0.4154 6.339 7.8699 -0.4654 6.3381 9.24
3 16 0 6.5352 9.1235 0 6.4458 7.9072 -0.4154 6.339 7.8699
3 16 -16.9581 5.3068 5.0912 -14.5049 3.0423 3.3735 -19.5137 3.0423 3.3503
3 16 -16.9581 5.3068 5.0912 -15.6079 4.8035 5.316 -14.5049 3.0423 3.3735
3 16 -13.1034 4.4488 5.4158 -14.5049 3.0423 3.3735 -15.6079 4.8035 5.316
3 16 -19.5137 3.0423 3.3503 -14.5049 3.0423 3.3735 -15.5848 3.0423 2.1243
3 16 -19.5137 3.0423 3.3503 -15.5848 3.0423 2.1243 -19.3417 3.0423 0.3368
3 16 -19.3417 3.0423 0.3368 -15.5848 3.0423 2.1243 -15.8367 3.0423 0.2631
3 16 -19.3417 3.0423 0.3368 -20.659 3.0423 2.4099 -19.5137 3.0423 3.3503
3 16 -21.129 3.0423 0.492 -20.659 3.0423 2.4099 -19.3417 3.0423 0.3368
3 16 -20.8741 3.0423 -1.6772 -21.129 3.0423 0.492 -19.3417 3.0423 0.3368
3 16 -15.8367 3.0423 0.2631 -15.2438 3.0423 -1.6337 -19.3417 3.0423 0.3368
3 16 -19.7036 3.0423 -2.8984 -20.8741 3.0423 -1.6772 -19.3417 3.0423 0.3368
3 16 -19.7036 3.0423 -2.8984 -19.3417 3.0423 0.3368 -15.2438 3.0423 -1.6337
3 16 -19.7036 3.0423 -2.8984 -15.2438 3.0423 -1.6337 -14.2719 3.0423 -2.9514
3 16 -2.7715 10.8038 -7.1203 -1.8901 13.1076 -7.053 -2.6962 13.0302 -7.3819
3 16 -2.7715 10.8038 -7.1203 -2.0159 10.667 -6.8823 -1.8901 13.1076 -7.053
3 16 -2.7715 10.8038 -7.1203 -2.7302 9.6471 -6.8236 -2.0159 10.667 -6.8823
3 16 -6.2765 11.7521 -7.0443 -6.0179 9.763 -6.8484 -4.0783 10.5697 -7.0353
3 16 -6.2765 11.7521 -7.0443 -4.0783 10.5697 -7.0353 -4.3856 12.6143 -7.2736
3 16 -2.7715 10.8038 -7.1203 -4.3856 12.6143 -7.2736 -4.0783 10.5697 -7.0353
3 16 -2.7715 10.8038 -7.1203 -2.6962 13.0302 -7.3819 -4.3856 12.6143 -7.2736
3 16 -6.0179 9.763 -6.8484 -7.0795 11.1922 -6.5075 -6.1487 8.4446 -6.5453
3 16 -6.0179 9.763 -6.8484 -6.2765 11.7521 -7.0443 -7.0795 11.1922 -6.5075
3 16 -6.0179 9.763 -6.8484 -6.1487 8.4446 -6.5453 -3.8883 9.3413 -6.7651
3 16 -6.0179 9.763 -6.8484 -3.8883 9.3413 -6.7651 -4.0783 10.5697 -7.0353
3 16 -2.7302 9.6471 -6.8236 -4.0783 10.5697 -7.0353 -3.8883 9.3413 -6.7651
3 16 -2.7302 9.6471 -6.8236 -2.7715 10.8038 -7.1203 -4.0783 10.5697 -7.0353
3 16 -18.2516 6.2736 4.7252 -16.9581 5.3068 5.0912 -19.5137 3.0423 3.3503
3 16 -18.2516 6.2736 4.7252 -19.5137 3.0423 3.3503 -20.4712 5.7412 2.9335
3 16 -20.4712 5.7412 2.9335 -19.7673 7.6587 3.8531 -18.2516 6.2736 4.7252
3 16 -20.659 3.0423 2.4099 -20.4712 5.7412 2.9335 -19.5137 3.0423 3.3503
3 16 -19.7673 7.6587 3.8531 -20.4712 5.7412 2.9335 -21.0249 8.0061 1.85
3 16 -19.7673 7.6587 3.8531 -21.0249 8.0061 1.85 -20.814 9.0534 2.5469
3 16 -21.0249 8.0061 1.85 -21.1699 9.6985 1.4379 -20.814 9.0534 2.5469
3 16 -21.2232 5.7303 0.6938 -20.4712 5.7412 2.9335 -20.659 3.0423 2.4099
3 16 -21.2232 5.7303 0.6938 -21.0249 8.0061 1.85 -20.4712 5.7412 2.9335
3 16 -21.2232 5.7303 0.6938 -20.659 3.0423 2.4099 -21.129 3.0423 0.492
3 16 -21.0249 8.0061 1.85 -21.2721 8.3028 0.469 -21.1699 9.6985 1.4379
3 16 -21.2232 5.7303 0.6938 -21.2721 8.3028 0.469 -21.0249 8.0061 1.85
3 16 -21.1699 9.6985 1.4379 -21.2721 8.3028 0.469 -21.3434 9.9693 0.3488
3 16 -21.2721 8.3028 0.469 -21.1627 9.6614 -1.0682 -21.3434 9.9693 0.3488
3 16 -21.2721 8.3028 0.469 -21.138 8.0854 -0.9971 -21.1627 9.6614 -1.0682
3 16 -21.2232 5.7303 0.6938 -21.138 8.0854 -0.9971 -21.2721 8.3028 0.469
3 16 -21.138 8.0854 -0.9971 -20.5656 8.8906 -2.4708 -21.1627 9.6614 -1.0682
3 16 -21.0197 5.7412 -1.1836 -21.2232 5.7303 0.6938 -21.129 3.0423 0.492
3 16 -21.2232 5.7303 0.6938 -21.0197 5.7412 -1.1836 -21.138 8.0854 -0.9971
3 16 -21.0197 5.7412 -1.1836 -21.129 3.0423 0.492 -20.8741 3.0423 -1.6772
3 16 -21.138 8.0854 -0.9971 -20.8386 7.7246 -1.8949 -20.5656 8.8906 -2.4708
3 16 -20.8386 7.7246 -1.8949 -21.138 8.0854 -0.9971 -21.0197 5.7412 -1.1836
3 16 -19.4486 7.6891 -3.32 -20.5656 8.8906 -2.4708 -20.8386 7.7246 -1.8949
3 16 -20.1872 5.9397 -2.8498 -21.0197 5.7412 -1.1836 -20.8741 3.0423 -1.6772
3 16 -20.8386 7.7246 -1.8949 -21.0197 5.7412 -1.1836 -20.1872 5.9397 -2.8498
3 16 -19.4486 7.6891 -3.32 -20.8386 7.7246 -1.8949 -20.1872 5.9397 -2.8498
3 16 -20.1872 5.9397 -2.8498 -20.8741 3.0423 -1.6772 -19.7036 3.0423 -2.8984
3 16 -19.4486 7.6891 -3.32 -20.1872 5.9397 -2.8498 -18.0592 6.4755 -3.9659
3 16 -20.1872 5.9397 -2.8498 -19.7036 3.0423 -2.8984 -17.012 5.6764 -4.2301
3 16 -20.1872 5.9397 -2.8498 -17.012 5.6764 -4.2301 -18.0592 6.4755 -3.9659
2 24 4.0011 0.0062 7.1613 5.2444 -0.8969 5.5439
2 24 4.0011 0.0062 7.1613 2.268 -0.7473 5.4853
2 24 2.268 -0.7473 5.4853 2.5459 -1.6261 3.2757
2 24 5.2444 -0.8969 5.5439 6.3235 -1.9626 2.8421
2 24 2.5459 -1.6261 3.2757 3.7057 -2.2044 1.8423
2 24 6.3235 -1.9626 2.8421 6.7774 -2.6483 0.0731
2 24 6.7774 -2.6483 0.0731 4 -2.6483 0
2 24 3.7057 -2.2044 1.8423 4 -2.6483 0
2 24 0 1.6812 6.2725 0.6715 1.271 6.2032
2 24 0 1.6812 6.2725 0 1.6094 4.1318
2 24 0 1.6094 4.1318 0.4098 1.4173 4.1045
2 24 0.6715 1.271 6.2032 1.4899 0.351 5.8316
2 24 0.4098 1.4173 4.1045 1.5537 0.0993 3.8004
2 24 1.4899 0.351 5.8316 2.268 -0.7473 5.4853
2 24 2.268 -0.7473 5.4853 2.5459 -1.6261 3.2757
2 24 1.5537 0.0993 3.8004 2.5459 -1.6261 3.2757
2 24 4.0011 0.0062 7.1613 2.268 -0.7473 5.4853
2 24 2.268 -0.7473 5.4853 1.4899 0.351 5.8316
2 24 4.0011 0.0062 7.1613 2.7816 1.932 8.4659
2 24 1.4899 0.351 5.8316 0.6715 1.271 6.2032
2 24 2.7816 1.932 8.4659 1.3367 3.4757 9.6355
2 24 0.6715 1.271 6.2032 0 1.6812 6.2725
2 24 0 1.6812 6.2725 0 4.3492 10.3546
2 24 1.3367 3.4757 9.6355 0 4.3492 10.3546
2 24 0 1.0577 -6.9438 2.6895 0.5972 -6.3265
2 24 0 -2.6483 -6.7791 2.5043 -2.6483 -6.125
2 24 2.6895 0.5972 -6.3265 4.983 -0.4794 -4.8393
2 24 2.5043 -2.6483 -6.125 4.6713 -2.6483 -4.8091
2 24 4.983 -0.4794 -4.8393 6.4369 -1.4898 -2.755
2 24 4.6713 -2.6483 -4.8091 6.0699 -2.6483 -2.7097
2 24 6.4369 -1.4898 -2.755 7.1251 -2.1481 -0.0885
2 24 6.0699 -2.6483 -2.7097 6.7774 -2.6483 0.0731
2 24 7.1251 -2.1481 -0.0885 6.7611 -1.3966 2.6206
2 24 6.7774 -2.6483 0.0731 6.3235 -1.9626 2.8421
2 24 6.7611 -1.3966 2.6206 5.7549 -0.0665 5.108
2 24 6.3235 -1.9626 2.8421 5.2444 -0.8969 5.5439
2 24 5.7549 -0.0665 5.108 4.7851 0.9537 6.6016
2 24 5.2444 -0.8969 5.5439 4.0011 0.0062 7.1613
2 24 4.7851 0.9537 6.6016 3.5372 2.4613 8.1
2 24 4.0011 0.0062 7.1613 2.7816 1.932 8.4659
2 24 3.5372 2.4613 8.1 2.2504 3.6816 9.1887
2 24 2.7816 1.932 8.4659 1.3367 3.4757 9.6355
2 24 2.2504 3.6816 9.1887 1.9918 4.374 9.3508
2 24 1.3367 3.4757 9.6355 0 4.3492 10.3546
2 24 0 4.3492 10.3546 0 5.2859 10.5228
2 24 1.9918 4.374 9.3508 2.3334 4.7727 8.6236
2 24 1.9918 4.374 9.3508 3.9772 4.2508 8.8482
2 24 2.3334 4.7727 8.6236 2.2237 4.7709 6.7217
2 24 2.2237 4.7709 6.7217 3.8905 4.5063 6.2417
2 24 3.8905 4.5063 6.2417 7.0753 4.2505 5.8422
2 24 3.9772 4.2508 8.8482 7.5833 4.0732 7.9721
2 24 7.0753 4.2505 5.8422 9.9423 4.1922 5.6152
2 24 7.5833 4.0732 7.9721 10.6474 4.1509 7.4745
2 24 9.9423 4.1922 5.6152 13.1034 4.4488 5.4158
2 24 13.1034 4.4488 5.4158 15.6079 4.8035 5.316
2 24 10.6474 4.1509 7.4745 13.9952 4.8364 7.3821
2 24 13.7412 4.9695 6.773 15.7142 5.6404 6.8165
2 24 13.9952 4.8364 7.3821 15.8902 5.5566 7.3566
2 24 1.9918 4.374 9.3508 3.9772 4.2508 8.8482
2 24 1.9918 4.374 9.3508 2.2504 3.6816 9.1887
2 24 2.2504 3.6816 9.1887 3.5372 2.4613 8.1
2 24 3.9772 4.2508 8.8482 7.5833 4.0732 7.9721
2 24 3.5372 2.4613 8.1 4.7851 0.9537 6.6016
2 24 4.6395 3.6387 8.6917 8.0084 3.4463 7.9319
2 24 7.5833 4.0732 7.9721 10.6474 4.1509 7.4745
2 24 4.7851 0.9537 6.6016 5.7549 -0.0665 5.108
2 24 8.0084 3.4463 7.9319 11.2082 3.5917 7.5098
2 24 10.6474 4.1509 7.4745 13.9952 4.8364 7.3821
2 24 5.7549 -0.0665 5.108 6.7611 -1.3966 2.6206
2 24 11.2082 3.5917 7.5098 14.2855 4.271 7.5289
2 24 13.9952 4.8364 7.3821 15.8902 5.5566 7.3566
2 24 14.2855 4.271 7.5289 16.3033 5.2005 7.6363
2 24 6.7611 -1.3966 2.6206 7.1251 -2.1481 -0.0885
2 24 18.9817 3.7374 6.9234 22.0451 1.8368 5.9486
2 24 22.0451 1.8368 5.9486 24.2024 -1.1787 3.8214
2 24 24.2024 -1.1787 3.8214 25.5002 -2.8807 0.6245
2 24 20.8088 -1.8344 0.2565 25.5002 -2.8807 0.6245
2 24 25.5002 -2.8807 0.6245 24.7652 -1.4873 -2.1468
2 24 24.7652 -1.4873 -2.1468 23.3281 0.1205 -4.0706
2 24 23.3281 0.1205 -4.0706 20.7328 2.3187 -5.3286
2 24 20.7328 2.3187 -5.3286 18.6183 4.0189 -6.0248
2 24 7.1251 -2.1481 -0.0885 6.4369 -1.4898 -2.755
2 24 6.4369 -1.4898 -2.755 4.983 -0.4794 -4.8393
2 24 16.775 5.5464 -6.6302 14.922 5.4785 -6.9304
2 24 16.5675 5.9722 -6.4529 14.8716 5.9388 -6.7902
2 24 14.8716 5.9388 -6.7902 12.6825 6.8523 -7.4583
2 24 12.6695 6.4377 -7.6381 9.903 8.2874 -8.572
2 24 12.6825 6.8523 -7.4583 10.1392 8.6313 -8.3519
2 24 10.1392 8.6313 -8.3519 7.8114 10.2897 -9.0299
2 24 4.983 -0.4794 -4.8393 2.6895 0.5972 -6.3265
2 24 2.6895 0.5972 -6.3265 0 1.0577 -6.9438
2 24 7.8114 10.2897 -9.0299 5.4672 11.8762 -9.2807
2 24 5.4672 11.8762 -9.2807 2.8868 12.7444 -9.4358
2 24 2.8868 12.7444 -9.4358 0 13.0466 -9.3719
2 24 0 13.0466 -9.3719 -2.8868 12.7444 -9.4358
2 24 0 1.0577 -6.9438 -2.6895 0.5972 -6.3265
2 24 -2.6895 0.5972 -6.3265 -4.983 -0.4794 -4.8393
2 24 -2.8868 12.7444 -9.4358 -5.4672 11.8762 -9.2807
2 24 -5.4672 11.8762 -9.2807 -7.8114 10.2897 -9.0299
2 24 -7.8114 10.2897 -9.0299 -10.1392 8.6313 -8.3519
2 24 -10.1392 8.6313 -8.3519 -12.6825 6.8523 -7.4583
2 24 -9.903 8.2874 -8.572 -12.6695 6.4377 -7.6381
2 24 -12.6825 6.8523 -7.4583 -14.8716 5.9388 -6.7902
2 24 -14.8716 5.9388 -6.7902 -16.5675 5.9722 -6.4529
2 24 -14.922 5.4785 -6.9304 -16.775 5.5464 -6.6302
2 24 -4.983 -0.4794 -4.8393 -6.4369 -1.4898 -2.755
2 24 -6.4369 -1.4898 -2.755 -7.1251 -2.1481 -0.0885
2 24 -18.6183 4.0189 -6.0248 -20.7328 2.3187 -5.3286
2 24 -20.7328 2.3187 -5.3286 -23.3281 0.1205 -4.0706
2 24 -23.3281 0.1205 -4.0706 -24.7652 -1.4873 -2.1468
2 24 -20.8088 -1.8344 0.2565 -25.5002 -2.8807 0.6245
2 24 -24.7652 -1.4873 -2.1468 -25.5002 -2.8807 0.6245
2 24 -25.5002 -2.8807 0.6245 -24.2024 -1.1787 3.8214
2 24 -24.2024 -1.1787 3.8214 -22.0451 1.8368 5.9486
2 24 -22.0451 1.8368 5.9486 -18.9817 3.7374 6.9234
2 24 -7.1251 -2.1481 -0.0885 -6.7611 -1.3966 2.6206
2 24 -16.3033 5.2005 7.6363 -14.2855 4.271 7.5289
2 24 -15.8902 5.5566 7.3566 -13.9952 4.8364 7.3821
2 24 -6.7611 -1.3966 2.6206 -5.7549 -0.0665 5.108
2 24 -14.2855 4.271 7.5289 -11.2082 3.5917 7.5098
2 24 -13.9952 4.8364 7.3821 -10.6474 4.1509 7.4745
2 24 -5.7549 -0.0665 5.108 -4.7851 0.9537 6.6016
2 24 -11.2082 3.5917 7.5098 -8.0084 3.4463 7.9319
2 24 -10.6474 4.1509 7.4745 -7.5833 4.0732 7.9721
2 24 -8.0084 3.4463 7.9319 -4.6395 3.6387 8.6917
2 24 -4.7851 0.9537 6.6016 -3.5372 2.4613 8.1
2 24 -7.5833 4.0732 7.9721 -3.9772 4.2508 8.8482
2 24 -3.5372 2.4613 8.1 -2.2504 3.6816 9.1887
2 24 -3.9772 4.2508 8.8482 -1.9918 4.374 9.3508
2 24 -2.2504 3.6816 9.1887 -1.9918 4.374 9.3508
2 24 15.8902 5.5566 7.3566 18.3518 6.7968 6.8138
2 24 18.3518 6.7968 6.8138 20.3963 8.5585 5.9083
2 24 20.3963 8.5585 5.9083 22.4299 10.5653 4.0581
2 24 18.9817 3.7374 6.9234 22.0451 1.8368 5.9486
2 24 22.0451 1.8368 5.9486 24.2024 -1.1787 3.8214
2 24 24.2024 -1.1787 3.8214 25.5002 -2.8807 0.6245
2 24 25.5002 -2.8807 0.6245 24.7652 -1.4873 -2.1468
2 24 22.4299 10.5653 4.0581 23.213 11.692 2.1476
2 24 23.213 11.692 2.1476 23.4858 12.3342 0.3493
2 24 23.4858 12.3342 0.3493 23.1864 11.7105 -1.4917
2 24 23.1864 11.7105 -1.4917 22.6228 10.9276 -3.0499
2 24 24.7652 -1.4873 -2.1468 23.3281 0.1205 -4.0706
2 24 22.6228 10.9276 -3.0499 21.8053 9.9858 -4.3368
2 24 21.8053 9.9858 -4.3368 20.1308 8.3173 -5.4312
2 24 23.3281 0.1205 -4.0706 20.7328 2.3187 -5.3286
2 24 20.1308 8.3173 -5.4312 18.3028 6.6085 -6.1213
2 24 18.6183 4.0189 -6.0248 20.7328 2.3187 -5.3286
2 24 16.5675 5.9722 -6.4529 18.3028 6.6085 -6.1213
2 24 16.5675 5.9722 -6.4529 18.3028 6.6085 -6.1213
2 24 16.4106 6.1103 -5.9021 18.0678 6.8461 -5.4997
2 24 18.3028 6.6085 -6.1213 20.1308 8.3173 -5.4312
2 24 17.012 5.6764 -4.2301 16.1456 5.6766 -4.415
2 24 17.012 5.6764 -4.2301 18.0592 6.4755 -3.9659
2 24 18.0592 6.4755 -3.9659 19.4486 7.6891 -3.32
2 24 19.4486 7.6891 -3.32 20.5656 8.8906 -2.4708
2 24 20.1308 8.3173 -5.4312 21.8053 9.9858 -4.3368
2 24 20.5656 8.8906 -2.4708 21.1627 9.6614 -1.0682
2 24 21.8053 9.9858 -4.3368 22.6228 10.9276 -3.0499
2 24 22.0013 10.8986 -2.7885 22.6028 11.7877 -1.4807
2 24 22.6228 10.9276 -3.0499 23.1864 11.7105 -1.4917
2 24 21.1627 9.6614 -1.0682 21.3434 9.9693 0.3488
2 24 22.6028 11.7877 -1.4807 22.8711 12.3349 0.2852
2 24 23.1864 11.7105 -1.4917 23.4858 12.3342 0.3493
2 24 22.8711 12.3349 0.2852 22.5821 11.8042 1.8644
2 24 21.3434 9.9693 0.3488 21.1699 9.6985 1.4379
2 24 23.4858 12.3342 0.3493 23.213 11.692 2.1476
2 24 22.5821 11.8042 1.8644 21.7845 10.551 3.6169
2 24 23.213 11.692 2.1476 22.4299 10.5653 4.0581
2 24 21.1699 9.6985 1.4379 20.814 9.0534 2.5469
2 24 22.4299 10.5653 4.0581 20.3963 8.5585 5.9083
2 24 20.814 9.0534 2.5469 19.7673 7.6587 3.8531
2 24 20.3963 8.5585 5.9083 18.3518 6.7968 6.8138
2 24 19.7673 7.6587 3.8531 18.2516 6.2736 4.7252
2 24 20.0129 8.4875 5.446 18.1294 6.8816 6.4927
2 24 15.8902 5.5566 7.3566 18.3518 6.7968 6.8138
2 24 18.2516 6.2736 4.7252 16.9581 5.3068 5.0912
2 24 15.6079 4.8035 5.316 16.9581 5.3068 5.0912
2 24 0 1.6094 4.1318 0.4098 1.4173 4.1045
2 24 0 2.359 4.2526 1.0952 2.1237 4.0231
2 24 0.4098 1.4173 4.1045 1.5537 0.0993 3.8004
2 24 1.0952 2.1237 4.0231 2.4629 1.5105 3.3505
2 24 2.4629 1.5105 3.3505 3.4012 0.8716 2.4372
2 24 1.5537 0.0993 3.8004 2.5459 -1.6261 3.2757
2 24 3.4012 0.8716 2.4372 3.9158 0.265 1.2117
2 24 2.5459 -1.6261 3.2757 3.7057 -2.2044 1.8423
2 24 3.9158 0.265 1.2117 4 -0.1811 0
2 24 3.7057 -2.2044 1.8423 4 -2.6483 0
2 24 4 -0.1811 0 3.6955 -0.1846 -1.5307
2 24 4 -2.6483 0 3.6955 -2.6483 -1.5307
2 24 3.6955 -2.6483 -1.5307 2.8284 -2.6483 -2.8284
2 24 3.6955 -0.1846 -1.5307 2.8284 0.5742 -2.8284
2 24 2.8284 -2.6483 -2.8284 1.5307 -2.6483 -3.6955
2 24 2.8284 0.5742 -2.8284 1.5307 1.1623 -3.6955
2 24 1.5307 -2.6483 -3.6955 0 -2.6483 -4.0001
2 24 1.5307 1.1623 -3.6955 0 1.4813 -4.0001
2 24 0 1.4813 -4.0001 -1.5307 1.1623 -3.6955
2 24 0 -2.6483 -4.0001 -1.5307 -2.6483 -3.6955
2 24 -1.5307 1.1623 -3.6955 -2.8284 0.5742 -2.8284
2 24 -1.5307 -2.6483 -3.6955 -2.8284 -2.6483 -2.8284
2 24 -2.8284 0.5742 -2.8284 -3.6955 -0.1846 -1.5307
2 24 -2.8284 -2.6483 -2.8284 -3.6955 -2.6483 -1.5307
2 24 -3.6955 -2.6483 -1.5307 -4 -2.6483 0
2 24 -3.6955 -0.1846 -1.5307 -4 -0.1811 0
2 24 -4 -2.6483 0 -3.7057 -2.2044 1.8423
2 24 -4 -0.1811 0 -3.9158 0.265 1.2117
2 24 -3.7057 -2.2044 1.8423 -2.5459 -1.6261 3.2757
2 24 -3.9158 0.265 1.2117 -3.4012 0.8716 2.4372
2 24 -2.5459 -1.6261 3.2757 -1.5537 0.0993 3.8004
2 24 -3.4012 0.8716 2.4372 -2.4629 1.5105 3.3505
2 24 -2.4629 1.5105 3.3505 -1.0952 2.1237 4.0231
2 24 -1.5537 0.0993 3.8004 -0.4098 1.4173 4.1045
2 24 0 2.359 4.2526 -1.0952 2.1237 4.0231
2 24 0 1.6094 4.1318 -0.4098 1.4173 4.1045
2 24 2.2237 4.7709 6.7217 2.3334 4.7727 8.6236
2 24 2.2237 4.7709 6.7217 1.1133 5.6642 7.4341
2 24 1.1133 5.6642 7.4341 0.4154 6.339 7.8699
2 24 1.9918 4.374 9.3508 2.3334 4.7727 8.6236
2 24 0 5.2859 10.5228 0 6.0749 10.0126
2 24 0 6.0749 10.0126 0 6.5352 9.1235
2 24 0 6.5352 9.1235 0 6.4458 7.9072
2 24 0.4154 6.339 7.8699 0 6.4458 7.9072
2 24 16.9581 5.3068 5.0912 19.5137 3.0423 3.3503
2 24 16.9581 5.3068 5.0912 18.2516 6.2736 4.7252
2 24 19.5137 3.0423 3.3503 20.659 3.0423 2.4099
2 24 18.2516 6.2736 4.7252 19.7673 7.6587 3.8531
2 24 20.659 3.0423 2.4099 21.129 3.0423 0.492
2 24 19.7673 7.6587 3.8531 20.814 9.0534 2.5469
2 24 20.814 9.0534 2.5469 21.1699 9.6985 1.4379
2 24 21.1699 9.6985 1.4379 21.3434 9.9693 0.3488
2 24 21.3434 9.9693 0.3488 21.1627 9.6614 -1.0682
2 24 21.1627 9.6614 -1.0682 20.5656 8.8906 -2.4708
2 24 21.129 3.0423 0.492 20.8741 3.0423 -1.6772
2 24 20.5656 8.8906 -2.4708 19.4486 7.6891 -3.32
2 24 20.8741 3.0423 -1.6772 19.7036 3.0423 -2.8984
2 24 19.4486 7.6891 -3.32 18.0592 6.4755 -3.9659
2 24 19.7036 3.0423 -2.8984 17.012 5.6764 -4.2301
2 24 18.0592 6.4755 -3.9659 17.012 5.6764 -4.2301
2 24 16.1456 5.6766 -4.415 14.4486 5.8202 -4.7451
2 24 14.4486 5.8202 -4.7451 12.6027 6.921 -5.4439
2 24 16.5675 5.9722 -6.4529 14.8716 5.9388 -6.7902
2 24 12.6027 6.921 -5.4439 9.8983 8.922 -6.23
2 24 14.8716 5.9388 -6.7902 12.6825 6.8523 -7.4583
2 24 9.8983 8.922 -6.23 7.7258 10.6656 -6.5987
2 24 12.6825 6.8523 -7.4583 10.1392 8.6313 -8.3519
2 24 7.7258 10.6656 -6.5987 5.5152 11.9514 -6.8774
2 24 10.1392 8.6313 -8.3519 7.8114 10.2897 -9.0299
2 24 5.5152 11.9514 -6.8774 3.1436 12.9592 -7.0391
2 24 7.8114 10.2897 -9.0299 5.4672 11.8762 -9.2807
2 24 3.1436 12.9592 -7.0391 0 13.1822 -7.0191
2 24 5.4672 11.8762 -9.2807 2.8868 12.7444 -9.4358
2 24 2.8868 12.7444 -9.4358 0 13.0466 -9.3719
2 24 0 13.1822 -7.0191 -1.8901 13.1076 -7.053
2 24 0 13.0466 -9.3719 -2.8868 12.7444 -9.4358
2 24 -1.8901 13.1076 -7.053 -2.6962 13.0302 -7.3819
2 24 -2.8868 12.7444 -9.4358 -5.4672 11.8762 -9.2807
2 24 -2.6962 13.0302 -7.3819 -4.3856 12.6143 -7.2736
2 24 -5.4672 11.8762 -9.2807 -7.8114 10.2897 -9.0299
2 24 -4.3856 12.6143 -7.2736 -6.2765 11.7521 -7.0443
2 24 -6.2765 11.7521 -7.0443 -7.0795 11.1922 -6.5075
2 24 -7.8114 10.2897 -9.0299 -10.1392 8.6313 -8.3519
2 24 -7.0795 11.1922 -6.5075 -7.6848 10.575 -6.6011
2 24 -10.1392 8.6313 -8.3519 -12.6825 6.8523 -7.4583
2 24 -7.6848 10.575 -6.6011 -9.8983 8.922 -6.23
2 24 -12.6825 6.8523 -7.4583 -14.8716 5.9388 -6.7902
2 24 -9.8983 8.922 -6.23 -12.6027 6.921 -5.4439
2 24 -14.8716 5.9388 -6.7902 -16.5675 5.9722 -6.4529
2 24 -12.6027 6.921 -5.4439 -14.4486 5.8202 -4.7451
2 24 -14.4486 5.8202 -4.7451 -16.1456 5.6766 -4.415
2 24 15.6079 4.8035 5.316 13.1034 4.4488 5.4158
2 24 13.1034 4.4488 5.4158 14.5049 3.0423 3.3735
2 24 15.6079 4.8035 5.316 16.9581 5.3068 5.0912
2 24 16.9581 5.3068 5.0912 19.5137 3.0423 3.3503
2 24 14.5049 3.0423 3.3735 19.5137 3.0423 3.3503
2 24 14.5049 3.0423 3.3735 15.5848 3.0423 2.1243
2 24 14.5049 3.0423 3.3735 19.5137 3.0423 3.3503
2 24 15.5848 3.0423 2.1243 15.8367 3.0423 0.2631
2 24 19.5137 3.0423 3.3503 20.659 3.0423 2.4099
2 24 20.659 3.0423 2.4099 21.129 3.0423 0.492
2 24 21.129 3.0423 0.492 20.8741 3.0423 -1.6772
2 24 15.8367 3.0423 0.2631 15.2438 3.0423 -1.6337
2 24 20.8741 3.0423 -1.6772 19.7036 3.0423 -2.8984
2 24 19.7036 3.0423 -2.8984 14.2719 3.0423 -2.9514
2 24 15.2438 3.0423 -1.6337 14.2719 3.0423 -2.9514
2 24 17.012 5.6764 -4.2301 19.7036 3.0423 -2.8984
2 24 19.7036 3.0423 -2.8984 14.2719 3.0423 -2.9514
2 24 17.012 5.6764 -4.2301 16.1456 5.6766 -4.415
2 24 14.2719 3.0423 -2.9514 14.4486 5.8202 -4.7451
2 24 16.1456 5.6766 -4.415 14.4486 5.8202 -4.7451
2 24 6.7774 -2.6483 0.0731 6.0699 -2.6483 -2.7097
2 24 6.7774 -2.6483 0.0731 4 -2.6483 0
2 24 4 -2.6483 0 3.6955 -2.6483 -1.5307
2 24 3.6955 -2.6483 -1.5307 2.8284 -2.6483 -2.8284
2 24 6.0699 -2.6483 -2.7097 4.6713 -2.6483 -4.8091
2 24 4.6713 -2.6483 -4.8091 2.5043 -2.6483 -6.125
2 24 2.8284 -2.6483 -2.8284 1.5307 -2.6483 -3.6955
2 24 1.5307 -2.6483 -3.6955 0 -2.6483 -4.0001
2 24 2.5043 -2.6483 -6.125 0 -2.6483 -6.7791
2 24 0 -2.6483 -6.7791 -2.5043 -2.6483 -6.125
2 24 0 -2.6483 -4.0001 -1.5307 -2.6483 -3.6955
2 24 -1.5307 -2.6483 -3.6955 -2.8284 -2.6483 -2.8284
2 24 -2.5043 -2.6483 -6.125 -4.6713 -2.6483 -4.8091
2 24 -4.6713 -2.6483 -4.8091 -6.0699 -2.6483 -2.7097
2 24 -2.8284 -2.6483 -2.8284 -3.6955 -2.6483 -1.5307
2 24 -3.6955 -2.6483 -1.5307 -4 -2.6483 0
2 24 -6.0699 -2.6483 -2.7097 -6.7774 -2.6483 0.0731
2 24 -4 -2.6483 0 -6.7774 -2.6483 0.0731
2 24 -4.0011 0.0062 7.1613 -2.268 -0.7473 5.4853
2 24 -4.0011 0.0062 7.1613 -5.2444 -0.8969 5.5439
2 24 -2.268 -0.7473 5.4853 -2.5459 -1.6261 3.2757
2 24 -5.2444 -0.8969 5.5439 -6.3235 -1.9626 2.8421
2 24 -2.5459 -1.6261 3.2757 -3.7057 -2.2044 1.8423
2 24 -6.3235 -1.9626 2.8421 -6.7774 -2.6483 0.0731
2 24 -6.7774 -2.6483 0.0731 -4 -2.6483 0
2 24 -3.7057 -2.2044 1.8423 -4 -2.6483 0
2 24 0 1.6812 6.2725 0 1.6094 4.1318
2 24 0 1.6812 6.2725 -0.6715 1.271 6.2032
2 24 0 1.6094 4.1318 -0.4098 1.4173 4.1045
2 24 -0.6715 1.271 6.2032 -1.4899 0.351 5.8316
2 24 -0.4098 1.4173 4.1045 -1.5537 0.0993 3.8004
2 24 -1.4899 0.351 5.8316 -2.268 -0.7473 5.4853
2 24 -1.5537 0.0993 3.8004 -2.5459 -1.6261 3.2757
2 24 -2.268 -0.7473 5.4853 -2.5459 -1.6261 3.2757
2 24 -2.268 -0.7473 5.4853 -4.0011 0.0062 7.1613
2 24 -2.268 -0.7473 5.4853 -1.4899 0.351 5.8316
2 24 -4.0011 0.0062 7.1613 -2.7816 1.932 8.4659
2 24 -1.4899 0.351 5.8316 -0.6715 1.271 6.2032
2 24 -2.7816 1.932 8.4659 -1.3367 3.4757 9.6355
2 24 -0.6715 1.271 6.2032 0 1.6812 6.2725
2 24 0 1.6812 6.2725 0 4.3492 10.3546
2 24 -1.3367 3.4757 9.6355 0 4.3492 10.3546
2 24 0 1.0577 -6.9438 -2.6895 0.5972 -6.3265
2 24 0 -2.6483 -6.7791 -2.5043 -2.6483 -6.125
2 24 -2.6895 0.5972 -6.3265 -4.983 -0.4794 -4.8393
2 24 -2.5043 -2.6483 -6.125 -4.6713 -2.6483 -4.8091
2 24 -4.983 -0.4794 -4.8393 -6.4369 -1.4898 -2.755
2 24 -4.6713 -2.6483 -4.8091 -6.0699 -2.6483 -2.7097
2 24 -6.4369 -1.4898 -2.755 -7.1251 -2.1481 -0.0885
2 24 -6.0699 -2.6483 -2.7097 -6.7774 -2.6483 0.0731
2 24 -7.1251 -2.1481 -0.0885 -6.7611 -1.3966 2.6206
2 24 -6.7774 -2.6483 0.0731 -6.3235 -1.9626 2.8421
2 24 -6.7611 -1.3966 2.6206 -5.7549 -0.0665 5.108
2 24 -6.3235 -1.9626 2.8421 -5.2444 -0.8969 5.5439
2 24 -5.7549 -0.0665 5.108 -4.7851 0.9537 6.6016
2 24 -5.2444 -0.8969 5.5439 -4.0011 0.0062 7.1613
2 24 -4.7851 0.9537 6.6016 -3.5372 2.4613 8.1
2 24 -4.0011 0.0062 7.1613 -2.7816 1.932 8.4659
2 24 -3.5372 2.4613 8.1 -2.2504 3.6816 9.1887
2 24 -2.7816 1.932 8.4659 -1.3367 3.4757 9.6355
2 24 -2.2504 3.6816 9.1887 -1.9918 4.374 9.3508
2 24 -1.3367 3.4757 9.6355 0 4.3492 10.3546
2 24 0 4.3492 10.3546 0 5.2859 10.5228
2 24 -1.9918 4.374 9.3508 -3.9772 4.2508 8.8482
2 24 -1.9918 4.374 9.3508 -2.3334 4.7727 8.6236
2 24 -2.3334 4.7727 8.6236 -2.2237 4.7709 6.7217
2 24 -2.2237 4.7709 6.7217 -3.8905 4.5063 6.2417
2 24 -3.8905 4.5063 6.2417 -7.0753 4.2505 5.8422
2 24 -3.9772 4.2508 8.8482 -7.5833 4.0732 7.9721
2 24 -7.0753 4.2505 5.8422 -9.9423 4.1922 5.6152
2 24 -7.5833 4.0732 7.9721 -10.6474 4.1509 7.4745
2 24 -9.9423 4.1922 5.6152 -13.1034 4.4488 5.4158
2 24 -13.1034 4.4488 5.4158 -15.6079 4.8035 5.316
2 24 -10.6474 4.1509 7.4745 -13.9952 4.8364 7.3821
2 24 -13.7412 4.9695 6.773 -15.7142 5.6404 6.8165
2 24 -13.9952 4.8364 7.3821 -15.8902 5.5566 7.3566
2 24 -15.8902 5.5566 7.3566 -18.3518 6.7968 6.8138
2 24 -18.3518 6.7968 6.8138 -20.3963 8.5585 5.9083
2 24 -20.3963 8.5585 5.9083 -22.4299 10.5653 4.0581
2 24 -18.9817 3.7374 6.9234 -22.0451 1.8368 5.9486
2 24 -22.0451 1.8368 5.9486 -24.2024 -1.1787 3.8214
2 24 -24.2024 -1.1787 3.8214 -25.5002 -2.8807 0.6245
2 24 -25.5002 -2.8807 0.6245 -24.7652 -1.4873 -2.1468
2 24 -22.4299 10.5653 4.0581 -23.213 11.692 2.1476
2 24 -23.213 11.692 2.1476 -23.4858 12.3342 0.3493
2 24 -23.4858 12.3342 0.3493 -23.1864 11.7105 -1.4917
2 24 -23.1864 11.7105 -1.4917 -22.6228 10.9276 -3.0499
2 24 -24.7652 -1.4873 -2.1468 -23.3281 0.1205 -4.0706
2 24 -22.6228 10.9276 -3.0499 -21.8053 9.9858 -4.3368
2 24 -21.8053 9.9858 -4.3368 -20.1308 8.3173 -5.4312
2 24 -23.3281 0.1205 -4.0706 -20.7328 2.3187 -5.3286
2 24 -20.1308 8.3173 -5.4312 -18.3028 6.6085 -6.1213
2 24 -18.6183 4.0189 -6.0248 -20.7328 2.3187 -5.3286
2 24 -16.5675 5.9722 -6.4529 -18.3028 6.6085 -6.1213
2 24 -16.5675 5.9722 -6.4529 -18.3028 6.6085 -6.1213
2 24 -16.4106 6.1103 -5.9021 -18.0678 6.8461 -5.4997
2 24 -18.3028 6.6085 -6.1213 -20.1308 8.3173 -5.4312
2 24 -16.1456 5.6766 -4.415 -17.012 5.6764 -4.2301
2 24 -17.012 5.6764 -4.2301 -18.0592 6.4755 -3.9659
2 24 -18.0592 6.4755 -3.9659 -19.4486 7.6891 -3.32
2 24 -19.4486 7.6891 -3.32 -20.5656 8.8906 -2.4708
2 24 -20.1308 8.3173 -5.4312 -21.8053 9.9858 -4.3368
2 24 -20.5656 8.8906 -2.4708 -21.1627 9.6614 -1.0682
2 24 -21.8053 9.9858 -4.3368 -22.6228 10.9276 -3.0499
2 24 -22.0013 10.8986 -2.7885 -22.6028 11.7877 -1.4807
2 24 -22.6228 10.9276 -3.0499 -23.1864 11.7105 -1.4917
2 24 -21.1627 9.6614 -1.0682 -21.3434 9.9693 0.3488
2 24 -22.6028 11.7877 -1.4807 -22.8711 12.3349 0.2852
2 24 -23.1864 11.7105 -1.4917 -23.4858 12.3342 0.3493
2 24 -22.8711 12.3349 0.2852 -22.5821 11.8042 1.8644
2 24 -21.3434 9.9693 0.3488 -21.1699 9.6985 1.4379
2 24 -23.4858 12.3342 0.3493 -23.213 11.692 2.1476
2 24 -22.5821 11.8042 1.8644 -21.7845 10.551 3.6169
2 24 -23.213 11.692 2.1476 -22.4299 10.5653 4.0581
2 24 -21.1699 9.6985 1.4379 -20.814 9.0534 2.5469
2 24 -22.4299 10.5653 4.0581 -20.3963 8.5585 5.9083
2 24 -20.814 9.0534 2.5469 -19.7673 7.6587 3.8531
2 24 -20.3963 8.5585 5.9083 -18.3518 6.7968 6.8138
2 24 -19.7673 7.6587 3.8531 -18.2516 6.2736 4.7252
2 24 -20.0129 8.4875 5.446 -18.1294 6.8816 6.4927
2 24 -15.8902 5.5566 7.3566 -18.3518 6.7968 6.8138
2 24 -18.2516 6.2736 4.7252 -16.9581 5.3068 5.0912
2 24 -15.6079 4.8035 5.316 -16.9581 5.3068 5.0912
2 24 -14.2719 3.0423 -2.9514 -19.7036 3.0423 -2.8984
2 24 -19.7036 3.0423 -2.8984 -17.012 5.6764 -4.2301
2 24 -17.012 5.6764 -4.2301 -16.1456 5.6766 -4.415
2 24 -14.2719 3.0423 -2.9514 -14.4486 5.8202 -4.7451
2 24 -16.1456 5.6766 -4.415 -14.4486 5.8202 -4.7451
2 24 -1.8901 13.1076 -7.053 0 13.1822 -7.0191
2 24 -1.8901 13.1076 -7.053 -2.0159 10.667 -6.8823
2 24 0 13.1822 -7.0191 3.1436 12.9592 -7.0391
2 24 -2.0159 10.667 -6.8823 -2.7302 9.6471 -6.8236
2 24 3.1436 12.9592 -7.0391 5.5152 11.9514 -6.8774
2 24 5.5152 11.9514 -6.8774 7.7258 10.6656 -6.5987
2 24 -2.7302 9.6471 -6.8236 -3.8883 9.3413 -6.7651
2 24 -3.8883 9.3413 -6.7651 -6.1487 8.4446 -6.5453
2 24 7.7258 10.6656 -6.5987 9.8983 8.922 -6.23
2 24 9.8983 8.922 -6.23 12.6027 6.921 -5.4439
2 24 12.6027 6.921 -5.4439 14.4486 5.8202 -4.7451
2 24 14.4486 5.8202 -4.7451 14.2719 3.0423 -2.9514
2 24 14.2719 3.0423 -2.9514 15.2438 3.0423 -1.6337
2 24 15.2438 3.0423 -1.6337 15.8367 3.0423 0.2631
2 24 15.8367 3.0423 0.2631 15.5848 3.0423 2.1243
2 24 15.5848 3.0423 2.1243 14.5049 3.0423 3.3735
2 24 14.5049 3.0423 3.3735 13.1034 4.4488 5.4158
2 24 13.1034 4.4488 5.4158 9.9423 4.1922 5.6152
2 24 9.9423 4.1922 5.6152 7.0753 4.2505 5.8422
2 24 3.6955 -0.1846 -1.5307 4 -0.1811 0
2 24 3.6955 -0.1846 -1.5307 2.8284 0.5742 -2.8284
2 24 2.8284 0.5742 -2.8284 1.5307 1.1623 -3.6955
2 24 4 -0.1811 0 3.9158 0.265 1.2117
2 24 1.5307 1.1623 -3.6955 0 1.4813 -4.0001
2 24 3.9158 0.265 1.2117 3.4012 0.8716 2.4372
2 24 0 1.4813 -4.0001 -1.5307 1.1623 -3.6955
2 24 3.4012 0.8716 2.4372 2.4629 1.5105 3.3505
2 24 7.0753 4.2505 5.8422 3.8905 4.5063 6.2417
2 24 2.4629 1.5105 3.3505 1.0952 2.1237 4.0231
2 24 3.8905 4.5063 6.2417 2.2237 4.7709 6.7217
2 24 2.2237 4.7709 6.7217 1.1133 5.6642 7.4341
2 24 1.1133 5.6642 7.4341 0.4154 6.339 7.8699
2 24 0.4154 6.339 7.8699 0 6.4458 7.9072
2 24 0 6.4458 7.9072 -0.4154 6.339 7.8699
2 24 1.0952 2.1237 4.0231 0 2.359 4.2526
2 24 -0.4154 6.339 7.8699 -1.1133 5.6642 7.4341
2 24 -1.1133 5.6642 7.4341 -2.2237 4.7709 6.7217
2 24 -2.2237 4.7709 6.7217 -3.8905 4.5063 6.2417
2 24 0 2.359 4.2526 -1.0952 2.1237 4.0231
2 24 -1.0952 2.1237 4.0231 -2.4629 1.5105 3.3505
2 24 -3.8905 4.5063 6.2417 -7.0753 4.2505 5.8422
2 24 -2.4629 1.5105 3.3505 -3.4012 0.8716 2.4372
2 24 -7.0753 4.2505 5.8422 -9.9423 4.1922 5.6152
2 24 -9.9423 4.1922 5.6152 -13.1034 4.4488 5.4158
2 24 -13.1034 4.4488 5.4158 -14.5049 3.0423 3.3735
2 24 -3.4012 0.8716 2.4372 -3.9158 0.265 1.2117
2 24 -3.9158 0.265 1.2117 -4 -0.1811 0
2 24 -14.5049 3.0423 3.3735 -15.5848 3.0423 2.1243
2 24 -4 -0.1811 0 -3.6955 -0.1846 -1.5307
2 24 -15.5848 3.0423 2.1243 -15.8367 3.0423 0.2631
2 24 -15.8367 3.0423 0.2631 -15.2438 3.0423 -1.6337
2 24 -15.2438 3.0423 -1.6337 -14.2719 3.0423 -2.9514
2 24 -14.2719 3.0423 -2.9514 -14.4486 5.8202 -4.7451
2 24 -14.4486 5.8202 -4.7451 -12.6027 6.921 -5.4439
2 24 -12.6027 6.921 -5.4439 -9.8983 8.922 -6.23
2 24 -3.6955 -0.1846 -1.5307 -2.8284 0.5742 -2.8284
2 24 -1.5307 1.1623 -3.6955 -2.8284 0.5742 -2.8284
2 24 -9.8983 8.922 -6.23 -7.6848 10.575 -6.6011
2 24 -7.6848 10.575 -6.6011 -7.0795 11.1922 -6.5075
2 24 -6.1487 8.4446 -6.5453 -7.0795 11.1922 -6.5075
2 24 -2.3334 4.7727 8.6236 -2.2237 4.7709 6.7217
2 24 -2.2237 4.7709 6.7217 -1.1133 5.6642 7.4341
2 24 -1.1133 5.6642 7.4341 -0.4154 6.339 7.8699
2 24 -1.9918 4.374 9.3508 -2.3334 4.7727 8.6236
2 24 0 5.2859 10.5228 0 6.0749 10.0126
2 24 0 6.0749 10.0126 0 6.5352 9.1235
2 24 -0.4154 6.339 7.8699 0 6.4458 7.9072
2 24 0 6.5352 9.1235 0 6.4458 7.9072
2 24 -19.5137 3.0423 3.3503 -14.5049 3.0423 3.3735
2 24 -19.5137 3.0423 3.3503 -16.9581 5.3068 5.0912
2 24 -16.9581 5.3068 5.0912 -15.6079 4.8035 5.316
2 24 -14.5049 3.0423 3.3735 -13.1034 4.4488 5.4158
2 24 -15.6079 4.8035 5.316 -13.1034 4.4488 5.4158
2 24 -15.5848 3.0423 2.1243 -14.5049 3.0423 3.3735
2 24 -14.5049 3.0423 3.3735 -19.5137 3.0423 3.3503
2 24 -15.5848 3.0423 2.1243 -15.8367 3.0423 0.2631
2 24 -19.5137 3.0423 3.3503 -20.659 3.0423 2.4099
2 24 -20.659 3.0423 2.4099 -21.129 3.0423 0.492
2 24 -21.129 3.0423 0.492 -20.8741 3.0423 -1.6772
2 24 -15.8367 3.0423 0.2631 -15.2438 3.0423 -1.6337
2 24 -20.8741 3.0423 -1.6772 -19.7036 3.0423 -2.8984
2 24 -15.2438 3.0423 -1.6337 -14.2719 3.0423 -2.9514
2 24 -19.7036 3.0423 -2.8984 -14.2719 3.0423 -2.9514
2 24 -2.6962 13.0302 -7.3819 -1.8901 13.1076 -7.053
2 24 -2.6962 13.0302 -7.3819 -2.7715 10.8038 -7.1203
2 24 -1.8901 13.1076 -7.053 -2.0159 10.667 -6.8823
2 24 -2.0159 10.667 -6.8823 -2.7302 9.6471 -6.8236
2 24 -2.7715 10.8038 -7.1203 -2.7302 9.6471 -6.8236
2 24 -4.0783 10.5697 -7.0353 -6.0179 9.763 -6.8484
2 24 -6.0179 9.763 -6.8484 -6.2765 11.7521 -7.0443
2 24 -6.2765 11.7521 -7.0443 -4.3856 12.6143 -7.2736
2 24 -4.0783 10.5697 -7.0353 -2.7715 10.8038 -7.1203
2 24 -4.3856 12.6143 -7.2736 -2.6962 13.0302 -7.3819
2 24 -2.7715 10.8038 -7.1203 -2.6962 13.0302 -7.3819
2 24 -6.1487 8.4446 -6.5453 -7.0795 11.1922 -6.5075
2 24 -6.1487 8.4446 -6.5453 -6.0179 9.763 -6.8484
2 24 -7.0795 11.1922 -6.5075 -6.2765 11.7521 -7.0443
2 24 -6.0179 9.763 -6.8484 -6.2765 11.7521 -7.0443
2 24 -3.8883 9.3413 -6.7651 -6.1487 8.4446 -6.5453
2 24 -6.1487 8.4446 -6.5453 -6.0179 9.763 -6.8484
2 24 -6.0179 9.763 -6.8484 -4.0783 10.5697 -7.0353
2 24 -3.8883 9.3413 -6.7651 -2.7302 9.6471 -6.8236
2 24 -4.0783 10.5697 -7.0353 -2.7715 10.8038 -7.1203
2 24 -2.7302 9.6471 -6.8236 -2.7715 10.8038 -7.1203
2 24 -19.5137 3.0423 3.3503 -16.9581 5.3068 5.0912
2 24 -16.9581 5.3068 5.0912 -18.2516 6.2736 4.7252
2 24 -18.2516 6.2736 4.7252 -19.7673 7.6587 3.8531
2 24 -19.5137 3.0423 3.3503 -20.659 3.0423 2.4099
2 24 -19.7673 7.6587 3.8531 -20.814 9.0534 2.5469
2 24 -20.814 9.0534 2.5469 -21.1699 9.6985 1.4379
2 24 -20.659 3.0423 2.4099 -21.129 3.0423 0.492
2 24 -21.1699 9.6985 1.4379 -21.3434 9.9693 0.3488
2 24 -21.3434 9.9693 0.3488 -21.1627 9.6614 -1.0682
2 24 -21.1627 9.6614 -1.0682 -20.5656 8.8906 -2.4708
2 24 -21.129 3.0423 0.492 -20.8741 3.0423 -1.6772
2 24 -20.5656 8.8906 -2.4708 -19.4486 7.6891 -3.32
2 24 -20.8741 3.0423 -1.6772 -19.7036 3.0423 -2.8984
2 24 -19.4486 7.6891 -3.32 -18.0592 6.4755 -3.9659
2 24 -19.7036 3.0423 -2.8984 -17.012 5.6764 -4.2301
2 24 -18.0592 6.4755 -3.9659 -17.012 5.6764 -4.2301
0 STEP
