0 Dinosaur Tail / Neck Middle Section with Bar Hole and Technic Pin Hole
0 Name: 5717.dat
0 Author: 
0 BFC CERTIFY CCW
3 16 -4.5793 7.3005 -21.5 -6.6129 7.1824 -17.5 -6.7816 7.1866 -21.5 0.2793 0.709 0.2948 0.6786 0.2961 0.709
3 16 -4.5793 7.3005 -21.5 -4.5088 7.3005 -17.5 -6.6129 7.1824 -17.5 0.2793 0.709 0.2788 0.6786 0.2948 0.6786
3 16 0 7.3005 -21.5 -4.5088 7.3005 -17.5 -4.5793 7.3005 -21.5 0.2446 0.709 0.2788 0.6786 0.2793 0.709
3 16 0 7.3005 -21.5 0 7.3005 -17.5 -4.5088 7.3005 -17.5 0.2446 0.709 0.2446 0.6786 0.2788 0.6786
3 16 3.6503 6.3224 -21.5 0 7.3005 -17.5 0 7.3005 -21.5 0.2156 0.709 0.2446 0.6786 0.2446 0.709
3 16 3.6503 6.3224 -21.5 3.6503 6.3224 -17.5 0 7.3005 -17.5 0.2156 0.709 0.2156 0.6786 0.2446 0.6786
3 16 6.3224 3.6503 -21.5 3.6503 6.3224 -17.5 3.6503 6.3224 -21.5 0.1867 0.7089 0.2156 0.6786 0.2156 0.709
3 16 6.3224 3.6503 -21.5 6.3224 3.6503 -17.5 3.6503 6.3224 -17.5 0.1867 0.7089 0.1867 0.6786 0.2156 0.6786
3 16 7.3005 0 -21.5 6.3224 3.6503 -17.5 6.3224 3.6503 -21.5 0.1577 0.7089 0.1867 0.6786 0.1867 0.7089
3 16 7.3005 0 -21.5 7.3005 0 -17.5 6.3224 3.6503 -17.5 0.1577 0.7089 0.1577 0.6786 0.1867 0.6786
3 16 6.3224 -3.6503 -21.5 7.3005 0 -17.5 7.3005 0 -21.5 0.1288 0.7089 0.1577 0.6786 0.1577 0.7089
3 16 6.3224 -3.6503 -21.5 6.3224 -3.6503 -17.5 7.3005 0 -17.5 0.1288 0.7089 0.1288 0.6786 0.1577 0.6786
3 16 3.6503 -6.3224 -21.5 6.3224 -3.6503 -17.5 6.3224 -3.6503 -21.5 0.0999 0.7089 0.1288 0.6786 0.1288 0.7089
3 16 3.6503 -6.3224 -21.5 3.6503 -6.3224 -17.5 6.3224 -3.6503 -17.5 0.0999 0.7089 0.0999 0.6786 0.1288 0.6786
3 16 0 -7.3005 -21.5 3.6503 -6.3224 -17.5 3.6503 -6.3224 -21.5 0.0709 0.7089 0.0999 0.6786 0.0999 0.7089
3 16 0 -7.3005 -21.5 0 -7.3005 -17.5 3.6503 -6.3224 -17.5 0.0709 0.7089 0.0709 0.6786 0.0999 0.6786
3 16 -4.5076 -7.3005 -17.5 0 -7.3005 -17.5 0 -7.3005 -21.5 0.0367 0.6786 0.0709 0.6786 0.0709 0.7089
3 16 -4.5076 -7.3005 -17.5 0 -7.3005 -21.5 -4.544 -7.3005 -21.5 0.0367 0.6786 0.0709 0.7089 0.0364 0.7089
3 16 -4.544 -7.3005 -21.5 -6.6219 -7.193 -17.5 -4.5076 -7.3005 -17.5 0.0364 0.7089 0.0206 0.6786 0.0367 0.6786
3 16 -4.544 -7.3005 -21.5 -6.7718 -7.1715 -21.5 -6.6219 -7.193 -17.5 0.0364 0.7089 0.0195 0.7089 0.0206 0.6786
3 16 3.125 5.4127 -17.5 0 6.25 -2 0 6.25 -17.5 0.2937 0.557 0.3185 0.4393 0.3185 0.557
3 16 3.125 5.4127 -17.5 3.125 5.4127 -2 0 6.25 -2 0.2937 0.557 0.2937 0.4393 0.3185 0.4393
3 16 5.4127 3.125 -17.5 3.125 5.4127 -2 3.125 5.4127 -17.5 0.2689 0.557 0.2937 0.4393 0.2937 0.557
3 16 5.4127 3.125 -17.5 5.4127 3.125 -2 3.125 5.4127 -2 0.2689 0.557 0.2689 0.4393 0.2937 0.4393
3 16 6.25 0 -17.5 5.4127 3.125 -2 5.4127 3.125 -17.5 0.2442 0.557 0.2689 0.4393 0.2689 0.557
3 16 6.25 0 -17.5 6.25 0 -2 5.4127 3.125 -2 0.2442 0.557 0.2442 0.4393 0.2689 0.4393
3 16 5.4127 -3.125 -17.5 6.25 0 -2 6.25 0 -17.5 0.2194 0.557 0.2442 0.4393 0.2442 0.557
3 16 5.4127 -3.125 -17.5 5.4127 -3.125 -2 6.25 0 -2 0.2194 0.557 0.2194 0.4393 0.2442 0.4393
3 16 3.125 -5.4127 -17.5 5.4127 -3.125 -2 5.4127 -3.125 -17.5 0.1946 0.557 0.2194 0.4393 0.2194 0.557
3 16 3.125 -5.4127 -17.5 3.125 -5.4127 -2 5.4127 -3.125 -2 0.1946 0.557 0.1946 0.4393 0.2194 0.4393
3 16 0 -6.25 -17.5 3.125 -5.4127 -2 3.125 -5.4127 -17.5 0.1698 0.557 0.1946 0.4393 0.1946 0.557
3 16 0 -6.25 -17.5 0 -6.25 -2 3.125 -5.4127 -2 0.1698 0.557 0.1698 0.4393 0.1946 0.4393
3 16 -3.125 -5.4127 -17.5 0 -6.25 -2 0 -6.25 -17.5 0.145 0.557 0.1698 0.4393 0.1698 0.557
3 16 -3.125 -5.4127 -17.5 -3.125 -5.4127 -2 0 -6.25 -2 0.145 0.557 0.145 0.4393 0.1698 0.4393
3 16 -5.4127 -3.125 -17.5 -3.125 -5.4127 -2 -3.125 -5.4127 -17.5 0.1203 0.557 0.145 0.4393 0.145 0.557
3 16 -5.4127 -3.125 -17.5 -5.4127 -3.125 -2 -3.125 -5.4127 -2 0.1203 0.557 0.1203 0.4393 0.145 0.4393
3 16 -5.4127 -3.125 -2 -5.4127 -3.125 -17.5 -6.25 0 -17.5 0.1203 0.4393 0.1203 0.557 0.0955 0.557
3 16 -5.4127 -3.125 -2 -6.25 0 -17.5 -6.25 0 -2 0.1203 0.4393 0.0955 0.557 0.0955 0.4393
3 16 -5.4127 3.125 -17.5 -6.25 0 -2 -6.25 0 -17.5 0.0707 0.557 0.0955 0.4393 0.0955 0.557
3 16 -5.4127 3.125 -17.5 -5.4127 3.125 -2 -6.25 0 -2 0.0707 0.557 0.0707 0.4393 0.0955 0.4393
3 16 -3.125 5.4127 -17.5 -5.4127 3.125 -2 -5.4127 3.125 -17.5 0.0459 0.557 0.0707 0.4393 0.0707 0.557
3 16 -3.125 5.4127 -17.5 -3.125 5.4127 -2 -5.4127 3.125 -2 0.0459 0.557 0.0459 0.4393 0.0707 0.4393
3 16 0 6.25 -17.5 -3.125 5.4127 -2 -3.125 5.4127 -17.5 0.0212 0.557 0.0459 0.4393 0.0459 0.557
3 16 0 6.25 -17.5 0 6.25 -2 -3.125 5.4127 -2 0.0212 0.557 0.0212 0.4393 0.0459 0.4393
3 16 -0.1966 9.5894 -15.4809 -5 8.6603 0 0 10 0 0.8482 0.4689 0.9678 0.442 0.9645 0.4814
3 16 -0.1966 9.5894 -15.4809 -5.5143 8.0767 -16.1872 -5 8.6603 0 0.8482 0.4689 0.8453 0.4259 0.9678 0.442
3 16 -5.5143 8.0767 -16.1872 -8.6603 5 0 -5 8.6603 0 0.8453 0.4259 0.9709 0.4031 0.9678 0.442
3 16 -0.6428 9.4922 -23.5286 -5.5143 8.0767 -16.1872 -0.1966 9.5894 -15.4809 0.7884 0.4635 0.8453 0.4259 0.8482 0.4689
3 16 -5.5143 8.0767 -16.1872 -8.5658 4.9443 -16.1837 -8.6603 5 0 0.8453 0.4259 0.8479 0.3924 0.9709 0.4031
3 16 -8.6603 5 0 -8.5658 4.9443 -16.1837 -9.9425 0 -16.1837 0.9709 0.4031 0.8479 0.3924 0.8518 0.3531
3 16 -8.6603 5 0 -9.9425 0 -16.1837 -10 0 0 0.9709 0.4031 0.8518 0.3531 0.9745 0.3644
3 16 -10 0 0 -9.9425 0 -16.1837 -8.5656 -4.9443 -16.1837 0.9745 0.3644 0.8518 0.3531 0.8557 0.314
3 16 -10 0 0 -8.5656 -4.9443 -16.1837 -8.6603 -5 0 0.9745 0.3644 0.8557 0.314 0.9784 0.3257
3 16 -8.6603 -5 0 -8.5656 -4.9443 -16.1837 -5.5107 -8.0788 -16.1794 0.9784 0.3257 0.8557 0.314 0.8592 0.2807
3 16 -8.6603 -5 0 -5.5107 -8.0788 -16.1794 -5 -8.6602 0 0.9784 0.3257 0.8592 0.2807 0.9825 0.287
3 16 -5 -8.6602 0 -5.5107 -8.0788 -16.1794 -0.2823 -9.5829 -15.441 0.9825 0.287 0.8592 0.2807 0.8702 0.2398
3 16 -5 -8.6602 0 -0.2823 -9.5829 -15.441 0 -10 0 0.9825 0.287 0.8702 0.2398 0.9868 0.248
3 16 0 -10 0 -0.2823 -9.5829 -15.441 4.6757 -8.1709 -15.4424 0.9868 0.248 0.8702 0.2398 0.8748 0.2004
3 16 0 -10 0 4.6757 -8.1709 -15.4424 5 -8.6603 0 0.9868 0.248 0.8748 0.2004 0.9907 0.2086
3 16 4.6757 -8.1709 -15.4424 8.6603 -5 0 5 -8.6603 0 0.8748 0.2004 0.9938 0.1688 0.9907 0.2086
3 16 -8.5923 4.9608 -17.5 -9.9425 0 -16.1837 -8.5658 4.9443 -16.1837 0.8377 0.3915 0.8518 0.3531 0.8479 0.3924
3 16 -8.5923 4.9608 -17.5 -9.9812 0 -17.5 -9.9425 0 -16.1837 0.8377 0.3915 0.8419 0.3521 0.8518 0.3531
3 16 -9.9812 0 -17.5 -8.5656 -4.9443 -16.1837 -9.9425 0 -16.1837 0.8419 0.3521 0.8557 0.314 0.8518 0.3531
3 16 -9.9812 0 -17.5 -8.592 -4.9606 -17.5 -8.5656 -4.9443 -16.1837 0.8419 0.3521 0.8458 0.3129 0.8557 0.314
3 16 -8.5658 4.9443 -16.1837 -6.6129 7.1824 -17.5 -8.5923 4.9608 -17.5 0.8479 0.3924 0.8358 0.4143 0.8377 0.3915
3 16 -8.5656 -4.9443 -16.1837 -8.592 -4.9606 -17.5 -6.6219 -7.193 -17.5 0.8557 0.314 0.8458 0.3129 0.8476 0.2905
3 16 -8.5656 -4.9443 -16.1837 -6.6219 -7.193 -17.5 -5.5107 -8.0788 -16.1794 0.8557 0.314 0.8476 0.2905 0.8592 0.2807
3 16 -8.5658 4.9443 -16.1837 -5.5143 8.0767 -16.1872 -6.6129 7.1824 -17.5 0.8479 0.3924 0.8453 0.4259 0.8358 0.4143
3 16 -5.7332 8.0807 -22.7094 -6.6129 7.1824 -17.5 -5.5143 8.0767 -16.1872 0.7954 0.4234 0.8358 0.4143 0.8453 0.4259
3 16 -0.6428 9.4922 -23.5286 -5.7332 8.0807 -22.7094 -5.5143 8.0767 -16.1872 0.7884 0.4635 0.7954 0.4234 0.8453 0.4259
3 16 -5.7332 8.0807 -22.7094 -6.7816 7.1866 -21.5 -6.6129 7.1824 -17.5 0.7954 0.4234 0.8046 0.4131 0.8358 0.4143
3 16 -6.6219 -7.193 -17.5 -5.7581 -8.068 -22.8 -5.5107 -8.0788 -16.1794 0.8476 0.2905 0.8082 0.2775 0.8592 0.2807
3 16 -6.6219 -7.193 -17.5 -6.7718 -7.1715 -21.5 -5.7581 -8.068 -22.8 0.8476 0.2905 0.8162 0.2892 0.8082 0.2775
3 16 -0.6428 9.4922 -23.5286 -6.6914 8.0181 -35.3443 -5.7332 8.0807 -22.7094 0.7884 0.4635 0.7039 0.4159 0.7954 0.4234
3 16 -0.6428 9.4922 -23.5286 -2.0818 9.3189 -35.9381 -6.6914 8.0181 -35.3443 0.7884 0.4635 0.7006 0.4523 0.7039 0.4159
3 16 -8.9219 4.9469 -22.8017 -6.7816 7.1866 -21.5 -5.7332 8.0807 -22.7094 0.7952 0.3894 0.8046 0.4131 0.7954 0.4234
3 16 -8.9219 4.9469 -22.8017 -5.7332 8.0807 -22.7094 -6.6914 8.0181 -35.3443 0.7952 0.3894 0.7954 0.4234 0.7039 0.4159
3 16 -8.9219 4.9469 -22.8017 -8.8331 4.9469 -21.5 -6.7816 7.1866 -21.5 0.7952 0.3894 0.8048 0.3901 0.8046 0.4131
3 16 -8.9219 4.9469 -22.8017 -10.1905 0.032 -21.5 -8.8331 4.9469 -21.5 0.7952 0.3894 0.8074 0.3515 0.8048 0.3901
3 16 -2.0818 9.3189 -35.9381 -8.2021 7.8675 -46.4722 -6.6914 8.0181 -35.3443 0.7006 0.4523 0.6227 0.4085 0.7039 0.4159
3 16 -2.0818 9.3189 -35.9381 -3.8372 9.1593 -47.3315 -8.2021 7.8675 -46.4722 0.7006 0.4523 0.6198 0.4459 0.6227 0.4085
3 16 -8.9219 4.9469 -22.8017 -6.6914 8.0181 -35.3443 -10.0045 4.6059 -35.0186 0.7952 0.3894 0.7039 0.4159 0.7061 0.379
3 16 -10.0045 4.6059 -35.0186 -6.6914 8.0181 -35.3443 -8.2021 7.8675 -46.4722 0.7061 0.379 0.7039 0.4159 0.6227 0.4085
3 16 -8.9219 4.9469 -22.8017 -10.2656 0.0134 -22.801 -10.1905 0.032 -21.5 0.7952 0.3894 0.7978 0.3504 0.8074 0.3515
3 16 -10.2656 0.0134 -22.801 -8.9219 4.9469 -22.8017 -10.0045 4.6059 -35.0186 0.7978 0.3504 0.7952 0.3894 0.7061 0.379
3 16 -5.5107 -8.0788 -16.1794 -5.7581 -8.068 -22.8 -0.6681 -9.4812 -23.4939 0.8592 0.2807 0.8082 0.2775 0.8096 0.2365
3 16 -5.5107 -8.0788 -16.1794 -0.6681 -9.4812 -23.4939 -0.2823 -9.5829 -15.441 0.8592 0.2807 0.8096 0.2365 0.8702 0.2398
3 16 -3.8372 9.1593 -47.3315 -10.452 7.6776 -57.6399 -8.2021 7.8675 -46.4722 0.6198 0.4459 0.541 0.4035 0.6227 0.4085
3 16 -3.8372 9.1593 -47.3315 -6.2506 8.9975 -58.7889 -10.452 7.6776 -57.6399 0.6198 0.4459 0.541 0.4379 0.541 0.4035
3 16 -8.848 -5.1619 -22.8103 -10.1905 0.032 -21.5 -10.2656 0.0134 -22.801 0.8029 0.3096 0.8074 0.3515 0.7978 0.3504
3 16 -8.848 -5.1619 -22.8103 -8.6659 -5.1619 -21.5 -10.1905 0.032 -21.5 0.8029 0.3096 0.8128 0.3103 0.8074 0.3515
3 16 -6.7718 -7.1715 -21.5 -8.6659 -5.1619 -21.5 -8.848 -5.1619 -22.8103 0.8162 0.2892 0.8128 0.3103 0.8029 0.3096
3 16 -6.7718 -7.1715 -21.5 -8.848 -5.1619 -22.8103 -5.7581 -8.068 -22.8 0.8162 0.2892 0.8029 0.3096 0.8082 0.2775
3 16 -8.848 -5.1619 -22.8103 -6.6481 -8.0491 -35.3658 -5.7581 -8.068 -22.8 0.8029 0.3096 0.7143 0.2695 0.8082 0.2775
3 16 -0.6681 -9.4812 -23.4939 -5.7581 -8.068 -22.8 -6.6481 -8.0491 -35.3658 0.8096 0.2365 0.8082 0.2775 0.7143 0.2695
3 16 -10.2656 0.0134 -22.801 -10.0034 -4.593 -35.0164 -8.848 -5.1619 -22.8103 0.7978 0.3504 0.7114 0.3062 0.8029 0.3096
3 16 -8.848 -5.1619 -22.8103 -10.0034 -4.593 -35.0164 -6.6481 -8.0491 -35.3658 0.8029 0.3096 0.7114 0.3062 0.7143 0.2695
3 16 -0.2823 -9.5829 -15.441 -0.6681 -9.4812 -23.4939 4.1419 -8.0937 -23.6117 0.8702 0.2398 0.8096 0.2365 0.8141 0.1982
3 16 -0.2823 -9.5829 -15.441 4.1419 -8.0937 -23.6117 4.6757 -8.1709 -15.4424 0.8702 0.2398 0.8141 0.1982 0.8748 0.2004
3 16 -6.2506 8.9975 -58.7889 -13.5288 7.4759 -68.9109 -10.452 7.6776 -57.6399 0.541 0.4379 0.4463 0.3971 0.541 0.4035
3 16 -6.2506 8.9975 -58.7889 -9.5095 8.8298 -70.3664 -13.5288 7.4759 -68.9109 0.541 0.4379 0.4425 0.43 0.4463 0.3971
3 16 -10.2656 0.0134 -22.801 -11.2218 0.0011 -34.895 -10.0034 -4.593 -35.0164 0.7978 0.3504 0.7086 0.3424 0.7114 0.3062
3 16 -10.2656 0.0134 -22.801 -10.0045 4.6059 -35.0186 -11.2218 0.0011 -34.895 0.7978 0.3504 0.7061 0.379 0.7086 0.3424
3 16 -9.5095 8.8298 -70.3664 -17.4798 7.3062 -80.023 -13.5288 7.4759 -68.9109 0.4425 0.43 0.3533 0.3889 0.4463 0.3971
3 16 -9.5095 8.8298 -70.3664 -13.6724 8.6622 -81.7926 -17.4798 7.3062 -80.023 0.4425 0.43 0.3496 0.4213 0.3533 0.3889
3 16 -11.2218 0.0011 -34.895 -10.0045 4.6059 -35.0186 -11.4404 4.447 -45.8956 0.7086 0.3424 0.7061 0.379 0.6248 0.3721
3 16 -10.0045 4.6059 -35.0186 -8.2021 7.8675 -46.4722 -11.4404 4.447 -45.8956 0.7061 0.379 0.6227 0.4085 0.6248 0.3721
3 16 -8.2021 7.8675 -46.4722 -10.452 7.6776 -57.6399 -13.5226 4.3398 -56.8404 0.6227 0.4085 0.541 0.4035 0.5414 0.3675
3 16 -8.2021 7.8675 -46.4722 -13.5226 4.3398 -56.8404 -11.4404 4.447 -45.8956 0.6227 0.4085 0.5414 0.3675 0.6248 0.3721
3 16 -10.452 7.6776 -57.6399 -13.5288 7.4759 -68.9109 -16.3945 4.2313 -67.8974 0.541 0.4035 0.4463 0.3971 0.4489 0.3631
3 16 -10.452 7.6776 -57.6399 -16.3945 4.2313 -67.8974 -13.5226 4.3398 -56.8404 0.541 0.4035 0.4489 0.3631 0.5414 0.3675
3 16 -13.5288 7.4759 -68.9109 -17.4798 7.3062 -80.023 -20.1536 4.1396 -78.789 0.4463 0.3971 0.3533 0.3889 0.356 0.3564
3 16 -13.5288 7.4759 -68.9109 -20.1536 4.1396 -78.789 -16.3945 4.2313 -67.8974 0.4463 0.3971 0.356 0.3564 0.4489 0.3631
3 16 -22.3572 7.1925 -90.6783 -17.4798 7.3062 -80.023 -13.6724 8.6622 -81.7926 0.2633 0.3823 0.3533 0.3889 0.3496 0.4213
3 16 -22.3572 7.1925 -90.6783 -13.6724 8.6622 -81.7926 -18.7792 8.4997 -92.7652 0.2633 0.3823 0.3496 0.4213 0.2612 0.4157
3 16 -24.8727 4.0886 -89.2084 -20.1536 4.1396 -78.789 -17.4798 7.3062 -80.023 0.265 0.3501 0.356 0.3564 0.3533 0.3889
3 16 -24.8727 4.0886 -89.2084 -17.4798 7.3062 -80.023 -22.3572 7.1925 -90.6783 0.265 0.3501 0.3533 0.3889 0.2633 0.3823
3 16 -28.2775 7.1183 -100.783 -22.3572 7.1925 -90.6783 -18.7792 8.4997 -92.7652 0.1727 0.3834 0.2633 0.3823 0.2612 0.4157
3 16 -28.2775 7.1183 -100.783 -18.7792 8.4997 -92.7652 -24.9443 8.342 -103.1709 0.1727 0.3834 0.2612 0.4157 0.1715 0.4173
3 16 -30.6511 4.0683 -99.073 -24.8727 4.0886 -89.2084 -22.3572 7.1925 -90.6783 0.1737 0.3504 0.265 0.3501 0.2633 0.3823
3 16 -30.6511 4.0683 -99.073 -22.3572 7.1925 -90.6783 -28.2775 7.1183 -100.783 0.1737 0.3504 0.2633 0.3823 0.1727 0.3834
3 16 -24.9443 8.342 -103.1709 -35.1453 7.0631 -110.1897 -28.2775 7.1183 -100.783 0.1715 0.4173 0.0817 0.3837 0.1727 0.3834
3 16 -24.9443 8.342 -103.1709 -32.0814 8.1895 -112.8734 -35.1453 7.0631 -110.1897 0.1715 0.4173 0.0793 0.4156 0.0817 0.3837
3 16 -32.0814 8.1895 -112.8734 -40.0939 7.0089 -115.7874 -35.1453 7.0631 -110.1897 0.0793 0.4156 0.0246 0.3806 0.0817 0.3837
3 16 -32.0814 8.1895 -112.8734 -37.2325 8.0932 -118.6488 -40.0939 7.0089 -115.7874 0.0793 0.4156 0.0208 0.4122 0.0246 0.3806
3 16 -35.1453 7.0631 -110.1897 -40.0939 7.0089 -115.7874 -42.1886 4.0466 -113.6927 0.0817 0.3837 0.0246 0.3806 0.0274 0.3497
3 16 -28.2775 7.1183 -100.783 -35.1453 7.0631 -110.1897 -37.3716 4.0652 -108.2396 0.1727 0.3834 0.0817 0.3837 0.0834 0.3514
3 16 -35.1453 7.0631 -110.1897 -42.1886 4.0466 -113.6927 -37.3716 4.0652 -108.2396 0.0817 0.3837 0.0274 0.3497 0.0834 0.3514
3 16 -28.2775 7.1183 -100.783 -37.3716 4.0652 -108.2396 -30.6511 4.0683 -99.073 0.1727 0.3834 0.0834 0.3514 0.1737 0.3504
3 16 -37.3716 4.0652 -108.2396 -42.1886 4.0466 -113.6927 -42.9553 0 -112.926 0.0834 0.3514 0.0274 0.3497 0.0284 0.3195
3 16 -30.6511 4.0683 -99.073 -37.3716 4.0652 -108.2396 -38.1841 0 -107.5279 0.1737 0.3504 0.0834 0.3514 0.0837 0.319
3 16 -37.3716 4.0652 -108.2396 -42.9553 0 -112.926 -38.1841 0 -107.5279 0.0834 0.3514 0.0284 0.3195 0.0837 0.319
3 16 -31.5099 -0.002 -98.452 -24.8727 4.0886 -89.2084 -30.6511 4.0683 -99.073 0.1741 0.3179 0.265 0.3501 0.1737 0.3504
3 16 -30.6511 4.0683 -99.073 -38.1841 0 -107.5279 -31.5099 -0.002 -98.452 0.1737 0.3504 0.0837 0.319 0.1741 0.3179
3 16 -42.9553 0 -112.926 -37.3716 -4.0652 -108.2396 -38.1841 0 -107.5279 0.0284 0.3195 0.0827 0.2867 0.0837 0.319
3 16 -42.9553 0 -112.926 -42.1886 -4.0466 -113.6927 -37.3716 -4.0652 -108.2396 0.0284 0.3195 0.0265 0.2893 0.0827 0.2867
3 16 -31.5099 -0.002 -98.452 -25.7761 -0.0034 -88.6769 -24.8727 4.0886 -89.2084 0.1741 0.3179 0.2659 0.3182 0.265 0.3501
3 16 -25.7761 -0.0034 -88.6769 -20.1536 4.1396 -78.789 -24.8727 4.0886 -89.2084 0.2659 0.3182 0.356 0.3564 0.265 0.3501
3 16 -30.6496 -4.0717 -99.0728 -31.5099 -0.002 -98.452 -38.1841 0 -107.5279 0.1735 0.2855 0.1741 0.3179 0.0837 0.319
3 16 -30.6496 -4.0717 -99.0728 -38.1841 0 -107.5279 -37.3716 -4.0652 -108.2396 0.1735 0.2855 0.0837 0.319 0.0827 0.2867
3 16 -42.1886 -4.0466 -113.6927 -35.1443 -7.0639 -110.1905 -37.3716 -4.0652 -108.2396 0.0265 0.2893 0.0803 0.2545 0.0827 0.2867
3 16 -42.1886 -4.0466 -113.6927 -40.0939 -7.0089 -115.7874 -35.1443 -7.0639 -110.1905 0.0265 0.2893 0.0225 0.2586 0.0803 0.2545
3 16 -25.7761 -0.0034 -88.6769 -21.1073 -0.0037 -78.3449 -20.1536 4.1396 -78.789 0.2659 0.3182 0.3578 0.3237 0.356 0.3564
3 16 -16.3945 4.2313 -67.8974 -20.1536 4.1396 -78.789 -21.1073 -0.0037 -78.3449 0.4489 0.3631 0.356 0.3564 0.3578 0.3237
3 16 -24.8703 -4.0964 -89.2085 -25.7761 -0.0034 -88.6769 -31.5099 -0.002 -98.452 0.266 0.2861 0.2659 0.3182 0.1741 0.3179
3 16 -24.8703 -4.0964 -89.2085 -31.5099 -0.002 -98.452 -30.6496 -4.0717 -99.0728 0.266 0.2861 0.1741 0.3179 0.1735 0.2855
3 16 -28.2737 -7.1212 -100.7846 -30.6496 -4.0717 -99.0728 -37.3716 -4.0652 -108.2396 0.1722 0.2531 0.1735 0.2855 0.0827 0.2867
3 16 -28.2737 -7.1212 -100.7846 -37.3716 -4.0652 -108.2396 -35.1443 -7.0639 -110.1905 0.1722 0.2531 0.0827 0.2867 0.0803 0.2545
3 16 -40.0939 -7.0089 -115.7874 -31.9939 -8.2062 -112.9297 -35.1443 -7.0639 -110.1905 0.0225 0.2586 0.0772 0.2214 0.0803 0.2545
3 16 -40.0939 -7.0089 -115.7874 -37.2325 -8.0932 -118.6488 -31.9939 -8.2062 -112.9297 0.0225 0.2586 0.0172 0.2271 0.0772 0.2214
3 16 -16.3945 4.2313 -67.8974 -21.1073 -0.0037 -78.3449 -17.41 -0.0024 -67.5342 0.4489 0.3631 0.3578 0.3237 0.4506 0.3291
3 16 -13.5226 4.3398 -56.8404 -16.3945 4.2313 -67.8974 -17.41 -0.0024 -67.5342 0.5414 0.3675 0.4489 0.3631 0.4506 0.3291
3 16 -20.152 -4.147 -78.7888 -21.1073 -0.0037 -78.3449 -25.7761 -0.0034 -88.6769 0.3585 0.2904 0.3578 0.3237 0.2659 0.3182
3 16 -20.152 -4.147 -78.7888 -25.7761 -0.0034 -88.6769 -24.8703 -4.0964 -89.2085 0.3585 0.2904 0.2659 0.3182 0.266 0.2861
3 16 -22.3562 -7.1938 -90.6799 -24.8703 -4.0964 -89.2085 -30.6496 -4.0717 -99.0728 0.2652 0.2537 0.266 0.2861 0.1735 0.2855
3 16 -22.3562 -7.1938 -90.6799 -30.6496 -4.0717 -99.0728 -28.2737 -7.1212 -100.7846 0.2652 0.2537 0.1735 0.2855 0.1722 0.2531
3 16 -24.8654 -8.3571 -103.2266 -28.2737 -7.1212 -100.7846 -35.1443 -7.0639 -110.1905 0.1704 0.2197 0.1722 0.2531 0.0803 0.2545
3 16 -24.8654 -8.3571 -103.2266 -35.1443 -7.0639 -110.1905 -31.9939 -8.2062 -112.9297 0.1704 0.2197 0.0803 0.2545 0.0772 0.2214
3 16 -28.9917 -7.1191 -115.5797 -31.9939 -8.2062 -112.9297 -37.2325 -8.0932 -118.6488 0.0739 0.1897 0.0772 0.2214 0.0172 0.2271
3 16 -28.9917 -7.1191 -115.5797 -37.2325 -8.0932 -118.6488 -34.3711 -7.0089 -121.5101 0.0739 0.1897 0.0172 0.2271 0.0119 0.1947
3 16 -13.5226 4.3398 -56.8404 -17.41 -0.0024 -67.5342 -14.6028 -0.001 -56.5552 0.5414 0.3675 0.4506 0.3291 0.542 0.3327
3 16 -11.4404 4.447 -45.8956 -13.5226 4.3398 -56.8404 -14.6028 -0.001 -56.5552 0.6248 0.3721 0.5414 0.3675 0.542 0.3327
3 16 -17.485 -7.3029 -80.023 -20.152 -4.147 -78.7888 -24.8703 -4.0964 -89.2085 0.3583 0.2569 0.3585 0.2904 0.266 0.2861
3 16 -17.485 -7.3029 -80.023 -24.8703 -4.0964 -89.2085 -22.3562 -7.1938 -90.6799 0.3583 0.2569 0.266 0.2861 0.2652 0.2537
3 16 -18.7397 -8.5069 -92.7933 -22.3562 -7.1938 -90.6799 -28.2737 -7.1212 -100.7846 0.264 0.2203 0.2652 0.2537 0.1722 0.2531
3 16 -18.7397 -8.5069 -92.7933 -28.2737 -7.1212 -100.7846 -24.8654 -8.3571 -103.2266 0.264 0.2203 0.1722 0.2531 0.1704 0.2197
3 16 -31.9939 -8.2062 -112.9297 -21.4996 -7.33 -105.6203 -24.8654 -8.3571 -103.2266 0.0772 0.2214 0.1686 0.1873 0.1704 0.2197
3 16 -31.9939 -8.2062 -112.9297 -28.9917 -7.1191 -115.5797 -21.4996 -7.33 -105.6203 0.0772 0.2214 0.0739 0.1897 0.1686 0.1873
3 16 -34.3711 -7.0089 -121.5101 -26.7165 -4.1226 -117.5733 -28.9917 -7.1191 -115.5797 0.0119 0.1947 0.0711 0.1571 0.0739 0.1897
3 16 -34.3711 -7.0089 -121.5101 -32.2764 -4.0466 -123.6048 -26.7165 -4.1226 -117.5733 0.0119 0.1947 0.0075 0.1615 0.0711 0.1571
3 16 -11.4404 4.447 -45.8956 -14.6028 -0.001 -56.5552 -12.5816 -0.0012 -45.6896 0.6248 0.3721 0.542 0.3327 0.6266 0.3369
3 16 -11.2218 0.0011 -34.895 -11.4404 4.447 -45.8956 -12.5816 -0.0012 -45.6896 0.7086 0.3424 0.6248 0.3721 0.6266 0.3369
3 16 -11.4546 -4.401 -45.8914 -11.2218 0.0011 -34.895 -12.5816 -0.0012 -45.6896 0.6283 0.302 0.7086 0.3424 0.6266 0.3369
3 16 -11.4546 -4.401 -45.8914 -12.5816 -0.0012 -45.6896 -14.6028 -0.001 -56.5552 0.6283 0.302 0.6266 0.3369 0.542 0.3327
3 16 -11.4546 -4.401 -45.8914 -10.0034 -4.593 -35.0164 -11.2218 0.0011 -34.895 0.6283 0.302 0.7114 0.3062 0.7086 0.3424
3 16 -11.4546 -4.401 -45.8914 -14.6028 -0.001 -56.5552 -13.5326 -4.3147 -56.8379 0.6283 0.302 0.542 0.3327 0.5426 0.2983
3 16 -13.5326 -4.3147 -56.8379 -14.6028 -0.001 -56.5552 -17.41 -0.0024 -67.5342 0.5426 0.2983 0.542 0.3327 0.4506 0.3291
3 16 -10.0034 -4.593 -35.0164 -11.4546 -4.401 -45.8914 -8.1905 -7.8759 -46.4804 0.7114 0.3062 0.6283 0.302 0.63 0.2655
3 16 -8.1905 -7.8759 -46.4804 -11.4546 -4.401 -45.8914 -13.5326 -4.3147 -56.8379 0.63 0.2655 0.6283 0.302 0.5426 0.2983
3 16 -10.0034 -4.593 -35.0164 -8.1905 -7.8759 -46.4804 -6.6481 -8.0491 -35.3658 0.7114 0.3062 0.63 0.2655 0.7143 0.2695
3 16 -13.5326 -4.3147 -56.8379 -17.41 -0.0024 -67.5342 -16.3971 -4.2286 -67.8965 0.5426 0.2983 0.4506 0.3291 0.4515 0.2949
3 16 -16.3971 -4.2286 -67.8965 -17.41 -0.0024 -67.5342 -21.1073 -0.0037 -78.3449 0.4515 0.2949 0.4506 0.3291 0.3578 0.3237
3 16 -16.3971 -4.2286 -67.8965 -21.1073 -0.0037 -78.3449 -20.152 -4.147 -78.7888 0.4515 0.2949 0.3578 0.3237 0.3585 0.2904
3 16 -10.4652 -7.6686 -57.6406 -13.5326 -4.3147 -56.8379 -16.3971 -4.2286 -67.8965 0.5431 0.2626 0.5426 0.2983 0.4515 0.2949
3 16 -8.1905 -7.8759 -46.4804 -13.5326 -4.3147 -56.8379 -10.4652 -7.6686 -57.6406 0.63 0.2655 0.5426 0.2983 0.5431 0.2626
3 16 -13.5427 -7.4665 -68.9101 -16.3971 -4.2286 -67.8965 -20.152 -4.147 -78.7888 0.4517 0.2601 0.4515 0.2949 0.3585 0.2904
3 16 -10.4652 -7.6686 -57.6406 -16.3971 -4.2286 -67.8965 -13.5427 -7.4665 -68.9101 0.5431 0.2626 0.4515 0.2949 0.4517 0.2601
3 16 -13.5427 -7.4665 -68.9101 -20.152 -4.147 -78.7888 -17.485 -7.3029 -80.023 0.4517 0.2601 0.3585 0.2904 0.3583 0.2569
3 16 -2.0734 -9.3178 -35.9292 -6.6481 -8.0491 -35.3658 -8.1905 -7.8759 -46.4804 0.7165 0.2332 0.7143 0.2695 0.63 0.2655
3 16 -0.6681 -9.4812 -23.4939 -6.6481 -8.0491 -35.3658 -2.0734 -9.3178 -35.9292 0.8096 0.2365 0.7143 0.2695 0.7165 0.2332
3 16 -3.8313 -9.161 -47.327 -8.1905 -7.8759 -46.4804 -10.4652 -7.6686 -57.6406 0.6309 0.2304 0.63 0.2655 0.5431 0.2626
3 16 -2.0734 -9.3178 -35.9292 -8.1905 -7.8759 -46.4804 -3.8313 -9.161 -47.327 0.7165 0.2332 0.63 0.2655 0.6309 0.2304
3 16 -6.2519 -8.999 -58.7862 -10.4652 -7.6686 -57.6406 -13.5427 -7.4665 -68.9101 0.5432 0.2273 0.5431 0.2626 0.4517 0.2601
3 16 -3.8313 -9.161 -47.327 -10.4652 -7.6686 -57.6406 -6.2519 -8.999 -58.7862 0.6309 0.2304 0.5431 0.2626 0.5432 0.2273
3 16 -9.5106 -8.8306 -70.3664 -13.5427 -7.4665 -68.9101 -17.485 -7.3029 -80.023 0.4514 0.2249 0.4517 0.2601 0.3583 0.2569
3 16 -6.2519 -8.999 -58.7862 -13.5427 -7.4665 -68.9101 -9.5106 -8.8306 -70.3664 0.5432 0.2273 0.4517 0.2601 0.4514 0.2249
3 16 -0.6681 -9.4812 -23.4939 -2.0734 -9.3178 -35.9292 2.5581 -8.1049 -36.4374 0.8096 0.2365 0.7165 0.2332 0.7187 0.1967
3 16 -0.6681 -9.4812 -23.4939 2.5581 -8.1049 -36.4374 4.1419 -8.0937 -23.6117 0.8096 0.2365 0.7187 0.1967 0.8141 0.1982
3 16 -2.0734 -9.3178 -35.9292 -3.8313 -9.161 -47.327 0.6958 -8.0411 -48.1724 0.7165 0.2332 0.6309 0.2304 0.6319 0.1946
3 16 0.6958 -8.0411 -48.1724 -3.8313 -9.161 -47.327 -6.2519 -8.999 -58.7862 0.6319 0.1946 0.6309 0.2304 0.5432 0.2273
3 16 -2.0734 -9.3178 -35.9292 0.6958 -8.0411 -48.1724 2.5581 -8.1049 -36.4374 0.7165 0.2332 0.6319 0.1946 0.7187 0.1967
3 16 0.6958 -8.0411 -48.1724 -6.2519 -8.999 -58.7862 -1.8415 -7.9435 -59.9658 0.6319 0.1946 0.5432 0.2273 0.5434 0.1911
3 16 -1.8415 -7.9435 -59.9658 -6.2519 -8.999 -58.7862 -9.5106 -8.8306 -70.3664 0.5434 0.1911 0.5432 0.2273 0.4514 0.2249
3 16 -9.5106 -8.8306 -70.3664 -17.485 -7.3029 -80.023 -13.6715 -8.6623 -81.794 0.4514 0.2249 0.3583 0.2569 0.3576 0.2227
3 16 -13.6715 -8.6623 -81.794 -17.485 -7.3029 -80.023 -22.3562 -7.1938 -90.6799 0.3576 0.2227 0.3583 0.2569 0.2652 0.2537
3 16 -13.6715 -8.6623 -81.794 -22.3562 -7.1938 -90.6799 -18.7397 -8.5069 -92.7933 0.3576 0.2227 0.2652 0.2537 0.264 0.2203
3 16 2.5581 -8.1049 -36.4374 0.6958 -8.0411 -48.1724 4.1031 -4.6895 -48.812 0.7187 0.1967 0.6319 0.1946 0.6329 0.1583
3 16 4.1031 -4.6895 -48.812 0.6958 -8.0411 -48.1724 -1.8415 -7.9435 -59.9658 0.6329 0.1583 0.6319 0.1946 0.5434 0.1911
3 16 4.1419 -8.0937 -23.6117 2.5581 -8.1049 -36.4374 5.9798 -4.693 -36.8182 0.8141 0.1982 0.7187 0.1967 0.7205 0.1598
3 16 2.5581 -8.1049 -36.4374 4.1031 -4.6895 -48.812 5.9798 -4.693 -36.8182 0.7187 0.1967 0.6329 0.1583 0.7205 0.1598
3 16 5.9798 -4.693 -36.8182 4.1031 -4.6895 -48.812 5.3689 -0.0012 -49.0505 0.7205 0.1598 0.6329 0.1583 0.6338 0.1217
3 16 -1.8415 -7.9435 -59.9658 -9.5106 -8.8306 -70.3664 -5.2591 -7.8381 -71.8879 0.5434 0.1911 0.4514 0.2249 0.451 0.1888
3 16 -5.2591 -7.8381 -71.8879 -9.5106 -8.8306 -70.3664 -13.6715 -8.6623 -81.794 0.451 0.1888 0.4514 0.2249 0.3576 0.2227
3 16 4.1031 -4.6895 -48.812 -1.8415 -7.9435 -59.9658 1.4997 -4.6508 -60.8618 0.6329 0.1583 0.5434 0.1911 0.544 0.1542
3 16 5.3689 -0.0012 -49.0505 4.1031 -4.6895 -48.812 1.4997 -4.6508 -60.8618 0.6338 0.1217 0.6329 0.1583 0.544 0.1542
3 16 1.4997 -4.6508 -60.8618 -1.8415 -7.9435 -59.9658 -5.2591 -7.8381 -71.8879 0.544 0.1542 0.5434 0.1911 0.451 0.1888
3 16 -9.6344 -7.707 -83.6504 -13.6715 -8.6623 -81.794 -18.7397 -8.5069 -92.7933 0.3568 0.1876 0.3576 0.2227 0.264 0.2203
3 16 -5.2591 -7.8381 -71.8879 -13.6715 -8.6623 -81.794 -9.6344 -7.707 -83.6504 0.451 0.1888 0.3576 0.2227 0.3568 0.1876
3 16 4.1419 -8.0937 -23.6117 5.9798 -4.693 -36.8182 7.4859 -4.6068 -23.7045 0.8141 0.1982 0.7205 0.1598 0.8172 0.1612
3 16 4.6757 -8.1709 -15.4424 4.1419 -8.0937 -23.6117 7.4859 -4.6068 -23.7045 0.8748 0.2004 0.8141 0.1982 0.8172 0.1612
3 16 1.4997 -4.6508 -60.8618 -5.2591 -7.8381 -71.8879 -2.0138 -4.6068 -73.0517 0.544 0.1542 0.451 0.1888 0.4508 0.1519
3 16 -2.0138 -4.6068 -73.0517 -5.2591 -7.8381 -71.8879 -9.6344 -7.707 -83.6504 0.4508 0.1519 0.451 0.1888 0.3568 0.1876
3 16 -9.6344 -7.707 -83.6504 -18.7397 -8.5069 -92.7933 -15.0154 -7.5327 -94.9373 0.3568 0.1876 0.264 0.2203 0.2627 0.1869
3 16 -15.0154 -7.5327 -94.9373 -18.7397 -8.5069 -92.7933 -24.8654 -8.3571 -103.2266 0.2627 0.1869 0.264 0.2203 0.1704 0.2197
3 16 -15.0154 -7.5327 -94.9373 -24.8654 -8.3571 -103.2266 -21.4996 -7.33 -105.6203 0.2627 0.1869 0.1704 0.2197 0.1686 0.1873
3 16 -6.5406 -4.537 -85.0715 -9.6344 -7.707 -83.6504 -15.0154 -7.5327 -94.9373 0.3561 0.1519 0.3568 0.1876 0.2627 0.1869
3 16 -2.0138 -4.6068 -73.0517 -9.6344 -7.707 -83.6504 -6.5406 -4.537 -85.0715 0.4508 0.1519 0.3568 0.1876 0.3561 0.1519
3 16 2.7486 -0.0009 -61.1975 1.4997 -4.6508 -60.8618 -2.0138 -4.6068 -73.0517 0.5449 0.1168 0.544 0.1542 0.4508 0.1519
3 16 5.3689 -0.0012 -49.0505 1.4997 -4.6508 -60.8618 2.7486 -0.0009 -61.1975 0.6338 0.1217 0.544 0.1542 0.5449 0.1168
3 16 -12.1485 -4.4224 -96.5837 -15.0154 -7.5327 -94.9373 -21.4996 -7.33 -105.6203 0.2616 0.1524 0.2627 0.1869 0.1686 0.1873
3 16 -6.5406 -4.537 -85.0715 -15.0154 -7.5327 -94.9373 -12.1485 -4.4224 -96.5837 0.3561 0.1519 0.2627 0.1869 0.2616 0.1524
3 16 -0.7939 0.0016 -73.4896 -2.0138 -4.6068 -73.0517 -6.5406 -4.537 -85.0715 0.4509 0.1148 0.4508 0.1519 0.3561 0.1519
3 16 2.7486 -0.0009 -61.1975 -2.0138 -4.6068 -73.0517 -0.7939 0.0016 -73.4896 0.5449 0.1168 0.4508 0.1519 0.4509 0.1148
3 16 4.6757 -8.1709 -15.4424 7.4859 -4.6068 -23.7045 8.0477 -4.6482 -15.4701 0.8748 0.2004 0.8172 0.1612 0.8779 0.163
3 16 4.6757 -8.1709 -15.4424 8.0477 -4.6482 -15.4701 8.6603 -5 0 0.8748 0.2004 0.8779 0.163 0.9938 0.1688
3 16 8.6603 -5 0 8.0477 -4.6482 -15.4701 9.2553 0 -15.4701 0.9938 0.1688 0.8779 0.163 0.8797 0.1262
3 16 8.6603 -5 0 9.2553 0 -15.4701 10 0 0 0.9938 0.1688 0.8797 0.1262 0.9956 0.1288
3 16 8.0477 -4.6482 -15.4701 7.4859 -4.6068 -23.7045 8.6829 0 -23.7328 0.8779 0.163 0.8172 0.1612 0.8188 0.1247
3 16 8.0477 -4.6482 -15.4701 8.6829 0 -23.7328 9.2553 0 -15.4701 0.8779 0.163 0.8188 0.1247 0.8797 0.1262
3 16 10 0 0 9.2553 0 -15.4701 8.0539 4.6498 -15.4717 0.9956 0.1288 0.8797 0.1262 0.88 0.0893
3 16 8.0539 4.6498 -15.4717 9.2553 0 -15.4701 8.6829 0 -23.7328 0.88 0.0893 0.8797 0.1262 0.8188 0.1247
3 16 10 0 0 8.0539 4.6498 -15.4717 8.6603 5 0 0.9956 0.1288 0.88 0.0893 0.9961 0.0886
3 16 7.4859 -4.6068 -23.7045 7.2374 -0.0005 -36.959 8.6829 0 -23.7328 0.8172 0.1612 0.7217 0.1226 0.8188 0.1247
3 16 7.4859 -4.6068 -23.7045 5.9798 -4.693 -36.8182 7.2374 -0.0005 -36.959 0.8172 0.1612 0.7205 0.1598 0.7217 0.1226
3 16 5.9798 -4.693 -36.8182 5.3689 -0.0012 -49.0505 7.2374 -0.0005 -36.959 0.7205 0.1598 0.6338 0.1217 0.7217 0.1226
3 16 8.6603 5 0 8.0539 4.6498 -15.4717 4.73 8.1353 -15.484 0.9961 0.0886 0.88 0.0893 0.8791 0.0524
3 16 8.6603 5 0 4.73 8.1353 -15.484 5 8.6603 0 0.9961 0.0886 0.8791 0.0524 0.9953 0.0486
3 16 4.73 8.1353 -15.484 0 10 0 5 8.6603 0 0.8791 0.0524 0.9933 0.0088 0.9953 0.0486
3 16 4.73 8.1353 -15.484 -0.1966 9.5894 -15.4809 0 10 0 0.8791 0.0524 0.8773 0.0131 0.9933 0.0088
3 16 8.0539 4.6498 -15.4717 8.6829 0 -23.7328 7.4971 4.5983 -23.7052 0.88 0.0893 0.8188 0.1247 0.8193 0.0883
3 16 7.4971 4.5983 -23.7052 8.6829 0 -23.7328 7.2374 -0.0005 -36.959 0.8193 0.0883 0.8188 0.1247 0.7217 0.1226
3 16 4.73 8.1353 -15.484 8.0539 4.6498 -15.4717 7.4971 4.5983 -23.7052 0.8791 0.0524 0.88 0.0893 0.8193 0.0883
3 16 -0.1966 9.5894 -15.4809 4.73 8.1353 -15.484 4.218 8.0456 -23.6341 0.8773 0.0131 0.8791 0.0524 0.8184 0.0518
3 16 4.73 8.1353 -15.484 7.4971 4.5983 -23.7052 4.218 8.0456 -23.6341 0.8791 0.0524 0.8193 0.0883 0.8184 0.0518
3 16 -0.1966 9.5894 -15.4809 4.218 8.0456 -23.6341 -0.6428 9.4922 -23.5286 0.8773 0.0131 0.8184 0.0518 0.8167 0.013
3 16 7.4971 4.5983 -23.7052 7.2374 -0.0005 -36.959 5.9796 4.6898 -36.818 0.8193 0.0883 0.7217 0.1226 0.7224 0.0854
3 16 4.218 8.0456 -23.6341 7.4971 4.5983 -23.7052 5.9796 4.6898 -36.818 0.8184 0.0518 0.8193 0.0883 0.7224 0.0854
3 16 5.9796 4.6898 -36.818 7.2374 -0.0005 -36.959 5.3689 -0.0012 -49.0505 0.7224 0.0854 0.7217 0.1226 0.6338 0.1217
3 16 -0.6428 9.4922 -23.5286 4.218 8.0456 -23.6341 2.5641 8.1013 -36.4376 0.8167 0.013 0.8184 0.0518 0.7226 0.048
3 16 4.218 8.0456 -23.6341 5.9796 4.6898 -36.818 2.5641 8.1013 -36.4376 0.8184 0.0518 0.7224 0.0854 0.7226 0.048
3 16 -0.6428 9.4922 -23.5286 2.5641 8.1013 -36.4376 -2.0818 9.3189 -35.9381 0.8167 0.013 0.7226 0.048 0.7223 0.0105
3 16 5.9796 4.6898 -36.818 5.3689 -0.0012 -49.0505 4.1019 4.6884 -48.8118 0.7224 0.0854 0.6338 0.1217 0.6347 0.0848
3 16 2.5641 8.1013 -36.4376 5.9796 4.6898 -36.818 4.1019 4.6884 -48.8118 0.7226 0.048 0.7224 0.0854 0.6347 0.0848
3 16 -2.0818 9.3189 -35.9381 2.5641 8.1013 -36.4376 0.6838 8.0489 -48.1704 0.7223 0.0105 0.7226 0.048 0.6355 0.0477
3 16 2.5641 8.1013 -36.4376 4.1019 4.6884 -48.8118 0.6838 8.0489 -48.1704 0.7226 0.048 0.6347 0.0848 0.6355 0.0477
3 16 -2.0818 9.3189 -35.9381 0.6838 8.0489 -48.1704 -3.8372 9.1593 -47.3315 0.7223 0.0105 0.6355 0.0477 0.636 0.01
3 16 0.6838 8.0489 -48.1704 -6.2506 8.9975 -58.7889 -3.8372 9.1593 -47.3315 0.6355 0.0477 0.5492 0.0093 0.636 0.01
3 16 0.6838 8.0489 -48.1704 -1.8517 7.9501 -59.9641 -6.2506 8.9975 -58.7889 0.6355 0.0477 0.5479 0.0437 0.5492 0.0093
3 16 4.1019 4.6884 -48.8118 -1.8517 7.9501 -59.9641 0.6838 8.0489 -48.1704 0.6347 0.0848 0.5479 0.0437 0.6355 0.0477
3 16 -1.8517 7.9501 -59.9641 -9.5095 8.8298 -70.3664 -6.2506 8.9975 -58.7889 0.5479 0.0437 0.4537 0.0094 0.5492 0.0093
3 16 5.3689 -0.0012 -49.0505 1.4993 4.651 -60.8617 4.1019 4.6884 -48.8118 0.6338 0.1217 0.5463 0.0799 0.6347 0.0848
3 16 4.1019 4.6884 -48.8118 1.4993 4.651 -60.8617 -1.8517 7.9501 -59.9641 0.6347 0.0848 0.5463 0.0799 0.5479 0.0437
3 16 5.3689 -0.0012 -49.0505 2.7486 -0.0009 -61.1975 1.4993 4.651 -60.8617 0.6338 0.1217 0.5449 0.1168 0.5463 0.0799
3 16 -1.8517 7.9501 -59.9641 -5.267 7.8428 -71.886 -9.5095 8.8298 -70.3664 0.5479 0.0437 0.4526 0.0425 0.4537 0.0094
3 16 1.4993 4.651 -60.8617 -5.267 7.8428 -71.886 -1.8517 7.9501 -59.9641 0.5463 0.0799 0.4526 0.0425 0.5479 0.0437
3 16 -5.267 7.8428 -71.886 -13.6724 8.6622 -81.7926 -9.5095 8.8298 -70.3664 0.4526 0.0425 0.3572 0.0097 0.4537 0.0094
3 16 2.7486 -0.0009 -61.1975 -2.0156 4.6107 -73.051 1.4993 4.651 -60.8617 0.5449 0.1168 0.4516 0.0781 0.5463 0.0799
3 16 1.4993 4.651 -60.8617 -2.0156 4.6107 -73.051 -5.267 7.8428 -71.886 0.5463 0.0799 0.4516 0.0781 0.4526 0.0425
3 16 2.7486 -0.0009 -61.1975 -0.7939 0.0016 -73.4896 -2.0156 4.6107 -73.051 0.5449 0.1168 0.4509 0.1148 0.4516 0.0781
3 16 -5.267 7.8428 -71.886 -9.6417 7.7107 -83.6488 -13.6724 8.6622 -81.7926 0.4526 0.0425 0.3564 0.0441 0.3572 0.0097
3 16 -2.0156 4.6107 -73.051 -9.6417 7.7107 -83.6488 -5.267 7.8428 -71.886 0.4516 0.0781 0.3564 0.0441 0.4526 0.0425
3 16 -18.7792 8.4997 -92.7652 -13.6724 8.6622 -81.7926 -9.6417 7.7107 -83.6488 0.2589 0.0117 0.3572 0.0097 0.3564 0.0441
3 16 -0.7939 0.0016 -73.4896 -6.544 4.5435 -85.0705 -2.0156 4.6107 -73.051 0.4509 0.1148 0.3558 0.0796 0.4516 0.0781
3 16 -2.0156 4.6107 -73.051 -6.544 4.5435 -85.0705 -9.6417 7.7107 -83.6488 0.4516 0.0781 0.3558 0.0796 0.3564 0.0441
3 16 -18.7792 8.4997 -92.7652 -9.6417 7.7107 -83.6488 -15.0214 7.5356 -94.9356 0.2589 0.0117 0.3564 0.0441 0.2594 0.0472
3 16 -15.0214 7.5356 -94.9356 -9.6417 7.7107 -83.6488 -6.544 4.5435 -85.0705 0.2594 0.0472 0.3564 0.0441 0.3558 0.0796
3 16 -24.9443 8.342 -103.1709 -18.7792 8.4997 -92.7652 -15.0214 7.5356 -94.9356 0.1616 0.0202 0.2589 0.0117 0.2594 0.0472
3 16 -0.7939 0.0016 -73.4896 -5.3751 0.0035 -85.6061 -6.544 4.5435 -85.0705 0.4509 0.1148 0.3557 0.1158 0.3558 0.0796
3 16 -0.7939 0.0016 -73.4896 -6.5406 -4.537 -85.0715 -5.3751 0.0035 -85.6061 0.4509 0.1148 0.3561 0.1519 0.3557 0.1158
3 16 -5.3751 0.0035 -85.6061 -6.5406 -4.537 -85.0715 -12.1485 -4.4224 -96.5837 0.3557 0.1158 0.3561 0.1519 0.2616 0.1524
3 16 -15.0214 7.5356 -94.9356 -6.544 4.5435 -85.0705 -12.1517 4.4283 -96.5827 0.2594 0.0472 0.3558 0.0796 0.2599 0.0824
3 16 -12.1517 4.4283 -96.5827 -6.544 4.5435 -85.0705 -5.3751 0.0035 -85.6061 0.2599 0.0824 0.3558 0.0796 0.3557 0.1158
3 16 -24.9443 8.342 -103.1709 -15.0214 7.5356 -94.9356 -21.5038 7.3321 -105.619 0.1616 0.0202 0.2594 0.0472 0.1629 0.0527
3 16 -21.5038 7.3321 -105.619 -15.0214 7.5356 -94.9356 -12.1517 4.4283 -96.5827 0.1629 0.0527 0.2594 0.0472 0.2599 0.0824
3 16 -21.5038 7.3321 -105.619 -32.0814 8.1895 -112.8734 -24.9443 8.342 -103.1709 0.1629 0.0527 0.0672 0.0267 0.1616 0.0202
3 16 -5.3751 0.0035 -85.6061 -12.1485 -4.4224 -96.5837 -11.0723 0.0034 -97.1998 0.3557 0.1158 0.2616 0.1524 0.2606 0.1175
3 16 -12.1517 4.4283 -96.5827 -5.3751 0.0035 -85.6061 -11.0723 0.0034 -97.1998 0.2599 0.0824 0.3557 0.1158 0.2606 0.1175
3 16 -21.5038 7.3321 -105.619 -28.9928 7.1199 -115.5788 -32.0814 8.1895 -112.8734 0.1629 0.0527 0.0673 0.059 0.0672 0.0267
3 16 -28.9928 7.1199 -115.5788 -37.2325 8.0932 -118.6488 -32.0814 8.1895 -112.8734 0.0673 0.059 0.0057 0.0284 0.0672 0.0267
3 16 -28.9928 7.1199 -115.5788 -34.3711 7.0089 -121.5101 -37.2325 8.0932 -118.6488 0.0673 0.059 0.0045 0.0609 0.0057 0.0284
3 16 -21.5038 7.3321 -105.619 -12.1517 4.4283 -96.5827 -18.9137 4.2811 -107.4511 0.1629 0.0527 0.2599 0.0824 0.1641 0.0863
3 16 -18.9137 4.2811 -107.4511 -28.9928 7.1199 -115.5788 -21.5038 7.3321 -105.619 0.1641 0.0863 0.0673 0.059 0.1629 0.0527
3 16 -11.0723 0.0034 -97.1998 -18.9137 4.2811 -107.4511 -12.1517 4.4283 -96.5827 0.2606 0.1175 0.1641 0.0863 0.2599 0.0824
3 16 -26.7165 4.1226 -117.5733 -34.3711 7.0089 -121.5101 -28.9928 7.1199 -115.5788 0.0678 0.0917 0.0045 0.0609 0.0673 0.059
3 16 -18.9137 4.2811 -107.4511 -26.7165 4.1226 -117.5733 -28.9928 7.1199 -115.5788 0.1641 0.0863 0.0678 0.0917 0.0673 0.059
3 16 -26.7165 4.1226 -117.5733 -32.2764 4.0466 -123.6048 -34.3711 7.0089 -121.5101 0.0678 0.0917 0.0039 0.0941 0.0045 0.0609
3 16 -11.0723 0.0034 -97.1998 -12.1485 -4.4224 -96.5837 -18.9117 -4.2778 -107.4516 0.2606 0.1175 0.2616 0.1524 0.1669 0.1539
3 16 -12.1485 -4.4224 -96.5837 -21.4996 -7.33 -105.6203 -18.9117 -4.2778 -107.4516 0.2616 0.1524 0.1686 0.1873 0.1669 0.1539
3 16 -18.9117 -4.2778 -107.4516 -21.4996 -7.33 -105.6203 -28.9917 -7.1191 -115.5797 0.1669 0.1539 0.1686 0.1873 0.0739 0.1897
3 16 -18.9117 -4.2778 -107.4516 -28.9917 -7.1191 -115.5797 -26.7165 -4.1226 -117.5733 0.1669 0.1539 0.0739 0.1897 0.0711 0.1571
3 16 -11.0723 0.0034 -97.1998 -17.9483 0.0019 -108.1312 -18.9137 4.2811 -107.4511 0.2606 0.1175 0.1654 0.12 0.1641 0.0863
3 16 -11.0723 0.0034 -97.1998 -18.9117 -4.2778 -107.4516 -17.9483 0.0019 -108.1312 0.2606 0.1175 0.1669 0.1539 0.1654 0.12
3 16 -17.9483 0.0019 -108.1312 -26.7165 4.1226 -117.5733 -18.9137 4.2811 -107.4511 0.1654 0.12 0.0678 0.0917 0.1641 0.0863
3 16 -17.9483 0.0019 -108.1312 -18.9117 -4.2778 -107.4516 -26.7165 -4.1226 -117.5733 0.1654 0.12 0.1669 0.1539 0.0711 0.1571
3 16 -25.8799 0 -118.3063 -32.2764 4.0466 -123.6048 -26.7165 4.1226 -117.5733 0.069 0.1244 0.0039 0.0941 0.0678 0.0917
3 16 -17.9483 0.0019 -108.1312 -25.8799 0 -118.3063 -26.7165 4.1226 -117.5733 0.1654 0.12 0.069 0.1244 0.0678 0.0917
3 16 -17.9483 0.0019 -108.1312 -26.7165 -4.1226 -117.5733 -25.8799 0 -118.3063 0.1654 0.12 0.0711 0.1571 0.069 0.1244
3 16 -25.8799 0 -118.3063 -31.5097 0 -124.3715 -32.2764 4.0466 -123.6048 0.069 0.1244 0.0048 0.1278 0.0039 0.0941
3 16 -32.2764 -4.0466 -123.6048 -25.8799 0 -118.3063 -26.7165 -4.1226 -117.5733 0.0075 0.1615 0.069 0.1244 0.0711 0.1571
3 16 -32.2764 -4.0466 -123.6048 -31.5097 0 -124.3715 -25.8799 0 -118.3063 0.0075 0.1615 0.0048 0.1278 0.069 0.1244
3 16 3.875 6.7117 0 0 7.75 0 0 7.75 -2 0.0491 0.739 0.0184 0.739 0.0184 0.7238
3 16 3.875 6.7117 0 0 7.75 -2 3.875 6.7117 -2 0.0491 0.739 0.0184 0.7238 0.0491 0.7238
3 16 6.7117 3.875 0 3.875 6.7117 0 3.875 6.7117 -2 0.0798 0.739 0.0491 0.739 0.0491 0.7238
3 16 6.7117 3.875 0 3.875 6.7117 -2 6.7117 3.875 -2 0.0798 0.739 0.0491 0.7238 0.0798 0.7238
3 16 7.75 0 0 6.7117 3.875 0 6.7117 3.875 -2 0.1105 0.739 0.0798 0.739 0.0798 0.7238
3 16 7.75 0 0 6.7117 3.875 -2 7.75 0 -2 0.1105 0.739 0.0798 0.7238 0.1105 0.7238
3 16 6.7117 -3.875 0 7.75 0 0 7.75 0 -2 0.1412 0.739 0.1105 0.739 0.1105 0.7238
3 16 6.7117 -3.875 0 7.75 0 -2 6.7117 -3.875 -2 0.1412 0.739 0.1105 0.7238 0.1412 0.7238
3 16 3.875 -6.7117 0 6.7117 -3.875 0 6.7117 -3.875 -2 0.172 0.739 0.1412 0.739 0.1412 0.7238
3 16 3.875 -6.7117 0 6.7117 -3.875 -2 3.875 -6.7117 -2 0.172 0.739 0.1412 0.7238 0.172 0.7238
3 16 0 -7.75 0 3.875 -6.7117 0 3.875 -6.7117 -2 0.2027 0.739 0.172 0.739 0.172 0.7238
3 16 0 -7.75 0 3.875 -6.7117 -2 0 -7.75 -2 0.2027 0.739 0.172 0.7238 0.2027 0.7238
3 16 -3.875 -6.7117 0 0 -7.75 0 0 -7.75 -2 0.2334 0.739 0.2027 0.739 0.2027 0.7238
3 16 -3.875 -6.7117 0 0 -7.75 -2 -3.875 -6.7117 -2 0.2334 0.739 0.2027 0.7238 0.2334 0.7238
3 16 -6.7117 -3.875 0 -3.875 -6.7117 0 -3.875 -6.7117 -2 0.2641 0.739 0.2334 0.739 0.2334 0.7238
3 16 -6.7117 -3.875 0 -3.875 -6.7117 -2 -6.7117 -3.875 -2 0.2641 0.739 0.2334 0.7238 0.2641 0.7238
3 16 -6.7117 -3.875 0 -6.7117 -3.875 -2 -7.75 0 -2 0.2641 0.739 0.2641 0.7238 0.2949 0.7238
3 16 -6.7117 -3.875 0 -7.75 0 -2 -7.75 0 0 0.2641 0.739 0.2949 0.7238 0.2949 0.739
3 16 -6.7117 3.875 0 -7.75 0 0 -7.75 0 -2 0.3256 0.739 0.2949 0.739 0.2949 0.7238
3 16 -6.7117 3.875 0 -7.75 0 -2 -6.7117 3.875 -2 0.3256 0.739 0.2949 0.7238 0.3256 0.7238
3 16 -3.875 6.7117 0 -6.7117 3.875 0 -6.7117 3.875 -2 0.3563 0.739 0.3256 0.739 0.3256 0.7238
3 16 -3.875 6.7117 0 -6.7117 3.875 -2 -3.875 6.7117 -2 0.3563 0.739 0.3256 0.7238 0.3563 0.7238
3 16 0 7.75 0 -3.875 6.7117 0 -3.875 6.7117 -2 0.387 0.739 0.3563 0.739 0.3563 0.7238
3 16 0 7.75 0 -3.875 6.7117 -2 0 7.75 -2 0.387 0.739 0.3563 0.7238 0.387 0.7238
3 16 -35.8183 3.4641 -120.063 -28.3937 4 -109.8099 -37.2325 4 -118.6488 0.0388 0.5697 0.0229 0.6646 0.0229 0.5697
3 16 -35.8183 3.4641 -120.063 -26.9794 3.4641 -111.2241 -28.3937 4 -109.8099 0.0388 0.5697 0.0388 0.6646 0.0229 0.6646
3 16 -34.783 2 -121.0982 -26.9794 3.4641 -111.2241 -35.8183 3.4641 -120.063 0.0546 0.5697 0.0388 0.6646 0.0388 0.5697
3 16 -34.783 2 -121.0982 -25.9442 2 -112.2594 -26.9794 3.4641 -111.2241 0.0546 0.5697 0.0546 0.6646 0.0388 0.6646
3 16 -34.4041 0 -121.4772 -25.9442 2 -112.2594 -34.783 2 -121.0982 0.0705 0.5697 0.0546 0.6646 0.0546 0.5697
3 16 -34.4041 0 -121.4772 -25.5652 0 -112.6384 -25.9442 2 -112.2594 0.0705 0.5697 0.0705 0.6646 0.0546 0.6646
3 16 -34.783 -2 -121.0982 -25.5652 0 -112.6384 -34.4041 0 -121.4772 0.0863 0.5697 0.0705 0.6646 0.0705 0.5697
3 16 -34.783 -2 -121.0982 -25.9442 -2 -112.2594 -25.5652 0 -112.6384 0.0863 0.5697 0.0863 0.6646 0.0705 0.6646
3 16 -35.8183 -3.4641 -120.063 -25.9442 -2 -112.2594 -34.783 -2 -121.0982 0.1022 0.5697 0.0863 0.6646 0.0863 0.5697
3 16 -35.8183 -3.4641 -120.063 -26.9794 -3.4641 -111.2241 -25.9442 -2 -112.2594 0.1022 0.5697 0.1022 0.6646 0.0863 0.6646
3 16 -37.2325 -4 -118.6488 -26.9794 -3.4641 -111.2241 -35.8183 -3.4641 -120.063 0.1181 0.5697 0.1022 0.6646 0.1022 0.5697
3 16 -37.2325 -4 -118.6488 -28.3937 -4 -109.8099 -26.9794 -3.4641 -111.2241 0.1181 0.5697 0.1181 0.6646 0.1022 0.6646
3 16 -38.6467 -3.4641 -117.2346 -28.3937 -4 -109.8099 -37.2325 -4 -118.6488 0.1339 0.5697 0.1181 0.6646 0.1181 0.5697
3 16 -38.6467 -3.4641 -117.2346 -29.8079 -3.4641 -108.3957 -28.3937 -4 -109.8099 0.1339 0.5697 0.1339 0.6646 0.1181 0.6646
3 16 -39.682 -2 -116.1993 -29.8079 -3.4641 -108.3957 -38.6467 -3.4641 -117.2346 0.1498 0.5697 0.1339 0.6646 0.1339 0.5697
3 16 -39.682 -2 -116.1993 -30.8431 -2 -107.3604 -29.8079 -3.4641 -108.3957 0.1498 0.5697 0.1498 0.6646 0.1339 0.6646
3 16 -39.682 -2 -116.1993 -31.2221 0 -106.9815 -30.8431 -2 -107.3604 0.1498 0.5697 0.1656 0.6646 0.1498 0.6646
3 16 -39.682 -2 -116.1993 -40.0609 0 -115.8203 -31.2221 0 -106.9815 0.1498 0.5697 0.1656 0.5697 0.1656 0.6646
3 16 -39.682 2 -116.1993 -31.2221 0 -106.9815 -40.0609 0 -115.8203 0.1815 0.5697 0.1656 0.6646 0.1656 0.5697
3 16 -39.682 2 -116.1993 -30.8431 2 -107.3604 -31.2221 0 -106.9815 0.1815 0.5697 0.1815 0.6646 0.1656 0.6646
3 16 -38.6467 3.4641 -117.2346 -30.8431 2 -107.3604 -39.682 2 -116.1993 0.1973 0.5697 0.1815 0.6646 0.1815 0.5697
3 16 -38.6467 3.4641 -117.2346 -29.8079 3.4641 -108.3957 -30.8431 2 -107.3604 0.1973 0.5697 0.1973 0.6646 0.1815 0.6646
3 16 -37.2325 4 -118.6488 -29.8079 3.4641 -108.3957 -38.6467 3.4641 -117.2346 0.2132 0.5697 0.1973 0.6646 0.1973 0.5697
3 16 -37.2325 4 -118.6488 -28.3937 4 -109.8099 -29.8079 3.4641 -108.3957 0.2132 0.5697 0.2132 0.6646 0.1973 0.6646
3 16 -23.36 -3.3176 -104.5383 -28.3937 -3.3955 -109.8099 -29.6372 -3.0645 -108.5663 0.6469 0.7065 0.5915 0.7094 0.5911 0.6957
3 16 -23.36 -3.3176 -104.5383 -29.6372 -3.0645 -108.5663 -24.5905 -2.942 -103.3894 0.6469 0.7065 0.5911 0.6957 0.6461 0.6933
3 16 -24.5905 -2.942 -103.3894 -29.6372 -3.0645 -108.5663 -30.6426 -1.8363 -107.561 0.6461 0.6933 0.5911 0.6957 0.5907 0.6813
3 16 -24.5905 -2.942 -103.3894 -19.9707 -3.2341 -100.2743 -23.36 -3.3176 -104.5383 0.6461 0.6933 0.6887 0.7004 0.6469 0.7065
3 16 -24.5905 -2.942 -103.3894 -30.6426 -1.8363 -107.561 -25.5241 -1.739 -102.4911 0.6461 0.6933 0.5907 0.6813 0.6455 0.6797
3 16 -25.5241 -1.739 -102.4911 -30.6426 -1.8363 -107.561 -31.0215 0 -107.1821 0.6455 0.6797 0.5907 0.6813 0.5905 0.6666
3 16 -24.5905 -2.942 -103.3894 -21.1837 -2.6268 -99.3851 -19.9707 -3.2341 -100.2743 0.6461 0.6933 0.6859 0.6882 0.6887 0.7004
3 16 -25.5241 -1.739 -102.4911 -21.1837 -2.6268 -99.3851 -24.5905 -2.942 -103.3894 0.6455 0.6797 0.6859 0.6882 0.6461 0.6933
3 16 -19.9707 -3.2341 -100.2743 -21.1837 -2.6268 -99.3851 -18.6702 -2.4794 -96.7069 0.6887 0.7004 0.6859 0.6882 0.7139 0.6843
3 16 -19.9707 -3.2341 -100.2743 -18.6702 -2.4794 -96.7069 -17.6544 -2.8397 -97.5037 0.6887 0.7004 0.7139 0.6843 0.7174 0.6937
3 16 -18.6702 -2.4794 -96.7069 -17.1257 -2.2645 -96.8136 -17.6544 -2.8397 -97.5037 0.7139 0.6843 0.7256 0.687 0.7174 0.6937
3 16 -18.6702 -2.4794 -96.7069 -17.9408 -2.0017 -96.1781 -17.1257 -2.2645 -96.8136 0.7139 0.6843 0.7209 0.6806 0.7256 0.687
3 16 -16.9588 -1.585 -96.5197 -17.1257 -2.2645 -96.8136 -17.9408 -2.0017 -96.1781 0.7299 0.6801 0.7256 0.687 0.7209 0.6806
3 16 -19.3172 -1.4421 -96.1771 -18.6702 -2.4794 -96.7069 -21.1837 -2.6268 -99.3851 0.7116 0.6751 0.7139 0.6843 0.6859 0.6882
3 16 -19.3172 -1.4421 -96.1771 -17.9408 -2.0017 -96.1781 -18.6702 -2.4794 -96.7069 0.7116 0.6751 0.7209 0.6806 0.7139 0.6843
3 16 -25.5241 -1.739 -102.4911 -21.9274 -1.5058 -98.7763 -21.1837 -2.6268 -99.3851 0.6455 0.6797 0.6844 0.677 0.6859 0.6882
3 16 -19.3172 -1.4421 -96.1771 -21.1837 -2.6268 -99.3851 -21.9274 -1.5058 -98.7763 0.7116 0.6751 0.6859 0.6882 0.6844 0.677
3 16 -25.5241 -1.739 -102.4911 -31.0215 0 -107.1821 -25.8772 -0.0369 -102.146 0.6455 0.6797 0.5905 0.6666 0.6452 0.666
3 16 -25.8772 -0.0369 -102.146 -21.9274 -1.5058 -98.7763 -25.5241 -1.739 -102.4911 0.6452 0.666 0.6844 0.677 0.6455 0.6797
3 16 -16.9588 -1.585 -96.5197 -17.9408 -2.0017 -96.1781 -17.3958 -1.3649 -96.1175 0.7299 0.6801 0.7209 0.6806 0.7263 0.6767
3 16 -16.9588 -1.585 -96.5197 -17.3958 -1.3649 -96.1175 -16.9933 -0.0211 -96.4616 0.7299 0.6801 0.7263 0.6767 0.7327 0.6652
3 16 -19.3172 -1.4421 -96.1771 -18.4563 -1.1892 -95.7637 -17.9408 -2.0017 -96.1781 0.7116 0.6751 0.7187 0.6734 0.7209 0.6806
3 16 -17.3958 -1.3649 -96.1175 -17.9408 -2.0017 -96.1781 -18.4563 -1.1892 -95.7637 0.7263 0.6767 0.7209 0.6806 0.7187 0.6734
3 16 -19.5779 -0.1944 -95.9659 -19.3172 -1.4421 -96.1771 -21.9274 -1.5058 -98.7763 0.7107 0.666 0.7116 0.6751 0.6844 0.677
3 16 -19.5779 -0.1944 -95.9659 -18.4563 -1.1892 -95.7637 -19.3172 -1.4421 -96.1771 0.7107 0.666 0.7187 0.6734 0.7116 0.6751
3 16 -17.3958 -1.3649 -96.1175 -18.4563 -1.1892 -95.7637 -17.6827 -0.8186 -95.8503 0.7263 0.6767 0.7187 0.6734 0.7247 0.6714
3 16 -17.3958 -1.3649 -96.1175 -17.6827 -0.8186 -95.8503 -16.9933 -0.0211 -96.4616 0.7263 0.6767 0.7247 0.6714 0.7327 0.6652
3 16 -17.6827 -0.8186 -95.8503 -18.4563 -1.1892 -95.7637 -18.6562 -0.1553 -95.5864 0.7247 0.6714 0.7187 0.6734 0.7179 0.6658
3 16 -19.5779 -0.1944 -95.9659 -18.6562 -0.1553 -95.5864 -18.4563 -1.1892 -95.7637 0.7107 0.666 0.7179 0.6658 0.7187 0.6734
3 16 -19.4584 1.0188 -96.0707 -18.6562 -0.1553 -95.5864 -19.5779 -0.1944 -95.9659 0.7111 0.6574 0.7179 0.6658 0.7107 0.666
3 16 -19.5779 -0.1944 -95.9659 -21.9274 -1.5058 -98.7763 -22.1682 -0.0407 -98.5013 0.7107 0.666 0.6844 0.677 0.6842 0.6653
3 16 -25.8772 -0.0369 -102.146 -22.1682 -0.0407 -98.5013 -21.9274 -1.5058 -98.7763 0.6452 0.666 0.6842 0.6653 0.6844 0.677
3 16 -19.4584 1.0188 -96.0707 -19.5779 -0.1944 -95.9659 -22.1682 -0.0407 -98.5013 0.7111 0.6574 0.7107 0.666 0.6842 0.6653
3 16 -25.5509 1.6735 -102.4644 -25.8772 -0.0369 -102.146 -31.0215 0 -107.1821 0.645 0.6523 0.6452 0.666 0.5905 0.6666
3 16 -25.5509 1.6735 -102.4644 -31.0215 0 -107.1821 -30.6435 1.837 -107.5601 0.645 0.6523 0.5905 0.6666 0.5903 0.6519
3 16 -25.8772 -0.0369 -102.146 -22.0301 1.2564 -98.7179 -22.1682 -0.0407 -98.5013 0.6452 0.666 0.6839 0.6552 0.6842 0.6653
3 16 -19.4584 1.0188 -96.0707 -22.1682 -0.0407 -98.5013 -22.0301 1.2564 -98.7179 0.7111 0.6574 0.6842 0.6653 0.6839 0.6552
3 16 -25.8772 -0.0369 -102.146 -25.5509 1.6735 -102.4644 -22.0301 1.2564 -98.7179 0.6452 0.666 0.645 0.6523 0.6839 0.6552
3 16 -24.6474 2.8961 -103.3331 -25.5509 1.6735 -102.4644 -30.6435 1.837 -107.5601 0.6452 0.6388 0.645 0.6523 0.5903 0.6519
3 16 -24.6474 2.8961 -103.3331 -30.6435 1.837 -107.5601 -29.6471 3.0702 -108.5565 0.6452 0.6388 0.5903 0.6519 0.5901 0.6375
3 16 -25.5509 1.6735 -102.4644 -21.2736 2.4709 -99.1948 -22.0301 1.2564 -98.7179 0.645 0.6523 0.6857 0.6437 0.6839 0.6552
3 16 -21.2736 2.4709 -99.1948 -19.4584 1.0188 -96.0707 -22.0301 1.2564 -98.7179 0.6857 0.6437 0.7111 0.6574 0.6839 0.6552
3 16 -25.5509 1.6735 -102.4644 -24.6474 2.8961 -103.3331 -21.2736 2.4709 -99.1948 0.645 0.6523 0.6452 0.6388 0.6857 0.6437
3 16 -23.424 3.3137 -104.4751 -24.6474 2.8961 -103.3331 -29.6471 3.0702 -108.5565 0.6456 0.6256 0.6452 0.6388 0.5901 0.6375
3 16 -23.424 3.3137 -104.4751 -29.6471 3.0702 -108.5565 -28.3937 3.3809 -109.8099 0.6456 0.6256 0.5901 0.6375 0.5901 0.6237
3 16 -24.6474 2.8961 -103.3331 -23.424 3.3137 -104.4751 -20.0984 3.1925 -100.035 0.6452 0.6388 0.6456 0.6256 0.688 0.6315
3 16 -24.6474 2.8961 -103.3331 -20.0984 3.1925 -100.035 -21.2736 2.4709 -99.1948 0.6452 0.6388 0.688 0.6315 0.6857 0.6437
3 16 -20.0984 3.1925 -100.035 -18.9315 2.1713 -96.4977 -21.2736 2.4709 -99.1948 0.688 0.6315 0.7128 0.648 0.6857 0.6437
3 16 -21.2736 2.4709 -99.1948 -18.9315 2.1713 -96.4977 -19.4584 1.0188 -96.0707 0.6857 0.6437 0.7128 0.648 0.7111 0.6574
3 16 -20.0984 3.1925 -100.035 -17.8964 2.8455 -97.3141 -18.9315 2.1713 -96.4977 0.688 0.6315 0.7159 0.6374 0.7128 0.648
3 16 -17.3318 2.283 -96.6514 -18.9315 2.1713 -96.4977 -17.8964 2.8455 -97.3141 0.7243 0.6435 0.7128 0.648 0.7159 0.6374
3 16 -17.3318 2.283 -96.6514 -18.1245 1.7847 -96.0325 -18.9315 2.1713 -96.4977 0.7243 0.6435 0.7201 0.6508 0.7128 0.648
3 16 -18.1245 1.7847 -96.0325 -19.4584 1.0188 -96.0707 -18.9315 2.1713 -96.4977 0.7201 0.6508 0.7111 0.6574 0.7128 0.648
3 16 -17.0643 1.5898 -96.4207 -18.1245 1.7847 -96.0325 -17.3318 2.283 -96.6514 0.7292 0.6499 0.7201 0.6508 0.7243 0.6435
3 16 -18.1245 1.7847 -96.0325 -18.5556 0.8831 -95.6823 -19.4584 1.0188 -96.0707 0.7201 0.6508 0.7183 0.6583 0.7111 0.6574
3 16 -19.4584 1.0188 -96.0707 -18.5556 0.8831 -95.6823 -18.6562 -0.1553 -95.5864 0.7111 0.6574 0.7183 0.6583 0.7179 0.6658
3 16 -17.0643 1.5898 -96.4207 -17.4819 1.244 -96.0372 -18.1245 1.7847 -96.0325 0.7292 0.6499 0.7259 0.6541 0.7201 0.6508
3 16 -17.4819 1.244 -96.0372 -18.5556 0.8831 -95.6823 -18.1245 1.7847 -96.0325 0.7259 0.6541 0.7183 0.6583 0.7201 0.6508
3 16 -17.4819 1.244 -96.0372 -17.0643 1.5898 -96.4207 -16.9933 -0.0211 -96.4616 0.7259 0.6541 0.7292 0.6499 0.7327 0.6652
3 16 -17.4819 1.244 -96.0372 -17.6905 0.585 -95.8218 -18.5556 0.8831 -95.6823 0.7259 0.6541 0.7249 0.66 0.7183 0.6583
3 16 -17.6905 0.585 -95.8218 -18.6562 -0.1553 -95.5864 -18.5556 0.8831 -95.6823 0.7249 0.66 0.7179 0.6658 0.7183 0.6583
3 16 -17.6905 0.585 -95.8218 -17.4819 1.244 -96.0372 -16.9933 -0.0211 -96.4616 0.7249 0.66 0.7259 0.6541 0.7327 0.6652
3 16 -17.6905 0.585 -95.8218 -17.762 -0.0904 -95.7547 -18.6562 -0.1553 -95.5864 0.7249 0.66 0.7245 0.6655 0.7179 0.6658
3 16 -17.762 -0.0904 -95.7547 -17.6905 0.585 -95.8218 -16.9933 -0.0211 -96.4616 0.7245 0.6655 0.7249 0.66 0.7327 0.6652
3 16 -17.6827 -0.8186 -95.8503 -18.6562 -0.1553 -95.5864 -17.762 -0.0904 -95.7547 0.7247 0.6714 0.7179 0.6658 0.7245 0.6655
3 16 -17.6827 -0.8186 -95.8503 -17.762 -0.0904 -95.7547 -16.9933 -0.0211 -96.4616 0.7247 0.6714 0.7245 0.6655 0.7327 0.6652
3 16 -23.36 -3.3176 -104.5383 -27.2526 -2.7907 -110.951 -28.3937 -3.3955 -109.8099 0.4845 0.6253 0.4277 0.6384 0.4278 0.6252
3 16 -23.36 -3.3176 -104.5383 -22.1545 -2.772 -105.6262 -27.2526 -2.7907 -110.951 0.4845 0.6253 0.484 0.6384 0.4277 0.6384
3 16 -22.1545 -2.772 -105.6262 -23.36 -3.3176 -104.5383 -19.9707 -3.2341 -100.2743 0.484 0.6384 0.4845 0.6253 0.5278 0.6268
3 16 -21.4788 -1.4955 -106.259 -27.2526 -2.7907 -110.951 -22.1545 -2.772 -105.6262 0.4836 0.6505 0.4277 0.6384 0.484 0.6384
3 16 -21.4788 -1.4955 -106.259 -26.4915 -1.5758 -111.712 -27.2526 -2.7907 -110.951 0.4836 0.6505 0.4277 0.6511 0.4277 0.6384
3 16 -21.4788 -1.4955 -106.259 -26.2169 0 -111.9867 -26.4915 -1.5758 -111.712 0.4836 0.6505 0.4279 0.6637 0.4277 0.6511
3 16 -22.1545 -2.772 -105.6262 -19.9707 -3.2341 -100.2743 -18.6842 -2.6068 -101.1286 0.484 0.6384 0.5278 0.6268 0.5273 0.6398
3 16 -21.4788 -1.4955 -106.259 -22.1545 -2.772 -105.6262 -18.6842 -2.6068 -101.1286 0.4836 0.6505 0.484 0.6384 0.5273 0.6398
3 16 -18.6842 -2.6068 -101.1286 -19.9707 -3.2341 -100.2743 -17.6544 -2.8397 -97.5037 0.5273 0.6398 0.5278 0.6268 0.5564 0.6336
3 16 -21.4788 -1.4955 -106.259 -21.2635 0.037 -106.4673 -26.2169 0 -111.9867 0.4836 0.6505 0.4837 0.6624 0.4279 0.6637
3 16 -21.2635 0.037 -106.4673 -26.4719 1.5691 -111.7317 -26.2169 0 -111.9867 0.4837 0.6624 0.4284 0.6763 0.4279 0.6637
3 16 -18.6842 -2.6068 -101.1286 -17.6544 -2.8397 -97.5037 -16.7565 -2.2645 -98.2407 0.5273 0.6398 0.5564 0.6336 0.5538 0.6431
3 16 -16.7565 -2.2645 -98.2407 -17.6544 -2.8397 -97.5037 -17.1257 -2.2645 -96.8136 0.5538 0.6431 0.5564 0.6336 0.5645 0.6398
3 16 -21.4788 -1.4955 -106.259 -18.6842 -2.6068 -101.1286 -18.1439 -1.2818 -101.4777 0.4836 0.6505 0.5273 0.6398 0.5273 0.651
3 16 -21.2635 0.037 -106.4673 -21.4788 -1.4955 -106.259 -18.1439 -1.2818 -101.4777 0.4837 0.6624 0.4836 0.6505 0.5273 0.651
3 16 -18.1439 -1.2818 -101.4777 -18.6842 -2.6068 -101.1286 -16.7565 -2.2645 -98.2407 0.5273 0.651 0.5273 0.6398 0.5538 0.6431
3 16 -21.2635 0.037 -106.4673 -21.4893 1.5509 -106.2433 -26.4719 1.5691 -111.7317 0.4837 0.6624 0.4844 0.6742 0.4284 0.6763
3 16 -21.4893 1.5509 -106.2433 -27.2488 2.8044 -110.9548 -26.4719 1.5691 -111.7317 0.4844 0.6742 0.4292 0.6891 0.4284 0.6763
3 16 -16.7565 -2.2645 -98.2407 -17.1257 -2.2645 -96.8136 -16.4863 -1.8262 -97.3944 0.5538 0.6431 0.5645 0.6398 0.5609 0.6461
3 16 -16.4863 -1.8262 -97.3944 -17.1257 -2.2645 -96.8136 -16.9588 -1.585 -96.5197 0.5609 0.6461 0.5645 0.6398 0.5689 0.6461
3 16 -21.2635 0.037 -106.4673 -18.1439 -1.2818 -101.4777 -17.998 0.1799 -101.5739 0.4837 0.6624 0.5273 0.651 0.5275 0.6623
3 16 -21.4893 1.5509 -106.2433 -21.2635 0.037 -106.4673 -17.998 0.1799 -101.5739 0.4844 0.6742 0.4837 0.6624 0.5275 0.6623
3 16 -21.4893 1.5509 -106.2433 -22.2109 2.8332 -105.5693 -27.2488 2.8044 -110.9548 0.4844 0.6742 0.4854 0.6865 0.4292 0.6891
3 16 -22.2109 2.8332 -105.5693 -28.3937 3.3809 -109.8099 -27.2488 2.8044 -110.9548 0.4854 0.6865 0.4301 0.7023 0.4292 0.6891
3 16 -22.2109 2.8332 -105.5693 -23.424 3.3137 -104.4751 -28.3937 3.3809 -109.8099 0.4854 0.6865 0.4867 0.6996 0.4301 0.7023
3 16 -18.1439 -1.2818 -101.4777 -16.7565 -2.2645 -98.2407 -16.3655 -1.2533 -98.5662 0.5273 0.651 0.5538 0.6431 0.5528 0.6513
3 16 -16.3655 -1.2533 -98.5662 -16.7565 -2.2645 -98.2407 -16.4863 -1.8262 -97.3944 0.5528 0.6513 0.5538 0.6431 0.5609 0.6461
3 16 -16.4863 -1.8262 -97.3944 -16.9588 -1.585 -96.5197 -16.5709 -1.3427 -96.9079 0.5609 0.6461 0.5689 0.6461 0.5654 0.6491
3 16 -16.5709 -1.3427 -96.9079 -16.9588 -1.585 -96.5197 -16.9933 -0.0211 -96.4616 0.5654 0.6491 0.5689 0.6461 0.5717 0.6603
3 16 -22.2109 2.8332 -105.5693 -21.4893 1.5509 -106.2433 -18.217 1.6189 -101.3874 0.4854 0.6865 0.4844 0.6742 0.5282 0.6734
3 16 -21.4893 1.5509 -106.2433 -17.998 0.1799 -101.5739 -18.217 1.6189 -101.3874 0.4844 0.6742 0.5275 0.6623 0.5282 0.6734
3 16 -23.424 3.3137 -104.4751 -22.2109 2.8332 -105.5693 -18.9229 2.8949 -100.8914 0.4867 0.6996 0.4854 0.6865 0.5291 0.6852
3 16 -22.2109 2.8332 -105.5693 -18.217 1.6189 -101.3874 -18.9229 2.8949 -100.8914 0.4854 0.6865 0.5282 0.6734 0.5291 0.6852
3 16 -23.424 3.3137 -104.4751 -18.9229 2.8949 -100.8914 -20.0984 3.1925 -100.035 0.4867 0.6996 0.5291 0.6852 0.5308 0.6966
3 16 -18.9229 2.8949 -100.8914 -17.8964 2.8455 -97.3141 -20.0984 3.1925 -100.035 0.5291 0.6852 0.5583 0.6888 0.5308 0.6966
3 16 -18.9229 2.8949 -100.8914 -16.9024 2.4412 -98.1198 -17.8964 2.8455 -97.3141 0.5291 0.6852 0.5548 0.6793 0.5583 0.6888
3 16 -18.217 1.6189 -101.3874 -16.9024 2.4412 -98.1198 -18.9229 2.8949 -100.8914 0.5282 0.6734 0.5548 0.6793 0.5291 0.6852
3 16 -17.3318 2.283 -96.6514 -17.8964 2.8455 -97.3141 -16.9024 2.4412 -98.1198 0.5661 0.6821 0.5583 0.6888 0.5548 0.6793
3 16 -16.3655 -1.2533 -98.5662 -16.4863 -1.8262 -97.3944 -16.1973 -0.9416 -97.6965 0.5528 0.6513 0.5609 0.6461 0.5595 0.6533
3 16 -16.1973 -0.9416 -97.6965 -16.4863 -1.8262 -97.3944 -16.5709 -1.3427 -96.9079 0.5595 0.6533 0.5609 0.6461 0.5654 0.6491
3 16 -17.998 0.1799 -101.5739 -16.3845 1.3509 -98.5438 -18.217 1.6189 -101.3874 0.5275 0.6623 0.5531 0.6701 0.5282 0.6734
3 16 -18.217 1.6189 -101.3874 -16.3845 1.3509 -98.5438 -16.9024 2.4412 -98.1198 0.5282 0.6734 0.5531 0.6701 0.5548 0.6793
3 16 -17.3318 2.283 -96.6514 -16.9024 2.4412 -98.1198 -16.5787 1.957 -97.3139 0.5661 0.6821 0.5548 0.6793 0.5615 0.6757
3 16 -16.3845 1.3509 -98.5438 -16.5787 1.957 -97.3139 -16.9024 2.4412 -98.1198 0.5531 0.6701 0.5615 0.6757 0.5548 0.6793
3 16 -17.0643 1.5898 -96.4207 -17.3318 2.283 -96.6514 -16.5787 1.957 -97.3139 0.5699 0.6751 0.5661 0.6821 0.5615 0.6757
3 16 -17.998 0.1799 -101.5739 -16.2335 0.1004 -98.6731 -16.3845 1.3509 -98.5438 0.5275 0.6623 0.5525 0.6611 0.5531 0.6701
3 16 -16.2335 0.1004 -98.6731 -16.3655 -1.2533 -98.5662 -16.1973 -0.9416 -97.6965 0.5525 0.6611 0.5528 0.6513 0.5595 0.6533
3 16 -18.1439 -1.2818 -101.4777 -16.2335 0.1004 -98.6731 -17.998 0.1799 -101.5739 0.5273 0.651 0.5525 0.6611 0.5275 0.6623
3 16 -18.1439 -1.2818 -101.4777 -16.3655 -1.2533 -98.5662 -16.2335 0.1004 -98.6731 0.5273 0.651 0.5528 0.6513 0.5525 0.6611
3 16 -16.1973 -0.9416 -97.6965 -16.5709 -1.3427 -96.9079 -16.3763 -0.6519 -97.1197 0.5595 0.6533 0.5654 0.6491 0.5642 0.6551
3 16 -16.3763 -0.6519 -97.1197 -16.5709 -1.3427 -96.9079 -16.9933 -0.0211 -96.4616 0.5642 0.6551 0.5654 0.6491 0.5717 0.6603
3 16 -16.3845 1.3509 -98.5438 -16.23 1.1046 -97.6558 -16.5787 1.957 -97.3139 0.5531 0.6701 0.5598 0.6686 0.5615 0.6757
3 16 -16.2335 0.1004 -98.6731 -16.23 1.1046 -97.6558 -16.3845 1.3509 -98.5438 0.5525 0.6611 0.5598 0.6686 0.5531 0.6701
3 16 -17.0643 1.5898 -96.4207 -16.5787 1.957 -97.3139 -16.6078 1.4315 -96.8772 0.5699 0.6751 0.5615 0.6757 0.5656 0.6724
3 16 -17.0643 1.5898 -96.4207 -16.6078 1.4315 -96.8772 -16.9933 -0.0211 -96.4616 0.5699 0.6751 0.5656 0.6724 0.5717 0.6603
3 16 -16.6078 1.4315 -96.8772 -16.5787 1.957 -97.3139 -16.23 1.1046 -97.6558 0.5656 0.6724 0.5615 0.6757 0.5598 0.6686
3 16 -16.2335 0.1004 -98.6731 -16.1973 -0.9416 -97.6965 -16.1185 0.0941 -97.7692 0.5525 0.6611 0.5595 0.6533 0.5593 0.661
3 16 -16.1185 0.0941 -97.7692 -16.1973 -0.9416 -97.6965 -16.3763 -0.6519 -97.1197 0.5593 0.661 0.5595 0.6533 0.5642 0.6551
3 16 -16.2335 0.1004 -98.6731 -16.1185 0.0941 -97.7692 -16.23 1.1046 -97.6558 0.5525 0.6611 0.5593 0.661 0.5598 0.6686
3 16 -16.6078 1.4315 -96.8772 -16.23 1.1046 -97.6558 -16.4207 0.8909 -97.0724 0.5656 0.6724 0.5598 0.6686 0.5645 0.6675
3 16 -16.6078 1.4315 -96.8772 -16.4207 0.8909 -97.0724 -16.9933 -0.0211 -96.4616 0.5656 0.6724 0.5645 0.6675 0.5717 0.6603
3 16 -16.4207 0.8909 -97.0724 -16.23 1.1046 -97.6558 -16.1185 0.0941 -97.7692 0.5645 0.6675 0.5598 0.6686 0.5593 0.661
3 16 -16.3511 0.1294 -97.1329 -16.3763 -0.6519 -97.1197 -16.9933 -0.0211 -96.4616 0.5643 0.6614 0.5642 0.6551 0.5717 0.6603
3 16 -16.1185 0.0941 -97.7692 -16.3763 -0.6519 -97.1197 -16.3511 0.1294 -97.1329 0.5593 0.661 0.5642 0.6551 0.5643 0.6614
3 16 -16.4207 0.8909 -97.0724 -16.3511 0.1294 -97.1329 -16.9933 -0.0211 -96.4616 0.5645 0.6675 0.5643 0.6614 0.5717 0.6603
3 16 -16.4207 0.8909 -97.0724 -16.1185 0.0941 -97.7692 -16.3511 0.1294 -97.1329 0.5645 0.6675 0.5593 0.661 0.5643 0.6614
3 16 -28.3937 4 -109.8099 -29.6471 3.0702 -108.5565 -29.8079 3.4641 -108.3957 0.3882 0.5434 0.4032 0.546 0.4028 0.5494
3 16 -29.6471 3.0702 -108.5565 -30.8431 2 -107.3604 -29.8079 3.4641 -108.3957 0.4032 0.546 0.4183 0.5473 0.4028 0.5494
3 16 -28.3937 4 -109.8099 -28.3937 3.3809 -109.8099 -29.6471 3.0702 -108.5565 0.3882 0.5434 0.3911 0.5396 0.4032 0.546
3 16 -29.6471 3.0702 -108.5565 -30.6435 1.837 -107.5601 -30.8431 2 -107.3604 0.4032 0.546 0.4174 0.5451 0.4183 0.5473
3 16 -26.9794 3.4641 -111.2241 -28.3937 3.3809 -109.8099 -28.3937 4 -109.8099 0.3787 0.5309 0.3911 0.5396 0.3882 0.5434
3 16 -26.9794 3.4641 -111.2241 -27.2488 2.8044 -110.9548 -28.3937 3.3809 -109.8099 0.3787 0.5309 0.384 0.5287 0.3911 0.5396
3 16 -25.9442 2 -112.2594 -27.2488 2.8044 -110.9548 -26.9794 3.4641 -111.2241 0.3766 0.5153 0.384 0.5287 0.3787 0.5309
3 16 -25.9442 2 -112.2594 -26.4719 1.5691 -111.7317 -27.2488 2.8044 -110.9548 0.3766 0.5153 0.3831 0.5162 0.384 0.5287
3 16 -25.5652 0 -112.6384 -26.4719 1.5691 -111.7317 -25.9442 2 -112.2594 0.3826 0.5008 0.3831 0.5162 0.3766 0.5153
3 16 -25.5652 0 -112.6384 -26.2169 0 -111.9867 -26.4719 1.5691 -111.7317 0.3826 0.5008 0.3882 0.5051 0.3831 0.5162
3 16 -25.9442 -2 -112.2594 -26.2169 0 -111.9867 -25.5652 0 -112.6384 0.3951 0.4912 0.3882 0.5051 0.3826 0.5008
3 16 -25.9442 -2 -112.2594 -26.4915 -1.5758 -111.712 -26.2169 0 -111.9867 0.3951 0.4912 0.3978 0.4974 0.3882 0.5051
3 16 -30.6435 1.837 -107.5601 -31.2221 0 -106.9815 -30.8431 2 -107.3604 0.4174 0.5451 0.4308 0.5378 0.4183 0.5473
3 16 -30.6435 1.837 -107.5601 -31.0215 0 -107.1821 -31.2221 0 -106.9815 0.4174 0.5451 0.4291 0.5365 0.4308 0.5378
3 16 -31.2221 0 -106.9815 -31.0215 0 -107.1821 -30.6426 -1.8363 -107.561 0.4308 0.5378 0.4291 0.5365 0.4344 0.5229
3 16 -31.2221 0 -106.9815 -30.6426 -1.8363 -107.561 -30.8431 -2 -107.3604 0.4308 0.5378 0.4344 0.5229 0.4368 0.5232
3 16 -26.9794 -3.4641 -111.2241 -26.4915 -1.5758 -111.712 -25.9442 -2 -112.2594 0.4107 0.4892 0.3978 0.4974 0.3951 0.4912
3 16 -26.9794 -3.4641 -111.2241 -27.2526 -2.7907 -110.951 -26.4915 -1.5758 -111.712 0.4107 0.4892 0.4099 0.495 0.3978 0.4974
3 16 -28.3937 -3.3955 -109.8099 -27.2526 -2.7907 -110.951 -26.9794 -3.4641 -111.2241 0.4224 0.4988 0.4099 0.495 0.4107 0.4892
3 16 -28.3937 -3.3955 -109.8099 -26.9794 -3.4641 -111.2241 -28.3937 -4 -109.8099 0.4224 0.4988 0.4107 0.4892 0.4252 0.4952
3 16 -30.8431 -2 -107.3604 -30.6426 -1.8363 -107.561 -29.6372 -3.0645 -108.5663 0.4368 0.5232 0.4344 0.5229 0.4315 0.509
3 16 -29.6372 -3.0645 -108.5663 -28.3937 -3.3955 -109.8099 -28.3937 -4 -109.8099 0.4315 0.509 0.4224 0.4988 0.4252 0.4952
3 16 -30.8431 -2 -107.3604 -29.6372 -3.0645 -108.5663 -29.8079 -3.4641 -108.3957 0.4368 0.5232 0.4315 0.509 0.4348 0.5077
3 16 -29.6372 -3.0645 -108.5663 -28.3937 -4 -109.8099 -29.8079 -3.4641 -108.3957 0.4315 0.509 0.4252 0.4952 0.4348 0.5077
3 16 -42.1886 -4.0466 -113.6927 -42.9553 0 -112.926 -40.0609 0 -115.8203 0.5631 0.4577 0.5925 0.4698 0.5736 0.4945
3 16 -42.1886 4.0466 -113.6927 -40.0609 0 -115.8203 -42.9553 0 -112.926 0.6119 0.4951 0.5736 0.4945 0.5925 0.4698
3 16 -42.1886 -4.0466 -113.6927 -40.0609 0 -115.8203 -39.682 -2 -116.1993 0.5631 0.4577 0.5736 0.4945 0.559 0.4885
3 16 -42.1886 4.0466 -113.6927 -39.682 2 -116.1993 -40.0609 0 -115.8203 0.6119 0.4951 0.5831 0.507 0.5736 0.4945
3 16 -42.1886 -4.0466 -113.6927 -39.682 -2 -116.1993 -38.6467 -3.4641 -117.2346 0.5631 0.4577 0.559 0.4885 0.5435 0.4905
3 16 -40.0939 7.0089 -115.7874 -39.682 2 -116.1993 -42.1886 4.0466 -113.6927 0.616 0.5266 0.5831 0.507 0.6119 0.4951
3 16 -42.1886 -4.0466 -113.6927 -38.6467 -3.4641 -117.2346 -40.0939 -7.0089 -115.7874 0.5631 0.4577 0.5435 0.4905 0.5316 0.4618
3 16 -40.0939 7.0089 -115.7874 -38.6467 3.4641 -117.2346 -39.682 2 -116.1993 0.616 0.5266 0.5852 0.5225 0.5831 0.507
3 16 -40.0939 -7.0089 -115.7874 -38.6467 -3.4641 -117.2346 -37.2325 -4 -118.6488 0.5316 0.4618 0.5435 0.4905 0.531 0.5001
3 16 -37.2325 8.0932 -118.6488 -38.6467 3.4641 -117.2346 -40.0939 7.0089 -115.7874 0.6038 0.556 0.5852 0.5225 0.616 0.5266
3 16 -40.0939 -7.0089 -115.7874 -37.2325 -4 -118.6488 -37.2325 -8.0932 -118.6488 0.5316 0.4618 0.531 0.5001 0.5063 0.4812
3 16 -37.2325 8.0932 -118.6488 -37.2325 4 -118.6488 -38.6467 3.4641 -117.2346 0.6038 0.556 0.5792 0.5371 0.5852 0.5225
3 16 -37.2325 -8.0932 -118.6488 -37.2325 -4 -118.6488 -35.8183 -3.4641 -120.063 0.5063 0.4812 0.531 0.5001 0.525 0.5146
3 16 -34.3711 7.0089 -121.5101 -37.2325 4 -118.6488 -37.2325 8.0932 -118.6488 0.5786 0.5754 0.5792 0.5371 0.6038 0.556
3 16 -37.2325 -8.0932 -118.6488 -35.8183 -3.4641 -120.063 -34.3711 -7.0089 -121.5101 0.5063 0.4812 0.525 0.5146 0.4942 0.5106
3 16 -34.3711 7.0089 -121.5101 -35.8183 3.4641 -120.063 -37.2325 4 -118.6488 0.5786 0.5754 0.5667 0.5466 0.5792 0.5371
3 16 -34.3711 -7.0089 -121.5101 -35.8183 -3.4641 -120.063 -34.783 -2 -121.0982 0.4942 0.5106 0.525 0.5146 0.527 0.5302
3 16 -32.2764 4.0466 -123.6048 -35.8183 3.4641 -120.063 -34.3711 7.0089 -121.5101 0.5471 0.5795 0.5667 0.5466 0.5786 0.5754
3 16 -34.3711 -7.0089 -121.5101 -34.783 -2 -121.0982 -32.2764 -4.0466 -123.6048 0.4942 0.5106 0.527 0.5302 0.4983 0.5421
3 16 -32.2764 4.0466 -123.6048 -34.783 2 -121.0982 -35.8183 3.4641 -120.063 0.5471 0.5795 0.5511 0.5487 0.5667 0.5466
3 16 -32.2764 -4.0466 -123.6048 -34.783 -2 -121.0982 -34.4041 0 -121.4772 0.4983 0.5421 0.527 0.5302 0.5366 0.5427
3 16 -31.5097 0 -124.3715 -34.783 2 -121.0982 -32.2764 4.0466 -123.6048 0.5177 0.5673 0.5511 0.5487 0.5471 0.5795
3 16 -32.2764 -4.0466 -123.6048 -34.4041 0 -121.4772 -31.5097 0 -124.3715 0.4983 0.5421 0.5366 0.5427 0.5177 0.5673
3 16 -31.5097 0 -124.3715 -34.4041 0 -121.4772 -34.783 2 -121.0982 0.5177 0.5673 0.5366 0.5427 0.5511 0.5487
3 16 -4.5088 7.3005 -17.5 -3.125 5.4127 -17.5 -6.6129 7.1824 -17.5 0.8746 0.4968 0.8851 0.5112 0.8586 0.4977
3 16 0 7.3005 -17.5 -3.125 5.4127 -17.5 -4.5088 7.3005 -17.5 0.9088 0.4968 0.8851 0.5112 0.8746 0.4968
3 16 -6.6129 7.1824 -17.5 -3.125 5.4127 -17.5 -5.4127 3.125 -17.5 0.8586 0.4977 0.8851 0.5112 0.8677 0.5285
3 16 0 7.3005 -17.5 0 6.25 -17.5 -3.125 5.4127 -17.5 0.9088 0.4968 0.9088 0.5048 0.8851 0.5112
3 16 -6.6129 7.1824 -17.5 -5.4127 3.125 -17.5 -8.5923 4.9608 -17.5 0.8586 0.4977 0.8677 0.5285 0.8436 0.5146
3 16 3.125 5.4127 -17.5 0 6.25 -17.5 0 7.3005 -17.5 0.9325 0.5112 0.9088 0.5048 0.9088 0.4968
3 16 3.125 5.4127 -17.5 0 7.3005 -17.5 3.6503 6.3224 -17.5 0.9325 0.5112 0.9088 0.4968 0.9365 0.5043
3 16 5.4127 3.125 -17.5 3.125 5.4127 -17.5 3.6503 6.3224 -17.5 0.9499 0.5285 0.9325 0.5112 0.9365 0.5043
3 16 5.4127 3.125 -17.5 3.6503 6.3224 -17.5 6.3224 3.6503 -17.5 0.9499 0.5285 0.9365 0.5043 0.9568 0.5246
3 16 6.25 0 -17.5 5.4127 3.125 -17.5 6.3224 3.6503 -17.5 0.9562 0.5523 0.9499 0.5285 0.9568 0.5246
3 16 6.25 0 -17.5 6.3224 3.6503 -17.5 7.3005 0 -17.5 0.9562 0.5523 0.9568 0.5246 0.9642 0.5523
3 16 5.4127 -3.125 -17.5 6.25 0 -17.5 7.3005 0 -17.5 0.9499 0.576 0.9562 0.5523 0.9642 0.5523
3 16 5.4127 -3.125 -17.5 7.3005 0 -17.5 6.3224 -3.6503 -17.5 0.9499 0.576 0.9642 0.5523 0.9568 0.58
3 16 -8.5923 4.9608 -17.5 -5.4127 3.125 -17.5 -6.25 0 -17.5 0.8436 0.5146 0.8677 0.5285 0.8613 0.5523
3 16 -8.5923 4.9608 -17.5 -6.25 0 -17.5 -9.9812 0 -17.5 0.8436 0.5146 0.8613 0.5523 0.833 0.5523
3 16 -8.592 -4.9606 -17.5 -9.9812 0 -17.5 -6.25 0 -17.5 0.8436 0.5899 0.833 0.5523 0.8613 0.5523
3 16 -8.592 -4.9606 -17.5 -6.25 0 -17.5 -5.4127 -3.125 -17.5 0.8436 0.5899 0.8613 0.5523 0.8677 0.576
3 16 -5.4127 -3.125 -17.5 -6.6219 -7.193 -17.5 -8.592 -4.9606 -17.5 0.8677 0.576 0.8585 0.6069 0.8436 0.5899
3 16 3.125 -5.4127 -17.5 5.4127 -3.125 -17.5 6.3224 -3.6503 -17.5 0.9325 0.5934 0.9499 0.576 0.9568 0.58
3 16 3.125 -5.4127 -17.5 6.3224 -3.6503 -17.5 3.6503 -6.3224 -17.5 0.9325 0.5934 0.9568 0.58 0.9365 0.6003
3 16 -3.125 -5.4127 -17.5 -6.6219 -7.193 -17.5 -5.4127 -3.125 -17.5 0.8851 0.5934 0.8585 0.6069 0.8677 0.576
3 16 -3.125 -5.4127 -17.5 -4.5076 -7.3005 -17.5 -6.6219 -7.193 -17.5 0.8851 0.5934 0.8746 0.6077 0.8585 0.6069
3 16 0 -7.3005 -17.5 3.125 -5.4127 -17.5 3.6503 -6.3224 -17.5 0.9088 0.6077 0.9325 0.5934 0.9365 0.6003
3 16 -3.125 -5.4127 -17.5 0 -7.3005 -17.5 -4.5076 -7.3005 -17.5 0.8851 0.5934 0.9088 0.6077 0.8746 0.6077
3 16 0 -7.3005 -17.5 0 -6.25 -17.5 3.125 -5.4127 -17.5 0.9088 0.6077 0.9088 0.5997 0.9325 0.5934
3 16 -3.125 -5.4127 -17.5 0 -6.25 -17.5 0 -7.3005 -17.5 0.8851 0.5934 0.9088 0.5997 0.9088 0.6077
3 16 -0.9589 0 -21.5 -6.7816 7.1866 -21.5 -8.8331 4.9469 -21.5 0.9028 0.675 0.8586 0.7296 0.843 0.7126
3 16 -8.8331 4.9469 -21.5 -10.1905 0.032 -21.5 -0.9589 0 -21.5 0.843 0.7126 0.8327 0.6753 0.9028 0.675
3 16 -0.9589 0 -21.5 -4.5793 7.3005 -21.5 -6.7816 7.1866 -21.5 0.9028 0.675 0.8753 0.7305 0.8586 0.7296
3 16 -0.9589 0 -21.5 -10.1905 0.032 -21.5 -8.6659 -5.1619 -21.5 0.9028 0.675 0.8327 0.6753 0.8443 0.6358
3 16 -0.9589 0 -21.5 0 7.3005 -21.5 -4.5793 7.3005 -21.5 0.9028 0.675 0.9101 0.7305 0.8753 0.7305
3 16 -0.9589 0 -21.5 -8.6659 -5.1619 -21.5 -6.7718 -7.1715 -21.5 0.9028 0.675 0.8443 0.6358 0.8586 0.6206
3 16 3.6503 6.3224 -21.5 0 7.3005 -21.5 -0.9589 0 -21.5 0.9378 0.723 0.9101 0.7305 0.9028 0.675
3 16 -4.544 -7.3005 -21.5 -0.9589 0 -21.5 -6.7718 -7.1715 -21.5 0.8756 0.6196 0.9028 0.675 0.8586 0.6206
3 16 6.3224 3.6503 -21.5 3.6503 6.3224 -21.5 -0.9589 0 -21.5 0.9581 0.7027 0.9378 0.723 0.9028 0.675
3 16 -4.544 -7.3005 -21.5 0 -7.3005 -21.5 -0.9589 0 -21.5 0.8756 0.6196 0.9101 0.6196 0.9028 0.675
3 16 7.3005 0 -21.5 6.3224 3.6503 -21.5 -0.9589 0 -21.5 0.9655 0.675 0.9581 0.7027 0.9028 0.675
3 16 0 -7.3005 -21.5 3.6503 -6.3224 -21.5 -0.9589 0 -21.5 0.9101 0.6196 0.9378 0.627 0.9028 0.675
3 16 6.3224 -3.6503 -21.5 7.3005 0 -21.5 -0.9589 0 -21.5 0.9581 0.6473 0.9655 0.675 0.9028 0.675
3 16 3.6503 -6.3224 -21.5 6.3224 -3.6503 -21.5 -0.9589 0 -21.5 0.9378 0.627 0.9581 0.6473 0.9028 0.675
3 16 -3.875 6.7117 -2 -6.7117 3.875 -2 -5.4127 3.125 -2 0.6265 0.5341 0.6304 0.5039 0.641 0.5083
3 16 -3.875 6.7117 -2 -5.4127 3.125 -2 -3.125 5.4127 -2 0.6265 0.5341 0.641 0.5083 0.6377 0.5326
3 16 -6.7117 3.875 -2 -6.25 0 -2 -5.4127 3.125 -2 0.6304 0.5039 0.6559 0.4888 0.641 0.5083
3 16 0 7.75 -2 -3.875 6.7117 -2 -3.125 5.4127 -2 0.6381 0.5622 0.6265 0.5341 0.6377 0.5326
3 16 -6.7117 3.875 -2 -7.75 0 -2 -6.25 0 -2 0.6304 0.5039 0.649 0.4797 0.6559 0.4888
3 16 0 7.75 -2 -3.125 5.4127 -2 0 6.25 -2 0.6381 0.5622 0.6377 0.5326 0.6471 0.5553
3 16 -7.75 0 -2 -5.4127 -3.125 -2 -6.25 0 -2 0.649 0.4797 0.6786 0.4794 0.6559 0.4888
3 16 3.875 6.7117 -2 0 7.75 -2 0 6.25 -2 0.6623 0.5808 0.6381 0.5622 0.6471 0.5553
3 16 -7.75 0 -2 -6.7117 -3.875 -2 -5.4127 -3.125 -2 0.649 0.4797 0.6771 0.4681 0.6786 0.4794
3 16 3.875 6.7117 -2 0 6.25 -2 3.125 5.4127 -2 0.6623 0.5808 0.6471 0.5553 0.6666 0.5703
3 16 -6.7117 -3.875 -2 -3.125 -5.4127 -2 -5.4127 -3.125 -2 0.6771 0.4681 0.703 0.4826 0.6786 0.4794
3 16 6.7117 3.875 -2 3.875 6.7117 -2 3.125 5.4127 -2 0.6925 0.5848 0.6623 0.5808 0.6666 0.5703
3 16 -6.7117 -3.875 -2 -3.875 -6.7117 -2 -3.125 -5.4127 -2 0.6771 0.4681 0.7073 0.472 0.703 0.4826
3 16 6.7117 3.875 -2 3.125 5.4127 -2 5.4127 3.125 -2 0.6925 0.5848 0.6666 0.5703 0.691 0.5735
3 16 -3.875 -6.7117 -2 0 -6.25 -2 -3.125 -5.4127 -2 0.7073 0.472 0.7224 0.4975 0.703 0.4826
3 16 7.75 0 -2 6.7117 3.875 -2 5.4127 3.125 -2 0.7206 0.5731 0.6925 0.5848 0.691 0.5735
3 16 -3.875 -6.7117 -2 0 -7.75 -2 0 -6.25 -2 0.7073 0.472 0.7315 0.4906 0.7224 0.4975
3 16 7.75 0 -2 5.4127 3.125 -2 6.25 0 -2 0.7206 0.5731 0.691 0.5735 0.7137 0.5641
3 16 0 -7.75 -2 3.125 -5.4127 -2 0 -6.25 -2 0.7315 0.4906 0.7318 0.5202 0.7224 0.4975
3 16 6.7117 -3.875 -2 7.75 0 -2 6.25 0 -2 0.7392 0.5489 0.7206 0.5731 0.7137 0.5641
3 16 0 -7.75 -2 3.875 -6.7117 -2 3.125 -5.4127 -2 0.7315 0.4906 0.7431 0.5187 0.7318 0.5202
3 16 6.7117 -3.875 -2 6.25 0 -2 5.4127 -3.125 -2 0.7392 0.5489 0.7137 0.5641 0.7286 0.5446
3 16 3.875 -6.7117 -2 5.4127 -3.125 -2 3.125 -5.4127 -2 0.7431 0.5187 0.7286 0.5446 0.7318 0.5202
3 16 3.875 -6.7117 -2 6.7117 -3.875 -2 5.4127 -3.125 -2 0.7431 0.5187 0.7392 0.5489 0.7286 0.5446
3 16 -8.6603 5 0 -10 0 0 -7.75 0 0 0.4534 0.4601 0.4773 0.4913 0.4615 0.4979
3 16 -8.6603 5 0 -7.75 0 0 -6.7117 3.875 0 0.4534 0.4601 0.4615 0.4979 0.443 0.4737
3 16 -10 0 0 -6.7117 -3.875 0 -7.75 0 0 0.4773 0.4913 0.4655 0.528 0.4615 0.4979
3 16 -5 8.6603 0 -8.6603 5 0 -6.7117 3.875 0 0.4171 0.4451 0.4534 0.4601 0.443 0.4737
3 16 -10 0 0 -8.6603 -5 0 -6.7117 -3.875 0 0.4773 0.4913 0.4824 0.5303 0.4655 0.528
3 16 -5 8.6603 0 -6.7117 3.875 0 -3.875 6.7117 0 0.4171 0.4451 0.443 0.4737 0.4148 0.462
3 16 -8.6603 -5 0 -3.875 -6.7117 0 -6.7117 -3.875 0 0.4824 0.5303 0.4539 0.5562 0.4655 0.528
3 16 0 10 0 -5 8.6603 0 -3.875 6.7117 0 0.3781 0.4502 0.4171 0.4451 0.4148 0.462
3 16 -8.6603 -5 0 -5 -8.6602 0 -3.875 -6.7117 0 0.4824 0.5303 0.4674 0.5666 0.4539 0.5562
3 16 0 10 0 -3.875 6.7117 0 0 7.75 0 0.3781 0.4502 0.4148 0.462 0.3847 0.466
3 16 -5 -8.6602 0 0 -7.75 0 -3.875 -6.7117 0 0.4674 0.5666 0.4297 0.5747 0.4539 0.5562
3 16 5 8.6603 0 0 10 0 0 7.75 0 0.3469 0.4741 0.3781 0.4502 0.3847 0.466
3 16 -5 -8.6602 0 0 -10 0 0 -7.75 0 0.4674 0.5666 0.4362 0.5905 0.4297 0.5747
3 16 5 8.6603 0 0 7.75 0 3.875 6.7117 0 0.3469 0.4741 0.3847 0.466 0.3605 0.4845
3 16 0 -10 0 3.875 -6.7117 0 0 -7.75 0 0.4362 0.5905 0.3995 0.5787 0.4297 0.5747
3 16 8.6603 5 0 5 8.6603 0 3.875 6.7117 0 0.3319 0.5105 0.3469 0.4741 0.3605 0.4845
3 16 0 -10 0 5 -8.6603 0 3.875 -6.7117 0 0.4362 0.5905 0.3973 0.5956 0.3995 0.5787
3 16 8.6603 5 0 3.875 6.7117 0 6.7117 3.875 0 0.3319 0.5105 0.3605 0.4845 0.3488 0.5127
3 16 5 -8.6603 0 6.7117 -3.875 0 3.875 -6.7117 0 0.3973 0.5956 0.3713 0.5671 0.3995 0.5787
3 16 10 0 0 8.6603 5 0 6.7117 3.875 0 0.337 0.5494 0.3319 0.5105 0.3488 0.5127
3 16 5 -8.6603 0 8.6603 -5 0 6.7117 -3.875 0 0.3973 0.5956 0.3609 0.5806 0.3713 0.5671
3 16 10 0 0 6.7117 3.875 0 7.75 0 0 0.337 0.5494 0.3488 0.5127 0.3528 0.5429
3 16 8.6603 -5 0 7.75 0 0 6.7117 -3.875 0 0.3609 0.5806 0.3528 0.5429 0.3713 0.5671
3 16 8.6603 -5 0 10 0 0 7.75 0 0 0.3609 0.5806 0.337 0.5494 0.3528 0.5429
2 24 -6.7816 7.1866 -21.5 -6.6129 7.1824 -17.5
2 24 -6.7816 7.1866 -21.5 -4.5793 7.3005 -21.5
2 24 -6.6129 7.1824 -17.5 -4.5088 7.3005 -17.5
2 24 -4.5793 7.3005 -21.5 0 7.3005 -21.5
2 24 -4.5088 7.3005 -17.5 0 7.3005 -17.5
2 24 0 7.3005 -21.5 3.6503 6.3224 -21.5
2 24 0 7.3005 -17.5 3.6503 6.3224 -17.5
2 24 3.6503 6.3224 -21.5 6.3224 3.6503 -21.5
2 24 3.6503 6.3224 -17.5 6.3224 3.6503 -17.5
2 24 6.3224 3.6503 -21.5 7.3005 0 -21.5
2 24 6.3224 3.6503 -17.5 7.3005 0 -17.5
2 24 7.3005 0 -21.5 6.3224 -3.6503 -21.5
2 24 7.3005 0 -17.5 6.3224 -3.6503 -17.5
2 24 6.3224 -3.6503 -21.5 3.6503 -6.3224 -21.5
2 24 6.3224 -3.6503 -17.5 3.6503 -6.3224 -17.5
2 24 3.6503 -6.3224 -21.5 0 -7.3005 -21.5
2 24 3.6503 -6.3224 -17.5 0 -7.3005 -17.5
2 24 0 -7.3005 -17.5 -4.5076 -7.3005 -17.5
2 24 0 -7.3005 -21.5 -4.544 -7.3005 -21.5
2 24 -4.5076 -7.3005 -17.5 -6.6219 -7.193 -17.5
2 24 -6.6219 -7.193 -17.5 -6.7718 -7.1715 -21.5
2 24 -4.544 -7.3005 -21.5 -6.7718 -7.1715 -21.5
2 24 0 6.25 -17.5 3.125 5.4127 -17.5
2 24 0 6.25 -2 3.125 5.4127 -2
2 24 3.125 5.4127 -17.5 5.4127 3.125 -17.5
2 24 3.125 5.4127 -2 5.4127 3.125 -2
2 24 5.4127 3.125 -17.5 6.25 0 -17.5
2 24 5.4127 3.125 -2 6.25 0 -2
2 24 6.25 0 -17.5 5.4127 -3.125 -17.5
2 24 6.25 0 -2 5.4127 -3.125 -2
2 24 5.4127 -3.125 -17.5 3.125 -5.4127 -17.5
2 24 5.4127 -3.125 -2 3.125 -5.4127 -2
2 24 3.125 -5.4127 -17.5 0 -6.25 -17.5
2 24 3.125 -5.4127 -2 0 -6.25 -2
2 24 0 -6.25 -17.5 -3.125 -5.4127 -17.5
2 24 0 -6.25 -2 -3.125 -5.4127 -2
2 24 -3.125 -5.4127 -17.5 -5.4127 -3.125 -17.5
2 24 -3.125 -5.4127 -2 -5.4127 -3.125 -2
2 24 -5.4127 -3.125 -17.5 -6.25 0 -17.5
2 24 -5.4127 -3.125 -2 -6.25 0 -2
2 24 -6.25 0 -17.5 -5.4127 3.125 -17.5
2 24 -6.25 0 -2 -5.4127 3.125 -2
2 24 -5.4127 3.125 -17.5 -3.125 5.4127 -17.5
2 24 -5.4127 3.125 -2 -3.125 5.4127 -2
2 24 0 6.25 -17.5 -3.125 5.4127 -17.5
2 24 0 6.25 -2 -3.125 5.4127 -2
2 24 0 10 0 -5 8.6603 0
2 24 -5 8.6603 0 -8.6603 5 0
2 24 -8.6603 5 0 -10 0 0
2 24 -10 0 0 -8.6603 -5 0
2 24 -8.6603 -5 0 -5 -8.6602 0
2 24 -5 -8.6602 0 0 -10 0
2 24 0 -10 0 5 -8.6603 0
2 24 5 -8.6603 0 8.6603 -5 0
2 24 -8.5923 4.9608 -17.5 -9.9812 0 -17.5
2 24 -9.9812 0 -17.5 -8.592 -4.9606 -17.5
2 24 -8.5923 4.9608 -17.5 -6.6129 7.1824 -17.5
2 24 -8.592 -4.9606 -17.5 -6.6219 -7.193 -17.5
2 24 -6.6129 7.1824 -17.5 -6.7816 7.1866 -21.5
2 24 -6.6219 -7.193 -17.5 -6.7718 -7.1715 -21.5
2 24 -6.7816 7.1866 -21.5 -8.8331 4.9469 -21.5
2 24 -8.8331 4.9469 -21.5 -10.1905 0.032 -21.5
2 24 -10.1905 0.032 -21.5 -8.6659 -5.1619 -21.5
2 24 -6.7718 -7.1715 -21.5 -8.6659 -5.1619 -21.5
2 24 -40.0939 7.0089 -115.7874 -37.2325 8.0932 -118.6488
2 24 -40.0939 7.0089 -115.7874 -42.1886 4.0466 -113.6927
2 24 -42.1886 4.0466 -113.6927 -42.9553 0 -112.926
2 24 -42.9553 0 -112.926 -42.1886 -4.0466 -113.6927
2 24 -42.1886 -4.0466 -113.6927 -40.0939 -7.0089 -115.7874
2 24 -40.0939 -7.0089 -115.7874 -37.2325 -8.0932 -118.6488
2 24 -37.2325 -8.0932 -118.6488 -34.3711 -7.0089 -121.5101
2 24 -34.3711 -7.0089 -121.5101 -32.2764 -4.0466 -123.6048
2 24 8.6603 -5 0 10 0 0
2 24 10 0 0 8.6603 5 0
2 24 8.6603 5 0 5 8.6603 0
2 24 0 10 0 5 8.6603 0
2 24 -37.2325 8.0932 -118.6488 -34.3711 7.0089 -121.5101
2 24 -34.3711 7.0089 -121.5101 -32.2764 4.0466 -123.6048
2 24 -32.2764 4.0466 -123.6048 -31.5097 0 -124.3715
2 24 -32.2764 -4.0466 -123.6048 -31.5097 0 -124.3715
2 24 0 7.75 0 3.875 6.7117 0
2 24 0 7.75 -2 3.875 6.7117 -2
2 24 3.875 6.7117 0 6.7117 3.875 0
2 24 3.875 6.7117 -2 6.7117 3.875 -2
2 24 6.7117 3.875 0 7.75 0 0
2 24 6.7117 3.875 -2 7.75 0 -2
2 24 7.75 0 0 6.7117 -3.875 0
2 24 7.75 0 -2 6.7117 -3.875 -2
2 24 6.7117 -3.875 0 3.875 -6.7117 0
2 24 6.7117 -3.875 -2 3.875 -6.7117 -2
2 24 3.875 -6.7117 0 0 -7.75 0
2 24 3.875 -6.7117 -2 0 -7.75 -2
2 24 0 -7.75 0 -3.875 -6.7117 0
2 24 0 -7.75 -2 -3.875 -6.7117 -2
2 24 -3.875 -6.7117 0 -6.7117 -3.875 0
2 24 -3.875 -6.7117 -2 -6.7117 -3.875 -2
2 24 -6.7117 -3.875 -2 -7.75 0 -2
2 24 -6.7117 -3.875 0 -7.75 0 0
2 24 -7.75 0 0 -6.7117 3.875 0
2 24 -7.75 0 -2 -6.7117 3.875 -2
2 24 -6.7117 3.875 0 -3.875 6.7117 0
2 24 -6.7117 3.875 -2 -3.875 6.7117 -2
2 24 0 7.75 0 -3.875 6.7117 0
2 24 0 7.75 -2 -3.875 6.7117 -2
2 24 -37.2325 4 -118.6488 -35.8183 3.4641 -120.063
2 24 -28.3937 4 -109.8099 -26.9794 3.4641 -111.2241
2 24 -35.8183 3.4641 -120.063 -34.783 2 -121.0982
2 24 -26.9794 3.4641 -111.2241 -25.9442 2 -112.2594
2 24 -34.783 2 -121.0982 -34.4041 0 -121.4772
2 24 -25.9442 2 -112.2594 -25.5652 0 -112.6384
2 24 -34.4041 0 -121.4772 -34.783 -2 -121.0982
2 24 -25.5652 0 -112.6384 -25.9442 -2 -112.2594
2 24 -34.783 -2 -121.0982 -35.8183 -3.4641 -120.063
2 24 -25.9442 -2 -112.2594 -26.9794 -3.4641 -111.2241
2 24 -35.8183 -3.4641 -120.063 -37.2325 -4 -118.6488
2 24 -26.9794 -3.4641 -111.2241 -28.3937 -4 -109.8099
2 24 -37.2325 -4 -118.6488 -38.6467 -3.4641 -117.2346
2 24 -28.3937 -4 -109.8099 -29.8079 -3.4641 -108.3957
2 24 -38.6467 -3.4641 -117.2346 -39.682 -2 -116.1993
2 24 -29.8079 -3.4641 -108.3957 -30.8431 -2 -107.3604
2 24 -30.8431 -2 -107.3604 -31.2221 0 -106.9815
2 24 -39.682 -2 -116.1993 -40.0609 0 -115.8203
2 24 -40.0609 0 -115.8203 -39.682 2 -116.1993
2 24 -31.2221 0 -106.9815 -30.8431 2 -107.3604
2 24 -39.682 2 -116.1993 -38.6467 3.4641 -117.2346
2 24 -30.8431 2 -107.3604 -29.8079 3.4641 -108.3957
2 24 -37.2325 4 -118.6488 -38.6467 3.4641 -117.2346
2 24 -28.3937 4 -109.8099 -29.8079 3.4641 -108.3957
2 24 -29.6372 -3.0645 -108.5663 -28.3937 -3.3955 -109.8099
2 24 -29.6372 -3.0645 -108.5663 -30.6426 -1.8363 -107.561
2 24 -30.6426 -1.8363 -107.561 -31.0215 0 -107.1821
2 24 -31.0215 0 -107.1821 -30.6435 1.837 -107.5601
2 24 -30.6435 1.837 -107.5601 -29.6471 3.0702 -108.5565
2 24 -29.6471 3.0702 -108.5565 -28.3937 3.3809 -109.8099
2 24 -28.3937 -3.3955 -109.8099 -27.2526 -2.7907 -110.951
2 24 -27.2526 -2.7907 -110.951 -26.4915 -1.5758 -111.712
2 24 -26.4915 -1.5758 -111.712 -26.2169 0 -111.9867
2 24 -26.2169 0 -111.9867 -26.4719 1.5691 -111.7317
2 24 -26.4719 1.5691 -111.7317 -27.2488 2.8044 -110.9548
2 24 -28.3937 3.3809 -109.8099 -27.2488 2.8044 -110.9548
2 24 -29.8079 3.4641 -108.3957 -28.3937 4 -109.8099
2 24 -29.8079 3.4641 -108.3957 -30.8431 2 -107.3604
2 24 -29.6471 3.0702 -108.5565 -28.3937 3.3809 -109.8099
2 24 -29.6471 3.0702 -108.5565 -30.6435 1.837 -107.5601
2 24 -28.3937 4 -109.8099 -26.9794 3.4641 -111.2241
2 24 -28.3937 3.3809 -109.8099 -27.2488 2.8044 -110.9548
2 24 -26.9794 3.4641 -111.2241 -25.9442 2 -112.2594
2 24 -27.2488 2.8044 -110.9548 -26.4719 1.5691 -111.7317
2 24 -25.9442 2 -112.2594 -25.5652 0 -112.6384
2 24 -26.4719 1.5691 -111.7317 -26.2169 0 -111.9867
2 24 -25.5652 0 -112.6384 -25.9442 -2 -112.2594
2 24 -26.2169 0 -111.9867 -26.4915 -1.5758 -111.712
2 24 -30.8431 2 -107.3604 -31.2221 0 -106.9815
2 24 -30.6435 1.837 -107.5601 -31.0215 0 -107.1821
2 24 -31.0215 0 -107.1821 -30.6426 -1.8363 -107.561
2 24 -31.2221 0 -106.9815 -30.8431 -2 -107.3604
2 24 -25.9442 -2 -112.2594 -26.9794 -3.4641 -111.2241
2 24 -26.4915 -1.5758 -111.712 -27.2526 -2.7907 -110.951
2 24 -27.2526 -2.7907 -110.951 -28.3937 -3.3955 -109.8099
2 24 -26.9794 -3.4641 -111.2241 -28.3937 -4 -109.8099
2 24 -30.6426 -1.8363 -107.561 -29.6372 -3.0645 -108.5663
2 24 -28.3937 -3.3955 -109.8099 -29.6372 -3.0645 -108.5663
2 24 -30.8431 -2 -107.3604 -29.8079 -3.4641 -108.3957
2 24 -28.3937 -4 -109.8099 -29.8079 -3.4641 -108.3957
2 24 -42.9553 0 -112.926 -42.1886 -4.0466 -113.6927
2 24 -42.9553 0 -112.926 -42.1886 4.0466 -113.6927
2 24 -40.0609 0 -115.8203 -39.682 -2 -116.1993
2 24 -40.0609 0 -115.8203 -39.682 2 -116.1993
2 24 -39.682 -2 -116.1993 -38.6467 -3.4641 -117.2346
2 24 -42.1886 4.0466 -113.6927 -40.0939 7.0089 -115.7874
2 24 -42.1886 -4.0466 -113.6927 -40.0939 -7.0089 -115.7874
2 24 -39.682 2 -116.1993 -38.6467 3.4641 -117.2346
2 24 -38.6467 -3.4641 -117.2346 -37.2325 -4 -118.6488
2 24 -40.0939 7.0089 -115.7874 -37.2325 8.0932 -118.6488
2 24 -40.0939 -7.0089 -115.7874 -37.2325 -8.0932 -118.6488
2 24 -38.6467 3.4641 -117.2346 -37.2325 4 -118.6488
2 24 -37.2325 -4 -118.6488 -35.8183 -3.4641 -120.063
2 24 -37.2325 8.0932 -118.6488 -34.3711 7.0089 -121.5101
2 24 -37.2325 -8.0932 -118.6488 -34.3711 -7.0089 -121.5101
2 24 -37.2325 4 -118.6488 -35.8183 3.4641 -120.063
2 24 -35.8183 -3.4641 -120.063 -34.783 -2 -121.0982
2 24 -34.3711 7.0089 -121.5101 -32.2764 4.0466 -123.6048
2 24 -34.3711 -7.0089 -121.5101 -32.2764 -4.0466 -123.6048
2 24 -35.8183 3.4641 -120.063 -34.783 2 -121.0982
2 24 -34.783 -2 -121.0982 -34.4041 0 -121.4772
2 24 -32.2764 4.0466 -123.6048 -31.5097 0 -124.3715
2 24 -32.2764 -4.0466 -123.6048 -31.5097 0 -124.3715
2 24 -34.783 2 -121.0982 -34.4041 0 -121.4772
2 24 -6.6129 7.1824 -17.5 -4.5088 7.3005 -17.5
2 24 -4.5088 7.3005 -17.5 0 7.3005 -17.5
2 24 -3.125 5.4127 -17.5 -5.4127 3.125 -17.5
2 24 -3.125 5.4127 -17.5 0 6.25 -17.5
2 24 -6.6129 7.1824 -17.5 -8.5923 4.9608 -17.5
2 24 0 6.25 -17.5 3.125 5.4127 -17.5
2 24 0 7.3005 -17.5 3.6503 6.3224 -17.5
2 24 3.125 5.4127 -17.5 5.4127 3.125 -17.5
2 24 3.6503 6.3224 -17.5 6.3224 3.6503 -17.5
2 24 5.4127 3.125 -17.5 6.25 0 -17.5
2 24 6.3224 3.6503 -17.5 7.3005 0 -17.5
2 24 6.25 0 -17.5 5.4127 -3.125 -17.5
2 24 7.3005 0 -17.5 6.3224 -3.6503 -17.5
2 24 -5.4127 3.125 -17.5 -6.25 0 -17.5
2 24 -8.5923 4.9608 -17.5 -9.9812 0 -17.5
2 24 -9.9812 0 -17.5 -8.592 -4.9606 -17.5
2 24 -6.25 0 -17.5 -5.4127 -3.125 -17.5
2 24 -8.592 -4.9606 -17.5 -6.6219 -7.193 -17.5
2 24 5.4127 -3.125 -17.5 3.125 -5.4127 -17.5
2 24 6.3224 -3.6503 -17.5 3.6503 -6.3224 -17.5
2 24 -5.4127 -3.125 -17.5 -3.125 -5.4127 -17.5
2 24 -6.6219 -7.193 -17.5 -4.5076 -7.3005 -17.5
2 24 3.6503 -6.3224 -17.5 0 -7.3005 -17.5
2 24 -4.5076 -7.3005 -17.5 0 -7.3005 -17.5
2 24 3.125 -5.4127 -17.5 0 -6.25 -17.5
2 24 -3.125 -5.4127 -17.5 0 -6.25 -17.5
2 24 -8.8331 4.9469 -21.5 -6.7816 7.1866 -21.5
2 24 -8.8331 4.9469 -21.5 -10.1905 0.032 -21.5
2 24 -6.7816 7.1866 -21.5 -4.5793 7.3005 -21.5
2 24 -10.1905 0.032 -21.5 -8.6659 -5.1619 -21.5
2 24 -4.5793 7.3005 -21.5 0 7.3005 -21.5
2 24 -8.6659 -5.1619 -21.5 -6.7718 -7.1715 -21.5
2 24 0 7.3005 -21.5 3.6503 6.3224 -21.5
2 24 -6.7718 -7.1715 -21.5 -4.544 -7.3005 -21.5
2 24 3.6503 6.3224 -21.5 6.3224 3.6503 -21.5
2 24 -4.544 -7.3005 -21.5 0 -7.3005 -21.5
2 24 6.3224 3.6503 -21.5 7.3005 0 -21.5
2 24 0 -7.3005 -21.5 3.6503 -6.3224 -21.5
2 24 7.3005 0 -21.5 6.3224 -3.6503 -21.5
2 24 3.6503 -6.3224 -21.5 6.3224 -3.6503 -21.5
2 24 -6.7117 3.875 -2 -3.875 6.7117 -2
2 24 -5.4127 3.125 -2 -3.125 5.4127 -2
2 24 -5.4127 3.125 -2 -6.25 0 -2
2 24 -3.875 6.7117 -2 0 7.75 -2
2 24 -6.7117 3.875 -2 -7.75 0 -2
2 24 -3.125 5.4127 -2 0 6.25 -2
2 24 -6.25 0 -2 -5.4127 -3.125 -2
2 24 0 7.75 -2 3.875 6.7117 -2
2 24 -7.75 0 -2 -6.7117 -3.875 -2
2 24 0 6.25 -2 3.125 5.4127 -2
2 24 -5.4127 -3.125 -2 -3.125 -5.4127 -2
2 24 3.875 6.7117 -2 6.7117 3.875 -2
2 24 -6.7117 -3.875 -2 -3.875 -6.7117 -2
2 24 3.125 5.4127 -2 5.4127 3.125 -2
2 24 -3.125 -5.4127 -2 0 -6.25 -2
2 24 6.7117 3.875 -2 7.75 0 -2
2 24 -3.875 -6.7117 -2 0 -7.75 -2
2 24 5.4127 3.125 -2 6.25 0 -2
2 24 0 -6.25 -2 3.125 -5.4127 -2
2 24 7.75 0 -2 6.7117 -3.875 -2
2 24 0 -7.75 -2 3.875 -6.7117 -2
2 24 6.25 0 -2 5.4127 -3.125 -2
2 24 3.125 -5.4127 -2 5.4127 -3.125 -2
2 24 6.7117 -3.875 -2 3.875 -6.7117 -2
2 24 -10 0 0 -8.6603 5 0
2 24 -7.75 0 0 -6.7117 3.875 0
2 24 -7.75 0 0 -6.7117 -3.875 0
2 24 -8.6603 5 0 -5 8.6603 0
2 24 -10 0 0 -8.6603 -5 0
2 24 -6.7117 3.875 0 -3.875 6.7117 0
2 24 -6.7117 -3.875 0 -3.875 -6.7117 0
2 24 -5 8.6603 0 0 10 0
2 24 -8.6603 -5 0 -5 -8.6602 0
2 24 -3.875 6.7117 0 0 7.75 0
2 24 -3.875 -6.7117 0 0 -7.75 0
2 24 0 10 0 5 8.6603 0
2 24 -5 -8.6602 0 0 -10 0
2 24 0 7.75 0 3.875 6.7117 0
2 24 0 -7.75 0 3.875 -6.7117 0
2 24 5 8.6603 0 8.6603 5 0
2 24 0 -10 0 5 -8.6603 0
2 24 3.875 6.7117 0 6.7117 3.875 0
2 24 3.875 -6.7117 0 6.7117 -3.875 0
2 24 8.6603 5 0 10 0 0
2 24 5 -8.6603 0 8.6603 -5 0
2 24 6.7117 3.875 0 7.75 0 0
2 24 6.7117 -3.875 0 7.75 0 0
2 24 10 0 0 8.6603 -5 0
0 STEP
