0 Sticker  0.9 x  1.8 with Light Blue Triangles on Blue Background Right
0 Name: 6218812t.dat
0 Author: Massimo Maso [Sirio]
0 !LDRAW_ORG Unofficial_Part
0 !LICENSE Licensed under CC BY 4.0 : see CAreadme.txt

0 BFC CERTIFY CCW

0 !KEYWORDS 2, 2017, Fiesta, Ford, M-Sport, Martin Järveoja, Ott Tänak
0 !KEYWORDS Set 75885, Speed Champions, WRC

0 // Primitives
1 16 -16.5 0 7.7732 -1.5 0 0 0 -1 0 0 0 1.5 1-4chrd.dat
1 16 16.5 0 7.7732 1.5 0 0 0 -1 0 0 0 1.5 1-4chrd.dat
1 16 0 -.25 0 0 0 18 0 .25 0 7.7732 0 0 box3u12.dat
1 16 -16.5 0 -7.7732 -1.5 0 0 0 -1 0 0 0 -1.5 1-4chrd.dat
1 16 16.5 0 -7.7732 1.5 0 0 0 -1 0 0 0 -1.5 1-4chrd.dat
1 16 -16.5 -.25 7.7732 -1.5 0 0 0 .25 0 0 0 1.5 1-4cyli.dat
1 16 16.5 -.25 7.7732 1.5 0 0 0 .25 0 0 0 1.5 1-4cyli.dat
1 16 -16.5 -.25 -7.7732 -1.5 0 0 0 .25 0 0 0 -1.5 1-4cyli.dat
1 16 16.5 -.25 -7.7732 1.5 0 0 0 .25 0 0 0 -1.5 1-4cyli.dat
1 1 -16.5 -.25 7.7732 -1.5 0 0 0 1 0 0 0 1.5 1-4chrd.dat
1 1 16.5 -.25 7.7732 1.5 0 0 0 1 0 0 0 1.5 1-4chrd.dat
1 272 -16.5 -.25 -7.7732 -1.5 0 0 0 1 0 0 0 -1.5 1-4chrd.dat
1 1 16.5 -.25 -7.7732 1.5 0 0 0 1 0 0 0 -1.5 1-4chrd.dat
0 // Bottom face
4 16 -16.5 0 9.2732 16.5 0 9.2732 18 0 7.7732 -18 0 7.7732
4 16 -16.5 0 -9.2732 -18 0 -7.7732 18 0 -7.7732 16.5 0 -9.2732
0 // Lateral face
3 16 -16.5 0 9.2732 -16.5 -.25 9.2732 -9.2 -.25 9.2732
3 16 -16.5 0 9.2732 -9.2 -.25 9.2732 -7.8 -.25 9.2732
4 16 -16.5 0 9.2732 -7.8 -.25 9.2732 5.9 -.25 9.2732 16.5 0 9.2732
3 16 16.5 0 9.2732 5.9 -.25 9.2732 15 -.25 9.2732
3 16 16.5 0 9.2732 15 -.25 9.2732 16.5 -.25 9.2732
3 16 -16.5 0 -9.2732 9.9 -.25 -9.2732 -16.5 -.25 -9.2732
4 16 -16.5 0 -9.2732 16.5 0 -9.2732 16.5 -.25 -9.2732 9.9 -.25 -9.2732
0 // Top face
0 // Blue faces
4 272 -7.8 -.25 9.2732 -9.2 -.25 9.2732 -10.1 -.25 2.9 -4.6 -.25 3.5
3 272 5.5 -.25 -2.2 2.26 -.25 3.115 -4.6 -.25 3.5
3 272 5.5 -.25 -2.2 15 -.25 2.4 2.26 -.25 3.115
4 272 -16.5 -.25 -9.2732 -11.5 -.25 2.9 -18 -.25 7.7732 -18 -.25 -7.7732
3 272 -16.5 -.25 -9.2732 -10.1 -.25 2.9 -11.5 -.25 2.9
4 272 -16.5 -.25 -9.2732 -4.3 -.25 -3.2 -4.6 -.25 3.5 -10.1 -.25 2.9
4 272 -16.5 -.25 -9.2732 5 -.25 -6.8 5.5 -.25 -2.2 -4.3 -.25 -3.2
3 272 -16.5 -.25 -9.2732 9.9 -.25 -9.2732 5 -.25 -6.8
0 // Light blue faces
3 1 -16.5 -.25 9.2732 -10.1 -.25 2.9 -9.2 -.25 9.2732
4 1 -16.5 -.25 9.2732 -18 -.25 7.7732 -11.5 -.25 2.9 -10.1 -.25 2.9
4 1 -7.8 -.25 9.2732 -4.6 -.25 3.5 2.26 -.25 3.115 5.9 -.25 9.2732
4 1 16.5 -.25 9.2732 15 -.25 9.2732 2.26 -.25 3.115 15 -.25 2.4
4 1 16.5 -.25 9.2732 15 -.25 2.4 18 -.25 -7.7732 18 -.25 7.7732
3 1 5.5 -.25 -2.2 -4.6 -.25 3.5 -4.3 -.25 -3.2
4 1 5.5 -.25 -2.2 16.5 -.25 -9.2732 18 -.25 -7.7732 15 -.25 2.4
4 1 5.5 -.25 -2.2 5 -.25 -6.8 9.9 -.25 -9.2732 16.5 -.25 -9.2732
0 // White face
3 15 5.9 -.25 9.2732 2.26 -.25 3.115 15 -.25 9.2732
