0 Brick 2 x 2 with Rounded Bottom
0 Name: 6826.dat
0 Author: Gerald Lasser [GeraldLasser]
0 !LDRAW_ORG Unofficial_Part
0 !LICENSE Licensed under CC BY 4.0 : see CAreadme.txt

0 BFC CERTIFY CCW

1 16 10 4 0 1 0 0 0 -5 0 0 0 1 stud3.dat
0 BFC INVERTNEXT
1 16 10 24 0 6 0 0 0 -20 0 0 0 16 box5.dat
1 16 14 4 0 -1 0 0 0 16 0 0 0 1 boxjcyl4.dat
1 16 6 4 0 1 0 0 0 16 0 0 0 1 boxjcyl4.dat
1 16 6 4 0 2 0 0 0 16 0 0 0 1 box3u5p.dat
1 16 14 4 0 -2 0 0 0 16 0 0 0 1 box3u5p.dat

4 16 0 24 -20 4 24 -16 16 24 -16 20 24 -20
4 16 20 24 20 16 24 16 4 24 16 0 24 20
2 24 20 24 -20 0 24 -20
2 24 0 24 20 20 24 20

0 // Outside
4 16 0 24 4 4 24 16 4 24 -16 0 24 -4
1 16 0 4 -4 -20 0 0 0 0 20 0 8 0 48\1-4cyli.dat
4 16 -20 4 4 -20 4 -4 -20 0 -20 -20 0 20
4 16 16 24 -16 16 24 16 20 24 20 20 24 -20

0 // Inside
0 BFC INVERTNEXT
1 16 0 4 17 -17 0 0 0 0 17 0 -34 0 1-8cyli.dat
1 16 20 0 0 1 0 0 0 1 0 0 0 1 s\5174s02.dat
1 16 20 0 0 1 0 0 0 1 0 0 0 -1 s\5174s02.dat
4 16 -20 0 -20 -17 0 -8.5 -17 0 8.5 -20 0 20
4 16 -17 0 8.5 -17 0 -8.5 -17 4 -8.5 -17 4 8.5
2 24 -17 0 8.5 -17 0 -8.5
4 16 -12.0207 16.0207 -4.4018 -10 17.3712 -2.3727 -10 17.3712 2.3727 -12.0207 16.0207 4.4018
4 16 -5.9535 19.8161 -.2312 -5.9535 19.8161 .2312 -10 17.3712 2.3727 -10 17.3712 -2.3727
4 16 -5.9535 19.8161 .2312 -5.9535 19.8161 -.2312 -1.8238 20.6373 -1.8238 -1.8238 20.6373 1.8238
4 16 -1.8238 20.6373 -1.8238 0 21 -3.7814 0 21 3.7814 -1.8238 20.6373 1.8238
4 16 0 19.5877 -8.5 0 0 -8.5 0 0 8.5 0 19.5877 8.5
4 16 0 19.5877 -8.5 0 19.5877 8.5 0 20.0238 5.8578 0 20.0238 -5.8578
4 16 0 21 -3.7814 0 20.0238 -5.8578 0 20.0238 5.8578 0 21 3.7814
2 24 0 21 3.7814 0 21 -3.7814
2 24 0 0 8.5 0 0 -8.5
2 24 20 0 20 20 0 -20
5 24 -10 17.3712 -2.3727 -10 17.3712 2.3727 -12.0207 16.0207 4.4018 -5.9535 19.8161 -.2312
5 24 -5.9535 19.8161 .2312 -5.9535 19.8161 -.2312 -1.8238 20.6373 -1.8238 -10 17.3712 2.3727

0 // Top
3 16 -20 0 20 0 0 17 20 0 20
3 16 20 0 20 0 0 17 0 0 11.5
3 16 0 0 11.5 0 0 8.5 20 0 20
4 16 20 0 -20 20 0 20 0 0 8.5 0 0 -8.5
3 16 20 0 -20 0 0 -8.5 0 0 -11.5
3 16 0 0 -17 20 0 -20 0 0 -11.5
3 16 20 0 -20 0 0 -17 -20 0 -20

1 16 10 0 0 1 0 0 0 1 0 0 0 1 stug-2x1.dat
1 16 0 0 0 20 0 0 0 1 0 0 0 20 recte4.dat

1 16 -10 0 -10 1 0 0 0 1 0 0 0 1 stud2a.dat
1 16 -10 0 10 1 0 0 0 1 0 0 0 1 stud2a.dat

0 // Outside
1 16 0 4 20 -20 0 0 0 0 20 0 -1 0 48\1-4chrd.dat
4 16 20 0 20 20 24 20 0 24 20 -20 4 20
3 16 20 0 20 -20 4 20 -20 0 20
1 16 0 4 -20 -20 0 0 0 0 20 0 1 0 48\1-4chrd.dat
4 16 0 24 -20 20 24 -20 20 0 -20 -20 4 -20
3 16 -20 4 -20 20 0 -20 -20 0 -20
1 16 20 12 0 0 -1 0 0 0 12 -20 0 0 rect3.dat
