0 Glass for Window 1 x 3 x 2 Flat Front
0 Name: 7757.dat
0 Author: 
0 BFC CERTIFY CCW
3 16 -46.806 -35.2555 1.875 -48.2125 -35.2555 1.875 -47.3919 -35.2555 0.9376 0.7638 0.659 0.7638 0.6746 0.7534 0.6655
3 16 -47.5717 -35.2555 0 -47.3919 -35.2555 0.9376 -48.2125 -35.2555 1.875 0.7429 0.6675 0.7534 0.6655 0.7638 0.6746
3 16 -48.2125 -35.2555 -1.875 -47.5717 -35.2555 0 -48.2125 -35.2555 1.875 0.722 0.6747 0.7429 0.6675 0.7638 0.6746
3 16 -48.2125 -35.2555 -1.875 -47.3919 -35.2555 -0.9376 -47.5717 -35.2555 0 0.722 0.6747 0.7325 0.6655 0.7429 0.6675
3 16 -48.2125 -35.2555 -1.875 -46.806 -35.2555 -1.875 -47.3919 -35.2555 -0.9376 0.722 0.6747 0.722 0.659 0.7325 0.6655
3 16 1.9059 -35.2555 -1.875 3.3125 -35.2555 -1.875 2.4919 -35.2555 -0.9376 0.7638 0.6336 0.7638 0.6492 0.7534 0.6401
3 16 2.6717 -35.2555 0 2.4919 -35.2555 -0.9376 3.3125 -35.2555 -1.875 0.743 0.6421 0.7534 0.6401 0.7638 0.6492
3 16 3.3125 -35.2555 1.875 2.6717 -35.2555 0 3.3125 -35.2555 -1.875 0.7222 0.6492 0.743 0.6421 0.7638 0.6492
3 16 3.3125 -35.2555 1.875 2.4919 -35.2555 0.9376 2.6717 -35.2555 0 0.7222 0.6492 0.7326 0.6401 0.743 0.6421
3 16 3.3125 -35.2555 1.875 1.9059 -35.2555 1.875 2.4919 -35.2555 0.9376 0.7222 0.6492 0.7221 0.6336 0.7326 0.6401
3 16 -42.4216 -35.2555 -0.9376 -43.0076 -35.2555 -1.875 -1.8924 -35.2555 -1.875 0.7992 0.0173 0.8115 0.0098 0.8115 0.5507
3 16 -42.4216 -35.2555 -0.9376 -1.8924 -35.2555 -1.875 -2.4784 -35.2555 -0.9376 0.7992 0.0173 0.8115 0.5507 0.7992 0.543
3 16 -42.2418 -35.2555 0 -42.4216 -35.2555 -0.9376 -2.4784 -35.2555 -0.9376 0.7868 0.02 0.7992 0.0173 0.7992 0.543
3 16 -42.2418 -35.2555 0 -2.4784 -35.2555 -0.9376 -2.6582 -35.2555 0 0.7868 0.02 0.7992 0.543 0.7868 0.5406
3 16 -42.4216 -35.2555 0.9376 -42.2418 -35.2555 0 -2.6582 -35.2555 0 0.7745 0.0173 0.7868 0.02 0.7868 0.5406
3 16 -42.4216 -35.2555 0.9376 -2.6582 -35.2555 0 -2.4784 -35.2555 0.9376 0.7745 0.0173 0.7868 0.5406 0.7745 0.543
3 16 -43.0076 -35.2555 1.875 -42.4216 -35.2555 0.9376 -2.4784 -35.2555 0.9376 0.7622 0.0098 0.7745 0.0173 0.7745 0.543
3 16 -43.0076 -35.2555 1.875 -2.4784 -35.2555 0.9376 -1.8924 -35.2555 1.875 0.7622 0.0098 0.7745 0.543 0.7622 0.5507
3 16 -48.2125 -0.3805 1.875 -46.806 -0.3805 1.875 -47.3919 -0.3805 0.9376 0.7221 0.7262 0.7221 0.7106 0.7325 0.7171
3 16 -47.3919 -0.3805 0.9376 -47.5717 -0.3805 0 -48.2125 -0.3805 1.875 0.7325 0.7171 0.743 0.7191 0.7221 0.7262
3 16 -47.5717 -0.3805 0 -48.2125 -0.3805 -1.875 -48.2125 -0.3805 1.875 0.743 0.7191 0.7638 0.7263 0.7221 0.7262
3 16 -47.5717 -0.3805 0 -47.3919 -0.3805 -0.9376 -48.2125 -0.3805 -1.875 0.743 0.7191 0.7534 0.7171 0.7638 0.7263
3 16 -46.806 -0.3805 -1.875 -48.2125 -0.3805 -1.875 -47.3919 -0.3805 -0.9376 0.7638 0.7106 0.7638 0.7263 0.7534 0.7171
3 16 -48.2125 -35.2555 1.875 -48.2125 -0.3805 -1.875 -48.2125 -35.2555 -1.875 0.8737 0.0232 0.8249 0.4787 0.825 0.0232
3 16 -48.2125 -35.2555 1.875 -48.2125 -0.3805 1.875 -48.2125 -0.3805 -1.875 0.8737 0.0232 0.8736 0.4787 0.8249 0.4787
3 16 3.3125 -0.3805 -1.875 1.9059 -0.3805 -1.875 2.4919 -0.3805 -0.9376 0.7221 0.7007 0.7221 0.6851 0.7325 0.6916
3 16 2.4919 -0.3805 -0.9376 2.6717 -0.3805 0 3.3125 -0.3805 -1.875 0.7325 0.6916 0.743 0.6936 0.7221 0.7007
3 16 2.6717 -0.3805 0 3.3125 -0.3805 1.875 3.3125 -0.3805 -1.875 0.743 0.6936 0.7638 0.7007 0.7221 0.7007
3 16 2.6717 -0.3805 0 2.4919 -0.3805 0.9376 3.3125 -0.3805 1.875 0.743 0.6936 0.7534 0.6916 0.7638 0.7007
3 16 1.9059 -0.3805 1.875 3.3125 -0.3805 1.875 2.4919 -0.3805 0.9376 0.7638 0.685 0.7638 0.7007 0.7534 0.6916
3 16 3.3125 -35.2555 -1.875 3.3125 -0.3805 1.875 3.3125 -35.2555 1.875 0.9366 0.0233 0.8879 0.4787 0.888 0.0232
3 16 3.3125 -35.2555 -1.875 3.3125 -0.3805 -1.875 3.3125 -0.3805 1.875 0.9366 0.0233 0.9366 0.4787 0.8879 0.4787
3 16 -46.806 -35.2555 -1.875 -48.2125 -35.2555 -1.875 -48.2125 -0.3805 -1.875 0.0284 0.4814 0.01 0.4813 0.0101 0.0225
3 16 -46.806 -35.2555 -1.875 -48.2125 -0.3805 -1.875 -46.806 -0.3805 -1.875 0.0284 0.4814 0.0101 0.0225 0.0283 0.0224
3 16 -44.9068 -35.2555 -1.875 -46.806 -35.2555 -1.875 -46.806 -0.3805 -1.875 0.0532 0.4814 0.0284 0.4814 0.0283 0.0224
3 16 -44.9068 -35.2555 -1.875 -46.806 -0.3805 -1.875 -44.9068 -0.3805 -1.875 0.0532 0.4814 0.0283 0.0224 0.0532 0.0225
3 16 -44.9068 -0.3805 -1.875 -46.806 -0.3805 -1.875 -46.5228 -0.0588 -1.875 0.0532 0.0225 0.0283 0.0224 0.032 0.0182
3 16 -46.806 -35.2555 -1.875 -44.9068 -35.2555 -1.875 -46.5228 -35.5773 -1.875 0.0284 0.4814 0.0532 0.4814 0.0321 0.4856
3 16 -45.8008 0.3955 -1.875 -44.9068 -0.3805 -1.875 -46.5228 -0.0588 -1.875 0.0415 0.0124 0.0532 0.0225 0.032 0.0182
3 16 -44.9068 -35.2555 -1.875 -45.8008 -36.0316 -1.875 -46.5228 -35.5773 -1.875 0.0532 0.4814 0.0416 0.4914 0.0321 0.4856
3 16 -45.8008 0.3955 -1.875 -44.9068 0.588 -1.875 -44.9068 -0.3805 -1.875 0.0415 0.0124 0.0533 0.0098 0.0532 0.0225
3 16 -44.9068 -36.224 -1.875 -45.8008 -36.0316 -1.875 -44.9068 -35.2555 -1.875 0.0533 0.494 0.0416 0.4914 0.0532 0.4814
3 16 -44.9068 0.588 -1.875 -44.0128 0.3955 -1.875 -44.9068 -0.3805 -1.875 0.0533 0.0098 0.065 0.0123 0.0532 0.0225
3 16 -44.0128 -36.0316 -1.875 -44.9068 -36.224 -1.875 -44.9068 -35.2555 -1.875 0.065 0.4915 0.0533 0.494 0.0532 0.4814
3 16 -43.2907 -35.5773 -1.875 -44.0128 -36.0316 -1.875 -44.9068 -35.2555 -1.875 0.0746 0.4856 0.065 0.4915 0.0532 0.4814
3 16 -44.0128 0.3955 -1.875 -43.2907 -0.0588 -1.875 -44.9068 -0.3805 -1.875 0.065 0.0123 0.0745 0.0182 0.0532 0.0225
3 16 -43.2907 -35.5773 -1.875 -44.9068 -35.2555 -1.875 -43.0076 -35.2555 -1.875 0.0746 0.4856 0.0532 0.4814 0.0783 0.4814
3 16 -43.0076 -35.2555 -1.875 -44.9068 -35.2555 -1.875 -44.9068 -0.3805 -1.875 0.0783 0.4814 0.0532 0.4814 0.0532 0.0225
3 16 -44.9068 -0.3805 -1.875 -43.2907 -0.0588 -1.875 -43.0076 -0.3805 -1.875 0.0532 0.0225 0.0745 0.0182 0.0783 0.0224
3 16 -43.0076 -35.2555 -1.875 -44.9068 -0.3805 -1.875 -43.0076 -0.3805 -1.875 0.0783 0.4814 0.0532 0.0225 0.0783 0.0224
3 16 -1.8924 -0.3805 -1.875 -43.0076 -35.2555 -1.875 -43.0076 -0.3805 -1.875 0.6194 0.0224 0.0783 0.4814 0.0783 0.0224
3 16 -1.8924 -0.3805 -1.875 -1.8924 -35.2555 -1.875 -43.0076 -35.2555 -1.875 0.6194 0.0224 0.6194 0.4814 0.0783 0.4814
3 16 -1.8924 -0.3805 -1.875 0.0068 -35.2555 -1.875 -1.8924 -35.2555 -1.875 0.6194 0.0224 0.6445 0.4813 0.6194 0.4814
3 16 0.0068 -35.2555 -1.875 -1.6093 -35.5773 -1.875 -1.8924 -35.2555 -1.875 0.6445 0.4813 0.6231 0.4856 0.6194 0.4814
3 16 -1.8924 -0.3805 -1.875 0.0068 -0.3805 -1.875 0.0068 -35.2555 -1.875 0.6194 0.0224 0.6444 0.0224 0.6445 0.4813
3 16 -1.6093 -0.0588 -1.875 0.0068 -0.3805 -1.875 -1.8924 -0.3805 -1.875 0.6231 0.0182 0.6444 0.0224 0.6194 0.0224
3 16 -0.8872 -36.0316 -1.875 -1.6093 -35.5773 -1.875 0.0068 -35.2555 -1.875 0.6327 0.4914 0.6231 0.4856 0.6445 0.4813
3 16 -1.6093 -0.0588 -1.875 -0.8872 0.3955 -1.875 0.0068 -0.3805 -1.875 0.6231 0.0182 0.6326 0.0123 0.6444 0.0224
3 16 0.0068 -36.224 -1.875 -0.8872 -36.0316 -1.875 0.0068 -35.2555 -1.875 0.6444 0.4939 0.6327 0.4914 0.6445 0.4813
3 16 -0.8872 0.3955 -1.875 0.0068 0.588 -1.875 0.0068 -0.3805 -1.875 0.6326 0.0123 0.6443 0.0098 0.6444 0.0224
3 16 0.9007 -36.0316 -1.875 0.0068 -36.224 -1.875 0.0068 -35.2555 -1.875 0.6561 0.4914 0.6444 0.4939 0.6445 0.4813
3 16 0.9007 -36.0316 -1.875 0.0068 -35.2555 -1.875 1.6228 -35.5773 -1.875 0.6561 0.4914 0.6445 0.4813 0.6656 0.4855
3 16 0.0068 0.588 -1.875 0.9007 0.3955 -1.875 0.0068 -0.3805 -1.875 0.6443 0.0098 0.6561 0.0123 0.6444 0.0224
3 16 0.0068 -35.2555 -1.875 1.9059 -35.2555 -1.875 1.6228 -35.5773 -1.875 0.6445 0.4813 0.6693 0.4813 0.6656 0.4855
3 16 0.0068 -0.3805 -1.875 1.9059 -35.2555 -1.875 0.0068 -35.2555 -1.875 0.6444 0.0224 0.6693 0.4813 0.6445 0.4813
3 16 0.0068 -0.3805 -1.875 0.9007 0.3955 -1.875 1.6228 -0.0588 -1.875 0.6444 0.0224 0.6561 0.0123 0.6656 0.0182
3 16 1.9059 -0.3805 -1.875 0.0068 -0.3805 -1.875 1.6228 -0.0588 -1.875 0.6693 0.0224 0.6444 0.0224 0.6656 0.0182
3 16 0.0068 -0.3805 -1.875 1.9059 -0.3805 -1.875 1.9059 -35.2555 -1.875 0.6444 0.0224 0.6693 0.0224 0.6693 0.4813
3 16 1.9059 -0.3805 -1.875 3.3125 -35.2555 -1.875 1.9059 -35.2555 -1.875 0.6693 0.0224 0.6875 0.4813 0.6693 0.4813
3 16 1.9059 -0.3805 -1.875 3.3125 -0.3805 -1.875 3.3125 -35.2555 -1.875 0.6693 0.0224 0.6875 0.0224 0.6875 0.4813
3 16 -46.806 -0.3805 1.875 -48.2125 -0.3805 1.875 -48.2125 -35.2555 1.875 0.0283 0.9776 0.0101 0.9775 0.0102 0.5187
3 16 -46.806 -0.3805 1.875 -48.2125 -35.2555 1.875 -46.806 -35.2555 1.875 0.0283 0.9776 0.0102 0.5187 0.0283 0.5187
3 16 -44.9068 -0.3805 1.875 -46.806 -0.3805 1.875 -46.806 -35.2555 1.875 0.0532 0.9776 0.0283 0.9776 0.0283 0.5187
3 16 -44.9068 -0.3805 1.875 -46.806 -35.2555 1.875 -44.9068 -35.2555 1.875 0.0532 0.9776 0.0283 0.5187 0.0533 0.5186
3 16 -44.9068 -35.2555 1.875 -46.806 -35.2555 1.875 -46.5228 -35.5773 1.875 0.0533 0.5186 0.0283 0.5187 0.0321 0.5144
3 16 -46.806 -0.3805 1.875 -44.9068 -0.3805 1.875 -46.5228 -0.0588 1.875 0.0283 0.9776 0.0532 0.9776 0.032 0.9818
3 16 -45.8008 -36.0316 1.875 -44.9068 -35.2555 1.875 -46.5228 -35.5773 1.875 0.0416 0.5086 0.0533 0.5186 0.0321 0.5144
3 16 -44.9068 -0.3805 1.875 -45.8008 0.3955 1.875 -46.5228 -0.0588 1.875 0.0532 0.9776 0.0415 0.9877 0.032 0.9818
3 16 -45.8008 -36.0316 1.875 -44.9068 -36.224 1.875 -44.9068 -35.2555 1.875 0.0416 0.5086 0.0533 0.5061 0.0533 0.5186
3 16 -44.9068 0.588 1.875 -45.8008 0.3955 1.875 -44.9068 -0.3805 1.875 0.0533 0.9902 0.0415 0.9877 0.0532 0.9776
3 16 -44.9068 -36.224 1.875 -44.0128 -36.0316 1.875 -44.9068 -35.2555 1.875 0.0533 0.5061 0.065 0.5085 0.0533 0.5186
3 16 -44.0128 0.3955 1.875 -44.9068 0.588 1.875 -44.9068 -0.3805 1.875 0.065 0.9877 0.0533 0.9902 0.0532 0.9776
3 16 -43.2907 -0.0588 1.875 -44.0128 0.3955 1.875 -44.9068 -0.3805 1.875 0.0745 0.9818 0.065 0.9877 0.0532 0.9776
3 16 -44.0128 -36.0316 1.875 -43.2907 -35.5773 1.875 -44.9068 -35.2555 1.875 0.065 0.5085 0.0746 0.5144 0.0533 0.5186
3 16 -43.2907 -0.0588 1.875 -44.9068 -0.3805 1.875 -43.0076 -0.3805 1.875 0.0745 0.9818 0.0532 0.9776 0.0783 0.9776
3 16 -43.0076 -0.3805 1.875 -44.9068 -0.3805 1.875 -44.9068 -35.2555 1.875 0.0783 0.9776 0.0532 0.9776 0.0533 0.5186
3 16 -44.9068 -35.2555 1.875 -43.2907 -35.5773 1.875 -43.0076 -35.2555 1.875 0.0533 0.5186 0.0746 0.5144 0.0783 0.5186
3 16 -43.0076 -0.3805 1.875 -44.9068 -35.2555 1.875 -43.0076 -35.2555 1.875 0.0783 0.9776 0.0533 0.5186 0.0783 0.5186
3 16 -1.8924 -0.3805 1.875 -43.0076 -0.3805 1.875 -43.0076 -35.2555 1.875 0.6194 0.9776 0.0783 0.9776 0.0783 0.5186
3 16 -1.8924 -0.3805 1.875 -43.0076 -35.2555 1.875 -1.8924 -35.2555 1.875 0.6194 0.9776 0.0783 0.5186 0.6194 0.5187
3 16 0.0068 -35.2555 1.875 -1.8924 -0.3805 1.875 -1.8924 -35.2555 1.875 0.6444 0.5186 0.6194 0.9776 0.6194 0.5187
3 16 0.0068 -35.2555 1.875 0.0068 -0.3805 1.875 -1.8924 -0.3805 1.875 0.6444 0.5186 0.6444 0.9776 0.6194 0.9776
3 16 -1.6093 -35.5773 1.875 0.0068 -35.2555 1.875 -1.8924 -35.2555 1.875 0.6231 0.5144 0.6444 0.5186 0.6194 0.5187
3 16 0.0068 -0.3805 1.875 -1.6093 -0.0588 1.875 -1.8924 -0.3805 1.875 0.6444 0.9776 0.6231 0.9819 0.6194 0.9776
3 16 -1.6093 -35.5773 1.875 -0.8872 -36.0316 1.875 0.0068 -35.2555 1.875 0.6231 0.5144 0.6326 0.5086 0.6444 0.5186
3 16 -0.8872 0.3955 1.875 -1.6093 -0.0588 1.875 0.0068 -0.3805 1.875 0.6326 0.9877 0.6231 0.9819 0.6444 0.9776
3 16 -0.8872 -36.0316 1.875 0.0068 -36.224 1.875 0.0068 -35.2555 1.875 0.6326 0.5086 0.6444 0.5061 0.6444 0.5186
3 16 0.0068 0.588 1.875 -0.8872 0.3955 1.875 0.0068 -0.3805 1.875 0.6443 0.9902 0.6326 0.9877 0.6444 0.9776
3 16 0.0068 -36.224 1.875 0.9007 -36.0316 1.875 0.0068 -35.2555 1.875 0.6444 0.5061 0.6561 0.5086 0.6444 0.5186
3 16 0.9007 0.3955 1.875 0.0068 0.588 1.875 0.0068 -0.3805 1.875 0.6561 0.9877 0.6443 0.9902 0.6444 0.9776
3 16 0.9007 0.3955 1.875 0.0068 -0.3805 1.875 1.6228 -0.0588 1.875 0.6561 0.9877 0.6444 0.9776 0.6656 0.9818
3 16 0.0068 -35.2555 1.875 0.9007 -36.0316 1.875 1.6228 -35.5773 1.875 0.6444 0.5186 0.6561 0.5086 0.6656 0.5145
3 16 0.0068 -0.3805 1.875 1.9059 -0.3805 1.875 1.6228 -0.0588 1.875 0.6444 0.9776 0.6693 0.9776 0.6656 0.9818
3 16 0.0068 -35.2555 1.875 1.9059 -0.3805 1.875 0.0068 -0.3805 1.875 0.6444 0.5186 0.6693 0.9776 0.6444 0.9776
3 16 1.9059 -35.2555 1.875 0.0068 -35.2555 1.875 1.6228 -35.5773 1.875 0.6693 0.5187 0.6444 0.5186 0.6656 0.5145
3 16 0.0068 -35.2555 1.875 1.9059 -35.2555 1.875 1.9059 -0.3805 1.875 0.6444 0.5186 0.6693 0.5187 0.6693 0.9776
3 16 1.9059 -35.2555 1.875 3.3125 -0.3805 1.875 1.9059 -0.3805 1.875 0.6693 0.5187 0.6875 0.9776 0.6693 0.9776
3 16 1.9059 -35.2555 1.875 3.3125 -35.2555 1.875 3.3125 -0.3805 1.875 0.6693 0.5187 0.6875 0.5187 0.6875 0.9776
3 16 -42.4216 -0.3805 0.9376 -43.0076 -0.3805 1.875 -1.8924 -0.3805 1.875 0.7374 0.0173 0.7498 0.0098 0.7497 0.5505
3 16 -42.4216 -0.3805 0.9376 -1.8924 -0.3805 1.875 -2.4784 -0.3805 0.9376 0.7374 0.0173 0.7497 0.5505 0.7374 0.543
3 16 -42.2418 -0.3805 0 -42.4216 -0.3805 0.9376 -2.4784 -0.3805 0.9376 0.725 0.0201 0.7374 0.0173 0.7374 0.543
3 16 -42.2418 -0.3805 0 -2.4784 -0.3805 0.9376 -2.6582 -0.3805 0 0.725 0.0201 0.7374 0.543 0.7251 0.5403
3 16 -42.4216 -0.3805 -0.9376 -42.2418 -0.3805 0 -2.6582 -0.3805 0 0.7128 0.0173 0.725 0.0201 0.7251 0.5403
3 16 -42.4216 -0.3805 -0.9376 -2.6582 -0.3805 0 -2.4784 -0.3805 -0.9376 0.7128 0.0173 0.7251 0.5403 0.7127 0.543
3 16 -43.0076 -0.3805 -1.875 -42.4216 -0.3805 -0.9376 -2.4784 -0.3805 -0.9376 0.7004 0.0098 0.7128 0.0173 0.7127 0.543
3 16 -43.0076 -0.3805 -1.875 -2.4784 -0.3805 -0.9376 -1.8924 -0.3805 -1.875 0.7004 0.0098 0.7127 0.543 0.7004 0.5505
3 16 2.0112 -35.8572 0.9835 1.9059 -35.2555 1.875 1.6228 -35.5773 1.875 0.7845 0.6021 0.7874 0.6162 0.7815 0.6154
3 16 2.0112 -35.8572 0.9835 2.4919 -35.2555 0.9376 1.9059 -35.2555 1.875 0.7845 0.6021 0.7947 0.6023 0.7874 0.6162
3 16 1.6228 -35.5773 1.875 1.0785 -36.4373 1.0304 2.0112 -35.8572 0.9835 0.7815 0.6154 0.7702 0.6023 0.7845 0.6021
3 16 1.6228 -35.5773 1.875 0.9007 -36.0316 1.875 1.0785 -36.4373 1.0304 0.7815 0.6154 0.7693 0.6147 0.7702 0.6023
3 16 1.0785 -36.4373 1.0304 0.9007 -36.0316 1.875 0.0068 -36.224 1.875 0.7702 0.6023 0.7693 0.6147 0.7558 0.6145
3 16 2.1852 -35.943 0 2.4919 -35.2555 0.9376 2.0112 -35.8572 0.9835 0.7862 0.5888 0.7947 0.6023 0.7845 0.6021
3 16 2.1852 -35.943 0 2.6717 -35.2555 0 2.4919 -35.2555 0.9376 0.7862 0.5888 0.7969 0.5888 0.7947 0.6023
3 16 2.1852 -35.943 0 2.4919 -35.2555 -0.9376 2.6717 -35.2555 0 0.7862 0.5888 0.7947 0.5753 0.7969 0.5888
3 16 1.1651 -36.618 0 2.1852 -35.943 0 2.0112 -35.8572 0.9835 0.7707 0.5888 0.7862 0.5888 0.7845 0.6021
3 16 1.1651 -36.618 0 2.0112 -35.8572 0.9835 1.0785 -36.4373 1.0304 0.7707 0.5888 0.7845 0.6021 0.7702 0.6023
3 16 0 -36.8805 0 1.1651 -36.618 0 1.0785 -36.4373 1.0304 0.7557 0.5887 0.7707 0.5888 0.7702 0.6023
3 16 1.0785 -36.4373 1.0304 0.0068 -36.224 1.875 0.0001 -36.6735 1.04 0.7702 0.6023 0.7558 0.6145 0.7557 0.6023
3 16 0 -36.8805 0 1.0785 -36.4373 1.0304 0.0001 -36.6735 1.04 0.7557 0.5887 0.7702 0.6023 0.7557 0.6023
3 16 0.0001 -36.6735 1.04 0.0068 -36.224 1.875 -0.8872 -36.0316 1.875 0.7557 0.6023 0.7558 0.6145 0.7423 0.6148
3 16 2.1852 -35.943 0 2.0112 -35.8572 -0.9835 2.4919 -35.2555 -0.9376 0.7862 0.5888 0.7846 0.5754 0.7947 0.5753
3 16 1.1651 -36.618 0 2.0112 -35.8572 -0.9835 2.1852 -35.943 0 0.7707 0.5888 0.7846 0.5754 0.7862 0.5888
3 16 2.0112 -35.8572 -0.9835 1.9059 -35.2555 -1.875 2.4919 -35.2555 -0.9376 0.7846 0.5754 0.7874 0.5614 0.7947 0.5753
3 16 2.0112 -35.8572 -0.9835 1.6228 -35.5773 -1.875 1.9059 -35.2555 -1.875 0.7846 0.5754 0.7816 0.5621 0.7874 0.5614
3 16 0.0001 -36.6735 1.04 -0.8872 -36.0316 1.875 -1.0755 -36.4335 1.0288 0.7557 0.6023 0.7423 0.6148 0.7411 0.6023
3 16 -1.0755 -36.4335 1.0288 0 -36.8805 0 0.0001 -36.6735 1.04 0.7411 0.6023 0.7557 0.5887 0.7557 0.6023
3 16 -1.0755 -36.4335 1.0288 -0.8872 -36.0316 1.875 -1.6093 -35.5773 1.875 0.7411 0.6023 0.7423 0.6148 0.73 0.6155
3 16 1.1651 -36.618 0 1.0785 -36.4373 -1.0304 2.0112 -35.8572 -0.9835 0.7707 0.5888 0.7703 0.5752 0.7846 0.5754
3 16 1.6228 -35.5773 -1.875 2.0112 -35.8572 -0.9835 1.0785 -36.4373 -1.0304 0.7816 0.5621 0.7846 0.5754 0.7703 0.5752
3 16 1.0785 -36.4373 -1.0304 1.1651 -36.618 0 0 -36.8805 0 0.7703 0.5752 0.7707 0.5888 0.7557 0.5887
3 16 1.6228 -35.5773 -1.875 1.0785 -36.4373 -1.0304 0.9007 -36.0316 -1.875 0.7816 0.5621 0.7703 0.5752 0.7693 0.5628
3 16 0.0068 -36.224 -1.875 0.9007 -36.0316 -1.875 1.0785 -36.4373 -1.0304 0.7559 0.5629 0.7693 0.5628 0.7703 0.5752
3 16 0.0068 -36.224 -1.875 1.0785 -36.4373 -1.0304 0.0001 -36.6735 -1.04 0.7559 0.5629 0.7703 0.5752 0.7557 0.5752
3 16 1.0785 -36.4373 -1.0304 0 -36.8805 0 0.0001 -36.6735 -1.04 0.7703 0.5752 0.7557 0.5887 0.7557 0.5752
3 16 -0.8872 -36.0316 -1.875 0.0068 -36.224 -1.875 0.0001 -36.6735 -1.04 0.7424 0.5627 0.7559 0.5629 0.7557 0.5752
3 16 -0.8872 -36.0316 -1.875 0.0001 -36.6735 -1.04 -1.0755 -36.4335 -1.0288 0.7424 0.5627 0.7557 0.5752 0.7412 0.5751
3 16 -1.0755 -36.4335 -1.0288 0.0001 -36.6735 -1.04 0 -36.8805 0 0.7412 0.5751 0.7557 0.5752 0.7557 0.5887
3 16 -1.6093 -35.5773 -1.875 -0.8872 -36.0316 -1.875 -1.0755 -36.4335 -1.0288 0.7301 0.562 0.7424 0.5627 0.7412 0.5751
3 16 -1.0755 -36.4335 1.0288 -1.6093 -35.5773 1.875 -2.0024 -35.8511 0.9844 0.7411 0.6023 0.73 0.6155 0.7269 0.6021
3 16 -1.8924 -35.2555 1.875 -2.0024 -35.8511 0.9844 -1.6093 -35.5773 1.875 0.7241 0.6162 0.7269 0.6021 0.73 0.6155
3 16 -1.8924 -35.2555 1.875 -2.4784 -35.2555 0.9376 -2.0024 -35.8511 0.9844 0.7241 0.6162 0.7168 0.6023 0.7269 0.6021
3 16 -1.0755 -36.4335 1.0288 -1.1645 -36.6125 0 0 -36.8805 0 0.7411 0.6023 0.7407 0.5887 0.7557 0.5887
3 16 -1.0755 -36.4335 -1.0288 0 -36.8805 0 -1.1645 -36.6125 0 0.7412 0.5751 0.7557 0.5887 0.7407 0.5887
3 16 -1.1645 -36.6125 0 -1.0755 -36.4335 1.0288 -2.0024 -35.8511 0.9844 0.7407 0.5887 0.7411 0.6023 0.7269 0.6021
3 16 -1.6093 -35.5773 -1.875 -1.0755 -36.4335 -1.0288 -2.0024 -35.8511 -0.9844 0.7301 0.562 0.7412 0.5751 0.7269 0.5753
3 16 -1.1645 -36.6125 0 -2.0024 -35.8511 -0.9844 -1.0755 -36.4335 -1.0288 0.7407 0.5887 0.7269 0.5753 0.7412 0.5751
3 16 -1.8924 -35.2555 -1.875 -1.6093 -35.5773 -1.875 -2.0024 -35.8511 -0.9844 0.7242 0.5612 0.7301 0.562 0.7269 0.5753
3 16 -1.8924 -35.2555 -1.875 -2.0024 -35.8511 -0.9844 -2.4784 -35.2555 -0.9376 0.7242 0.5612 0.7269 0.5753 0.7169 0.5751
3 16 -2.1862 -35.9276 0 -2.0024 -35.8511 0.9844 -2.4784 -35.2555 0.9376 0.7251 0.5887 0.7269 0.6021 0.7168 0.6023
3 16 -1.1645 -36.6125 0 -2.0024 -35.8511 0.9844 -2.1862 -35.9276 0 0.7407 0.5887 0.7269 0.6021 0.7251 0.5887
3 16 -1.1645 -36.6125 0 -2.1862 -35.9276 0 -2.0024 -35.8511 -0.9844 0.7407 0.5887 0.7251 0.5887 0.7269 0.5753
3 16 -2.1862 -35.9276 0 -2.4784 -35.2555 -0.9376 -2.0024 -35.8511 -0.9844 0.7251 0.5887 0.7169 0.5751 0.7269 0.5753
3 16 -2.1862 -35.9276 0 -2.4784 -35.2555 0.9376 -2.6582 -35.2555 0 0.7251 0.5887 0.7168 0.6023 0.7146 0.5887
3 16 -2.1862 -35.9276 0 -2.6582 -35.2555 0 -2.4784 -35.2555 -0.9376 0.7251 0.5887 0.7146 0.5887 0.7169 0.5751
3 16 -46.9113 0.2212 -0.9835 -46.806 -0.3805 -1.875 -47.3919 -0.3805 -0.9376 0.9087 0.5439 0.9059 0.558 0.8986 0.5441
3 16 -46.9113 0.2212 -0.9835 -46.5228 -0.0588 -1.875 -46.806 -0.3805 -1.875 0.9087 0.5439 0.9117 0.5572 0.9059 0.558
3 16 -47.0852 0.307 0 -46.9113 0.2212 -0.9835 -47.3919 -0.3805 -0.9376 0.9071 0.5305 0.9087 0.5439 0.8986 0.5441
3 16 -47.0852 0.307 0 -47.3919 -0.3805 -0.9376 -47.5717 -0.3805 0 0.9071 0.5305 0.8986 0.5441 0.8963 0.5305
3 16 -47.0852 0.307 0 -47.5717 -0.3805 0 -47.3919 -0.3805 0.9376 0.9071 0.5305 0.8963 0.5305 0.8986 0.517
3 16 -46.5228 -0.0588 -1.875 -46.9113 0.2212 -0.9835 -45.9786 0.8012 -1.0304 0.9117 0.5572 0.9087 0.5439 0.9231 0.5441
3 16 -46.5228 -0.0588 -1.875 -45.9786 0.8012 -1.0304 -45.8008 0.3955 -1.875 0.9117 0.5572 0.9231 0.5441 0.924 0.5565
3 16 -44.9068 0.588 -1.875 -45.8008 0.3955 -1.875 -45.9786 0.8012 -1.0304 0.9375 0.5564 0.924 0.5565 0.9231 0.5441
3 16 -47.0852 0.307 0 -47.3919 -0.3805 0.9376 -46.9113 0.2212 0.9835 0.9071 0.5305 0.8986 0.517 0.9087 0.5172
3 16 -46.9113 0.2212 0.9835 -47.3919 -0.3805 0.9376 -46.806 -0.3805 1.875 0.9087 0.5172 0.8986 0.517 0.9059 0.5031
3 16 -46.9113 0.2212 0.9835 -46.806 -0.3805 1.875 -46.5228 -0.0588 1.875 0.9087 0.5172 0.9059 0.5031 0.9117 0.5039
3 16 -46.0651 0.9819 0 -46.9113 0.2212 -0.9835 -47.0852 0.307 0 0.9226 0.5305 0.9087 0.5439 0.9071 0.5305
3 16 -46.0651 0.9819 0 -47.0852 0.307 0 -46.9113 0.2212 0.9835 0.9226 0.5305 0.9071 0.5305 0.9087 0.5172
3 16 -46.0651 0.9819 0 -45.9786 0.8012 -1.0304 -46.9113 0.2212 -0.9835 0.9226 0.5305 0.9231 0.5441 0.9087 0.5439
3 16 -45.9786 0.8012 -1.0304 -46.0651 0.9819 0 -44.9 1.2444 0 0.9231 0.5441 0.9226 0.5305 0.9377 0.5305
3 16 -44.9068 0.588 -1.875 -45.9786 0.8012 -1.0304 -44.9001 1.0374 -1.04 0.9375 0.5564 0.9231 0.5441 0.9376 0.5441
3 16 -45.9786 0.8012 -1.0304 -44.9 1.2444 0 -44.9001 1.0374 -1.04 0.9231 0.5441 0.9377 0.5305 0.9376 0.5441
3 16 -44.0128 0.3955 -1.875 -44.9068 0.588 -1.875 -44.9001 1.0374 -1.04 0.951 0.5566 0.9375 0.5564 0.9376 0.5441
3 16 -46.5228 -0.0588 1.875 -45.9786 0.8012 1.0304 -46.9113 0.2212 0.9835 0.9117 0.5039 0.923 0.517 0.9087 0.5172
3 16 -46.0651 0.9819 0 -46.9113 0.2212 0.9835 -45.9786 0.8012 1.0304 0.9226 0.5305 0.9087 0.5172 0.923 0.517
3 16 -44.9 1.2444 0 -46.0651 0.9819 0 -45.9786 0.8012 1.0304 0.9377 0.5305 0.9226 0.5305 0.923 0.517
3 16 -46.5228 -0.0588 1.875 -45.8008 0.3955 1.875 -45.9786 0.8012 1.0304 0.9117 0.5039 0.924 0.5046 0.923 0.517
3 16 -45.9786 0.8012 1.0304 -45.8008 0.3955 1.875 -44.9068 0.588 1.875 0.923 0.517 0.924 0.5046 0.9375 0.5047
3 16 -44.0128 0.3955 -1.875 -44.9001 1.0374 -1.04 -43.8245 0.7975 -1.0288 0.951 0.5566 0.9376 0.5441 0.9522 0.5441
3 16 -43.8245 0.7975 -1.0288 -44.9001 1.0374 -1.04 -44.9 1.2444 0 0.9522 0.5441 0.9376 0.5441 0.9377 0.5305
3 16 -43.2907 -0.0588 -1.875 -44.0128 0.3955 -1.875 -43.8245 0.7975 -1.0288 0.9633 0.5573 0.951 0.5566 0.9522 0.5441
3 16 -45.9786 0.8012 1.0304 -44.9068 0.588 1.875 -44.9001 1.0374 1.04 0.923 0.517 0.9375 0.5047 0.9376 0.517
3 16 -44.9 1.2444 0 -45.9786 0.8012 1.0304 -44.9001 1.0374 1.04 0.9377 0.5305 0.923 0.517 0.9376 0.517
3 16 -44.9001 1.0374 1.04 -44.9068 0.588 1.875 -44.0128 0.3955 1.875 0.9376 0.517 0.9375 0.5047 0.951 0.5045
3 16 -44.9001 1.0374 1.04 -44.0128 0.3955 1.875 -43.8245 0.7975 1.0288 0.9376 0.517 0.951 0.5045 0.9522 0.5169
3 16 -43.8245 0.7975 1.0288 -44.9 1.2444 0 -44.9001 1.0374 1.04 0.9522 0.5169 0.9377 0.5305 0.9376 0.517
3 16 -43.8245 0.7975 1.0288 -44.0128 0.3955 1.875 -43.2907 -0.0588 1.875 0.9522 0.5169 0.951 0.5045 0.9633 0.5038
3 16 -43.2907 -0.0588 -1.875 -43.8245 0.7975 -1.0288 -42.8976 0.2151 -0.9844 0.9633 0.5573 0.9522 0.5441 0.9664 0.544
3 16 -43.0076 -0.3805 -1.875 -43.2907 -0.0588 -1.875 -42.8976 0.2151 -0.9844 0.9692 0.558 0.9633 0.5573 0.9664 0.544
3 16 -43.0076 -0.3805 -1.875 -42.8976 0.2151 -0.9844 -42.4216 -0.3805 -0.9376 0.9692 0.558 0.9664 0.544 0.9765 0.5441
3 16 -43.8245 0.7975 -1.0288 -44.9 1.2444 0 -43.7355 0.9764 0 0.9522 0.5441 0.9377 0.5305 0.9526 0.5305
3 16 -43.8245 0.7975 1.0288 -43.7355 0.9764 0 -44.9 1.2444 0 0.9522 0.5169 0.9526 0.5305 0.9377 0.5305
3 16 -43.7355 0.9764 0 -42.8976 0.2151 -0.9844 -43.8245 0.7975 -1.0288 0.9526 0.5305 0.9664 0.544 0.9522 0.5441
3 16 -43.8245 0.7975 1.0288 -43.2907 -0.0588 1.875 -42.8976 0.2151 0.9844 0.9522 0.5169 0.9633 0.5038 0.9664 0.5171
3 16 -43.7355 0.9764 0 -43.8245 0.7975 1.0288 -42.8976 0.2151 0.9844 0.9526 0.5305 0.9522 0.5169 0.9664 0.5171
3 16 -43.0076 -0.3805 1.875 -42.8976 0.2151 0.9844 -43.2907 -0.0588 1.875 0.9692 0.503 0.9664 0.5171 0.9633 0.5038
3 16 -43.0076 -0.3805 1.875 -42.4216 -0.3805 0.9376 -42.8976 0.2151 0.9844 0.9692 0.503 0.9765 0.5169 0.9664 0.5171
3 16 -42.7138 0.2915 0 -42.4216 -0.3805 -0.9376 -42.8976 0.2151 -0.9844 0.9682 0.5305 0.9765 0.5441 0.9664 0.544
3 16 -43.7355 0.9764 0 -42.7138 0.2915 0 -42.8976 0.2151 -0.9844 0.9526 0.5305 0.9682 0.5305 0.9664 0.544
3 16 -43.7355 0.9764 0 -42.8976 0.2151 0.9844 -42.7138 0.2915 0 0.9526 0.5305 0.9664 0.5171 0.9682 0.5305
3 16 -42.7138 0.2915 0 -42.8976 0.2151 0.9844 -42.4216 -0.3805 0.9376 0.9682 0.5305 0.9664 0.5171 0.9765 0.5169
3 16 -42.7138 0.2915 0 -42.2418 -0.3805 0 -42.4216 -0.3805 -0.9376 0.9682 0.5305 0.9787 0.5305 0.9765 0.5441
3 16 -42.7138 0.2915 0 -42.4216 -0.3805 0.9376 -42.2418 -0.3805 0 0.9682 0.5305 0.9765 0.5169 0.9787 0.5305
3 16 2.0112 0.2212 0.9835 1.9059 -0.3805 1.875 2.4919 -0.3805 0.9376 0.8379 0.5154 0.8238 0.5126 0.8377 0.5053
3 16 2.0112 0.2212 0.9835 1.6228 -0.0588 1.875 1.9059 -0.3805 1.875 0.8379 0.5154 0.8246 0.5184 0.8238 0.5126
3 16 2.1852 0.307 0 2.0112 0.2212 0.9835 2.4919 -0.3805 0.9376 0.8513 0.5138 0.8379 0.5154 0.8377 0.5053
3 16 2.1852 0.307 0 2.4919 -0.3805 0.9376 2.6717 -0.3805 0 0.8513 0.5138 0.8377 0.5053 0.8513 0.5031
3 16 2.1852 0.307 0 2.6717 -0.3805 0 2.4919 -0.3805 -0.9376 0.8513 0.5138 0.8513 0.5031 0.8648 0.5053
3 16 1.6228 -0.0588 1.875 2.0112 0.2212 0.9835 1.0785 0.8012 1.0304 0.8246 0.5184 0.8379 0.5154 0.8377 0.5298
3 16 1.6228 -0.0588 1.875 1.0785 0.8012 1.0304 0.9007 0.3955 1.875 0.8246 0.5184 0.8377 0.5298 0.8253 0.5307
3 16 0.0068 0.588 1.875 0.9007 0.3955 1.875 1.0785 0.8012 1.0304 0.8254 0.5442 0.8253 0.5307 0.8377 0.5298
3 16 2.1852 0.307 0 2.4919 -0.3805 -0.9376 2.0112 0.2212 -0.9835 0.8513 0.5138 0.8648 0.5053 0.8647 0.5155
3 16 2.0112 0.2212 -0.9835 2.4919 -0.3805 -0.9376 1.9059 -0.3805 -1.875 0.8647 0.5155 0.8648 0.5053 0.8787 0.5126
3 16 2.0112 0.2212 -0.9835 1.9059 -0.3805 -1.875 1.6228 -0.0588 -1.875 0.8647 0.5155 0.8787 0.5126 0.878 0.5185
3 16 1.1651 0.9819 0 2.0112 0.2212 0.9835 2.1852 0.307 0 0.8513 0.5294 0.8379 0.5154 0.8513 0.5138
3 16 1.1651 0.9819 0 2.1852 0.307 0 2.0112 0.2212 -0.9835 0.8513 0.5294 0.8513 0.5138 0.8647 0.5155
3 16 1.1651 0.9819 0 1.0785 0.8012 1.0304 2.0112 0.2212 0.9835 0.8513 0.5294 0.8377 0.5298 0.8379 0.5154
3 16 1.0785 0.8012 1.0304 1.1651 0.9819 0 0 1.2444 0 0.8377 0.5298 0.8513 0.5294 0.8512 0.5444
3 16 0.0068 0.588 1.875 1.0785 0.8012 1.0304 0.0001 1.0374 1.04 0.8254 0.5442 0.8377 0.5298 0.8377 0.5443
3 16 1.0785 0.8012 1.0304 0 1.2444 0 0.0001 1.0374 1.04 0.8377 0.5298 0.8512 0.5444 0.8377 0.5443
3 16 -0.8872 0.3955 1.875 0.0068 0.588 1.875 0.0001 1.0374 1.04 0.8252 0.5577 0.8254 0.5442 0.8377 0.5443
3 16 1.6228 -0.0588 -1.875 1.0785 0.8012 -1.0304 2.0112 0.2212 -0.9835 0.878 0.5185 0.8648 0.5298 0.8647 0.5155
3 16 1.1651 0.9819 0 2.0112 0.2212 -0.9835 1.0785 0.8012 -1.0304 0.8513 0.5294 0.8647 0.5155 0.8648 0.5298
3 16 0 1.2444 0 1.1651 0.9819 0 1.0785 0.8012 -1.0304 0.8512 0.5444 0.8513 0.5294 0.8648 0.5298
3 16 1.6228 -0.0588 -1.875 0.9007 0.3955 -1.875 1.0785 0.8012 -1.0304 0.878 0.5185 0.8772 0.5308 0.8648 0.5298
3 16 1.0785 0.8012 -1.0304 0.9007 0.3955 -1.875 0.0068 0.588 -1.875 0.8648 0.5298 0.8772 0.5308 0.8771 0.5442
3 16 -0.8872 0.3955 1.875 0.0001 1.0374 1.04 -1.0755 0.7975 1.0288 0.8252 0.5577 0.8377 0.5443 0.8376 0.5589
3 16 -1.0755 0.7975 1.0288 0.0001 1.0374 1.04 0 1.2444 0 0.8376 0.5589 0.8377 0.5443 0.8512 0.5444
3 16 -1.6093 -0.0588 1.875 -0.8872 0.3955 1.875 -1.0755 0.7975 1.0288 0.8245 0.57 0.8252 0.5577 0.8376 0.5589
3 16 1.0785 0.8012 -1.0304 0.0068 0.588 -1.875 0.0001 1.0374 -1.04 0.8648 0.5298 0.8771 0.5442 0.8648 0.5444
3 16 0 1.2444 0 1.0785 0.8012 -1.0304 0.0001 1.0374 -1.04 0.8512 0.5444 0.8648 0.5298 0.8648 0.5444
3 16 0.0001 1.0374 -1.04 0.0068 0.588 -1.875 -0.8872 0.3955 -1.875 0.8648 0.5444 0.8771 0.5442 0.8773 0.5577
3 16 0.0001 1.0374 -1.04 -0.8872 0.3955 -1.875 -1.0755 0.7975 -1.0288 0.8648 0.5444 0.8773 0.5577 0.8648 0.5589
3 16 -1.0755 0.7975 -1.0288 0 1.2444 0 0.0001 1.0374 -1.04 0.8648 0.5589 0.8512 0.5444 0.8648 0.5444
3 16 -1.0755 0.7975 -1.0288 -0.8872 0.3955 -1.875 -1.6093 -0.0588 -1.875 0.8648 0.5589 0.8773 0.5577 0.878 0.5701
3 16 -1.6093 -0.0588 1.875 -1.0755 0.7975 1.0288 -2.0024 0.2151 0.9844 0.8245 0.57 0.8376 0.5589 0.8378 0.5731
3 16 -1.8924 -0.3805 1.875 -1.6093 -0.0588 1.875 -2.0024 0.2151 0.9844 0.8237 0.5759 0.8245 0.57 0.8378 0.5731
3 16 -1.8924 -0.3805 1.875 -2.0024 0.2151 0.9844 -2.4784 -0.3805 0.9376 0.8237 0.5759 0.8378 0.5731 0.8376 0.5832
3 16 -1.0755 0.7975 1.0288 0 1.2444 0 -1.1645 0.9764 0 0.8376 0.5589 0.8512 0.5444 0.8512 0.5594
3 16 -1.0755 0.7975 -1.0288 -1.1645 0.9764 0 0 1.2444 0 0.8648 0.5589 0.8512 0.5594 0.8512 0.5444
3 16 -1.1645 0.9764 0 -2.0024 0.2151 0.9844 -1.0755 0.7975 1.0288 0.8512 0.5594 0.8378 0.5731 0.8376 0.5589
3 16 -1.0755 0.7975 -1.0288 -1.6093 -0.0588 -1.875 -2.0024 0.2151 -0.9844 0.8648 0.5589 0.878 0.5701 0.8647 0.5732
3 16 -1.1645 0.9764 0 -1.0755 0.7975 -1.0288 -2.0024 0.2151 -0.9844 0.8512 0.5594 0.8648 0.5589 0.8647 0.5732
3 16 -1.8924 -0.3805 -1.875 -2.0024 0.2151 -0.9844 -1.6093 -0.0588 -1.875 0.8787 0.5759 0.8647 0.5732 0.878 0.5701
3 16 -1.8924 -0.3805 -1.875 -2.4784 -0.3805 -0.9376 -2.0024 0.2151 -0.9844 0.8787 0.5759 0.8648 0.5832 0.8647 0.5732
3 16 -2.1862 0.2915 0 -2.4784 -0.3805 0.9376 -2.0024 0.2151 0.9844 0.8512 0.575 0.8376 0.5832 0.8378 0.5731
3 16 -1.1645 0.9764 0 -2.1862 0.2915 0 -2.0024 0.2151 0.9844 0.8512 0.5594 0.8512 0.575 0.8378 0.5731
3 16 -1.1645 0.9764 0 -2.0024 0.2151 -0.9844 -2.1862 0.2915 0 0.8512 0.5594 0.8647 0.5732 0.8512 0.575
3 16 -2.1862 0.2915 0 -2.0024 0.2151 -0.9844 -2.4784 -0.3805 -0.9376 0.8512 0.575 0.8647 0.5732 0.8648 0.5832
3 16 -2.1862 0.2915 0 -2.6582 -0.3805 0 -2.4784 -0.3805 0.9376 0.8512 0.575 0.8512 0.5855 0.8376 0.5832
3 16 -2.1862 0.2915 0 -2.4784 -0.3805 -0.9376 -2.6582 -0.3805 0 0.8512 0.575 0.8648 0.5832 0.8512 0.5855
3 16 -46.9113 -35.8572 -0.9835 -46.806 -35.2555 -1.875 -46.5228 -35.5773 -1.875 0.9609 0.6102 0.9638 0.6243 0.958 0.6235
3 16 -46.9113 -35.8572 -0.9835 -47.3919 -35.2555 -0.9376 -46.806 -35.2555 -1.875 0.9609 0.6102 0.9711 0.6104 0.9638 0.6243
3 16 -46.5228 -35.5773 -1.875 -45.9786 -36.4373 -1.0304 -46.9113 -35.8572 -0.9835 0.958 0.6235 0.9466 0.6104 0.9609 0.6102
3 16 -46.5228 -35.5773 -1.875 -45.8008 -36.0316 -1.875 -45.9786 -36.4373 -1.0304 0.958 0.6235 0.9457 0.6228 0.9466 0.6104
3 16 -45.9786 -36.4373 -1.0304 -45.8008 -36.0316 -1.875 -44.9068 -36.224 -1.875 0.9466 0.6104 0.9457 0.6228 0.9322 0.6227
3 16 -47.0852 -35.943 0 -47.3919 -35.2555 -0.9376 -46.9113 -35.8572 -0.9835 0.9626 0.5969 0.9711 0.6104 0.9609 0.6102
3 16 -47.0852 -35.943 0 -47.5717 -35.2555 0 -47.3919 -35.2555 -0.9376 0.9626 0.5969 0.9733 0.5969 0.9711 0.6104
3 16 -47.0852 -35.943 0 -47.3919 -35.2555 0.9376 -47.5717 -35.2555 0 0.9626 0.5969 0.9711 0.5833 0.9733 0.5969
3 16 -46.0651 -36.618 0 -47.0852 -35.943 0 -46.9113 -35.8572 -0.9835 0.947 0.5969 0.9626 0.5969 0.9609 0.6102
3 16 -46.0651 -36.618 0 -46.9113 -35.8572 -0.9835 -45.9786 -36.4373 -1.0304 0.947 0.5969 0.9609 0.6102 0.9466 0.6104
3 16 -44.9 -36.8805 0 -46.0651 -36.618 0 -45.9786 -36.4373 -1.0304 0.932 0.5969 0.947 0.5969 0.9466 0.6104
3 16 -45.9786 -36.4373 -1.0304 -44.9068 -36.224 -1.875 -44.9001 -36.6735 -1.04 0.9466 0.6104 0.9322 0.6227 0.9321 0.6104
3 16 -44.9 -36.8805 0 -45.9786 -36.4373 -1.0304 -44.9001 -36.6735 -1.04 0.932 0.5969 0.9466 0.6104 0.9321 0.6104
3 16 -44.9001 -36.6735 -1.04 -44.9068 -36.224 -1.875 -44.0128 -36.0316 -1.875 0.9321 0.6104 0.9322 0.6227 0.9187 0.6229
3 16 -47.0852 -35.943 0 -46.9113 -35.8572 0.9835 -47.3919 -35.2555 0.9376 0.9626 0.5969 0.9609 0.5835 0.9711 0.5833
3 16 -46.0651 -36.618 0 -46.9113 -35.8572 0.9835 -47.0852 -35.943 0 0.947 0.5969 0.9609 0.5835 0.9626 0.5969
3 16 -46.9113 -35.8572 0.9835 -46.806 -35.2555 1.875 -47.3919 -35.2555 0.9376 0.9609 0.5835 0.9638 0.5695 0.9711 0.5833
3 16 -46.9113 -35.8572 0.9835 -46.5228 -35.5773 1.875 -46.806 -35.2555 1.875 0.9609 0.5835 0.958 0.5702 0.9638 0.5695
3 16 -44.9001 -36.6735 -1.04 -44.0128 -36.0316 -1.875 -43.8245 -36.4335 -1.0288 0.9321 0.6104 0.9187 0.6229 0.9175 0.6105
3 16 -43.8245 -36.4335 -1.0288 -44.9 -36.8805 0 -44.9001 -36.6735 -1.04 0.9175 0.6105 0.932 0.5969 0.9321 0.6104
3 16 -43.8245 -36.4335 -1.0288 -44.0128 -36.0316 -1.875 -43.2907 -35.5773 -1.875 0.9175 0.6105 0.9187 0.6229 0.9064 0.6236
3 16 -46.0651 -36.618 0 -45.9786 -36.4373 1.0304 -46.9113 -35.8572 0.9835 0.947 0.5969 0.9466 0.5833 0.9609 0.5835
3 16 -46.5228 -35.5773 1.875 -46.9113 -35.8572 0.9835 -45.9786 -36.4373 1.0304 0.958 0.5702 0.9609 0.5835 0.9466 0.5833
3 16 -45.9786 -36.4373 1.0304 -46.0651 -36.618 0 -44.9 -36.8805 0 0.9466 0.5833 0.947 0.5969 0.932 0.5969
3 16 -46.5228 -35.5773 1.875 -45.9786 -36.4373 1.0304 -45.8008 -36.0316 1.875 0.958 0.5702 0.9466 0.5833 0.9457 0.571
3 16 -44.9068 -36.224 1.875 -45.8008 -36.0316 1.875 -45.9786 -36.4373 1.0304 0.9322 0.5711 0.9457 0.571 0.9466 0.5833
3 16 -44.9068 -36.224 1.875 -45.9786 -36.4373 1.0304 -44.9001 -36.6735 1.04 0.9322 0.5711 0.9466 0.5833 0.9321 0.5833
3 16 -45.9786 -36.4373 1.0304 -44.9 -36.8805 0 -44.9001 -36.6735 1.04 0.9466 0.5833 0.932 0.5969 0.9321 0.5833
3 16 -44.0128 -36.0316 1.875 -44.9068 -36.224 1.875 -44.9001 -36.6735 1.04 0.9187 0.5708 0.9322 0.5711 0.9321 0.5833
3 16 -44.0128 -36.0316 1.875 -44.9001 -36.6735 1.04 -43.8245 -36.4335 1.0288 0.9187 0.5708 0.9321 0.5833 0.9175 0.5833
3 16 -43.8245 -36.4335 1.0288 -44.9001 -36.6735 1.04 -44.9 -36.8805 0 0.9175 0.5833 0.9321 0.5833 0.932 0.5969
3 16 -43.2907 -35.5773 1.875 -44.0128 -36.0316 1.875 -43.8245 -36.4335 1.0288 0.9064 0.5701 0.9187 0.5708 0.9175 0.5833
3 16 -43.8245 -36.4335 -1.0288 -43.2907 -35.5773 -1.875 -42.8976 -35.8511 -0.9844 0.9175 0.6105 0.9064 0.6236 0.9033 0.6103
3 16 -43.0076 -35.2555 -1.875 -42.8976 -35.8511 -0.9844 -43.2907 -35.5773 -1.875 0.9006 0.6244 0.9033 0.6103 0.9064 0.6236
3 16 -43.0076 -35.2555 -1.875 -42.4216 -35.2555 -0.9376 -42.8976 -35.8511 -0.9844 0.9006 0.6244 0.8932 0.6105 0.9033 0.6103
3 16 -43.8245 -36.4335 -1.0288 -43.7355 -36.6125 0 -44.9 -36.8805 0 0.9175 0.6105 0.9171 0.5969 0.932 0.5969
3 16 -43.8245 -36.4335 1.0288 -44.9 -36.8805 0 -43.7355 -36.6125 0 0.9175 0.5833 0.932 0.5969 0.9171 0.5969
3 16 -43.7355 -36.6125 0 -43.8245 -36.4335 -1.0288 -42.8976 -35.8511 -0.9844 0.9171 0.5969 0.9175 0.6105 0.9033 0.6103
3 16 -43.2907 -35.5773 1.875 -43.8245 -36.4335 1.0288 -42.8976 -35.8511 0.9844 0.9064 0.5701 0.9175 0.5833 0.9033 0.5834
3 16 -43.7355 -36.6125 0 -42.8976 -35.8511 0.9844 -43.8245 -36.4335 1.0288 0.9171 0.5969 0.9033 0.5834 0.9175 0.5833
3 16 -43.0076 -35.2555 1.875 -43.2907 -35.5773 1.875 -42.8976 -35.8511 0.9844 0.9006 0.5694 0.9064 0.5701 0.9033 0.5834
3 16 -43.0076 -35.2555 1.875 -42.8976 -35.8511 0.9844 -42.4216 -35.2555 0.9376 0.9006 0.5694 0.9033 0.5834 0.8932 0.5833
3 16 -42.7138 -35.9276 0 -42.8976 -35.8511 -0.9844 -42.4216 -35.2555 -0.9376 0.9015 0.5969 0.9033 0.6103 0.8932 0.6105
3 16 -43.7355 -36.6125 0 -42.8976 -35.8511 -0.9844 -42.7138 -35.9276 0 0.9171 0.5969 0.9033 0.6103 0.9015 0.5969
3 16 -43.7355 -36.6125 0 -42.7138 -35.9276 0 -42.8976 -35.8511 0.9844 0.9171 0.5969 0.9015 0.5969 0.9033 0.5834
3 16 -42.7138 -35.9276 0 -42.4216 -35.2555 0.9376 -42.8976 -35.8511 0.9844 0.9015 0.5969 0.8932 0.5833 0.9033 0.5834
3 16 -42.7138 -35.9276 0 -42.4216 -35.2555 -0.9376 -42.2418 -35.2555 0 0.9015 0.5969 0.8932 0.6105 0.891 0.5969
3 16 -42.7138 -35.9276 0 -42.2418 -35.2555 0 -42.4216 -35.2555 0.9376 0.9015 0.5969 0.891 0.5969 0.8932 0.5833
2 24 -48.2125 -35.2555 1.875 -46.806 -35.2555 1.875
2 24 -47.3919 -35.2555 0.9376 -46.806 -35.2555 1.875
2 24 -47.3919 -35.2555 0.9376 -47.5717 -35.2555 0
2 24 -48.2125 -35.2555 1.875 -48.2125 -35.2555 -1.875
2 24 -47.5717 -35.2555 0 -47.3919 -35.2555 -0.9376
2 24 -47.3919 -35.2555 -0.9376 -46.806 -35.2555 -1.875
2 24 -48.2125 -35.2555 -1.875 -46.806 -35.2555 -1.875
2 24 3.3125 -35.2555 -1.875 1.9059 -35.2555 -1.875
2 24 2.4919 -35.2555 -0.9376 1.9059 -35.2555 -1.875
2 24 2.4919 -35.2555 -0.9376 2.6717 -35.2555 0
2 24 3.3125 -35.2555 -1.875 3.3125 -35.2555 1.875
2 24 2.6717 -35.2555 0 2.4919 -35.2555 0.9376
2 24 2.4919 -35.2555 0.9376 1.9059 -35.2555 1.875
2 24 3.3125 -35.2555 1.875 1.9059 -35.2555 1.875
2 24 -1.8924 -35.2555 -1.875 -43.0076 -35.2555 -1.875
2 24 -43.0076 -35.2555 -1.875 -42.4216 -35.2555 -0.9376
2 24 -1.8924 -35.2555 -1.875 -2.4784 -35.2555 -0.9376
2 24 -42.4216 -35.2555 -0.9376 -42.2418 -35.2555 0
2 24 -2.4784 -35.2555 -0.9376 -2.6582 -35.2555 0
2 24 -42.2418 -35.2555 0 -42.4216 -35.2555 0.9376
2 24 -2.6582 -35.2555 0 -2.4784 -35.2555 0.9376
2 24 -42.4216 -35.2555 0.9376 -43.0076 -35.2555 1.875
2 24 -2.4784 -35.2555 0.9376 -1.8924 -35.2555 1.875
2 24 -43.0076 -35.2555 1.875 -1.8924 -35.2555 1.875
2 24 -47.3919 -0.3805 0.9376 -46.806 -0.3805 1.875
2 24 -46.806 -0.3805 1.875 -48.2125 -0.3805 1.875
2 24 -47.3919 -0.3805 0.9376 -47.5717 -0.3805 0
2 24 -48.2125 -0.3805 1.875 -48.2125 -0.3805 -1.875
2 24 -47.5717 -0.3805 0 -47.3919 -0.3805 -0.9376
2 24 -48.2125 -0.3805 -1.875 -46.806 -0.3805 -1.875
2 24 -47.3919 -0.3805 -0.9376 -46.806 -0.3805 -1.875
2 24 -48.2125 -35.2555 -1.875 -48.2125 -0.3805 -1.875
2 24 -48.2125 -35.2555 -1.875 -48.2125 -35.2555 1.875
2 24 -48.2125 -0.3805 -1.875 -48.2125 -0.3805 1.875
2 24 -48.2125 -35.2555 1.875 -48.2125 -0.3805 1.875
2 24 2.4919 -0.3805 -0.9376 1.9059 -0.3805 -1.875
2 24 1.9059 -0.3805 -1.875 3.3125 -0.3805 -1.875
2 24 2.4919 -0.3805 -0.9376 2.6717 -0.3805 0
2 24 3.3125 -0.3805 -1.875 3.3125 -0.3805 1.875
2 24 2.6717 -0.3805 0 2.4919 -0.3805 0.9376
2 24 3.3125 -0.3805 1.875 1.9059 -0.3805 1.875
2 24 2.4919 -0.3805 0.9376 1.9059 -0.3805 1.875
2 24 3.3125 -35.2555 1.875 3.3125 -0.3805 1.875
2 24 3.3125 -35.2555 1.875 3.3125 -35.2555 -1.875
2 24 3.3125 -0.3805 1.875 3.3125 -0.3805 -1.875
2 24 3.3125 -35.2555 -1.875 3.3125 -0.3805 -1.875
2 24 -48.2125 -0.3805 -1.875 -48.2125 -35.2555 -1.875
2 24 -48.2125 -35.2555 -1.875 -46.806 -35.2555 -1.875
2 24 -48.2125 -0.3805 -1.875 -46.806 -0.3805 -1.875
2 24 -46.806 -0.3805 -1.875 -46.5228 -0.0588 -1.875
2 24 -46.806 -35.2555 -1.875 -46.5228 -35.5773 -1.875
2 24 -46.5228 -0.0588 -1.875 -45.8008 0.3955 -1.875
2 24 -46.5228 -35.5773 -1.875 -45.8008 -36.0316 -1.875
2 24 -45.8008 0.3955 -1.875 -44.9068 0.588 -1.875
2 24 -45.8008 -36.0316 -1.875 -44.9068 -36.224 -1.875
2 24 -44.9068 0.588 -1.875 -44.0128 0.3955 -1.875
2 24 -44.9068 -36.224 -1.875 -44.0128 -36.0316 -1.875
2 24 -44.0128 -36.0316 -1.875 -43.2907 -35.5773 -1.875
2 24 -44.0128 0.3955 -1.875 -43.2907 -0.0588 -1.875
2 24 -43.2907 -35.5773 -1.875 -43.0076 -35.2555 -1.875
2 24 -43.2907 -0.0588 -1.875 -43.0076 -0.3805 -1.875
2 24 -43.0076 -0.3805 -1.875 -1.8924 -0.3805 -1.875
2 24 -43.0076 -35.2555 -1.875 -1.8924 -35.2555 -1.875
2 24 -1.8924 -35.2555 -1.875 -1.6093 -35.5773 -1.875
2 24 -1.8924 -0.3805 -1.875 -1.6093 -0.0588 -1.875
2 24 -1.6093 -35.5773 -1.875 -0.8872 -36.0316 -1.875
2 24 -1.6093 -0.0588 -1.875 -0.8872 0.3955 -1.875
2 24 -0.8872 -36.0316 -1.875 0.0068 -36.224 -1.875
2 24 -0.8872 0.3955 -1.875 0.0068 0.588 -1.875
2 24 0.0068 -36.224 -1.875 0.9007 -36.0316 -1.875
2 24 0.9007 -36.0316 -1.875 1.6228 -35.5773 -1.875
2 24 0.0068 0.588 -1.875 0.9007 0.3955 -1.875
2 24 1.6228 -35.5773 -1.875 1.9059 -35.2555 -1.875
2 24 0.9007 0.3955 -1.875 1.6228 -0.0588 -1.875
2 24 1.6228 -0.0588 -1.875 1.9059 -0.3805 -1.875
2 24 1.9059 -35.2555 -1.875 3.3125 -35.2555 -1.875
2 24 3.3125 -35.2555 -1.875 3.3125 -0.3805 -1.875
2 24 1.9059 -0.3805 -1.875 3.3125 -0.3805 -1.875
2 24 -48.2125 -35.2555 1.875 -48.2125 -0.3805 1.875
2 24 -48.2125 -0.3805 1.875 -46.806 -0.3805 1.875
2 24 -48.2125 -35.2555 1.875 -46.806 -35.2555 1.875
2 24 -46.806 -35.2555 1.875 -46.5228 -35.5773 1.875
2 24 -46.806 -0.3805 1.875 -46.5228 -0.0588 1.875
2 24 -46.5228 -35.5773 1.875 -45.8008 -36.0316 1.875
2 24 -46.5228 -0.0588 1.875 -45.8008 0.3955 1.875
2 24 -45.8008 -36.0316 1.875 -44.9068 -36.224 1.875
2 24 -45.8008 0.3955 1.875 -44.9068 0.588 1.875
2 24 -44.9068 -36.224 1.875 -44.0128 -36.0316 1.875
2 24 -44.9068 0.588 1.875 -44.0128 0.3955 1.875
2 24 -44.0128 0.3955 1.875 -43.2907 -0.0588 1.875
2 24 -44.0128 -36.0316 1.875 -43.2907 -35.5773 1.875
2 24 -43.2907 -0.0588 1.875 -43.0076 -0.3805 1.875
2 24 -43.2907 -35.5773 1.875 -43.0076 -35.2555 1.875
2 24 -43.0076 -0.3805 1.875 -1.8924 -0.3805 1.875
2 24 -43.0076 -35.2555 1.875 -1.8924 -35.2555 1.875
2 24 -1.8924 -35.2555 1.875 -1.6093 -35.5773 1.875
2 24 -1.8924 -0.3805 1.875 -1.6093 -0.0588 1.875
2 24 -1.6093 -35.5773 1.875 -0.8872 -36.0316 1.875
2 24 -1.6093 -0.0588 1.875 -0.8872 0.3955 1.875
2 24 -0.8872 -36.0316 1.875 0.0068 -36.224 1.875
2 24 -0.8872 0.3955 1.875 0.0068 0.588 1.875
2 24 0.0068 -36.224 1.875 0.9007 -36.0316 1.875
2 24 0.0068 0.588 1.875 0.9007 0.3955 1.875
2 24 0.9007 0.3955 1.875 1.6228 -0.0588 1.875
2 24 0.9007 -36.0316 1.875 1.6228 -35.5773 1.875
2 24 1.6228 -0.0588 1.875 1.9059 -0.3805 1.875
2 24 1.6228 -35.5773 1.875 1.9059 -35.2555 1.875
2 24 1.9059 -0.3805 1.875 3.3125 -0.3805 1.875
2 24 3.3125 -0.3805 1.875 3.3125 -35.2555 1.875
2 24 1.9059 -35.2555 1.875 3.3125 -35.2555 1.875
2 24 -1.8924 -0.3805 1.875 -43.0076 -0.3805 1.875
2 24 -43.0076 -0.3805 1.875 -42.4216 -0.3805 0.9376
2 24 -1.8924 -0.3805 1.875 -2.4784 -0.3805 0.9376
2 24 -42.4216 -0.3805 0.9376 -42.2418 -0.3805 0
2 24 -2.4784 -0.3805 0.9376 -2.6582 -0.3805 0
2 24 -42.2418 -0.3805 0 -42.4216 -0.3805 -0.9376
2 24 -2.6582 -0.3805 0 -2.4784 -0.3805 -0.9376
2 24 -42.4216 -0.3805 -0.9376 -43.0076 -0.3805 -1.875
2 24 -2.4784 -0.3805 -0.9376 -1.8924 -0.3805 -1.875
2 24 -43.0076 -0.3805 -1.875 -1.8924 -0.3805 -1.875
2 24 1.6228 -35.5773 1.875 1.9059 -35.2555 1.875
2 24 1.9059 -35.2555 1.875 2.4919 -35.2555 0.9376
2 24 1.6228 -35.5773 1.875 0.9007 -36.0316 1.875
2 24 0.9007 -36.0316 1.875 0.0068 -36.224 1.875
2 24 2.4919 -35.2555 0.9376 2.6717 -35.2555 0
2 24 2.6717 -35.2555 0 2.4919 -35.2555 -0.9376
2 24 0.0068 -36.224 1.875 -0.8872 -36.0316 1.875
2 24 2.4919 -35.2555 -0.9376 1.9059 -35.2555 -1.875
2 24 1.9059 -35.2555 -1.875 1.6228 -35.5773 -1.875
2 24 -0.8872 -36.0316 1.875 -1.6093 -35.5773 1.875
2 24 1.6228 -35.5773 -1.875 0.9007 -36.0316 -1.875
2 24 0.9007 -36.0316 -1.875 0.0068 -36.224 -1.875
2 24 0.0068 -36.224 -1.875 -0.8872 -36.0316 -1.875
2 24 -0.8872 -36.0316 -1.875 -1.6093 -35.5773 -1.875
2 24 -1.6093 -35.5773 1.875 -1.8924 -35.2555 1.875
2 24 -1.8924 -35.2555 1.875 -2.4784 -35.2555 0.9376
2 24 -1.6093 -35.5773 -1.875 -1.8924 -35.2555 -1.875
2 24 -1.8924 -35.2555 -1.875 -2.4784 -35.2555 -0.9376
2 24 -2.4784 -35.2555 0.9376 -2.6582 -35.2555 0
2 24 -2.4784 -35.2555 -0.9376 -2.6582 -35.2555 0
2 24 -47.3919 -0.3805 -0.9376 -46.806 -0.3805 -1.875
2 24 -46.806 -0.3805 -1.875 -46.5228 -0.0588 -1.875
2 24 -47.3919 -0.3805 -0.9376 -47.5717 -0.3805 0
2 24 -47.5717 -0.3805 0 -47.3919 -0.3805 0.9376
2 24 -46.5228 -0.0588 -1.875 -45.8008 0.3955 -1.875
2 24 -45.8008 0.3955 -1.875 -44.9068 0.588 -1.875
2 24 -47.3919 -0.3805 0.9376 -46.806 -0.3805 1.875
2 24 -46.806 -0.3805 1.875 -46.5228 -0.0588 1.875
2 24 -44.9068 0.588 -1.875 -44.0128 0.3955 -1.875
2 24 -46.5228 -0.0588 1.875 -45.8008 0.3955 1.875
2 24 -45.8008 0.3955 1.875 -44.9068 0.588 1.875
2 24 -44.0128 0.3955 -1.875 -43.2907 -0.0588 -1.875
2 24 -44.9068 0.588 1.875 -44.0128 0.3955 1.875
2 24 -44.0128 0.3955 1.875 -43.2907 -0.0588 1.875
2 24 -43.2907 -0.0588 -1.875 -43.0076 -0.3805 -1.875
2 24 -43.0076 -0.3805 -1.875 -42.4216 -0.3805 -0.9376
2 24 -43.2907 -0.0588 1.875 -43.0076 -0.3805 1.875
2 24 -43.0076 -0.3805 1.875 -42.4216 -0.3805 0.9376
2 24 -42.4216 -0.3805 -0.9376 -42.2418 -0.3805 0
2 24 -42.4216 -0.3805 0.9376 -42.2418 -0.3805 0
2 24 2.4919 -0.3805 0.9376 1.9059 -0.3805 1.875
2 24 1.9059 -0.3805 1.875 1.6228 -0.0588 1.875
2 24 2.4919 -0.3805 0.9376 2.6717 -0.3805 0
2 24 2.6717 -0.3805 0 2.4919 -0.3805 -0.9376
2 24 1.6228 -0.0588 1.875 0.9007 0.3955 1.875
2 24 0.9007 0.3955 1.875 0.0068 0.588 1.875
2 24 2.4919 -0.3805 -0.9376 1.9059 -0.3805 -1.875
2 24 1.9059 -0.3805 -1.875 1.6228 -0.0588 -1.875
2 24 0.0068 0.588 1.875 -0.8872 0.3955 1.875
2 24 1.6228 -0.0588 -1.875 0.9007 0.3955 -1.875
2 24 0.9007 0.3955 -1.875 0.0068 0.588 -1.875
2 24 -0.8872 0.3955 1.875 -1.6093 -0.0588 1.875
2 24 0.0068 0.588 -1.875 -0.8872 0.3955 -1.875
2 24 -0.8872 0.3955 -1.875 -1.6093 -0.0588 -1.875
2 24 -1.6093 -0.0588 1.875 -1.8924 -0.3805 1.875
2 24 -1.8924 -0.3805 1.875 -2.4784 -0.3805 0.9376
2 24 -1.6093 -0.0588 -1.875 -1.8924 -0.3805 -1.875
2 24 -1.8924 -0.3805 -1.875 -2.4784 -0.3805 -0.9376
2 24 -2.4784 -0.3805 0.9376 -2.6582 -0.3805 0
2 24 -2.4784 -0.3805 -0.9376 -2.6582 -0.3805 0
2 24 -46.5228 -35.5773 -1.875 -46.806 -35.2555 -1.875
2 24 -46.806 -35.2555 -1.875 -47.3919 -35.2555 -0.9376
2 24 -46.5228 -35.5773 -1.875 -45.8008 -36.0316 -1.875
2 24 -45.8008 -36.0316 -1.875 -44.9068 -36.224 -1.875
2 24 -47.3919 -35.2555 -0.9376 -47.5717 -35.2555 0
2 24 -47.5717 -35.2555 0 -47.3919 -35.2555 0.9376
2 24 -44.9068 -36.224 -1.875 -44.0128 -36.0316 -1.875
2 24 -47.3919 -35.2555 0.9376 -46.806 -35.2555 1.875
2 24 -46.806 -35.2555 1.875 -46.5228 -35.5773 1.875
2 24 -44.0128 -36.0316 -1.875 -43.2907 -35.5773 -1.875
2 24 -46.5228 -35.5773 1.875 -45.8008 -36.0316 1.875
2 24 -45.8008 -36.0316 1.875 -44.9068 -36.224 1.875
2 24 -44.9068 -36.224 1.875 -44.0128 -36.0316 1.875
2 24 -44.0128 -36.0316 1.875 -43.2907 -35.5773 1.875
2 24 -43.2907 -35.5773 -1.875 -43.0076 -35.2555 -1.875
2 24 -43.0076 -35.2555 -1.875 -42.4216 -35.2555 -0.9376
2 24 -43.2907 -35.5773 1.875 -43.0076 -35.2555 1.875
2 24 -43.0076 -35.2555 1.875 -42.4216 -35.2555 0.9376
2 24 -42.4216 -35.2555 -0.9376 -42.2418 -35.2555 0
2 24 -42.4216 -35.2555 0.9376 -42.2418 -35.2555 0
0 STEP
