0 
0 Name: _1006085.dat
0 Author: 
0 BL_Item_No -1
0 BFC CERTIFY CCW
3 16 24.6242 -8.0112 20 20 -9.25 20 24.6242 -8.0112 0
3 16 24.6242 -8.0112 0 20 -9.25 20 20 -9.25 0
3 16 24.6242 8.0112 20 28.0112 4.6242 20 27.2234 5.4127 13.125
3 16 27.2234 5.4127 13.125 28.0112 4.6242 20 28.4146 3.125 15.4127
3 16 20 9.25 20 24.6242 8.0112 20 20 9.25 0
3 16 20 9.25 0 24.6242 8.0112 20 24.6242 8.0112 0
3 16 0 9.25 20 20 9.25 20 0 9.25 0
3 16 0 9.25 0 20 9.25 20 20 9.25 0
3 16 20 -9.25 0 20 -9.25 20 0 -9.25 0
3 16 0 -9.25 0 20 -9.25 20 0 -9.25 20
3 16 -4.625 -8.0107 20 -8.0107 -4.625 20 -4.625 -8.0107 0
3 16 -4.625 -8.0107 0 -8.0107 -4.625 20 -8.0107 -4.625 0
3 16 -8.0107 4.625 20 -4.625 8.0107 20 -8.0107 4.625 0
3 16 -8.0107 4.625 0 -4.625 8.0107 20 -4.625 8.0107 0
3 16 -8.0107 -4.625 20 -9.25 0 20 -8.0107 -4.625 0
3 16 -8.0107 -4.625 0 -9.25 0 20 -9.25 0 0
3 16 -9.25 0 20 -8.0107 4.625 20 -9.25 0 0
3 16 -9.25 0 0 -8.0107 4.625 20 -8.0107 4.625 0
3 16 -4.625 8.0107 20 0 9.25 20 -4.625 8.0107 0
3 16 -4.625 8.0107 0 0 9.25 20 0 9.25 0
3 16 0 -9.25 20 -4.625 -8.0107 20 0 -9.25 0
3 16 0 -9.25 0 -4.625 -8.0107 20 -4.625 -8.0107 0
3 16 6.25 0 18 7.75 0 18 5.4126 3.1252 18
3 16 5.4126 3.1252 18 7.75 0 18 6.7116 3.8752 18
3 16 3.125 5.4127 18 3.8752 6.7116 18 0 6.25 18
3 16 0 6.25 18 3.8752 6.7116 18 0 7.75 18
3 16 5.4126 3.1252 18 6.7116 3.8752 18 3.125 5.4127 18
3 16 3.125 5.4127 18 6.7116 3.8752 18 3.8752 6.7116 18
3 16 0 -6.25 18 0 -7.75 18 3.1252 -5.4126 18
3 16 3.1252 -5.4126 18 0 -7.75 18 3.8752 -6.7116 18
3 16 3.1252 -5.4126 18 3.8752 -6.7116 18 5.4126 -3.1252 18
3 16 5.4126 -3.1252 18 3.8752 -6.7116 18 6.7116 -3.8752 18
3 16 5.4126 -3.1252 18 6.7116 -3.8752 18 6.25 0 18
3 16 6.25 0 18 6.7116 -3.8752 18 7.75 0 18
3 16 0 6.25 18 0 6.25 2 3.125 5.4127 18
3 16 3.125 5.4127 18 0 6.25 2 3.125 5.4127 2
3 16 5.4126 -3.1252 18 5.4126 -3.1252 2 3.1252 -5.4126 18
3 16 3.1252 -5.4126 18 5.4126 -3.1252 2 3.1252 -5.4126 2
3 16 6.25 0 18 6.25 0 2 5.4126 -3.1252 18
3 16 5.4126 -3.1252 18 6.25 0 2 5.4126 -3.1252 2
3 16 6.25 0 2 6.25 0 18 5.4126 3.1252 2
3 16 5.4126 3.1252 2 6.25 0 18 5.4126 3.1252 18
3 16 5.4126 3.1252 2 6.7116 3.8752 2 6.25 0 2
3 16 6.25 0 2 6.7116 3.8752 2 7.75 0 2
3 16 5.4126 3.1252 2 5.4126 3.1252 18 3.125 5.4127 2
3 16 3.125 5.4127 2 5.4126 3.1252 18 3.125 5.4127 18
3 16 0 6.25 2 0 7.75 2 3.125 5.4127 2
3 16 3.125 5.4127 2 0 7.75 2 3.8752 6.7116 2
3 16 3.125 5.4127 2 3.8752 6.7116 2 5.4126 3.1252 2
3 16 5.4126 3.1252 2 3.8752 6.7116 2 6.7116 3.8752 2
3 16 0 -6.25 2 0 -6.25 18 3.1252 -5.4126 2
3 16 3.1252 -5.4126 2 0 -6.25 18 3.1252 -5.4126 18
3 16 3.1252 -5.4126 2 3.8752 -6.7116 2 0 -6.25 2
3 16 0 -6.25 2 3.8752 -6.7116 2 0 -7.75 2
3 16 5.4126 -3.1252 2 6.7116 -3.8752 2 3.1252 -5.4126 2
3 16 3.1252 -5.4126 2 6.7116 -3.8752 2 3.8752 -6.7116 2
3 16 6.25 0 2 7.75 0 2 5.4126 -3.1252 2
3 16 5.4126 -3.1252 2 7.75 0 2 6.7116 -3.8752 2
3 16 -5.4126 3.1252 18 -6.7117 3.8752 18 -6.25 0 18
3 16 -6.25 0 18 -6.7117 3.8752 18 -7.75 0 18
3 16 0 6.25 18 0 7.75 18 -3.125 5.4127 18
3 16 -3.125 5.4127 18 0 7.75 18 -3.875 6.7117 18
3 16 -3.125 5.4127 18 -3.875 6.7117 18 -5.4126 3.1252 18
3 16 -5.4126 3.1252 18 -3.875 6.7117 18 -6.7117 3.8752 18
3 16 -3.1252 -5.4126 18 -3.8752 -6.7116 18 0 -6.25 18
3 16 0 -6.25 18 -3.8752 -6.7116 18 0 -7.75 18
3 16 -5.4126 -3.1252 18 -6.7117 -3.875 18 -3.1252 -5.4126 18
3 16 -3.1252 -5.4126 18 -6.7117 -3.875 18 -3.8752 -6.7116 18
3 16 -6.25 0 18 -7.75 0 18 -5.4126 -3.1252 18
3 16 -5.4126 -3.1252 18 -7.75 0 18 -6.7117 -3.875 18
3 16 -3.125 5.4127 18 -3.125 5.4127 2 0 6.25 18
3 16 0 6.25 18 -3.125 5.4127 2 0 6.25 2
3 16 -3.1252 -5.4126 18 -3.1252 -5.4126 2 -5.4126 -3.1252 18
3 16 -5.4126 -3.1252 18 -3.1252 -5.4126 2 -5.4126 -3.1252 2
3 16 -5.4126 -3.1252 18 -5.4126 -3.1252 2 -6.25 0 18
3 16 -6.25 0 18 -5.4126 -3.1252 2 -6.25 0 2
3 16 -5.4126 3.1252 2 -5.4126 3.1252 18 -6.25 0 2
3 16 -6.25 0 2 -5.4126 3.1252 18 -6.25 0 18
3 16 -6.25 0 2 -7.75 0 2 -5.4126 3.1252 2
3 16 -5.4126 3.1252 2 -7.75 0 2 -6.7117 3.8752 2
3 16 -3.125 5.4127 2 -3.125 5.4127 18 -5.4126 3.1252 2
3 16 -5.4126 3.1252 2 -3.125 5.4127 18 -5.4126 3.1252 18
3 16 -3.125 5.4127 2 -3.875 6.7117 2 0 6.25 2
3 16 0 6.25 2 -3.875 6.7117 2 0 7.75 2
3 16 -5.4126 3.1252 2 -6.7117 3.8752 2 -3.125 5.4127 2
3 16 -3.125 5.4127 2 -6.7117 3.8752 2 -3.875 6.7117 2
3 16 -3.1252 -5.4126 2 -3.1252 -5.4126 18 0 -6.25 2
3 16 0 -6.25 2 -3.1252 -5.4126 18 0 -6.25 18
3 16 0 -6.25 2 0 -7.75 2 -3.1252 -5.4126 2
3 16 -3.1252 -5.4126 2 0 -7.75 2 -3.8752 -6.7116 2
3 16 -3.1252 -5.4126 2 -3.8752 -6.7116 2 -5.4126 -3.1252 2
3 16 -5.4126 -3.1252 2 -3.8752 -6.7116 2 -6.7117 -3.875 2
3 16 -5.4126 -3.1252 2 -6.7117 -3.875 2 -6.25 0 2
3 16 -6.25 0 2 -6.7117 -3.875 2 -7.75 0 2
3 16 0 9.25 20 8.8768 6.375 20 20 9.25 20
3 16 8.8768 6.375 20 11.1233 6.375 20 20 9.25 20
3 16 0 7.75 20 3.8752 6.7116 20 0 9.25 20
3 16 0 9.25 20 3.8752 6.7116 20 8.8768 6.375 20
3 16 24.6242 -8.0112 20 28.0112 -4.6242 20 22.25 -6.125 20
3 16 22.25 -6.125 20 28.0112 -4.6242 20 26.125 -2.25 20
3 16 28.0112 -4.6242 20 29.25 0 20 26.125 -2.25 20
3 16 26.125 -2.25 20 29.25 0 20 26.125 2.25 20
3 16 26.125 -2.25 20 22.25 -2.25 20 22.25 -6.125 20
3 16 24.6242 -8.0112 20 22.25 -6.125 20 20 -9.25 20
3 16 20 -9.25 20 22.25 -6.125 20 17.75 -6.125 20
3 16 11.1233 -6.375 20 20 -9.25 20 11.9268 -6.0825 20
3 16 17.75 -6.125 20 11.9268 -6.0825 20 20 -9.25 20
3 16 12.3543 -5.3421 20 11.9268 -6.0825 20 17.75 -6.125 20
3 16 17.75 -2.25 20 12.2058 -4.5 20 17.75 -6.125 20
3 16 17.75 -6.125 20 12.2058 -4.5 20 12.3543 -5.3421 20
3 16 11.2858 -2.25 20 11.6695 -3.4062 20 17.75 -2.25 20
3 16 17.75 -2.25 20 11.6695 -3.4062 20 12.2058 -4.5 20
3 16 6.7116 3.8752 20 7.75 0 20 8.4571 3.0785 20
3 16 8.4571 3.0785 20 7.75 0 20 9 0 20
3 16 7.7942 4.5 20 6.7116 3.8752 20 8.4571 3.0785 20
3 16 9 0 20 7.75 0 20 8.4571 -3.0785 20
3 16 8.4571 -3.0785 20 7.75 0 20 6.7116 -3.8752 20
3 16 3.8752 6.7116 20 8.0733 6.0825 20 8.8768 6.375 20
3 16 8.0733 6.0825 20 3.8752 6.7116 20 7.6458 5.3421 20
3 16 3.8752 6.7116 20 6.7116 3.8752 20 7.6458 5.3421 20
3 16 7.6458 5.3421 20 6.7116 3.8752 20 7.7942 4.5 20
3 16 0 -7.75 20 8.8768 -6.375 20 3.8752 -6.7116 20
3 16 3.8752 -6.7116 20 8.8768 -6.375 20 8.0733 -6.0825 20
3 16 8.0733 -6.0825 20 7.6458 -5.3421 20 3.8752 -6.7116 20
3 16 7.7942 -4.5 20 6.7116 -3.8752 20 7.6458 -5.3421 20
3 16 7.6458 -5.3421 20 6.7116 -3.8752 20 3.8752 -6.7116 20
3 16 8.4571 -3.0785 20 6.7116 -3.8752 20 7.7942 -4.5 20
3 16 22.25 2.25 20 26.125 2.25 20 22.25 6.125 20
3 16 22.25 6.125 20 26.125 2.25 20 28.0112 4.6242 20
3 16 28.0112 4.6242 20 24.6242 8.0112 20 22.25 6.125 20
3 16 28.0112 4.6242 20 26.125 2.25 20 29.25 0 20
3 16 24.6242 8.0112 20 20 9.25 20 22.25 6.125 20
3 16 22.25 6.125 20 20 9.25 20 17.75 6.125 20
3 16 11.1233 6.375 20 11.9268 6.0825 20 20 9.25 20
3 16 17.75 6.125 20 20 9.25 20 11.9268 6.0825 20
3 16 17.75 6.125 20 11.9268 6.0825 20 12.3543 5.3421 20
3 16 12.3543 5.3421 20 12.2058 4.5 20 17.75 6.125 20
3 16 17.75 6.125 20 12.2058 4.5 20 17.75 2.25 20
3 16 11.2858 2.25 20 17.75 2.25 20 11.6695 3.4062 20
3 16 11.6695 3.4062 20 17.75 2.25 20 12.2058 4.5 20
3 16 20 -9.25 20 8.8768 -6.375 20 0 -9.25 20
3 16 0 -9.25 20 8.8768 -6.375 20 0 -7.75 20
3 16 20 -9.25 20 11.1233 -6.375 20 8.8768 -6.375 20
3 16 -6.7117 3.8752 20 -8.0107 4.625 20 -7.75 0 20
3 16 -7.75 0 20 -8.0107 4.625 20 -9.25 0 20
3 16 -7.75 0 20 -9.25 0 20 -6.7117 -3.875 20
3 16 -6.7117 -3.875 20 -9.25 0 20 -8.0107 -4.625 20
3 16 -6.7117 -3.875 20 -8.0107 -4.625 20 -3.8752 -6.7116 20
3 16 -3.8752 -6.7116 20 -8.0107 -4.625 20 -4.625 -8.0107 20
3 16 -3.875 6.7117 20 -4.625 8.0107 20 -6.7117 3.8752 20
3 16 -6.7117 3.8752 20 -4.625 8.0107 20 -8.0107 4.625 20
3 16 0 7.75 20 0 9.25 20 -3.875 6.7117 20
3 16 -3.875 6.7117 20 0 9.25 20 -4.625 8.0107 20
3 16 -3.8752 -6.7116 20 -4.625 -8.0107 20 0 -7.75 20
3 16 0 -7.75 20 -4.625 -8.0107 20 0 -9.25 20
3 16 17.75 -2.25 20 17.75 -2.25 0 11.2858 -2.25 20
3 16 11.2858 -2.25 20 17.75 -2.25 0 11.2858 -2.25 0
3 16 17.75 -6.125 20 17.75 -6.125 0 17.75 -2.25 20
3 16 17.75 -2.25 20 17.75 -6.125 0 17.75 -2.25 0
3 16 22.25 -6.125 20 22.25 -6.125 0 17.75 -6.125 20
3 16 17.75 -6.125 20 22.25 -6.125 0 17.75 -6.125 0
3 16 22.25 -2.25 20 22.25 -2.25 0 22.25 -6.125 20
3 16 22.25 -6.125 20 22.25 -2.25 0 22.25 -6.125 0
3 16 26.125 -2.25 20 26.125 -2.25 0 22.25 -2.25 20
3 16 22.25 -2.25 20 26.125 -2.25 0 22.25 -2.25 0
3 16 12.3543 -5.3421 0 12.3543 -5.3421 20 12.2058 -4.5 0
3 16 12.2058 -4.5 0 12.3543 -5.3421 20 12.2058 -4.5 20
3 16 11.9268 -6.0825 0 11.9268 -6.0825 20 12.3543 -5.3421 0
3 16 12.3543 -5.3421 0 11.9268 -6.0825 20 12.3543 -5.3421 20
3 16 11.1233 -6.375 0 11.1233 -6.375 20 11.9268 -6.0825 0
3 16 11.9268 -6.0825 0 11.1233 -6.375 20 11.9268 -6.0825 20
3 16 11.6695 -3.4062 0 11.6695 -3.4062 20 11.2858 -2.25 0
3 16 11.2858 -2.25 0 11.6695 -3.4062 20 11.2858 -2.25 20
3 16 12.2058 -4.5 0 12.2058 -4.5 20 11.6695 -3.4062 0
3 16 11.6695 -3.4062 0 12.2058 -4.5 20 11.6695 -3.4062 20
3 16 7.6458 -5.3421 20 7.6458 -5.3421 0 7.7942 -4.5 20
3 16 7.7942 -4.5 20 7.6458 -5.3421 0 7.7942 -4.5 0
3 16 8.0733 -6.0825 20 8.0733 -6.0825 0 7.6458 -5.3421 20
3 16 7.6458 -5.3421 20 8.0733 -6.0825 0 7.6458 -5.3421 0
3 16 8.8768 -6.375 20 8.8768 -6.375 0 8.0733 -6.0825 20
3 16 8.0733 -6.0825 20 8.8768 -6.375 0 8.0733 -6.0825 0
3 16 8.8768 -6.375 0 8.8768 -6.375 20 11.1233 -6.375 0
3 16 11.1233 -6.375 0 8.8768 -6.375 20 11.1233 -6.375 20
3 16 8.8768 6.375 0 8.8768 6.375 20 8.0733 6.0825 0
3 16 8.0733 6.0825 0 8.8768 6.375 20 8.0733 6.0825 20
3 16 8.0733 6.0825 0 8.0733 6.0825 20 7.6458 5.3421 0
3 16 7.6458 5.3421 0 8.0733 6.0825 20 7.6458 5.3421 20
3 16 7.6458 5.3421 0 7.6458 5.3421 20 7.7942 4.5 0
3 16 7.7942 4.5 0 7.6458 5.3421 20 7.7942 4.5 20
3 16 9 0 0 9 0 20 8.4571 -3.0785 0
3 16 8.4571 -3.0785 0 9 0 20 8.4571 -3.0785 20
3 16 8.4571 3.0785 0 8.4571 3.0785 20 9 0 0
3 16 9 0 0 8.4571 3.0785 20 9 0 20
3 16 7.7942 4.5 0 7.7942 4.5 20 8.4571 3.0785 0
3 16 8.4571 3.0785 0 7.7942 4.5 20 8.4571 3.0785 20
3 16 8.4571 -3.0785 0 8.4571 -3.0785 20 7.7942 -4.5 0
3 16 7.7942 -4.5 0 8.4571 -3.0785 20 7.7942 -4.5 20
3 16 17.75 2.25 0 17.75 2.25 20 11.2858 2.25 0
3 16 11.2858 2.25 0 17.75 2.25 20 11.2858 2.25 20
3 16 17.75 6.125 0 17.75 6.125 20 17.75 2.25 0
3 16 17.75 2.25 0 17.75 6.125 20 17.75 2.25 20
3 16 22.25 6.125 0 22.25 6.125 20 17.75 6.125 0
3 16 17.75 6.125 0 22.25 6.125 20 17.75 6.125 20
3 16 22.25 2.25 0 22.25 2.25 20 22.25 6.125 0
3 16 22.25 6.125 0 22.25 2.25 20 22.25 6.125 20
3 16 26.125 2.25 0 26.125 2.25 20 22.25 2.25 0
3 16 22.25 2.25 0 26.125 2.25 20 22.25 2.25 20
3 16 12.3543 5.3421 20 12.3543 5.3421 0 12.2058 4.5 20
3 16 12.2058 4.5 20 12.3543 5.3421 0 12.2058 4.5 0
3 16 11.9268 6.0825 20 11.9268 6.0825 0 12.3543 5.3421 20
3 16 12.3543 5.3421 20 11.9268 6.0825 0 12.3543 5.3421 0
3 16 11.1233 6.375 20 11.1233 6.375 0 11.9268 6.0825 20
3 16 11.9268 6.0825 20 11.1233 6.375 0 11.9268 6.0825 0
3 16 11.6695 3.4062 20 11.6695 3.4062 0 11.2858 2.25 20
3 16 11.2858 2.25 20 11.6695 3.4062 0 11.2858 2.25 0
3 16 12.2058 4.5 20 12.2058 4.5 0 11.6695 3.4062 20
3 16 11.6695 3.4062 20 12.2058 4.5 0 11.6695 3.4062 0
3 16 11.1233 6.375 0 11.1233 6.375 20 8.8768 6.375 0
3 16 8.8768 6.375 0 11.1233 6.375 20 8.8768 6.375 20
3 16 26.125 2.25 20 26.125 2.25 0 26.125 -2.25 20
3 16 26.125 -2.25 20 26.125 2.25 0 26.125 -2.25 0
3 16 22.25 -6.125 0 26.125 -2.25 0 24.6242 -8.0112 0
3 16 24.6242 -8.0112 0 26.125 -2.25 0 28.0112 -4.6242 0
3 16 28.0112 -4.6242 0 26.125 -2.25 0 29.25 0 0
3 16 29.25 0 0 26.125 -2.25 0 26.125 2.25 0
3 16 26.125 -2.25 0 22.25 -6.125 0 22.25 -2.25 0
3 16 24.6242 -8.0112 0 20 -9.25 0 22.25 -6.125 0
3 16 22.25 -6.125 0 20 -9.25 0 17.75 -6.125 0
3 16 11.1233 -6.375 0 11.9268 -6.0825 0 20 -9.25 0
3 16 17.75 -6.125 0 20 -9.25 0 11.9268 -6.0825 0
3 16 17.75 -6.125 0 11.9268 -6.0825 0 12.3543 -5.3421 0
3 16 12.3543 -5.3421 0 12.2058 -4.5 0 17.75 -6.125 0
3 16 17.75 -6.125 0 12.2058 -4.5 0 17.75 -2.25 0
3 16 11.2858 -2.25 0 17.75 -2.25 0 11.6695 -3.4062 0
3 16 11.6695 -3.4062 0 17.75 -2.25 0 12.2058 -4.5 0
3 16 6.7116 3.8752 0 8.4571 3.0785 0 7.75 0 0
3 16 7.75 0 0 8.4571 3.0785 0 9 0 0
3 16 7.7942 4.5 0 8.4571 3.0785 0 6.7116 3.8752 0
3 16 6.7116 -3.8752 0 7.75 0 0 8.4571 -3.0785 0
3 16 8.4571 -3.0785 0 7.75 0 0 9 0 0
3 16 3.8752 6.7116 0 8.8768 6.375 0 8.0733 6.0825 0
3 16 8.0733 6.0825 0 7.6458 5.3421 0 3.8752 6.7116 0
3 16 7.7942 4.5 0 6.7116 3.8752 0 7.6458 5.3421 0
3 16 7.6458 5.3421 0 6.7116 3.8752 0 3.8752 6.7116 0
3 16 20 -9.25 0 0 -9.25 0 11.1233 -6.375 0
3 16 8.8768 -6.375 0 11.1233 -6.375 0 0 -9.25 0
3 16 8.8768 -6.375 0 3.8752 -6.7116 0 8.0733 -6.0825 0
3 16 8.0733 -6.0825 0 3.8752 -6.7116 0 7.6458 -5.3421 0
3 16 3.8752 -6.7116 0 6.7116 -3.8752 0 7.6458 -5.3421 0
3 16 7.6458 -5.3421 0 6.7116 -3.8752 0 7.7942 -4.5 0
3 16 8.4571 -3.0785 0 7.7942 -4.5 0 6.7116 -3.8752 0
3 16 28.0112 4.6242 0 26.125 2.25 0 24.6242 8.0112 0
3 16 24.6242 8.0112 0 26.125 2.25 0 22.25 6.125 0
3 16 28.0112 4.6242 0 29.25 0 0 26.125 2.25 0
3 16 26.125 2.25 0 22.25 2.25 0 22.25 6.125 0
3 16 24.6242 8.0112 0 22.25 6.125 0 20 9.25 0
3 16 20 9.25 0 22.25 6.125 0 17.75 6.125 0
3 16 11.1233 6.375 0 20 9.25 0 11.9268 6.0825 0
3 16 17.75 6.125 0 11.9268 6.0825 0 20 9.25 0
3 16 17.75 2.25 0 12.2058 4.5 0 17.75 6.125 0
3 16 17.75 6.125 0 12.2058 4.5 0 12.3543 5.3421 0
3 16 11.2858 2.25 0 11.6695 3.4062 0 17.75 2.25 0
3 16 17.75 2.25 0 11.6695 3.4062 0 12.2058 4.5 0
3 16 20 9.25 0 11.1233 6.375 0 0 9.25 0
3 16 11.1233 6.375 0 8.8768 6.375 0 0 9.25 0
3 16 0 -7.75 0 3.8752 -6.7116 0 0 -9.25 0
3 16 0 -9.25 0 3.8752 -6.7116 0 8.8768 -6.375 0
3 16 0 7.75 0 0 9.25 0 3.8752 6.7116 0
3 16 3.8752 6.7116 0 0 9.25 0 8.8768 6.375 0
3 16 11.9268 6.0825 0 17.75 6.125 0 12.3543 5.3421 0
3 16 -7.75 0 0 -9.25 0 0 -6.7117 3.8752 0
3 16 -6.7117 3.8752 0 -9.25 0 0 -8.0107 4.625 0
3 16 -6.7117 -3.875 0 -8.0107 -4.625 0 -7.75 0 0
3 16 -7.75 0 0 -8.0107 -4.625 0 -9.25 0 0
3 16 -6.7117 3.8752 0 -8.0107 4.625 0 -3.875 6.7117 0
3 16 -3.875 6.7117 0 -8.0107 4.625 0 -4.625 8.0107 0
3 16 -3.875 6.7117 0 -4.625 8.0107 0 0 7.75 0
3 16 0 7.75 0 -4.625 8.0107 0 0 9.25 0
3 16 -3.8752 -6.7116 0 -4.625 -8.0107 0 -6.7117 -3.875 0
3 16 -6.7117 -3.875 0 -4.625 -8.0107 0 -8.0107 -4.625 0
3 16 0 -7.75 0 0 -9.25 0 -3.8752 -6.7116 0
3 16 -3.8752 -6.7116 0 0 -9.25 0 -4.625 -8.0107 0
3 16 29.2552 0 16.25 28.4146 3.125 15.4127 29.25 0 20
3 16 29.25 0 20 28.4146 3.125 15.4127 28.0112 4.6242 20
3 16 26.3909 6.25 10 27.2234 5.4127 6.875 24.6242 8.0112 0
3 16 24.6242 8.0112 0 27.2234 5.4127 6.875 28.0112 4.6242 0
3 16 28.415 -3.1172 4.6007 27.234 -5.4127 6.875 28.0112 -4.6242 0
3 16 28.0112 -4.6242 0 27.234 -5.4127 6.875 24.6242 -8.0112 0
3 16 29.25 0 3.75 28.415 -3.1172 4.6007 29.25 0 0
3 16 29.25 0 0 28.415 -3.1172 4.6007 28.0112 -4.6242 0
3 16 26.3909 -6.25 10 27.234 -5.4127 13.125 24.6242 -8.0112 20
3 16 24.6242 -8.0112 20 27.234 -5.4127 13.125 28.0112 -4.6242 20
3 16 28.0112 4.6242 0 27.2234 5.4127 6.875 28.4146 3.125 4.5873
3 16 29.2552 0 16.25 29.25 0 20 28.4252 -3.125 15.4127
3 16 28.4252 -3.125 15.4127 29.25 0 20 28.0112 -4.6242 20
3 16 27.234 -5.4127 13.125 28.4252 -3.125 15.4127 28.0112 -4.6242 20
3 16 28.0112 4.6242 0 28.4146 3.125 4.5873 29.25 0 0
3 16 29.25 0 0 28.4146 3.125 4.5873 29.25 0 3.75
3 16 27.2234 5.4127 13.125 26.3909 6.25 10 24.6242 8.0112 20
3 16 24.6242 8.0112 20 26.3909 6.25 10 24.6242 8.0112 0
3 16 27.234 -5.4127 6.875 26.3909 -6.25 10 24.6242 -8.0112 0
3 16 24.6242 -8.0112 0 26.3909 -6.25 10 24.6242 -8.0112 20
3 16 26.3909 -6.25 10 27.234 -5.4127 6.875 38.4935 -6.2546 10.0009
3 16 38.4935 -6.2546 10.0009 27.234 -5.4127 6.875 38.4935 -5.4127 6.875
3 16 26.3909 6.25 10 38.4935 6.2551 9.9998 27.2234 5.4127 6.875
3 16 27.2234 5.4127 6.875 38.4935 6.2551 9.9998 38.4935 5.4127 6.875
3 16 26.3909 6.25 10 27.2234 5.4127 13.125 38.4935 6.2551 9.9998
3 16 38.4935 6.2551 9.9998 27.2234 5.4127 13.125 38.4935 5.4127 13.125
3 16 27.2234 5.4127 6.875 38.4935 5.4127 6.875 28.4146 3.125 4.5873
3 16 28.4146 3.125 4.5873 38.4935 5.4127 6.875 38.4935 3.125 4.5873
3 16 28.415 -3.1172 4.6007 29.25 0 3.75 38.4935 -3.1172 4.6007
3 16 38.4935 -3.1172 4.6007 29.25 0 3.75 38.4935 0.0002 3.7455
3 16 27.234 -5.4127 6.875 28.415 -3.1172 4.6007 38.4935 -5.4127 6.875
3 16 38.4935 -5.4127 6.875 28.415 -3.1172 4.6007 38.4935 -3.1172 4.6007
3 16 26.3909 -6.25 10 38.4935 -6.2546 10.0009 27.234 -5.4127 13.125
3 16 27.234 -5.4127 13.125 38.4935 -6.2546 10.0009 38.4935 -5.4127 13.125
3 16 27.2234 5.4127 13.125 28.4146 3.125 15.4127 38.4935 5.4127 13.125
3 16 38.4935 5.4127 13.125 28.4146 3.125 15.4127 38.4935 3.125 15.4127
3 16 28.4146 3.125 15.4127 29.2552 0 16.25 38.4935 3.125 15.4127
3 16 38.4935 3.125 15.4127 29.2552 0 16.25 38.4935 0.0002 16.2553
3 16 28.4252 -3.125 15.4127 38.4935 -3.125 15.4127 29.2552 0 16.25
3 16 29.2552 0 16.25 38.4935 -3.125 15.4127 38.4935 0.0002 16.2553
3 16 27.234 -5.4127 13.125 38.4935 -5.4127 13.125 28.4252 -3.125 15.4127
3 16 28.4252 -3.125 15.4127 38.4935 -5.4127 13.125 38.4935 -3.125 15.4127
3 16 28.4146 3.125 4.5873 38.4935 3.125 4.5873 29.25 0 3.75
3 16 29.25 0 3.75 38.4935 3.125 4.5873 38.4935 0.0002 3.7455
3 16 6.7116 -3.8752 0 6.7116 -3.8752 2 7.75 0 0
3 16 7.75 0 0 6.7116 -3.8752 2 7.75 0 2
3 16 7.75 0 0 7.75 0 2 6.7116 3.8752 0
3 16 6.7116 3.8752 0 7.75 0 2 6.7116 3.8752 2
3 16 3.8752 6.7116 0 3.8752 6.7116 2 0 7.75 0
3 16 0 7.75 0 3.8752 6.7116 2 0 7.75 2
3 16 6.7116 3.8752 0 6.7116 3.8752 2 3.8752 6.7116 0
3 16 3.8752 6.7116 0 6.7116 3.8752 2 3.8752 6.7116 2
3 16 0 -7.75 0 0 -7.75 2 3.8752 -6.7116 0
3 16 3.8752 -6.7116 0 0 -7.75 2 3.8752 -6.7116 2
3 16 3.8752 -6.7116 0 3.8752 -6.7116 2 6.7116 -3.8752 0
3 16 6.7116 -3.8752 0 3.8752 -6.7116 2 6.7116 -3.8752 2
3 16 -6.7117 3.8752 0 -6.7117 3.8752 2 -7.75 0 0
3 16 -7.75 0 0 -6.7117 3.8752 2 -7.75 0 2
3 16 0 7.75 0 0 7.75 2 -3.875 6.7117 0
3 16 -3.875 6.7117 0 0 7.75 2 -3.875 6.7117 2
3 16 -3.875 6.7117 0 -3.875 6.7117 2 -6.7117 3.8752 0
3 16 -6.7117 3.8752 0 -3.875 6.7117 2 -6.7117 3.8752 2
3 16 -3.8752 -6.7116 0 -3.8752 -6.7116 2 0 -7.75 0
3 16 0 -7.75 0 -3.8752 -6.7116 2 0 -7.75 2
3 16 -6.7117 -3.875 2 -3.8752 -6.7116 2 -6.7117 -3.875 0
3 16 -6.7117 -3.875 0 -3.8752 -6.7116 2 -3.8752 -6.7116 0
3 16 -6.7117 -3.875 2 -6.7117 -3.875 0 -7.75 0 2
3 16 -7.75 0 2 -6.7117 -3.875 0 -7.75 0 0
3 16 -3.8752 -6.7116 18 -3.8752 -6.7116 20 0 -7.75 18
3 16 0 -7.75 18 -3.8752 -6.7116 20 0 -7.75 20
3 16 3.8752 -6.7116 18 0 -7.75 18 3.8752 -6.7116 20
3 16 3.8752 -6.7116 20 0 -7.75 18 0 -7.75 20
3 16 6.7116 -3.8752 18 3.8752 -6.7116 18 6.7116 -3.8752 20
3 16 6.7116 -3.8752 20 3.8752 -6.7116 18 3.8752 -6.7116 20
3 16 7.75 0 18 6.7116 -3.8752 18 7.75 0 20
3 16 7.75 0 20 6.7116 -3.8752 18 6.7116 -3.8752 20
3 16 6.7116 3.8752 18 7.75 0 18 6.7116 3.8752 20
3 16 6.7116 3.8752 20 7.75 0 18 7.75 0 20
3 16 3.8752 6.7116 18 6.7116 3.8752 18 3.8752 6.7116 20
3 16 3.8752 6.7116 20 6.7116 3.8752 18 6.7116 3.8752 20
3 16 0 7.75 18 3.8752 6.7116 18 0 7.75 20
3 16 0 7.75 20 3.8752 6.7116 18 3.8752 6.7116 20
3 16 -3.875 6.7117 18 0 7.75 18 -3.875 6.7117 20
3 16 -3.875 6.7117 20 0 7.75 18 0 7.75 20
3 16 -6.7117 3.8752 18 -3.875 6.7117 18 -6.7117 3.8752 20
3 16 -6.7117 3.8752 20 -3.875 6.7117 18 -3.875 6.7117 20
3 16 -7.75 0 18 -6.7117 3.8752 18 -7.75 0 20
3 16 -7.75 0 20 -6.7117 3.8752 18 -6.7117 3.8752 20
3 16 -6.7117 -3.875 20 -6.7117 -3.875 18 -7.75 0 20
3 16 -7.75 0 20 -6.7117 -3.875 18 -7.75 0 18
3 16 -3.8752 -6.7116 20 -3.8752 -6.7116 18 -6.7117 -3.875 20
3 16 -6.7117 -3.875 20 -3.8752 -6.7116 18 -6.7117 -3.875 18
3 179 38.4935 3.125 4.5873 38.4935 5.4127 6.875 39.3873 3.125 4.5873
3 179 39.3873 3.125 4.5873 38.4935 5.4127 6.875 39.3873 5.4127 6.875
3 179 38.4935 5.4127 6.875 38.4935 6.2551 9.9998 39.3873 5.4127 6.875
3 179 39.3873 5.4127 6.875 38.4935 6.2551 9.9998 39.3873 6.2552 9.9998
3 179 38.4935 6.2551 9.9998 38.4935 5.4127 13.125 39.3873 6.2552 9.9998
3 179 39.3873 6.2552 9.9998 38.4935 5.4127 13.125 39.3873 5.4127 13.125
3 179 38.4935 5.4127 13.125 38.4935 3.125 15.4127 39.3873 5.4127 13.125
3 179 39.3873 5.4127 13.125 38.4935 3.125 15.4127 39.3873 3.125 15.4127
3 179 38.4935 -3.125 15.4127 38.4935 -5.4127 13.125 39.3873 -3.125 15.4127
3 179 39.3873 -3.125 15.4127 38.4935 -5.4127 13.125 39.3873 -5.4127 13.125
3 179 38.4935 -5.4127 13.125 38.4935 -6.2546 10.0009 39.3873 -5.4127 13.125
3 179 39.3873 -5.4127 13.125 38.4935 -6.2546 10.0009 39.3873 -6.2547 10.001
3 179 38.4935 -6.2546 10.0009 38.4935 -5.4127 6.875 39.3873 -6.2547 10.001
3 179 39.3873 -6.2547 10.001 38.4935 -5.4127 6.875 39.3873 -5.4127 6.875
3 179 38.4935 -5.4127 6.875 38.4935 -3.1172 4.6007 39.3873 -5.4127 6.875
3 179 39.3873 -5.4127 6.875 38.4935 -3.1172 4.6007 39.3873 -3.1172 4.6007
3 179 38.4935 0.0002 16.2553 38.4935 -3.125 15.4127 39.3873 0.0002 16.2554
3 179 39.3873 0.0002 16.2554 38.4935 -3.125 15.4127 39.3873 -3.125 15.4127
3 179 38.4935 3.125 15.4127 38.4935 0.0002 16.2553 39.3873 3.125 15.4127
3 179 39.3873 3.125 15.4127 38.4935 0.0002 16.2553 39.3873 0.0002 16.2554
3 179 38.4935 0.0002 3.7455 38.4935 3.125 4.5873 39.3873 0.0002 3.7454
3 179 39.3873 0.0002 3.7454 38.4935 3.125 4.5873 39.3873 3.125 4.5873
3 179 38.4935 -3.1172 4.6007 38.4935 0.0002 3.7455 39.3873 -3.1172 4.6007
3 179 39.3873 -3.1172 4.6007 38.4935 0.0002 3.7455 39.3873 0.0002 3.7454
3 179 212.5 5.4127 6.875 212.5 6.2602 9.9997 212.5 8.5481 5.0583
3 179 212.5 8.5481 5.0583 212.5 6.2602 9.9997 212.5 9.8794 9.9996
3 179 212.5 5.4127 13.125 212.5 8.5481 14.9416 212.5 6.2602 9.9997
3 179 212.5 6.2602 9.9997 212.5 8.5481 14.9416 212.5 9.8794 9.9996
3 179 212.5 -5.4127 13.125 212.5 -6.2593 10.0019 212.5 -8.5482 14.9414
3 179 212.5 -8.5482 14.9414 212.5 -6.2593 10.0019 212.5 -9.8788 10.0024
3 179 212.5 -6.2593 10.0019 212.5 -5.4127 6.875 212.5 -9.8788 10.0024
3 179 212.5 -9.8788 10.0024 212.5 -5.4127 6.875 212.5 -8.5422 5.053
3 179 212.5 -3.125 15.4127 212.5 -4.9417 18.5481 212.5 0.0005 16.2605
3 179 212.5 0.0005 16.2605 212.5 -4.9417 18.5481 212.5 0.0006 19.8797
3 179 212.5 3.125 15.4127 212.5 0.0005 16.2605 212.5 4.9419 18.548
3 179 212.5 4.9419 18.548 212.5 0.0005 16.2605 212.5 0.0006 19.8797
3 179 212.5 -3.125 15.4127 212.5 -5.4127 13.125 212.5 -4.9417 18.5481
3 179 212.5 -4.9417 18.5481 212.5 -5.4127 13.125 212.5 -8.5482 14.9414
3 179 212.5 5.4127 13.125 212.5 3.125 15.4127 212.5 8.5481 14.9416
3 179 212.5 8.5481 14.9416 212.5 3.125 15.4127 212.5 4.9419 18.548
3 179 212.5 -3.1172 4.6007 212.5 -4.9352 1.4612 212.5 -5.4127 6.875
3 179 212.5 -5.4127 6.875 212.5 -4.9352 1.4612 212.5 -8.5422 5.053
3 179 212.5 3.125 4.5873 212.5 5.4127 6.875 212.5 4.941 1.4517
3 179 212.5 4.941 1.4517 212.5 5.4127 6.875 212.5 8.5481 5.0583
3 179 212.5 3.125 4.5873 212.5 4.941 1.4517 212.5 0.0005 3.741
3 179 212.5 0.0005 3.741 212.5 4.941 1.4517 212.5 -0.0078 0.1237
3 179 212.5 -3.1172 4.6007 212.5 0.0005 3.741 212.5 -4.9352 1.4612
3 179 212.5 -4.9352 1.4612 212.5 0.0005 3.741 212.5 -0.0078 0.1237
3 179 212.5 8.5481 5.0583 212.5 9.8794 9.9996 227.5 8.5481 5.0583
3 179 227.5 8.5481 5.0583 212.5 9.8794 9.9996 227.5 9.8794 9.9996
3 179 212.5 9.8794 9.9996 212.5 8.5481 14.9416 227.5 9.8794 9.9996
3 179 227.5 9.8794 9.9996 212.5 8.5481 14.9416 227.5 8.5481 14.9416
3 179 212.5 -8.5482 14.9414 212.5 -9.8788 10.0024 227.5 -8.5482 14.9414
3 179 227.5 -8.5482 14.9414 212.5 -9.8788 10.0024 227.5 -9.8788 10.0024
3 179 212.5 -9.8788 10.0024 212.5 -8.5422 5.053 227.5 -9.8788 10.0024
3 179 227.5 -9.8788 10.0024 212.5 -8.5422 5.053 227.5 -8.5422 5.053
3 179 212.5 0.0006 19.8797 212.5 -4.9417 18.5481 227.5 0.0006 19.8797
3 179 227.5 0.0006 19.8797 212.5 -4.9417 18.5481 227.5 -4.9417 18.5481
3 179 212.5 4.9419 18.548 212.5 0.0006 19.8797 227.5 4.9419 18.548
3 179 227.5 4.9419 18.548 212.5 0.0006 19.8797 227.5 0.0006 19.8797
3 179 212.5 -4.9417 18.5481 212.5 -8.5482 14.9414 227.5 -4.9417 18.5481
3 179 227.5 -4.9417 18.5481 212.5 -8.5482 14.9414 227.5 -8.5482 14.9414
3 179 212.5 8.5481 14.9416 212.5 4.9419 18.548 227.5 8.5481 14.9416
3 179 227.5 8.5481 14.9416 212.5 4.9419 18.548 227.5 4.9419 18.548
3 179 212.5 -8.5422 5.053 212.5 -4.9352 1.4612 227.5 -8.5422 5.053
3 179 227.5 -8.5422 5.053 212.5 -4.9352 1.4612 227.5 -4.9352 1.4612
3 179 212.5 4.941 1.4517 212.5 8.5481 5.0583 227.5 4.941 1.4517
3 179 227.5 4.941 1.4517 212.5 8.5481 5.0583 227.5 8.5481 5.0583
3 179 212.5 -0.0078 0.1237 212.5 4.941 1.4517 227.5 -0.0078 0.1237
3 179 227.5 -0.0078 0.1237 212.5 4.941 1.4517 227.5 4.941 1.4517
3 179 212.5 -4.9352 1.4612 212.5 -0.0078 0.1237 227.5 -4.9352 1.4612
3 179 227.5 -4.9352 1.4612 212.5 -0.0078 0.1237 227.5 -0.0078 0.1237
3 179 227.5 9.8794 9.9996 227.5 0.0013 10.0023 227.5 8.5481 5.0583
3 179 227.5 -8.5482 14.9414 227.5 -9.8788 10.0024 227.5 0.0013 10.0023
3 179 227.5 0.0013 10.0023 227.5 -9.8788 10.0024 227.5 -8.5422 5.053
3 179 227.5 0.0013 10.0023 227.5 -8.5422 5.053 227.5 -4.9352 1.4612
3 179 227.5 0.0013 10.0023 227.5 -4.9352 1.4612 227.5 -0.0078 0.1237
3 179 227.5 0.0013 10.0023 227.5 -0.0078 0.1237 227.5 4.941 1.4517
3 179 227.5 0.0013 10.0023 227.5 4.941 1.4517 227.5 8.5481 5.0583
3 179 227.5 8.5481 14.9416 227.5 0.0013 10.0023 227.5 9.8794 9.9996
3 179 227.5 4.9419 18.548 227.5 0.0013 10.0023 227.5 8.5481 14.9416
3 179 227.5 0.0006 19.8797 227.5 0.0013 10.0023 227.5 4.9419 18.548
3 179 227.5 -4.9417 18.5481 227.5 0.0013 10.0023 227.5 0.0006 19.8797
3 179 227.5 -8.5482 14.9414 227.5 0.0013 10.0023 227.5 -4.9417 18.5481
3 179 212.5 -5.4127 6.875 39.3873 -5.4127 6.875 212.5 -3.1172 4.6007
3 179 212.5 -3.1172 4.6007 39.3873 -5.4127 6.875 39.3873 -3.1172 4.6007
3 179 212.5 -6.2593 10.0019 39.3873 -6.2547 10.001 212.5 -5.4127 6.875
3 179 212.5 -5.4127 6.875 39.3873 -6.2547 10.001 39.3873 -5.4127 6.875
3 179 212.5 -5.4127 13.125 39.3873 -5.4127 13.125 212.5 -6.2593 10.0019
3 179 212.5 -6.2593 10.0019 39.3873 -5.4127 13.125 39.3873 -6.2547 10.001
3 179 212.5 -3.125 15.4127 39.3873 -3.125 15.4127 212.5 -5.4127 13.125
3 179 212.5 -5.4127 13.125 39.3873 -3.125 15.4127 39.3873 -5.4127 13.125
3 179 212.5 0.0005 16.2605 39.3873 0.0002 16.2554 212.5 -3.125 15.4127
3 179 212.5 -3.125 15.4127 39.3873 0.0002 16.2554 39.3873 -3.125 15.4127
3 179 212.5 3.125 15.4127 39.3873 3.125 15.4127 212.5 0.0005 16.2605
3 179 212.5 0.0005 16.2605 39.3873 3.125 15.4127 39.3873 0.0002 16.2554
3 179 212.5 5.4127 13.125 39.3873 5.4127 13.125 212.5 3.125 15.4127
3 179 212.5 3.125 15.4127 39.3873 5.4127 13.125 39.3873 3.125 15.4127
3 179 212.5 6.2602 9.9997 39.3873 6.2552 9.9998 212.5 5.4127 13.125
3 179 212.5 5.4127 13.125 39.3873 6.2552 9.9998 39.3873 5.4127 13.125
3 179 212.5 5.4127 6.875 39.3873 5.4127 6.875 212.5 6.2602 9.9997
3 179 212.5 6.2602 9.9997 39.3873 5.4127 6.875 39.3873 6.2552 9.9998
3 179 212.5 3.125 4.5873 39.3873 3.125 4.5873 212.5 5.4127 6.875
3 179 212.5 5.4127 6.875 39.3873 3.125 4.5873 39.3873 5.4127 6.875
3 179 212.5 0.0005 3.741 39.3873 0.0002 3.7454 212.5 3.125 4.5873
3 179 212.5 3.125 4.5873 39.3873 0.0002 3.7454 39.3873 3.125 4.5873
3 179 212.5 -3.1172 4.6007 39.3873 -3.1172 4.6007 212.5 0.0005 3.741
3 179 212.5 0.0005 3.741 39.3873 -3.1172 4.6007 39.3873 0.0002 3.7454
2 24 24.6242 -8.0112 20 20 -9.25 20
2 24 24.6242 -8.0112 0 20 -9.25 0
2 24 24.6242 8.0112 20 28.0112 4.6242 20
2 24 27.2234 5.4127 13.125 28.4146 3.125 15.4127
2 24 24.6242 8.0112 20 20 9.25 20
2 24 20 9.25 0 24.6242 8.0112 0
2 24 20 9.25 20 0 9.25 20
2 24 20 9.25 0 0 9.25 0
2 24 20 -9.25 0 0 -9.25 0
2 24 20 -9.25 20 0 -9.25 20
2 24 -4.625 -8.0107 20 -8.0107 -4.625 20
2 24 -4.625 -8.0107 0 -8.0107 -4.625 0
2 24 -8.0107 4.625 20 -4.625 8.0107 20
2 24 -8.0107 4.625 0 -4.625 8.0107 0
2 24 -8.0107 -4.625 20 -9.25 0 20
2 24 -8.0107 -4.625 0 -9.25 0 0
2 24 -8.0107 4.625 20 -9.25 0 20
2 24 -8.0107 4.625 0 -9.25 0 0
2 24 0 9.25 20 -4.625 8.0107 20
2 24 0 9.25 0 -4.625 8.0107 0
2 24 0 -9.25 20 -4.625 -8.0107 20
2 24 0 -9.25 0 -4.625 -8.0107 0
2 24 6.25 0 18 5.4126 3.1252 18
2 24 7.75 0 18 6.7116 3.8752 18
2 24 3.125 5.4127 18 0 6.25 18
2 24 3.8752 6.7116 18 0 7.75 18
2 24 5.4126 3.1252 18 3.125 5.4127 18
2 24 6.7116 3.8752 18 3.8752 6.7116 18
2 24 0 -6.25 18 3.1252 -5.4126 18
2 24 0 -7.75 18 3.8752 -6.7116 18
2 24 3.1252 -5.4126 18 5.4126 -3.1252 18
2 24 3.8752 -6.7116 18 6.7116 -3.8752 18
2 24 6.25 0 18 5.4126 -3.1252 18
2 24 7.75 0 18 6.7116 -3.8752 18
2 24 0 6.25 18 3.125 5.4127 18
2 24 0 6.25 2 3.125 5.4127 2
2 24 5.4126 -3.1252 18 3.1252 -5.4126 18
2 24 5.4126 -3.1252 2 3.1252 -5.4126 2
2 24 5.4126 -3.1252 18 6.25 0 18
2 24 5.4126 -3.1252 2 6.25 0 2
2 24 6.25 0 2 5.4126 3.1252 2
2 24 6.25 0 18 5.4126 3.1252 18
2 24 5.4126 3.1252 2 6.25 0 2
2 24 6.7116 3.8752 2 7.75 0 2
2 24 3.125 5.4127 2 5.4126 3.1252 2
2 24 3.125 5.4127 18 5.4126 3.1252 18
2 24 0 6.25 2 3.125 5.4127 2
2 24 0 7.75 2 3.8752 6.7116 2
2 24 5.4126 3.1252 2 3.125 5.4127 2
2 24 6.7116 3.8752 2 3.8752 6.7116 2
2 24 3.1252 -5.4126 2 0 -6.25 2
2 24 3.1252 -5.4126 18 0 -6.25 18
2 24 3.1252 -5.4126 2 0 -6.25 2
2 24 3.8752 -6.7116 2 0 -7.75 2
2 24 3.1252 -5.4126 2 5.4126 -3.1252 2
2 24 3.8752 -6.7116 2 6.7116 -3.8752 2
2 24 6.25 0 2 5.4126 -3.1252 2
2 24 7.75 0 2 6.7116 -3.8752 2
2 24 -5.4126 3.1252 18 -6.25 0 18
2 24 -6.7117 3.8752 18 -7.75 0 18
2 24 0 6.25 18 -3.125 5.4127 18
2 24 0 7.75 18 -3.875 6.7117 18
2 24 -5.4126 3.1252 18 -3.125 5.4127 18
2 24 -6.7117 3.8752 18 -3.875 6.7117 18
2 24 0 -6.25 18 -3.1252 -5.4126 18
2 24 0 -7.75 18 -3.8752 -6.7116 18
2 24 -3.1252 -5.4126 18 -5.4126 -3.1252 18
2 24 -3.8752 -6.7116 18 -6.7117 -3.875 18
2 24 -6.25 0 18 -5.4126 -3.1252 18
2 24 -7.75 0 18 -6.7117 -3.875 18
2 24 0 6.25 18 -3.125 5.4127 18
2 24 0 6.25 2 -3.125 5.4127 2
2 24 -3.1252 -5.4126 18 -5.4126 -3.1252 18
2 24 -3.1252 -5.4126 2 -5.4126 -3.1252 2
2 24 -5.4126 -3.1252 18 -6.25 0 18
2 24 -5.4126 -3.1252 2 -6.25 0 2
2 24 -6.25 0 2 -5.4126 3.1252 2
2 24 -6.25 0 18 -5.4126 3.1252 18
2 24 -6.25 0 2 -5.4126 3.1252 2
2 24 -7.75 0 2 -6.7117 3.8752 2
2 24 -3.125 5.4127 2 -5.4126 3.1252 2
2 24 -3.125 5.4127 18 -5.4126 3.1252 18
2 24 0 6.25 2 -3.125 5.4127 2
2 24 0 7.75 2 -3.875 6.7117 2
2 24 -5.4126 3.1252 2 -3.125 5.4127 2
2 24 -6.7117 3.8752 2 -3.875 6.7117 2
2 24 0 -6.25 2 -3.1252 -5.4126 2
2 24 0 -6.25 18 -3.1252 -5.4126 18
2 24 0 -6.25 2 -3.1252 -5.4126 2
2 24 0 -7.75 2 -3.8752 -6.7116 2
2 24 -3.1252 -5.4126 2 -5.4126 -3.1252 2
2 24 -3.8752 -6.7116 2 -6.7117 -3.875 2
2 24 -6.25 0 2 -5.4126 -3.1252 2
2 24 -7.75 0 2 -6.7117 -3.875 2
2 24 0 9.25 20 20 9.25 20
2 24 8.8768 6.375 20 11.1233 6.375 20
2 24 0 7.75 20 3.8752 6.7116 20
2 24 24.6242 -8.0112 20 28.0112 -4.6242 20
2 24 28.0112 -4.6242 20 29.25 0 20
2 24 26.125 -2.25 20 26.125 2.25 20
2 24 22.25 -6.125 20 22.25 -2.25 20
2 24 26.125 -2.25 20 22.25 -2.25 20
2 24 24.6242 -8.0112 20 20 -9.25 20
2 24 22.25 -6.125 20 17.75 -6.125 20
2 24 11.1233 -6.375 20 11.9268 -6.0825 20
2 24 11.9268 -6.0825 20 12.3543 -5.3421 20
2 24 17.75 -6.125 20 17.75 -2.25 20
2 24 12.3543 -5.3421 20 12.2058 -4.5 20
2 24 11.2858 -2.25 20 11.6695 -3.4062 20
2 24 17.75 -2.25 20 11.2858 -2.25 20
2 24 12.2058 -4.5 20 11.6695 -3.4062 20
2 24 6.7116 3.8752 20 7.75 0 20
2 24 8.4571 3.0785 20 9 0 20
2 24 8.4571 3.0785 20 7.7942 4.5 20
2 24 9 0 20 8.4571 -3.0785 20
2 24 7.75 0 20 6.7116 -3.8752 20
2 24 8.8768 6.375 20 8.0733 6.0825 20
2 24 8.0733 6.0825 20 7.6458 5.3421 20
2 24 3.8752 6.7116 20 6.7116 3.8752 20
2 24 7.7942 4.5 20 7.6458 5.3421 20
2 24 0 -7.75 20 3.8752 -6.7116 20
2 24 8.8768 -6.375 20 8.0733 -6.0825 20
2 24 8.0733 -6.0825 20 7.6458 -5.3421 20
2 24 7.6458 -5.3421 20 7.7942 -4.5 20
2 24 6.7116 -3.8752 20 3.8752 -6.7116 20
2 24 8.4571 -3.0785 20 7.7942 -4.5 20
2 24 26.125 2.25 20 22.25 2.25 20
2 24 22.25 2.25 20 22.25 6.125 20
2 24 28.0112 4.6242 20 24.6242 8.0112 20
2 24 29.25 0 20 28.0112 4.6242 20
2 24 20 9.25 20 24.6242 8.0112 20
2 24 22.25 6.125 20 17.75 6.125 20
2 24 11.1233 6.375 20 11.9268 6.0825 20
2 24 11.9268 6.0825 20 12.3543 5.3421 20
2 24 12.3543 5.3421 20 12.2058 4.5 20
2 24 17.75 6.125 20 17.75 2.25 20
2 24 17.75 2.25 20 11.2858 2.25 20
2 24 11.2858 2.25 20 11.6695 3.4062 20
2 24 12.2058 4.5 20 11.6695 3.4062 20
2 24 20 -9.25 20 0 -9.25 20
2 24 11.1233 -6.375 20 8.8768 -6.375 20
2 24 -6.7117 3.8752 20 -7.75 0 20
2 24 -8.0107 4.625 20 -9.25 0 20
2 24 -7.75 0 20 -6.7117 -3.875 20
2 24 -9.25 0 20 -8.0107 -4.625 20
2 24 -6.7117 -3.875 20 -3.8752 -6.7116 20
2 24 -8.0107 -4.625 20 -4.625 -8.0107 20
2 24 -6.7117 3.8752 20 -3.875 6.7117 20
2 24 -8.0107 4.625 20 -4.625 8.0107 20
2 24 0 7.75 20 -3.875 6.7117 20
2 24 0 9.25 20 -4.625 8.0107 20
2 24 0 -7.75 20 -3.8752 -6.7116 20
2 24 0 -9.25 20 -4.625 -8.0107 20
2 24 17.75 -2.25 20 17.75 -2.25 0
2 24 17.75 -2.25 20 11.2858 -2.25 20
2 24 17.75 -2.25 0 11.2858 -2.25 0
2 24 11.2858 -2.25 20 11.2858 -2.25 0
2 24 17.75 -6.125 20 17.75 -6.125 0
2 24 17.75 -6.125 20 17.75 -2.25 20
2 24 17.75 -6.125 0 17.75 -2.25 0
2 24 17.75 -2.25 20 17.75 -2.25 0
2 24 22.25 -6.125 20 22.25 -6.125 0
2 24 22.25 -6.125 20 17.75 -6.125 20
2 24 22.25 -6.125 0 17.75 -6.125 0
2 24 17.75 -6.125 20 17.75 -6.125 0
2 24 22.25 -2.25 20 22.25 -2.25 0
2 24 22.25 -2.25 20 22.25 -6.125 20
2 24 22.25 -2.25 0 22.25 -6.125 0
2 24 22.25 -6.125 20 22.25 -6.125 0
2 24 26.125 -2.25 20 26.125 -2.25 0
2 24 26.125 -2.25 20 22.25 -2.25 20
2 24 26.125 -2.25 0 22.25 -2.25 0
2 24 22.25 -2.25 20 22.25 -2.25 0
2 24 12.3543 -5.3421 0 12.2058 -4.5 0
2 24 12.3543 -5.3421 20 12.2058 -4.5 20
2 24 12.3543 -5.3421 0 11.9268 -6.0825 0
2 24 12.3543 -5.3421 20 11.9268 -6.0825 20
2 24 11.9268 -6.0825 0 11.1233 -6.375 0
2 24 11.9268 -6.0825 20 11.1233 -6.375 20
2 24 11.6695 -3.4062 0 11.2858 -2.25 0
2 24 11.6695 -3.4062 20 11.2858 -2.25 20
2 24 11.2858 -2.25 0 11.2858 -2.25 20
2 24 12.2058 -4.5 0 11.6695 -3.4062 0
2 24 12.2058 -4.5 20 11.6695 -3.4062 20
2 24 7.6458 -5.3421 20 7.7942 -4.5 20
2 24 7.6458 -5.3421 0 7.7942 -4.5 0
2 24 7.6458 -5.3421 20 8.0733 -6.0825 20
2 24 7.6458 -5.3421 0 8.0733 -6.0825 0
2 24 8.0733 -6.0825 20 8.8768 -6.375 20
2 24 8.0733 -6.0825 0 8.8768 -6.375 0
2 24 11.1233 -6.375 0 8.8768 -6.375 0
2 24 11.1233 -6.375 20 8.8768 -6.375 20
2 24 8.8768 6.375 0 8.0733 6.0825 0
2 24 8.8768 6.375 20 8.0733 6.0825 20
2 24 8.0733 6.0825 0 7.6458 5.3421 0
2 24 8.0733 6.0825 20 7.6458 5.3421 20
2 24 7.6458 5.3421 0 7.7942 4.5 0
2 24 7.6458 5.3421 20 7.7942 4.5 20
2 24 9 0 0 8.4571 -3.0785 0
2 24 9 0 20 8.4571 -3.0785 20
2 24 9 0 0 8.4571 3.0785 0
2 24 9 0 20 8.4571 3.0785 20
2 24 7.7942 4.5 0 8.4571 3.0785 0
2 24 7.7942 4.5 20 8.4571 3.0785 20
2 24 7.7942 -4.5 0 8.4571 -3.0785 0
2 24 7.7942 -4.5 20 8.4571 -3.0785 20
2 24 17.75 2.25 0 17.75 2.25 20
2 24 17.75 2.25 0 11.2858 2.25 0
2 24 17.75 2.25 20 11.2858 2.25 20
2 24 11.2858 2.25 0 11.2858 2.25 20
2 24 17.75 6.125 0 17.75 6.125 20
2 24 17.75 6.125 0 17.75 2.25 0
2 24 17.75 6.125 20 17.75 2.25 20
2 24 17.75 2.25 0 17.75 2.25 20
2 24 22.25 6.125 0 22.25 6.125 20
2 24 22.25 6.125 0 17.75 6.125 0
2 24 22.25 6.125 20 17.75 6.125 20
2 24 17.75 6.125 0 17.75 6.125 20
2 24 22.25 2.25 0 22.25 2.25 20
2 24 22.25 2.25 0 22.25 6.125 0
2 24 22.25 2.25 20 22.25 6.125 20
2 24 22.25 6.125 0 22.25 6.125 20
2 24 26.125 2.25 0 26.125 2.25 20
2 24 26.125 2.25 0 22.25 2.25 0
2 24 26.125 2.25 20 22.25 2.25 20
2 24 22.25 2.25 0 22.25 2.25 20
2 24 12.3543 5.3421 20 12.2058 4.5 20
2 24 12.3543 5.3421 0 12.2058 4.5 0
2 24 12.3543 5.3421 20 11.9268 6.0825 20
2 24 12.3543 5.3421 0 11.9268 6.0825 0
2 24 11.9268 6.0825 20 11.1233 6.375 20
2 24 11.9268 6.0825 0 11.1233 6.375 0
2 24 11.6695 3.4062 20 11.2858 2.25 20
2 24 11.6695 3.4062 0 11.2858 2.25 0
2 24 11.2858 2.25 20 11.2858 2.25 0
2 24 12.2058 4.5 20 11.6695 3.4062 20
2 24 12.2058 4.5 0 11.6695 3.4062 0
2 24 8.8768 6.375 0 11.1233 6.375 0
2 24 8.8768 6.375 20 11.1233 6.375 20
2 24 26.125 2.25 20 26.125 2.25 0
2 24 26.125 2.25 20 26.125 -2.25 20
2 24 26.125 2.25 0 26.125 -2.25 0
2 24 26.125 -2.25 20 26.125 -2.25 0
2 24 24.6242 -8.0112 0 28.0112 -4.6242 0
2 24 28.0112 -4.6242 0 29.25 0 0
2 24 26.125 -2.25 0 26.125 2.25 0
2 24 22.25 -6.125 0 22.25 -2.25 0
2 24 26.125 -2.25 0 22.25 -2.25 0
2 24 24.6242 -8.0112 0 20 -9.25 0
2 24 22.25 -6.125 0 17.75 -6.125 0
2 24 11.1233 -6.375 0 11.9268 -6.0825 0
2 24 11.9268 -6.0825 0 12.3543 -5.3421 0
2 24 12.3543 -5.3421 0 12.2058 -4.5 0
2 24 17.75 -6.125 0 17.75 -2.25 0
2 24 17.75 -2.25 0 11.2858 -2.25 0
2 24 11.2858 -2.25 0 11.6695 -3.4062 0
2 24 12.2058 -4.5 0 11.6695 -3.4062 0
2 24 6.7116 3.8752 0 7.75 0 0
2 24 8.4571 3.0785 0 9 0 0
2 24 8.4571 3.0785 0 7.7942 4.5 0
2 24 7.75 0 0 6.7116 -3.8752 0
2 24 9 0 0 8.4571 -3.0785 0
2 24 8.8768 6.375 0 8.0733 6.0825 0
2 24 8.0733 6.0825 0 7.6458 5.3421 0
2 24 7.7942 4.5 0 7.6458 5.3421 0
2 24 6.7116 3.8752 0 3.8752 6.7116 0
2 24 20 -9.25 0 0 -9.25 0
2 24 11.1233 -6.375 0 8.8768 -6.375 0
2 24 8.8768 -6.375 0 8.0733 -6.0825 0
2 24 8.0733 -6.0825 0 7.6458 -5.3421 0
2 24 6.7116 -3.8752 0 3.8752 -6.7116 0
2 24 7.6458 -5.3421 0 7.7942 -4.5 0
2 24 8.4571 -3.0785 0 7.7942 -4.5 0
2 24 28.0112 4.6242 0 24.6242 8.0112 0
2 24 29.25 0 0 28.0112 4.6242 0
2 24 22.25 6.125 0 22.25 2.25 0
2 24 26.125 2.25 0 22.25 2.25 0
2 24 24.6242 8.0112 0 20 9.25 0
2 24 22.25 6.125 0 17.75 6.125 0
2 24 11.1233 6.375 0 11.9268 6.0825 0
2 24 17.75 6.125 0 17.75 2.25 0
2 24 12.2058 4.5 0 12.3543 5.3421 0
2 24 11.2858 2.25 0 11.6695 3.4062 0
2 24 17.75 2.25 0 11.2858 2.25 0
2 24 12.2058 4.5 0 11.6695 3.4062 0
2 24 20 9.25 0 0 9.25 0
2 24 8.8768 6.375 0 11.1233 6.375 0
2 24 3.8752 -6.7116 0 0 -7.75 0
2 24 3.8752 6.7116 0 0 7.75 0
2 24 11.9268 6.0825 0 12.3543 5.3421 0
2 24 -7.75 0 0 -6.7117 3.8752 0
2 24 -9.25 0 0 -8.0107 4.625 0
2 24 -7.75 0 0 -6.7117 -3.875 0
2 24 -9.25 0 0 -8.0107 -4.625 0
2 24 -6.7117 3.8752 0 -3.875 6.7117 0
2 24 -8.0107 4.625 0 -4.625 8.0107 0
2 24 0 7.75 0 -3.875 6.7117 0
2 24 0 9.25 0 -4.625 8.0107 0
2 24 -6.7117 -3.875 0 -3.8752 -6.7116 0
2 24 -8.0107 -4.625 0 -4.625 -8.0107 0
2 24 0 -7.75 0 -3.8752 -6.7116 0
2 24 0 -9.25 0 -4.625 -8.0107 0
2 24 28.4146 3.125 15.4127 29.2552 0 16.25
2 24 28.0112 4.6242 20 29.25 0 20
2 24 26.3909 6.25 10 27.2234 5.4127 6.875
2 24 24.6242 8.0112 0 28.0112 4.6242 0
2 24 28.415 -3.1172 4.6007 27.234 -5.4127 6.875
2 24 24.6242 -8.0112 0 28.0112 -4.6242 0
2 24 28.415 -3.1172 4.6007 29.25 0 3.75
2 24 28.0112 -4.6242 0 29.25 0 0
2 24 26.3909 -6.25 10 27.234 -5.4127 13.125
2 24 24.6242 -8.0112 20 28.0112 -4.6242 20
2 24 27.2234 5.4127 6.875 28.4146 3.125 4.5873
2 24 29.2552 0 16.25 28.4252 -3.125 15.4127
2 24 29.25 0 20 28.0112 -4.6242 20
2 24 27.234 -5.4127 13.125 28.4252 -3.125 15.4127
2 24 28.0112 4.6242 0 29.25 0 0
2 24 29.25 0 3.75 28.4146 3.125 4.5873
2 24 27.2234 5.4127 13.125 26.3909 6.25 10
2 24 27.234 -5.4127 6.875 26.3909 -6.25 10
2 24 26.3909 -6.25 10 27.234 -5.4127 6.875
2 24 26.3909 6.25 10 27.2234 5.4127 6.875
2 24 26.3909 6.25 10 27.2234 5.4127 13.125
2 24 27.2234 5.4127 6.875 28.4146 3.125 4.5873
2 24 28.415 -3.1172 4.6007 29.25 0 3.75
2 24 27.234 -5.4127 6.875 28.415 -3.1172 4.6007
2 24 26.3909 -6.25 10 27.234 -5.4127 13.125
2 24 27.2234 5.4127 13.125 28.4146 3.125 15.4127
2 24 28.4146 3.125 15.4127 29.2552 0 16.25
2 24 29.2552 0 16.25 28.4252 -3.125 15.4127
2 24 27.234 -5.4127 13.125 28.4252 -3.125 15.4127
2 24 28.4146 3.125 4.5873 29.25 0 3.75
2 24 6.7116 -3.8752 0 7.75 0 0
2 24 6.7116 -3.8752 2 7.75 0 2
2 24 7.75 0 0 6.7116 3.8752 0
2 24 7.75 0 2 6.7116 3.8752 2
2 24 3.8752 6.7116 0 0 7.75 0
2 24 3.8752 6.7116 2 0 7.75 2
2 24 6.7116 3.8752 0 3.8752 6.7116 0
2 24 6.7116 3.8752 2 3.8752 6.7116 2
2 24 0 -7.75 0 3.8752 -6.7116 0
2 24 0 -7.75 2 3.8752 -6.7116 2
2 24 6.7116 -3.8752 0 3.8752 -6.7116 0
2 24 6.7116 -3.8752 2 3.8752 -6.7116 2
2 24 -6.7117 3.8752 0 -7.75 0 0
2 24 -6.7117 3.8752 2 -7.75 0 2
2 24 0 7.75 0 -3.875 6.7117 0
2 24 0 7.75 2 -3.875 6.7117 2
2 24 -6.7117 3.8752 0 -3.875 6.7117 0
2 24 -6.7117 3.8752 2 -3.875 6.7117 2
2 24 0 -7.75 0 -3.8752 -6.7116 0
2 24 0 -7.75 2 -3.8752 -6.7116 2
2 24 -3.8752 -6.7116 2 -6.7117 -3.875 2
2 24 -3.8752 -6.7116 0 -6.7117 -3.875 0
2 24 -7.75 0 2 -6.7117 -3.875 2
2 24 -7.75 0 0 -6.7117 -3.875 0
2 24 -3.8752 -6.7116 18 0 -7.75 18
2 24 -3.8752 -6.7116 20 0 -7.75 20
2 24 0 -7.75 18 3.8752 -6.7116 18
2 24 0 -7.75 20 3.8752 -6.7116 20
2 24 3.8752 -6.7116 18 6.7116 -3.8752 18
2 24 3.8752 -6.7116 20 6.7116 -3.8752 20
2 24 6.7116 -3.8752 18 7.75 0 18
2 24 6.7116 -3.8752 20 7.75 0 20
2 24 7.75 0 18 6.7116 3.8752 18
2 24 7.75 0 20 6.7116 3.8752 20
2 24 6.7116 3.8752 18 3.8752 6.7116 18
2 24 6.7116 3.8752 20 3.8752 6.7116 20
2 24 3.8752 6.7116 18 0 7.75 18
2 24 3.8752 6.7116 20 0 7.75 20
2 24 0 7.75 18 -3.875 6.7117 18
2 24 0 7.75 20 -3.875 6.7117 20
2 24 -3.875 6.7117 18 -6.7117 3.8752 18
2 24 -3.875 6.7117 20 -6.7117 3.8752 20
2 24 -6.7117 3.8752 18 -7.75 0 18
2 24 -6.7117 3.8752 20 -7.75 0 20
2 24 -7.75 0 20 -6.7117 -3.875 20
2 24 -7.75 0 18 -6.7117 -3.875 18
2 24 -3.8752 -6.7116 20 -6.7117 -3.875 20
2 24 -3.8752 -6.7116 18 -6.7117 -3.875 18
2 24 212.5 5.4127 6.875 212.5 6.2602 9.9997
2 24 212.5 8.5481 5.0583 212.5 9.8794 9.9996
2 24 212.5 6.2602 9.9997 212.5 5.4127 13.125
2 24 212.5 9.8794 9.9996 212.5 8.5481 14.9416
2 24 212.5 -5.4127 13.125 212.5 -6.2593 10.0019
2 24 212.5 -8.5482 14.9414 212.5 -9.8788 10.0024
2 24 212.5 -6.2593 10.0019 212.5 -5.4127 6.875
2 24 212.5 -9.8788 10.0024 212.5 -8.5422 5.053
2 24 212.5 -3.125 15.4127 212.5 0.0005 16.2605
2 24 212.5 -4.9417 18.5481 212.5 0.0006 19.8797
2 24 212.5 0.0005 16.2605 212.5 3.125 15.4127
2 24 212.5 0.0006 19.8797 212.5 4.9419 18.548
2 24 212.5 -5.4127 13.125 212.5 -3.125 15.4127
2 24 212.5 -8.5482 14.9414 212.5 -4.9417 18.5481
2 24 212.5 5.4127 13.125 212.5 3.125 15.4127
2 24 212.5 8.5481 14.9416 212.5 4.9419 18.548
2 24 212.5 -5.4127 6.875 212.5 -3.1172 4.6007
2 24 212.5 -8.5422 5.053 212.5 -4.9352 1.4612
2 24 212.5 5.4127 6.875 212.5 3.125 4.5873
2 24 212.5 8.5481 5.0583 212.5 4.941 1.4517
2 24 212.5 3.125 4.5873 212.5 0.0005 3.741
2 24 212.5 4.941 1.4517 212.5 -0.0078 0.1237
2 24 212.5 -3.1172 4.6007 212.5 0.0005 3.741
2 24 212.5 -4.9352 1.4612 212.5 -0.0078 0.1237
2 24 212.5 8.5481 5.0583 212.5 9.8794 9.9996
2 24 227.5 8.5481 5.0583 227.5 9.8794 9.9996
2 24 212.5 9.8794 9.9996 212.5 8.5481 14.9416
2 24 227.5 9.8794 9.9996 227.5 8.5481 14.9416
2 24 212.5 -8.5482 14.9414 212.5 -9.8788 10.0024
2 24 227.5 -8.5482 14.9414 227.5 -9.8788 10.0024
2 24 212.5 -9.8788 10.0024 212.5 -8.5422 5.053
2 24 227.5 -9.8788 10.0024 227.5 -8.5422 5.053
2 24 212.5 0.0006 19.8797 212.5 -4.9417 18.5481
2 24 227.5 0.0006 19.8797 227.5 -4.9417 18.5481
2 24 212.5 0.0006 19.8797 212.5 4.9419 18.548
2 24 227.5 0.0006 19.8797 227.5 4.9419 18.548
2 24 212.5 -8.5482 14.9414 212.5 -4.9417 18.5481
2 24 227.5 -8.5482 14.9414 227.5 -4.9417 18.5481
2 24 212.5 8.5481 14.9416 212.5 4.9419 18.548
2 24 227.5 8.5481 14.9416 227.5 4.9419 18.548
2 24 212.5 -8.5422 5.053 212.5 -4.9352 1.4612
2 24 227.5 -8.5422 5.053 227.5 -4.9352 1.4612
2 24 212.5 8.5481 5.0583 212.5 4.941 1.4517
2 24 227.5 8.5481 5.0583 227.5 4.941 1.4517
2 24 212.5 4.941 1.4517 212.5 -0.0078 0.1237
2 24 227.5 4.941 1.4517 227.5 -0.0078 0.1237
2 24 212.5 -4.9352 1.4612 212.5 -0.0078 0.1237
2 24 227.5 -4.9352 1.4612 227.5 -0.0078 0.1237
2 24 227.5 9.8794 9.9996 227.5 8.5481 5.0583
2 24 227.5 -8.5482 14.9414 227.5 -9.8788 10.0024
2 24 227.5 -9.8788 10.0024 227.5 -8.5422 5.053
2 24 227.5 -8.5422 5.053 227.5 -4.9352 1.4612
2 24 227.5 -4.9352 1.4612 227.5 -0.0078 0.1237
2 24 227.5 -0.0078 0.1237 227.5 4.941 1.4517
2 24 227.5 8.5481 5.0583 227.5 4.941 1.4517
2 24 227.5 9.8794 9.9996 227.5 8.5481 14.9416
2 24 227.5 8.5481 14.9416 227.5 4.9419 18.548
2 24 227.5 4.9419 18.548 227.5 0.0006 19.8797
2 24 227.5 0.0006 19.8797 227.5 -4.9417 18.5481
2 24 227.5 -8.5482 14.9414 227.5 -4.9417 18.5481
2 24 212.5 -5.4127 6.875 212.5 -3.1172 4.6007
2 24 212.5 -5.4127 6.875 212.5 -6.2593 10.0019
2 24 212.5 -6.2593 10.0019 212.5 -5.4127 13.125
2 24 212.5 -5.4127 13.125 212.5 -3.125 15.4127
2 24 212.5 -3.125 15.4127 212.5 0.0005 16.2605
2 24 212.5 0.0005 16.2605 212.5 3.125 15.4127
2 24 212.5 3.125 15.4127 212.5 5.4127 13.125
2 24 212.5 5.4127 13.125 212.5 6.2602 9.9997
2 24 212.5 6.2602 9.9997 212.5 5.4127 6.875
2 24 212.5 5.4127 6.875 212.5 3.125 4.5873
2 24 212.5 3.125 4.5873 212.5 0.0005 3.741
2 24 212.5 -3.1172 4.6007 212.5 0.0005 3.741
0 STEP
