0 Minifigure, Utensil Cane with Molded Red Candy Stripe Pattern
0 Name: bl_1621pb01.dat
0 Author: 
0 BL_Item_No 1621pb01
0 BFC CERTIFY CCW
3 16 1.2865 0 0.5652 1.2865 0 0 1.3689 -2.9759 0.567
3 16 1.3689 -2.9759 0.567 1.2865 0 0 1.4817 -2.9759 0
3 16 1.4817 -2.9759 0 1.2865 0 0 1.3689 -2.9759 -0.5671
3 16 1.3689 -2.9759 -0.5671 1.2865 0 0 1.2865 0 -0.5671
3 16 1.3689 -2.9759 -0.5671 1.2865 0 -0.5671 1.0477 -2.9759 -1.0478
3 16 1.0477 -2.9759 -1.0478 1.2865 0 -0.5671 1.0477 0 -1.0478
3 16 1.0477 -2.9759 -1.0478 1.0477 0 -1.0478 0.567 -2.9759 -1.369
3 16 0.567 -2.9759 -1.369 1.0477 0 -1.0478 0.567 0 -1.369
3 16 0.567 -2.9759 -1.369 0.567 0 -1.369 0 -2.9759 -1.4817
3 16 0 -2.9759 -1.4817 0.567 0 -1.369 0 0 -1.4817
3 16 0 -2.9759 -1.4817 0 0 -1.4817 -0.5667 -2.9759 -1.3682
3 16 -0.5667 -2.9759 -1.3682 0 0 -1.4817 -0.5667 0 -1.3682
3 16 -0.5667 -2.9759 -1.3682 -0.5667 0 -1.3682 -1.0473 -2.9759 -1.0473
3 16 -1.0473 -2.9759 -1.0473 -0.5667 0 -1.3682 -1.0473 0 -1.0473
3 16 -1.0473 0 -1.0473 -1.3027 0 -0.5671 -1.0473 -2.9759 -1.0473
3 16 -1.0473 -2.9759 -1.0473 -1.3027 0 -0.5671 -1.3689 -2.9759 -0.5671
3 16 -1.3027 0 -0.5671 -1.3027 0 0 -1.3689 -2.9759 -0.5671
3 16 -1.3689 -2.9759 -0.5671 -1.3027 0 0 -1.4817 -2.9759 0
3 16 -1.4817 -2.9759 0 -1.3027 0 0 -1.3689 -2.9759 0.567
3 16 -1.3689 -2.9759 0.567 -1.3027 0 0 -1.3027 0 0.567
3 16 -1.3689 -2.9759 0.567 -1.3027 0 0.567 -1.0477 -2.9759 1.0477
3 16 -1.0477 -2.9759 1.0477 -1.3027 0 0.567 -1.0477 0 1.0477
3 16 -1.0477 -2.9759 1.0477 -1.0477 0 1.0477 -0.567 -2.9759 1.3689
3 16 -0.567 -2.9759 1.3689 -1.0477 0 1.0477 -0.567 0 1.3689
3 16 -0.567 -2.9759 1.3689 -0.567 0 1.3689 0 -2.9759 1.4817
3 16 0 -2.9759 1.4817 -0.567 0 1.3689 0 0 1.4817
3 16 0 -2.9759 1.4817 0 0 1.4817 0.567 -2.9759 1.3689
3 16 0.567 -2.9759 1.3689 0 0 1.4817 0.567 0 1.3689
3 16 0.567 -2.9759 1.3689 0.567 0 1.3689 1.0477 -2.9759 1.0477
3 16 1.0477 -2.9759 1.0477 0.567 0 1.3689 1.0477 0 1.0477
3 16 1.0477 0 1.0477 1.2865 0 0.5652 1.0477 -2.9759 1.0477
3 16 1.0477 -2.9759 1.0477 1.2865 0 0.5652 1.3689 -2.9759 0.567
3 16 1.4817 -2.9759 0 0 -2.9759 0 1.3689 -2.9759 0.567
3 16 1.3689 -2.9759 -0.5671 0 -2.9759 0 1.4817 -2.9759 0
3 16 1.0477 -2.9759 -1.0478 0 -2.9759 0 1.3689 -2.9759 -0.5671
3 16 0.567 -2.9759 -1.369 0 -2.9759 0 1.0477 -2.9759 -1.0478
3 16 0 -2.9759 -1.4817 0 -2.9759 0 0.567 -2.9759 -1.369
3 16 -0.5667 -2.9759 -1.3682 0 -2.9759 0 0 -2.9759 -1.4817
3 16 -1.0473 -2.9759 -1.0473 0 -2.9759 0 -0.5667 -2.9759 -1.3682
3 16 -1.3689 -2.9759 -0.5671 0 -2.9759 0 -1.0473 -2.9759 -1.0473
3 16 -1.4817 -2.9759 0 0 -2.9759 0 -1.3689 -2.9759 -0.5671
3 16 -1.3689 -2.9759 0.567 0 -2.9759 0 -1.4817 -2.9759 0
3 16 -1.0477 -2.9759 1.0477 0 -2.9759 0 -1.3689 -2.9759 0.567
3 16 -0.567 -2.9759 1.3689 0 -2.9759 0 -1.0477 -2.9759 1.0477
3 16 0 -2.9759 1.4817 0 -2.9759 0 -0.567 -2.9759 1.3689
3 16 0.567 -2.9759 1.3689 0 -2.9759 0 0 -2.9759 1.4817
3 16 1.0477 -2.9759 1.0477 0 -2.9759 0 0.567 -2.9759 1.3689
3 16 1.3689 -2.9759 0.567 0 -2.9759 0 1.0477 -2.9759 1.0477
3 16 -14.3268 -52.5481 2.1549 -14.2348 -51.5443 2.0635 -15.0324 -52.5711 1.2869
3 16 -15.0324 -52.5711 1.2869 -14.2348 -51.5443 2.0635 -14.9512 -51.5416 1.1299
3 16 -14.3268 -52.5481 2.1549 -13.3203 -52.5391 2.7042 -14.2348 -51.5443 2.0635
3 16 -14.2348 -51.5443 2.0635 -13.3203 -52.5391 2.7042 -13.2259 -51.5463 2.595
3 16 -13.3203 -52.5391 2.7042 -12.2213 -52.5631 2.8178 -13.2259 -51.5463 2.595
3 16 -13.2259 -51.5463 2.595 -12.2213 -52.5631 2.8178 -12.2167 -51.5513 2.6604
3 16 -12.2213 -52.5631 2.8178 -11.1417 -52.5193 2.4625 -12.2167 -51.5513 2.6604
3 16 -12.2167 -51.5513 2.6604 -11.1417 -52.5193 2.4625 -11.2567 -51.5535 2.3796
3 16 -10.3671 -52.5141 1.8321 -10.4999 -51.5447 1.7634 -11.1417 -52.5193 2.4625
3 16 -11.1417 -52.5193 2.4625 -10.4999 -51.5447 1.7634 -11.2567 -51.5535 2.3796
3 16 -9.8594 -52.5289 0.9471 -10.0061 -51.5441 0.9262 -10.3671 -52.5141 1.8321
3 16 -10.3671 -52.5141 1.8321 -10.0061 -51.5441 0.9262 -10.4999 -51.5447 1.7634
3 16 -9.689 -52.529 -0.0684 -9.8325 -51.5423 -0.0259 -9.8594 -52.5289 0.9471
3 16 -9.8594 -52.5289 0.9471 -9.8325 -51.5423 -0.0259 -10.0061 -51.5441 0.9262
3 16 -9.8982 -52.5294 -1.0631 -10.0133 -51.5462 -0.9551 -9.689 -52.529 -0.0684
3 16 -9.689 -52.529 -0.0684 -10.0133 -51.5462 -0.9551 -9.8325 -51.5423 -0.0259
3 16 -10.4667 -52.5297 -1.9441 -10.5323 -51.5453 -1.8014 -9.8982 -52.5294 -1.0631
3 16 -9.8982 -52.5294 -1.0631 -10.5323 -51.5453 -1.8014 -10.0133 -51.5462 -0.9551
3 16 -11.3109 -52.5311 -2.5514 -11.308 -51.5476 -2.402 -10.4667 -52.5297 -1.9441
3 16 -10.4667 -52.5297 -1.9441 -11.308 -51.5476 -2.402 -10.5323 -51.5453 -1.8014
3 16 -12.3103 -52.5319 -2.8056 -12.2702 -51.5506 -2.6691 -11.3109 -52.5311 -2.5514
3 16 -11.3109 -52.5311 -2.5514 -12.2702 -51.5506 -2.6691 -11.308 -51.5476 -2.402
3 16 -13.3492 -52.5311 -2.695 -13.2613 -51.5494 -2.5768 -12.3103 -52.5319 -2.8056
3 16 -12.3103 -52.5319 -2.8056 -13.2613 -51.5494 -2.5768 -12.2702 -51.5506 -2.6691
3 16 -14.3628 -52.5302 -2.131 -14.2381 -51.5446 -2.0624 -13.3492 -52.5311 -2.695
3 16 -13.3492 -52.5311 -2.695 -14.2381 -51.5446 -2.0624 -13.2613 -51.5494 -2.5768
3 16 -15.07 -52.5709 -1.1904 -14.9322 -51.5423 -1.1631 -14.3628 -52.5302 -2.131
3 16 -14.3628 -52.5302 -2.131 -14.9322 -51.5423 -1.1631 -14.2381 -51.5446 -2.0624
3 16 -15.3459 -52.596 -0.0194 -15.202 -51.5409 -0.0302 -15.07 -52.5709 -1.1904
3 16 -15.07 -52.5709 -1.1904 -15.202 -51.5409 -0.0302 -14.9322 -51.5423 -1.1631
3 16 -15.0324 -52.5711 1.2869 -14.9512 -51.5416 1.1299 -15.3459 -52.596 -0.0194
3 16 -15.3459 -52.596 -0.0194 -14.9512 -51.5416 1.1299 -15.202 -51.5409 -0.0302
3 16 -14.9512 -51.5416 1.1299 -14.2348 -51.5443 2.0635 -14.4968 -50.6792 0.9657
3 16 -14.4968 -50.6792 0.9657 -14.2348 -51.5443 2.0635 -13.8916 -50.6875 1.7297
3 16 -14.2348 -51.5443 2.0635 -13.2259 -51.5463 2.595 -13.8916 -50.6875 1.7297
3 16 -13.8916 -50.6875 1.7297 -13.2259 -51.5463 2.595 -13.0826 -50.693 2.143
3 16 -13.2259 -51.5463 2.595 -12.2167 -51.5513 2.6604 -13.0826 -50.693 2.143
3 16 -13.0826 -50.693 2.143 -12.2167 -51.5513 2.6604 -12.2364 -50.6937 2.1998
3 16 -12.2167 -51.5513 2.6604 -11.2567 -51.5535 2.3796 -12.2364 -50.6937 2.1998
3 16 -12.2364 -50.6937 2.1998 -11.2567 -51.5535 2.3796 -11.4576 -50.6875 1.9592
3 16 -11.2567 -51.5535 2.3796 -10.4999 -51.5447 1.7634 -11.4576 -50.6875 1.9592
3 16 -11.4576 -50.6875 1.9592 -10.4999 -51.5447 1.7634 -10.8485 -50.6824 1.4559
3 16 -10.0061 -51.5441 0.9262 -10.4501 -50.6846 0.7741 -10.4999 -51.5447 1.7634
3 16 -10.4999 -51.5447 1.7634 -10.4501 -50.6846 0.7741 -10.8485 -50.6824 1.4559
3 16 -9.8325 -51.5423 -0.0259 -10.2981 -50.6781 -0.0026 -10.0061 -51.5441 0.9262
3 16 -10.0061 -51.5441 0.9262 -10.2981 -50.6781 -0.0026 -10.4501 -50.6846 0.7741
3 16 -10.0133 -51.5462 -0.9551 -10.4456 -50.6861 -0.772 -9.8325 -51.5423 -0.0259
3 16 -9.8325 -51.5423 -0.0259 -10.4456 -50.6861 -0.772 -10.2981 -50.6781 -0.0026
3 16 -10.5323 -51.5453 -1.8014 -10.8602 -50.683 -1.4619 -10.0133 -51.5462 -0.9551
3 16 -10.0133 -51.5462 -0.9551 -10.8602 -50.683 -1.4619 -10.4456 -50.6861 -0.772
3 16 -11.308 -51.5476 -2.402 -11.4775 -50.6889 -1.9658 -10.5323 -51.5453 -1.8014
3 16 -10.5323 -51.5453 -1.8014 -11.4775 -50.6889 -1.9658 -10.8602 -50.683 -1.4619
3 16 -12.2702 -51.5506 -2.6691 -12.2588 -50.6945 -2.2035 -11.308 -51.5476 -2.402
3 16 -11.308 -51.5476 -2.402 -12.2588 -50.6945 -2.2035 -11.4775 -50.6889 -1.9658
3 16 -13.2613 -51.5494 -2.5768 -13.0979 -50.6926 -2.1367 -12.2702 -51.5506 -2.6691
3 16 -12.2702 -51.5506 -2.6691 -13.0979 -50.6926 -2.1367 -12.2588 -50.6945 -2.2035
3 16 -14.2381 -51.5446 -2.0624 -13.8864 -50.6892 -1.7364 -13.2613 -51.5494 -2.5768
3 16 -13.2613 -51.5494 -2.5768 -13.8864 -50.6892 -1.7364 -13.0979 -50.6926 -2.1367
3 16 -14.9322 -51.5423 -1.1631 -14.4816 -50.6829 -0.9948 -14.2381 -51.5446 -2.0624
3 16 -14.2381 -51.5446 -2.0624 -14.4816 -50.6829 -0.9948 -13.8864 -50.6892 -1.7364
3 16 -15.202 -51.5409 -0.0302 -14.7219 -50.6727 -0.0231 -14.9322 -51.5423 -1.1631
3 16 -14.9322 -51.5423 -1.1631 -14.7219 -50.6727 -0.0231 -14.4816 -50.6829 -0.9948
3 16 -15.202 -51.5409 -0.0302 -14.9512 -51.5416 1.1299 -14.7219 -50.6727 -0.0231
3 16 -14.7219 -50.6727 -0.0231 -14.9512 -51.5416 1.1299 -14.4968 -50.6792 0.9657
3 16 -14.4968 -50.6792 0.9657 -13.8916 -50.6875 1.7297 -13.8727 -50.1091 0.6978
3 16 -13.8727 -50.1091 0.6978 -13.8916 -50.6875 1.7297 -13.4558 -50.1156 1.2292
3 16 -13.8916 -50.6875 1.7297 -13.0826 -50.693 2.143 -13.4558 -50.1156 1.2292
3 16 -13.4558 -50.1156 1.2292 -13.0826 -50.693 2.143 -12.8956 -50.1163 1.5246
3 16 -13.0826 -50.693 2.143 -12.2364 -50.6937 2.1998 -12.8956 -50.1163 1.5246
3 16 -12.8956 -50.1163 1.5246 -12.2364 -50.6937 2.1998 -12.309 -50.1266 1.5587
3 16 -12.2364 -50.6937 2.1998 -11.4576 -50.6875 1.9592 -12.309 -50.1266 1.5587
3 16 -12.309 -50.1266 1.5587 -11.4576 -50.6875 1.9592 -11.7763 -50.128 1.376
3 16 -11.4576 -50.6875 1.9592 -10.8485 -50.6824 1.4559 -11.7763 -50.128 1.376
3 16 -11.7763 -50.128 1.376 -10.8485 -50.6824 1.4559 -11.3506 -50.1121 1.0246
3 16 -10.8485 -50.6824 1.4559 -10.4501 -50.6846 0.7741 -11.3506 -50.1121 1.0246
3 16 -11.3506 -50.1121 1.0246 -10.4501 -50.6846 0.7741 -11.0643 -50.104 0.5497
3 16 -10.2981 -50.6781 -0.0026 -10.9649 -50.0972 0.0006 -10.4501 -50.6846 0.7741
3 16 -10.4501 -50.6846 0.7741 -10.9649 -50.0972 0.0006 -11.0643 -50.104 0.5497
3 16 -10.2981 -50.6781 -0.0026 -10.4456 -50.6861 -0.772 -10.9649 -50.0972 0.0006
3 16 -10.9649 -50.0972 0.0006 -10.4456 -50.6861 -0.772 -11.0633 -50.1053 -0.5491
3 16 -10.4456 -50.6861 -0.772 -10.8602 -50.683 -1.4619 -11.0633 -50.1053 -0.5491
3 16 -11.0633 -50.1053 -0.5491 -10.8602 -50.683 -1.4619 -11.3538 -50.114 -1.0187
3 16 -11.4775 -50.6889 -1.9658 -11.7796 -50.1277 -1.3715 -10.8602 -50.683 -1.4619
3 16 -10.8602 -50.683 -1.4619 -11.7796 -50.1277 -1.3715 -11.3538 -50.114 -1.0187
3 16 -12.2588 -50.6945 -2.2035 -12.3127 -50.1253 -1.5542 -11.4775 -50.6889 -1.9658
3 16 -11.4775 -50.6889 -1.9658 -12.3127 -50.1253 -1.5542 -11.7796 -50.1277 -1.3715
3 16 -13.0979 -50.6926 -2.1367 -12.9017 -50.1206 -1.516 -12.2588 -50.6945 -2.2035
3 16 -12.2588 -50.6945 -2.2035 -12.9017 -50.1206 -1.516 -12.3127 -50.1253 -1.5542
3 16 -13.8864 -50.6892 -1.7364 -13.4587 -50.116 -1.2306 -13.0979 -50.6926 -2.1367
3 16 -13.0979 -50.6926 -2.1367 -13.4587 -50.116 -1.2306 -12.9017 -50.1206 -1.516
3 16 -14.4816 -50.6829 -0.9948 -13.8794 -50.1101 -0.6959 -13.8864 -50.6892 -1.7364
3 16 -13.8864 -50.6892 -1.7364 -13.8794 -50.1101 -0.6959 -13.4587 -50.116 -1.2306
3 16 -14.4816 -50.6829 -0.9948 -14.7219 -50.6727 -0.0231 -13.8794 -50.1101 -0.6959
3 16 -13.8794 -50.1101 -0.6959 -14.7219 -50.6727 -0.0231 -14.0457 -50.0931 -0.0014
3 16 -14.7219 -50.6727 -0.0231 -14.4968 -50.6792 0.9657 -14.0457 -50.0931 -0.0014
3 16 -14.0457 -50.0931 -0.0014 -14.4968 -50.6792 0.9657 -13.8727 -50.1091 0.6978
3 16 -13.4558 -50.1156 1.2292 -13.0686 -49.8402 0.7548 -13.8727 -50.1091 0.6978
3 16 -13.8727 -50.1091 0.6978 -13.0686 -49.8402 0.7548 -13.3154 -49.8353 0.4263
3 16 -12.8956 -50.1163 1.5246 -12.7364 -49.8453 0.9267 -13.4558 -50.1156 1.2292
3 16 -13.4558 -50.1156 1.2292 -12.7364 -49.8453 0.9267 -13.0686 -49.8402 0.7548
3 16 -12.309 -50.1266 1.5587 -12.3892 -49.8405 0.9519 -12.8956 -50.1163 1.5246
3 16 -12.8956 -50.1163 1.5246 -12.3892 -49.8405 0.9519 -12.7364 -49.8453 0.9267
3 16 -12.309 -50.1266 1.5587 -11.7763 -50.128 1.376 -12.3892 -49.8405 0.9519
3 16 -12.3892 -49.8405 0.9519 -11.7763 -50.128 1.376 -12.0736 -49.8429 0.8387
3 16 -11.7763 -50.128 1.376 -11.3506 -50.1121 1.0246 -12.0736 -49.8429 0.8387
3 16 -12.0736 -49.8429 0.8387 -11.3506 -50.1121 1.0246 -11.8262 -49.8361 0.6177
3 16 -11.0643 -50.104 0.5497 -11.656 -49.8383 0.332 -11.3506 -50.1121 1.0246
3 16 -11.3506 -50.1121 1.0246 -11.656 -49.8383 0.332 -11.8262 -49.8361 0.6177
3 16 -11.0643 -50.104 0.5497 -10.9649 -50.0972 0.0006 -11.656 -49.8383 0.332
3 16 -11.656 -49.8383 0.332 -10.9649 -50.0972 0.0006 -11.5944 -49.8248 0.001
3 16 -11.0633 -50.1053 -0.5491 -11.6493 -49.8408 -0.3341 -10.9649 -50.0972 0.0006
3 16 -10.9649 -50.0972 0.0006 -11.6493 -49.8408 -0.3341 -11.5944 -49.8248 0.001
3 16 -11.0633 -50.1053 -0.5491 -11.3538 -50.114 -1.0187 -11.6493 -49.8408 -0.3341
3 16 -11.6493 -49.8408 -0.3341 -11.3538 -50.114 -1.0187 -11.8253 -49.8342 -0.6181
3 16 -11.7796 -50.1277 -1.3715 -12.0729 -49.8432 -0.8387 -11.3538 -50.114 -1.0187
3 16 -11.3538 -50.114 -1.0187 -12.0729 -49.8432 -0.8387 -11.8253 -49.8342 -0.6181
3 16 -12.3127 -50.1253 -1.5542 -12.388 -49.8403 -0.9525 -11.7796 -50.1277 -1.3715
3 16 -11.7796 -50.1277 -1.3715 -12.388 -49.8403 -0.9525 -12.0729 -49.8432 -0.8387
3 16 -12.9017 -50.1206 -1.516 -12.7331 -49.8472 -0.925 -12.3127 -50.1253 -1.5542
3 16 -12.3127 -50.1253 -1.5542 -12.7331 -49.8472 -0.925 -12.388 -49.8403 -0.9525
3 16 -13.4587 -50.116 -1.2306 -13.0731 -49.8415 -0.7567 -12.9017 -50.1206 -1.516
3 16 -12.9017 -50.1206 -1.516 -13.0731 -49.8415 -0.7567 -12.7331 -49.8472 -0.925
3 16 -13.4587 -50.116 -1.2306 -13.8794 -50.1101 -0.6959 -13.0731 -49.8415 -0.7567
3 16 -13.0731 -49.8415 -0.7567 -13.8794 -50.1101 -0.6959 -13.3269 -49.8391 -0.427
3 16 -13.8794 -50.1101 -0.6959 -14.0457 -50.0931 -0.0014 -13.3269 -49.8391 -0.427
3 16 -13.3269 -49.8391 -0.427 -14.0457 -50.0931 -0.0014 -13.4262 -49.8223 0.0019
3 16 -14.0457 -50.0931 -0.0014 -13.8727 -50.1091 0.6978 -13.4262 -49.8223 0.0019
3 16 -13.4262 -49.8223 0.0019 -13.8727 -50.1091 0.6978 -13.3154 -49.8353 0.4263
3 16 -13.0686 -49.8402 0.7548 -12.7727 -49.7406 0.365 -13.3154 -49.8353 0.4263
3 16 -13.3154 -49.8353 0.4263 -12.7727 -49.7406 0.365 -12.8945 -49.7341 0.2083
3 16 -12.7364 -49.8453 0.9267 -12.6157 -49.7362 0.4478 -13.0686 -49.8402 0.7548
3 16 -13.0686 -49.8402 0.7548 -12.6157 -49.7362 0.4478 -12.7727 -49.7406 0.365
3 16 -12.3892 -49.8405 0.9519 -12.4538 -49.7261 0.4584 -12.7364 -49.8453 0.9267
3 16 -12.7364 -49.8453 0.9267 -12.4538 -49.7261 0.4584 -12.6157 -49.7362 0.4478
3 16 -12.3892 -49.8405 0.9519 -12.0736 -49.8429 0.8387 -12.4538 -49.7261 0.4584
3 16 -12.4538 -49.7261 0.4584 -12.0736 -49.8429 0.8387 -12.3067 -49.7323 0.4044
3 16 -12.0736 -49.8429 0.8387 -11.8262 -49.8361 0.6177 -12.3067 -49.7323 0.4044
3 16 -12.3067 -49.7323 0.4044 -11.8262 -49.8361 0.6177 -12.1878 -49.7318 0.3008
3 16 -11.8262 -49.8361 0.6177 -11.656 -49.8383 0.332 -12.1878 -49.7318 0.3008
3 16 -12.1878 -49.7318 0.3008 -11.656 -49.8383 0.332 -12.1102 -49.7286 0.1599
3 16 -11.656 -49.8383 0.332 -11.5944 -49.8248 0.001 -12.1102 -49.7286 0.1599
3 16 -12.1102 -49.7286 0.1599 -11.5944 -49.8248 0.001 -12.0822 -49.7204 0.0002
3 16 -11.6493 -49.8408 -0.3341 -12.1052 -49.7341 -0.1617 -11.5944 -49.8248 0.001
3 16 -11.5944 -49.8248 0.001 -12.1052 -49.7341 -0.1617 -12.0822 -49.7204 0.0002
3 16 -11.6493 -49.8408 -0.3341 -11.8253 -49.8342 -0.6181 -12.1052 -49.7341 -0.1617
3 16 -12.1052 -49.7341 -0.1617 -11.8253 -49.8342 -0.6181 -12.189 -49.7406 -0.3
3 16 -12.0729 -49.8432 -0.8387 -12.3073 -49.7405 -0.4033 -11.8253 -49.8342 -0.6181
3 16 -11.8253 -49.8342 -0.6181 -12.3073 -49.7405 -0.4033 -12.189 -49.7406 -0.3
3 16 -12.388 -49.8403 -0.9525 -12.4538 -49.7285 -0.458 -12.0729 -49.8432 -0.8387
3 16 -12.0729 -49.8432 -0.8387 -12.4538 -49.7285 -0.458 -12.3073 -49.7405 -0.4033
3 16 -12.388 -49.8403 -0.9525 -12.7331 -49.8472 -0.925 -12.4538 -49.7285 -0.458
3 16 -12.4538 -49.7285 -0.458 -12.7331 -49.8472 -0.925 -12.6159 -49.7305 -0.4487
3 16 -12.7331 -49.8472 -0.925 -13.0731 -49.8415 -0.7567 -12.6159 -49.7305 -0.4487
3 16 -12.6159 -49.7305 -0.4487 -13.0731 -49.8415 -0.7567 -12.7775 -49.7336 -0.3681
3 16 -13.0731 -49.8415 -0.7567 -13.3269 -49.8391 -0.427 -12.7775 -49.7336 -0.3681
3 16 -12.7775 -49.7336 -0.3681 -13.3269 -49.8391 -0.427 -12.898 -49.7316 -0.2094
3 16 -13.3269 -49.8391 -0.427 -13.4262 -49.8223 0.0019 -12.898 -49.7316 -0.2094
3 16 -12.898 -49.7316 -0.2094 -13.4262 -49.8223 0.0019 -12.943 -49.7184 0
3 16 -13.3154 -49.8353 0.4263 -12.8945 -49.7341 0.2083 -13.4262 -49.8223 0.0019
3 16 -13.4262 -49.8223 0.0019 -12.8945 -49.7341 0.2083 -12.943 -49.7184 0
3 16 -12.3073 -49.7405 -0.4033 -12.5126 -49.6878 0 -12.189 -49.7406 -0.3
3 16 -12.7727 -49.7406 0.365 -12.6157 -49.7362 0.4478 -12.5126 -49.6878 0
3 16 -12.5126 -49.6878 0 -12.6157 -49.7362 0.4478 -12.4538 -49.7261 0.4584
3 16 -12.5126 -49.6878 0 -12.4538 -49.7261 0.4584 -12.3067 -49.7323 0.4044
3 16 -12.5126 -49.6878 0 -12.3067 -49.7323 0.4044 -12.1878 -49.7318 0.3008
3 16 -12.5126 -49.6878 0 -12.1878 -49.7318 0.3008 -12.1102 -49.7286 0.1599
3 16 -12.5126 -49.6878 0 -12.1102 -49.7286 0.1599 -12.0822 -49.7204 0.0002
3 16 -12.5126 -49.6878 0 -12.0822 -49.7204 0.0002 -12.1052 -49.7341 -0.1617
3 16 -12.5126 -49.6878 0 -12.1052 -49.7341 -0.1617 -12.189 -49.7406 -0.3
3 16 -12.4538 -49.7285 -0.458 -12.5126 -49.6878 0 -12.3073 -49.7405 -0.4033
3 16 -12.6159 -49.7305 -0.4487 -12.5126 -49.6878 0 -12.4538 -49.7285 -0.458
3 16 -12.7775 -49.7336 -0.3681 -12.5126 -49.6878 0 -12.6159 -49.7305 -0.4487
3 16 -12.898 -49.7316 -0.2094 -12.5126 -49.6878 0 -12.7775 -49.7336 -0.3681
3 16 -12.943 -49.7184 0 -12.5126 -49.6878 0 -12.898 -49.7316 -0.2094
3 16 -12.8945 -49.7341 0.2083 -12.5126 -49.6878 0 -12.943 -49.7184 0
3 16 -12.7727 -49.7406 0.365 -12.5126 -49.6878 0 -12.8945 -49.7341 0.2083
3 16 2.8284 -48.6795 2.8284 3.6955 -47.7349 1.5307 2.8284 -41.1749 2.8284
3 16 2.8284 -41.1749 2.8284 3.6955 -47.7349 1.5307 3.6955 -40.2427 1.5307
3 16 1.5307 -49.5962 3.6955 2.8284 -48.6795 2.8284 1.5307 -42.0941 3.6955
3 16 1.5307 -42.0941 3.6955 2.8284 -48.6795 2.8284 2.8284 -41.1749 2.8284
3 16 0.0007 -50.5208 4.0108 1.5307 -49.5962 3.6955 0 -43.027 4
3 16 0 -43.027 4 1.5307 -49.5962 3.6955 1.5307 -42.0941 3.6955
3 16 -1.5887 -51.4733 3.5158 0.0007 -50.5208 4.0108 -1.5307 -43.9588 3.6955
3 16 -1.5307 -43.9588 3.6955 0.0007 -50.5208 4.0108 0 -43.027 4
3 16 -2.8284 -52.3983 2.8284 -1.5887 -51.4733 3.5158 -2.8284 -44.9265 2.8284
3 16 -2.8284 -44.9265 2.8284 -1.5887 -51.4733 3.5158 -1.5307 -43.9588 3.6955
3 16 -3.6955 -53.2711 1.5307 -2.8284 -52.3983 2.8284 -3.6955 -45.8711 1.5307
3 16 -3.6955 -45.8711 1.5307 -2.8284 -52.3983 2.8284 -2.8284 -44.9265 2.8284
3 16 -4.0381 -54.2973 -0.1868 -3.6955 -53.2711 1.5307 -4 -46.7816 0
3 16 -4 -46.7816 0 -3.6955 -53.2711 1.5307 -3.6955 -45.8711 1.5307
3 16 3.6955 -47.7349 1.5307 4 -46.753 0 3.6955 -40.2427 1.5307
3 16 3.6955 -40.2427 1.5307 4 -46.753 0 4 -39.3006 0
3 16 3.6955 -15.7073 -1.5307 2.8284 -14.9256 -2.8284 3.6955 -8.3274 -1.5307
3 16 3.6955 -8.3274 -1.5307 2.8284 -14.9256 -2.8284 2.8284 -7.2974 -2.8284
3 16 4 -16.7647 0 3.6955 -15.7073 -1.5307 4 -9.231 0
3 16 4 -9.231 0 3.6955 -15.7073 -1.5307 3.6955 -8.3274 -1.5307
3 16 3.6955 -17.6443 1.5307 4 -16.7647 0 3.6955 -10.1746 1.5307
3 16 3.6955 -10.1746 1.5307 4 -16.7647 0 4 -9.231 0
3 16 2.8284 -18.6556 2.8284 3.6955 -17.6443 1.5307 2.8284 -11.1086 2.8284
3 16 2.8284 -11.1086 2.8284 3.6955 -17.6443 1.5307 3.6955 -10.1746 1.5307
3 16 1.5307 -19.579 3.6955 2.8284 -18.6556 2.8284 1.5307 -12.047 3.6955
3 16 1.5307 -12.047 3.6955 2.8284 -18.6556 2.8284 2.8284 -11.1086 2.8284
3 16 0 -20.4916 4 1.5307 -19.579 3.6955 0 -12.999 4
3 16 0 -12.999 4 1.5307 -19.579 3.6955 1.5307 -12.047 3.6955
3 16 -1.5307 -21.3778 3.6955 0 -20.4916 4 -1.5307 -13.937 3.6955
3 16 -1.5307 -13.937 3.6955 0 -20.4916 4 0 -12.999 4
3 16 -2.8284 -22.4259 2.8284 -1.5307 -21.3778 3.6955 -2.8284 -14.8676 2.8284
3 16 -2.8284 -14.8676 2.8284 -1.5307 -21.3778 3.6955 -1.5307 -13.937 3.6955
3 16 -3.6955 -23.304 1.5307 -2.8284 -22.4259 2.8284 -3.6955 -15.8357 1.5307
3 16 -3.6955 -15.8357 1.5307 -2.8284 -22.4259 2.8284 -2.8284 -14.8676 2.8284
3 16 -4 -24.293 0 -3.6955 -23.304 1.5307 -4 -16.7485 0
3 16 -4 -16.7485 0 -3.6955 -23.304 1.5307 -3.6955 -15.8357 1.5307
3 16 -3.6955 -25.1901 -1.5307 -4 -24.293 0 -3.6955 -17.7048 -1.5307
3 16 -3.6955 -17.7048 -1.5307 -4 -24.293 0 -4 -16.7485 0
3 16 -2.8284 -26.1216 -2.8284 -3.6955 -25.1901 -1.5307 -2.8284 -18.637 -2.8284
3 16 -2.8284 -18.637 -2.8284 -3.6955 -25.1901 -1.5307 -3.6955 -17.7048 -1.5307
3 16 -1.5307 -27.0872 -3.6955 -2.8284 -26.1216 -2.8284 -1.5307 -19.5796 -3.6955
3 16 -1.5307 -19.5796 -3.6955 -2.8284 -26.1216 -2.8284 -2.8284 -18.637 -2.8284
3 16 0.001 -27.9434 -3.9964 -1.5307 -27.0872 -3.6955 0.001 -20.4995 -3.9964
3 16 0.001 -20.4995 -3.9964 -1.5307 -27.0872 -3.6955 -1.5307 -19.5796 -3.6955
3 16 1.5307 -28.8675 -3.6955 0.001 -27.9434 -3.9964 1.5307 -21.4401 -3.6955
3 16 1.5307 -21.4401 -3.6955 0.001 -27.9434 -3.9964 0.001 -20.4995 -3.9964
3 16 2.8284 -29.807 -2.8284 1.5307 -28.8675 -3.6955 2.8284 -22.3928 -2.8284
3 16 2.8284 -22.3928 -2.8284 1.5307 -28.8675 -3.6955 1.5307 -21.4401 -3.6955
3 16 3.6955 -30.7606 -1.5307 2.8284 -29.807 -2.8284 3.6955 -23.3409 -1.5307
3 16 3.6955 -23.3409 -1.5307 2.8284 -29.807 -2.8284 2.8284 -22.3928 -2.8284
3 16 4 -31.7664 0 3.6955 -30.7606 -1.5307 4 -24.2541 0
3 16 4 -24.2541 0 3.6955 -30.7606 -1.5307 3.6955 -23.3409 -1.5307
3 16 3.6955 -32.6324 1.5307 4 -31.7664 0 3.6955 -25.2026 1.5307
3 16 3.6955 -25.2026 1.5307 4 -31.7664 0 4 -24.2541 0
3 16 2.8284 -33.609 2.8284 3.6955 -32.6324 1.5307 2.8284 -26.121 2.8284
3 16 2.8284 -26.121 2.8284 3.6955 -32.6324 1.5307 3.6955 -25.2026 1.5307
3 16 1.5307 -34.5849 3.6955 2.8284 -33.609 2.8284 1.5307 -27.0647 3.6955
3 16 1.5307 -27.0647 3.6955 2.8284 -33.609 2.8284 2.8284 -26.121 2.8284
3 16 0 -35.4755 4 1.5307 -34.5849 3.6955 0 -28.0316 4
3 16 0 -28.0316 4 1.5307 -34.5849 3.6955 1.5307 -27.0647 3.6955
3 16 -1.5307 -36.4412 3.6955 0 -35.4755 4 -1.5307 -28.9734 3.6955
3 16 -1.5307 -28.9734 3.6955 0 -35.4755 4 0 -28.0316 4
3 16 -2.8284 -37.3966 2.8284 -1.5307 -36.4412 3.6955 -2.8284 -29.8755 2.8284
3 16 -2.8284 -29.8755 2.8284 -1.5307 -36.4412 3.6955 -1.5307 -28.9734 3.6955
3 16 -3.6955 -38.2862 1.5307 -2.8284 -37.3966 2.8284 -3.6955 -30.8461 1.5307
3 16 -3.6955 -30.8461 1.5307 -2.8284 -37.3966 2.8284 -2.8284 -29.8755 2.8284
3 16 -4 -39.3014 0 -3.6955 -38.2862 1.5307 -4 -31.7962 0
3 16 -4 -31.7962 0 -3.6955 -38.2862 1.5307 -3.6955 -30.8461 1.5307
3 16 -3.6955 -40.2526 -1.5307 -4 -39.3014 0 -3.6955 -32.7226 -1.5307
3 16 -3.6955 -32.7226 -1.5307 -4 -39.3014 0 -4 -31.7962 0
3 16 -2.8284 -41.1612 -2.8284 -3.6955 -40.2526 -1.5307 -2.8284 -33.6565 -2.8284
3 16 -2.8284 -33.6565 -2.8284 -3.6955 -40.2526 -1.5307 -3.6955 -32.7226 -1.5307
3 16 -1.5307 -42.1086 -3.6955 -2.8284 -41.1612 -2.8284 -1.5307 -34.5972 -3.6955
3 16 -1.5307 -34.5972 -3.6955 -2.8284 -41.1612 -2.8284 -2.8284 -33.6565 -2.8284
3 16 0.001 -43.0387 -3.9964 -1.5307 -42.1086 -3.6955 0.001 -35.53 -3.9964
3 16 0.001 -35.53 -3.9964 -1.5307 -42.1086 -3.6955 -1.5307 -34.5972 -3.6955
3 16 1.5307 -44.0293 -3.6955 0.001 -43.0387 -3.9964 1.5307 -36.4506 -3.6955
3 16 1.5307 -36.4506 -3.6955 0.001 -43.0387 -3.9964 0.001 -35.53 -3.9964
3 16 2.8284 -44.8892 -2.8284 1.5307 -44.0293 -3.6955 2.8284 -37.441 -2.8284
3 16 2.8284 -37.441 -2.8284 1.5307 -44.0293 -3.6955 1.5307 -36.4506 -3.6955
3 16 3.6955 -45.8297 -1.5307 2.8284 -44.8892 -2.8284 3.6955 -38.3346 -1.5307
3 16 3.6955 -38.3346 -1.5307 2.8284 -44.8892 -2.8284 2.8284 -37.441 -2.8284
3 16 4 -46.753 0 3.6955 -45.8297 -1.5307 4 -39.3006 0
3 16 4 -39.3006 0 3.6955 -45.8297 -1.5307 3.6955 -38.3346 -1.5307
3 16 -2.8284 -4.6106 2.8284 -3.6955 -4.8115 1.5307 -2.8284 -7.3774 2.8284
3 16 -2.8284 -7.3774 2.8284 -3.6955 -4.8115 1.5307 -3.6955 -8.2512 1.5307
3 16 -4 -9.2544 0 -3.6955 -8.2512 1.5307 -4 -5.5014 0
3 16 -4 -5.5014 0 -3.6955 -8.2512 1.5307 -3.6955 -4.8115 1.5307
3 16 -3.6955 -5.904 -1.5307 -4 -5.5014 0 -3.6955 0 -1.5307
3 16 -3.6955 0 -1.5307 -4 -5.5014 0 -4 0 0
3 16 0.001 -6.4884 -3.9964 1.5307 -6.3475 -3.6955 0.001 -12.9425 -3.9964
3 16 0.001 -12.9425 -3.9964 1.5307 -6.3475 -3.6955 1.5307 -13.9644 -3.6955
3 16 2.8284 -14.9256 -2.8284 1.5307 -13.9644 -3.6955 2.8284 -7.2974 -2.8284
3 16 2.8284 -7.2974 -2.8284 1.5307 -13.9644 -3.6955 1.5307 -6.3475 -3.6955
3 16 1.3206 -51.4776 -3.951 2.6787 -52.3829 -3.1432 2.3805 -54.7856 -3.3448
3 16 2.6787 -52.3829 -3.1432 3.6955 -53.4257 -1.5307 2.3805 -54.7856 -3.3448
3 16 2.3805 -54.7856 -3.3448 3.6955 -53.4257 -1.5307 3.5459 -56.0166 -2.0018
3 16 -3.2027 -55.8597 -2.806 -3.9089 -55.1221 -1.5766 -2.8284 -48.6746 -2.8284
3 16 -2.8284 -48.6746 -2.8284 -3.9089 -55.1221 -1.5766 -3.6955 -47.7693 -1.5307
3 16 -3.9089 -55.1221 -1.5766 -4.0381 -54.2973 -0.1868 -3.6955 -47.7693 -1.5307
3 16 -3.6955 -47.7693 -1.5307 -4.0381 -54.2973 -0.1868 -4 -46.7816 0
3 16 -2.2192 -56.7209 -3.6414 -3.2027 -55.8597 -2.806 -1.5307 -49.6218 -3.6955
3 16 -1.5307 -49.6218 -3.6955 -3.2027 -55.8597 -2.806 -2.8284 -48.6746 -2.8284
3 16 -1.4146 -57.3885 -3.9312 -2.2192 -56.7209 -3.6414 -0.1855 -50.4787 -3.9906
3 16 -0.1855 -50.4787 -3.9906 -2.2192 -56.7209 -3.6414 -1.5307 -49.6218 -3.6955
3 16 -2.8284 -7.3774 2.8284 -1.5307 -6.4569 3.6955 -2.8284 -4.6106 2.8284
3 16 -2.8284 -4.6106 2.8284 -1.5307 -6.4569 3.6955 -1.5307 -4.4759 3.6955
3 16 0 -4.5922 4 1.5307 -4.4124 3.6955 0 0 4
3 16 0 0 4 1.5307 -4.4124 3.6955 1.5307 0 3.6955
3 16 0 -4.5922 4 -1.5307 -4.4759 3.6955 0 -5.5024 4
3 16 0 -5.5024 4 -1.5307 -4.4759 3.6955 -1.5307 -6.4569 3.6955
3 16 1.5307 -4.4124 3.6955 2.8284 -4.2055 2.8284 1.5307 0 3.6955
3 16 1.5307 0 3.6955 2.8284 -4.2055 2.8284 2.8284 0 2.8284
3 16 2.8284 -4.2055 2.8284 3.6955 -4.1812 1.5307 2.8284 0 2.8284
3 16 2.8284 0 2.8284 3.6955 -4.1812 1.5307 3.6955 0 1.5307
3 16 4 -4.2007 0 4 0 0 3.6955 -4.1812 1.5307
3 16 3.6955 -4.1812 1.5307 4 0 0 3.6955 0 1.5307
3 16 3.6955 -4.2122 -1.5307 3.6955 0 -1.5307 4 -4.2007 0
3 16 4 -4.2007 0 3.6955 0 -1.5307 4 0 0
3 16 3.6955 -4.2122 -1.5307 2.8284 -4.2088 -2.8284 3.6955 0 -1.5307
3 16 3.6955 0 -1.5307 2.8284 -4.2088 -2.8284 2.8284 0 -2.8284
3 16 2.8284 -4.2088 -2.8284 1.5307 -4.2048 -3.6955 2.8284 0 -2.8284
3 16 2.8284 0 -2.8284 1.5307 -4.2048 -3.6955 1.5307 0 -3.6955
3 16 1.5307 -4.2048 -3.6955 0.5646 -4.1851 -3.9964 1.5307 0 -3.6955
3 16 1.5307 0 -3.6955 0.5646 -4.1851 -3.9964 0 0 -4
3 16 0.5646 -4.1851 -3.9964 -0.0706 -4.5456 -3.929 0 0 -4
3 16 0 0 -4 -0.0706 -4.5456 -3.929 -1.5307 0 -3.6955
3 16 -2.8284 -6.2263 -2.8284 -3.6955 -5.904 -1.5307 -2.8284 0 -2.8284
3 16 -2.8284 0 -2.8284 -3.6955 -5.904 -1.5307 -3.6955 0 -1.5307
3 16 -2.8284 -6.2263 -2.8284 -2.8284 0 -2.8284 -1.5307 -5.8415 -3.6955
3 16 -1.5307 -5.8415 -3.6955 -2.8284 0 -2.8284 -1.5307 0 -3.6955
3 16 0 -4.5922 4 0 0 4 -1.5307 -4.4759 3.6955
3 16 -1.5307 -4.4759 3.6955 0 0 4 -1.5307 0 3.6955
3 16 -1.5307 -5.8415 -3.6955 0.001 -6.4884 -3.9964 -1.5307 -12.043 -3.6955
3 16 -1.5307 -12.043 -3.6955 0.001 -6.4884 -3.9964 0.001 -12.9425 -3.9964
3 16 3.6955 -53.4257 -1.5307 4 -54.3199 0 3.5459 -56.0166 -2.0018
3 16 3.5459 -56.0166 -2.0018 4 -54.3199 0 3.8167 -57.1882 -0.327
3 16 3.1807 -58.1142 1.5426 3.8167 -57.1882 -0.327 3.6955 -55.3566 1.5307
3 16 3.6955 -55.3566 1.5307 3.8167 -57.1882 -0.327 4 -54.3199 0
3 16 3.6955 -55.3566 1.5307 2.8284 -56.4354 2.8284 3.1807 -58.1142 1.5426
3 16 3.1807 -58.1142 1.5426 2.8284 -56.4354 2.8284 1.8027 -58.6582 2.9117
3 16 0.2386 -58.8768 3.6437 1.8027 -58.6582 2.9117 1.3919 -57.1264 3.5465
3 16 1.3919 -57.1264 3.5465 1.8027 -58.6582 2.9117 2.8284 -56.4354 2.8284
3 16 1.3919 -57.1264 3.5465 -0.5867 -57.8569 3.989 0.2386 -58.8768 3.6437
3 16 0.2386 -58.8768 3.6437 -0.5867 -57.8569 3.989 -1.6417 -58.9958 3.8753
3 16 -0.5867 -57.8569 3.989 -2.5776 -57.9452 3.7495 -1.6417 -58.9958 3.8753
3 16 -1.6417 -58.9958 3.8753 -2.5776 -57.9452 3.7495 -3.3776 -58.7805 3.6459
3 16 -6.6655 -57.537 1.5462 -6.0105 -58.3942 2.7036 -5.9847 -57.4484 1.606
3 16 -5.9847 -57.4484 1.606 -6.0105 -58.3942 2.7036 -4.9226 -58.0685 2.8465
3 16 -7.5899 -57.3679 1.4835 -7.8683 -58.4793 2.769 -7.2729 -57.5064 1.5657
3 16 -7.2729 -57.5064 1.5657 -7.8683 -58.4793 2.769 -7.0835 -58.5662 2.742
3 16 -5.9847 -57.4484 1.606 -4.9226 -58.0685 2.8465 -5.3819 -57.2205 1.6771
3 16 -5.3819 -57.2205 1.6771 -4.9226 -58.0685 2.8465 -4.2695 -57.6323 2.896
3 16 -2.5776 -57.9452 3.7495 -4.2695 -57.6323 2.896 -3.3776 -58.7805 3.6459
3 16 -3.3776 -58.7805 3.6459 -4.2695 -57.6323 2.896 -4.9226 -58.0685 2.8465
3 16 -6.0105 -58.3942 2.7036 -4.7226 -59.3636 3.4629 -4.9226 -58.0685 2.8465
3 16 -4.9226 -58.0685 2.8465 -4.7226 -59.3636 3.4629 -3.3776 -58.7805 3.6459
3 16 -7.8683 -58.4793 2.769 -7.844 -59.9412 3.3113 -7.0835 -58.5662 2.742
3 16 -7.0835 -58.5662 2.742 -7.844 -59.9412 3.3113 -6.3228 -59.7972 3.3452
3 16 -4.7226 -59.3636 3.4629 -3.4126 -60.0062 3.7375 -3.3776 -58.7805 3.6459
3 16 -3.3776 -58.7805 3.6459 -3.4126 -60.0062 3.7375 -1.6417 -58.9958 3.8753
3 16 -7.844 -59.9412 3.3113 -7.0121 -61.5636 3.3 -6.3228 -59.7972 3.3452
3 16 -6.3228 -59.7972 3.3452 -7.0121 -61.5636 3.3 -5.1212 -60.8257 3.57
3 16 -6.0105 -58.3942 2.7036 -6.6655 -57.537 1.5462 -7.0835 -58.5662 2.742
3 16 -7.0835 -58.5662 2.742 -6.6655 -57.537 1.5462 -7.2729 -57.5064 1.5657
3 16 -4.7226 -59.3636 3.4629 -6.0105 -58.3942 2.7036 -6.3228 -59.7972 3.3452
3 16 -6.3228 -59.7972 3.3452 -6.0105 -58.3942 2.7036 -7.0835 -58.5662 2.742
3 16 -3.4126 -60.0062 3.7375 -4.7226 -59.3636 3.4629 -5.1212 -60.8257 3.57
3 16 -5.1212 -60.8257 3.57 -4.7226 -59.3636 3.4629 -6.3228 -59.7972 3.3452
3 16 -1.5764 -60.4695 3.6234 -3.4126 -60.0062 3.7375 -3.5414 -61.9034 3.3019
3 16 -3.5414 -61.9034 3.3019 -3.4126 -60.0062 3.7375 -5.1212 -60.8257 3.57
3 16 -3.4126 -60.0062 3.7375 -1.5764 -60.4695 3.6234 -1.6417 -58.9958 3.8753
3 16 -1.6417 -58.9958 3.8753 -1.5764 -60.4695 3.6234 0.2386 -58.8768 3.6437
3 16 -7.0121 -61.5636 3.3 -5.5833 -63.0267 2.6251 -5.1212 -60.8257 3.57
3 16 -5.1212 -60.8257 3.57 -5.5833 -63.0267 2.6251 -3.5414 -61.9034 3.3019
3 16 0.0081 -60.3946 -3.1045 -0.5755 -58.7186 -3.8669 0.7739 -59.0291 -3.4061
3 16 -0.4255 -62.0741 -1.8487 0.0081 -60.3946 -3.1045 1.0652 -60.6347 -2.1626
3 16 1.0652 -60.6347 -2.1626 0.0081 -60.3946 -3.1045 0.7739 -59.0291 -3.4061
3 16 -1.4146 -57.3885 -3.9312 -0.1855 -50.4787 -3.9906 0.478 -55.1033 -4.0422
3 16 0.478 -55.1033 -4.0422 -0.1855 -50.4787 -3.9906 1.3206 -51.4776 -3.951
3 16 1.3206 -51.4776 -3.951 2.3805 -54.7856 -3.3448 0.478 -55.1033 -4.0422
3 16 0.478 -55.1033 -4.0422 2.3805 -54.7856 -3.3448 1.7233 -56.7905 -3.5291
3 16 2.5362 -58.582 -2.2329 1.7233 -56.7905 -3.5291 3.5459 -56.0166 -2.0018
3 16 3.5459 -56.0166 -2.0018 1.7233 -56.7905 -3.5291 2.3805 -54.7856 -3.3448
3 16 2.5358 -59.8299 -0.4773 2.5362 -58.582 -2.2329 3.8167 -57.1882 -0.327
3 16 3.8167 -57.1882 -0.327 2.5362 -58.582 -2.2329 3.5459 -56.0166 -2.0018
3 16 1.7153 -60.5862 1.361 2.5358 -59.8299 -0.4773 3.1807 -58.1142 1.5426
3 16 3.1807 -58.1142 1.5426 2.5358 -59.8299 -0.4773 3.8167 -57.1882 -0.327
3 16 3.1807 -58.1142 1.5426 1.8027 -58.6582 2.9117 1.7153 -60.5862 1.361
3 16 1.7153 -60.5862 1.361 1.8027 -58.6582 2.9117 0.2335 -60.7585 2.836
3 16 -1.5764 -60.4695 3.6234 0.2335 -60.7585 2.836 0.2386 -58.8768 3.6437
3 16 0.2386 -58.8768 3.6437 0.2335 -60.7585 2.836 1.8027 -58.6582 2.9117
3 16 0.615 -61.8804 -0.5535 1.0652 -60.6347 -2.1626 2.5358 -59.8299 -0.4773
3 16 2.5358 -59.8299 -0.4773 1.0652 -60.6347 -2.1626 2.5362 -58.582 -2.2329
3 16 1.0652 -60.6347 -2.1626 0.615 -61.8804 -0.5535 -0.4255 -62.0741 -1.8487
3 16 -0.4255 -62.0741 -1.8487 0.615 -61.8804 -0.5535 -1.36 -63.1002 -0.5308
3 16 0.615 -61.8804 -0.5535 -0.3775 -62.492 1.0073 -1.36 -63.1002 -0.5308
3 16 -1.36 -63.1002 -0.5308 -0.3775 -62.492 1.0073 -2.571 -63.5841 0.5813
3 16 -0.3775 -62.492 1.0073 0.615 -61.8804 -0.5535 1.7153 -60.5862 1.361
3 16 1.7153 -60.5862 1.361 0.615 -61.8804 -0.5535 2.5358 -59.8299 -0.4773
3 16 -1.758 -62.5048 2.3619 -0.3775 -62.492 1.0073 0.2335 -60.7585 2.836
3 16 0.2335 -60.7585 2.836 -0.3775 -62.492 1.0073 1.7153 -60.5862 1.361
3 16 -3.5414 -61.9034 3.3019 -1.758 -62.5048 2.3619 -1.5764 -60.4695 3.6234
3 16 -1.5764 -60.4695 3.6234 -1.758 -62.5048 2.3619 0.2335 -60.7585 2.836
3 16 -3.7783 -63.6534 1.4929 -2.571 -63.5841 0.5813 -1.758 -62.5048 2.3619
3 16 -1.758 -62.5048 2.3619 -2.571 -63.5841 0.5813 -0.3775 -62.492 1.0073
3 16 -5.5833 -63.0267 2.6251 -3.7783 -63.6534 1.4929 -3.5414 -61.9034 3.3019
3 16 -3.5414 -61.9034 3.3019 -3.7783 -63.6534 1.4929 -1.758 -62.5048 2.3619
3 16 -7.7789 -56.9902 -0.0342 -7.5899 -57.3679 1.4835 -7.4304 -57.0784 0.0665
3 16 -7.4304 -57.0784 0.0665 -7.5899 -57.3679 1.4835 -7.2729 -57.5064 1.5657
3 16 -6.6655 -57.537 1.5462 -6.8964 -57.1444 0.0381 -7.2729 -57.5064 1.5657
3 16 -7.2729 -57.5064 1.5657 -6.8964 -57.1444 0.0381 -7.4304 -57.0784 0.0665
3 16 -5.9847 -57.4484 1.606 -6.3291 -57.099 0.0022 -6.6655 -57.537 1.5462
3 16 -6.6655 -57.537 1.5462 -6.3291 -57.099 0.0022 -6.8964 -57.1444 0.0381
3 16 -6.3291 -57.099 0.0022 -5.9847 -57.4484 1.606 -5.8368 -56.9619 0.0089
3 16 -5.8368 -56.9619 0.0089 -5.9847 -57.4484 1.606 -5.3819 -57.2205 1.6771
3 16 -13.4395 -54.82 2.7502 -12.6929 -55.4868 2.8973 -12.2676 -53.7396 2.8523
3 16 -12.2676 -53.7396 2.8523 -12.6929 -55.4868 2.8973 -11.4356 -54.3662 2.6877
3 16 -13.7106 -56.7809 2.4547 -12.6929 -55.4868 2.8973 -14.2037 -56.0476 2.2151
3 16 -14.2037 -56.0476 2.2151 -12.6929 -55.4868 2.8973 -13.4395 -54.82 2.7502
3 16 -14.2037 -56.0476 2.2151 -14.6078 -57.2063 1.3651 -13.7106 -56.7809 2.4547
3 16 -13.7106 -56.7809 2.4547 -14.6078 -57.2063 1.3651 -14.1229 -57.9582 1.6699
3 16 -14.6078 -57.2063 1.3651 -14.5126 -58.2097 0.4792 -14.1229 -57.9582 1.6699
3 16 -14.1229 -57.9582 1.6699 -14.5126 -58.2097 0.4792 -14.0802 -58.9087 0.9109
3 16 -13.6912 -59.8635 0.0226 -14.0802 -58.9087 0.9109 -14.0646 -59.1685 -0.4749
3 16 -14.0646 -59.1685 -0.4749 -14.0802 -58.9087 0.9109 -14.5126 -58.2097 0.4792
3 16 -14.0646 -59.1685 -0.4749 -13.076 -60.0262 -1.4977 -13.6912 -59.8635 0.0226
3 16 -13.6912 -59.8635 0.0226 -13.076 -60.0262 -1.4977 -12.8277 -60.7313 -0.9721
3 16 -10.5042 -60.7108 -2.7914 -8.8894 -60.4078 -3.1972 -9.8838 -61.3905 -2.7566
3 16 -9.8838 -61.3905 -2.7566 -8.8894 -60.4078 -3.1972 -8.1649 -60.8164 -3.2683
3 16 -11.8451 -60.5644 -2.2246 -10.5042 -60.7108 -2.7914 -11.5878 -61.3061 -1.8701
3 16 -11.5878 -61.3061 -1.8701 -10.5042 -60.7108 -2.7914 -9.8838 -61.3905 -2.7566
3 16 -11.5878 -61.3061 -1.8701 -12.8277 -60.7313 -0.9721 -11.8451 -60.5644 -2.2246
3 16 -11.8451 -60.5644 -2.2246 -12.8277 -60.7313 -0.9721 -13.076 -60.0262 -1.4977
3 16 -8.8894 -60.4078 -3.1972 -8.0022 -59.6192 -3.1844 -8.1649 -60.8164 -3.2683
3 16 -8.1649 -60.8164 -3.2683 -8.0022 -59.6192 -3.1844 -6.9974 -59.9295 -3.3036
3 16 -8.0022 -59.6192 -3.1844 -7.3176 -58.8353 -2.8341 -6.9974 -59.9295 -3.3036
3 16 -6.9974 -59.9295 -3.3036 -7.3176 -58.8353 -2.8341 -6.45 -59.0139 -3.0307
3 16 -7.3176 -58.8353 -2.8341 -6.7241 -58.1126 -2.2973 -6.45 -59.0139 -3.0307
3 16 -6.45 -59.0139 -3.0307 -6.7241 -58.1126 -2.2973 -6.0488 -58.1344 -2.4765
3 16 -6.7241 -58.1126 -2.2973 -6.5029 -57.453 -1.3498 -6.0488 -58.1344 -2.4765
3 16 -6.0488 -58.1344 -2.4765 -6.5029 -57.453 -1.3498 -5.9345 -57.3478 -1.44
3 16 -6.5029 -57.453 -1.3498 -6.3291 -57.099 0.0022 -5.9345 -57.3478 -1.44
3 16 -5.9345 -57.3478 -1.44 -6.3291 -57.099 0.0022 -5.8368 -56.9619 0.0089
3 16 -6.3291 -57.099 0.0022 -6.5029 -57.453 -1.3498 -6.8964 -57.1444 0.0381
3 16 -6.8964 -57.1444 0.0381 -6.5029 -57.453 -1.3498 -7.282 -57.4544 -1.3177
3 16 -7.4304 -57.0784 0.0665 -8.0581 -57.2025 -1.2507 -7.7789 -56.9902 -0.0342
3 16 -7.7789 -56.9902 -0.0342 -8.0581 -57.2025 -1.2507 -8.5116 -56.9199 -1.1554
3 16 -8.0581 -57.2025 -1.2507 -7.4304 -57.0784 0.0665 -7.282 -57.4544 -1.3177
3 16 -7.282 -57.4544 -1.3177 -7.4304 -57.0784 0.0665 -6.8964 -57.1444 0.0381
3 16 -8.0229 -57.8599 -2.1377 -7.282 -57.4544 -1.3177 -6.7241 -58.1126 -2.2973
3 16 -6.7241 -58.1126 -2.2973 -7.282 -57.4544 -1.3177 -6.5029 -57.453 -1.3498
3 16 -9.2899 -57.2541 -2.2041 -8.0581 -57.2025 -1.2507 -8.0229 -57.8599 -2.1377
3 16 -8.0229 -57.8599 -2.1377 -8.0581 -57.2025 -1.2507 -7.282 -57.4544 -1.3177
3 16 -9.5707 -56.6831 -1.966 -8.5116 -56.9199 -1.1554 -9.2899 -57.2541 -2.2041
3 16 -9.2899 -57.2541 -2.2041 -8.5116 -56.9199 -1.1554 -8.0581 -57.2025 -1.2507
3 16 -11.1085 -56.898 -2.8246 -10.6085 -56.2789 -2.4951 -9.2899 -57.2541 -2.2041
3 16 -9.2899 -57.2541 -2.2041 -10.6085 -56.2789 -2.4951 -9.5707 -56.6831 -1.966
3 16 -12.2431 -56.1352 -2.8602 -11.7892 -55.6334 -2.7929 -11.1085 -56.898 -2.8246
3 16 -11.1085 -56.898 -2.8246 -11.7892 -55.6334 -2.7929 -10.6085 -56.2789 -2.4951
3 16 -12.1149 -55.0883 -2.7985 -11.7892 -55.6334 -2.7929 -12.7074 -55.1658 -2.8055
3 16 -12.7074 -55.1658 -2.8055 -11.7892 -55.6334 -2.7929 -12.2431 -56.1352 -2.8602
3 16 -12.3135 -53.9913 -2.8152 -11.8563 -54.5076 -2.7515 -12.7074 -55.1658 -2.8055
3 16 -12.7074 -55.1658 -2.8055 -11.8563 -54.5076 -2.7515 -12.1149 -55.0883 -2.7985
3 16 -12.3135 -53.9913 -2.8152 -11.3704 -53.6591 -2.6167 -11.8563 -54.5076 -2.7515
3 16 -11.8563 -54.5076 -2.7515 -11.3704 -53.6591 -2.6167 -11.1962 -54.3194 -2.506
3 16 -11.3704 -53.6591 -2.6167 -10.4999 -53.5145 -2.029 -11.1962 -54.3194 -2.506
3 16 -11.1962 -54.3194 -2.506 -10.4999 -53.5145 -2.029 -10.4077 -54.3136 -1.9354
3 16 -10.4999 -53.5145 -2.029 -9.9043 -53.4275 -1.1741 -10.4077 -54.3136 -1.9354
3 16 -10.4077 -54.3136 -1.9354 -9.9043 -53.4275 -1.1741 -9.861 -54.3102 -1.0624
3 16 -12.3135 -53.9913 -2.8152 -12.3103 -52.5319 -2.8056 -11.3704 -53.6591 -2.6167
3 16 -11.3704 -53.6591 -2.6167 -12.3103 -52.5319 -2.8056 -11.3109 -52.5311 -2.5514
3 16 -11.3704 -53.6591 -2.6167 -11.3109 -52.5311 -2.5514 -10.4999 -53.5145 -2.029
3 16 -10.4999 -53.5145 -2.029 -11.3109 -52.5311 -2.5514 -10.4667 -52.5297 -1.9441
3 16 -9.8982 -52.5294 -1.0631 -9.9043 -53.4275 -1.1741 -10.4667 -52.5297 -1.9441
3 16 -10.4667 -52.5297 -1.9441 -9.9043 -53.4275 -1.1741 -10.4999 -53.5145 -2.029
3 16 -15.3459 -52.596 -0.0194 -15.07 -52.5709 -1.1904 -15.3993 -54.0673 -0.0857
3 16 -15.3993 -54.0673 -0.0857 -15.07 -52.5709 -1.1904 -15.0589 -54.0114 -1.3107
3 16 -14.3142 -53.9857 -2.1969 -15.0589 -54.0114 -1.3107 -14.3628 -52.5302 -2.131
3 16 -14.3628 -52.5302 -2.131 -15.0589 -54.0114 -1.3107 -15.07 -52.5709 -1.1904
3 16 -14.3142 -53.9857 -2.1969 -14.3628 -52.5302 -2.131 -13.4582 -53.9334 -2.6812
3 16 -13.4582 -53.9334 -2.6812 -14.3628 -52.5302 -2.131 -13.3492 -52.5311 -2.695
3 16 -13.4582 -53.9334 -2.6812 -13.3492 -52.5311 -2.695 -12.3135 -53.9913 -2.8152
3 16 -12.3135 -53.9913 -2.8152 -13.3492 -52.5311 -2.695 -12.3103 -52.5319 -2.8056
3 16 -9.9043 -53.4275 -1.1741 -9.8982 -52.5294 -1.0631 -9.6649 -53.3997 -0.1222
3 16 -9.6649 -53.3997 -0.1222 -9.8982 -52.5294 -1.0631 -9.689 -52.529 -0.0684
3 16 -9.6659 -54.3051 -0.1335 -9.861 -54.3102 -1.0624 -9.6649 -53.3997 -0.1222
3 16 -9.6649 -53.3997 -0.1222 -9.861 -54.3102 -1.0624 -9.9043 -53.4275 -1.1741
3 16 -9.8129 -53.3892 0.9067 -9.8594 -52.5289 0.9471 -10.2865 -53.4255 1.8156
3 16 -10.2865 -53.4255 1.8156 -9.8594 -52.5289 0.9471 -10.3671 -52.5141 1.8321
3 16 -9.8594 -52.5289 0.9471 -9.8129 -53.3892 0.9067 -9.689 -52.529 -0.0684
3 16 -9.689 -52.529 -0.0684 -9.8129 -53.3892 0.9067 -9.6649 -53.3997 -0.1222
3 16 -10.2865 -53.4255 1.8156 -10.2695 -54.2974 1.8128 -9.8129 -53.3892 0.9067
3 16 -9.8129 -53.3892 0.9067 -10.2695 -54.2974 1.8128 -9.7839 -54.327 0.8345
3 16 -9.8129 -53.3892 0.9067 -9.7839 -54.327 0.8345 -9.6649 -53.3997 -0.1222
3 16 -9.6649 -53.3997 -0.1222 -9.7839 -54.327 0.8345 -9.6659 -54.3051 -0.1335
3 16 -11.5332 -57.2555 -2.9261 -11.1085 -56.898 -2.8246 -10.0426 -57.8478 -2.8078
3 16 -10.0426 -57.8478 -2.8078 -11.1085 -56.898 -2.8246 -9.2899 -57.2541 -2.2041
3 16 -10.0426 -57.8478 -2.8078 -9.2899 -57.2541 -2.2041 -8.6711 -58.4174 -2.7154
3 16 -8.6711 -58.4174 -2.7154 -9.2899 -57.2541 -2.2041 -8.0229 -57.8599 -2.1377
3 16 -6.7241 -58.1126 -2.2973 -7.3176 -58.8353 -2.8341 -8.0229 -57.8599 -2.1377
3 16 -8.0229 -57.8599 -2.1377 -7.3176 -58.8353 -2.8341 -8.6711 -58.4174 -2.7154
3 16 -9.3525 -59.1035 -3.0589 -8.6711 -58.4174 -2.7154 -8.0022 -59.6192 -3.1844
3 16 -8.0022 -59.6192 -3.1844 -8.6711 -58.4174 -2.7154 -7.3176 -58.8353 -2.8341
3 16 -8.0022 -59.6192 -3.1844 -8.8894 -60.4078 -3.1972 -9.3525 -59.1035 -3.0589
3 16 -9.3525 -59.1035 -3.0589 -8.8894 -60.4078 -3.1972 -10.0773 -59.7504 -3.0871
3 16 -12.3135 -53.9913 -2.8152 -12.7074 -55.1658 -2.8055 -13.4582 -53.9334 -2.6812
3 16 -13.4582 -53.9334 -2.6812 -12.7074 -55.1658 -2.8055 -13.3628 -55.2714 -2.6955
3 16 -13.3628 -55.2714 -2.6955 -12.7074 -55.1658 -2.8055 -12.8435 -56.4398 -2.7866
3 16 -12.8435 -56.4398 -2.7866 -12.7074 -55.1658 -2.8055 -12.2431 -56.1352 -2.8602
3 16 -12.8435 -56.4398 -2.7866 -12.2431 -56.1352 -2.8602 -11.5332 -57.2555 -2.9261
3 16 -11.5332 -57.2555 -2.9261 -12.2431 -56.1352 -2.8602 -11.1085 -56.898 -2.8246
3 16 -14.8576 -55.6912 -1.5497 -15.3039 -55.898 -0.2351 -15.0589 -54.0114 -1.3107
3 16 -15.0589 -54.0114 -1.3107 -15.3039 -55.898 -0.2351 -15.3993 -54.0673 -0.0857
3 16 -13.4582 -53.9334 -2.6812 -13.3628 -55.2714 -2.6955 -14.3142 -53.9857 -2.1969
3 16 -14.3142 -53.9857 -2.1969 -13.3628 -55.2714 -2.6955 -14.1324 -55.4753 -2.2897
3 16 -14.1324 -55.4753 -2.2897 -14.8576 -55.6912 -1.5497 -14.3142 -53.9857 -2.1969
3 16 -14.3142 -53.9857 -2.1969 -14.8576 -55.6912 -1.5497 -15.0589 -54.0114 -1.3107
3 16 -12.8435 -56.4398 -2.7866 -13.4441 -56.7812 -2.5675 -13.3628 -55.2714 -2.6955
3 16 -13.3628 -55.2714 -2.6955 -13.4441 -56.7812 -2.5675 -14.1324 -55.4753 -2.2897
3 16 -13.1204 -59.1237 -2.1338 -11.8576 -59.8413 -2.5784 -13.076 -60.0262 -1.4977
3 16 -13.076 -60.0262 -1.4977 -11.8576 -59.8413 -2.5784 -11.8451 -60.5644 -2.2246
3 16 -11.8576 -59.8413 -2.5784 -10.9078 -60.1217 -2.8248 -11.8451 -60.5644 -2.2246
3 16 -11.8451 -60.5644 -2.2246 -10.9078 -60.1217 -2.8248 -10.5042 -60.7108 -2.7914
3 16 -10.9078 -60.1217 -2.8248 -10.0773 -59.7504 -3.0871 -10.5042 -60.7108 -2.7914
3 16 -10.5042 -60.7108 -2.7914 -10.0773 -59.7504 -3.0871 -8.8894 -60.4078 -3.1972
3 16 -13.4441 -56.7812 -2.5675 -12.8435 -56.4398 -2.7866 -12.0837 -57.7281 -2.9089
3 16 -12.0837 -57.7281 -2.9089 -12.8435 -56.4398 -2.7866 -11.5332 -57.2555 -2.9261
3 16 -10.7781 -58.5218 -3.0234 -10.0426 -57.8478 -2.8078 -9.3525 -59.1035 -3.0589
3 16 -9.3525 -59.1035 -3.0589 -10.0426 -57.8478 -2.8078 -8.6711 -58.4174 -2.7154
3 16 -11.3807 -59.1543 -2.9129 -10.7781 -58.5218 -3.0234 -10.0773 -59.7504 -3.0871
3 16 -10.0773 -59.7504 -3.0871 -10.7781 -58.5218 -3.0234 -9.3525 -59.1035 -3.0589
3 16 -10.0426 -57.8478 -2.8078 -10.7781 -58.5218 -3.0234 -11.5332 -57.2555 -2.9261
3 16 -11.5332 -57.2555 -2.9261 -10.7781 -58.5218 -3.0234 -12.0837 -57.7281 -2.9089
3 16 -10.0773 -59.7504 -3.0871 -10.9078 -60.1217 -2.8248 -11.3807 -59.1543 -2.9129
3 16 -11.3807 -59.1543 -2.9129 -10.9078 -60.1217 -2.8248 -11.8576 -59.8413 -2.5784
3 16 -12.7098 -58.3673 -2.6541 -12.0837 -57.7281 -2.9089 -11.3807 -59.1543 -2.9129
3 16 -11.3807 -59.1543 -2.9129 -12.0837 -57.7281 -2.9089 -10.7781 -58.5218 -3.0234
3 16 -13.1204 -59.1237 -2.1338 -12.7098 -58.3673 -2.6541 -11.8576 -59.8413 -2.5784
3 16 -11.8576 -59.8413 -2.5784 -12.7098 -58.3673 -2.6541 -11.3807 -59.1543 -2.9129
3 16 0.2398 -5.6639 -3.9964 0.001 -6.4884 -3.9964 -0.1234 -5.2007 -3.929
3 16 -0.1234 -5.2007 -3.929 0.001 -6.4884 -3.9964 -1.5307 -5.8415 -3.6955
3 16 -0.1234 -5.2007 -3.929 -1.5307 -5.8415 -3.6955 -0.0706 -4.5456 -3.929
3 16 -0.0706 -4.5456 -3.929 -1.5307 -5.8415 -3.6955 -1.5307 0 -3.6955
3 16 -3.6955 0 1.5307 -4 0 0 -3.6955 -4.8115 1.5307
3 16 -3.6955 -4.8115 1.5307 -4 0 0 -4 -5.5014 0
3 16 -14.8576 -55.6912 -1.5497 -14.1324 -55.4753 -2.2897 -14.1052 -57.2653 -2.0341
3 16 -14.1052 -57.2653 -2.0341 -14.1324 -55.4753 -2.2897 -13.4441 -56.7812 -2.5675
3 16 -12.0837 -57.7281 -2.9089 -12.7098 -58.3673 -2.6541 -13.4441 -56.7812 -2.5675
3 16 -13.4441 -56.7812 -2.5675 -12.7098 -58.3673 -2.6541 -14.1052 -57.2653 -2.0341
3 16 -14.5427 -57.9024 -1.0833 -13.1204 -59.1237 -2.1338 -14.0646 -59.1685 -0.4749
3 16 -14.0646 -59.1685 -0.4749 -13.1204 -59.1237 -2.1338 -13.076 -60.0262 -1.4977
3 16 -12.7098 -58.3673 -2.6541 -13.1204 -59.1237 -2.1338 -14.1052 -57.2653 -2.0341
3 16 -14.1052 -57.2653 -2.0341 -13.1204 -59.1237 -2.1338 -14.5427 -57.9024 -1.0833
3 16 -15.0273 -56.5642 0.7433 -14.8135 -57.585 0.0749 -14.6078 -57.2063 1.3651
3 16 -14.6078 -57.2063 1.3651 -14.8135 -57.585 0.0749 -14.5126 -58.2097 0.4792
3 16 -14.0646 -59.1685 -0.4749 -14.5126 -58.2097 0.4792 -14.5427 -57.9024 -1.0833
3 16 -14.5427 -57.9024 -1.0833 -14.5126 -58.2097 0.4792 -14.8135 -57.585 0.0749
3 16 -14.5427 -57.9024 -1.0833 -14.8135 -57.585 0.0749 -15.3039 -55.898 -0.2351
3 16 -15.3039 -55.898 -0.2351 -14.8135 -57.585 0.0749 -15.0273 -56.5642 0.7433
3 16 -14.1052 -57.2653 -2.0341 -14.5427 -57.9024 -1.0833 -14.8576 -55.6912 -1.5497
3 16 -14.8576 -55.6912 -1.5497 -14.5427 -57.9024 -1.0833 -15.3039 -55.898 -0.2351
3 16 -14.2037 -56.0476 2.2151 -13.4395 -54.82 2.7502 -14.8199 -55.4382 1.6148
3 16 -14.8199 -55.4382 1.6148 -13.4395 -54.82 2.7502 -14.3273 -54.0286 2.2249
3 16 -14.8199 -55.4382 1.6148 -15.0273 -56.5642 0.7433 -14.2037 -56.0476 2.2151
3 16 -14.2037 -56.0476 2.2151 -15.0273 -56.5642 0.7433 -14.6078 -57.2063 1.3651
3 16 -15.0324 -52.5711 1.2869 -15.3459 -52.596 -0.0194 -15.1372 -53.9032 1.1675
3 16 -15.1372 -53.9032 1.1675 -15.3459 -52.596 -0.0194 -15.3993 -54.0673 -0.0857
3 16 -15.3039 -55.898 -0.2351 -15.2036 -55.0668 0.926 -15.3993 -54.0673 -0.0857
3 16 -15.3993 -54.0673 -0.0857 -15.2036 -55.0668 0.926 -15.1372 -53.9032 1.1675
3 16 -15.3039 -55.898 -0.2351 -15.0273 -56.5642 0.7433 -15.2036 -55.0668 0.926
3 16 -15.2036 -55.0668 0.926 -15.0273 -56.5642 0.7433 -14.8199 -55.4382 1.6148
3 16 -15.2036 -55.0668 0.926 -14.8199 -55.4382 1.6148 -15.1372 -53.9032 1.1675
3 16 -15.1372 -53.9032 1.1675 -14.8199 -55.4382 1.6148 -14.3273 -54.0286 2.2249
3 16 -14.3273 -54.0286 2.2249 -14.3268 -52.5481 2.1549 -15.1372 -53.9032 1.1675
3 16 -15.1372 -53.9032 1.1675 -14.3268 -52.5481 2.1549 -15.0324 -52.5711 1.2869
3 16 -14.3273 -54.0286 2.2249 -13.4395 -54.82 2.7502 -13.3369 -53.4296 2.7272
3 16 -13.3369 -53.4296 2.7272 -13.4395 -54.82 2.7502 -12.2676 -53.7396 2.8523
3 16 -14.3273 -54.0286 2.2249 -13.3369 -53.4296 2.7272 -14.3268 -52.5481 2.1549
3 16 -14.3268 -52.5481 2.1549 -13.3369 -53.4296 2.7272 -13.3203 -52.5391 2.7042
3 16 -12.2676 -53.7396 2.8523 -12.2213 -52.5631 2.8178 -13.3369 -53.4296 2.7272
3 16 -13.3369 -53.4296 2.7272 -12.2213 -52.5631 2.8178 -13.3203 -52.5391 2.7042
3 16 -11.4356 -54.3662 2.6877 -11.1417 -52.5193 2.4625 -12.2676 -53.7396 2.8523
3 16 -12.2676 -53.7396 2.8523 -11.1417 -52.5193 2.4625 -12.2213 -52.5631 2.8178
3 16 -11.4356 -54.3662 2.6877 -10.2865 -53.4255 1.8156 -11.1417 -52.5193 2.4625
3 16 -11.1417 -52.5193 2.4625 -10.2865 -53.4255 1.8156 -10.3671 -52.5141 1.8321
3 16 -10.2695 -54.2974 1.8128 -10.2865 -53.4255 1.8156 -11.4356 -54.3662 2.6877
3 16 2.5362 -58.582 -2.2329 1.0652 -60.6347 -2.1626 0.7739 -59.0291 -3.4061
3 16 2.5362 -58.582 -2.2329 0.7739 -59.0291 -3.4061 1.7233 -56.7905 -3.5291
3 16 0.478 -55.1033 -4.0422 1.7233 -56.7905 -3.5291 -0.5755 -58.7186 -3.8669
3 16 -0.5755 -58.7186 -3.8669 1.7233 -56.7905 -3.5291 0.7739 -59.0291 -3.4061
3 16 -1.4146 -57.3885 -3.9312 0.478 -55.1033 -4.0422 -0.5755 -58.7186 -3.8669
3 16 0.001 -6.4884 -3.9964 0.2398 -5.6639 -3.9964 1.5307 -6.3475 -3.6955
3 16 0 -4.5922 4 0 -5.5024 4 1.5307 -4.4124 3.6955
3 16 -2.8284 -4.6106 2.8284 -1.5307 -4.4759 3.6955 -2.8284 0 2.8284
3 16 -2.8284 0 2.8284 -1.5307 -4.4759 3.6955 -1.5307 0 3.6955
3 16 -3.6955 -4.8115 1.5307 -2.8284 -4.6106 2.8284 -3.6955 0 1.5307
3 16 -3.6955 0 1.5307 -2.8284 -4.6106 2.8284 -2.8284 0 2.8284
3 16 -2.8284 -6.2263 -2.8284 -1.5307 -5.8415 -3.6955 -2.8284 -11.1466 -2.8284
3 16 -2.8284 -11.1466 -2.8284 -1.5307 -5.8415 -3.6955 -1.5307 -12.043 -3.6955
3 16 -3.6955 -5.904 -1.5307 -2.8284 -6.2263 -2.8284 -3.6955 -10.093 -1.5307
3 16 -3.6955 -10.093 -1.5307 -2.8284 -6.2263 -2.8284 -2.8284 -11.1466 -2.8284
3 16 -3.6955 -10.093 -1.5307 -4 -9.2544 0 -3.6955 -5.904 -1.5307
3 16 -3.6955 -5.904 -1.5307 -4 -9.2544 0 -4 -5.5014 0
3 16 3.6955 0 1.5307 4 0 0 1.2865 0 0.5652
3 16 1.2865 0 0.5652 4 0 0 1.2865 0 0
3 16 3.6955 0 -1.5307 1.2865 0 -0.5671 4 0 0
3 16 4 0 0 1.2865 0 -0.5671 1.2865 0 0
3 16 2.8284 0 -2.8284 1.0477 0 -1.0478 3.6955 0 -1.5307
3 16 3.6955 0 -1.5307 1.0477 0 -1.0478 1.2865 0 -0.5671
3 16 2.8284 0 -2.8284 1.5307 0 -3.6955 1.0477 0 -1.0478
3 16 1.0477 0 -1.0478 1.5307 0 -3.6955 0.567 0 -1.369
3 16 1.5307 0 -3.6955 0 0 -4 0.567 0 -1.369
3 16 0.567 0 -1.369 0 0 -4 0 0 -1.4817
3 16 0 0 -4 -1.5307 0 -3.6955 0 0 -1.4817
3 16 0 0 -1.4817 -1.5307 0 -3.6955 -0.5667 0 -1.3682
3 16 -1.5307 0 -3.6955 -2.8284 0 -2.8284 -0.5667 0 -1.3682
3 16 -0.5667 0 -1.3682 -2.8284 0 -2.8284 -1.0473 0 -1.0473
3 16 -2.8284 0 -2.8284 -3.6955 0 -1.5307 -1.0473 0 -1.0473
3 16 -1.0473 0 -1.0473 -3.6955 0 -1.5307 -1.3027 0 -0.5671
3 16 -3.6955 0 -1.5307 -4 0 0 -1.3027 0 -0.5671
3 16 -1.3027 0 -0.5671 -4 0 0 -1.3027 0 0
3 16 -3.6955 0 1.5307 -1.3027 0 0.567 -4 0 0
3 16 -4 0 0 -1.3027 0 0.567 -1.3027 0 0
3 16 -2.8284 0 2.8284 -1.0477 0 1.0477 -3.6955 0 1.5307
3 16 -3.6955 0 1.5307 -1.0477 0 1.0477 -1.3027 0 0.567
3 16 -2.8284 0 2.8284 -1.5307 0 3.6955 -1.0477 0 1.0477
3 16 -1.0477 0 1.0477 -1.5307 0 3.6955 -0.567 0 1.3689
3 16 -1.5307 0 3.6955 0 0 4 -0.567 0 1.3689
3 16 -0.567 0 1.3689 0 0 4 0 0 1.4817
3 16 0 0 4 1.5307 0 3.6955 0 0 1.4817
3 16 0 0 1.4817 1.5307 0 3.6955 0.567 0 1.3689
3 16 1.5307 0 3.6955 2.8284 0 2.8284 0.567 0 1.3689
3 16 0.567 0 1.3689 2.8284 0 2.8284 1.0477 0 1.0477
3 16 2.8284 0 2.8284 3.6955 0 1.5307 1.0477 0 1.0477
3 16 1.0477 0 1.0477 3.6955 0 1.5307 1.2865 0 0.5652
3 4 3.6955 -8.3274 -1.5307 2.8284 -7.2974 -2.8284 3.6955 -4.2122 -1.5307
3 4 3.6955 -4.2122 -1.5307 2.8284 -7.2974 -2.8284 2.8284 -4.2088 -2.8284
3 4 4 -9.231 0 3.6955 -8.3274 -1.5307 4 -4.2007 0
3 4 4 -4.2007 0 3.6955 -8.3274 -1.5307 3.6955 -4.2122 -1.5307
3 4 3.6955 -10.1746 1.5307 4 -9.231 0 3.6955 -4.1812 1.5307
3 4 3.6955 -4.1812 1.5307 4 -9.231 0 4 -4.2007 0
3 4 2.8284 -11.1086 2.8284 3.6955 -10.1746 1.5307 2.8284 -4.2055 2.8284
3 4 2.8284 -4.2055 2.8284 3.6955 -10.1746 1.5307 3.6955 -4.1812 1.5307
3 4 2.8284 -56.4354 2.8284 3.6955 -55.3566 1.5307 2.8284 -48.6795 2.8284
3 4 2.8284 -48.6795 2.8284 3.6955 -55.3566 1.5307 3.6955 -47.7349 1.5307
3 4 3.6955 -55.3566 1.5307 4 -54.3199 0 3.6955 -47.7349 1.5307
3 4 3.6955 -47.7349 1.5307 4 -54.3199 0 4 -46.753 0
3 4 4 -54.3199 0 3.6955 -53.4257 -1.5307 4 -46.753 0
3 4 4 -46.753 0 3.6955 -53.4257 -1.5307 3.6955 -45.8297 -1.5307
3 4 3.6955 -53.4257 -1.5307 2.6787 -52.3829 -3.1432 3.6955 -45.8297 -1.5307
3 4 3.6955 -45.8297 -1.5307 2.6787 -52.3829 -3.1432 2.8284 -44.8892 -2.8284
3 4 2.6787 -52.3829 -3.1432 1.3206 -51.4776 -3.951 2.8284 -44.8892 -2.8284
3 4 2.8284 -44.8892 -2.8284 1.3206 -51.4776 -3.951 1.5307 -44.0293 -3.6955
3 4 1.3206 -51.4776 -3.951 -0.1855 -50.4787 -3.9906 1.5307 -44.0293 -3.6955
3 4 1.5307 -44.0293 -3.6955 -0.1855 -50.4787 -3.9906 0.001 -43.0387 -3.9964
3 4 -0.1855 -50.4787 -3.9906 -1.5307 -49.6218 -3.6955 0.001 -43.0387 -3.9964
3 4 0.001 -43.0387 -3.9964 -1.5307 -49.6218 -3.6955 -1.5307 -42.1086 -3.6955
3 4 -2.8284 -41.1612 -2.8284 -1.5307 -42.1086 -3.6955 -2.8284 -48.6746 -2.8284
3 4 -2.8284 -48.6746 -2.8284 -1.5307 -42.1086 -3.6955 -1.5307 -49.6218 -3.6955
3 4 -3.6955 -40.2526 -1.5307 -2.8284 -41.1612 -2.8284 -3.6955 -47.7693 -1.5307
3 4 -3.6955 -47.7693 -1.5307 -2.8284 -41.1612 -2.8284 -2.8284 -48.6746 -2.8284
3 4 -4 -39.3014 0 -3.6955 -40.2526 -1.5307 -4 -46.7816 0
3 4 -4 -46.7816 0 -3.6955 -40.2526 -1.5307 -3.6955 -47.7693 -1.5307
3 4 -3.6955 -38.2862 1.5307 -4 -39.3014 0 -3.6955 -45.8711 1.5307
3 4 -3.6955 -45.8711 1.5307 -4 -39.3014 0 -4 -46.7816 0
3 4 -2.8284 -37.3966 2.8284 -3.6955 -38.2862 1.5307 -2.8284 -44.9265 2.8284
3 4 -2.8284 -44.9265 2.8284 -3.6955 -38.2862 1.5307 -3.6955 -45.8711 1.5307
3 4 -1.5307 -36.4412 3.6955 -2.8284 -37.3966 2.8284 -1.5307 -43.9588 3.6955
3 4 -1.5307 -43.9588 3.6955 -2.8284 -37.3966 2.8284 -2.8284 -44.9265 2.8284
3 4 0 -35.4755 4 -1.5307 -36.4412 3.6955 0 -43.027 4
3 4 0 -43.027 4 -1.5307 -36.4412 3.6955 -1.5307 -43.9588 3.6955
3 4 1.5307 -34.5849 3.6955 0 -35.4755 4 1.5307 -42.0941 3.6955
3 4 1.5307 -42.0941 3.6955 0 -35.4755 4 0 -43.027 4
3 4 2.8284 -33.609 2.8284 1.5307 -34.5849 3.6955 2.8284 -41.1749 2.8284
3 4 2.8284 -41.1749 2.8284 1.5307 -34.5849 3.6955 1.5307 -42.0941 3.6955
3 4 3.6955 -32.6324 1.5307 2.8284 -33.609 2.8284 3.6955 -40.2427 1.5307
3 4 3.6955 -40.2427 1.5307 2.8284 -33.609 2.8284 2.8284 -41.1749 2.8284
3 4 4 -31.7664 0 3.6955 -32.6324 1.5307 4 -39.3006 0
3 4 4 -39.3006 0 3.6955 -32.6324 1.5307 3.6955 -40.2427 1.5307
3 4 3.6955 -30.7606 -1.5307 4 -31.7664 0 3.6955 -38.3346 -1.5307
3 4 3.6955 -38.3346 -1.5307 4 -31.7664 0 4 -39.3006 0
3 4 2.8284 -29.807 -2.8284 3.6955 -30.7606 -1.5307 2.8284 -37.441 -2.8284
3 4 2.8284 -37.441 -2.8284 3.6955 -30.7606 -1.5307 3.6955 -38.3346 -1.5307
3 4 1.5307 -28.8675 -3.6955 2.8284 -29.807 -2.8284 1.5307 -36.4506 -3.6955
3 4 1.5307 -36.4506 -3.6955 2.8284 -29.807 -2.8284 2.8284 -37.441 -2.8284
3 4 0.001 -27.9434 -3.9964 1.5307 -28.8675 -3.6955 0.001 -35.53 -3.9964
3 4 0.001 -35.53 -3.9964 1.5307 -28.8675 -3.6955 1.5307 -36.4506 -3.6955
3 4 -1.5307 -27.0872 -3.6955 0.001 -27.9434 -3.9964 -1.5307 -34.5972 -3.6955
3 4 -1.5307 -34.5972 -3.6955 0.001 -27.9434 -3.9964 0.001 -35.53 -3.9964
3 4 -2.8284 -26.1216 -2.8284 -1.5307 -27.0872 -3.6955 -2.8284 -33.6565 -2.8284
3 4 -2.8284 -33.6565 -2.8284 -1.5307 -27.0872 -3.6955 -1.5307 -34.5972 -3.6955
3 4 -3.6955 -25.1901 -1.5307 -2.8284 -26.1216 -2.8284 -3.6955 -32.7226 -1.5307
3 4 -3.6955 -32.7226 -1.5307 -2.8284 -26.1216 -2.8284 -2.8284 -33.6565 -2.8284
3 4 -4 -24.293 0 -3.6955 -25.1901 -1.5307 -4 -31.7962 0
3 4 -4 -31.7962 0 -3.6955 -25.1901 -1.5307 -3.6955 -32.7226 -1.5307
3 4 -3.6955 -23.304 1.5307 -4 -24.293 0 -3.6955 -30.8461 1.5307
3 4 -3.6955 -30.8461 1.5307 -4 -24.293 0 -4 -31.7962 0
3 4 -2.8284 -22.4259 2.8284 -3.6955 -23.304 1.5307 -2.8284 -29.8755 2.8284
3 4 -2.8284 -29.8755 2.8284 -3.6955 -23.304 1.5307 -3.6955 -30.8461 1.5307
3 4 -1.5307 -21.3778 3.6955 -2.8284 -22.4259 2.8284 -1.5307 -28.9734 3.6955
3 4 -1.5307 -28.9734 3.6955 -2.8284 -22.4259 2.8284 -2.8284 -29.8755 2.8284
3 4 0 -20.4916 4 -1.5307 -21.3778 3.6955 0 -28.0316 4
3 4 0 -28.0316 4 -1.5307 -21.3778 3.6955 -1.5307 -28.9734 3.6955
3 4 1.5307 -19.579 3.6955 0 -20.4916 4 1.5307 -27.0647 3.6955
3 4 1.5307 -27.0647 3.6955 0 -20.4916 4 0 -28.0316 4
3 4 2.8284 -18.6556 2.8284 1.5307 -19.579 3.6955 2.8284 -26.121 2.8284
3 4 2.8284 -26.121 2.8284 1.5307 -19.579 3.6955 1.5307 -27.0647 3.6955
3 4 3.6955 -17.6443 1.5307 2.8284 -18.6556 2.8284 3.6955 -25.2026 1.5307
3 4 3.6955 -25.2026 1.5307 2.8284 -18.6556 2.8284 2.8284 -26.121 2.8284
3 4 4 -16.7647 0 3.6955 -17.6443 1.5307 4 -24.2541 0
3 4 4 -24.2541 0 3.6955 -17.6443 1.5307 3.6955 -25.2026 1.5307
3 4 3.6955 -15.7073 -1.5307 4 -16.7647 0 3.6955 -23.3409 -1.5307
3 4 3.6955 -23.3409 -1.5307 4 -16.7647 0 4 -24.2541 0
3 4 2.8284 -14.9256 -2.8284 3.6955 -15.7073 -1.5307 2.8284 -22.3928 -2.8284
3 4 2.8284 -22.3928 -2.8284 3.6955 -15.7073 -1.5307 3.6955 -23.3409 -1.5307
3 4 1.5307 -13.9644 -3.6955 2.8284 -14.9256 -2.8284 1.5307 -21.4401 -3.6955
3 4 1.5307 -21.4401 -3.6955 2.8284 -14.9256 -2.8284 2.8284 -22.3928 -2.8284
3 4 0.001 -12.9425 -3.9964 1.5307 -13.9644 -3.6955 0.001 -20.4995 -3.9964
3 4 0.001 -20.4995 -3.9964 1.5307 -13.9644 -3.6955 1.5307 -21.4401 -3.6955
3 4 -1.5307 -12.043 -3.6955 0.001 -12.9425 -3.9964 -1.5307 -19.5796 -3.6955
3 4 -1.5307 -19.5796 -3.6955 0.001 -12.9425 -3.9964 0.001 -20.4995 -3.9964
3 4 -2.8284 -11.1466 -2.8284 -1.5307 -12.043 -3.6955 -2.8284 -18.637 -2.8284
3 4 -2.8284 -18.637 -2.8284 -1.5307 -12.043 -3.6955 -1.5307 -19.5796 -3.6955
3 4 -3.6955 -10.093 -1.5307 -2.8284 -11.1466 -2.8284 -3.6955 -17.7048 -1.5307
3 4 -3.6955 -17.7048 -1.5307 -2.8284 -11.1466 -2.8284 -2.8284 -18.637 -2.8284
3 4 -4 -9.2544 0 -3.6955 -10.093 -1.5307 -4 -16.7485 0
3 4 -4 -16.7485 0 -3.6955 -10.093 -1.5307 -3.6955 -17.7048 -1.5307
3 4 -3.6955 -8.2512 1.5307 -4 -9.2544 0 -3.6955 -15.8357 1.5307
3 4 -3.6955 -15.8357 1.5307 -4 -9.2544 0 -4 -16.7485 0
3 4 -2.8284 -7.3774 2.8284 -3.6955 -8.2512 1.5307 -2.8284 -14.8676 2.8284
3 4 -2.8284 -14.8676 2.8284 -3.6955 -8.2512 1.5307 -3.6955 -15.8357 1.5307
3 4 1.5307 -12.047 3.6955 2.8284 -11.1086 2.8284 1.5307 -4.4124 3.6955
3 4 1.5307 -4.4124 3.6955 2.8284 -11.1086 2.8284 2.8284 -4.2055 2.8284
3 4 -2.8284 -14.8676 2.8284 -1.5307 -13.937 3.6955 -2.8284 -7.3774 2.8284
3 4 -2.8284 -7.3774 2.8284 -1.5307 -13.937 3.6955 -1.5307 -6.4569 3.6955
3 4 -1.5307 -13.937 3.6955 0 -12.999 4 -1.5307 -6.4569 3.6955
3 4 -1.5307 -6.4569 3.6955 0 -12.999 4 0 -5.5024 4
3 4 0 -12.999 4 1.5307 -12.047 3.6955 0 -5.5024 4
3 4 0 -5.5024 4 1.5307 -12.047 3.6955 1.5307 -4.4124 3.6955
3 4 -4.5673 -56.5744 1.5234 -3.5611 -56.6574 2.8027 -3.6955 -53.2711 1.5307
3 4 -3.6955 -53.2711 1.5307 -3.5611 -56.6574 2.8027 -2.8284 -52.3983 2.8284
3 4 -3.5611 -56.6574 2.8027 -2.0121 -56.7758 3.6905 -2.8284 -52.3983 2.8284
3 4 -2.8284 -52.3983 2.8284 -2.0121 -56.7758 3.6905 -1.5887 -51.4733 3.5158
3 4 -2.0121 -56.7758 3.6905 -0.1987 -56.6542 3.9818 -1.5887 -51.4733 3.5158
3 4 -1.5887 -51.4733 3.5158 -0.1987 -56.6542 3.9818 0.0007 -50.5208 4.0108
3 4 -0.1987 -56.6542 3.9818 1.5307 -56.1252 3.6955 0.0007 -50.5208 4.0108
3 4 0.0007 -50.5208 4.0108 1.5307 -56.1252 3.6955 1.5307 -49.5962 3.6955
3 4 1.5307 -56.1252 3.6955 2.8284 -56.4354 2.8284 1.5307 -49.5962 3.6955
3 4 1.5307 -49.5962 3.6955 2.8284 -56.4354 2.8284 2.8284 -48.6795 2.8284
3 4 -5.0906 -56.5818 0.0227 -4.5673 -56.5744 1.5234 -4.0381 -54.2973 -0.1868
3 4 -4.0381 -54.2973 -0.1868 -4.5673 -56.5744 1.5234 -3.6955 -53.2711 1.5307
3 4 -5.2185 -56.9772 -1.3216 -5.0906 -56.5818 0.0227 -3.9089 -55.1221 -1.5766
3 4 -3.9089 -55.1221 -1.5766 -5.0906 -56.5818 0.0227 -4.0381 -54.2973 -0.1868
3 4 -5.2687 -57.8335 -2.4573 -5.2185 -56.9772 -1.3216 -4.1259 -56.8871 -2.6042
3 4 -4.1259 -56.8871 -2.6042 -5.2185 -56.9772 -1.3216 -3.9089 -55.1221 -1.5766
3 4 -5.4742 -58.8897 -3.1366 -5.2687 -57.8335 -2.4573 -3.744 -57.8322 -3.3359
3 4 -3.744 -57.8322 -3.3359 -5.2687 -57.8335 -2.4573 -4.1259 -56.8871 -2.6042
3 4 -5.8937 -60.1531 -3.4443 -5.4742 -58.8897 -3.1366 -3.3976 -58.9635 -3.7099
3 4 -3.3976 -58.9635 -3.7099 -5.4742 -58.8897 -3.1366 -3.744 -57.8322 -3.3359
3 4 -2.8214 -61.781 -3.0021 -3.1003 -60.3007 -3.637 0.0081 -60.3946 -3.1045
3 4 0.0081 -60.3946 -3.1045 -3.1003 -60.3007 -3.637 -0.5755 -58.7186 -3.8669
3 4 -3.3304 -63.0077 -1.9641 -2.8214 -61.781 -3.0021 -0.4255 -62.0741 -1.8487
3 4 -0.4255 -62.0741 -1.8487 -2.8214 -61.781 -3.0021 0.0081 -60.3946 -3.1045
3 4 -4.1259 -56.8871 -2.6042 -3.9089 -55.1221 -1.5766 -3.2027 -55.8597 -2.806
3 4 -4.1259 -56.8871 -2.6042 -3.2027 -55.8597 -2.806 -3.744 -57.8322 -3.3359
3 4 -3.744 -57.8322 -3.3359 -3.2027 -55.8597 -2.806 -2.2192 -56.7209 -3.6414
3 4 -3.3976 -58.9635 -3.7099 -3.744 -57.8322 -3.3359 -1.4146 -57.3885 -3.9312
3 4 -1.4146 -57.3885 -3.9312 -3.744 -57.8322 -3.3359 -2.2192 -56.7209 -3.6414
3 4 -5.8937 -60.1531 -3.4443 -6.4418 -61.2296 -3.4104 -6.9974 -59.9295 -3.3036
3 4 -6.9974 -59.9295 -3.3036 -6.4418 -61.2296 -3.4104 -8.1649 -60.8164 -3.2683
3 4 -5.4742 -58.8897 -3.1366 -5.8937 -60.1531 -3.4443 -6.45 -59.0139 -3.0307
3 4 -6.45 -59.0139 -3.0307 -5.8937 -60.1531 -3.4443 -6.9974 -59.9295 -3.3036
3 4 -6.45 -59.0139 -3.0307 -6.0488 -58.1344 -2.4765 -5.4742 -58.8897 -3.1366
3 4 -5.4742 -58.8897 -3.1366 -6.0488 -58.1344 -2.4765 -5.2687 -57.8335 -2.4573
3 4 -6.0488 -58.1344 -2.4765 -5.9345 -57.3478 -1.44 -5.2687 -57.8335 -2.4573
3 4 -5.2687 -57.8335 -2.4573 -5.9345 -57.3478 -1.44 -5.2185 -56.9772 -1.3216
3 4 -5.9345 -57.3478 -1.44 -5.8368 -56.9619 0.0089 -5.2185 -56.9772 -1.3216
3 4 -5.2185 -56.9772 -1.3216 -5.8368 -56.9619 0.0089 -5.0906 -56.5818 0.0227
3 4 -4.5673 -56.5744 1.5234 -5.0906 -56.5818 0.0227 -5.3819 -57.2205 1.6771
3 4 -5.3819 -57.2205 1.6771 -5.0906 -56.5818 0.0227 -5.8368 -56.9619 0.0089
3 4 -3.5611 -56.6574 2.8027 -4.5673 -56.5744 1.5234 -4.2695 -57.6323 2.896
3 4 -4.2695 -57.6323 2.896 -4.5673 -56.5744 1.5234 -5.3819 -57.2205 1.6771
3 4 -2.0121 -56.7758 3.6905 -3.5611 -56.6574 2.8027 -2.5776 -57.9452 3.7495
3 4 -2.5776 -57.9452 3.7495 -3.5611 -56.6574 2.8027 -4.2695 -57.6323 2.896
3 4 -0.1987 -56.6542 3.9818 -2.0121 -56.7758 3.6905 -0.5867 -57.8569 3.989
3 4 -0.5867 -57.8569 3.989 -2.0121 -56.7758 3.6905 -2.5776 -57.9452 3.7495
3 4 1.5307 -56.1252 3.6955 -0.1987 -56.6542 3.9818 1.3919 -57.1264 3.5465
3 4 1.3919 -57.1264 3.5465 -0.1987 -56.6542 3.9818 -0.5867 -57.8569 3.989
3 4 2.8284 -56.4354 2.8284 1.5307 -56.1252 3.6955 1.3919 -57.1264 3.5465
3 4 1.5307 -4.2048 -3.6955 2.8284 -4.2088 -2.8284 1.5307 -6.3475 -3.6955
3 4 1.5307 -6.3475 -3.6955 2.8284 -4.2088 -2.8284 2.8284 -7.2974 -2.8284
3 4 0.5646 -4.1851 -3.9964 1.5307 -4.2048 -3.6955 0.2398 -5.6639 -3.9964
3 4 0.2398 -5.6639 -3.9964 1.5307 -4.2048 -3.6955 1.5307 -6.3475 -3.6955
3 4 -3.1003 -60.3007 -3.637 -3.3976 -58.9635 -3.7099 -0.5755 -58.7186 -3.8669
3 4 -0.5755 -58.7186 -3.8669 -3.3976 -58.9635 -3.7099 -1.4146 -57.3885 -3.9312
3 4 -6.4418 -61.2296 -3.4104 -5.8937 -60.1531 -3.4443 -3.1003 -60.3007 -3.637
3 4 -3.1003 -60.3007 -3.637 -5.8937 -60.1531 -3.4443 -3.3976 -58.9635 -3.7099
3 4 -4.2794 -63.7642 -0.7855 -3.3304 -63.0077 -1.9641 -1.36 -63.1002 -0.5308
3 4 -1.36 -63.1002 -0.5308 -3.3304 -63.0077 -1.9641 -0.4255 -62.0741 -1.8487
3 4 -5.3971 -63.9341 0.3353 -4.2794 -63.7642 -0.7855 -2.571 -63.5841 0.5813
3 4 -2.571 -63.5841 0.5813 -4.2794 -63.7642 -0.7855 -1.36 -63.1002 -0.5308
3 4 -6.523 -63.6839 1.3233 -5.3971 -63.9341 0.3353 -3.7783 -63.6534 1.4929
3 4 -3.7783 -63.6534 1.4929 -5.3971 -63.9341 0.3353 -2.571 -63.5841 0.5813
3 4 -3.7783 -63.6534 1.4929 -5.5833 -63.0267 2.6251 -6.523 -63.6839 1.3233
3 4 -6.523 -63.6839 1.3233 -5.5833 -63.0267 2.6251 -8.0006 -62.8196 2.2676
3 4 -9.0012 -61.3287 2.9876 -8.0006 -62.8196 2.2676 -7.0121 -61.5636 3.3
3 4 -7.0121 -61.5636 3.3 -8.0006 -62.8196 2.2676 -5.5833 -63.0267 2.6251
3 4 -8.8235 -59.7954 3.2399 -9.0012 -61.3287 2.9876 -7.844 -59.9412 3.3113
3 4 -7.844 -59.9412 3.3113 -9.0012 -61.3287 2.9876 -7.0121 -61.5636 3.3
3 4 -7.844 -59.9412 3.3113 -7.8683 -58.4793 2.769 -8.8235 -59.7954 3.2399
3 4 -8.8235 -59.7954 3.2399 -7.8683 -58.4793 2.769 -8.5424 -58.1993 2.6904
3 4 -7.8683 -58.4793 2.769 -7.5899 -57.3679 1.4835 -8.5424 -58.1993 2.6904
3 4 -8.5424 -58.1993 2.6904 -7.5899 -57.3679 1.4835 -8.3141 -57.1712 1.4992
3 4 -9.388 -56.3483 1.5895 -10.1083 -55.0535 1.6576 -9.9927 -57.0677 2.5707
3 4 -9.9927 -57.0677 2.5707 -10.1083 -55.0535 1.6576 -11.1932 -55.1857 2.6007
3 4 -11.4356 -54.3662 2.6877 -11.1932 -55.1857 2.6007 -10.2695 -54.2974 1.8128
3 4 -10.2695 -54.2974 1.8128 -11.1932 -55.1857 2.6007 -10.1083 -55.0535 1.6576
3 4 -6.4418 -61.2296 -3.4104 -8.5749 -61.9996 -2.8394 -8.1649 -60.8164 -3.2683
3 4 -8.1649 -60.8164 -3.2683 -8.5749 -61.9996 -2.8394 -9.8838 -61.3905 -2.7566
3 4 -8.5749 -61.9996 -2.8394 -10.1027 -62.2629 -1.9994 -9.8838 -61.3905 -2.7566
3 4 -9.8838 -61.3905 -2.7566 -10.1027 -62.2629 -1.9994 -11.5878 -61.3061 -1.8701
3 4 -10.1027 -62.2629 -1.9994 -11.4533 -62.0497 -0.9214 -11.5878 -61.3061 -1.8701
3 4 -11.5878 -61.3061 -1.8701 -11.4533 -62.0497 -0.9214 -12.8277 -60.7313 -0.9721
3 4 -11.4533 -62.0497 -0.9214 -12.5868 -61.2337 0.1669 -12.8277 -60.7313 -0.9721
3 4 -12.8277 -60.7313 -0.9721 -12.5868 -61.2337 0.1669 -13.6912 -59.8635 0.0226
3 4 -11.4356 -54.3662 2.6877 -12.6929 -55.4868 2.8973 -11.1932 -55.1857 2.6007
3 4 -11.1932 -55.1857 2.6007 -12.6929 -55.4868 2.8973 -12.3241 -56.4051 2.9175
3 4 -11.1932 -55.1857 2.6007 -12.3241 -56.4051 2.9175 -9.9927 -57.0677 2.5707
3 4 -9.9927 -57.0677 2.5707 -12.3241 -56.4051 2.9175 -10.7585 -58.5163 3.065
3 4 -12.5868 -61.2337 0.1669 -13.1302 -60.2934 1.1348 -13.6912 -59.8635 0.0226
3 4 -13.6912 -59.8635 0.0226 -13.1302 -60.2934 1.1348 -14.0802 -58.9087 0.9109
3 4 -13.1302 -60.2934 1.1348 -13.3498 -59.1101 1.92 -14.0802 -58.9087 0.9109
3 4 -14.0802 -58.9087 0.9109 -13.3498 -59.1101 1.92 -14.1229 -57.9582 1.6699
3 4 -13.3498 -59.1101 1.92 -13.0172 -57.8338 2.6187 -14.1229 -57.9582 1.6699
3 4 -14.1229 -57.9582 1.6699 -13.0172 -57.8338 2.6187 -13.7106 -56.7809 2.4547
3 4 -13.0172 -57.8338 2.6187 -12.3241 -56.4051 2.9175 -13.7106 -56.7809 2.4547
3 4 -13.7106 -56.7809 2.4547 -12.3241 -56.4051 2.9175 -12.6929 -55.4868 2.8973
3 4 -3.1003 -60.3007 -3.637 -2.8214 -61.781 -3.0021 -6.4418 -61.2296 -3.4104
3 4 -6.4418 -61.2296 -3.4104 -2.8214 -61.781 -3.0021 -5.9782 -62.5188 -2.963
3 4 -2.8214 -61.781 -3.0021 -3.3304 -63.0077 -1.9641 -5.9782 -62.5188 -2.963
3 4 -5.9782 -62.5188 -2.963 -3.3304 -63.0077 -1.9641 -6.3483 -63.4271 -2.0803
3 4 -3.3304 -63.0077 -1.9641 -4.2794 -63.7642 -0.7855 -6.3483 -63.4271 -2.0803
3 4 -6.3483 -63.4271 -2.0803 -4.2794 -63.7642 -0.7855 -6.9798 -63.9248 -0.886
3 4 -6.523 -63.6839 1.3233 -8.0006 -62.8196 2.2676 -8.5159 -63.5124 0.9253
3 4 -8.5159 -63.5124 0.9253 -8.0006 -62.8196 2.2676 -10.0123 -62.5267 1.7749
3 4 -5.3971 -63.9341 0.3353 -6.523 -63.6839 1.3233 -7.7564 -63.8593 0.1303
3 4 -7.7564 -63.8593 0.1303 -6.523 -63.6839 1.3233 -8.5159 -63.5124 0.9253
3 4 -4.2794 -63.7642 -0.7855 -5.3971 -63.9341 0.3353 -6.9798 -63.9248 -0.886
3 4 -6.9798 -63.9248 -0.886 -5.3971 -63.9341 0.3353 -7.7564 -63.8593 0.1303
3 4 -11.4475 -59.3868 2.8665 -10.7585 -58.5163 3.065 -13.0172 -57.8338 2.6187
3 4 -13.0172 -57.8338 2.6187 -10.7585 -58.5163 3.065 -12.3241 -56.4051 2.9175
3 4 -13.0172 -57.8338 2.6187 -13.3498 -59.1101 1.92 -11.4475 -59.3868 2.8665
3 4 -11.4475 -59.3868 2.8665 -13.3498 -59.1101 1.92 -12.0122 -60.2483 2.333
3 4 -13.3498 -59.1101 1.92 -13.1302 -60.2934 1.1348 -12.0122 -60.2483 2.333
3 4 -12.0122 -60.2483 2.333 -13.1302 -60.2934 1.1348 -11.7093 -61.5244 1.5025
3 4 -11.1386 -62.4016 0.5002 -11.7093 -61.5244 1.5025 -12.5868 -61.2337 0.1669
3 4 -12.5868 -61.2337 0.1669 -11.7093 -61.5244 1.5025 -13.1302 -60.2934 1.1348
3 4 -8.5749 -61.9996 -2.8394 -6.4418 -61.2296 -3.4104 -7.8799 -62.5286 -2.5977
3 4 -7.8799 -62.5286 -2.5977 -6.4418 -61.2296 -3.4104 -5.9782 -62.5188 -2.963
3 4 -7.8799 -62.5286 -2.5977 -8.6355 -63.028 -1.9298 -8.5749 -61.9996 -2.8394
3 4 -8.5749 -61.9996 -2.8394 -8.6355 -63.028 -1.9298 -10.1027 -62.2629 -1.9994
3 4 -5.9782 -62.5188 -2.963 -6.3483 -63.4271 -2.0803 -7.8799 -62.5286 -2.5977
3 4 -7.8799 -62.5286 -2.5977 -6.3483 -63.4271 -2.0803 -8.6355 -63.028 -1.9298
3 4 -6.3483 -63.4271 -2.0803 -6.9798 -63.9248 -0.886 -8.6355 -63.028 -1.9298
3 4 -8.6355 -63.028 -1.9298 -6.9798 -63.9248 -0.886 -9.6717 -63.2424 -0.6358
3 4 -8.6355 -63.028 -1.9298 -9.6717 -63.2424 -0.6358 -10.1027 -62.2629 -1.9994
3 4 -10.1027 -62.2629 -1.9994 -9.6717 -63.2424 -0.6358 -11.4533 -62.0497 -0.9214
3 4 -9.6717 -63.2424 -0.6358 -11.1386 -62.4016 0.5002 -11.4533 -62.0497 -0.9214
3 4 -11.4533 -62.0497 -0.9214 -11.1386 -62.4016 0.5002 -12.5868 -61.2337 0.1669
3 4 -9.0849 -63.4159 0.3044 -9.6717 -63.2424 -0.6358 -7.7564 -63.8593 0.1303
3 4 -7.7564 -63.8593 0.1303 -9.6717 -63.2424 -0.6358 -6.9798 -63.9248 -0.886
3 4 -9.0849 -63.4159 0.3044 -7.7564 -63.8593 0.1303 -8.5159 -63.5124 0.9253
3 4 -8.5424 -58.1993 2.6904 -8.3141 -57.1712 1.4992 -9.9927 -57.0677 2.5707
3 4 -9.9927 -57.0677 2.5707 -8.3141 -57.1712 1.4992 -9.388 -56.3483 1.5895
3 4 -9.9927 -57.0677 2.5707 -10.7585 -58.5163 3.065 -8.5424 -58.1993 2.6904
3 4 -8.5424 -58.1993 2.6904 -10.7585 -58.5163 3.065 -8.8235 -59.7954 3.2399
3 4 -8.0006 -62.8196 2.2676 -9.0012 -61.3287 2.9876 -10.0123 -62.5267 1.7749
3 4 -10.0123 -62.5267 1.7749 -9.0012 -61.3287 2.9876 -10.6675 -61.0185 2.6536
3 4 -10.7585 -58.5163 3.065 -11.4475 -59.3868 2.8665 -8.8235 -59.7954 3.2399
3 4 -8.8235 -59.7954 3.2399 -11.4475 -59.3868 2.8665 -9.0012 -61.3287 2.9876
3 4 -10.6675 -61.0185 2.6536 -11.4475 -59.3868 2.8665 -12.0122 -60.2483 2.333
3 4 -12.0122 -60.2483 2.333 -11.7093 -61.5244 1.5025 -10.6675 -61.0185 2.6536
3 4 -10.6675 -61.0185 2.6536 -11.7093 -61.5244 1.5025 -10.0123 -62.5267 1.7749
3 4 -11.7093 -61.5244 1.5025 -11.1386 -62.4016 0.5002 -10.0123 -62.5267 1.7749
3 4 -10.0123 -62.5267 1.7749 -11.1386 -62.4016 0.5002 -10.1433 -62.8459 0.8323
3 4 -9.0849 -63.4159 0.3044 -10.1433 -62.8459 0.8323 -9.6717 -63.2424 -0.6358
3 4 -9.6717 -63.2424 -0.6358 -10.1433 -62.8459 0.8323 -11.1386 -62.4016 0.5002
3 4 -9.0849 -63.4159 0.3044 -8.5159 -63.5124 0.9253 -10.1433 -62.8459 0.8323
3 4 -10.1433 -62.8459 0.8323 -8.5159 -63.5124 0.9253 -10.0123 -62.5267 1.7749
3 4 -7.5899 -57.3679 1.4835 -7.7789 -56.9902 -0.0342 -8.3141 -57.1712 1.4992
3 4 -8.3141 -57.1712 1.4992 -7.7789 -56.9902 -0.0342 -8.355 -56.7459 0.1575
3 4 -8.9546 -56.4122 -0.7958 -8.355 -56.7459 0.1575 -8.5116 -56.9199 -1.1554
3 4 -8.5116 -56.9199 -1.1554 -8.355 -56.7459 0.1575 -7.7789 -56.9902 -0.0342
3 4 -9.6709 -56.125 -1.6253 -8.9546 -56.4122 -0.7958 -9.5707 -56.6831 -1.966
3 4 -9.5707 -56.6831 -1.966 -8.9546 -56.4122 -0.7958 -8.5116 -56.9199 -1.1554
3 4 -9.6709 -56.125 -1.6253 -9.5707 -56.6831 -1.966 -10.3848 -55.838 -2.1811
3 4 -10.3848 -55.838 -2.1811 -9.5707 -56.6831 -1.966 -10.6085 -56.2789 -2.4951
3 4 -10.3848 -55.838 -2.1811 -10.6085 -56.2789 -2.4951 -11.0468 -55.4855 -2.5251
3 4 -11.0468 -55.4855 -2.5251 -10.6085 -56.2789 -2.4951 -11.7892 -55.6334 -2.7929
3 4 -11.0468 -55.4855 -2.5251 -11.7892 -55.6334 -2.7929 -11.3453 -55.1635 -2.5957
3 4 -11.3453 -55.1635 -2.5957 -11.7892 -55.6334 -2.7929 -12.1149 -55.0883 -2.7985
3 4 -11.2492 -54.8561 -2.5362 -11.3453 -55.1635 -2.5957 -11.8563 -54.5076 -2.7515
3 4 -11.8563 -54.5076 -2.7515 -11.3453 -55.1635 -2.5957 -12.1149 -55.0883 -2.7985
3 4 -10.8546 -54.7245 -2.2896 -11.2492 -54.8561 -2.5362 -11.1962 -54.3194 -2.506
3 4 -11.1962 -54.3194 -2.506 -11.2492 -54.8561 -2.5362 -11.8563 -54.5076 -2.7515
3 4 -10.4077 -54.3136 -1.9354 -9.861 -54.3102 -1.0624 -10.3165 -54.7055 -1.8278
3 4 -10.3165 -54.7055 -1.8278 -9.861 -54.3102 -1.0624 -9.8685 -54.7256 -1.0889
3 4 -11.1962 -54.3194 -2.506 -10.4077 -54.3136 -1.9354 -10.8546 -54.7245 -2.2896
3 4 -10.8546 -54.7245 -2.2896 -10.4077 -54.3136 -1.9354 -10.3165 -54.7055 -1.8278
3 4 -10.2695 -54.2974 1.8128 -10.1083 -55.0535 1.6576 -9.7839 -54.327 0.8345
3 4 -9.7839 -54.327 0.8345 -10.1083 -55.0535 1.6576 -9.7308 -54.9075 0.7435
3 4 -9.6356 -54.7887 -0.1175 -9.6659 -54.3051 -0.1335 -9.7308 -54.9075 0.7435
3 4 -9.7308 -54.9075 0.7435 -9.6659 -54.3051 -0.1335 -9.7839 -54.327 0.8345
3 4 -9.6356 -54.7887 -0.1175 -9.8685 -54.7256 -1.0889 -9.6659 -54.3051 -0.1335
3 4 -9.6659 -54.3051 -0.1335 -9.8685 -54.7256 -1.0889 -9.861 -54.3102 -1.0624
3 4 -9.388 -56.3483 1.5895 -8.3141 -57.1712 1.4992 -9.2136 -55.9476 0.5326
3 4 -9.2136 -55.9476 0.5326 -8.3141 -57.1712 1.4992 -8.355 -56.7459 0.1575
3 4 -9.388 -56.3483 1.5895 -9.2136 -55.9476 0.5326 -10.1083 -55.0535 1.6576
3 4 -10.1083 -55.0535 1.6576 -9.2136 -55.9476 0.5326 -9.7308 -54.9075 0.7435
3 4 -9.6356 -54.7887 -0.1175 -9.3638 -55.6661 -0.4217 -9.8685 -54.7256 -1.0889
3 4 -9.8685 -54.7256 -1.0889 -9.3638 -55.6661 -0.4217 -9.7794 -55.4502 -1.3033
3 4 -9.3638 -55.6661 -0.4217 -9.6356 -54.7887 -0.1175 -9.2136 -55.9476 0.5326
3 4 -9.2136 -55.9476 0.5326 -9.6356 -54.7887 -0.1175 -9.7308 -54.9075 0.7435
3 4 -9.3638 -55.6661 -0.4217 -9.2136 -55.9476 0.5326 -8.9546 -56.4122 -0.7958
3 4 -8.9546 -56.4122 -0.7958 -9.2136 -55.9476 0.5326 -8.355 -56.7459 0.1575
3 4 -9.7794 -55.4502 -1.3033 -9.3638 -55.6661 -0.4217 -9.6709 -56.125 -1.6253
3 4 -9.6709 -56.125 -1.6253 -9.3638 -55.6661 -0.4217 -8.9546 -56.4122 -0.7958
3 4 -0.1234 -5.2007 -3.929 -0.0706 -4.5456 -3.929 0.2398 -5.6639 -3.9964
3 4 0.2398 -5.6639 -3.9964 -0.0706 -4.5456 -3.929 0.5646 -4.1851 -3.9964
3 4 -10.269 -55.295 -1.8866 -10.3848 -55.838 -2.1811 -10.59 -55.1968 -2.1948
3 4 -10.59 -55.1968 -2.1948 -10.3848 -55.838 -2.1811 -11.0468 -55.4855 -2.5251
3 4 -10.269 -55.295 -1.8866 -10.59 -55.1968 -2.1948 -10.3165 -54.7055 -1.8278
3 4 -10.3165 -54.7055 -1.8278 -10.59 -55.1968 -2.1948 -10.8546 -54.7245 -2.2896
3 4 -10.59 -55.1968 -2.1948 -10.9625 -55.1242 -2.3549 -10.8546 -54.7245 -2.2896
3 4 -10.8546 -54.7245 -2.2896 -10.9625 -55.1242 -2.3549 -11.2492 -54.8561 -2.5362
3 4 -10.9625 -55.1242 -2.3549 -11.3453 -55.1635 -2.5957 -11.2492 -54.8561 -2.5362
3 4 -11.3453 -55.1635 -2.5957 -10.9625 -55.1242 -2.3549 -11.0468 -55.4855 -2.5251
3 4 -11.0468 -55.4855 -2.5251 -10.9625 -55.1242 -2.3549 -10.59 -55.1968 -2.1948
3 4 -10.269 -55.295 -1.8866 -10.3165 -54.7055 -1.8278 -9.7794 -55.4502 -1.3033
3 4 -9.7794 -55.4502 -1.3033 -10.3165 -54.7055 -1.8278 -9.8685 -54.7256 -1.0889
3 4 -9.7794 -55.4502 -1.3033 -9.6709 -56.125 -1.6253 -10.269 -55.295 -1.8866
3 4 -10.269 -55.295 -1.8866 -9.6709 -56.125 -1.6253 -10.3848 -55.838 -2.1811
3 4 -9.0012 -61.3287 2.9876 -11.4475 -59.3868 2.8665 -10.6675 -61.0185 2.6536
2 24 1.2865 0 0.5652 1.2865 0 0
2 24 1.3689 -2.9759 0.567 1.4817 -2.9759 0
2 24 1.4817 -2.9759 0 1.3689 -2.9759 -0.5671
2 24 1.2865 0 0 1.2865 0 -0.5671
2 24 1.3689 -2.9759 -0.5671 1.0477 -2.9759 -1.0478
2 24 1.2865 0 -0.5671 1.0477 0 -1.0478
2 24 1.0477 -2.9759 -1.0478 0.567 -2.9759 -1.369
2 24 1.0477 0 -1.0478 0.567 0 -1.369
2 24 0.567 -2.9759 -1.369 0 -2.9759 -1.4817
2 24 0.567 0 -1.369 0 0 -1.4817
2 24 0 -2.9759 -1.4817 -0.5667 -2.9759 -1.3682
2 24 0 0 -1.4817 -0.5667 0 -1.3682
2 24 -0.5667 -2.9759 -1.3682 -1.0473 -2.9759 -1.0473
2 24 -0.5667 0 -1.3682 -1.0473 0 -1.0473
2 24 -1.0473 0 -1.0473 -1.3027 0 -0.5671
2 24 -1.0473 -2.9759 -1.0473 -1.3689 -2.9759 -0.5671
2 24 -1.3027 0 -0.5671 -1.3027 0 0
2 24 -1.3689 -2.9759 -0.5671 -1.4817 -2.9759 0
2 24 -1.4817 -2.9759 0 -1.3689 -2.9759 0.567
2 24 -1.3027 0 0 -1.3027 0 0.567
2 24 -1.3689 -2.9759 0.567 -1.0477 -2.9759 1.0477
2 24 -1.3027 0 0.567 -1.0477 0 1.0477
2 24 -1.0477 -2.9759 1.0477 -0.567 -2.9759 1.3689
2 24 -1.0477 0 1.0477 -0.567 0 1.3689
2 24 -0.567 -2.9759 1.3689 0 -2.9759 1.4817
2 24 -0.567 0 1.3689 0 0 1.4817
2 24 0 -2.9759 1.4817 0.567 -2.9759 1.3689
2 24 0 0 1.4817 0.567 0 1.3689
2 24 0.567 -2.9759 1.3689 1.0477 -2.9759 1.0477
2 24 0.567 0 1.3689 1.0477 0 1.0477
2 24 1.2865 0 0.5652 1.0477 0 1.0477
2 24 1.3689 -2.9759 0.567 1.0477 -2.9759 1.0477
2 24 1.4817 -2.9759 0 1.3689 -2.9759 0.567
2 24 1.4817 -2.9759 0 1.3689 -2.9759 -0.5671
2 24 1.3689 -2.9759 -0.5671 1.0477 -2.9759 -1.0478
2 24 1.0477 -2.9759 -1.0478 0.567 -2.9759 -1.369
2 24 0.567 -2.9759 -1.369 0 -2.9759 -1.4817
2 24 0 -2.9759 -1.4817 -0.5667 -2.9759 -1.3682
2 24 -0.5667 -2.9759 -1.3682 -1.0473 -2.9759 -1.0473
2 24 -1.0473 -2.9759 -1.0473 -1.3689 -2.9759 -0.5671
2 24 -1.3689 -2.9759 -0.5671 -1.4817 -2.9759 0
2 24 -1.4817 -2.9759 0 -1.3689 -2.9759 0.567
2 24 -1.3689 -2.9759 0.567 -1.0477 -2.9759 1.0477
2 24 -1.0477 -2.9759 1.0477 -0.567 -2.9759 1.3689
2 24 -0.567 -2.9759 1.3689 0 -2.9759 1.4817
2 24 0 -2.9759 1.4817 0.567 -2.9759 1.3689
2 24 0.567 -2.9759 1.3689 1.0477 -2.9759 1.0477
2 24 1.3689 -2.9759 0.567 1.0477 -2.9759 1.0477
2 24 -3.6955 0 -1.5307 -4 0 0
2 24 0 0 4 1.5307 0 3.6955
2 24 1.5307 0 3.6955 2.8284 0 2.8284
2 24 2.8284 0 2.8284 3.6955 0 1.5307
2 24 3.6955 0 1.5307 4 0 0
2 24 4 0 0 3.6955 0 -1.5307
2 24 3.6955 0 -1.5307 2.8284 0 -2.8284
2 24 2.8284 0 -2.8284 1.5307 0 -3.6955
2 24 1.5307 0 -3.6955 0 0 -4
2 24 0 0 -4 -1.5307 0 -3.6955
2 24 -3.6955 0 -1.5307 -2.8284 0 -2.8284
2 24 -1.5307 0 -3.6955 -2.8284 0 -2.8284
2 24 0 0 4 -1.5307 0 3.6955
2 24 -4 0 0 -3.6955 0 1.5307
2 24 -1.5307 0 3.6955 -2.8284 0 2.8284
2 24 -3.6955 0 1.5307 -2.8284 0 2.8284
2 24 3.6955 0 1.5307 4 0 0
2 24 1.2865 0 0.5652 1.2865 0 0
2 24 4 0 0 3.6955 0 -1.5307
2 24 1.2865 0 0 1.2865 0 -0.5671
2 24 3.6955 0 -1.5307 2.8284 0 -2.8284
2 24 1.2865 0 -0.5671 1.0477 0 -1.0478
2 24 2.8284 0 -2.8284 1.5307 0 -3.6955
2 24 1.0477 0 -1.0478 0.567 0 -1.369
2 24 1.5307 0 -3.6955 0 0 -4
2 24 0.567 0 -1.369 0 0 -1.4817
2 24 0 0 -4 -1.5307 0 -3.6955
2 24 0 0 -1.4817 -0.5667 0 -1.3682
2 24 -1.5307 0 -3.6955 -2.8284 0 -2.8284
2 24 -0.5667 0 -1.3682 -1.0473 0 -1.0473
2 24 -2.8284 0 -2.8284 -3.6955 0 -1.5307
2 24 -1.0473 0 -1.0473 -1.3027 0 -0.5671
2 24 -3.6955 0 -1.5307 -4 0 0
2 24 -1.3027 0 -0.5671 -1.3027 0 0
2 24 -4 0 0 -3.6955 0 1.5307
2 24 -1.3027 0 0 -1.3027 0 0.567
2 24 -3.6955 0 1.5307 -2.8284 0 2.8284
2 24 -1.3027 0 0.567 -1.0477 0 1.0477
2 24 -2.8284 0 2.8284 -1.5307 0 3.6955
2 24 -1.0477 0 1.0477 -0.567 0 1.3689
2 24 -1.5307 0 3.6955 0 0 4
2 24 -0.567 0 1.3689 0 0 1.4817
2 24 0 0 4 1.5307 0 3.6955
2 24 0 0 1.4817 0.567 0 1.3689
2 24 1.5307 0 3.6955 2.8284 0 2.8284
2 24 0.567 0 1.3689 1.0477 0 1.0477
2 24 3.6955 0 1.5307 2.8284 0 2.8284
2 24 1.2865 0 0.5652 1.0477 0 1.0477
0 STEP
