0 Minifigure, Weapon Slingshot with Dark Tan Band Pattern
0 Name: bl_19900pb03.dat
0 Author: 
0 BL_Item_No 19900pb03
0 BFC CERTIFY CCW
3 16 0.5148 -26.2213 1.1194 0.5148 -26.2213 -1.1192 4.9139 -32.412 1.4134
3 16 4.9139 -32.412 1.4134 0.5148 -26.2213 -1.1192 4.9139 -32.412 -1.4131
3 16 6.1645 -31.9962 -2.93 5.653 -32.7525 -2.2281 1.5925 -25.4667 -2.93
3 16 1.5925 -25.4667 -2.93 5.653 -32.7525 -2.2281 0.5148 -26.2213 -1.1192
3 16 0.5148 -26.2213 -1.1192 5.653 -32.7525 -2.2281 4.9139 -32.412 -1.4131
3 16 1.5925 -25.4667 -2.93 3.3363 -24.2457 -3.6216 6.1645 -31.9962 -2.93
3 16 6.1645 -31.9962 -2.93 3.3363 -24.2457 -3.6216 7.9083 -30.7752 -3.6216
3 16 3.3363 -24.2457 -3.6216 5.08 -23.0247 -2.93 7.9083 -30.7752 -3.6216
3 16 7.9083 -30.7752 -3.6216 5.08 -23.0247 -2.93 9.6521 -29.5542 -2.93
3 16 5.08 -23.0247 -2.93 6.1577 -22.2701 -1.1192 9.6521 -29.5542 -2.93
3 16 9.6521 -29.5542 -2.93 6.1577 -22.2701 -1.1192 10.7298 -28.7996 -1.1192
3 16 6.1577 -22.2701 -1.1192 6.1577 -22.2701 1.1194 10.7298 -28.7996 -1.1192
3 16 10.7298 -28.7996 -1.1192 6.1577 -22.2701 1.1194 10.7298 -28.7996 1.1194
3 16 7.2568 -35.8997 -1.1285 8.2136 -36.9756 -1.0743 7.2568 -35.8997 1.1287
3 16 7.2568 -35.8997 1.1287 8.2136 -36.9756 -1.0743 8.2136 -36.9756 1.0746
3 16 8.2136 -36.9756 -1.0743 7.2568 -35.8997 -1.1285 9.2481 -36.2512 -2.8125
3 16 9.2481 -36.2512 -2.8125 7.2568 -35.8997 -1.1285 8.3434 -35.1388 -2.9543
3 16 9.2481 -36.2512 -2.8125 8.3434 -35.1388 -2.9543 10.9219 -35.0791 -3.4764
3 16 10.9219 -35.0791 -3.4764 8.3434 -35.1388 -2.9543 10.1017 -33.9077 -3.6517
3 16 10.9219 -35.0791 -3.4764 10.1017 -33.9077 -3.6517 12.5958 -33.9071 -2.8125
3 16 12.5958 -33.9071 -2.8125 10.1017 -33.9077 -3.6517 11.8599 -32.6766 -2.9543
3 16 12.5958 -33.9071 -2.8125 11.8599 -32.6766 -2.9543 13.6303 -33.1827 -1.0743
3 16 13.6303 -33.1827 -1.0743 11.8599 -32.6766 -2.9543 12.9466 -31.9157 -1.1285
3 16 13.6303 -33.1827 -1.0743 12.9466 -31.9157 -1.1285 13.6303 -33.1827 1.0746
3 16 13.6303 -33.1827 1.0746 12.9466 -31.9157 -1.1285 12.9466 -31.9157 1.1287
3 16 8.2136 -36.9756 -1.0743 9.1976 -37.47 -0.9045 8.2136 -36.9756 1.0746
3 16 8.2136 -36.9756 1.0746 9.1976 -37.47 -0.9045 9.1976 -37.47 0.9048
3 16 9.1976 -37.47 -0.9045 8.2136 -36.9756 -1.0743 10.0686 -36.8601 -2.368
3 16 10.0686 -36.8601 -2.368 8.2136 -36.9756 -1.0743 9.2481 -36.2512 -2.8125
3 16 10.0686 -36.8601 -2.368 9.2481 -36.2512 -2.8125 11.478 -35.8733 -2.9271
3 16 11.478 -35.8733 -2.9271 9.2481 -36.2512 -2.8125 10.9219 -35.0791 -3.4764
3 16 11.478 -35.8733 -2.9271 10.9219 -35.0791 -3.4764 12.8873 -34.8864 -2.368
3 16 12.8873 -34.8864 -2.368 10.9219 -35.0791 -3.4764 12.5958 -33.9071 -2.8125
3 16 12.8873 -34.8864 -2.368 12.5958 -33.9071 -2.8125 13.7583 -34.2765 -0.9045
3 16 13.7583 -34.2765 -0.9045 12.5958 -33.9071 -2.8125 13.6303 -33.1827 -1.0743
3 16 13.7583 -34.2765 -0.9045 13.6303 -33.1827 -1.0743 13.7583 -34.2765 0.9048
3 16 13.7583 -34.2765 0.9048 13.6303 -33.1827 -1.0743 13.6303 -33.1827 1.0746
3 16 9.1976 -37.47 -0.9045 10.3083 -37.4286 -0.6012 9.1976 -37.47 0.9048
3 16 9.1976 -37.47 0.9048 10.3083 -37.4286 -0.6012 10.3083 -37.4286 0.6015
3 16 10.3083 -37.4286 -0.6012 9.1976 -37.47 -0.9045 10.8872 -37.0233 -1.574
3 16 10.8872 -37.0233 -1.574 9.1976 -37.47 -0.9045 10.0686 -36.8601 -2.368
3 16 10.8872 -37.0233 -1.574 10.0686 -36.8601 -2.368 11.824 -36.3674 -1.9455
3 16 11.824 -36.3674 -1.9455 10.0686 -36.8601 -2.368 11.478 -35.8733 -2.9271
3 16 11.824 -36.3674 -1.9455 11.478 -35.8733 -2.9271 12.7607 -35.7115 -1.574
3 16 12.7607 -35.7115 -1.574 11.478 -35.8733 -2.9271 12.8873 -34.8864 -2.368
3 16 12.7607 -35.7115 -1.574 12.8873 -34.8864 -2.368 13.3396 -35.3061 -0.6012
3 16 13.3396 -35.3061 -0.6012 12.8873 -34.8864 -2.368 13.7583 -34.2765 -0.9045
3 16 13.3396 -35.3061 -0.6012 13.7583 -34.2765 -0.9045 13.3396 -35.3061 0.6015
3 16 13.3396 -35.3061 0.6015 13.7583 -34.2765 -0.9045 13.7583 -34.2765 0.9048
3 16 10.3083 -37.4286 -0.6012 11.1305 -37.0792 -0.3172 10.3083 -37.4286 0.6015
3 16 10.3083 -37.4286 0.6015 11.1305 -37.0792 -0.3172 11.1305 -37.0792 0.3175
3 16 11.1305 -37.0792 -0.3172 10.3083 -37.4286 -0.6012 11.436 -36.8653 -0.8305
3 16 11.436 -36.8653 -0.8305 10.3083 -37.4286 -0.6012 10.8872 -37.0233 -1.574
3 16 11.436 -36.8653 -0.8305 10.8872 -37.0233 -1.574 11.9303 -36.5192 -1.0265
3 16 11.9303 -36.5192 -1.0265 10.8872 -37.0233 -1.574 11.824 -36.3674 -1.9455
3 16 11.9303 -36.5192 -1.0265 11.824 -36.3674 -1.9455 12.4245 -36.1731 -0.8305
3 16 12.4245 -36.1731 -0.8305 11.824 -36.3674 -1.9455 12.7607 -35.7115 -1.574
3 16 12.4245 -36.1731 -0.8305 12.7607 -35.7115 -1.574 12.739 -35.9487 -0.3276
3 16 12.739 -35.9487 -0.3276 12.7607 -35.7115 -1.574 13.3396 -35.3061 -0.6012
3 16 12.739 -35.9487 -0.3276 13.3396 -35.3061 -0.6012 12.739 -35.9487 0.3278
3 16 12.739 -35.9487 0.3278 13.3396 -35.3061 -0.6012 13.3396 -35.3061 0.6015
3 16 11.9303 -36.5192 -0.3249 12.739 -35.9487 -0.3276 11.9303 -36.5192 0.3252
3 16 11.9303 -36.5192 0.3252 12.739 -35.9487 -0.3276 12.739 -35.9487 0.3278
3 16 11.9303 -36.5192 -1.0265 12.4245 -36.1731 -0.8305 11.9303 -36.5192 -0.3249
3 16 11.9303 -36.5192 -0.3249 12.4245 -36.1731 -0.8305 12.739 -35.9487 -0.3276
3 16 11.1305 -37.0792 0.3175 11.1305 -37.0792 -0.3172 11.9303 -36.5192 0.3252
3 16 11.9303 -36.5192 0.3252 11.1305 -37.0792 -0.3172 11.9303 -36.5192 -0.3249
3 16 11.9303 -36.5192 -1.0265 11.9303 -36.5192 -0.3249 11.436 -36.8653 -0.8305
3 16 11.436 -36.8653 -0.8305 11.9303 -36.5192 -0.3249 11.1305 -37.0792 -0.3172
3 16 11.2217 -29.5022 -1.1192 10.7298 -28.7996 -1.1192 11.2217 -29.5022 1.1194
3 16 11.2217 -29.5022 1.1194 10.7298 -28.7996 -1.1192 10.7298 -28.7996 1.1194
3 16 10.7298 -28.7996 -1.1192 11.2217 -29.5022 -1.1192 9.6521 -29.5542 -2.93
3 16 9.6521 -29.5542 -2.93 11.2217 -29.5022 -1.1192 10.144 -30.2568 -2.93
3 16 9.6521 -29.5542 -2.93 10.144 -30.2568 -2.93 7.9083 -30.7752 -3.6216
3 16 7.9083 -30.7752 -3.6216 10.144 -30.2568 -2.93 8.4002 -31.4778 -3.6216
3 16 7.9083 -30.7752 -3.6216 8.4002 -31.4778 -3.6216 6.1645 -31.9962 -2.93
3 16 6.1645 -31.9962 -2.93 8.4002 -31.4778 -3.6216 6.6565 -32.6988 -2.93
3 16 6.1645 -31.9962 -2.93 6.6565 -32.6988 -2.93 5.653 -32.7525 -2.2281
3 16 5.653 -32.7525 -2.2281 6.6565 -32.6988 -2.93 6.0002 -33.1583 -2.2422
3 16 -0.0018 -25.6971 -1.2375 0.5148 -26.2213 -1.1192 -0.0018 -25.6971 1.2378
3 16 -0.0018 -25.6971 1.2378 0.5148 -26.2213 -1.1192 0.5148 -26.2213 1.1194
3 16 0.5148 -26.2213 -1.1192 -0.0018 -25.6971 -1.2375 1.5925 -25.4667 -2.93
3 16 1.5925 -25.4667 -2.93 -0.0018 -25.6971 -1.2375 -0.0018 -23.9459 -2.6663
3 16 1.5925 -25.4667 -2.93 -0.0018 -23.9459 -2.6663 3.3363 -24.2457 -3.6216
3 16 3.3363 -24.2457 -3.6216 -0.0018 -23.9459 -2.6663 -0.0018 -21.1195 -3.5132
3 16 -0.0018 -21.1195 -3.5132 2.3595 -19.676 -3.2055 3.3363 -24.2457 -3.6216
3 16 3.3363 -24.2457 -3.6216 2.3595 -19.676 -3.2055 5.08 -23.0247 -2.93
3 16 6.1577 -22.2701 -1.1192 3.7714 -18.8941 -1.2948 6.1577 -22.2701 1.1194
3 16 6.1577 -22.2701 1.1194 3.7714 -18.8941 -1.2948 3.798 -18.8651 1.2825
3 16 6.1577 -22.2701 -1.1192 5.08 -23.0247 -2.93 3.7714 -18.8941 -1.2948
3 16 3.7714 -18.8941 -1.2948 5.08 -23.0247 -2.93 2.3595 -19.676 -3.2055
3 16 3.7714 -18.8941 -1.2948 3.8042 0 -1.2361 3.798 -18.8651 1.2825
3 16 3.798 -18.8651 1.2825 3.8042 0 -1.2361 3.8042 0 1.2364
3 16 -3.3399 -24.2457 -3.6216 -1.5961 -25.4667 -2.93 -7.9119 -30.7752 -3.6216
3 16 -7.9119 -30.7752 -3.6216 -1.5961 -25.4667 -2.93 -6.1682 -31.9962 -2.93
3 16 -8.2172 -36.9756 -1.0743 -7.2604 -35.8997 -1.1285 -8.2172 -36.9756 1.0746
3 16 -8.2172 -36.9756 1.0746 -7.2604 -35.8997 -1.1285 -7.2604 -35.8997 1.1287
3 16 -7.2604 -35.8997 -1.1285 -8.2172 -36.9756 -1.0743 -8.3471 -35.1388 -2.9543
3 16 -8.3471 -35.1388 -2.9543 -8.2172 -36.9756 -1.0743 -9.2517 -36.2512 -2.8125
3 16 -8.3471 -35.1388 -2.9543 -9.2517 -36.2512 -2.8125 -10.1053 -33.9077 -3.6517
3 16 -10.1053 -33.9077 -3.6517 -9.2517 -36.2512 -2.8125 -10.9256 -35.0791 -3.4764
3 16 -10.1053 -33.9077 -3.6517 -10.9256 -35.0791 -3.4764 -11.8636 -32.6766 -2.9543
3 16 -11.8636 -32.6766 -2.9543 -10.9256 -35.0791 -3.4764 -12.5994 -33.9071 -2.8125
3 16 -11.8636 -32.6766 -2.9543 -12.5994 -33.9071 -2.8125 -12.9502 -31.9157 -1.1285
3 16 -12.9502 -31.9157 -1.1285 -12.5994 -33.9071 -2.8125 -13.6339 -33.1827 -1.0743
3 16 -12.9502 -31.9157 -1.1285 -13.6339 -33.1827 -1.0743 -12.9502 -31.9157 1.1287
3 16 -12.9502 -31.9157 1.1287 -13.6339 -33.1827 -1.0743 -13.6339 -33.1827 1.0746
3 16 -9.2012 -37.47 -0.9045 -8.2172 -36.9756 -1.0743 -9.2012 -37.47 0.9048
3 16 -9.2012 -37.47 0.9048 -8.2172 -36.9756 -1.0743 -8.2172 -36.9756 1.0746
3 16 -8.2172 -36.9756 -1.0743 -9.2012 -37.47 -0.9045 -9.2517 -36.2512 -2.8125
3 16 -9.2517 -36.2512 -2.8125 -9.2012 -37.47 -0.9045 -10.0723 -36.8601 -2.368
3 16 -9.2517 -36.2512 -2.8125 -10.0723 -36.8601 -2.368 -10.9256 -35.0791 -3.4764
3 16 -10.9256 -35.0791 -3.4764 -10.0723 -36.8601 -2.368 -11.4816 -35.8733 -2.9271
3 16 -10.9256 -35.0791 -3.4764 -11.4816 -35.8733 -2.9271 -12.5994 -33.9071 -2.8125
3 16 -12.5994 -33.9071 -2.8125 -11.4816 -35.8733 -2.9271 -12.8909 -34.8864 -2.368
3 16 -12.5994 -33.9071 -2.8125 -12.8909 -34.8864 -2.368 -13.6339 -33.1827 -1.0743
3 16 -13.6339 -33.1827 -1.0743 -12.8909 -34.8864 -2.368 -13.7619 -34.2765 -0.9045
3 16 -13.6339 -33.1827 -1.0743 -13.7619 -34.2765 -0.9045 -13.6339 -33.1827 1.0746
3 16 -13.6339 -33.1827 1.0746 -13.7619 -34.2765 -0.9045 -13.7619 -34.2765 0.9048
3 16 -10.3119 -37.4286 -0.6012 -9.2012 -37.47 -0.9045 -10.3119 -37.4286 0.6015
3 16 -10.3119 -37.4286 0.6015 -9.2012 -37.47 -0.9045 -9.2012 -37.47 0.9048
3 16 -9.2012 -37.47 -0.9045 -10.3119 -37.4286 -0.6012 -10.0723 -36.8601 -2.368
3 16 -10.0723 -36.8601 -2.368 -10.3119 -37.4286 -0.6012 -10.8908 -37.0233 -1.574
3 16 -10.0723 -36.8601 -2.368 -10.8908 -37.0233 -1.574 -11.4816 -35.8733 -2.9271
3 16 -11.4816 -35.8733 -2.9271 -10.8908 -37.0233 -1.574 -11.8276 -36.3674 -1.9455
3 16 -11.4816 -35.8733 -2.9271 -11.8276 -36.3674 -1.9455 -12.8909 -34.8864 -2.368
3 16 -12.8909 -34.8864 -2.368 -11.8276 -36.3674 -1.9455 -12.7643 -35.7115 -1.574
3 16 -12.8909 -34.8864 -2.368 -12.7643 -35.7115 -1.574 -13.7619 -34.2765 -0.9045
3 16 -13.7619 -34.2765 -0.9045 -12.7643 -35.7115 -1.574 -13.3432 -35.3061 -0.6012
3 16 -13.7619 -34.2765 -0.9045 -13.3432 -35.3061 -0.6012 -13.7619 -34.2765 0.9048
3 16 -13.7619 -34.2765 0.9048 -13.3432 -35.3061 -0.6012 -13.3432 -35.3061 0.6015
3 16 -11.1342 -37.0792 -0.3172 -10.3119 -37.4286 -0.6012 -11.1342 -37.0792 0.3175
3 16 -11.1342 -37.0792 0.3175 -10.3119 -37.4286 -0.6012 -10.3119 -37.4286 0.6015
3 16 -10.3119 -37.4286 -0.6012 -11.1342 -37.0792 -0.3172 -10.8908 -37.0233 -1.574
3 16 -10.8908 -37.0233 -1.574 -11.1342 -37.0792 -0.3172 -11.4396 -36.8653 -0.8305
3 16 -10.8908 -37.0233 -1.574 -11.4396 -36.8653 -0.8305 -11.8276 -36.3674 -1.9455
3 16 -11.8276 -36.3674 -1.9455 -11.4396 -36.8653 -0.8305 -11.9339 -36.5192 -1.0265
3 16 -11.8276 -36.3674 -1.9455 -11.9339 -36.5192 -1.0265 -12.7643 -35.7115 -1.574
3 16 -12.7643 -35.7115 -1.574 -11.9339 -36.5192 -1.0265 -12.4281 -36.1731 -0.8305
3 16 -12.4281 -36.1731 -0.8305 -12.7427 -35.9487 -0.3276 -12.7643 -35.7115 -1.574
3 16 -12.7643 -35.7115 -1.574 -12.7427 -35.9487 -0.3276 -13.3432 -35.3061 -0.6012
3 16 -13.3432 -35.3061 -0.6012 -12.7427 -35.9487 -0.3276 -13.3432 -35.3061 0.6015
3 16 -13.3432 -35.3061 0.6015 -12.7427 -35.9487 -0.3276 -12.7427 -35.9487 0.3278
3 16 -12.7427 -35.9487 0.3278 -12.7427 -35.9487 -0.3276 -11.9339 -36.5192 0.3252
3 16 -11.9339 -36.5192 0.3252 -12.7427 -35.9487 -0.3276 -11.9339 -36.5192 -0.3249
3 16 -12.7427 -35.9487 -0.3276 -12.4281 -36.1731 -0.8305 -11.9339 -36.5192 -0.3249
3 16 -11.9339 -36.5192 -0.3249 -12.4281 -36.1731 -0.8305 -11.9339 -36.5192 -1.0265
3 16 -11.9339 -36.5192 -0.3249 -11.1342 -37.0792 -0.3172 -11.9339 -36.5192 0.3252
3 16 -11.9339 -36.5192 0.3252 -11.1342 -37.0792 -0.3172 -11.1342 -37.0792 0.3175
3 16 -11.1342 -37.0792 -0.3172 -11.9339 -36.5192 -0.3249 -11.4396 -36.8653 -0.8305
3 16 -11.4396 -36.8653 -0.8305 -11.9339 -36.5192 -0.3249 -11.9339 -36.5192 -1.0265
3 16 -10.7334 -28.7996 -1.1192 -11.2253 -29.5022 -1.1192 -10.7334 -28.7996 1.1194
3 16 -10.7334 -28.7996 1.1194 -11.2253 -29.5022 -1.1192 -11.2253 -29.5022 1.1194
3 16 -10.1476 -30.2568 -2.93 -11.2253 -29.5022 -1.1192 -9.6557 -29.5542 -2.93
3 16 -9.6557 -29.5542 -2.93 -11.2253 -29.5022 -1.1192 -10.7334 -28.7996 -1.1192
3 16 -8.4039 -31.4778 -3.6216 -10.1476 -30.2568 -2.93 -7.9119 -30.7752 -3.6216
3 16 -7.9119 -30.7752 -3.6216 -10.1476 -30.2568 -2.93 -9.6557 -29.5542 -2.93
3 16 -6.6601 -32.6988 -2.93 -8.4039 -31.4778 -3.6216 -6.1682 -31.9962 -2.93
3 16 -6.1682 -31.9962 -2.93 -8.4039 -31.4778 -3.6216 -7.9119 -30.7752 -3.6216
3 16 -6.0038 -33.1583 -2.2422 -6.6601 -32.6988 -2.93 -5.6566 -32.7525 -2.2281
3 16 -5.6566 -32.7525 -2.2281 -6.6601 -32.6988 -2.93 -6.1682 -31.9962 -2.93
3 16 -10.7334 -28.7996 -1.1192 -10.7334 -28.7996 1.1194 -6.1614 -22.2701 -1.1192
3 16 -6.1614 -22.2701 -1.1192 -10.7334 -28.7996 1.1194 -6.1614 -22.2701 1.1194
3 16 -9.6557 -29.5542 -2.93 -10.7334 -28.7996 -1.1192 -5.0837 -23.0247 -2.93
3 16 -5.0837 -23.0247 -2.93 -10.7334 -28.7996 -1.1192 -6.1614 -22.2701 -1.1192
3 16 -7.9119 -30.7752 -3.6216 -9.6557 -29.5542 -2.93 -3.3399 -24.2457 -3.6216
3 16 -3.3399 -24.2457 -3.6216 -9.6557 -29.5542 -2.93 -5.0837 -23.0247 -2.93
3 16 -6.1682 -31.9962 -2.93 -1.5961 -25.4667 -2.93 -5.6566 -32.7525 -2.2281
3 16 -1.5961 -25.4667 -2.93 -0.5184 -26.2213 -1.1192 -5.6566 -32.7525 -2.2281
3 16 -4.9175 -32.412 -1.4131 -5.6566 -32.7525 -2.2281 -0.5184 -26.2213 -1.1192
3 16 -4.9175 -32.412 1.4134 -4.9175 -32.412 -1.4131 -0.5184 -26.2213 1.1194
3 16 -0.5184 -26.2213 1.1194 -4.9175 -32.412 -1.4131 -0.5184 -26.2213 -1.1192
3 16 -0.5184 -26.2213 -1.1192 -1.5961 -25.4667 -2.93 -0.0018 -25.6971 -1.2375
3 16 -0.0018 -25.6971 -1.2375 -1.5961 -25.4667 -2.93 -0.0018 -23.9459 -2.6663
3 16 -1.5961 -25.4667 -2.93 -3.3399 -24.2457 -3.6216 -0.0018 -23.9459 -2.6663
3 16 -0.0018 -23.9459 -2.6663 -3.3399 -24.2457 -3.6216 -0.0018 -21.1195 -3.5132
3 16 -0.0018 -21.1195 -3.5132 -3.3399 -24.2457 -3.6216 -2.3909 -19.7043 -3.1915
3 16 -2.3909 -19.7043 -3.1915 -3.3399 -24.2457 -3.6216 -5.0837 -23.0247 -2.93
3 16 -3.8016 -18.8651 -1.2822 -6.1614 -22.2701 -1.1192 -3.8016 -18.8651 1.2825
3 16 -3.8016 -18.8651 1.2825 -6.1614 -22.2701 -1.1192 -6.1614 -22.2701 1.1194
3 16 6.1645 -31.9962 2.9302 1.5925 -25.4667 2.9302 5.653 -32.7525 2.2283
3 16 1.5925 -25.4667 2.9302 0.5148 -26.2213 1.1194 5.653 -32.7525 2.2283
3 16 0.5148 -26.2213 1.1194 4.9139 -32.412 1.4134 5.653 -32.7525 2.2283
3 16 3.3363 -24.2457 3.6219 1.5925 -25.4667 2.9302 7.9083 -30.7752 3.6219
3 16 7.9083 -30.7752 3.6219 1.5925 -25.4667 2.9302 6.1645 -31.9962 2.9302
3 16 5.08 -23.0247 2.9302 3.3363 -24.2457 3.6219 9.6521 -29.5542 2.9302
3 16 9.6521 -29.5542 2.9302 3.3363 -24.2457 3.6219 7.9083 -30.7752 3.6219
3 16 6.1577 -22.2701 1.1194 5.08 -23.0247 2.9302 10.7298 -28.7996 1.1194
3 16 10.7298 -28.7996 1.1194 5.08 -23.0247 2.9302 9.6521 -29.5542 2.9302
3 16 7.2568 -35.8997 1.1287 8.2136 -36.9756 1.0746 8.3434 -35.1388 2.9546
3 16 8.3434 -35.1388 2.9546 8.2136 -36.9756 1.0746 9.2481 -36.2512 2.8128
3 16 8.3434 -35.1388 2.9546 9.2481 -36.2512 2.8128 10.1017 -33.9077 3.652
3 16 10.1017 -33.9077 3.652 9.2481 -36.2512 2.8128 10.9219 -35.0791 3.4767
3 16 10.1017 -33.9077 3.652 10.9219 -35.0791 3.4767 11.8599 -32.6766 2.9546
3 16 11.8599 -32.6766 2.9546 10.9219 -35.0791 3.4767 12.5958 -33.9071 2.8128
3 16 11.8599 -32.6766 2.9546 12.5958 -33.9071 2.8128 12.9466 -31.9157 1.1287
3 16 12.9466 -31.9157 1.1287 12.5958 -33.9071 2.8128 13.6303 -33.1827 1.0746
3 16 8.2136 -36.9756 1.0746 9.1976 -37.47 0.9048 9.2481 -36.2512 2.8128
3 16 9.2481 -36.2512 2.8128 9.1976 -37.47 0.9048 10.0686 -36.8601 2.3683
3 16 9.2481 -36.2512 2.8128 10.0686 -36.8601 2.3683 10.9219 -35.0791 3.4767
3 16 10.9219 -35.0791 3.4767 10.0686 -36.8601 2.3683 11.478 -35.8733 2.9273
3 16 10.9219 -35.0791 3.4767 11.478 -35.8733 2.9273 12.5958 -33.9071 2.8128
3 16 12.5958 -33.9071 2.8128 11.478 -35.8733 2.9273 12.8873 -34.8864 2.3683
3 16 12.5958 -33.9071 2.8128 12.8873 -34.8864 2.3683 13.6303 -33.1827 1.0746
3 16 13.6303 -33.1827 1.0746 12.8873 -34.8864 2.3683 13.7583 -34.2765 0.9048
3 16 9.1976 -37.47 0.9048 10.3083 -37.4286 0.6015 10.0686 -36.8601 2.3683
3 16 10.0686 -36.8601 2.3683 10.3083 -37.4286 0.6015 10.8872 -37.0233 1.5742
3 16 10.0686 -36.8601 2.3683 10.8872 -37.0233 1.5742 11.478 -35.8733 2.9273
3 16 11.478 -35.8733 2.9273 10.8872 -37.0233 1.5742 11.824 -36.3674 1.9458
3 16 11.478 -35.8733 2.9273 11.824 -36.3674 1.9458 12.8873 -34.8864 2.3683
3 16 12.8873 -34.8864 2.3683 11.824 -36.3674 1.9458 12.7607 -35.7115 1.5742
3 16 12.8873 -34.8864 2.3683 12.7607 -35.7115 1.5742 13.7583 -34.2765 0.9048
3 16 13.7583 -34.2765 0.9048 12.7607 -35.7115 1.5742 13.3396 -35.3061 0.6015
3 16 10.3083 -37.4286 0.6015 11.1305 -37.0792 0.3175 10.8872 -37.0233 1.5742
3 16 10.8872 -37.0233 1.5742 11.1305 -37.0792 0.3175 11.436 -36.8653 0.8308
3 16 10.8872 -37.0233 1.5742 11.436 -36.8653 0.8308 11.824 -36.3674 1.9458
3 16 11.824 -36.3674 1.9458 11.436 -36.8653 0.8308 11.9303 -36.5192 1.0268
3 16 11.824 -36.3674 1.9458 11.9303 -36.5192 1.0268 12.7607 -35.7115 1.5742
3 16 12.7607 -35.7115 1.5742 11.9303 -36.5192 1.0268 12.4245 -36.1731 0.8308
3 16 12.4245 -36.1731 0.8308 12.739 -35.9487 0.3278 12.7607 -35.7115 1.5742
3 16 12.7607 -35.7115 1.5742 12.739 -35.9487 0.3278 13.3396 -35.3061 0.6015
3 16 12.739 -35.9487 0.3278 12.4245 -36.1731 0.8308 11.9303 -36.5192 0.3252
3 16 11.9303 -36.5192 0.3252 12.4245 -36.1731 0.8308 11.9303 -36.5192 1.0268
3 16 11.1305 -37.0792 0.3175 11.9303 -36.5192 0.3252 11.436 -36.8653 0.8308
3 16 11.436 -36.8653 0.8308 11.9303 -36.5192 0.3252 11.9303 -36.5192 1.0268
3 16 10.144 -30.2568 2.9302 11.2217 -29.5022 1.1194 9.6521 -29.5542 2.9302
3 16 9.6521 -29.5542 2.9302 11.2217 -29.5022 1.1194 10.7298 -28.7996 1.1194
3 16 8.4002 -31.4778 3.6219 10.144 -30.2568 2.9302 7.9083 -30.7752 3.6219
3 16 7.9083 -30.7752 3.6219 10.144 -30.2568 2.9302 9.6521 -29.5542 2.9302
3 16 6.6565 -32.6988 2.9302 8.4002 -31.4778 3.6219 6.1645 -31.9962 2.9302
3 16 6.1645 -31.9962 2.9302 8.4002 -31.4778 3.6219 7.9083 -30.7752 3.6219
3 16 6.0002 -33.1583 2.2425 6.6565 -32.6988 2.9302 5.653 -32.7525 2.2283
3 16 5.653 -32.7525 2.2283 6.6565 -32.6988 2.9302 6.1645 -31.9962 2.9302
3 16 0.5148 -26.2213 1.1194 1.5925 -25.4667 2.9302 -0.0018 -25.6971 1.2378
3 16 -0.0018 -25.6971 1.2378 1.5925 -25.4667 2.9302 -0.0018 -23.9459 2.6665
3 16 1.5925 -25.4667 2.9302 3.3363 -24.2457 3.6219 -0.0018 -23.9459 2.6665
3 16 -0.0018 -23.9459 2.6665 3.3363 -24.2457 3.6219 -0.0018 -21.1195 3.5135
3 16 -0.0018 -21.1195 3.5135 3.3363 -24.2457 3.6219 2.3868 -19.685 3.1923
3 16 2.3868 -19.685 3.1923 3.3363 -24.2457 3.6219 5.08 -23.0247 2.9302
3 16 2.3868 -19.685 3.1923 5.08 -23.0247 2.9302 3.798 -18.8651 1.2825
3 16 3.798 -18.8651 1.2825 5.08 -23.0247 2.9302 6.1577 -22.2701 1.1194
3 16 -8.2172 -36.9756 1.0746 -7.2604 -35.8997 1.1287 -9.2517 -36.2512 2.8128
3 16 -9.2517 -36.2512 2.8128 -7.2604 -35.8997 1.1287 -8.3471 -35.1388 2.9546
3 16 -9.2517 -36.2512 2.8128 -8.3471 -35.1388 2.9546 -10.9256 -35.0791 3.4767
3 16 -10.9256 -35.0791 3.4767 -8.3471 -35.1388 2.9546 -10.1053 -33.9077 3.652
3 16 -10.9256 -35.0791 3.4767 -10.1053 -33.9077 3.652 -12.5994 -33.9071 2.8128
3 16 -12.5994 -33.9071 2.8128 -10.1053 -33.9077 3.652 -11.8636 -32.6766 2.9546
3 16 -12.5994 -33.9071 2.8128 -11.8636 -32.6766 2.9546 -13.6339 -33.1827 1.0746
3 16 -13.6339 -33.1827 1.0746 -11.8636 -32.6766 2.9546 -12.9502 -31.9157 1.1287
3 16 -9.2012 -37.47 0.9048 -8.2172 -36.9756 1.0746 -10.0723 -36.8601 2.3683
3 16 -10.0723 -36.8601 2.3683 -8.2172 -36.9756 1.0746 -9.2517 -36.2512 2.8128
3 16 -10.0723 -36.8601 2.3683 -9.2517 -36.2512 2.8128 -11.4816 -35.8733 2.9273
3 16 -11.4816 -35.8733 2.9273 -9.2517 -36.2512 2.8128 -10.9256 -35.0791 3.4767
3 16 -11.4816 -35.8733 2.9273 -10.9256 -35.0791 3.4767 -12.8909 -34.8864 2.3683
3 16 -12.8909 -34.8864 2.3683 -10.9256 -35.0791 3.4767 -12.5994 -33.9071 2.8128
3 16 -12.8909 -34.8864 2.3683 -12.5994 -33.9071 2.8128 -13.7619 -34.2765 0.9048
3 16 -13.7619 -34.2765 0.9048 -12.5994 -33.9071 2.8128 -13.6339 -33.1827 1.0746
3 16 -10.3119 -37.4286 0.6015 -9.2012 -37.47 0.9048 -10.8908 -37.0233 1.5742
3 16 -10.8908 -37.0233 1.5742 -9.2012 -37.47 0.9048 -10.0723 -36.8601 2.3683
3 16 -10.8908 -37.0233 1.5742 -10.0723 -36.8601 2.3683 -11.8276 -36.3674 1.9458
3 16 -11.8276 -36.3674 1.9458 -10.0723 -36.8601 2.3683 -11.4816 -35.8733 2.9273
3 16 -11.8276 -36.3674 1.9458 -11.4816 -35.8733 2.9273 -12.7643 -35.7115 1.5742
3 16 -12.7643 -35.7115 1.5742 -11.4816 -35.8733 2.9273 -12.8909 -34.8864 2.3683
3 16 -12.7643 -35.7115 1.5742 -12.8909 -34.8864 2.3683 -13.3432 -35.3061 0.6015
3 16 -13.3432 -35.3061 0.6015 -12.8909 -34.8864 2.3683 -13.7619 -34.2765 0.9048
3 16 -11.1342 -37.0792 0.3175 -10.3119 -37.4286 0.6015 -11.4396 -36.8653 0.8308
3 16 -11.4396 -36.8653 0.8308 -10.3119 -37.4286 0.6015 -10.8908 -37.0233 1.5742
3 16 -11.4396 -36.8653 0.8308 -10.8908 -37.0233 1.5742 -11.9339 -36.5192 1.0268
3 16 -11.9339 -36.5192 1.0268 -10.8908 -37.0233 1.5742 -11.8276 -36.3674 1.9458
3 16 -11.9339 -36.5192 1.0268 -11.8276 -36.3674 1.9458 -12.4281 -36.1731 0.8308
3 16 -12.4281 -36.1731 0.8308 -11.8276 -36.3674 1.9458 -12.7643 -35.7115 1.5742
3 16 -12.4281 -36.1731 0.8308 -12.7643 -35.7115 1.5742 -12.7427 -35.9487 0.3278
3 16 -12.7427 -35.9487 0.3278 -12.7643 -35.7115 1.5742 -13.3432 -35.3061 0.6015
3 16 -11.9339 -36.5192 1.0268 -12.4281 -36.1731 0.8308 -11.9339 -36.5192 0.3252
3 16 -11.9339 -36.5192 0.3252 -12.4281 -36.1731 0.8308 -12.7427 -35.9487 0.3278
3 16 -11.9339 -36.5192 1.0268 -11.9339 -36.5192 0.3252 -11.4396 -36.8653 0.8308
3 16 -11.4396 -36.8653 0.8308 -11.9339 -36.5192 0.3252 -11.1342 -37.0792 0.3175
3 16 -10.7334 -28.7996 1.1194 -11.2253 -29.5022 1.1194 -9.6557 -29.5542 2.9302
3 16 -9.6557 -29.5542 2.9302 -11.2253 -29.5022 1.1194 -10.1476 -30.2568 2.9302
3 16 -9.6557 -29.5542 2.9302 -10.1476 -30.2568 2.9302 -7.9119 -30.7752 3.6219
3 16 -7.9119 -30.7752 3.6219 -10.1476 -30.2568 2.9302 -8.4039 -31.4778 3.6219
3 16 -7.9119 -30.7752 3.6219 -8.4039 -31.4778 3.6219 -6.1682 -31.9962 2.9302
3 16 -6.1682 -31.9962 2.9302 -8.4039 -31.4778 3.6219 -6.6601 -32.6988 2.9302
3 16 -6.1682 -31.9962 2.9302 -6.6601 -32.6988 2.9302 -5.6566 -32.7525 2.2283
3 16 -5.6566 -32.7525 2.2283 -6.6601 -32.6988 2.9302 -6.0038 -33.1583 2.2425
3 16 -10.7334 -28.7996 1.1194 -9.6557 -29.5542 2.9302 -6.1614 -22.2701 1.1194
3 16 -6.1614 -22.2701 1.1194 -9.6557 -29.5542 2.9302 -5.0837 -23.0247 2.9302
3 16 -9.6557 -29.5542 2.9302 -7.9119 -30.7752 3.6219 -5.0837 -23.0247 2.9302
3 16 -5.0837 -23.0247 2.9302 -7.9119 -30.7752 3.6219 -3.3399 -24.2457 3.6219
3 16 -7.9119 -30.7752 3.6219 -6.1682 -31.9962 2.9302 -3.3399 -24.2457 3.6219
3 16 -3.3399 -24.2457 3.6219 -6.1682 -31.9962 2.9302 -1.5961 -25.4667 2.9302
3 16 -6.1682 -31.9962 2.9302 -5.6566 -32.7525 2.2283 -1.5961 -25.4667 2.9302
3 16 -1.5961 -25.4667 2.9302 -5.6566 -32.7525 2.2283 -0.5184 -26.2213 1.1194
3 16 -5.6566 -32.7525 2.2283 -4.9175 -32.412 1.4134 -0.5184 -26.2213 1.1194
3 16 -0.0018 -25.6971 -1.2375 -0.0018 -25.6971 1.2378 -0.5184 -26.2213 -1.1192
3 16 -0.5184 -26.2213 -1.1192 -0.0018 -25.6971 1.2378 -0.5184 -26.2213 1.1194
3 16 -0.5184 -26.2213 1.1194 -0.0018 -25.6971 1.2378 -1.5961 -25.4667 2.9302
3 16 -1.5961 -25.4667 2.9302 -0.0018 -25.6971 1.2378 -0.0018 -23.9459 2.6665
3 16 -1.5961 -25.4667 2.9302 -0.0018 -23.9459 2.6665 -3.3399 -24.2457 3.6219
3 16 -3.3399 -24.2457 3.6219 -0.0018 -23.9459 2.6665 -0.0018 -21.1195 3.5135
3 16 -0.0018 -21.1195 3.5135 -2.3622 -19.6616 3.2005 -3.3399 -24.2457 3.6219
3 16 -3.3399 -24.2457 3.6219 -2.3622 -19.6616 3.2005 -5.0837 -23.0247 2.9302
3 16 -6.1614 -22.2701 1.1194 -5.0837 -23.0247 2.9302 -3.8016 -18.8651 1.2825
3 16 -3.8016 -18.8651 1.2825 -5.0837 -23.0247 2.9302 -2.3622 -19.6616 3.2005
3 16 -0.0018 -21.1195 -3.5132 -2.3909 -19.7043 -3.1915 -0.0018 0 -4
3 16 -0.0018 0 -4 -2.3909 -19.7043 -3.1915 -2.3548 0 -3.2361
3 16 -2.3909 -19.7043 -3.1915 -3.8016 -18.8651 -1.2822 -2.3548 0 -3.2361
3 16 -2.3548 0 -3.2361 -3.8016 -18.8651 -1.2822 -3.8079 0 -1.2361
3 16 -3.8016 -18.8651 -1.2822 -3.8016 -18.8651 1.2825 -3.8079 0 -1.2361
3 16 -3.8079 0 -1.2361 -3.8016 -18.8651 1.2825 -3.8079 0 1.2364
3 16 -0.0018 -21.1195 -3.5132 -0.0018 0 -4 2.3595 -19.676 -3.2055
3 16 2.3595 -19.676 -3.2055 -0.0018 0 -4 2.3512 0 -3.2361
3 16 -2.3622 -19.6616 3.2005 -2.3548 0 3.2364 -3.8016 -18.8651 1.2825
3 16 -3.8016 -18.8651 1.2825 -2.3548 0 3.2364 -3.8079 0 1.2364
3 16 -0.0018 -21.1195 3.5135 -0.0018 0 4.0003 -2.3622 -19.6616 3.2005
3 16 -2.3622 -19.6616 3.2005 -0.0018 0 4.0003 -2.3548 0 3.2364
3 16 -0.0018 -21.1195 3.5135 2.3868 -19.685 3.1923 -0.0018 0 4.0003
3 16 -0.0018 0 4.0003 2.3868 -19.685 3.1923 2.3512 0 3.2364
3 16 2.3868 -19.685 3.1923 3.798 -18.8651 1.2825 2.3512 0 3.2364
3 16 2.3512 0 3.2364 3.798 -18.8651 1.2825 3.8042 0 1.2364
3 16 2.3595 -19.676 -3.2055 2.3512 0 -3.2361 3.7714 -18.8941 -1.2948
3 16 3.7714 -18.8941 -1.2948 2.3512 0 -3.2361 3.8042 0 -1.2361
3 16 -0.0018 0 -4 -0.0014 0 0.0001 2.3512 0 -3.2361
3 16 2.3512 0 -3.2361 -0.0014 0 0.0001 3.8042 0 -1.2361
3 16 3.8042 0 -1.2361 -0.0014 0 0.0001 3.8042 0 1.2364
3 16 -0.0014 0 0.0001 -0.0018 0 -4 -2.3548 0 -3.2361
3 16 -0.0014 0 0.0001 -2.3548 0 -3.2361 -3.8079 0 -1.2361
3 16 -0.0014 0 0.0001 -3.8079 0 -1.2361 -3.8079 0 1.2364
3 16 -0.0014 0 0.0001 -0.0018 0 4.0003 2.3512 0 3.2364
3 16 -0.0014 0 0.0001 2.3512 0 3.2364 3.8042 0 1.2364
3 16 -0.0018 0 4.0003 -0.0014 0 0.0001 -2.3548 0 3.2364
3 16 -2.3548 0 3.2364 -0.0014 0 0.0001 -3.8079 0 1.2364
3 16 -2.3909 -19.7043 -3.1915 -5.0837 -23.0247 -2.93 -3.8016 -18.8651 -1.2822
3 16 -3.8016 -18.8651 -1.2822 -5.0837 -23.0247 -2.93 -6.1614 -22.2701 -1.1192
3 28 6.6565 -32.6988 -2.93 6.2429 -32.9883 -3.6248 6.0002 -33.1583 -2.2422
3 28 6.0002 -33.1583 -2.2422 6.2429 -32.9883 -3.6248 5.431 -33.5569 -2.3747
3 28 6.2429 -32.9883 -3.6248 6.6565 -32.6988 -2.93 8.4002 -31.4778 -4.4805
3 28 8.4002 -31.4778 -4.4805 6.6565 -32.6988 -2.93 8.4002 -31.4778 -3.6216
3 28 8.4002 -31.4778 -4.4805 8.4002 -31.4778 -3.6216 10.5575 -29.9672 -3.6248
3 28 10.5575 -29.9672 -3.6248 8.4002 -31.4778 -3.6216 10.144 -30.2568 -2.93
3 28 10.5575 -29.9672 -3.6248 10.144 -30.2568 -2.93 11.8908 -29.0336 -1.3846
3 28 11.8908 -29.0336 -1.3846 10.144 -30.2568 -2.93 11.2217 -29.5022 -1.1192
3 28 11.8908 -29.0336 -1.3846 11.2217 -29.5022 -1.1192 11.8908 -29.0336 1.3848
3 28 11.8908 -29.0336 1.3848 11.2217 -29.5022 -1.1192 11.2217 -29.5022 1.1194
3 28 7.093 -34.2024 -3.6248 7.9332 -35.4022 -3.6248 6.1907 -35.1777 -2.2016
3 28 6.1803 -35.7083 -1.4193 6.1907 -35.1777 -2.2016 6.7477 -36.2146 -1.3846
3 28 6.1907 -35.1777 -2.2016 7.9332 -35.4022 -3.6248 6.7477 -36.2146 -1.3846
3 28 7.9332 -35.4022 -3.6248 7.093 -34.2024 -3.6248 10.0905 -33.8917 -4.4805
3 28 10.0905 -33.8917 -4.4805 7.093 -34.2024 -3.6248 9.1866 -32.6009 -4.4805
3 28 10.0905 -33.8917 -4.4805 9.1866 -32.6009 -4.4805 12.2478 -32.3811 -3.6248
3 28 12.2478 -32.3811 -3.6248 9.1866 -32.6009 -4.4805 11.3115 -31.044 -3.6248
3 28 11.3115 -31.044 -3.6248 12.661 -30.1336 -1.3846 12.2478 -32.3811 -3.6248
3 28 12.2478 -32.3811 -3.6248 12.661 -30.1336 -1.3846 13.5811 -31.4475 -1.3846
3 28 13.5811 -31.4475 -1.3846 12.661 -30.1336 -1.3846 13.5811 -31.4475 1.3848
3 28 13.5811 -31.4475 1.3848 12.661 -30.1336 -1.3846 12.661 -30.1336 1.3848
3 28 6.7477 -36.2146 -1.3846 7.2568 -35.8997 -1.1285 6.7477 -36.2146 1.3848
3 28 6.7477 -36.2146 1.3848 7.2568 -35.8997 -1.1285 7.2568 -35.8997 1.1287
3 28 7.2568 -35.8997 -1.1285 6.7477 -36.2146 -1.3846 8.3434 -35.1388 -2.9543
3 28 8.3434 -35.1388 -2.9543 6.7477 -36.2146 -1.3846 7.9332 -35.4022 -3.6248
3 28 8.3434 -35.1388 -2.9543 7.9332 -35.4022 -3.6248 10.1017 -33.9077 -3.6517
3 28 10.1017 -33.9077 -3.6517 7.9332 -35.4022 -3.6248 10.0905 -33.8917 -4.4805
3 28 10.1017 -33.9077 -3.6517 10.0905 -33.8917 -4.4805 11.8599 -32.6766 -2.9543
3 28 11.8599 -32.6766 -2.9543 10.0905 -33.8917 -4.4805 12.2478 -32.3811 -3.6248
3 28 11.8599 -32.6766 -2.9543 12.2478 -32.3811 -3.6248 12.9466 -31.9157 -1.1285
3 28 12.9466 -31.9157 -1.1285 12.2478 -32.3811 -3.6248 13.5811 -31.4475 -1.3846
3 28 12.9466 -31.9157 -1.1285 13.5811 -31.4475 -1.3846 12.9466 -31.9157 1.1287
3 28 12.9466 -31.9157 1.1287 13.5811 -31.4475 -1.3846 13.5811 -31.4475 1.3848
3 28 6.1803 -35.7083 -1.4193 6.7477 -36.2146 -1.3846 6.1803 -35.7083 1.4196
3 28 6.1803 -35.7083 1.4196 6.7477 -36.2146 -1.3846 6.7477 -36.2146 1.3848
3 28 3.6404 -35.2723 -1.2103 6.1803 -35.7083 -1.4193 3.6404 -35.2723 1.2106
3 28 3.6404 -35.2723 1.2106 6.1803 -35.7083 -1.4193 6.1803 -35.7083 1.4196
3 28 6.1803 -35.7083 -1.4193 3.6404 -35.2723 -1.2103 6.1907 -35.1777 -2.2016
3 28 6.1907 -35.1777 -2.2016 3.6404 -35.2723 -1.2103 3.6443 -34.7952 -1.9691
3 28 6.0002 -33.1583 -2.2422 5.431 -33.5569 -2.3747 3.5962 -32.8878 -2.3438
3 28 3.5962 -32.8878 -2.3438 5.431 -33.5569 -2.3747 3.5939 -33.9312 -2.3438
3 28 6.1907 -35.1777 -2.2016 3.6443 -34.7952 -1.9691 5.431 -33.5569 -2.3747
3 28 5.431 -33.5569 -2.3747 3.6443 -34.7952 -1.9691 3.5939 -33.9312 -2.3438
3 28 6.0002 -33.1583 -2.2422 3.5962 -32.8878 -2.3438 5.653 -32.7525 -2.2281
3 28 5.653 -32.7525 -2.2281 3.5962 -32.8878 -2.3438 3.5974 -32.3427 -2.2667
3 28 4.9139 -32.412 -1.4131 3.5864 -32.2703 -0.9535 4.9139 -32.412 1.4134
3 28 4.9139 -32.412 1.4134 3.5864 -32.2703 -0.9535 3.5864 -32.2703 0.9538
3 28 5.653 -32.7525 -2.2281 3.5974 -32.3427 -2.2667 4.9139 -32.412 -1.4131
3 28 4.9139 -32.412 -1.4131 3.5974 -32.3427 -2.2667 3.5864 -32.2703 -0.9535
3 28 1.5902 -35.0319 -1.2103 3.6404 -35.2723 -1.2103 1.5902 -35.0319 1.2106
3 28 1.5902 -35.0319 1.2106 3.6404 -35.2723 -1.2103 3.6404 -35.2723 1.2106
3 28 3.6404 -35.2723 -1.2103 1.5902 -35.0319 -1.2103 3.6443 -34.7952 -1.9691
3 28 3.6443 -34.7952 -1.9691 1.5902 -35.0319 -1.2103 1.5941 -34.5547 -1.9691
3 28 3.5939 -33.9312 -2.3438 1.5437 -33.6908 -2.3438 3.5962 -32.8878 -2.3438
3 28 3.5962 -32.8878 -2.3438 1.5437 -33.6908 -2.3438 1.546 -32.6474 -2.3438
3 28 3.6443 -34.7952 -1.9691 1.5941 -34.5547 -1.9691 3.5939 -33.9312 -2.3438
3 28 3.5939 -33.9312 -2.3438 1.5941 -34.5547 -1.9691 1.5437 -33.6908 -2.3438
3 28 3.5962 -32.8878 -2.3438 1.546 -32.6474 -2.3438 3.5974 -32.3427 -2.2667
3 28 3.5974 -32.3427 -2.2667 1.546 -32.6474 -2.3438 1.5471 -32.1023 -2.2667
3 28 3.5864 -32.2703 -0.9535 1.5361 -32.0299 -0.9535 3.5864 -32.2703 0.9538
3 28 3.5864 -32.2703 0.9538 1.5361 -32.0299 -0.9535 1.5361 -32.0299 0.9538
3 28 3.5974 -32.3427 -2.2667 1.5471 -32.1023 -2.2667 3.5864 -32.2703 -0.9535
3 28 3.5864 -32.2703 -0.9535 1.5471 -32.1023 -2.2667 1.5361 -32.0299 -0.9535
3 28 -0.0018 -34.9802 -1.2089 1.5902 -35.0319 -1.2103 -0.0018 -34.9802 1.2091
3 28 -0.0018 -34.9802 1.2091 1.5902 -35.0319 -1.2103 1.5902 -35.0319 1.2106
3 28 1.5902 -35.0319 -1.2103 -0.0018 -34.9802 -1.2089 1.5941 -34.5547 -1.9691
3 28 1.5941 -34.5547 -1.9691 -0.0018 -34.9802 -1.2089 -0.0018 -34.5042 -1.9518
3 28 1.5437 -33.6908 -2.3438 -0.0018 -33.6597 -2.3249 1.546 -32.6474 -2.3438
3 28 1.546 -32.6474 -2.3438 -0.0018 -33.6597 -2.3249 -0.0018 -32.6323 -2.3249
3 28 1.5941 -34.5547 -1.9691 -0.0018 -34.5042 -1.9518 1.5437 -33.6908 -2.3438
3 28 1.5437 -33.6908 -2.3438 -0.0018 -34.5042 -1.9518 -0.0018 -33.6597 -2.3249
3 28 1.546 -32.6474 -2.3438 -0.0018 -32.6323 -2.3249 1.5471 -32.1023 -2.2667
3 28 1.5471 -32.1023 -2.2667 -0.0018 -32.6323 -2.3249 -0.0018 -32.0956 -2.249
3 28 1.5361 -32.0299 -0.9535 -0.0018 -32.0243 -0.956 1.5361 -32.0299 0.9538
3 28 1.5361 -32.0299 0.9538 -0.0018 -32.0243 -0.956 -0.0018 -32.0243 0.9563
3 28 1.5471 -32.1023 -2.2667 -0.0018 -32.0956 -2.249 1.5361 -32.0299 -0.9535
3 28 1.5361 -32.0299 -0.9535 -0.0018 -32.0956 -2.249 -0.0018 -32.0243 -0.956
3 28 6.2429 -32.9883 -3.6248 7.093 -34.2024 -3.6248 5.431 -33.5569 -2.3747
3 28 5.431 -33.5569 -2.3747 7.093 -34.2024 -3.6248 6.1907 -35.1777 -2.2016
3 28 7.093 -34.2024 -3.6248 6.2429 -32.9883 -3.6248 9.1866 -32.6009 -4.4805
3 28 9.1866 -32.6009 -4.4805 6.2429 -32.9883 -3.6248 8.4002 -31.4778 -4.4805
3 28 9.1866 -32.6009 -4.4805 8.4002 -31.4778 -4.4805 11.3115 -31.044 -3.6248
3 28 11.3115 -31.044 -3.6248 8.4002 -31.4778 -4.4805 10.5575 -29.9672 -3.6248
3 28 10.5575 -29.9672 -3.6248 11.8908 -29.0336 -1.3846 11.3115 -31.044 -3.6248
3 28 11.3115 -31.044 -3.6248 11.8908 -29.0336 -1.3846 12.661 -30.1336 -1.3846
3 28 12.661 -30.1336 -1.3846 11.8908 -29.0336 -1.3846 12.661 -30.1336 1.3848
3 28 12.661 -30.1336 1.3848 11.8908 -29.0336 -1.3846 11.8908 -29.0336 1.3848
3 28 -5.4346 -33.5569 -2.3747 -6.2466 -32.9883 -3.6248 -6.0038 -33.1583 -2.2422
3 28 -6.0038 -33.1583 -2.2422 -6.2466 -32.9883 -3.6248 -6.6601 -32.6988 -2.93
3 28 -6.6601 -32.6988 -2.93 -6.2466 -32.9883 -3.6248 -8.4039 -31.4778 -3.6216
3 28 -8.4039 -31.4778 -3.6216 -6.2466 -32.9883 -3.6248 -8.4039 -31.4778 -4.4805
3 28 -8.4039 -31.4778 -3.6216 -8.4039 -31.4778 -4.4805 -10.1476 -30.2568 -2.93
3 28 -10.1476 -30.2568 -2.93 -8.4039 -31.4778 -4.4805 -10.5612 -29.9672 -3.6248
3 28 -10.1476 -30.2568 -2.93 -10.5612 -29.9672 -3.6248 -11.2253 -29.5022 -1.1192
3 28 -11.2253 -29.5022 -1.1192 -10.5612 -29.9672 -3.6248 -11.8945 -29.0336 -1.3846
3 28 -11.2253 -29.5022 -1.1192 -11.8945 -29.0336 -1.3846 -11.2253 -29.5022 1.1194
3 28 -11.2253 -29.5022 1.1194 -11.8945 -29.0336 -1.3846 -11.8945 -29.0336 1.3848
3 28 -7.0966 -34.2024 -3.6248 -6.1944 -35.1777 -2.2016 -7.9368 -35.4022 -3.6248
3 28 -6.1839 -35.7083 -1.4193 -6.7513 -36.2146 -1.3846 -6.1944 -35.1777 -2.2016
3 28 -7.9368 -35.4022 -3.6248 -6.1944 -35.1777 -2.2016 -6.7513 -36.2146 -1.3846
3 28 -7.9368 -35.4022 -3.6248 -10.0941 -33.8917 -4.4805 -7.0966 -34.2024 -3.6248
3 28 -7.0966 -34.2024 -3.6248 -10.0941 -33.8917 -4.4805 -9.1903 -32.6009 -4.4805
3 28 -10.0941 -33.8917 -4.4805 -12.2514 -32.3811 -3.6248 -9.1903 -32.6009 -4.4805
3 28 -9.1903 -32.6009 -4.4805 -12.2514 -32.3811 -3.6248 -11.3152 -31.044 -3.6248
3 28 -11.3152 -31.044 -3.6248 -12.2514 -32.3811 -3.6248 -12.6646 -30.1336 -1.3846
3 28 -12.6646 -30.1336 -1.3846 -12.2514 -32.3811 -3.6248 -13.5847 -31.4475 -1.3846
3 28 -12.6646 -30.1336 -1.3846 -13.5847 -31.4475 -1.3846 -12.6646 -30.1336 1.3848
3 28 -12.6646 -30.1336 1.3848 -13.5847 -31.4475 -1.3846 -13.5847 -31.4475 1.3848
3 28 -7.2604 -35.8997 -1.1285 -6.7513 -36.2146 -1.3846 -7.2604 -35.8997 1.1287
3 28 -7.2604 -35.8997 1.1287 -6.7513 -36.2146 -1.3846 -6.7513 -36.2146 1.3848
3 28 -7.9368 -35.4022 -3.6248 -6.7513 -36.2146 -1.3846 -8.3471 -35.1388 -2.9543
3 28 -8.3471 -35.1388 -2.9543 -6.7513 -36.2146 -1.3846 -7.2604 -35.8997 -1.1285
3 28 -7.9368 -35.4022 -3.6248 -8.3471 -35.1388 -2.9543 -10.0941 -33.8917 -4.4805
3 28 -10.0941 -33.8917 -4.4805 -8.3471 -35.1388 -2.9543 -10.1053 -33.9077 -3.6517
3 28 -10.0941 -33.8917 -4.4805 -10.1053 -33.9077 -3.6517 -12.2514 -32.3811 -3.6248
3 28 -12.2514 -32.3811 -3.6248 -10.1053 -33.9077 -3.6517 -11.8636 -32.6766 -2.9543
3 28 -12.2514 -32.3811 -3.6248 -11.8636 -32.6766 -2.9543 -13.5847 -31.4475 -1.3846
3 28 -13.5847 -31.4475 -1.3846 -11.8636 -32.6766 -2.9543 -12.9502 -31.9157 -1.1285
3 28 -13.5847 -31.4475 -1.3846 -12.9502 -31.9157 -1.1285 -13.5847 -31.4475 1.3848
3 28 -13.5847 -31.4475 1.3848 -12.9502 -31.9157 -1.1285 -12.9502 -31.9157 1.1287
3 28 -6.7513 -36.2146 -1.3846 -6.1839 -35.7083 -1.4193 -6.7513 -36.2146 1.3848
3 28 -6.7513 -36.2146 1.3848 -6.1839 -35.7083 -1.4193 -6.1839 -35.7083 1.4196
3 28 -6.1839 -35.7083 -1.4193 -3.6441 -35.2723 -1.2103 -6.1839 -35.7083 1.4196
3 28 -6.1839 -35.7083 1.4196 -3.6441 -35.2723 -1.2103 -3.6441 -35.2723 1.2106
3 28 -3.6479 -34.7952 -1.9691 -3.6441 -35.2723 -1.2103 -6.1944 -35.1777 -2.2016
3 28 -6.1944 -35.1777 -2.2016 -3.6441 -35.2723 -1.2103 -6.1839 -35.7083 -1.4193
3 28 -6.0038 -33.1583 -2.2422 -3.5998 -32.8878 -2.3438 -5.4346 -33.5569 -2.3747
3 28 -5.4346 -33.5569 -2.3747 -3.5998 -32.8878 -2.3438 -3.5975 -33.9312 -2.3438
3 28 -3.5975 -33.9312 -2.3438 -3.6479 -34.7952 -1.9691 -5.4346 -33.5569 -2.3747
3 28 -5.4346 -33.5569 -2.3747 -3.6479 -34.7952 -1.9691 -6.1944 -35.1777 -2.2016
3 28 -3.601 -32.3427 -2.2667 -3.5998 -32.8878 -2.3438 -5.6566 -32.7525 -2.2281
3 28 -5.6566 -32.7525 -2.2281 -3.5998 -32.8878 -2.3438 -6.0038 -33.1583 -2.2422
3 28 -3.59 -32.2703 -0.9535 -4.9175 -32.412 -1.4131 -3.59 -32.2703 0.9538
3 28 -3.59 -32.2703 0.9538 -4.9175 -32.412 -1.4131 -4.9175 -32.412 1.4134
3 28 -3.59 -32.2703 -0.9535 -3.601 -32.3427 -2.2667 -4.9175 -32.412 -1.4131
3 28 -4.9175 -32.412 -1.4131 -3.601 -32.3427 -2.2667 -5.6566 -32.7525 -2.2281
3 28 -3.6441 -35.2723 -1.2103 -1.5938 -35.0319 -1.2103 -3.6441 -35.2723 1.2106
3 28 -3.6441 -35.2723 1.2106 -1.5938 -35.0319 -1.2103 -1.5938 -35.0319 1.2106
3 28 -1.5977 -34.5547 -1.9691 -1.5938 -35.0319 -1.2103 -3.6479 -34.7952 -1.9691
3 28 -3.6479 -34.7952 -1.9691 -1.5938 -35.0319 -1.2103 -3.6441 -35.2723 -1.2103
3 28 -1.5496 -32.6474 -2.3438 -1.5473 -33.6908 -2.3438 -3.5998 -32.8878 -2.3438
3 28 -3.5998 -32.8878 -2.3438 -1.5473 -33.6908 -2.3438 -3.5975 -33.9312 -2.3438
3 28 -1.5473 -33.6908 -2.3438 -1.5977 -34.5547 -1.9691 -3.5975 -33.9312 -2.3438
3 28 -3.5975 -33.9312 -2.3438 -1.5977 -34.5547 -1.9691 -3.6479 -34.7952 -1.9691
3 28 -1.5507 -32.1023 -2.2667 -1.5496 -32.6474 -2.3438 -3.601 -32.3427 -2.2667
3 28 -3.601 -32.3427 -2.2667 -1.5496 -32.6474 -2.3438 -3.5998 -32.8878 -2.3438
3 28 -1.5397 -32.0299 -0.9535 -3.59 -32.2703 -0.9535 -1.5397 -32.0299 0.9538
3 28 -1.5397 -32.0299 0.9538 -3.59 -32.2703 -0.9535 -3.59 -32.2703 0.9538
3 28 -1.5397 -32.0299 -0.9535 -1.5507 -32.1023 -2.2667 -3.59 -32.2703 -0.9535
3 28 -3.59 -32.2703 -0.9535 -1.5507 -32.1023 -2.2667 -3.601 -32.3427 -2.2667
3 28 -1.5938 -35.0319 -1.2103 -0.0018 -34.9802 -1.2089 -1.5938 -35.0319 1.2106
3 28 -1.5938 -35.0319 1.2106 -0.0018 -34.9802 -1.2089 -0.0018 -34.9802 1.2091
3 28 -0.0018 -34.5042 -1.9518 -0.0018 -34.9802 -1.2089 -1.5977 -34.5547 -1.9691
3 28 -1.5977 -34.5547 -1.9691 -0.0018 -34.9802 -1.2089 -1.5938 -35.0319 -1.2103
3 28 -0.0018 -32.6323 -2.3249 -0.0018 -33.6597 -2.3249 -1.5496 -32.6474 -2.3438
3 28 -1.5496 -32.6474 -2.3438 -0.0018 -33.6597 -2.3249 -1.5473 -33.6908 -2.3438
3 28 -0.0018 -33.6597 -2.3249 -0.0018 -34.5042 -1.9518 -1.5473 -33.6908 -2.3438
3 28 -1.5473 -33.6908 -2.3438 -0.0018 -34.5042 -1.9518 -1.5977 -34.5547 -1.9691
3 28 -0.0018 -32.0956 -2.249 -0.0018 -32.6323 -2.3249 -1.5507 -32.1023 -2.2667
3 28 -1.5507 -32.1023 -2.2667 -0.0018 -32.6323 -2.3249 -1.5496 -32.6474 -2.3438
3 28 -0.0018 -32.0243 -0.956 -1.5397 -32.0299 -0.9535 -0.0018 -32.0243 0.9563
3 28 -0.0018 -32.0243 0.9563 -1.5397 -32.0299 -0.9535 -1.5397 -32.0299 0.9538
3 28 -0.0018 -32.0243 -0.956 -0.0018 -32.0956 -2.249 -1.5397 -32.0299 -0.9535
3 28 -1.5397 -32.0299 -0.9535 -0.0018 -32.0956 -2.249 -1.5507 -32.1023 -2.2667
3 28 -6.1944 -35.1777 -2.2016 -7.0966 -34.2024 -3.6248 -5.4346 -33.5569 -2.3747
3 28 -5.4346 -33.5569 -2.3747 -7.0966 -34.2024 -3.6248 -6.2466 -32.9883 -3.6248
3 28 -7.0966 -34.2024 -3.6248 -9.1903 -32.6009 -4.4805 -6.2466 -32.9883 -3.6248
3 28 -6.2466 -32.9883 -3.6248 -9.1903 -32.6009 -4.4805 -8.4039 -31.4778 -4.4805
3 28 -9.1903 -32.6009 -4.4805 -11.3152 -31.044 -3.6248 -8.4039 -31.4778 -4.4805
3 28 -8.4039 -31.4778 -4.4805 -11.3152 -31.044 -3.6248 -10.5612 -29.9672 -3.6248
3 28 -10.5612 -29.9672 -3.6248 -11.3152 -31.044 -3.6248 -11.8945 -29.0336 -1.3846
3 28 -11.8945 -29.0336 -1.3846 -11.3152 -31.044 -3.6248 -12.6646 -30.1336 -1.3846
3 28 -11.8945 -29.0336 -1.3846 -12.6646 -30.1336 -1.3846 -11.8945 -29.0336 1.3848
3 28 -11.8945 -29.0336 1.3848 -12.6646 -30.1336 -1.3846 -12.6646 -30.1336 1.3848
3 28 5.431 -33.5569 2.375 6.2429 -32.9883 3.6251 6.0002 -33.1583 2.2425
3 28 6.0002 -33.1583 2.2425 6.2429 -32.9883 3.6251 6.6565 -32.6988 2.9302
3 28 6.6565 -32.6988 2.9302 6.2429 -32.9883 3.6251 8.4002 -31.4778 3.6219
3 28 8.4002 -31.4778 3.6219 6.2429 -32.9883 3.6251 8.4002 -31.4778 4.4808
3 28 8.4002 -31.4778 3.6219 8.4002 -31.4778 4.4808 10.144 -30.2568 2.9302
3 28 10.144 -30.2568 2.9302 8.4002 -31.4778 4.4808 10.5575 -29.9672 3.6251
3 28 10.144 -30.2568 2.9302 10.5575 -29.9672 3.6251 11.2217 -29.5022 1.1194
3 28 11.2217 -29.5022 1.1194 10.5575 -29.9672 3.6251 11.8908 -29.0336 1.3848
3 28 7.093 -34.2024 3.6251 6.1907 -35.1777 2.2019 7.9332 -35.4022 3.6251
3 28 6.1803 -35.7083 1.4196 6.7477 -36.2146 1.3848 6.1907 -35.1777 2.2019
3 28 7.9332 -35.4022 3.6251 6.1907 -35.1777 2.2019 6.7477 -36.2146 1.3848
3 28 7.9332 -35.4022 3.6251 10.0905 -33.8917 4.4808 7.093 -34.2024 3.6251
3 28 7.093 -34.2024 3.6251 10.0905 -33.8917 4.4808 9.1866 -32.6009 4.4808
3 28 10.0905 -33.8917 4.4808 12.2478 -32.3811 3.6251 9.1866 -32.6009 4.4808
3 28 9.1866 -32.6009 4.4808 12.2478 -32.3811 3.6251 11.3115 -31.044 3.6251
3 28 11.3115 -31.044 3.6251 12.2478 -32.3811 3.6251 12.661 -30.1336 1.3848
3 28 12.661 -30.1336 1.3848 12.2478 -32.3811 3.6251 13.5811 -31.4475 1.3848
3 28 7.9332 -35.4022 3.6251 6.7477 -36.2146 1.3848 8.3434 -35.1388 2.9546
3 28 8.3434 -35.1388 2.9546 6.7477 -36.2146 1.3848 7.2568 -35.8997 1.1287
3 28 7.9332 -35.4022 3.6251 8.3434 -35.1388 2.9546 10.0905 -33.8917 4.4808
3 28 10.0905 -33.8917 4.4808 8.3434 -35.1388 2.9546 10.1017 -33.9077 3.652
3 28 10.0905 -33.8917 4.4808 10.1017 -33.9077 3.652 12.2478 -32.3811 3.6251
3 28 12.2478 -32.3811 3.6251 10.1017 -33.9077 3.652 11.8599 -32.6766 2.9546
3 28 12.2478 -32.3811 3.6251 11.8599 -32.6766 2.9546 13.5811 -31.4475 1.3848
3 28 13.5811 -31.4475 1.3848 11.8599 -32.6766 2.9546 12.9466 -31.9157 1.1287
3 28 3.6443 -34.7952 1.9694 3.6404 -35.2723 1.2106 6.1907 -35.1777 2.2019
3 28 6.1907 -35.1777 2.2019 3.6404 -35.2723 1.2106 6.1803 -35.7083 1.4196
3 28 6.0002 -33.1583 2.2425 3.5962 -32.8878 2.3441 5.431 -33.5569 2.375
3 28 5.431 -33.5569 2.375 3.5962 -32.8878 2.3441 3.5939 -33.9312 2.3441
3 28 3.5939 -33.9312 2.3441 3.6443 -34.7952 1.9694 5.431 -33.5569 2.375
3 28 5.431 -33.5569 2.375 3.6443 -34.7952 1.9694 6.1907 -35.1777 2.2019
3 28 3.5974 -32.3427 2.267 3.5962 -32.8878 2.3441 5.653 -32.7525 2.2283
3 28 5.653 -32.7525 2.2283 3.5962 -32.8878 2.3441 6.0002 -33.1583 2.2425
3 28 3.5864 -32.2703 0.9538 3.5974 -32.3427 2.267 4.9139 -32.412 1.4134
3 28 4.9139 -32.412 1.4134 3.5974 -32.3427 2.267 5.653 -32.7525 2.2283
3 28 1.5941 -34.5547 1.9694 1.5902 -35.0319 1.2106 3.6443 -34.7952 1.9694
3 28 3.6443 -34.7952 1.9694 1.5902 -35.0319 1.2106 3.6404 -35.2723 1.2106
3 28 1.546 -32.6474 2.3441 1.5437 -33.6908 2.3441 3.5962 -32.8878 2.3441
3 28 3.5962 -32.8878 2.3441 1.5437 -33.6908 2.3441 3.5939 -33.9312 2.3441
3 28 1.5437 -33.6908 2.3441 1.5941 -34.5547 1.9694 3.5939 -33.9312 2.3441
3 28 3.5939 -33.9312 2.3441 1.5941 -34.5547 1.9694 3.6443 -34.7952 1.9694
3 28 1.5471 -32.1023 2.267 1.546 -32.6474 2.3441 3.5974 -32.3427 2.267
3 28 3.5974 -32.3427 2.267 1.546 -32.6474 2.3441 3.5962 -32.8878 2.3441
3 28 1.5361 -32.0299 0.9538 1.5471 -32.1023 2.267 3.5864 -32.2703 0.9538
3 28 3.5864 -32.2703 0.9538 1.5471 -32.1023 2.267 3.5974 -32.3427 2.267
3 28 -0.0018 -34.5042 1.9521 -0.0018 -34.9802 1.2091 1.5941 -34.5547 1.9694
3 28 1.5941 -34.5547 1.9694 -0.0018 -34.9802 1.2091 1.5902 -35.0319 1.2106
3 28 -0.0018 -32.6323 2.3252 -0.0018 -33.6597 2.3252 1.546 -32.6474 2.3441
3 28 1.546 -32.6474 2.3441 -0.0018 -33.6597 2.3252 1.5437 -33.6908 2.3441
3 28 -0.0018 -33.6597 2.3252 -0.0018 -34.5042 1.9521 1.5437 -33.6908 2.3441
3 28 1.5437 -33.6908 2.3441 -0.0018 -34.5042 1.9521 1.5941 -34.5547 1.9694
3 28 -0.0018 -32.0956 2.2493 -0.0018 -32.6323 2.3252 1.5471 -32.1023 2.267
3 28 1.5471 -32.1023 2.267 -0.0018 -32.6323 2.3252 1.546 -32.6474 2.3441
3 28 -0.0018 -32.0243 0.9563 -0.0018 -32.0956 2.2493 1.5361 -32.0299 0.9538
3 28 1.5361 -32.0299 0.9538 -0.0018 -32.0956 2.2493 1.5471 -32.1023 2.267
3 28 6.1907 -35.1777 2.2019 7.093 -34.2024 3.6251 5.431 -33.5569 2.375
3 28 5.431 -33.5569 2.375 7.093 -34.2024 3.6251 6.2429 -32.9883 3.6251
3 28 7.093 -34.2024 3.6251 9.1866 -32.6009 4.4808 6.2429 -32.9883 3.6251
3 28 6.2429 -32.9883 3.6251 9.1866 -32.6009 4.4808 8.4002 -31.4778 4.4808
3 28 9.1866 -32.6009 4.4808 11.3115 -31.044 3.6251 8.4002 -31.4778 4.4808
3 28 8.4002 -31.4778 4.4808 11.3115 -31.044 3.6251 10.5575 -29.9672 3.6251
3 28 10.5575 -29.9672 3.6251 11.3115 -31.044 3.6251 11.8908 -29.0336 1.3848
3 28 11.8908 -29.0336 1.3848 11.3115 -31.044 3.6251 12.661 -30.1336 1.3848
3 28 -6.6601 -32.6988 2.9302 -6.2466 -32.9883 3.6251 -6.0038 -33.1583 2.2425
3 28 -6.0038 -33.1583 2.2425 -6.2466 -32.9883 3.6251 -5.4346 -33.5569 2.375
3 28 -6.2466 -32.9883 3.6251 -6.6601 -32.6988 2.9302 -8.4039 -31.4778 4.4808
3 28 -8.4039 -31.4778 4.4808 -6.6601 -32.6988 2.9302 -8.4039 -31.4778 3.6219
3 28 -8.4039 -31.4778 4.4808 -8.4039 -31.4778 3.6219 -10.5612 -29.9672 3.6251
3 28 -10.5612 -29.9672 3.6251 -8.4039 -31.4778 3.6219 -10.1476 -30.2568 2.9302
3 28 -10.5612 -29.9672 3.6251 -10.1476 -30.2568 2.9302 -11.8945 -29.0336 1.3848
3 28 -11.8945 -29.0336 1.3848 -10.1476 -30.2568 2.9302 -11.2253 -29.5022 1.1194
3 28 -7.0966 -34.2024 3.6251 -7.9368 -35.4022 3.6251 -6.1944 -35.1777 2.2019
3 28 -6.1839 -35.7083 1.4196 -6.1944 -35.1777 2.2019 -6.7513 -36.2146 1.3848
3 28 -6.1944 -35.1777 2.2019 -7.9368 -35.4022 3.6251 -6.7513 -36.2146 1.3848
3 28 -7.9368 -35.4022 3.6251 -7.0966 -34.2024 3.6251 -10.0941 -33.8917 4.4808
3 28 -10.0941 -33.8917 4.4808 -7.0966 -34.2024 3.6251 -9.1903 -32.6009 4.4808
3 28 -10.0941 -33.8917 4.4808 -9.1903 -32.6009 4.4808 -12.2514 -32.3811 3.6251
3 28 -12.2514 -32.3811 3.6251 -9.1903 -32.6009 4.4808 -11.3152 -31.044 3.6251
3 28 -11.3152 -31.044 3.6251 -12.6646 -30.1336 1.3848 -12.2514 -32.3811 3.6251
3 28 -12.2514 -32.3811 3.6251 -12.6646 -30.1336 1.3848 -13.5847 -31.4475 1.3848
3 28 -7.2604 -35.8997 1.1287 -6.7513 -36.2146 1.3848 -8.3471 -35.1388 2.9546
3 28 -8.3471 -35.1388 2.9546 -6.7513 -36.2146 1.3848 -7.9368 -35.4022 3.6251
3 28 -8.3471 -35.1388 2.9546 -7.9368 -35.4022 3.6251 -10.1053 -33.9077 3.652
3 28 -10.1053 -33.9077 3.652 -7.9368 -35.4022 3.6251 -10.0941 -33.8917 4.4808
3 28 -10.1053 -33.9077 3.652 -10.0941 -33.8917 4.4808 -11.8636 -32.6766 2.9546
3 28 -11.8636 -32.6766 2.9546 -10.0941 -33.8917 4.4808 -12.2514 -32.3811 3.6251
3 28 -11.8636 -32.6766 2.9546 -12.2514 -32.3811 3.6251 -12.9502 -31.9157 1.1287
3 28 -12.9502 -31.9157 1.1287 -12.2514 -32.3811 3.6251 -13.5847 -31.4475 1.3848
3 28 -6.1839 -35.7083 1.4196 -3.6441 -35.2723 1.2106 -6.1944 -35.1777 2.2019
3 28 -6.1944 -35.1777 2.2019 -3.6441 -35.2723 1.2106 -3.6479 -34.7952 1.9694
3 28 -6.0038 -33.1583 2.2425 -5.4346 -33.5569 2.375 -3.5998 -32.8878 2.3441
3 28 -3.5998 -32.8878 2.3441 -5.4346 -33.5569 2.375 -3.5975 -33.9312 2.3441
3 28 -6.1944 -35.1777 2.2019 -3.6479 -34.7952 1.9694 -5.4346 -33.5569 2.375
3 28 -5.4346 -33.5569 2.375 -3.6479 -34.7952 1.9694 -3.5975 -33.9312 2.3441
3 28 -6.0038 -33.1583 2.2425 -3.5998 -32.8878 2.3441 -5.6566 -32.7525 2.2283
3 28 -5.6566 -32.7525 2.2283 -3.5998 -32.8878 2.3441 -3.601 -32.3427 2.267
3 28 -5.6566 -32.7525 2.2283 -3.601 -32.3427 2.267 -4.9175 -32.412 1.4134
3 28 -4.9175 -32.412 1.4134 -3.601 -32.3427 2.267 -3.59 -32.2703 0.9538
3 28 -3.6441 -35.2723 1.2106 -1.5938 -35.0319 1.2106 -3.6479 -34.7952 1.9694
3 28 -3.6479 -34.7952 1.9694 -1.5938 -35.0319 1.2106 -1.5977 -34.5547 1.9694
3 28 -3.5975 -33.9312 2.3441 -1.5473 -33.6908 2.3441 -3.5998 -32.8878 2.3441
3 28 -3.5998 -32.8878 2.3441 -1.5473 -33.6908 2.3441 -1.5496 -32.6474 2.3441
3 28 -3.6479 -34.7952 1.9694 -1.5977 -34.5547 1.9694 -3.5975 -33.9312 2.3441
3 28 -3.5975 -33.9312 2.3441 -1.5977 -34.5547 1.9694 -1.5473 -33.6908 2.3441
3 28 -3.5998 -32.8878 2.3441 -1.5496 -32.6474 2.3441 -3.601 -32.3427 2.267
3 28 -3.601 -32.3427 2.267 -1.5496 -32.6474 2.3441 -1.5507 -32.1023 2.267
3 28 -3.601 -32.3427 2.267 -1.5507 -32.1023 2.267 -3.59 -32.2703 0.9538
3 28 -3.59 -32.2703 0.9538 -1.5507 -32.1023 2.267 -1.5397 -32.0299 0.9538
3 28 -1.5938 -35.0319 1.2106 -0.0018 -34.9802 1.2091 -1.5977 -34.5547 1.9694
3 28 -1.5977 -34.5547 1.9694 -0.0018 -34.9802 1.2091 -0.0018 -34.5042 1.9521
3 28 -1.5473 -33.6908 2.3441 -0.0018 -33.6597 2.3252 -1.5496 -32.6474 2.3441
3 28 -1.5496 -32.6474 2.3441 -0.0018 -33.6597 2.3252 -0.0018 -32.6323 2.3252
3 28 -1.5977 -34.5547 1.9694 -0.0018 -34.5042 1.9521 -1.5473 -33.6908 2.3441
3 28 -1.5473 -33.6908 2.3441 -0.0018 -34.5042 1.9521 -0.0018 -33.6597 2.3252
3 28 -1.5496 -32.6474 2.3441 -0.0018 -32.6323 2.3252 -1.5507 -32.1023 2.267
3 28 -1.5507 -32.1023 2.267 -0.0018 -32.6323 2.3252 -0.0018 -32.0956 2.2493
3 28 -1.5507 -32.1023 2.267 -0.0018 -32.0956 2.2493 -1.5397 -32.0299 0.9538
3 28 -1.5397 -32.0299 0.9538 -0.0018 -32.0956 2.2493 -0.0018 -32.0243 0.9563
3 28 -6.2466 -32.9883 3.6251 -7.0966 -34.2024 3.6251 -5.4346 -33.5569 2.375
3 28 -5.4346 -33.5569 2.375 -7.0966 -34.2024 3.6251 -6.1944 -35.1777 2.2019
3 28 -7.0966 -34.2024 3.6251 -6.2466 -32.9883 3.6251 -9.1903 -32.6009 4.4808
3 28 -9.1903 -32.6009 4.4808 -6.2466 -32.9883 3.6251 -8.4039 -31.4778 4.4808
3 28 -9.1903 -32.6009 4.4808 -8.4039 -31.4778 4.4808 -11.3152 -31.044 3.6251
3 28 -11.3152 -31.044 3.6251 -8.4039 -31.4778 4.4808 -10.5612 -29.9672 3.6251
3 28 -10.5612 -29.9672 3.6251 -11.8945 -29.0336 1.3848 -11.3152 -31.044 3.6251
3 28 -11.3152 -31.044 3.6251 -11.8945 -29.0336 1.3848 -12.6646 -30.1336 1.3848
2 24 4.9139 -32.412 1.4134 4.9139 -32.412 -1.4131
2 24 4.9139 -32.412 -1.4131 5.653 -32.7525 -2.2281
2 24 7.2568 -35.8997 -1.1285 7.2568 -35.8997 1.1287
2 24 7.2568 -35.8997 -1.1285 8.3434 -35.1388 -2.9543
2 24 8.3434 -35.1388 -2.9543 10.1017 -33.9077 -3.6517
2 24 10.1017 -33.9077 -3.6517 11.8599 -32.6766 -2.9543
2 24 11.8599 -32.6766 -2.9543 12.9466 -31.9157 -1.1285
2 24 12.9466 -31.9157 -1.1285 12.9466 -31.9157 1.1287
2 24 11.2217 -29.5022 -1.1192 11.2217 -29.5022 1.1194
2 24 11.2217 -29.5022 -1.1192 10.144 -30.2568 -2.93
2 24 10.144 -30.2568 -2.93 8.4002 -31.4778 -3.6216
2 24 8.4002 -31.4778 -3.6216 6.6565 -32.6988 -2.93
2 24 6.6565 -32.6988 -2.93 6.0002 -33.1583 -2.2422
2 24 5.653 -32.7525 -2.2281 6.0002 -33.1583 -2.2422
2 24 -0.0018 -25.6971 -1.2375 -0.0018 -25.6971 1.2378
2 24 -0.0018 -25.6971 -1.2375 -0.0018 -23.9459 -2.6663
2 24 -0.0018 -23.9459 -2.6663 -0.0018 -21.1195 -3.5132
2 24 -0.0018 -21.1195 -3.5132 2.3595 -19.676 -3.2055
2 24 3.7714 -18.8941 -1.2948 3.798 -18.8651 1.2825
2 24 2.3595 -19.676 -3.2055 3.7714 -18.8941 -1.2948
2 24 3.7714 -18.8941 -1.2948 3.798 -18.8651 1.2825
2 24 3.8042 0 -1.2361 3.8042 0 1.2364
2 24 -7.2604 -35.8997 -1.1285 -7.2604 -35.8997 1.1287
2 24 -7.2604 -35.8997 -1.1285 -8.3471 -35.1388 -2.9543
2 24 -8.3471 -35.1388 -2.9543 -10.1053 -33.9077 -3.6517
2 24 -10.1053 -33.9077 -3.6517 -11.8636 -32.6766 -2.9543
2 24 -11.8636 -32.6766 -2.9543 -12.9502 -31.9157 -1.1285
2 24 -12.9502 -31.9157 -1.1285 -12.9502 -31.9157 1.1287
2 24 -11.2253 -29.5022 -1.1192 -11.2253 -29.5022 1.1194
2 24 -11.2253 -29.5022 -1.1192 -10.1476 -30.2568 -2.93
2 24 -10.1476 -30.2568 -2.93 -8.4039 -31.4778 -3.6216
2 24 -8.4039 -31.4778 -3.6216 -6.6601 -32.6988 -2.93
2 24 -6.6601 -32.6988 -2.93 -6.0038 -33.1583 -2.2422
2 24 -6.0038 -33.1583 -2.2422 -5.6566 -32.7525 -2.2281
2 24 -5.6566 -32.7525 -2.2281 -4.9175 -32.412 -1.4131
2 24 -4.9175 -32.412 -1.4131 -4.9175 -32.412 1.4134
2 24 -0.0018 -25.6971 -1.2375 -0.0018 -23.9459 -2.6663
2 24 -0.0018 -21.1195 -3.5132 -0.0018 -23.9459 -2.6663
2 24 -0.0018 -21.1195 -3.5132 -2.3909 -19.7043 -3.1915
2 24 -3.8016 -18.8651 -1.2822 -3.8016 -18.8651 1.2825
2 24 4.9139 -32.412 1.4134 5.653 -32.7525 2.2283
2 24 7.2568 -35.8997 1.1287 8.3434 -35.1388 2.9546
2 24 8.3434 -35.1388 2.9546 10.1017 -33.9077 3.652
2 24 10.1017 -33.9077 3.652 11.8599 -32.6766 2.9546
2 24 12.9466 -31.9157 1.1287 11.8599 -32.6766 2.9546
2 24 11.2217 -29.5022 1.1194 10.144 -30.2568 2.9302
2 24 10.144 -30.2568 2.9302 8.4002 -31.4778 3.6219
2 24 8.4002 -31.4778 3.6219 6.6565 -32.6988 2.9302
2 24 6.6565 -32.6988 2.9302 6.0002 -33.1583 2.2425
2 24 5.653 -32.7525 2.2283 6.0002 -33.1583 2.2425
2 24 -0.0018 -25.6971 1.2378 -0.0018 -23.9459 2.6665
2 24 -0.0018 -23.9459 2.6665 -0.0018 -21.1195 3.5135
2 24 -0.0018 -21.1195 3.5135 2.3868 -19.685 3.1923
2 24 3.798 -18.8651 1.2825 2.3868 -19.685 3.1923
2 24 -7.2604 -35.8997 1.1287 -8.3471 -35.1388 2.9546
2 24 -8.3471 -35.1388 2.9546 -10.1053 -33.9077 3.652
2 24 -10.1053 -33.9077 3.652 -11.8636 -32.6766 2.9546
2 24 -12.9502 -31.9157 1.1287 -11.8636 -32.6766 2.9546
2 24 -11.2253 -29.5022 1.1194 -10.1476 -30.2568 2.9302
2 24 -10.1476 -30.2568 2.9302 -8.4039 -31.4778 3.6219
2 24 -8.4039 -31.4778 3.6219 -6.6601 -32.6988 2.9302
2 24 -6.6601 -32.6988 2.9302 -6.0038 -33.1583 2.2425
2 24 -5.6566 -32.7525 2.2283 -6.0038 -33.1583 2.2425
2 24 -4.9175 -32.412 1.4134 -5.6566 -32.7525 2.2283
2 24 -0.0018 -25.6971 -1.2375 -0.0018 -25.6971 1.2378
2 24 -0.0018 -25.6971 1.2378 -0.0018 -23.9459 2.6665
2 24 -0.0018 -21.1195 3.5135 -0.0018 -23.9459 2.6665
2 24 -0.0018 -21.1195 3.5135 -2.3622 -19.6616 3.2005
2 24 -3.8016 -18.8651 1.2825 -2.3622 -19.6616 3.2005
2 24 -0.0018 -21.1195 -3.5132 -2.3909 -19.7043 -3.1915
2 24 -0.0018 0 -4 -2.3548 0 -3.2361
2 24 -2.3909 -19.7043 -3.1915 -3.8016 -18.8651 -1.2822
2 24 -2.3548 0 -3.2361 -3.8079 0 -1.2361
2 24 -3.8016 -18.8651 -1.2822 -3.8016 -18.8651 1.2825
2 24 -3.8079 0 -1.2361 -3.8079 0 1.2364
2 24 -0.0018 -21.1195 -3.5132 2.3595 -19.676 -3.2055
2 24 -0.0018 0 -4 2.3512 0 -3.2361
2 24 -3.8016 -18.8651 1.2825 -2.3622 -19.6616 3.2005
2 24 -3.8079 0 1.2364 -2.3548 0 3.2364
2 24 -0.0018 -21.1195 3.5135 -2.3622 -19.6616 3.2005
2 24 -2.3548 0 3.2364 -0.0018 0 4.0003
2 24 -0.0018 -21.1195 3.5135 2.3868 -19.685 3.1923
2 24 -0.0018 0 4.0003 2.3512 0 3.2364
2 24 3.798 -18.8651 1.2825 2.3868 -19.685 3.1923
2 24 3.8042 0 1.2364 2.3512 0 3.2364
2 24 3.7714 -18.8941 -1.2948 2.3595 -19.676 -3.2055
2 24 3.8042 0 -1.2361 2.3512 0 -3.2361
2 24 -0.0018 0 -4 2.3512 0 -3.2361
2 24 2.3512 0 -3.2361 3.8042 0 -1.2361
2 24 3.8042 0 -1.2361 3.8042 0 1.2364
2 24 -0.0018 0 -4 -2.3548 0 -3.2361
2 24 -2.3548 0 -3.2361 -3.8079 0 -1.2361
2 24 -3.8079 0 -1.2361 -3.8079 0 1.2364
2 24 -0.0018 0 4.0003 2.3512 0 3.2364
2 24 3.8042 0 1.2364 2.3512 0 3.2364
2 24 -0.0018 0 4.0003 -2.3548 0 3.2364
2 24 -3.8079 0 1.2364 -2.3548 0 3.2364
2 24 -2.3909 -19.7043 -3.1915 -3.8016 -18.8651 -1.2822
2 24 6.6565 -32.6988 -2.93 6.0002 -33.1583 -2.2422
2 24 6.2429 -32.9883 -3.6248 5.431 -33.5569 -2.3747
2 24 6.0002 -33.1583 -2.2422 5.431 -33.5569 -2.3747
2 24 6.2429 -32.9883 -3.6248 8.4002 -31.4778 -4.4805
2 24 6.6565 -32.6988 -2.93 8.4002 -31.4778 -3.6216
2 24 8.4002 -31.4778 -4.4805 10.5575 -29.9672 -3.6248
2 24 8.4002 -31.4778 -3.6216 10.144 -30.2568 -2.93
2 24 10.5575 -29.9672 -3.6248 11.8908 -29.0336 -1.3846
2 24 10.144 -30.2568 -2.93 11.2217 -29.5022 -1.1192
2 24 11.8908 -29.0336 -1.3846 11.8908 -29.0336 1.3848
2 24 11.2217 -29.5022 -1.1192 11.2217 -29.5022 1.1194
2 24 6.1907 -35.1777 -2.2016 6.1803 -35.7083 -1.4193
2 24 7.9332 -35.4022 -3.6248 6.7477 -36.2146 -1.3846
2 24 7.9332 -35.4022 -3.6248 10.0905 -33.8917 -4.4805
2 24 10.0905 -33.8917 -4.4805 12.2478 -32.3811 -3.6248
2 24 12.2478 -32.3811 -3.6248 13.5811 -31.4475 -1.3846
2 24 13.5811 -31.4475 -1.3846 13.5811 -31.4475 1.3848
2 24 6.7477 -36.2146 -1.3846 6.7477 -36.2146 1.3848
2 24 7.2568 -35.8997 -1.1285 7.2568 -35.8997 1.1287
2 24 7.2568 -35.8997 -1.1285 8.3434 -35.1388 -2.9543
2 24 6.7477 -36.2146 -1.3846 7.9332 -35.4022 -3.6248
2 24 8.3434 -35.1388 -2.9543 10.1017 -33.9077 -3.6517
2 24 7.9332 -35.4022 -3.6248 10.0905 -33.8917 -4.4805
2 24 10.1017 -33.9077 -3.6517 11.8599 -32.6766 -2.9543
2 24 10.0905 -33.8917 -4.4805 12.2478 -32.3811 -3.6248
2 24 11.8599 -32.6766 -2.9543 12.9466 -31.9157 -1.1285
2 24 12.2478 -32.3811 -3.6248 13.5811 -31.4475 -1.3846
2 24 12.9466 -31.9157 -1.1285 12.9466 -31.9157 1.1287
2 24 13.5811 -31.4475 -1.3846 13.5811 -31.4475 1.3848
2 24 6.1803 -35.7083 -1.4193 6.1803 -35.7083 1.4196
2 24 6.7477 -36.2146 -1.3846 6.7477 -36.2146 1.3848
2 24 6.1803 -35.7083 -1.4193 6.1803 -35.7083 1.4196
2 24 6.1803 -35.7083 -1.4193 6.1907 -35.1777 -2.2016
2 24 6.1907 -35.1777 -2.2016 3.6443 -34.7952 -1.9691
2 24 6.0002 -33.1583 -2.2422 5.431 -33.5569 -2.3747
2 24 6.1907 -35.1777 -2.2016 5.431 -33.5569 -2.3747
2 24 6.0002 -33.1583 -2.2422 5.653 -32.7525 -2.2281
2 24 5.653 -32.7525 -2.2281 3.5974 -32.3427 -2.2667
2 24 4.9139 -32.412 -1.4131 4.9139 -32.412 1.4134
2 24 5.653 -32.7525 -2.2281 3.5974 -32.3427 -2.2667
2 24 4.9139 -32.412 -1.4131 5.653 -32.7525 -2.2281
2 24 3.5974 -32.3427 -2.2667 1.5471 -32.1023 -2.2667
2 24 3.5974 -32.3427 -2.2667 1.5471 -32.1023 -2.2667
2 24 1.5471 -32.1023 -2.2667 -0.0018 -32.0956 -2.249
2 24 1.5471 -32.1023 -2.2667 -0.0018 -32.0956 -2.249
2 24 6.2429 -32.9883 -3.6248 5.431 -33.5569 -2.3747
2 24 6.1907 -35.1777 -2.2016 5.431 -33.5569 -2.3747
2 24 6.2429 -32.9883 -3.6248 8.4002 -31.4778 -4.4805
2 24 8.4002 -31.4778 -4.4805 10.5575 -29.9672 -3.6248
2 24 10.5575 -29.9672 -3.6248 11.8908 -29.0336 -1.3846
2 24 11.8908 -29.0336 -1.3846 11.8908 -29.0336 1.3848
2 24 -5.4346 -33.5569 -2.3747 -6.2466 -32.9883 -3.6248
2 24 -5.4346 -33.5569 -2.3747 -6.0038 -33.1583 -2.2422
2 24 -6.0038 -33.1583 -2.2422 -6.6601 -32.6988 -2.93
2 24 -6.6601 -32.6988 -2.93 -8.4039 -31.4778 -3.6216
2 24 -6.2466 -32.9883 -3.6248 -8.4039 -31.4778 -4.4805
2 24 -8.4039 -31.4778 -3.6216 -10.1476 -30.2568 -2.93
2 24 -8.4039 -31.4778 -4.4805 -10.5612 -29.9672 -3.6248
2 24 -10.1476 -30.2568 -2.93 -11.2253 -29.5022 -1.1192
2 24 -10.5612 -29.9672 -3.6248 -11.8945 -29.0336 -1.3846
2 24 -11.2253 -29.5022 -1.1192 -11.2253 -29.5022 1.1194
2 24 -11.8945 -29.0336 -1.3846 -11.8945 -29.0336 1.3848
2 24 -6.1944 -35.1777 -2.2016 -6.1839 -35.7083 -1.4193
2 24 -7.9368 -35.4022 -3.6248 -6.7513 -36.2146 -1.3846
2 24 -7.9368 -35.4022 -3.6248 -10.0941 -33.8917 -4.4805
2 24 -10.0941 -33.8917 -4.4805 -12.2514 -32.3811 -3.6248
2 24 -12.2514 -32.3811 -3.6248 -13.5847 -31.4475 -1.3846
2 24 -13.5847 -31.4475 -1.3846 -13.5847 -31.4475 1.3848
2 24 -7.2604 -35.8997 -1.1285 -7.2604 -35.8997 1.1287
2 24 -6.7513 -36.2146 -1.3846 -6.7513 -36.2146 1.3848
2 24 -6.7513 -36.2146 -1.3846 -7.9368 -35.4022 -3.6248
2 24 -7.2604 -35.8997 -1.1285 -8.3471 -35.1388 -2.9543
2 24 -7.9368 -35.4022 -3.6248 -10.0941 -33.8917 -4.4805
2 24 -8.3471 -35.1388 -2.9543 -10.1053 -33.9077 -3.6517
2 24 -10.0941 -33.8917 -4.4805 -12.2514 -32.3811 -3.6248
2 24 -10.1053 -33.9077 -3.6517 -11.8636 -32.6766 -2.9543
2 24 -12.2514 -32.3811 -3.6248 -13.5847 -31.4475 -1.3846
2 24 -11.8636 -32.6766 -2.9543 -12.9502 -31.9157 -1.1285
2 24 -13.5847 -31.4475 -1.3846 -13.5847 -31.4475 1.3848
2 24 -12.9502 -31.9157 -1.1285 -12.9502 -31.9157 1.1287
2 24 -6.7513 -36.2146 -1.3846 -6.7513 -36.2146 1.3848
2 24 -6.1839 -35.7083 -1.4193 -6.1839 -35.7083 1.4196
2 24 -6.1839 -35.7083 -1.4193 -6.1839 -35.7083 1.4196
2 24 -3.6479 -34.7952 -1.9691 -6.1944 -35.1777 -2.2016
2 24 -6.1839 -35.7083 -1.4193 -6.1944 -35.1777 -2.2016
2 24 -6.0038 -33.1583 -2.2422 -5.4346 -33.5569 -2.3747
2 24 -6.1944 -35.1777 -2.2016 -5.4346 -33.5569 -2.3747
2 24 -3.601 -32.3427 -2.2667 -5.6566 -32.7525 -2.2281
2 24 -6.0038 -33.1583 -2.2422 -5.6566 -32.7525 -2.2281
2 24 -4.9175 -32.412 -1.4131 -4.9175 -32.412 1.4134
2 24 -3.601 -32.3427 -2.2667 -5.6566 -32.7525 -2.2281
2 24 -4.9175 -32.412 -1.4131 -5.6566 -32.7525 -2.2281
2 24 -3.601 -32.3427 -2.2667 -1.5507 -32.1023 -2.2667
2 24 -3.601 -32.3427 -2.2667 -1.5507 -32.1023 -2.2667
2 24 -0.0018 -32.0956 -2.249 -1.5507 -32.1023 -2.2667
2 24 -0.0018 -32.0956 -2.249 -1.5507 -32.1023 -2.2667
2 24 -6.1944 -35.1777 -2.2016 -5.4346 -33.5569 -2.3747
2 24 -5.4346 -33.5569 -2.3747 -6.2466 -32.9883 -3.6248
2 24 -6.2466 -32.9883 -3.6248 -8.4039 -31.4778 -4.4805
2 24 -8.4039 -31.4778 -4.4805 -10.5612 -29.9672 -3.6248
2 24 -10.5612 -29.9672 -3.6248 -11.8945 -29.0336 -1.3846
2 24 -11.8945 -29.0336 -1.3846 -11.8945 -29.0336 1.3848
2 24 5.431 -33.5569 2.375 6.2429 -32.9883 3.6251
2 24 5.431 -33.5569 2.375 6.0002 -33.1583 2.2425
2 24 6.0002 -33.1583 2.2425 6.6565 -32.6988 2.9302
2 24 6.6565 -32.6988 2.9302 8.4002 -31.4778 3.6219
2 24 6.2429 -32.9883 3.6251 8.4002 -31.4778 4.4808
2 24 8.4002 -31.4778 3.6219 10.144 -30.2568 2.9302
2 24 8.4002 -31.4778 4.4808 10.5575 -29.9672 3.6251
2 24 11.2217 -29.5022 1.1194 10.144 -30.2568 2.9302
2 24 11.8908 -29.0336 1.3848 10.5575 -29.9672 3.6251
2 24 6.1803 -35.7083 1.4196 6.1907 -35.1777 2.2019
2 24 6.7477 -36.2146 1.3848 7.9332 -35.4022 3.6251
2 24 7.9332 -35.4022 3.6251 10.0905 -33.8917 4.4808
2 24 10.0905 -33.8917 4.4808 12.2478 -32.3811 3.6251
2 24 13.5811 -31.4475 1.3848 12.2478 -32.3811 3.6251
2 24 6.7477 -36.2146 1.3848 7.9332 -35.4022 3.6251
2 24 7.2568 -35.8997 1.1287 8.3434 -35.1388 2.9546
2 24 7.9332 -35.4022 3.6251 10.0905 -33.8917 4.4808
2 24 8.3434 -35.1388 2.9546 10.1017 -33.9077 3.652
2 24 10.0905 -33.8917 4.4808 12.2478 -32.3811 3.6251
2 24 10.1017 -33.9077 3.652 11.8599 -32.6766 2.9546
2 24 13.5811 -31.4475 1.3848 12.2478 -32.3811 3.6251
2 24 12.9466 -31.9157 1.1287 11.8599 -32.6766 2.9546
2 24 3.6443 -34.7952 1.9694 6.1907 -35.1777 2.2019
2 24 6.1803 -35.7083 1.4196 6.1907 -35.1777 2.2019
2 24 6.0002 -33.1583 2.2425 5.431 -33.5569 2.375
2 24 6.1907 -35.1777 2.2019 5.431 -33.5569 2.375
2 24 3.5974 -32.3427 2.267 5.653 -32.7525 2.2283
2 24 6.0002 -33.1583 2.2425 5.653 -32.7525 2.2283
2 24 3.5974 -32.3427 2.267 5.653 -32.7525 2.2283
2 24 4.9139 -32.412 1.4134 5.653 -32.7525 2.2283
2 24 3.5974 -32.3427 2.267 1.5471 -32.1023 2.267
2 24 3.5974 -32.3427 2.267 1.5471 -32.1023 2.267
2 24 1.5471 -32.1023 2.267 -0.0018 -32.0956 2.2493
2 24 1.5471 -32.1023 2.267 -0.0018 -32.0956 2.2493
2 24 6.1907 -35.1777 2.2019 5.431 -33.5569 2.375
2 24 5.431 -33.5569 2.375 6.2429 -32.9883 3.6251
2 24 6.2429 -32.9883 3.6251 8.4002 -31.4778 4.4808
2 24 8.4002 -31.4778 4.4808 10.5575 -29.9672 3.6251
2 24 11.8908 -29.0336 1.3848 10.5575 -29.9672 3.6251
2 24 -6.6601 -32.6988 2.9302 -6.0038 -33.1583 2.2425
2 24 -6.2466 -32.9883 3.6251 -5.4346 -33.5569 2.375
2 24 -6.0038 -33.1583 2.2425 -5.4346 -33.5569 2.375
2 24 -6.2466 -32.9883 3.6251 -8.4039 -31.4778 4.4808
2 24 -6.6601 -32.6988 2.9302 -8.4039 -31.4778 3.6219
2 24 -8.4039 -31.4778 4.4808 -10.5612 -29.9672 3.6251
2 24 -8.4039 -31.4778 3.6219 -10.1476 -30.2568 2.9302
2 24 -11.8945 -29.0336 1.3848 -10.5612 -29.9672 3.6251
2 24 -11.2253 -29.5022 1.1194 -10.1476 -30.2568 2.9302
2 24 -6.1839 -35.7083 1.4196 -6.1944 -35.1777 2.2019
2 24 -6.7513 -36.2146 1.3848 -7.9368 -35.4022 3.6251
2 24 -7.9368 -35.4022 3.6251 -10.0941 -33.8917 4.4808
2 24 -10.0941 -33.8917 4.4808 -12.2514 -32.3811 3.6251
2 24 -13.5847 -31.4475 1.3848 -12.2514 -32.3811 3.6251
2 24 -7.2604 -35.8997 1.1287 -8.3471 -35.1388 2.9546
2 24 -6.7513 -36.2146 1.3848 -7.9368 -35.4022 3.6251
2 24 -8.3471 -35.1388 2.9546 -10.1053 -33.9077 3.652
2 24 -7.9368 -35.4022 3.6251 -10.0941 -33.8917 4.4808
2 24 -10.1053 -33.9077 3.652 -11.8636 -32.6766 2.9546
2 24 -10.0941 -33.8917 4.4808 -12.2514 -32.3811 3.6251
2 24 -12.9502 -31.9157 1.1287 -11.8636 -32.6766 2.9546
2 24 -13.5847 -31.4475 1.3848 -12.2514 -32.3811 3.6251
2 24 -6.1839 -35.7083 1.4196 -6.1944 -35.1777 2.2019
2 24 -6.1944 -35.1777 2.2019 -3.6479 -34.7952 1.9694
2 24 -6.0038 -33.1583 2.2425 -5.4346 -33.5569 2.375
2 24 -6.1944 -35.1777 2.2019 -5.4346 -33.5569 2.375
2 24 -6.0038 -33.1583 2.2425 -5.6566 -32.7525 2.2283
2 24 -5.6566 -32.7525 2.2283 -3.601 -32.3427 2.267
2 24 -5.6566 -32.7525 2.2283 -3.601 -32.3427 2.267
2 24 -4.9175 -32.412 1.4134 -5.6566 -32.7525 2.2283
2 24 -3.601 -32.3427 2.267 -1.5507 -32.1023 2.267
2 24 -3.601 -32.3427 2.267 -1.5507 -32.1023 2.267
2 24 -0.0018 -32.0956 2.2493 -1.5507 -32.1023 2.267
2 24 -0.0018 -32.0956 2.2493 -1.5507 -32.1023 2.267
2 24 -6.2466 -32.9883 3.6251 -5.4346 -33.5569 2.375
2 24 -6.1944 -35.1777 2.2019 -5.4346 -33.5569 2.375
2 24 -6.2466 -32.9883 3.6251 -8.4039 -31.4778 4.4808
2 24 -8.4039 -31.4778 4.4808 -10.5612 -29.9672 3.6251
2 24 -11.8945 -29.0336 1.3848 -10.5612 -29.9672 3.6251
0 STEP
