0 Mini Doll, Belt Bag
0 Name: bl_5064.dat
0 Author: 
0 BL_Item_No 5064
0 BFC CERTIFY CCW
3 16 -4.8042 0 11.1193 0 -4.1851 11.4635 -4.8214 -4.1851 11.025
3 16 0 0 11.4774 0 -4.1851 11.4635 -4.8042 0 11.1193
3 16 -9.1159 -4.1851 9.6421 -4.8042 0 11.1193 -4.8214 -4.1851 11.025
3 16 -9.2333 0 9.6445 -4.8042 0 11.1193 -9.1159 -4.1851 9.6421
3 16 -14.8614 -4.1851 5.4942 -12.3728 0 7.7549 -12.3247 -4.1851 7.7547
3 16 -14.8723 0 5.4365 -12.3728 0 7.7549 -14.8614 -4.1851 5.4942
3 16 -16.7547 -4.1851 -0.32 -16.4752 0 2.5005 -16.4579 -4.1851 2.6624
3 16 -16.7021 0 -0.6853 -16.4752 0 2.5005 -16.7547 -4.1851 -0.32
3 16 -16.4579 -4.1851 2.6624 -14.8723 0 5.4365 -14.8614 -4.1851 5.4942
3 16 -16.4752 0 2.5005 -14.8723 0 5.4365 -16.4579 -4.1851 2.6624
3 16 -12.3247 -4.1851 7.7547 -9.2333 0 9.6445 -9.1159 -4.1851 9.6421
3 16 -12.3728 0 7.7549 -9.2333 0 9.6445 -12.3247 -4.1851 7.7547
3 16 -5.9122 2.8239 -13.7779 -6.5929 4.9689 -13.2334 -8.522 1.6062 -11.782
3 16 -5.6245 6.5269 -13.7302 -6.7178 5.3151 -12.9459 -6.5929 4.9689 -13.2334
3 16 -5.7623 6.9487 -13.3911 -6.7178 5.3151 -12.9459 -5.6245 6.5269 -13.7302
3 16 -12.7093 -4.1851 -7.4757 -12.5275 -4.1851 -3.9211 -11.0438 -4.1851 -5.9183
3 16 -14.8917 -4.1851 -5.2685 -12.5275 -4.1851 -3.9211 -12.7093 -4.1851 -7.4757
3 16 -9.3273 -4.1851 -8.222 -12.7093 -4.1851 -7.4757 -11.0438 -4.1851 -5.9183
3 16 -10.4055 -4.1851 -9.7858 -12.7093 -4.1851 -7.4757 -9.3273 -4.1851 -8.222
3 16 -14.8917 -4.1851 -5.2685 -13.6776 -4.1851 -2.0514 -12.5275 -4.1851 -3.9211
3 16 -16.2432 -4.1851 -2.9153 -13.6776 -4.1851 -2.0514 -14.8917 -4.1851 -5.2685
3 16 -13.6776 -4.1851 -2.0514 -16.7547 -4.1851 -0.32 -14.0498 -4.1851 0.1551
3 16 -16.2432 -4.1851 -2.9153 -16.7547 -4.1851 -0.32 -13.6776 -4.1851 -2.0514
3 16 -16.4579 -4.1851 2.6624 -14.0498 -4.1851 0.1551 -16.7547 -4.1851 -0.32
3 16 -13.5903 -4.1851 2.1019 -14.0498 -4.1851 0.1551 -16.4579 -4.1851 2.6624
3 16 -13.5903 -4.1851 2.1019 -14.8614 -4.1851 5.4942 -12.6625 -4.1851 3.7558
3 16 -16.4579 -4.1851 2.6624 -14.8614 -4.1851 5.4942 -13.5903 -4.1851 2.1019
3 16 -14.8614 -4.1851 5.4942 -10.9992 -4.1851 5.6718 -12.6625 -4.1851 3.7558
3 16 -12.3247 -4.1851 7.7547 -10.9992 -4.1851 5.6718 -14.8614 -4.1851 5.4942
3 16 -12.3247 -4.1851 7.7547 -8.3454 -4.1851 7.2063 -10.9992 -4.1851 5.6718
3 16 -9.1159 -4.1851 9.6421 -8.3454 -4.1851 7.2063 -12.3247 -4.1851 7.7547
3 16 -9.1159 -4.1851 9.6421 -4.7155 -4.1851 8.5219 -8.3454 -4.1851 7.2063
3 16 -4.8214 -4.1851 11.025 -4.7155 -4.1851 8.5219 -9.1159 -4.1851 9.6421
3 16 0 -4.1851 8.8315 -4.8214 -4.1851 11.025 0 -4.1851 11.4635
3 16 -4.7155 -4.1851 8.5219 -4.8214 -4.1851 11.025 0 -4.1851 8.8315
3 16 -5.8865 -4.1851 -11.4633 -4.9838 -4.1851 -13.9834 -6.8197 -4.1851 -13.0594
3 16 -3.9332 -4.1851 -12.3569 -4.9838 -4.1851 -13.9834 -5.8865 -4.1851 -11.4633
3 16 -1.836 -4.1851 -14.6843 -3.9332 -4.1851 -12.3569 -1.5581 -4.1851 -13.0489
3 16 -4.9838 -4.1851 -13.9834 -3.9332 -4.1851 -12.3569 -1.836 -4.1851 -14.6843
3 16 0 -4.1851 -14.8174 -1.5581 -4.1851 -13.0489 0 -4.1851 -13.1243
3 16 -1.836 -4.1851 -14.6843 -1.5581 -4.1851 -13.0489 0 -4.1851 -14.8174
3 16 -1.9524 -1.4639 -16.4185 0 -1.7138 -14.9968 0 -1.4639 -16.4528
3 16 -1.9528 -1.7138 -14.8953 0 -1.7138 -14.9968 -1.9524 -1.4639 -16.4185
3 16 -4.8738 -1.4691 -15.9151 -1.9528 -1.7138 -14.8953 -1.9524 -1.4639 -16.4185
3 16 -5.0423 -1.6466 -14.2328 -1.9528 -1.7138 -14.8953 -4.8738 -1.4691 -15.9151
3 16 -5.5833 -1.1803 -15.66 -5.0423 -1.6466 -14.2328 -4.8738 -1.4691 -15.9151
3 16 -5.615 -1.4048 -13.9465 -5.0423 -1.6466 -14.2328 -5.5833 -1.1803 -15.66
3 16 -5.7054 -0.5073 -15.6302 -5.615 -1.4048 -13.9465 -5.5833 -1.1803 -15.66
3 16 -5.9088 -0.7337 -13.8001 -5.615 -1.4048 -13.9465 -5.7054 -0.5073 -15.6302
3 16 -5.163 4.6082 -14.167 -5.7174 2.681 -15.666 -5.1039 4.3606 -15.8459
3 16 -5.9122 2.8239 -13.7779 -5.7174 2.681 -15.666 -5.163 4.6082 -14.167
3 16 -1.5581 -3.5475 -12.3448 -3.9332 -4.1851 -12.3569 -3.8095 -3.5565 -11.8295
3 16 -1.5581 -4.1851 -13.0489 -3.9332 -4.1851 -12.3569 -1.5581 -3.5475 -12.3448
3 16 -3.8095 -3.5565 -11.8295 -5.8865 -4.1851 -11.4633 -5.6969 -3.6014 -11.0001
3 16 -3.9332 -4.1851 -12.3569 -5.8865 -4.1851 -11.4633 -3.8095 -3.5565 -11.8295
3 16 -4.3446 -3.44 -8.3546 -1.5581 -3.5475 -12.3448 -3.8095 -3.5565 -11.8295
3 16 0 -3.44 -8.7354 -1.5581 -3.5475 -12.3448 -4.3446 -3.44 -8.3546
3 16 -5.6969 -3.6014 -11.0001 -4.3446 -3.44 -8.3546 -3.8095 -3.5565 -11.8295
3 16 -5.6969 -3.6014 -11.0001 -7.5226 -4.1851 -10.1403 -7.2564 -3.6263 -9.7932
3 16 -5.8865 -4.1851 -11.4633 -7.5226 -4.1851 -10.1403 -5.6969 -3.6014 -11.0001
3 16 -9.0912 -3.657 -7.6761 -11.0438 -4.1851 -5.9183 -10.5847 -3.7135 -5.7252
3 16 -9.3273 -4.1851 -8.222 -11.0438 -4.1851 -5.9183 -9.0912 -3.657 -7.6761
3 16 -9.5522 -3.4486 -6.4514 -7.6663 -3.4261 -7.3432 -9.0912 -3.657 -7.6761
3 16 -4.3446 -3.44 -8.3546 -7.2564 -3.6263 -9.7932 -7.6663 -3.4261 -7.3432
3 16 -5.6969 -3.6014 -11.0001 -7.2564 -3.6263 -9.7932 -4.3446 -3.44 -8.3546
3 16 -1.7401 0.5241 -8.5684 0 0.5235 -8.6291 0 -3.44 -8.7354
3 16 -4.3446 -3.44 -8.3546 -1.7401 0.5241 -8.5684 0 -3.44 -8.7354
3 16 -2.9882 0.869 -8.4375 -1.7401 0.5241 -8.5684 -4.3446 -3.44 -8.3546
3 16 -6.7561 2.2558 -7.6677 -4.3446 -3.44 -8.3546 -7.6663 -3.4261 -7.3432
3 16 -4.9834 2.2515 -8.134 -4.3446 -3.44 -8.3546 -6.7561 2.2558 -7.6677
3 16 -9.5522 -3.4486 -6.4514 -9.3256 0.5075 -6.5286 -7.6663 -3.4261 -7.3432
3 16 -9.9742 0.2021 -6.1204 -9.3256 0.5075 -6.5286 -9.5522 -3.4486 -6.4514
3 16 -3.4802 2.2509 -8.3751 -5.0799 7.7993 -8.4626 -3.5979 8.3936 -8.8806
3 16 -4.9834 2.2515 -8.134 -5.0799 7.7993 -8.4626 -3.4802 2.2509 -8.3751
3 16 0 0.5235 -8.6291 -1.628 1.0659 -8.9485 0 1.0133 -8.9939
3 16 -1.7401 0.5241 -8.5684 -1.628 1.0659 -8.9485 0 0.5235 -8.6291
3 16 -1.7401 0.5241 -8.5684 -2.5604 1.4506 -9.017 -1.628 1.0659 -8.9485
3 16 -2.9882 0.869 -8.4375 -2.5604 1.4506 -9.017 -1.7401 0.5241 -8.5684
3 16 -2.5604 1.4506 -9.017 -3.4802 2.2509 -8.3751 -2.9686 2.2433 -9.0244
3 16 -2.9882 0.869 -8.4375 -3.4802 2.2509 -8.3751 -2.5604 1.4506 -9.017
3 16 -2.9686 2.2433 -9.0244 -3.5979 8.3936 -8.8806 -3.0285 8.3635 -9.6762
3 16 -3.4802 2.2509 -8.3751 -3.5979 8.3936 -8.8806 -2.9686 2.2433 -9.0244
3 16 -2.6498 2.0657 -9.9554 -2.5604 1.4506 -9.017 -2.9686 2.2433 -9.0244
3 16 -2.3479 1.5371 -9.9646 -2.5604 1.4506 -9.017 -2.6498 2.0657 -9.9554
3 16 -2.3479 1.5371 -9.9646 -1.628 1.0659 -8.9485 -2.5604 1.4506 -9.017
3 16 -1.6364 1.3763 -10.1055 -1.628 1.0659 -8.9485 -2.3479 1.5371 -9.9646
3 16 0 1.3413 -10.073 -1.628 1.0659 -8.9485 -1.6364 1.3763 -10.1055
3 16 0 1.0133 -8.9939 -1.628 1.0659 -8.9485 0 1.3413 -10.073
3 16 0 2.0638 -10.4615 -1.6364 1.3763 -10.1055 -2.0329 2.0623 -10.3839
3 16 0 1.3413 -10.073 -1.6364 1.3763 -10.1055 0 2.0638 -10.4615
3 16 -2.3479 1.5371 -9.9646 -2.0329 2.0623 -10.3839 -1.6364 1.3763 -10.1055
3 16 -2.6498 2.0657 -9.9554 -2.0329 2.0623 -10.3839 -2.3479 1.5371 -9.9646
3 16 -2.0544 8.3178 -10.5853 -2.6498 2.0657 -9.9554 -2.7066 8.37 -10.3249
3 16 -2.0329 2.0623 -10.3839 -2.6498 2.0657 -9.9554 -2.0544 8.3178 -10.5853
3 16 -2.7066 8.37 -10.3249 -2.9686 2.2433 -9.0244 -3.0285 8.3635 -9.6762
3 16 -2.6498 2.0657 -9.9554 -2.9686 2.2433 -9.0244 -2.7066 8.37 -10.3249
3 16 -5.796 7.1039 -12.9017 -3.5979 8.3936 -8.8806 -5.0799 7.7993 -8.4626
3 16 -4.5332 8.0734 -13.3528 -3.5979 8.3936 -8.8806 -5.796 7.1039 -12.9017
3 16 -2.6213 7.6206 -14.526 0 8.1622 -14.346 -2.7589 8.1217 -14.2452
3 16 0 7.6707 -14.6302 0 8.1622 -14.346 -2.6213 7.6206 -14.526
3 16 0 7.6707 -14.6302 -2.5397 6.0742 -14.758 0 6.1501 -14.8895
3 16 -2.6213 7.6206 -14.526 -2.5397 6.0742 -14.758 0 7.6707 -14.6302
3 16 0 6.1501 -14.8895 -2.5045 5.6524 -16.3461 0 5.7179 -16.4528
3 16 -2.5397 6.0742 -14.758 -2.5045 5.6524 -16.3461 0 6.1501 -14.8895
3 16 -6.4944 6.2397 -8.116 -8.522 1.6062 -11.782 -6.8026 5.3592 -12.4229
3 16 -8.4244 1.8162 -7.0954 -8.522 1.6062 -11.782 -6.4944 6.2397 -8.116
3 16 -5.796 7.1039 -12.9017 -6.7178 5.3151 -12.9459 -5.7623 6.9487 -13.3911
3 16 -6.8026 5.3592 -12.4229 -6.7178 5.3151 -12.9459 -5.796 7.1039 -12.9017
3 16 0 8.4222 -13.8564 -2.7589 8.1217 -14.2452 0 8.1622 -14.346
3 16 -2.8475 8.3969 -13.7426 -2.7589 8.1217 -14.2452 0 8.4222 -13.8564
3 16 -4.5729 7.7828 -13.8897 -2.8475 8.3969 -13.7426 -4.5332 8.0734 -13.3528
3 16 -2.7589 8.1217 -14.2452 -2.8475 8.3969 -13.7426 -4.5729 7.7828 -13.8897
3 16 -4.5259 7.2781 -14.1574 -2.7589 8.1217 -14.2452 -4.5729 7.7828 -13.8897
3 16 -2.6213 7.6206 -14.526 -2.7589 8.1217 -14.2452 -4.5259 7.2781 -14.1574
3 16 -2.5397 6.0742 -14.758 -4.5259 7.2781 -14.1574 -4.0782 5.6858 -14.457
3 16 -2.6213 7.6206 -14.526 -4.5259 7.2781 -14.1574 -2.5397 6.0742 -14.758
3 16 -2.5397 6.0742 -14.758 -4.0193 5.403 -16.0744 -2.5045 5.6524 -16.3461
3 16 -4.0782 5.6858 -14.457 -4.0193 5.403 -16.0744 -2.5397 6.0742 -14.758
3 16 -4.5332 8.0734 -13.3528 -5.7623 6.9487 -13.3911 -4.5729 7.7828 -13.8897
3 16 -5.796 7.1039 -12.9017 -5.7623 6.9487 -13.3911 -4.5332 8.0734 -13.3528
3 16 -4.5259 7.2781 -14.1574 -5.7623 6.9487 -13.3911 -5.6245 6.5269 -13.7302
3 16 -4.5729 7.7828 -13.8897 -5.7623 6.9487 -13.3911 -4.5259 7.2781 -14.1574
3 16 -4.0782 5.6858 -14.457 -5.6245 6.5269 -13.7302 -5.163 4.6082 -14.167
3 16 -4.5259 7.2781 -14.1574 -5.6245 6.5269 -13.7302 -4.0782 5.6858 -14.457
3 16 -4.0782 5.6858 -14.457 -5.1039 4.3606 -15.8459 -4.0193 5.403 -16.0744
3 16 -5.163 4.6082 -14.167 -5.1039 4.3606 -15.8459 -4.0782 5.6858 -14.457
3 16 -9.5418 0.1733 -10.8483 -8.4244 1.8162 -7.0954 -9.3256 0.5075 -6.5286
3 16 -8.522 1.6062 -11.782 -8.4244 1.8162 -7.0954 -9.5418 0.1733 -10.8483
3 16 -10.5836 -0.3199 -9.7715 -9.3256 0.5075 -6.5286 -9.9742 0.2021 -6.1204
3 16 -9.5418 0.1733 -10.8483 -9.3256 0.5075 -6.5286 -10.5836 -0.3199 -9.7715
3 16 -4.9834 2.2515 -8.134 -6.4944 6.2397 -8.116 -5.0799 7.7993 -8.4626
3 16 -6.7561 2.2558 -7.6677 -6.4944 6.2397 -8.116 -4.9834 2.2515 -8.134
3 16 -6.7561 2.2558 -7.6677 -8.4244 1.8162 -7.0954 -6.4944 6.2397 -8.116
3 16 -7.6663 -3.4261 -7.3432 -8.4244 1.8162 -7.0954 -6.7561 2.2558 -7.6677
3 16 -9.3256 0.5075 -6.5286 -8.4244 1.8162 -7.0954 -7.6663 -3.4261 -7.3432
3 16 -8.7927 -0.2442 -11.844 -8.522 1.6062 -11.782 -9.5418 0.1733 -10.8483
3 16 -8.0356 -0.0786 -12.6083 -8.522 1.6062 -11.782 -8.7927 -0.2442 -11.844
3 16 -9.5522 -3.4486 -6.4514 -10.5847 -3.7135 -5.7252 -11.4181 -3.6622 -4.6409
3 16 -9.0912 -3.657 -7.6761 -10.5847 -3.7135 -5.7252 -9.5522 -3.4486 -6.4514
3 16 -9.9742 0.2021 -6.1204 -12.3238 -0.3013 -7.895 -10.5836 -0.3199 -9.7715
3 16 -10.9529 -0.01 -5.3503 -12.3238 -0.3013 -7.895 -9.9742 0.2021 -6.1204
3 16 -12.3238 -0.3013 -7.895 -10.4055 -4.1851 -9.7858 -10.5836 -0.3199 -9.7715
3 16 -12.7093 -4.1851 -7.4757 -10.4055 -4.1851 -9.7858 -12.3238 -0.3013 -7.895
3 16 -10.9529 -0.01 -5.3503 -14.6037 0 -5.5875 -12.3238 -0.3013 -7.895
3 16 -12.1817 0 -4.1494 -14.6037 0 -5.5875 -10.9529 -0.01 -5.3503
3 16 -14.6037 0 -5.5875 -12.7093 -4.1851 -7.4757 -12.3238 -0.3013 -7.895
3 16 -14.8917 -4.1851 -5.2685 -12.7093 -4.1851 -7.4757 -14.6037 0 -5.5875
3 16 -7.1271 -0.2442 -13.3525 -5.9088 -0.7337 -13.8001 -5.9122 2.8239 -13.7779
3 16 -6.9889 -0.9847 -13.4441 -5.9088 -0.7337 -13.8001 -7.1271 -0.2442 -13.3525
3 16 -5.7054 -0.5073 -15.6302 -5.9122 2.8239 -13.7779 -5.9088 -0.7337 -13.8001
3 16 -5.7174 2.681 -15.666 -5.9122 2.8239 -13.7779 -5.7054 -0.5073 -15.6302
3 16 -3.5979 8.3936 -8.8806 -4.5332 8.0734 -13.3528 -3.0285 8.3635 -9.6762
3 16 -6.4944 6.2397 -8.116 -5.796 7.1039 -12.9017 -5.0799 7.7993 -8.4626
3 16 -6.8026 5.3592 -12.4229 -5.796 7.1039 -12.9017 -6.4944 6.2397 -8.116
3 16 -7.1271 -0.2442 -13.3525 -8.522 1.6062 -11.782 -8.0356 -0.0786 -12.6083
3 16 -5.9122 2.8239 -13.7779 -8.522 1.6062 -11.782 -7.1271 -0.2442 -13.3525
3 16 -6.8197 -4.1851 -13.0594 -6.9889 -3.0171 -13.3693 -7.21 -3.6658 -13.1748
3 16 -4.9838 -4.1851 -13.9834 -6.9889 -3.0171 -13.3693 -6.8197 -4.1851 -13.0594
3 16 -7.1271 -0.2442 -13.3525 -8.0763 -0.1474 -13.9817 -7.5156 -0.313 -13.9817
3 16 -8.0356 -0.0786 -12.6083 -8.0763 -0.1474 -13.9817 -7.1271 -0.2442 -13.3525
3 16 -6.9889 -0.9847 -13.4441 -7.5156 -0.313 -13.9817 -7.3433 -1.2681 -13.9817
3 16 -7.1271 -0.2442 -13.3525 -7.5156 -0.313 -13.9817 -6.9889 -0.9847 -13.4441
3 16 -6.9889 -3.0171 -13.3693 -7.3433 -1.2681 -13.9817 -7.3433 -2.7994 -13.9817
3 16 -6.9889 -0.9847 -13.4441 -7.3433 -1.2681 -13.9817 -6.9889 -3.0171 -13.3693
3 16 -8.7432 -1.2681 -13.9817 -8.8803 -3.0187 -11.6207 -8.7432 -2.7994 -13.9817
3 16 -8.8803 -0.8568 -11.7256 -8.8803 -3.0187 -11.6207 -8.7432 -1.2681 -13.9817
3 16 -7.5156 -0.313 -13.9817 -8.0556 -1.2681 -13.9817 -7.3433 -1.2681 -13.9817
3 16 -8.0763 -0.1474 -13.9817 -8.0556 -1.2681 -13.9817 -7.5156 -0.313 -13.9817
3 16 -7.3433 -1.2681 -13.9817 -8.0068 -2.7994 -13.9817 -7.3433 -2.7994 -13.9817
3 16 -8.0556 -1.2681 -13.9817 -8.0068 -2.7994 -13.9817 -7.3433 -1.2681 -13.9817
3 16 -7.3744 -3.4858 -13.9817 -8.0068 -2.7994 -13.9817 -8.0396 -3.7027 -13.9817
3 16 -7.3433 -2.7994 -13.9817 -8.0068 -2.7994 -13.9817 -7.3744 -3.4858 -13.9817
3 16 -7.3744 -3.4858 -13.9817 -6.9889 -3.0171 -13.3693 -7.3433 -2.7994 -13.9817
3 16 -7.21 -3.6658 -13.1748 -6.9889 -3.0171 -13.3693 -7.3744 -3.4858 -13.9817
3 16 -8.0396 -3.7027 -13.9817 -7.21 -3.6658 -13.1748 -7.3744 -3.4858 -13.9817
3 16 -8.0781 -3.7627 -12.337 -7.21 -3.6658 -13.1748 -8.0396 -3.7027 -13.9817
3 16 -8.6352 -0.313 -13.9817 -8.0556 -1.2681 -13.9817 -8.0763 -0.1474 -13.9817
3 16 -8.7432 -1.2681 -13.9817 -8.0556 -1.2681 -13.9817 -8.6352 -0.313 -13.9817
3 16 -8.7432 -2.7994 -13.9817 -8.0556 -1.2681 -13.9817 -8.7432 -1.2681 -13.9817
3 16 -8.0068 -2.7994 -13.9817 -8.0556 -1.2681 -13.9817 -8.7432 -2.7994 -13.9817
3 16 -1.9528 -1.7138 -14.8953 -4.9838 -4.1851 -13.9834 -1.836 -4.1851 -14.6843
3 16 -5.0423 -1.6466 -14.2328 -4.9838 -4.1851 -13.9834 -1.9528 -1.7138 -14.8953
3 16 0 -1.7138 -14.9968 -1.836 -4.1851 -14.6843 0 -4.1851 -14.8174
3 16 -1.9528 -1.7138 -14.8953 -1.836 -4.1851 -14.6843 0 -1.7138 -14.9968
3 16 -4.8738 -1.4691 -15.9151 -1.9524 -1.4639 -16.4185 -2.8063 -0.297 -16.3014
3 16 -4.8738 -1.4691 -15.9151 -5.7054 -0.5073 -15.6302 -5.5833 -1.1803 -15.66
3 16 -2.8063 -0.297 -16.3014 -5.7054 -0.5073 -15.6302 -4.8738 -1.4691 -15.9151
3 16 -1.9524 -1.4639 -16.4185 0 -0.3328 -16.4528 -2.8063 -0.297 -16.3014
3 16 0 -1.4639 -16.4528 0 -0.3328 -16.4528 -1.9524 -1.4639 -16.4185
3 16 -2.8065 2.261 -16.3014 -5.7054 -0.5073 -15.6302 -2.8063 -0.297 -16.3014
3 16 -5.7174 2.681 -15.666 -5.7054 -0.5073 -15.6302 -2.8065 2.261 -16.3014
3 16 0 2.1131 -16.4528 -2.8063 -0.297 -16.3014 0 -0.3328 -16.4528
3 16 -2.8065 2.261 -16.3014 -2.8063 -0.297 -16.3014 0 2.1131 -16.4528
3 16 -2.8065 2.261 -16.3014 -5.1039 4.3606 -15.8459 -5.7174 2.681 -15.666
3 16 -2.8063 4.096 -16.3014 -5.1039 4.3606 -15.8459 -2.8065 2.261 -16.3014
3 16 -2.8065 2.261 -16.3014 0 4.0385 -16.4528 -2.8063 4.096 -16.3014
3 16 0 2.1131 -16.4528 0 4.0385 -16.4528 -2.8065 2.261 -16.3014
3 16 -2.5045 5.6524 -16.3461 0 4.0385 -16.4528 0 5.7179 -16.4528
3 16 -2.8063 4.096 -16.3014 0 4.0385 -16.4528 -2.5045 5.6524 -16.3461
3 16 -4.0193 5.403 -16.0744 -2.8063 4.096 -16.3014 -2.5045 5.6524 -16.3461
3 16 -5.1039 4.3606 -15.8459 -2.8063 4.096 -16.3014 -4.0193 5.403 -16.0744
3 16 -10.9529 -0.01 -5.3503 -9.5522 -3.4486 -6.4514 -11.4181 -3.6622 -4.6409
3 16 -9.9742 0.2021 -6.1204 -9.5522 -3.4486 -6.4514 -10.9529 -0.01 -5.3503
3 16 -12.2613 -3.9428 -3.7624 -11.4181 -3.6622 -4.6409 -12.5275 -4.1851 -3.9211
3 16 -12.1817 0 -4.1494 -11.4181 -3.6622 -4.6409 -12.2613 -3.9428 -3.7624
3 16 -10.9529 -0.01 -5.3503 -11.4181 -3.6622 -4.6409 -12.1817 0 -4.1494
3 16 -13.4147 -4.0481 -1.8885 -12.5275 -4.1851 -3.9211 -13.6776 -4.1851 -2.0514
3 16 -12.2613 -3.9428 -3.7624 -12.5275 -4.1851 -3.9211 -13.4147 -4.0481 -1.8885
3 16 -13.4147 -4.0481 -1.8885 -13.6776 -4.1851 -2.0514 -14.0498 -4.1851 0.1551
3 16 -13.4692 0 1.9564 -14.0498 -4.1851 0.1551 -13.5903 -4.1851 2.1019
3 16 -13.8506 0 -0.2074 -14.0498 -4.1851 0.1551 -13.4692 0 1.9564
3 16 -13.3712 0 -2.3889 -12.2613 -3.9428 -3.7624 -13.4147 -4.0481 -1.8885
3 16 -12.1817 0 -4.1494 -12.2613 -3.9428 -3.7624 -13.3712 0 -2.3889
3 16 0 -4.1851 8.8315 -4.2822 0 8.2976 -4.7155 -4.1851 8.5219
3 16 0 0 8.6603 -4.2822 0 8.2976 0 -4.1851 8.8315
3 16 -8.0027 0 7.1789 -4.7155 -4.1851 8.5219 -4.2822 0 8.2976
3 16 -8.3454 -4.1851 7.2063 -4.7155 -4.1851 8.5219 -8.0027 0 7.1789
3 16 -10.6007 0 5.6706 -8.3454 -4.1851 7.2063 -8.0027 0 7.1789
3 16 -10.9992 -4.1851 5.6718 -8.3454 -4.1851 7.2063 -10.6007 0 5.6706
3 16 -12.3915 0 3.8727 -10.9992 -4.1851 5.6718 -10.6007 0 5.6706
3 16 -12.6625 -4.1851 3.7558 -10.9992 -4.1851 5.6718 -12.3915 0 3.8727
3 16 -12.6625 -4.1851 3.7558 -13.4692 0 1.9564 -13.5903 -4.1851 2.1019
3 16 -12.3915 0 3.8727 -13.4692 0 1.9564 -12.6625 -4.1851 3.7558
3 16 -4.2822 0 8.2976 0 0 11.4774 -4.8042 0 11.1193
3 16 0 0 8.6603 0 0 11.4774 -4.2822 0 8.2976
3 16 -8.0027 0 7.1789 -4.8042 0 11.1193 -9.2333 0 9.6445
3 16 -4.2822 0 8.2976 -4.8042 0 11.1193 -8.0027 0 7.1789
3 16 -10.6007 0 5.6706 -9.2333 0 9.6445 -12.3728 0 7.7549
3 16 -8.0027 0 7.1789 -9.2333 0 9.6445 -10.6007 0 5.6706
3 16 -12.3915 0 3.8727 -12.3728 0 7.7549 -14.8723 0 5.4365
3 16 -10.6007 0 5.6706 -12.3728 0 7.7549 -12.3915 0 3.8727
3 16 -13.4692 0 1.9564 -14.8723 0 5.4365 -16.4752 0 2.5005
3 16 -12.3915 0 3.8727 -14.8723 0 5.4365 -13.4692 0 1.9564
3 16 -13.8506 0 -0.2074 -16.4752 0 2.5005 -16.7021 0 -0.6853
3 16 -13.4692 0 1.9564 -16.4752 0 2.5005 -13.8506 0 -0.2074
3 16 -14.6037 0 -5.5875 -13.3712 0 -2.3889 -16.0044 0 -3.4272
3 16 -12.1817 0 -4.1494 -13.3712 0 -2.3889 -14.6037 0 -5.5875
3 16 -13.3712 0 -2.3889 -16.7021 0 -0.6853 -16.0044 0 -3.4272
3 16 -13.8506 0 -0.2074 -16.7021 0 -0.6853 -13.3712 0 -2.3889
3 16 -16.2432 -4.1851 -2.9153 -16.7021 0 -0.6853 -16.7547 -4.1851 -0.32
3 16 -16.0044 0 -3.4272 -16.7021 0 -0.6853 -16.2432 -4.1851 -2.9153
3 16 -16.0044 0 -3.4272 -14.8917 -4.1851 -5.2685 -14.6037 0 -5.5875
3 16 -16.2432 -4.1851 -2.9153 -14.8917 -4.1851 -5.2685 -16.0044 0 -3.4272
3 16 -8.6895 -3.5289 -13.9817 -8.0068 -2.7994 -13.9817 -8.7432 -2.7994 -13.9817
3 16 -8.0396 -3.7027 -13.9817 -8.0068 -2.7994 -13.9817 -8.6895 -3.5289 -13.9817
3 16 -8.0356 -0.0786 -12.6083 -8.6352 -0.313 -13.9817 -8.0763 -0.1474 -13.9817
3 16 -8.7927 -0.2442 -11.844 -8.6352 -0.313 -13.9817 -8.0356 -0.0786 -12.6083
3 16 -8.6895 -3.5289 -13.9817 -8.0781 -3.7627 -12.337 -8.0396 -3.7027 -13.9817
3 16 -8.7856 -3.589 -11.6323 -8.0781 -3.7627 -12.337 -8.6895 -3.5289 -13.9817
3 16 -8.8803 -3.0187 -11.6207 -8.6895 -3.5289 -13.9817 -8.7432 -2.7994 -13.9817
3 16 -8.7856 -3.589 -11.6323 -8.6895 -3.5289 -13.9817 -8.8803 -3.0187 -11.6207
3 16 -8.6352 -0.313 -13.9817 -8.8803 -0.8568 -11.7256 -8.7432 -1.2681 -13.9817
3 16 -8.7927 -0.2442 -11.844 -8.8803 -0.8568 -11.7256 -8.6352 -0.313 -13.9817
3 16 -8.8803 -0.8568 -11.7256 -9.5418 0.1733 -10.8483 -10.5836 -0.3199 -9.7715
3 16 -8.7927 -0.2442 -11.844 -9.5418 0.1733 -10.8483 -8.8803 -0.8568 -11.7256
3 16 -7.2564 -3.6263 -9.7932 -9.0912 -3.657 -7.6761 -7.6663 -3.4261 -7.3432
3 16 -7.2564 -3.6263 -9.7932 -9.3273 -4.1851 -8.222 -9.0912 -3.657 -7.6761
3 16 -7.5226 -4.1851 -10.1403 -9.3273 -4.1851 -8.222 -7.2564 -3.6263 -9.7932
3 16 -10.4055 -4.1851 -9.7858 -7.5226 -4.1851 -10.1403 -8.3888 -4.1851 -11.7463
3 16 -9.3273 -4.1851 -8.222 -7.5226 -4.1851 -10.1403 -10.4055 -4.1851 -9.7858
3 16 -8.7856 -3.589 -11.6323 -8.3888 -4.1851 -11.7463 -8.0781 -3.7627 -12.337
3 16 -10.4055 -4.1851 -9.7858 -8.3888 -4.1851 -11.7463 -8.7856 -3.589 -11.6323
3 16 -8.3888 -4.1851 -11.7463 -5.8865 -4.1851 -11.4633 -6.8197 -4.1851 -13.0594
3 16 -7.5226 -4.1851 -10.1403 -5.8865 -4.1851 -11.4633 -8.3888 -4.1851 -11.7463
3 16 0 -3.5419 -12.4595 -1.5581 -4.1851 -13.0489 -1.5581 -3.5475 -12.3448
3 16 0 -4.1851 -13.1243 -1.5581 -4.1851 -13.0489 0 -3.5419 -12.4595
3 16 -1.5581 -3.5475 -12.3448 0 -3.44 -8.7354 0 -3.5419 -12.4595
3 16 0 8.2999 -10.5893 -2.0329 2.0623 -10.3839 -2.0544 8.3178 -10.5853
3 16 0 2.0638 -10.4615 -2.0329 2.0623 -10.3839 0 8.2999 -10.5893
3 16 0 8.4222 -13.8564 -2.0544 8.3178 -10.5853 -2.8475 8.3969 -13.7426
3 16 0 8.2999 -10.5893 -2.0544 8.3178 -10.5853 0 8.4222 -13.8564
3 16 6.7178 5.3151 -12.9459 5.6245 6.5269 -13.7302 6.5929 4.9689 -13.2334
3 16 5.7623 6.9487 -13.3911 5.6245 6.5269 -13.7302 6.7178 5.3151 -12.9459
3 16 12.5275 -4.1851 -3.9211 12.7093 -4.1851 -7.4757 11.0438 -4.1851 -5.9183
3 16 14.8917 -4.1851 -5.2685 12.7093 -4.1851 -7.4757 12.5275 -4.1851 -3.9211
3 16 9.3273 -4.1851 -8.222 12.7093 -4.1851 -7.4757 10.4055 -4.1851 -9.7858
3 16 11.0438 -4.1851 -5.9183 12.7093 -4.1851 -7.4757 9.3273 -4.1851 -8.222
3 16 14.8917 -4.1851 -5.2685 13.6776 -4.1851 -2.0514 16.2432 -4.1851 -2.9153
3 16 12.5275 -4.1851 -3.9211 13.6776 -4.1851 -2.0514 14.8917 -4.1851 -5.2685
3 16 16.7547 -4.1851 -0.32 13.6776 -4.1851 -2.0514 14.0498 -4.1851 0.1551
3 16 16.2432 -4.1851 -2.9153 13.6776 -4.1851 -2.0514 16.7547 -4.1851 -0.32
3 16 14.0498 -4.1851 0.1551 16.4579 -4.1851 2.6624 16.7547 -4.1851 -0.32
3 16 13.5903 -4.1851 2.1019 16.4579 -4.1851 2.6624 14.0498 -4.1851 0.1551
3 16 14.8614 -4.1851 5.4942 13.5903 -4.1851 2.1019 12.6625 -4.1851 3.7558
3 16 16.4579 -4.1851 2.6624 13.5903 -4.1851 2.1019 14.8614 -4.1851 5.4942
3 16 10.9992 -4.1851 5.6718 14.8614 -4.1851 5.4942 12.6625 -4.1851 3.7558
3 16 12.3247 -4.1851 7.7547 14.8614 -4.1851 5.4942 10.9992 -4.1851 5.6718
3 16 8.3454 -4.1851 7.2063 12.3247 -4.1851 7.7547 10.9992 -4.1851 5.6718
3 16 9.1159 -4.1851 9.6421 12.3247 -4.1851 7.7547 8.3454 -4.1851 7.2063
3 16 4.7155 -4.1851 8.5219 9.1159 -4.1851 9.6421 8.3454 -4.1851 7.2063
3 16 4.8214 -4.1851 11.025 9.1159 -4.1851 9.6421 4.7155 -4.1851 8.5219
3 16 4.8214 -4.1851 11.025 0 -4.1851 8.8315 0 -4.1851 11.4635
3 16 4.7155 -4.1851 8.5219 0 -4.1851 8.8315 4.8214 -4.1851 11.025
3 16 4.2822 0 8.2976 0 0 11.4774 0 0 8.6603
3 16 4.8042 0 11.1193 0 0 11.4774 4.2822 0 8.2976
3 16 8.0027 0 7.1789 4.8042 0 11.1193 4.2822 0 8.2976
3 16 9.2333 0 9.6445 4.8042 0 11.1193 8.0027 0 7.1789
3 16 10.6007 0 5.6706 9.2333 0 9.6445 8.0027 0 7.1789
3 16 12.3728 0 7.7549 9.2333 0 9.6445 10.6007 0 5.6706
3 16 12.3915 0 3.8727 12.3728 0 7.7549 10.6007 0 5.6706
3 16 14.8723 0 5.4365 12.3728 0 7.7549 12.3915 0 3.8727
3 16 13.4692 0 1.9564 14.8723 0 5.4365 12.3915 0 3.8727
3 16 16.4752 0 2.5005 14.8723 0 5.4365 13.4692 0 1.9564
3 16 5.8865 -4.1851 -11.4633 4.9838 -4.1851 -13.9834 3.9332 -4.1851 -12.3569
3 16 6.8197 -4.1851 -13.0594 4.9838 -4.1851 -13.9834 5.8865 -4.1851 -11.4633
3 16 3.9332 -4.1851 -12.3569 1.836 -4.1851 -14.6843 1.5581 -4.1851 -13.0489
3 16 4.9838 -4.1851 -13.9834 1.836 -4.1851 -14.6843 3.9332 -4.1851 -12.3569
3 16 1.5581 -4.1851 -13.0489 0 -4.1851 -14.8174 0 -4.1851 -13.1243
3 16 1.836 -4.1851 -14.6843 0 -4.1851 -14.8174 1.5581 -4.1851 -13.0489
3 16 4.3446 -3.44 -8.3546 1.5581 -3.5475 -12.3448 0 -3.44 -8.7354
3 16 3.8095 -3.5565 -11.8295 1.5581 -3.5475 -12.3448 4.3446 -3.44 -8.3546
3 16 4.3446 -3.44 -8.3546 5.6969 -3.6014 -11.0001 3.8095 -3.5565 -11.8295
3 16 7.6663 -3.4261 -7.3432 9.5522 -3.4486 -6.4514 9.0912 -3.657 -7.6761
3 16 7.2564 -3.6263 -9.7932 4.3446 -3.44 -8.3546 7.6663 -3.4261 -7.3432
3 16 5.6969 -3.6014 -11.0001 4.3446 -3.44 -8.3546 7.2564 -3.6263 -9.7932
3 16 4.9834 2.2515 -8.134 2.9882 0.869 -8.4375 3.4802 2.2509 -8.3751
3 16 4.3446 -3.44 -8.3546 2.9882 0.869 -8.4375 4.9834 2.2515 -8.134
3 16 1.628 1.0659 -8.9485 0 0.5235 -8.6291 0 1.0133 -8.9939
3 16 1.7401 0.5241 -8.5684 0 0.5235 -8.6291 1.628 1.0659 -8.9485
3 16 2.5604 1.4506 -9.017 1.7401 0.5241 -8.5684 1.628 1.0659 -8.9485
3 16 2.9882 0.869 -8.4375 1.7401 0.5241 -8.5684 2.5604 1.4506 -9.017
3 16 2.5604 1.4506 -9.017 3.4802 2.2509 -8.3751 2.9882 0.869 -8.4375
3 16 2.9686 2.2433 -9.0244 3.4802 2.2509 -8.3751 2.5604 1.4506 -9.017
3 16 2.5604 1.4506 -9.017 2.6498 2.0657 -9.9554 2.9686 2.2433 -9.0244
3 16 2.3479 1.5371 -9.9646 2.6498 2.0657 -9.9554 2.5604 1.4506 -9.017
3 16 1.628 1.0659 -8.9485 2.3479 1.5371 -9.9646 2.5604 1.4506 -9.017
3 16 1.6364 1.3763 -10.1055 2.3479 1.5371 -9.9646 1.628 1.0659 -8.9485
3 16 0 1.3413 -10.073 1.628 1.0659 -8.9485 0 1.0133 -8.9939
3 16 1.6364 1.3763 -10.1055 1.628 1.0659 -8.9485 0 1.3413 -10.073
3 16 0 2.0638 -10.4615 1.6364 1.3763 -10.1055 0 1.3413 -10.073
3 16 2.0329 2.0623 -10.3839 1.6364 1.3763 -10.1055 0 2.0638 -10.4615
3 16 2.3479 1.5371 -9.9646 2.0329 2.0623 -10.3839 2.6498 2.0657 -9.9554
3 16 1.6364 1.3763 -10.1055 2.0329 2.0623 -10.3839 2.3479 1.5371 -9.9646
3 16 2.7066 8.37 -10.3249 2.0544 8.3178 -10.5853 2.8475 8.3969 -13.7426
3 16 2.6213 7.6206 -14.526 0 8.1622 -14.346 0 7.6707 -14.6302
3 16 2.7589 8.1217 -14.2452 0 8.1622 -14.346 2.6213 7.6206 -14.526
3 16 2.0544 8.3178 -10.5853 0 8.4222 -13.8564 2.8475 8.3969 -13.7426
3 16 0 8.2999 -10.5893 0 8.4222 -13.8564 2.0544 8.3178 -10.5853
3 16 6.7178 5.3151 -12.9459 5.796 7.1039 -12.9017 5.7623 6.9487 -13.3911
3 16 6.8026 5.3592 -12.4229 5.796 7.1039 -12.9017 6.7178 5.3151 -12.9459
3 16 2.7589 8.1217 -14.2452 0 8.4222 -13.8564 0 8.1622 -14.346
3 16 2.8475 8.3969 -13.7426 0 8.4222 -13.8564 2.7589 8.1217 -14.2452
3 16 4.5729 7.7828 -13.8897 2.8475 8.3969 -13.7426 2.7589 8.1217 -14.2452
3 16 4.5332 8.0734 -13.3528 2.8475 8.3969 -13.7426 4.5729 7.7828 -13.8897
3 16 4.5259 7.2781 -14.1574 2.7589 8.1217 -14.2452 2.6213 7.6206 -14.526
3 16 4.5729 7.7828 -13.8897 2.7589 8.1217 -14.2452 4.5259 7.2781 -14.1574
3 16 5.7623 6.9487 -13.3911 4.5332 8.0734 -13.3528 4.5729 7.7828 -13.8897
3 16 5.796 7.1039 -12.9017 4.5332 8.0734 -13.3528 5.7623 6.9487 -13.3911
3 16 4.5259 7.2781 -14.1574 5.7623 6.9487 -13.3911 4.5729 7.7828 -13.8897
3 16 5.6245 6.5269 -13.7302 5.7623 6.9487 -13.3911 4.5259 7.2781 -14.1574
3 16 5.796 7.1039 -12.9017 6.4944 6.2397 -8.116 5.0799 7.7993 -8.4626
3 16 6.8026 5.3592 -12.4229 6.4944 6.2397 -8.116 5.796 7.1039 -12.9017
3 16 4.3446 -3.44 -8.3546 6.7561 2.2558 -7.6677 7.6663 -3.4261 -7.3432
3 16 4.9834 2.2515 -8.134 6.7561 2.2558 -7.6677 4.3446 -3.44 -8.3546
3 16 9.5418 0.1733 -10.8483 8.4244 1.8162 -7.0954 8.522 1.6062 -11.782
3 16 9.3256 0.5075 -6.5286 8.4244 1.8162 -7.0954 9.5418 0.1733 -10.8483
3 16 10.5836 -0.3199 -9.7715 9.3256 0.5075 -6.5286 9.5418 0.1733 -10.8483
3 16 9.9742 0.2021 -6.1204 9.3256 0.5075 -6.5286 10.5836 -0.3199 -9.7715
3 16 12.3238 -0.3013 -7.895 9.9742 0.2021 -6.1204 10.5836 -0.3199 -9.7715
3 16 10.9529 -0.01 -5.3503 9.9742 0.2021 -6.1204 12.3238 -0.3013 -7.895
3 16 8.4244 1.8162 -7.0954 7.6663 -3.4261 -7.3432 6.7561 2.2558 -7.6677
3 16 8.4244 1.8162 -7.0954 9.3256 0.5075 -6.5286 7.6663 -3.4261 -7.3432
3 16 9.5522 -3.4486 -6.4514 9.3256 0.5075 -6.5286 9.9742 0.2021 -6.1204
3 16 7.6663 -3.4261 -7.3432 9.3256 0.5075 -6.5286 9.5522 -3.4486 -6.4514
3 16 9.0912 -3.657 -7.6761 11.0438 -4.1851 -5.9183 9.3273 -4.1851 -8.222
3 16 10.5847 -3.7135 -5.7252 11.0438 -4.1851 -5.9183 9.0912 -3.657 -7.6761
3 16 5.6969 -3.6014 -11.0001 7.5226 -4.1851 -10.1403 5.8865 -4.1851 -11.4633
3 16 7.2564 -3.6263 -9.7932 7.5226 -4.1851 -10.1403 5.6969 -3.6014 -11.0001
3 16 3.8095 -3.5565 -11.8295 5.8865 -4.1851 -11.4633 3.9332 -4.1851 -12.3569
3 16 5.6969 -3.6014 -11.0001 5.8865 -4.1851 -11.4633 3.8095 -3.5565 -11.8295
3 16 1.5581 -3.5475 -12.3448 3.9332 -4.1851 -12.3569 1.5581 -4.1851 -13.0489
3 16 3.8095 -3.5565 -11.8295 3.9332 -4.1851 -12.3569 1.5581 -3.5475 -12.3448
3 16 0 -3.5419 -12.4595 1.5581 -4.1851 -13.0489 0 -4.1851 -13.1243
3 16 1.5581 -3.5475 -12.3448 1.5581 -4.1851 -13.0489 0 -3.5419 -12.4595
3 16 9.5522 -3.4486 -6.4514 10.5847 -3.7135 -5.7252 9.0912 -3.657 -7.6761
3 16 11.4181 -3.6622 -4.6409 10.5847 -3.7135 -5.7252 9.5522 -3.4486 -6.4514
3 16 4.0782 5.6858 -14.457 5.6245 6.5269 -13.7302 4.5259 7.2781 -14.1574
3 16 5.163 4.6082 -14.167 5.6245 6.5269 -13.7302 4.0782 5.6858 -14.457
3 16 2.5397 6.0742 -14.758 4.5259 7.2781 -14.1574 2.6213 7.6206 -14.526
3 16 4.0782 5.6858 -14.457 4.5259 7.2781 -14.1574 2.5397 6.0742 -14.758
3 16 2.5397 6.0742 -14.758 0 7.6707 -14.6302 0 6.1501 -14.8895
3 16 2.6213 7.6206 -14.526 0 7.6707 -14.6302 2.5397 6.0742 -14.758
3 16 3.5979 8.3936 -8.8806 5.796 7.1039 -12.9017 5.0799 7.7993 -8.4626
3 16 4.5332 8.0734 -13.3528 5.796 7.1039 -12.9017 3.5979 8.3936 -8.8806
3 16 6.5929 4.9689 -13.2334 5.163 4.6082 -14.167 5.9122 2.8239 -13.7779
3 16 5.6245 6.5269 -13.7302 5.163 4.6082 -14.167 6.5929 4.9689 -13.2334
3 16 10.4055 -4.1851 -9.7858 8.5262 -0.2377 -11.8497 8.3888 -4.1851 -11.7463
3 16 10.5836 -0.3199 -9.7715 8.5262 -0.2377 -11.8497 10.4055 -4.1851 -9.7858
3 16 12.3238 -0.3013 -7.895 10.4055 -4.1851 -9.7858 12.7093 -4.1851 -7.4757
3 16 10.5836 -0.3199 -9.7715 10.4055 -4.1851 -9.7858 12.3238 -0.3013 -7.895
3 16 14.6037 0 -5.5875 12.7093 -4.1851 -7.4757 14.8917 -4.1851 -5.2685
3 16 12.3238 -0.3013 -7.895 12.7093 -4.1851 -7.4757 14.6037 0 -5.5875
3 16 1.836 -4.1851 -14.6843 0 -1.7138 -14.9968 0 -4.1851 -14.8174
3 16 1.9528 -1.7138 -14.8953 0 -1.7138 -14.9968 1.836 -4.1851 -14.6843
3 16 4.9838 -4.1851 -13.9834 1.9528 -1.7138 -14.8953 1.836 -4.1851 -14.6843
3 16 5.0423 -1.6466 -14.2328 1.9528 -1.7138 -14.8953 4.9838 -4.1851 -13.9834
3 16 5.615 -1.4048 -13.9465 4.9838 -4.1851 -13.9834 6.8197 -4.1851 -13.0594
3 16 5.0423 -1.6466 -14.2328 4.9838 -4.1851 -13.9834 5.615 -1.4048 -13.9465
3 16 1.9524 -1.4639 -16.4185 4.8738 -1.4691 -15.9151 2.8063 -0.297 -16.3014
3 16 1.9524 -1.4639 -16.4185 0 -1.7138 -14.9968 1.9528 -1.7138 -14.8953
3 16 0 -1.4639 -16.4528 0 -1.7138 -14.9968 1.9524 -1.4639 -16.4185
3 16 4.8738 -1.4691 -15.9151 1.9528 -1.7138 -14.8953 5.0423 -1.6466 -14.2328
3 16 1.9524 -1.4639 -16.4185 1.9528 -1.7138 -14.8953 4.8738 -1.4691 -15.9151
3 16 5.5833 -1.1803 -15.66 5.0423 -1.6466 -14.2328 5.615 -1.4048 -13.9465
3 16 4.8738 -1.4691 -15.9151 5.0423 -1.6466 -14.2328 5.5833 -1.1803 -15.66
3 16 5.7054 -0.5073 -15.6302 5.615 -1.4048 -13.9465 5.9088 -0.7337 -13.8001
3 16 5.5833 -1.1803 -15.66 5.615 -1.4048 -13.9465 5.7054 -0.5073 -15.6302
3 16 5.7054 -0.5073 -15.6302 5.9122 2.8239 -13.7779 5.7174 2.681 -15.666
3 16 5.9088 -0.7337 -13.8001 5.9122 2.8239 -13.7779 5.7054 -0.5073 -15.6302
3 16 5.7174 2.681 -15.666 5.163 4.6082 -14.167 5.1039 4.3606 -15.8459
3 16 5.9122 2.8239 -13.7779 5.163 4.6082 -14.167 5.7174 2.681 -15.666
3 16 5.1039 4.3606 -15.8459 4.0782 5.6858 -14.457 4.0193 5.403 -16.0744
3 16 5.163 4.6082 -14.167 4.0782 5.6858 -14.457 5.1039 4.3606 -15.8459
3 16 4.0193 5.403 -16.0744 2.5397 6.0742 -14.758 2.5045 5.6524 -16.3461
3 16 4.0782 5.6858 -14.457 2.5397 6.0742 -14.758 4.0193 5.403 -16.0744
3 16 2.5045 5.6524 -16.3461 0 6.1501 -14.8895 0 5.7179 -16.4528
3 16 2.5397 6.0742 -14.758 0 6.1501 -14.8895 2.5045 5.6524 -16.3461
3 16 5.7054 -0.5073 -15.6302 4.8738 -1.4691 -15.9151 5.5833 -1.1803 -15.66
3 16 2.8063 -0.297 -16.3014 4.8738 -1.4691 -15.9151 5.7054 -0.5073 -15.6302
3 16 0 -0.3328 -16.4528 1.9524 -1.4639 -16.4185 2.8063 -0.297 -16.3014
3 16 0 -1.4639 -16.4528 1.9524 -1.4639 -16.4185 0 -0.3328 -16.4528
3 16 5.7054 -0.5073 -15.6302 2.8065 2.261 -16.3014 2.8063 -0.297 -16.3014
3 16 5.7174 2.681 -15.666 2.8065 2.261 -16.3014 5.7054 -0.5073 -15.6302
3 16 2.8063 -0.297 -16.3014 0 2.1131 -16.4528 0 -0.3328 -16.4528
3 16 2.8065 2.261 -16.3014 0 2.1131 -16.4528 2.8063 -0.297 -16.3014
3 16 5.1039 4.3606 -15.8459 2.8065 2.261 -16.3014 5.7174 2.681 -15.666
3 16 2.8063 4.096 -16.3014 2.8065 2.261 -16.3014 5.1039 4.3606 -15.8459
3 16 0 4.0385 -16.4528 2.8065 2.261 -16.3014 2.8063 4.096 -16.3014
3 16 0 2.1131 -16.4528 2.8065 2.261 -16.3014 0 4.0385 -16.4528
3 16 0 4.0385 -16.4528 2.5045 5.6524 -16.3461 0 5.7179 -16.4528
3 16 2.8063 4.096 -16.3014 2.5045 5.6524 -16.3461 0 4.0385 -16.4528
3 16 2.8063 4.096 -16.3014 4.0193 5.403 -16.0744 2.5045 5.6524 -16.3461
3 16 5.1039 4.3606 -15.8459 4.0193 5.403 -16.0744 2.8063 4.096 -16.3014
3 16 10.9529 -0.01 -5.3503 9.5522 -3.4486 -6.4514 9.9742 0.2021 -6.1204
3 16 11.4181 -3.6622 -4.6409 9.5522 -3.4486 -6.4514 10.9529 -0.01 -5.3503
3 16 12.5275 -4.1851 -3.9211 13.4147 -4.0481 -1.8885 13.6776 -4.1851 -2.0514
3 16 12.2613 -3.9428 -3.7624 13.4147 -4.0481 -1.8885 12.5275 -4.1851 -3.9211
3 16 11.4181 -3.6622 -4.6409 11.0438 -4.1851 -5.9183 10.5847 -3.7135 -5.7252
3 16 12.5275 -4.1851 -3.9211 11.0438 -4.1851 -5.9183 11.4181 -3.6622 -4.6409
3 16 14.6037 0 -5.5875 10.9529 -0.01 -5.3503 12.3238 -0.3013 -7.895
3 16 12.1817 0 -4.1494 10.9529 -0.01 -5.3503 14.6037 0 -5.5875
3 16 11.4181 -3.6622 -4.6409 12.1817 0 -4.1494 12.2613 -3.9428 -3.7624
3 16 10.9529 -0.01 -5.3503 12.1817 0 -4.1494 11.4181 -3.6622 -4.6409
3 16 14.6037 0 -5.5875 13.3712 0 -2.3889 12.1817 0 -4.1494
3 16 16.0044 0 -3.4272 13.3712 0 -2.3889 14.6037 0 -5.5875
3 16 12.2613 -3.9428 -3.7624 13.3712 0 -2.3889 13.4147 -4.0481 -1.8885
3 16 12.1817 0 -4.1494 13.3712 0 -2.3889 12.2613 -3.9428 -3.7624
3 16 4.2822 0 8.2976 0 -4.1851 8.8315 4.7155 -4.1851 8.5219
3 16 0 0 8.6603 0 -4.1851 8.8315 4.2822 0 8.2976
3 16 8.0027 0 7.1789 4.7155 -4.1851 8.5219 8.3454 -4.1851 7.2063
3 16 4.2822 0 8.2976 4.7155 -4.1851 8.5219 8.0027 0 7.1789
3 16 10.6007 0 5.6706 8.3454 -4.1851 7.2063 10.9992 -4.1851 5.6718
3 16 8.0027 0 7.1789 8.3454 -4.1851 7.2063 10.6007 0 5.6706
3 16 12.3915 0 3.8727 10.9992 -4.1851 5.6718 12.6625 -4.1851 3.7558
3 16 10.6007 0 5.6706 10.9992 -4.1851 5.6718 12.3915 0 3.8727
3 16 13.4692 0 1.9564 12.6625 -4.1851 3.7558 13.5903 -4.1851 2.1019
3 16 12.3915 0 3.8727 12.6625 -4.1851 3.7558 13.4692 0 1.9564
3 16 13.4147 -4.0481 -1.8885 13.8506 0 -0.2074 14.0498 -4.1851 0.1551
3 16 13.3712 0 -2.3889 13.8506 0 -0.2074 13.4147 -4.0481 -1.8885
3 16 13.3712 0 -2.3889 16.7021 0 -0.6853 13.8506 0 -0.2074
3 16 16.0044 0 -3.4272 16.7021 0 -0.6853 13.3712 0 -2.3889
3 16 14.0498 -4.1851 0.1551 13.4692 0 1.9564 13.5903 -4.1851 2.1019
3 16 13.8506 0 -0.2074 13.4692 0 1.9564 14.0498 -4.1851 0.1551
3 16 13.8506 0 -0.2074 16.4752 0 2.5005 13.4692 0 1.9564
3 16 16.7021 0 -0.6853 16.4752 0 2.5005 13.8506 0 -0.2074
3 16 0 -4.1851 11.4635 4.8042 0 11.1193 4.8214 -4.1851 11.025
3 16 0 0 11.4774 4.8042 0 11.1193 0 -4.1851 11.4635
3 16 9.1159 -4.1851 9.6421 4.8042 0 11.1193 9.2333 0 9.6445
3 16 4.8214 -4.1851 11.025 4.8042 0 11.1193 9.1159 -4.1851 9.6421
3 16 12.3247 -4.1851 7.7547 9.2333 0 9.6445 12.3728 0 7.7549
3 16 9.1159 -4.1851 9.6421 9.2333 0 9.6445 12.3247 -4.1851 7.7547
3 16 14.8614 -4.1851 5.4942 12.3728 0 7.7549 14.8723 0 5.4365
3 16 12.3247 -4.1851 7.7547 12.3728 0 7.7549 14.8614 -4.1851 5.4942
3 16 16.4579 -4.1851 2.6624 14.8723 0 5.4365 16.4752 0 2.5005
3 16 14.8614 -4.1851 5.4942 14.8723 0 5.4365 16.4579 -4.1851 2.6624
3 16 16.7547 -4.1851 -0.32 16.4752 0 2.5005 16.7021 0 -0.6853
3 16 16.4579 -4.1851 2.6624 16.4752 0 2.5005 16.7547 -4.1851 -0.32
3 16 16.0044 0 -3.4272 14.8917 -4.1851 -5.2685 16.2432 -4.1851 -2.9153
3 16 14.6037 0 -5.5875 14.8917 -4.1851 -5.2685 16.0044 0 -3.4272
3 16 16.7021 0 -0.6853 16.2432 -4.1851 -2.9153 16.7547 -4.1851 -0.32
3 16 16.0044 0 -3.4272 16.2432 -4.1851 -2.9153 16.7021 0 -0.6853
3 16 9.0912 -3.657 -7.6761 7.2564 -3.6263 -9.7932 7.6663 -3.4261 -7.3432
3 16 7.2564 -3.6263 -9.7932 9.3273 -4.1851 -8.222 7.5226 -4.1851 -10.1403
3 16 9.0912 -3.657 -7.6761 9.3273 -4.1851 -8.222 7.2564 -3.6263 -9.7932
3 16 7.5226 -4.1851 -10.1403 10.4055 -4.1851 -9.7858 8.3888 -4.1851 -11.7463
3 16 9.3273 -4.1851 -8.222 10.4055 -4.1851 -9.7858 7.5226 -4.1851 -10.1403
3 16 8.3888 -4.1851 -11.7463 5.8865 -4.1851 -11.4633 7.5226 -4.1851 -10.1403
3 16 6.8197 -4.1851 -13.0594 5.8865 -4.1851 -11.4633 8.3888 -4.1851 -11.7463
3 16 6.7178 5.3151 -12.9459 8.522 1.6062 -11.782 6.8026 5.3592 -12.4229
3 16 8.4244 1.8162 -7.0954 6.7561 2.2558 -7.6677 6.4944 6.2397 -8.116
3 16 6.4944 6.2397 -8.116 4.9834 2.2515 -8.134 5.0799 7.7993 -8.4626
3 16 6.7561 2.2558 -7.6677 4.9834 2.2515 -8.134 6.4944 6.2397 -8.116
3 16 5.0799 7.7993 -8.4626 3.4802 2.2509 -8.3751 3.5979 8.3936 -8.8806
3 16 4.9834 2.2515 -8.134 3.4802 2.2509 -8.3751 5.0799 7.7993 -8.4626
3 16 3.5979 8.3936 -8.8806 2.9686 2.2433 -9.0244 3.0285 8.3635 -9.6762
3 16 3.4802 2.2509 -8.3751 2.9686 2.2433 -9.0244 3.5979 8.3936 -8.8806
3 16 2.7066 8.37 -10.3249 2.9686 2.2433 -9.0244 2.6498 2.0657 -9.9554
3 16 3.0285 8.3635 -9.6762 2.9686 2.2433 -9.0244 2.7066 8.37 -10.3249
3 16 2.0544 8.3178 -10.5853 2.6498 2.0657 -9.9554 2.0329 2.0623 -10.3839
3 16 2.7066 8.37 -10.3249 2.6498 2.0657 -9.9554 2.0544 8.3178 -10.5853
3 16 0 -3.44 -8.7354 1.5581 -3.5475 -12.3448 0 -3.5419 -12.4595
3 16 0 0.5235 -8.6291 1.7401 0.5241 -8.5684 0 -3.44 -8.7354
3 16 0 8.2999 -10.5893 2.0329 2.0623 -10.3839 0 2.0638 -10.4615
3 16 2.0544 8.3178 -10.5853 2.0329 2.0623 -10.3839 0 8.2999 -10.5893
3 16 -8.0781 -3.7627 -12.337 -6.8197 -4.1851 -13.0594 -7.21 -3.6658 -13.1748
3 16 -8.3888 -4.1851 -11.7463 -6.8197 -4.1851 -13.0594 -8.0781 -3.7627 -12.337
3 16 6.5498 -0.599 -13.3614 8.3888 -4.1851 -11.7463 8.5262 -0.2377 -11.8497
3 16 6.8197 -4.1851 -13.0594 8.3888 -4.1851 -11.7463 6.5498 -0.599 -13.3614
3 16 6.5498 -0.599 -13.3614 5.9122 2.8239 -13.7779 5.9088 -0.7337 -13.8001
3 16 6.4741 3.0408 -13.3485 5.9122 2.8239 -13.7779 6.5498 -0.599 -13.3614
3 16 8.522 1.6062 -11.782 6.4944 6.2397 -8.116 6.8026 5.3592 -12.4229
3 16 8.4244 1.8162 -7.0954 6.4944 6.2397 -8.116 8.522 1.6062 -11.782
3 16 6.7178 5.3151 -12.9459 6.5929 4.9689 -13.2334 8.522 1.6062 -11.782
3 16 -8.522 1.6062 -11.782 -6.7178 5.3151 -12.9459 -6.8026 5.3592 -12.4229
3 16 -8.522 1.6062 -11.782 -6.5929 4.9689 -13.2334 -6.7178 5.3151 -12.9459
3 16 -5.615 -1.4048 -13.9465 -6.9889 -0.9847 -13.4441 -6.9889 -3.0171 -13.3693
3 16 -5.9088 -0.7337 -13.8001 -6.9889 -0.9847 -13.4441 -5.615 -1.4048 -13.9465
3 16 -5.0423 -1.6466 -14.2328 -6.9889 -3.0171 -13.3693 -4.9838 -4.1851 -13.9834
3 16 -5.615 -1.4048 -13.9465 -6.9889 -3.0171 -13.3693 -5.0423 -1.6466 -14.2328
3 16 5.9088 -0.7337 -13.8001 6.8197 -4.1851 -13.0594 6.5498 -0.599 -13.3614
3 16 5.9088 -0.7337 -13.8001 5.615 -1.4048 -13.9465 6.8197 -4.1851 -13.0594
3 16 -8.7856 -3.589 -11.6323 -8.8803 -3.0187 -11.6207 -10.4055 -4.1851 -9.7858
3 16 -10.5836 -0.3199 -9.7715 -8.8803 -3.0187 -11.6207 -8.8803 -0.8568 -11.7256
3 16 -10.4055 -4.1851 -9.7858 -8.8803 -3.0187 -11.6207 -10.5836 -0.3199 -9.7715
3 16 10.5836 -0.3199 -9.7715 9.5418 0.1733 -10.8483 8.5262 -0.2377 -11.8497
3 16 -5.163 4.6082 -14.167 -6.5929 4.9689 -13.2334 -5.9122 2.8239 -13.7779
3 16 -5.6245 6.5269 -13.7302 -6.5929 4.9689 -13.2334 -5.163 4.6082 -14.167
3 16 8.5262 -0.2377 -11.8497 9.5418 0.1733 -10.8483 8.522 1.6062 -11.782
3 16 8.522 1.6062 -11.782 6.5498 -0.599 -13.3614 8.5262 -0.2377 -11.8497
3 16 6.4741 3.0408 -13.3485 6.5498 -0.599 -13.3614 8.522 1.6062 -11.782
3 16 6.5929 4.9689 -13.2334 6.4741 3.0408 -13.3485 8.522 1.6062 -11.782
3 16 5.9122 2.8239 -13.7779 6.4741 3.0408 -13.3485 6.5929 4.9689 -13.2334
3 16 4.3446 -3.44 -8.3546 1.7401 0.5241 -8.5684 2.9882 0.869 -8.4375
3 16 0 -3.44 -8.7354 1.7401 0.5241 -8.5684 4.3446 -3.44 -8.3546
3 16 -4.9834 2.2515 -8.134 -2.9882 0.869 -8.4375 -4.3446 -3.44 -8.3546
3 16 -3.4802 2.2509 -8.3751 -2.9882 0.869 -8.4375 -4.9834 2.2515 -8.134
3 16 -2.8475 8.3969 -13.7426 -2.0544 8.3178 -10.5853 -2.7066 8.37 -10.3249
3 16 4.5332 8.0734 -13.3528 2.7066 8.37 -10.3249 2.8475 8.3969 -13.7426
3 16 3.0285 8.3635 -9.6762 2.7066 8.37 -10.3249 4.5332 8.0734 -13.3528
3 16 3.5979 8.3936 -8.8806 3.0285 8.3635 -9.6762 4.5332 8.0734 -13.3528
3 16 -2.7066 8.37 -10.3249 -4.5332 8.0734 -13.3528 -2.8475 8.3969 -13.7426
3 16 -3.0285 8.3635 -9.6762 -4.5332 8.0734 -13.3528 -2.7066 8.37 -10.3249
3 16 -13.8506 0 -0.2074 -13.4147 -4.0481 -1.8885 -14.0498 -4.1851 0.1551
3 16 -13.3712 0 -2.3889 -13.4147 -4.0481 -1.8885 -13.8506 0 -0.2074
3 16 13.6776 -4.1851 -2.0514 13.4147 -4.0481 -1.8885 14.0498 -4.1851 0.1551
3 16 12.2613 -3.9428 -3.7624 12.5275 -4.1851 -3.9211 11.4181 -3.6622 -4.6409
3 16 -11.0438 -4.1851 -5.9183 -11.4181 -3.6622 -4.6409 -10.5847 -3.7135 -5.7252
3 16 -12.5275 -4.1851 -3.9211 -11.4181 -3.6622 -4.6409 -11.0438 -4.1851 -5.9183
2 24 -4.8214 -4.1851 11.025 0 -4.1851 11.4635
2 24 -4.8042 0 11.1193 0 0 11.4774
2 24 -4.8214 -4.1851 11.025 -9.1159 -4.1851 9.6421
2 24 -4.8042 0 11.1193 -9.2333 0 9.6445
2 24 -12.3247 -4.1851 7.7547 -14.8614 -4.1851 5.4942
2 24 -12.3728 0 7.7549 -14.8723 0 5.4365
2 24 -16.4579 -4.1851 2.6624 -16.7547 -4.1851 -0.32
2 24 -16.4752 0 2.5005 -16.7021 0 -0.6853
2 24 -14.8614 -4.1851 5.4942 -16.4579 -4.1851 2.6624
2 24 -14.8723 0 5.4365 -16.4752 0 2.5005
2 24 -9.1159 -4.1851 9.6421 -12.3247 -4.1851 7.7547
2 24 -9.2333 0 9.6445 -12.3728 0 7.7549
2 24 -6.7178 5.3151 -12.9459 -5.7623 6.9487 -13.3911
2 24 -11.0438 -4.1851 -5.9183 -12.5275 -4.1851 -3.9211
2 24 -12.7093 -4.1851 -7.4757 -14.8917 -4.1851 -5.2685
2 24 -11.0438 -4.1851 -5.9183 -9.3273 -4.1851 -8.222
2 24 -12.7093 -4.1851 -7.4757 -10.4055 -4.1851 -9.7858
2 24 -12.5275 -4.1851 -3.9211 -13.6776 -4.1851 -2.0514
2 24 -14.8917 -4.1851 -5.2685 -16.2432 -4.1851 -2.9153
2 24 -13.6776 -4.1851 -2.0514 -14.0498 -4.1851 0.1551
2 24 -16.2432 -4.1851 -2.9153 -16.7547 -4.1851 -0.32
2 24 -16.7547 -4.1851 -0.32 -16.4579 -4.1851 2.6624
2 24 -14.0498 -4.1851 0.1551 -13.5903 -4.1851 2.1019
2 24 -13.5903 -4.1851 2.1019 -12.6625 -4.1851 3.7558
2 24 -16.4579 -4.1851 2.6624 -14.8614 -4.1851 5.4942
2 24 -12.6625 -4.1851 3.7558 -10.9992 -4.1851 5.6718
2 24 -14.8614 -4.1851 5.4942 -12.3247 -4.1851 7.7547
2 24 -10.9992 -4.1851 5.6718 -8.3454 -4.1851 7.2063
2 24 -12.3247 -4.1851 7.7547 -9.1159 -4.1851 9.6421
2 24 -8.3454 -4.1851 7.2063 -4.7155 -4.1851 8.5219
2 24 -9.1159 -4.1851 9.6421 -4.8214 -4.1851 11.025
2 24 -4.8214 -4.1851 11.025 0 -4.1851 11.4635
2 24 -4.7155 -4.1851 8.5219 0 -4.1851 8.8315
2 24 -6.8197 -4.1851 -13.0594 -4.9838 -4.1851 -13.9834
2 24 -5.8865 -4.1851 -11.4633 -3.9332 -4.1851 -12.3569
2 24 -3.9332 -4.1851 -12.3569 -1.5581 -4.1851 -13.0489
2 24 -4.9838 -4.1851 -13.9834 -1.836 -4.1851 -14.6843
2 24 -1.5581 -4.1851 -13.0489 0 -4.1851 -13.1243
2 24 -1.836 -4.1851 -14.6843 0 -4.1851 -14.8174
2 24 0 -1.4639 -16.4528 -1.9524 -1.4639 -16.4185
2 24 0 -1.7138 -14.9968 -1.9528 -1.7138 -14.8953
2 24 -1.9524 -1.4639 -16.4185 -4.8738 -1.4691 -15.9151
2 24 -1.9528 -1.7138 -14.8953 -5.0423 -1.6466 -14.2328
2 24 -4.8738 -1.4691 -15.9151 -5.5833 -1.1803 -15.66
2 24 -5.0423 -1.6466 -14.2328 -5.615 -1.4048 -13.9465
2 24 -5.5833 -1.1803 -15.66 -5.615 -1.4048 -13.9465
2 24 -5.5833 -1.1803 -15.66 -5.7054 -0.5073 -15.6302
2 24 -5.615 -1.4048 -13.9465 -5.9088 -0.7337 -13.8001
2 24 -5.1039 4.3606 -15.8459 -5.7174 2.681 -15.666
2 24 -5.163 4.6082 -14.167 -5.9122 2.8239 -13.7779
2 24 -3.8095 -3.5565 -11.8295 -1.5581 -3.5475 -12.3448
2 24 -3.9332 -4.1851 -12.3569 -1.5581 -4.1851 -13.0489
2 24 -3.8095 -3.5565 -11.8295 -5.6969 -3.6014 -11.0001
2 24 -3.9332 -4.1851 -12.3569 -5.8865 -4.1851 -11.4633
2 24 -3.8095 -3.5565 -11.8295 -1.5581 -3.5475 -12.3448
2 24 -4.3446 -3.44 -8.3546 0 -3.44 -8.7354
2 24 -3.8095 -3.5565 -11.8295 -5.6969 -3.6014 -11.0001
2 24 -5.6969 -3.6014 -11.0001 -7.2564 -3.6263 -9.7932
2 24 -5.8865 -4.1851 -11.4633 -7.5226 -4.1851 -10.1403
2 24 -10.5847 -3.7135 -5.7252 -9.0912 -3.657 -7.6761
2 24 -11.0438 -4.1851 -5.9183 -9.3273 -4.1851 -8.222
2 24 -7.6663 -3.4261 -7.3432 -9.5522 -3.4486 -6.4514
2 24 -4.3446 -3.44 -8.3546 -7.6663 -3.4261 -7.3432
2 24 -5.6969 -3.6014 -11.0001 -7.2564 -3.6263 -9.7932
2 24 0 0.5235 -8.6291 -1.7401 0.5241 -8.5684
2 24 0 -3.44 -8.7354 -4.3446 -3.44 -8.3546
2 24 -1.7401 0.5241 -8.5684 -2.9882 0.869 -8.4375
2 24 -4.3446 -3.44 -8.3546 -7.6663 -3.4261 -7.3432
2 24 -7.6663 -3.4261 -7.3432 -9.5522 -3.4486 -6.4514
2 24 -9.3256 0.5075 -6.5286 -9.9742 0.2021 -6.1204
2 24 -3.5979 8.3936 -8.8806 -5.0799 7.7993 -8.4626
2 24 -3.5979 8.3936 -8.8806 -3.4802 2.2509 -8.3751
2 24 0 0.5235 -8.6291 -1.7401 0.5241 -8.5684
2 24 -1.628 1.0659 -8.9485 -2.5604 1.4506 -9.017
2 24 -1.7401 0.5241 -8.5684 -2.9882 0.869 -8.4375
2 24 -2.9882 0.869 -8.4375 -3.4802 2.2509 -8.3751
2 24 -3.0285 8.3635 -9.6762 -3.5979 8.3936 -8.8806
2 24 -3.4802 2.2509 -8.3751 -3.5979 8.3936 -8.8806
2 24 -2.6498 2.0657 -9.9554 -2.3479 1.5371 -9.9646
2 24 -2.3479 1.5371 -9.9646 -1.6364 1.3763 -10.1055
2 24 -1.6364 1.3763 -10.1055 0 1.3413 -10.073
2 24 -1.6364 1.3763 -10.1055 0 1.3413 -10.073
2 24 -1.6364 1.3763 -10.1055 -2.3479 1.5371 -9.9646
2 24 -2.3479 1.5371 -9.9646 -2.6498 2.0657 -9.9554
2 24 -2.6498 2.0657 -9.9554 -2.7066 8.37 -10.3249
2 24 -2.7066 8.37 -10.3249 -2.0544 8.3178 -10.5853
2 24 -3.0285 8.3635 -9.6762 -2.7066 8.37 -10.3249
2 24 -2.6498 2.0657 -9.9554 -2.7066 8.37 -10.3249
2 24 -5.0799 7.7993 -8.4626 -3.5979 8.3936 -8.8806
2 24 -2.7589 8.1217 -14.2452 0 8.1622 -14.346
2 24 0 6.1501 -14.8895 -2.5397 6.0742 -14.758
2 24 0 5.7179 -16.4528 -2.5045 5.6524 -16.3461
2 24 0 6.1501 -14.8895 -2.5397 6.0742 -14.758
2 24 -6.4944 6.2397 -8.116 -8.4244 1.8162 -7.0954
2 24 -5.7623 6.9487 -13.3911 -6.7178 5.3151 -12.9459
2 24 0 8.1622 -14.346 -2.7589 8.1217 -14.2452
2 24 -2.7589 8.1217 -14.2452 -4.5729 7.7828 -13.8897
2 24 -2.7589 8.1217 -14.2452 -4.5729 7.7828 -13.8897
2 24 -2.5397 6.0742 -14.758 -4.0782 5.6858 -14.457
2 24 -2.5045 5.6524 -16.3461 -4.0193 5.403 -16.0744
2 24 -2.5397 6.0742 -14.758 -4.0782 5.6858 -14.457
2 24 -5.7623 6.9487 -13.3911 -4.5729 7.7828 -13.8897
2 24 -5.7623 6.9487 -13.3911 -4.5729 7.7828 -13.8897
2 24 -4.0782 5.6858 -14.457 -5.163 4.6082 -14.167
2 24 -5.1039 4.3606 -15.8459 -4.0193 5.403 -16.0744
2 24 -5.163 4.6082 -14.167 -4.0782 5.6858 -14.457
2 24 -8.4244 1.8162 -7.0954 -9.3256 0.5075 -6.5286
2 24 -8.522 1.6062 -11.782 -9.5418 0.1733 -10.8483
2 24 -9.3256 0.5075 -6.5286 -9.9742 0.2021 -6.1204
2 24 -9.5418 0.1733 -10.8483 -10.5836 -0.3199 -9.7715
2 24 -5.0799 7.7993 -8.4626 -6.4944 6.2397 -8.116
2 24 -6.4944 6.2397 -8.116 -8.4244 1.8162 -7.0954
2 24 -9.3256 0.5075 -6.5286 -8.4244 1.8162 -7.0954
2 24 -8.522 1.6062 -11.782 -9.5418 0.1733 -10.8483
2 24 -8.7927 -0.2442 -11.844 -8.0356 -0.0786 -12.6083
2 24 -10.5847 -3.7135 -5.7252 -11.4181 -3.6622 -4.6409
2 24 -9.5522 -3.4486 -6.4514 -11.4181 -3.6622 -4.6409
2 24 -10.5847 -3.7135 -5.7252 -9.0912 -3.657 -7.6761
2 24 -10.5836 -0.3199 -9.7715 -12.3238 -0.3013 -7.895
2 24 -9.9742 0.2021 -6.1204 -10.9529 -0.01 -5.3503
2 24 -10.5836 -0.3199 -9.7715 -12.3238 -0.3013 -7.895
2 24 -10.4055 -4.1851 -9.7858 -12.7093 -4.1851 -7.4757
2 24 -12.3238 -0.3013 -7.895 -14.6037 0 -5.5875
2 24 -10.9529 -0.01 -5.3503 -12.1817 0 -4.1494
2 24 -12.3238 -0.3013 -7.895 -14.6037 0 -5.5875
2 24 -12.7093 -4.1851 -7.4757 -14.8917 -4.1851 -5.2685
2 24 -5.9122 2.8239 -13.7779 -5.9088 -0.7337 -13.8001
2 24 -7.1271 -0.2442 -13.3525 -6.9889 -0.9847 -13.4441
2 24 -5.9088 -0.7337 -13.8001 -5.9122 2.8239 -13.7779
2 24 -5.7054 -0.5073 -15.6302 -5.7174 2.681 -15.666
2 24 -3.5979 8.3936 -8.8806 -3.0285 8.3635 -9.6762
2 24 -5.0799 7.7993 -8.4626 -6.4944 6.2397 -8.116
2 24 -8.0356 -0.0786 -12.6083 -7.1271 -0.2442 -13.3525
2 24 -7.21 -3.6658 -13.1748 -6.9889 -3.0171 -13.3693
2 24 -6.8197 -4.1851 -13.0594 -4.9838 -4.1851 -13.9834
2 24 -7.5156 -0.313 -13.9817 -8.0763 -0.1474 -13.9817
2 24 -7.5156 -0.313 -13.9817 -7.1271 -0.2442 -13.3525
2 24 -7.1271 -0.2442 -13.3525 -8.0356 -0.0786 -12.6083
2 24 -7.5156 -0.313 -13.9817 -7.3433 -1.2681 -13.9817
2 24 -7.1271 -0.2442 -13.3525 -6.9889 -0.9847 -13.4441
2 24 -7.3433 -1.2681 -13.9817 -7.3433 -2.7994 -13.9817
2 24 -6.9889 -0.9847 -13.4441 -6.9889 -3.0171 -13.3693
2 24 -8.7432 -2.7994 -13.9817 -8.7432 -1.2681 -13.9817
2 24 -8.8803 -3.0187 -11.6207 -8.8803 -0.8568 -11.7256
2 24 -7.3433 -1.2681 -13.9817 -7.5156 -0.313 -13.9817
2 24 -7.5156 -0.313 -13.9817 -8.0763 -0.1474 -13.9817
2 24 -7.3433 -1.2681 -13.9817 -7.3433 -2.7994 -13.9817
2 24 -8.0396 -3.7027 -13.9817 -7.3744 -3.4858 -13.9817
2 24 -7.3433 -2.7994 -13.9817 -7.3744 -3.4858 -13.9817
2 24 -7.3433 -2.7994 -13.9817 -7.3744 -3.4858 -13.9817
2 24 -6.9889 -3.0171 -13.3693 -7.21 -3.6658 -13.1748
2 24 -7.3744 -3.4858 -13.9817 -7.21 -3.6658 -13.1748
2 24 -7.3744 -3.4858 -13.9817 -8.0396 -3.7027 -13.9817
2 24 -7.21 -3.6658 -13.1748 -8.0781 -3.7627 -12.337
2 24 -8.0763 -0.1474 -13.9817 -8.6352 -0.313 -13.9817
2 24 -8.6352 -0.313 -13.9817 -8.7432 -1.2681 -13.9817
2 24 -8.7432 -1.2681 -13.9817 -8.7432 -2.7994 -13.9817
2 24 -4.9838 -4.1851 -13.9834 -1.836 -4.1851 -14.6843
2 24 -1.9528 -1.7138 -14.8953 -5.0423 -1.6466 -14.2328
2 24 -1.836 -4.1851 -14.6843 0 -4.1851 -14.8174
2 24 -1.9528 -1.7138 -14.8953 0 -1.7138 -14.9968
2 24 -1.9524 -1.4639 -16.4185 -4.8738 -1.4691 -15.9151
2 24 -5.5833 -1.1803 -15.66 -5.7054 -0.5073 -15.6302
2 24 -4.8738 -1.4691 -15.9151 -5.5833 -1.1803 -15.66
2 24 -1.9524 -1.4639 -16.4185 0 -1.4639 -16.4528
2 24 -5.7054 -0.5073 -15.6302 -5.7174 2.681 -15.666
2 24 -5.7174 2.681 -15.666 -5.1039 4.3606 -15.8459
2 24 0 5.7179 -16.4528 -2.5045 5.6524 -16.3461
2 24 -2.5045 5.6524 -16.3461 -4.0193 5.403 -16.0744
2 24 -5.1039 4.3606 -15.8459 -4.0193 5.403 -16.0744
2 24 -9.5522 -3.4486 -6.4514 -11.4181 -3.6622 -4.6409
2 24 -9.9742 0.2021 -6.1204 -10.9529 -0.01 -5.3503
2 24 -11.4181 -3.6622 -4.6409 -12.2613 -3.9428 -3.7624
2 24 -10.9529 -0.01 -5.3503 -12.1817 0 -4.1494
2 24 -12.5275 -4.1851 -3.9211 -13.6776 -4.1851 -2.0514
2 24 -12.2613 -3.9428 -3.7624 -13.4147 -4.0481 -1.8885
2 24 -13.6776 -4.1851 -2.0514 -14.0498 -4.1851 0.1551
2 24 -13.4147 -4.0481 -1.8885 -14.0498 -4.1851 0.1551
2 24 -14.0498 -4.1851 0.1551 -13.5903 -4.1851 2.1019
2 24 -13.4692 0 1.9564 -13.8506 0 -0.2074
2 24 -12.1817 0 -4.1494 -13.3712 0 -2.3889
2 24 -4.7155 -4.1851 8.5219 0 -4.1851 8.8315
2 24 -4.2822 0 8.2976 0 0 8.6603
2 24 -4.2822 0 8.2976 -8.0027 0 7.1789
2 24 -4.7155 -4.1851 8.5219 -8.3454 -4.1851 7.2063
2 24 -8.0027 0 7.1789 -10.6007 0 5.6706
2 24 -8.3454 -4.1851 7.2063 -10.9992 -4.1851 5.6718
2 24 -10.6007 0 5.6706 -12.3915 0 3.8727
2 24 -10.9992 -4.1851 5.6718 -12.6625 -4.1851 3.7558
2 24 -13.5903 -4.1851 2.1019 -12.6625 -4.1851 3.7558
2 24 -13.4692 0 1.9564 -12.3915 0 3.8727
2 24 -4.8042 0 11.1193 0 0 11.4774
2 24 -4.2822 0 8.2976 0 0 8.6603
2 24 -4.8042 0 11.1193 -9.2333 0 9.6445
2 24 -4.2822 0 8.2976 -8.0027 0 7.1789
2 24 -9.2333 0 9.6445 -12.3728 0 7.7549
2 24 -8.0027 0 7.1789 -10.6007 0 5.6706
2 24 -12.3728 0 7.7549 -14.8723 0 5.4365
2 24 -10.6007 0 5.6706 -12.3915 0 3.8727
2 24 -14.8723 0 5.4365 -16.4752 0 2.5005
2 24 -12.3915 0 3.8727 -13.4692 0 1.9564
2 24 -16.4752 0 2.5005 -16.7021 0 -0.6853
2 24 -13.4692 0 1.9564 -13.8506 0 -0.2074
2 24 -14.6037 0 -5.5875 -16.0044 0 -3.4272
2 24 -12.1817 0 -4.1494 -13.3712 0 -2.3889
2 24 -16.7021 0 -0.6853 -16.0044 0 -3.4272
2 24 -13.8506 0 -0.2074 -13.3712 0 -2.3889
2 24 -16.7547 -4.1851 -0.32 -16.2432 -4.1851 -2.9153
2 24 -16.7021 0 -0.6853 -16.0044 0 -3.4272
2 24 -14.6037 0 -5.5875 -16.0044 0 -3.4272
2 24 -14.8917 -4.1851 -5.2685 -16.2432 -4.1851 -2.9153
2 24 -8.7432 -2.7994 -13.9817 -8.6895 -3.5289 -13.9817
2 24 -8.0396 -3.7027 -13.9817 -8.6895 -3.5289 -13.9817
2 24 -8.0763 -0.1474 -13.9817 -8.6352 -0.313 -13.9817
2 24 -8.6352 -0.313 -13.9817 -8.7927 -0.2442 -11.844
2 24 -8.0356 -0.0786 -12.6083 -8.7927 -0.2442 -11.844
2 24 -8.0396 -3.7027 -13.9817 -8.6895 -3.5289 -13.9817
2 24 -8.0781 -3.7627 -12.337 -8.7856 -3.589 -11.6323
2 24 -8.6895 -3.5289 -13.9817 -8.7856 -3.589 -11.6323
2 24 -8.7432 -2.7994 -13.9817 -8.6895 -3.5289 -13.9817
2 24 -8.8803 -3.0187 -11.6207 -8.7856 -3.589 -11.6323
2 24 -8.7432 -1.2681 -13.9817 -8.6352 -0.313 -13.9817
2 24 -8.8803 -0.8568 -11.7256 -8.7927 -0.2442 -11.844
2 24 -9.5418 0.1733 -10.8483 -10.5836 -0.3199 -9.7715
2 24 -8.7927 -0.2442 -11.844 -8.8803 -0.8568 -11.7256
2 24 -9.0912 -3.657 -7.6761 -7.2564 -3.6263 -9.7932
2 24 -7.2564 -3.6263 -9.7932 -9.0912 -3.657 -7.6761
2 24 -7.5226 -4.1851 -10.1403 -9.3273 -4.1851 -8.222
2 24 -10.4055 -4.1851 -9.7858 -8.3888 -4.1851 -11.7463
2 24 -9.3273 -4.1851 -8.222 -7.5226 -4.1851 -10.1403
2 24 -8.0781 -3.7627 -12.337 -8.7856 -3.589 -11.6323
2 24 -10.4055 -4.1851 -9.7858 -8.3888 -4.1851 -11.7463
2 24 -6.8197 -4.1851 -13.0594 -8.3888 -4.1851 -11.7463
2 24 -5.8865 -4.1851 -11.4633 -7.5226 -4.1851 -10.1403
2 24 -1.5581 -3.5475 -12.3448 0 -3.5419 -12.4595
2 24 -1.5581 -4.1851 -13.0489 0 -4.1851 -13.1243
2 24 -1.5581 -3.5475 -12.3448 0 -3.5419 -12.4595
2 24 -2.0544 8.3178 -10.5853 0 8.2999 -10.5893
2 24 -2.0544 8.3178 -10.5853 0 8.2999 -10.5893
2 24 6.7178 5.3151 -12.9459 5.7623 6.9487 -13.3911
2 24 11.0438 -4.1851 -5.9183 12.5275 -4.1851 -3.9211
2 24 12.7093 -4.1851 -7.4757 14.8917 -4.1851 -5.2685
2 24 12.7093 -4.1851 -7.4757 10.4055 -4.1851 -9.7858
2 24 11.0438 -4.1851 -5.9183 9.3273 -4.1851 -8.222
2 24 14.8917 -4.1851 -5.2685 16.2432 -4.1851 -2.9153
2 24 12.5275 -4.1851 -3.9211 13.6776 -4.1851 -2.0514
2 24 13.6776 -4.1851 -2.0514 14.0498 -4.1851 0.1551
2 24 16.2432 -4.1851 -2.9153 16.7547 -4.1851 -0.32
2 24 16.7547 -4.1851 -0.32 16.4579 -4.1851 2.6624
2 24 14.0498 -4.1851 0.1551 13.5903 -4.1851 2.1019
2 24 13.5903 -4.1851 2.1019 12.6625 -4.1851 3.7558
2 24 16.4579 -4.1851 2.6624 14.8614 -4.1851 5.4942
2 24 12.6625 -4.1851 3.7558 10.9992 -4.1851 5.6718
2 24 14.8614 -4.1851 5.4942 12.3247 -4.1851 7.7547
2 24 10.9992 -4.1851 5.6718 8.3454 -4.1851 7.2063
2 24 12.3247 -4.1851 7.7547 9.1159 -4.1851 9.6421
2 24 8.3454 -4.1851 7.2063 4.7155 -4.1851 8.5219
2 24 9.1159 -4.1851 9.6421 4.8214 -4.1851 11.025
2 24 0 -4.1851 11.4635 4.8214 -4.1851 11.025
2 24 0 -4.1851 8.8315 4.7155 -4.1851 8.5219
2 24 0 0 8.6603 4.2822 0 8.2976
2 24 0 0 11.4774 4.8042 0 11.1193
2 24 4.2822 0 8.2976 8.0027 0 7.1789
2 24 4.8042 0 11.1193 9.2333 0 9.6445
2 24 8.0027 0 7.1789 10.6007 0 5.6706
2 24 9.2333 0 9.6445 12.3728 0 7.7549
2 24 10.6007 0 5.6706 12.3915 0 3.8727
2 24 12.3728 0 7.7549 14.8723 0 5.4365
2 24 12.3915 0 3.8727 13.4692 0 1.9564
2 24 14.8723 0 5.4365 16.4752 0 2.5005
2 24 3.9332 -4.1851 -12.3569 5.8865 -4.1851 -11.4633
2 24 4.9838 -4.1851 -13.9834 6.8197 -4.1851 -13.0594
2 24 3.9332 -4.1851 -12.3569 1.5581 -4.1851 -13.0489
2 24 4.9838 -4.1851 -13.9834 1.836 -4.1851 -14.6843
2 24 0 -4.1851 -13.1243 1.5581 -4.1851 -13.0489
2 24 0 -4.1851 -14.8174 1.836 -4.1851 -14.6843
2 24 0 -3.44 -8.7354 4.3446 -3.44 -8.3546
2 24 1.5581 -3.5475 -12.3448 3.8095 -3.5565 -11.8295
2 24 3.8095 -3.5565 -11.8295 5.6969 -3.6014 -11.0001
2 24 9.5522 -3.4486 -6.4514 7.6663 -3.4261 -7.3432
2 24 4.3446 -3.44 -8.3546 7.6663 -3.4261 -7.3432
2 24 5.6969 -3.6014 -11.0001 7.2564 -3.6263 -9.7932
2 24 3.4802 2.2509 -8.3751 2.9882 0.869 -8.4375
2 24 0 0.5235 -8.6291 1.7401 0.5241 -8.5684
2 24 1.628 1.0659 -8.9485 2.5604 1.4506 -9.017
2 24 1.7401 0.5241 -8.5684 2.9882 0.869 -8.4375
2 24 2.9882 0.869 -8.4375 3.4802 2.2509 -8.3751
2 24 2.6498 2.0657 -9.9554 2.3479 1.5371 -9.9646
2 24 2.3479 1.5371 -9.9646 1.6364 1.3763 -10.1055
2 24 0 1.3413 -10.073 1.6364 1.3763 -10.1055
2 24 0 1.3413 -10.073 1.6364 1.3763 -10.1055
2 24 2.6498 2.0657 -9.9554 2.3479 1.5371 -9.9646
2 24 1.6364 1.3763 -10.1055 2.3479 1.5371 -9.9646
2 24 2.0544 8.3178 -10.5853 2.7066 8.37 -10.3249
2 24 0 8.1622 -14.346 2.7589 8.1217 -14.2452
2 24 0 8.2999 -10.5893 2.0544 8.3178 -10.5853
2 24 5.7623 6.9487 -13.3911 6.7178 5.3151 -12.9459
2 24 0 8.1622 -14.346 2.7589 8.1217 -14.2452
2 24 2.7589 8.1217 -14.2452 4.5729 7.7828 -13.8897
2 24 2.7589 8.1217 -14.2452 4.5729 7.7828 -13.8897
2 24 5.7623 6.9487 -13.3911 4.5729 7.7828 -13.8897
2 24 5.7623 6.9487 -13.3911 4.5729 7.7828 -13.8897
2 24 5.0799 7.7993 -8.4626 6.4944 6.2397 -8.116
2 24 4.3446 -3.44 -8.3546 7.6663 -3.4261 -7.3432
2 24 8.522 1.6062 -11.782 9.5418 0.1733 -10.8483
2 24 8.4244 1.8162 -7.0954 9.3256 0.5075 -6.5286
2 24 9.5418 0.1733 -10.8483 10.5836 -0.3199 -9.7715
2 24 9.3256 0.5075 -6.5286 9.9742 0.2021 -6.1204
2 24 10.5836 -0.3199 -9.7715 12.3238 -0.3013 -7.895
2 24 9.9742 0.2021 -6.1204 10.9529 -0.01 -5.3503
2 24 8.4244 1.8162 -7.0954 9.3256 0.5075 -6.5286
2 24 9.3256 0.5075 -6.5286 9.9742 0.2021 -6.1204
2 24 7.6663 -3.4261 -7.3432 9.5522 -3.4486 -6.4514
2 24 9.3273 -4.1851 -8.222 11.0438 -4.1851 -5.9183
2 24 9.0912 -3.657 -7.6761 10.5847 -3.7135 -5.7252
2 24 5.8865 -4.1851 -11.4633 7.5226 -4.1851 -10.1403
2 24 5.6969 -3.6014 -11.0001 7.2564 -3.6263 -9.7932
2 24 5.8865 -4.1851 -11.4633 3.9332 -4.1851 -12.3569
2 24 5.6969 -3.6014 -11.0001 3.8095 -3.5565 -11.8295
2 24 3.9332 -4.1851 -12.3569 1.5581 -4.1851 -13.0489
2 24 3.8095 -3.5565 -11.8295 1.5581 -3.5475 -12.3448
2 24 0 -4.1851 -13.1243 1.5581 -4.1851 -13.0489
2 24 0 -3.5419 -12.4595 1.5581 -3.5475 -12.3448
2 24 9.0912 -3.657 -7.6761 10.5847 -3.7135 -5.7252
2 24 10.5847 -3.7135 -5.7252 11.4181 -3.6622 -4.6409
2 24 9.5522 -3.4486 -6.4514 11.4181 -3.6622 -4.6409
2 24 4.0782 5.6858 -14.457 5.163 4.6082 -14.167
2 24 4.0782 5.6858 -14.457 2.5397 6.0742 -14.758
2 24 0 6.1501 -14.8895 2.5397 6.0742 -14.758
2 24 5.0799 7.7993 -8.4626 3.5979 8.3936 -8.8806
2 24 5.163 4.6082 -14.167 5.9122 2.8239 -13.7779
2 24 8.3888 -4.1851 -11.7463 10.4055 -4.1851 -9.7858
2 24 10.4055 -4.1851 -9.7858 12.7093 -4.1851 -7.4757
2 24 10.5836 -0.3199 -9.7715 12.3238 -0.3013 -7.895
2 24 12.7093 -4.1851 -7.4757 14.8917 -4.1851 -5.2685
2 24 12.3238 -0.3013 -7.895 14.6037 0 -5.5875
2 24 0 -4.1851 -14.8174 1.836 -4.1851 -14.6843
2 24 0 -1.7138 -14.9968 1.9528 -1.7138 -14.8953
2 24 1.836 -4.1851 -14.6843 4.9838 -4.1851 -13.9834
2 24 1.9528 -1.7138 -14.8953 5.0423 -1.6466 -14.2328
2 24 4.9838 -4.1851 -13.9834 6.8197 -4.1851 -13.0594
2 24 5.0423 -1.6466 -14.2328 5.615 -1.4048 -13.9465
2 24 4.8738 -1.4691 -15.9151 1.9524 -1.4639 -16.4185
2 24 0 -1.7138 -14.9968 1.9528 -1.7138 -14.8953
2 24 0 -1.4639 -16.4528 1.9524 -1.4639 -16.4185
2 24 1.9528 -1.7138 -14.8953 5.0423 -1.6466 -14.2328
2 24 1.9524 -1.4639 -16.4185 4.8738 -1.4691 -15.9151
2 24 5.0423 -1.6466 -14.2328 5.615 -1.4048 -13.9465
2 24 5.615 -1.4048 -13.9465 5.5833 -1.1803 -15.66
2 24 4.8738 -1.4691 -15.9151 5.5833 -1.1803 -15.66
2 24 5.615 -1.4048 -13.9465 5.9088 -0.7337 -13.8001
2 24 5.5833 -1.1803 -15.66 5.7054 -0.5073 -15.6302
2 24 5.7054 -0.5073 -15.6302 5.7174 2.681 -15.666
2 24 5.9088 -0.7337 -13.8001 5.9122 2.8239 -13.7779
2 24 5.7174 2.681 -15.666 5.1039 4.3606 -15.8459
2 24 5.9122 2.8239 -13.7779 5.163 4.6082 -14.167
2 24 5.1039 4.3606 -15.8459 4.0193 5.403 -16.0744
2 24 5.163 4.6082 -14.167 4.0782 5.6858 -14.457
2 24 4.0193 5.403 -16.0744 2.5045 5.6524 -16.3461
2 24 4.0782 5.6858 -14.457 2.5397 6.0742 -14.758
2 24 0 5.7179 -16.4528 2.5045 5.6524 -16.3461
2 24 0 6.1501 -14.8895 2.5397 6.0742 -14.758
2 24 4.8738 -1.4691 -15.9151 5.5833 -1.1803 -15.66
2 24 5.5833 -1.1803 -15.66 5.7054 -0.5073 -15.6302
2 24 0 -1.4639 -16.4528 1.9524 -1.4639 -16.4185
2 24 5.7054 -0.5073 -15.6302 5.7174 2.681 -15.666
2 24 5.7174 2.681 -15.666 5.1039 4.3606 -15.8459
2 24 0 5.7179 -16.4528 2.5045 5.6524 -16.3461
2 24 2.5045 5.6524 -16.3461 4.0193 5.403 -16.0744
2 24 5.1039 4.3606 -15.8459 4.0193 5.403 -16.0744
2 24 9.9742 0.2021 -6.1204 10.9529 -0.01 -5.3503
2 24 9.5522 -3.4486 -6.4514 11.4181 -3.6622 -4.6409
2 24 13.6776 -4.1851 -2.0514 12.5275 -4.1851 -3.9211
2 24 13.4147 -4.0481 -1.8885 12.2613 -3.9428 -3.7624
2 24 10.5847 -3.7135 -5.7252 11.4181 -3.6622 -4.6409
2 24 11.0438 -4.1851 -5.9183 12.5275 -4.1851 -3.9211
2 24 12.3238 -0.3013 -7.895 14.6037 0 -5.5875
2 24 10.9529 -0.01 -5.3503 12.1817 0 -4.1494
2 24 11.4181 -3.6622 -4.6409 12.2613 -3.9428 -3.7624
2 24 10.9529 -0.01 -5.3503 12.1817 0 -4.1494
2 24 12.1817 0 -4.1494 13.3712 0 -2.3889
2 24 14.6037 0 -5.5875 16.0044 0 -3.4272
2 24 12.1817 0 -4.1494 13.3712 0 -2.3889
2 24 0 -4.1851 8.8315 4.7155 -4.1851 8.5219
2 24 0 0 8.6603 4.2822 0 8.2976
2 24 4.7155 -4.1851 8.5219 8.3454 -4.1851 7.2063
2 24 4.2822 0 8.2976 8.0027 0 7.1789
2 24 8.3454 -4.1851 7.2063 10.9992 -4.1851 5.6718
2 24 8.0027 0 7.1789 10.6007 0 5.6706
2 24 10.9992 -4.1851 5.6718 12.6625 -4.1851 3.7558
2 24 10.6007 0 5.6706 12.3915 0 3.8727
2 24 12.6625 -4.1851 3.7558 13.5903 -4.1851 2.1019
2 24 12.3915 0 3.8727 13.4692 0 1.9564
2 24 13.4147 -4.0481 -1.8885 14.0498 -4.1851 0.1551
2 24 13.3712 0 -2.3889 13.8506 0 -0.2074
2 24 13.3712 0 -2.3889 13.8506 0 -0.2074
2 24 16.0044 0 -3.4272 16.7021 0 -0.6853
2 24 13.5903 -4.1851 2.1019 14.0498 -4.1851 0.1551
2 24 13.4692 0 1.9564 13.8506 0 -0.2074
2 24 13.4692 0 1.9564 13.8506 0 -0.2074
2 24 16.4752 0 2.5005 16.7021 0 -0.6853
2 24 0 -4.1851 11.4635 4.8214 -4.1851 11.025
2 24 0 0 11.4774 4.8042 0 11.1193
2 24 4.8042 0 11.1193 9.2333 0 9.6445
2 24 4.8214 -4.1851 11.025 9.1159 -4.1851 9.6421
2 24 9.2333 0 9.6445 12.3728 0 7.7549
2 24 9.1159 -4.1851 9.6421 12.3247 -4.1851 7.7547
2 24 12.3728 0 7.7549 14.8723 0 5.4365
2 24 12.3247 -4.1851 7.7547 14.8614 -4.1851 5.4942
2 24 14.8723 0 5.4365 16.4752 0 2.5005
2 24 14.8614 -4.1851 5.4942 16.4579 -4.1851 2.6624
2 24 16.4752 0 2.5005 16.7021 0 -0.6853
2 24 16.4579 -4.1851 2.6624 16.7547 -4.1851 -0.32
2 24 14.8917 -4.1851 -5.2685 16.2432 -4.1851 -2.9153
2 24 14.6037 0 -5.5875 16.0044 0 -3.4272
2 24 16.7547 -4.1851 -0.32 16.2432 -4.1851 -2.9153
2 24 16.7021 0 -0.6853 16.0044 0 -3.4272
2 24 9.0912 -3.657 -7.6761 7.2564 -3.6263 -9.7932
2 24 9.3273 -4.1851 -8.222 7.5226 -4.1851 -10.1403
2 24 9.0912 -3.657 -7.6761 7.2564 -3.6263 -9.7932
2 24 10.4055 -4.1851 -9.7858 8.3888 -4.1851 -11.7463
2 24 9.3273 -4.1851 -8.222 7.5226 -4.1851 -10.1403
2 24 5.8865 -4.1851 -11.4633 7.5226 -4.1851 -10.1403
2 24 6.8197 -4.1851 -13.0594 8.3888 -4.1851 -11.7463
2 24 6.7178 5.3151 -12.9459 8.522 1.6062 -11.782
2 24 8.4244 1.8162 -7.0954 6.4944 6.2397 -8.116
2 24 6.4944 6.2397 -8.116 5.0799 7.7993 -8.4626
2 24 3.4802 2.2509 -8.3751 3.5979 8.3936 -8.8806
2 24 5.0799 7.7993 -8.4626 3.5979 8.3936 -8.8806
2 24 3.0285 8.3635 -9.6762 3.5979 8.3936 -8.8806
2 24 3.4802 2.2509 -8.3751 3.5979 8.3936 -8.8806
2 24 2.6498 2.0657 -9.9554 2.7066 8.37 -10.3249
2 24 3.0285 8.3635 -9.6762 2.7066 8.37 -10.3249
2 24 2.6498 2.0657 -9.9554 2.7066 8.37 -10.3249
2 24 2.0544 8.3178 -10.5853 2.7066 8.37 -10.3249
2 24 0 -3.5419 -12.4595 1.5581 -3.5475 -12.3448
2 24 0 0.5235 -8.6291 1.7401 0.5241 -8.5684
2 24 0 8.2999 -10.5893 2.0544 8.3178 -10.5853
2 24 -7.21 -3.6658 -13.1748 -8.0781 -3.7627 -12.337
2 24 -6.8197 -4.1851 -13.0594 -8.3888 -4.1851 -11.7463
2 24 8.3888 -4.1851 -11.7463 6.8197 -4.1851 -13.0594
2 24 5.9122 2.8239 -13.7779 5.9088 -0.7337 -13.8001
2 24 6.4944 6.2397 -8.116 8.4244 1.8162 -7.0954
2 24 6.7178 5.3151 -12.9459 8.522 1.6062 -11.782
2 24 -8.522 1.6062 -11.782 -6.7178 5.3151 -12.9459
2 24 -8.522 1.6062 -11.782 -6.7178 5.3151 -12.9459
2 24 -6.9889 -0.9847 -13.4441 -6.9889 -3.0171 -13.3693
2 24 -5.9088 -0.7337 -13.8001 -5.615 -1.4048 -13.9465
2 24 -5.0423 -1.6466 -14.2328 -5.615 -1.4048 -13.9465
2 24 5.615 -1.4048 -13.9465 5.9088 -0.7337 -13.8001
2 24 -8.7856 -3.589 -11.6323 -8.8803 -3.0187 -11.6207
2 24 -8.8803 -0.8568 -11.7256 -8.8803 -3.0187 -11.6207
2 24 10.5836 -0.3199 -9.7715 9.5418 0.1733 -10.8483
2 24 -5.9122 2.8239 -13.7779 -5.163 4.6082 -14.167
2 24 8.522 1.6062 -11.782 9.5418 0.1733 -10.8483
2 24 2.9882 0.869 -8.4375 1.7401 0.5241 -8.5684
2 24 0 -3.44 -8.7354 4.3446 -3.44 -8.3546
2 24 -2.9882 0.869 -8.4375 -3.4802 2.2509 -8.3751
2 24 -2.0544 8.3178 -10.5853 -2.7066 8.37 -10.3249
2 24 2.7066 8.37 -10.3249 3.0285 8.3635 -9.6762
2 24 3.5979 8.3936 -8.8806 3.0285 8.3635 -9.6762
2 24 -3.0285 8.3635 -9.6762 -2.7066 8.37 -10.3249
2 24 -13.8506 0 -0.2074 -13.3712 0 -2.3889
2 24 13.6776 -4.1851 -2.0514 14.0498 -4.1851 0.1551
2 24 -10.5847 -3.7135 -5.7252 -11.4181 -3.6622 -4.6409
2 24 -11.0438 -4.1851 -5.9183 -12.5275 -4.1851 -3.9211
0 STEP
