0 Brick, Modified 2 x 2 with Paper / Photo Holder and Axle Hole (Education Science Sets)
0 Name: bl_5252.dat
0 Author: 
0 BL_Item_No 5252
0 BFC CERTIFY CCW
3 16 30 -24 30 30 -24 -10 30 0 30
3 16 30 0 30 30 -24 -10 30 0 -10
3 16 30 -24 30 30 0 30 10 -24 30
3 16 10 -24 30 30 0 30 10 0 30
3 16 15.9938 -3.4356 -12.5781 13.9938 -3.4356 -12.5781 15.9938 -2.0564 -11.046
3 16 15.9938 -2.0564 -11.046 13.9938 -3.4356 -12.5781 13.9938 -2.0564 -11.046
3 16 13.9938 -4.5121 -14.3363 13.9938 -3.4356 -12.5781 15.9938 -4.5121 -14.3363
3 16 15.9938 -4.5121 -14.3363 13.9938 -3.4356 -12.5781 15.9938 -3.4356 -12.5781
3 16 15.9938 -0.739 -10 15.9938 -2.0564 -11.046 13.9938 -0.739 -10
3 16 13.9938 -0.739 -10 15.9938 -2.0564 -11.046 13.9938 -2.0564 -11.046
3 16 13.9938 -5.4296 -16.2625 13.9938 -4.5121 -14.3363 15.9938 -5.4296 -16.2625
3 16 15.9938 -5.4296 -16.2625 13.9938 -4.5121 -14.3363 15.9938 -4.5121 -14.3363
3 16 29.4125 -5.4296 -10 29.4125 -5.4296 -17.1573 25.65 -5.4296 -10
3 16 25.65 -5.4296 -10 29.4125 -5.4296 -17.1573 25.65 -5.4296 -16.2625
3 16 23.65 -5.4296 -16.2625 29.4125 -5.4296 -17.1573 15.9938 -5.4296 -16.2625
3 16 15.9938 -5.4296 -16.2625 29.4125 -5.4296 -17.1573 10 -5.4296 -17.1573
3 16 10 -5.4296 -10 13.9938 -5.4296 -10 10 -5.4296 -17.1573
3 16 13.9938 -5.4296 -10 13.9938 -5.4296 -16.2625 10 -5.4296 -17.1573
3 16 15.9938 -5.4296 -10 23.65 -5.4296 -10 15.9938 -5.4296 -16.2625
3 16 23.65 -5.4296 -10 23.65 -5.4296 -16.2625 15.9938 -5.4296 -16.2625
3 16 10 -5.4296 -17.1573 13.9938 -5.4296 -16.2625 15.9938 -5.4296 -16.2625
3 16 13.9938 -5.4296 -16.2625 13.9938 -5.4296 -10 13.9938 -4.5121 -14.3363
3 16 13.9938 -0.739 -10 13.9938 -2.0564 -11.046 13.9938 -5.4296 -10
3 16 13.9938 -4.5121 -14.3363 13.9938 -5.4296 -10 13.9938 -3.4356 -12.5781
3 16 13.9938 -5.4296 -10 13.9938 -2.0564 -11.046 13.9938 -3.4356 -12.5781
3 16 15.9938 -5.4296 -16.2625 15.9938 -4.5121 -14.3363 15.9938 -5.4296 -10
3 16 15.9938 -0.739 -10 15.9938 -5.4296 -10 15.9938 -2.0564 -11.046
3 16 15.9938 -4.5121 -14.3363 15.9938 -3.4356 -12.5781 15.9938 -5.4296 -10
3 16 15.9938 -3.4356 -12.5781 15.9938 -2.0564 -11.046 15.9938 -5.4296 -10
3 16 25.65 -3.4356 -12.5781 23.65 -3.4356 -12.5781 25.65 -2.0564 -11.046
3 16 25.65 -2.0564 -11.046 23.65 -3.4356 -12.5781 23.65 -2.0564 -11.046
3 16 23.65 -4.5121 -14.3363 23.65 -3.4356 -12.5781 25.65 -4.5121 -14.3363
3 16 25.65 -4.5121 -14.3363 23.65 -3.4356 -12.5781 25.65 -3.4356 -12.5781
3 16 25.65 -0.739 -10 25.65 -2.0564 -11.046 23.65 -0.739 -10
3 16 23.65 -0.739 -10 25.65 -2.0564 -11.046 23.65 -2.0564 -11.046
3 16 23.65 -5.4296 -16.2625 23.65 -4.5121 -14.3363 25.65 -5.4296 -16.2625
3 16 25.65 -5.4296 -16.2625 23.65 -4.5121 -14.3363 25.65 -4.5121 -14.3363
3 16 23.65 -5.4296 -16.2625 23.65 -5.4296 -10 23.65 -4.5121 -14.3363
3 16 23.65 -0.739 -10 23.65 -2.0564 -11.046 23.65 -5.4296 -10
3 16 23.65 -4.5121 -14.3363 23.65 -5.4296 -10 23.65 -3.4356 -12.5781
3 16 23.65 -5.4296 -10 23.65 -2.0564 -11.046 23.65 -3.4356 -12.5781
3 16 25.65 -5.4296 -16.2625 25.65 -4.5121 -14.3363 25.65 -5.4296 -10
3 16 25.65 -0.739 -10 25.65 -5.4296 -10 25.65 -2.0564 -11.046
3 16 25.65 -4.5121 -14.3363 25.65 -3.4356 -12.5781 25.65 -5.4296 -10
3 16 25.65 -3.4356 -12.5781 25.65 -2.0564 -11.046 25.65 -5.4296 -10
3 16 23.4 -7.75 -10 18.575 -7.75 -11.5625 23.4 -7.75 -12.0625
3 16 18.575 -7.75 -11.5625 18.575 -7.75 -13.8942 23.4 -7.75 -12.0625
3 16 18.575 -7.75 -13.8942 29.4125 -7.75 -13.8942 23.4 -7.75 -12.0625
3 16 23.4 -7.75 -12.0625 29.4125 -7.75 -13.8942 25.9 -7.75 -12.0625
3 16 29.4125 -7.75 -13.8942 29.4125 -7.75 -10 25.9 -7.75 -12.0625
3 16 29.4125 -7.75 -10 25.9 -7.75 -10 25.9 -7.75 -12.0625
3 16 11.25 -7.75 -10 11.25 -7.75 -12.0625 16.075 -7.75 -11.5625
3 16 16.075 -7.75 -11.5625 11.25 -7.75 -12.0625 16.075 -7.75 -13.8942
3 16 10 -7.75 -13.8942 11.25 -7.75 -12.0625 8.75 -7.75 -12.0625
3 16 16.075 -7.75 -13.8942 11.25 -7.75 -12.0625 10 -7.75 -13.8942
3 16 10 -23.4111 -17.1573 19.7035 -23.4111 -17.1573 10 -23.4111 -13.8942
3 16 10 -23.4111 -13.8942 19.7035 -23.4111 -17.1573 19.7035 -23.4111 -13.8942
3 16 29.4125 -7.75 -13.8942 18.575 -7.75 -13.8942 29.4125 -10.2574 -13.8942
3 16 18.575 -7.75 -13.8942 18.575 -19.2483 -13.8942 29.4125 -10.2574 -13.8942
3 16 29.4125 -10.2574 -13.8942 18.575 -19.2483 -13.8942 29.4125 -13.7021 -13.8942
3 16 29.4125 -13.7021 -13.8942 18.575 -19.2483 -13.8942 28.6735 -17.4176 -13.8942
3 16 28.6735 -17.4176 -13.8942 18.575 -19.2483 -13.8942 26.5688 -20.5674 -13.8942
3 16 26.5688 -20.5674 -13.8942 18.575 -19.2483 -13.8942 23.419 -22.6721 -13.8942
3 16 23.419 -22.6721 -13.8942 18.575 -19.2483 -13.8942 19.7035 -23.4111 -13.8942
3 16 18.575 -19.2483 -13.8942 16.075 -19.2483 -13.8942 19.7035 -23.4111 -13.8942
3 16 16.075 -19.2483 -13.8942 10 -23.4111 -13.8942 19.7035 -23.4111 -13.8942
3 16 23.4 -15.7592 -12.0625 25.9 -15.7592 -12.0625 23.4 -16.8424 -11.8494
3 16 23.4 -16.8424 -11.8494 25.9 -15.7592 -12.0625 25.9 -16.8424 -11.8494
3 16 23.4 -16.8424 -11.8494 25.9 -16.8424 -11.8494 23.4 -17.7643 -11.2419
3 16 23.4 -17.7643 -11.2419 25.9 -16.8424 -11.8494 25.9 -17.7643 -11.2419
3 16 18.575 -15.7592 -11.5625 16.075 -15.7592 -11.5625 18.575 -16.8424 -11.7756
3 16 18.575 -16.8424 -11.7756 16.075 -15.7592 -11.5625 16.075 -16.8424 -11.7756
3 16 18.575 -16.8424 -11.7756 16.075 -16.8424 -11.7756 18.575 -17.7643 -12.3831
3 16 18.575 -17.7643 -12.3831 16.075 -16.8424 -11.7756 16.075 -17.7643 -12.3831
3 16 25.9 -7.75 -12.0625 25.9 -15.7592 -12.0625 23.4 -7.75 -12.0625
3 16 23.4 -7.75 -12.0625 25.9 -15.7592 -12.0625 23.4 -15.7592 -12.0625
3 16 23.4 -17.7643 -11.2419 25.9 -17.7643 -11.2419 23.4 -19.2483 -10
3 16 23.4 -19.2483 -10 25.9 -17.7643 -11.2419 25.9 -19.2483 -10
3 16 16.075 -7.75 -11.5625 16.075 -15.7592 -11.5625 18.575 -7.75 -11.5625
3 16 18.575 -7.75 -11.5625 16.075 -15.7592 -11.5625 18.575 -15.7592 -11.5625
3 16 18.575 -17.7643 -12.3831 16.075 -17.7643 -12.3831 18.575 -19.2483 -13.8942
3 16 18.575 -19.2483 -13.8942 16.075 -17.7643 -12.3831 16.075 -19.2483 -13.8942
3 16 23.4 -19.2483 -10 23.4 -7.75 -10 23.4 -17.7643 -11.2419
3 16 23.4 -17.7643 -11.2419 23.4 -7.75 -10 23.4 -16.8424 -11.8494
3 16 23.4 -7.75 -12.0625 23.4 -15.7592 -12.0625 23.4 -7.75 -10
3 16 23.4 -7.75 -10 23.4 -15.7592 -12.0625 23.4 -16.8424 -11.8494
3 16 18.575 -19.2483 -13.8942 18.575 -7.75 -13.8942 18.575 -17.7643 -12.3831
3 16 18.575 -17.7643 -12.3831 18.575 -7.75 -13.8942 18.575 -16.8424 -11.7756
3 16 18.575 -7.75 -11.5625 18.575 -15.7592 -11.5625 18.575 -7.75 -13.8942
3 16 18.575 -7.75 -13.8942 18.575 -15.7592 -11.5625 18.575 -16.8424 -11.7756
3 16 16.075 -17.7643 -12.3831 16.075 -7.75 -13.8942 16.075 -19.2483 -13.8942
3 16 16.075 -16.8424 -11.7756 16.075 -7.75 -13.8942 16.075 -17.7643 -12.3831
3 16 16.075 -16.8424 -11.7756 16.075 -15.7592 -11.5625 16.075 -7.75 -13.8942
3 16 16.075 -7.75 -13.8942 16.075 -15.7592 -11.5625 16.075 -7.75 -11.5625
3 16 11.25 -7.75 -10 11.25 -19.2483 -10 11.25 -17.7643 -11.2419
3 16 11.25 -7.75 -10 11.25 -15.7592 -12.0625 11.25 -7.75 -12.0625
3 16 11.25 -17.7643 -11.2419 11.25 -16.8424 -11.8494 11.25 -7.75 -10
3 16 11.25 -16.8424 -11.8494 11.25 -15.7592 -12.0625 11.25 -7.75 -10
3 16 25.9 -7.75 -10 29.4125 -7.75 -10 25.9 -19.2483 -10
3 16 25.9 -19.2483 -10 29.4125 -7.75 -10 30 -24 -10
3 16 25.9 -17.7643 -11.2419 25.9 -7.75 -10 25.9 -19.2483 -10
3 16 25.9 -16.8424 -11.8494 25.9 -7.75 -10 25.9 -17.7643 -11.2419
3 16 25.9 -15.7592 -12.0625 25.9 -7.75 -10 25.9 -16.8424 -11.8494
3 16 25.9 -7.75 -10 25.9 -15.7592 -12.0625 25.9 -7.75 -12.0625
3 16 18.575 -7.75 -11.5625 23.4 -7.75 -10 16.075 -7.75 -11.5625
3 16 16.075 -7.75 -11.5625 23.4 -7.75 -10 11.25 -7.75 -10
3 16 10 -24 -10 23.4 -19.2483 -10 30 -24 -10
3 16 25.9 -19.2483 -10 30 -24 -10 23.4 -19.2483 -10
3 16 11.25 -7.75 -10 23.4 -7.75 -10 11.25 -19.2483 -10
3 16 23.4 -7.75 -10 23.4 -19.2483 -10 11.25 -19.2483 -10
3 16 23.4 -19.2483 -10 10 -24 -10 11.25 -19.2483 -10
3 16 10 -23.4111 -13.8942 16.075 -19.2483 -13.8942 10 -7.75 -13.8942
3 16 10 -7.75 -13.8942 16.075 -19.2483 -13.8942 16.075 -7.75 -13.8942
3 16 30 0 -10 30 -24 -10 29.4125 -5.4296 -10
3 16 29.4125 -7.75 -10 29.4125 -5.4296 -10 30 -24 -10
3 16 10 -22.8559 -17.7125 19.6488 -22.8559 -17.7125 10 -23.4111 -17.1573
3 16 10 -23.4111 -17.1573 19.6488 -22.8559 -17.7125 19.7035 -23.4111 -17.1573
3 16 29.4125 -13.7021 -13.8942 29.4125 -13.7021 -17.1573 29.4125 -10.2574 -13.8942
3 16 29.4125 -10.2574 -13.8942 29.4125 -13.7021 -17.1573 29.4125 -10.2574 -17.1573
3 16 28.6735 -17.4176 -13.8942 28.6735 -17.4176 -17.1573 29.4125 -13.7021 -13.8942
3 16 29.4125 -13.7021 -13.8942 28.6735 -17.4176 -17.1573 29.4125 -13.7021 -17.1573
3 16 26.5688 -20.5674 -13.8942 26.5688 -20.5674 -17.1573 28.6735 -17.4176 -13.8942
3 16 28.6735 -17.4176 -13.8942 26.5688 -20.5674 -17.1573 28.6735 -17.4176 -17.1573
3 16 23.419 -22.6721 -13.8942 23.419 -22.6721 -17.1573 26.5688 -20.5674 -13.8942
3 16 26.5688 -20.5674 -13.8942 23.419 -22.6721 -17.1573 26.5688 -20.5674 -17.1573
3 16 19.7035 -23.4111 -13.8942 19.7035 -23.4111 -17.1573 23.419 -22.6721 -13.8942
3 16 23.419 -22.6721 -13.8942 19.7035 -23.4111 -17.1573 23.419 -22.6721 -17.1573
3 16 23.419 -22.6721 -17.1573 19.7035 -23.4111 -17.1573 23.2023 -22.1491 -17.7125
3 16 23.2023 -22.1491 -17.7125 19.7035 -23.4111 -17.1573 19.6488 -22.8559 -17.7125
3 16 29.4125 -13.7021 -17.1573 28.8573 -13.6474 -17.7125 29.4125 -10.2574 -17.1573
3 16 29.4125 -10.2574 -17.1573 28.8573 -13.6474 -17.7125 28.8573 -10.2574 -17.7125
3 16 28.6735 -17.4176 -17.1573 28.1505 -17.2009 -17.7125 29.4125 -13.7021 -17.1573
3 16 29.4125 -13.7021 -17.1573 28.1505 -17.2009 -17.7125 28.8573 -13.6474 -17.7125
3 16 28.6735 -17.4176 -17.1573 26.5688 -20.5674 -17.1573 28.1505 -17.2009 -17.7125
3 16 28.1505 -17.2009 -17.7125 26.5688 -20.5674 -17.1573 26.1685 -20.1671 -17.7125
3 16 26.5688 -20.5674 -17.1573 23.419 -22.6721 -17.1573 26.1685 -20.1671 -17.7125
3 16 26.1685 -20.1671 -17.7125 23.419 -22.6721 -17.1573 23.2023 -22.1491 -17.7125
3 16 10 -5.9849 -17.7125 10 -5.4296 -17.1573 28.8573 -5.9849 -17.7125
3 16 28.8573 -5.9849 -17.7125 10 -5.4296 -17.1573 29.4125 -5.4296 -17.1573
3 16 29.4125 -5.4296 -17.1573 29.4125 -10.2574 -17.1573 28.8573 -5.9849 -17.7125
3 16 28.8573 -5.9849 -17.7125 29.4125 -10.2574 -17.1573 28.8573 -10.2574 -17.7125
3 16 10.9111 -13.0714 18.0353 10 -13.1343 18.125 10.9111 -18.827 26.25
3 16 10.9111 -18.827 26.25 10 -13.1343 18.125 10 -18.827 26.25
3 16 15.7452 -21.25 15.7452 17.5065 -21.25 13.1093 15.7452 0 15.7452
3 16 15.7452 0 15.7452 17.5065 -21.25 13.1093 17.5065 0 13.1093
3 16 18.0353 -21.25 10.9111 18.0353 -13.0714 10.9111 17.5065 -21.25 13.1093
3 16 17.5065 -21.25 13.1093 18.0353 -13.0714 10.9111 17.5065 0 13.1093
3 16 17.5065 0 13.1093 18.0353 -13.0714 10.9111 18.125 0 10
3 16 18.125 0 10 18.0353 -13.0714 10.9111 18.125 -13.1343 10
3 16 26.25 -21.25 10.9111 26.25 -18.827 10.9111 18.0353 -21.25 10.9111
3 16 18.0353 -21.25 10.9111 26.25 -18.827 10.9111 18.0353 -13.0714 10.9111
3 16 18.0353 -13.0714 10.9111 26.25 -18.827 10.9111 18.125 -13.1343 10
3 16 18.125 -13.1343 10 26.25 -18.827 10.9111 26.25 -18.827 9.0889
3 16 13.1093 0 17.5065 10.9111 -13.0714 18.0353 13.1093 -21.25 17.5065
3 16 13.1093 -21.25 17.5065 10.9111 -13.0714 18.0353 10.9111 -21.25 18.0353
3 16 10.9111 -21.25 26.25 10.9111 -21.25 18.0353 10.9111 -18.827 26.25
3 16 10.9111 -18.827 26.25 10.9111 -21.25 18.0353 10.9111 -13.0714 18.0353
3 16 10.9111 -21.25 26.25 10.9111 -18.827 26.25 26.25 -21.25 26.25
3 16 26.25 -21.25 26.25 10.9111 -18.827 26.25 26.25 0 26.25
3 16 26.25 -21.25 10.9111 26.25 -21.25 26.25 26.25 -18.827 10.9111
3 16 26.25 0 26.25 26.25 -18.827 10.9111 26.25 -21.25 26.25
3 16 10 -18.827 26.25 10 0 26.25 10.9111 -18.827 26.25
3 16 10 0 26.25 26.25 0 26.25 10.9111 -18.827 26.25
3 16 10 -18.827 -6.25 10 -13.1343 1.875 10.9111 -18.827 -6.25
3 16 10.9111 -18.827 -6.25 10 -13.1343 1.875 10.9111 -13.0714 1.9647
3 16 10 -18.827 -6.25 10.9111 -18.827 -6.25 10 0 -6.25
3 16 10 0 -6.25 10.9111 -18.827 -6.25 26.25 0 -6.25
3 16 26.25 -18.827 9.0889 18.0353 -13.0714 9.0889 18.125 -13.1343 10
3 16 13.1093 0 2.4935 13.1093 -21.25 2.4935 10.9111 -13.0714 1.9647
3 16 10.9111 -13.0714 1.9647 13.1093 -21.25 2.4935 10.9111 -21.25 1.9647
3 16 15.7452 -21.25 4.2548 13.1093 -21.25 2.4935 15.7452 0 4.2548
3 16 15.7452 0 4.2548 13.1093 -21.25 2.4935 13.1093 0 2.4935
3 16 10.9111 -21.25 -6.25 10.9111 -18.827 -6.25 10.9111 -21.25 1.9647
3 16 10.9111 -21.25 1.9647 10.9111 -18.827 -6.25 10.9111 -13.0714 1.9647
3 16 18.0353 -13.0714 9.0889 26.25 -18.827 9.0889 18.0353 -21.25 9.0889
3 16 18.0353 -21.25 9.0889 26.25 -18.827 9.0889 26.25 -21.25 9.0889
3 16 18.0353 -21.25 9.0889 17.5065 -21.25 6.8907 18.0353 -13.0714 9.0889
3 16 18.0353 -13.0714 9.0889 17.5065 -21.25 6.8907 17.5065 0 6.8907
3 16 10.9111 -21.25 -6.25 26.25 -21.25 -6.25 10.9111 -18.827 -6.25
3 16 26.25 -21.25 -6.25 26.25 0 -6.25 10.9111 -18.827 -6.25
3 16 26.25 -21.25 9.0889 26.25 -18.827 9.0889 26.25 -21.25 -6.25
3 16 26.25 0 -6.25 26.25 -21.25 -6.25 26.25 -18.827 9.0889
3 16 26.25 0 26.25 26.25 0 -6.25 26.25 -18.827 10.9111
3 16 26.25 0 -6.25 26.25 -18.827 9.0889 26.25 -18.827 10.9111
3 16 13.1093 0 17.5065 10 0 18.125 10.9111 -13.0714 18.0353
3 16 10.9111 -13.0714 18.0353 10 0 18.125 10 -13.1343 18.125
3 16 15.7452 -21.25 15.7452 15.7452 0 15.7452 13.1093 -21.25 17.5065
3 16 13.1093 -21.25 17.5065 15.7452 0 15.7452 13.1093 0 17.5065
3 16 17.5065 0 6.8907 18.125 0 10 18.0353 -13.0714 9.0889
3 16 18.0353 -13.0714 9.0889 18.125 0 10 18.125 -13.1343 10
3 16 15.7452 -21.25 4.2548 15.7452 0 4.2548 17.5065 -21.25 6.8907
3 16 17.5065 -21.25 6.8907 15.7452 0 4.2548 17.5065 0 6.8907
3 16 10.9111 -21.25 18.0353 10.9111 -21.25 26.25 13.1093 -21.25 17.5065
3 16 10.9111 -21.25 26.25 26.25 -21.25 26.25 13.1093 -21.25 17.5065
3 16 13.1093 -21.25 17.5065 26.25 -21.25 26.25 15.7452 -21.25 15.7452
3 16 18.0353 -21.25 10.9111 17.5065 -21.25 13.1093 26.25 -21.25 10.9111
3 16 26.25 -21.25 26.25 26.25 -21.25 10.9111 17.5065 -21.25 13.1093
3 16 26.25 -21.25 26.25 17.5065 -21.25 13.1093 15.7452 -21.25 15.7452
3 16 18.0353 -21.25 9.0889 26.25 -21.25 9.0889 17.5065 -21.25 6.8907
3 16 26.25 -21.25 9.0889 26.25 -21.25 -6.25 17.5065 -21.25 6.8907
3 16 17.5065 -21.25 6.8907 26.25 -21.25 -6.25 15.7452 -21.25 4.2548
3 16 26.25 -21.25 -6.25 10.9111 -21.25 -6.25 10.9111 -21.25 1.9647
3 16 10.9111 -21.25 1.9647 13.1093 -21.25 2.4935 26.25 -21.25 -6.25
3 16 13.1093 -21.25 2.4935 15.7452 -21.25 4.2548 26.25 -21.25 -6.25
3 16 13.1093 0 2.4935 10.9111 -13.0714 1.9647 10 0 1.875
3 16 10 0 1.875 10.9111 -13.0714 1.9647 10 -13.1343 1.875
3 16 10 0 -10 15.9938 -0.739 -10 13.9938 -0.739 -10
3 16 29.4125 -7.75 -10 29.4125 -7.75 -13.8942 29.4125 -5.4296 -10
3 16 29.4125 -5.4296 -10 29.4125 -7.75 -13.8942 29.4125 -5.4296 -17.1573
3 16 29.4125 -10.2574 -13.8942 29.4125 -10.2574 -17.1573 29.4125 -7.75 -13.8942
3 16 29.4125 -7.75 -13.8942 29.4125 -10.2574 -17.1573 29.4125 -5.4296 -17.1573
3 16 30 0 -10 29.4125 -5.4296 -10 25.65 -0.739 -10
3 16 25.65 -0.739 -10 29.4125 -5.4296 -10 25.65 -5.4296 -10
3 16 15.9938 -0.739 -10 23.65 -0.739 -10 15.9938 -5.4296 -10
3 16 15.9938 -5.4296 -10 23.65 -0.739 -10 23.65 -5.4296 -10
3 16 10 0 -10 13.9938 -0.739 -10 10 -5.4296 -10
3 16 10 -5.4296 -10 13.9938 -0.739 -10 13.9938 -5.4296 -10
3 16 30 0 -10 25.65 -0.739 -10 23.65 -0.739 -10
3 16 30 0 -10 23.65 -0.739 -10 10 0 -10
3 16 10 0 -10 23.65 -0.739 -10 15.9938 -0.739 -10
3 16 23.65 -5.4296 -16.2625 25.65 -5.4296 -16.2625 29.4125 -5.4296 -17.1573
3 16 10 -22.8559 -17.7125 10 -5.9849 -17.7125 19.6488 -22.8559 -17.7125
3 16 10 -5.9849 -17.7125 28.8573 -5.9849 -17.7125 19.6488 -22.8559 -17.7125
3 16 28.8573 -5.9849 -17.7125 28.8573 -10.2574 -17.7125 19.6488 -22.8559 -17.7125
3 16 28.8573 -10.2574 -17.7125 28.8573 -13.6474 -17.7125 19.6488 -22.8559 -17.7125
3 16 19.6488 -22.8559 -17.7125 28.8573 -13.6474 -17.7125 23.2023 -22.1491 -17.7125
3 16 28.8573 -13.6474 -17.7125 28.1505 -17.2009 -17.7125 23.2023 -22.1491 -17.7125
3 16 28.1505 -17.2009 -17.7125 26.1685 -20.1671 -17.7125 23.2023 -22.1491 -17.7125
3 16 30 0 -10 10 0 -10 26.25 0 -6.25
3 16 26.25 0 -6.25 10 0 -10 10 0 -6.25
3 16 30 0 30 30 0 -10 26.25 0 26.25
3 16 26.25 0 26.25 30 0 -10 26.25 0 -6.25
3 16 30 0 30 26.25 0 26.25 10 0 30
3 16 10 0 30 26.25 0 26.25 10 0 26.25
3 16 -10 -24 30 -10 0 30 -10 -24 -10
3 16 -10 -24 -10 -10 0 30 -10 0 -10
3 16 -10 -24 30 10 -24 30 -10 0 30
3 16 -10 0 30 10 -24 30 10 0 30
3 16 4.0063 -3.4356 -12.5781 4.0063 -2.0564 -11.046 6.0063 -3.4356 -12.5781
3 16 6.0063 -3.4356 -12.5781 4.0063 -2.0564 -11.046 6.0063 -2.0564 -11.046
3 16 6.0063 -4.5121 -14.3363 4.0063 -4.5121 -14.3363 6.0063 -3.4356 -12.5781
3 16 6.0063 -3.4356 -12.5781 4.0063 -4.5121 -14.3363 4.0063 -3.4356 -12.5781
3 16 4.0063 -0.739 -10 6.0063 -0.739 -10 4.0063 -2.0564 -11.046
3 16 4.0063 -2.0564 -11.046 6.0063 -0.739 -10 6.0063 -2.0564 -11.046
3 16 6.0063 -5.4296 -16.2625 4.0063 -5.4296 -16.2625 6.0063 -4.5121 -14.3363
3 16 6.0063 -4.5121 -14.3363 4.0063 -5.4296 -16.2625 4.0063 -4.5121 -14.3363
3 16 -9.4125 -5.4296 -10 -5.65 -5.4296 -10 -9.4125 -5.4296 -17.1573
3 16 -5.65 -5.4296 -10 -5.65 -5.4296 -16.2625 -9.4125 -5.4296 -17.1573
3 16 -3.65 -5.4296 -16.2625 4.0063 -5.4296 -16.2625 -9.4125 -5.4296 -17.1573
3 16 -9.4125 -5.4296 -17.1573 4.0063 -5.4296 -16.2625 10 -5.4296 -17.1573
3 16 10 -5.4296 -10 10 -5.4296 -17.1573 6.0063 -5.4296 -10
3 16 6.0063 -5.4296 -10 10 -5.4296 -17.1573 6.0063 -5.4296 -16.2625
3 16 4.0063 -5.4296 -10 4.0063 -5.4296 -16.2625 -3.65 -5.4296 -10
3 16 -3.65 -5.4296 -10 4.0063 -5.4296 -16.2625 -3.65 -5.4296 -16.2625
3 16 10 -5.4296 -17.1573 4.0063 -5.4296 -16.2625 6.0063 -5.4296 -16.2625
3 16 6.0063 -5.4296 -16.2625 6.0063 -4.5121 -14.3363 6.0063 -5.4296 -10
3 16 6.0063 -0.739 -10 6.0063 -5.4296 -10 6.0063 -2.0564 -11.046
3 16 6.0063 -4.5121 -14.3363 6.0063 -3.4356 -12.5781 6.0063 -5.4296 -10
3 16 6.0063 -5.4296 -10 6.0063 -3.4356 -12.5781 6.0063 -2.0564 -11.046
3 16 4.0063 -5.4296 -16.2625 4.0063 -5.4296 -10 4.0063 -4.5121 -14.3363
3 16 4.0063 -0.739 -10 4.0063 -2.0564 -11.046 4.0063 -5.4296 -10
3 16 4.0063 -4.5121 -14.3363 4.0063 -5.4296 -10 4.0063 -3.4356 -12.5781
3 16 4.0063 -3.4356 -12.5781 4.0063 -5.4296 -10 4.0063 -2.0564 -11.046
3 16 -5.65 -3.4356 -12.5781 -5.65 -2.0564 -11.046 -3.65 -3.4356 -12.5781
3 16 -3.65 -3.4356 -12.5781 -5.65 -2.0564 -11.046 -3.65 -2.0564 -11.046
3 16 -3.65 -4.5121 -14.3363 -5.65 -4.5121 -14.3363 -3.65 -3.4356 -12.5781
3 16 -3.65 -3.4356 -12.5781 -5.65 -4.5121 -14.3363 -5.65 -3.4356 -12.5781
3 16 -5.65 -0.739 -10 -3.65 -0.739 -10 -5.65 -2.0564 -11.046
3 16 -5.65 -2.0564 -11.046 -3.65 -0.739 -10 -3.65 -2.0564 -11.046
3 16 -3.65 -5.4296 -16.2625 -5.65 -5.4296 -16.2625 -3.65 -4.5121 -14.3363
3 16 -3.65 -4.5121 -14.3363 -5.65 -5.4296 -16.2625 -5.65 -4.5121 -14.3363
3 16 -3.65 -5.4296 -16.2625 -3.65 -4.5121 -14.3363 -3.65 -5.4296 -10
3 16 -3.65 -0.739 -10 -3.65 -5.4296 -10 -3.65 -2.0564 -11.046
3 16 -3.65 -4.5121 -14.3363 -3.65 -3.4356 -12.5781 -3.65 -5.4296 -10
3 16 -3.65 -5.4296 -10 -3.65 -3.4356 -12.5781 -3.65 -2.0564 -11.046
3 16 -5.65 -5.4296 -16.2625 -5.65 -5.4296 -10 -5.65 -4.5121 -14.3363
3 16 -5.65 -0.739 -10 -5.65 -2.0564 -11.046 -5.65 -5.4296 -10
3 16 -5.65 -4.5121 -14.3363 -5.65 -5.4296 -10 -5.65 -3.4356 -12.5781
3 16 -5.65 -3.4356 -12.5781 -5.65 -5.4296 -10 -5.65 -2.0564 -11.046
3 16 -3.4 -7.75 -10 -3.4 -7.75 -12.0625 1.425 -7.75 -11.5625
3 16 1.425 -7.75 -11.5625 -3.4 -7.75 -12.0625 1.425 -7.75 -13.8942
3 16 1.425 -7.75 -13.8942 -3.4 -7.75 -12.0625 -9.4125 -7.75 -13.8942
3 16 -3.4 -7.75 -12.0625 -5.9 -7.75 -12.0625 -9.4125 -7.75 -13.8942
3 16 -9.4125 -7.75 -13.8942 -5.9 -7.75 -12.0625 -9.4125 -7.75 -10
3 16 -9.4125 -7.75 -10 -5.9 -7.75 -12.0625 -5.9 -7.75 -10
3 16 8.75 -7.75 -10 3.925 -7.75 -11.5625 8.75 -7.75 -12.0625
3 16 3.925 -7.75 -11.5625 3.925 -7.75 -13.8942 8.75 -7.75 -12.0625
3 16 3.925 -7.75 -13.8942 10 -7.75 -13.8942 8.75 -7.75 -12.0625
3 16 10 -23.4111 -17.1573 10 -23.4111 -13.8942 0.2965 -23.4111 -17.1573
3 16 0.2965 -23.4111 -17.1573 10 -23.4111 -13.8942 0.2965 -23.4111 -13.8942
3 16 -9.4125 -7.75 -13.8942 -9.4125 -10.2574 -13.8942 1.425 -7.75 -13.8942
3 16 1.425 -7.75 -13.8942 -9.4125 -10.2574 -13.8942 1.425 -19.2483 -13.8942
3 16 -9.4125 -10.2574 -13.8942 -9.4125 -13.7021 -13.8942 1.425 -19.2483 -13.8942
3 16 -9.4125 -13.7021 -13.8942 -8.6734 -17.4176 -13.8942 1.425 -19.2483 -13.8942
3 16 -8.6734 -17.4176 -13.8942 -6.5688 -20.5674 -13.8942 1.425 -19.2483 -13.8942
3 16 -6.5688 -20.5674 -13.8942 -3.419 -22.6721 -13.8942 1.425 -19.2483 -13.8942
3 16 -3.419 -22.6721 -13.8942 0.2965 -23.4111 -13.8942 1.425 -19.2483 -13.8942
3 16 1.425 -19.2483 -13.8942 0.2965 -23.4111 -13.8942 3.925 -19.2483 -13.8942
3 16 3.925 -19.2483 -13.8942 0.2965 -23.4111 -13.8942 10 -23.4111 -13.8942
3 16 -3.4 -15.7592 -12.0625 -3.4 -16.8424 -11.8494 -5.9 -15.7592 -12.0625
3 16 -5.9 -15.7592 -12.0625 -3.4 -16.8424 -11.8494 -5.9 -16.8424 -11.8494
3 16 -3.4 -16.8424 -11.8494 -3.4 -17.7643 -11.2419 -5.9 -16.8424 -11.8494
3 16 -5.9 -16.8424 -11.8494 -3.4 -17.7643 -11.2419 -5.9 -17.7643 -11.2419
3 16 1.425 -15.7592 -11.5625 1.425 -16.8424 -11.7756 3.925 -15.7592 -11.5625
3 16 3.925 -15.7592 -11.5625 1.425 -16.8424 -11.7756 3.925 -16.8424 -11.7756
3 16 1.425 -16.8424 -11.7756 1.425 -17.7643 -12.3831 3.925 -16.8424 -11.7756
3 16 3.925 -16.8424 -11.7756 1.425 -17.7643 -12.3831 3.925 -17.7643 -12.3831
3 16 -5.9 -7.75 -12.0625 -3.4 -7.75 -12.0625 -5.9 -15.7592 -12.0625
3 16 -5.9 -15.7592 -12.0625 -3.4 -7.75 -12.0625 -3.4 -15.7592 -12.0625
3 16 -3.4 -17.7643 -11.2419 -3.4 -19.2483 -10 -5.9 -17.7643 -11.2419
3 16 -5.9 -17.7643 -11.2419 -3.4 -19.2483 -10 -5.9 -19.2483 -10
3 16 3.925 -7.75 -11.5625 1.425 -7.75 -11.5625 3.925 -15.7592 -11.5625
3 16 3.925 -15.7592 -11.5625 1.425 -7.75 -11.5625 1.425 -15.7592 -11.5625
3 16 1.425 -17.7643 -12.3831 1.425 -19.2483 -13.8942 3.925 -17.7643 -12.3831
3 16 3.925 -17.7643 -12.3831 1.425 -19.2483 -13.8942 3.925 -19.2483 -13.8942
3 16 -3.4 -19.2483 -10 -3.4 -17.7643 -11.2419 -3.4 -7.75 -10
3 16 -3.4 -17.7643 -11.2419 -3.4 -16.8424 -11.8494 -3.4 -7.75 -10
3 16 -3.4 -16.8424 -11.8494 -3.4 -15.7592 -12.0625 -3.4 -7.75 -10
3 16 -3.4 -7.75 -10 -3.4 -15.7592 -12.0625 -3.4 -7.75 -12.0625
3 16 1.425 -19.2483 -13.8942 1.425 -17.7643 -12.3831 1.425 -7.75 -13.8942
3 16 1.425 -17.7643 -12.3831 1.425 -16.8424 -11.7756 1.425 -7.75 -13.8942
3 16 1.425 -16.8424 -11.7756 1.425 -15.7592 -11.5625 1.425 -7.75 -13.8942
3 16 1.425 -7.75 -13.8942 1.425 -15.7592 -11.5625 1.425 -7.75 -11.5625
3 16 3.925 -17.7643 -12.3831 3.925 -19.2483 -13.8942 3.925 -7.75 -13.8942
3 16 3.925 -16.8424 -11.7756 3.925 -17.7643 -12.3831 3.925 -7.75 -13.8942
3 16 3.925 -7.75 -11.5625 3.925 -15.7592 -11.5625 3.925 -7.75 -13.8942
3 16 3.925 -7.75 -13.8942 3.925 -15.7592 -11.5625 3.925 -16.8424 -11.7756
3 16 8.75 -7.75 -10 8.75 -17.7643 -11.2419 8.75 -19.2483 -10
3 16 8.75 -7.75 -10 8.75 -7.75 -12.0625 8.75 -15.7592 -12.0625
3 16 8.75 -17.7643 -11.2419 8.75 -7.75 -10 8.75 -16.8424 -11.8494
3 16 8.75 -16.8424 -11.8494 8.75 -7.75 -10 8.75 -15.7592 -12.0625
3 16 -10 -24 -10 -9.4125 -7.75 -10 -5.9 -19.2483 -10
3 16 -5.9 -19.2483 -10 -9.4125 -7.75 -10 -5.9 -7.75 -10
3 16 -5.9 -17.7643 -11.2419 -5.9 -19.2483 -10 -5.9 -7.75 -10
3 16 -5.9 -16.8424 -11.8494 -5.9 -17.7643 -11.2419 -5.9 -7.75 -10
3 16 -5.9 -15.7592 -12.0625 -5.9 -16.8424 -11.8494 -5.9 -7.75 -10
3 16 -5.9 -7.75 -10 -5.9 -7.75 -12.0625 -5.9 -15.7592 -12.0625
3 16 1.425 -7.75 -11.5625 3.925 -7.75 -11.5625 -3.4 -7.75 -10
3 16 -3.4 -7.75 -10 3.925 -7.75 -11.5625 8.75 -7.75 -10
3 16 10 -24 -10 -10 -24 -10 -3.4 -19.2483 -10
3 16 -5.9 -19.2483 -10 -3.4 -19.2483 -10 -10 -24 -10
3 16 8.75 -7.75 -10 8.75 -19.2483 -10 -3.4 -7.75 -10
3 16 -3.4 -7.75 -10 8.75 -19.2483 -10 -3.4 -19.2483 -10
3 16 10 -24 -10 8.75 -19.2483 -10 11.25 -19.2483 -10
3 16 -3.4 -19.2483 -10 8.75 -19.2483 -10 10 -24 -10
3 16 10 -23.4111 -13.8942 10 -7.75 -13.8942 3.925 -19.2483 -13.8942
3 16 3.925 -19.2483 -13.8942 10 -7.75 -13.8942 3.925 -7.75 -13.8942
3 16 -10 -24 -10 -10 0 -10 -9.4125 -7.75 -10
3 16 -9.4125 -7.75 -10 -10 0 -10 -9.4125 -5.4296 -10
3 16 0.2965 -23.4111 -17.1573 0.3512 -22.8559 -17.7125 10 -23.4111 -17.1573
3 16 10 -23.4111 -17.1573 0.3512 -22.8559 -17.7125 10 -22.8559 -17.7125
3 16 -9.4125 -13.7021 -13.8942 -9.4125 -10.2574 -13.8942 -9.4125 -13.7021 -17.1573
3 16 -9.4125 -13.7021 -17.1573 -9.4125 -10.2574 -13.8942 -9.4125 -10.2574 -17.1573
3 16 -8.6734 -17.4176 -13.8942 -9.4125 -13.7021 -13.8942 -8.6734 -17.4176 -17.1573
3 16 -8.6734 -17.4176 -17.1573 -9.4125 -13.7021 -13.8942 -9.4125 -13.7021 -17.1573
3 16 -6.5688 -20.5674 -13.8942 -8.6734 -17.4176 -13.8942 -6.5688 -20.5674 -17.1573
3 16 -6.5688 -20.5674 -17.1573 -8.6734 -17.4176 -13.8942 -8.6734 -17.4176 -17.1573
3 16 -3.419 -22.6721 -13.8942 -6.5688 -20.5674 -13.8942 -3.419 -22.6721 -17.1573
3 16 -3.419 -22.6721 -17.1573 -6.5688 -20.5674 -13.8942 -6.5688 -20.5674 -17.1573
3 16 0.2965 -23.4111 -13.8942 -3.419 -22.6721 -13.8942 0.2965 -23.4111 -17.1573
3 16 0.2965 -23.4111 -17.1573 -3.419 -22.6721 -13.8942 -3.419 -22.6721 -17.1573
3 16 -3.419 -22.6721 -17.1573 -3.2023 -22.1491 -17.7125 0.2965 -23.4111 -17.1573
3 16 0.2965 -23.4111 -17.1573 -3.2023 -22.1491 -17.7125 0.3512 -22.8559 -17.7125
3 16 -8.8573 -10.2574 -17.7125 -8.8573 -13.6474 -17.7125 -9.4125 -10.2574 -17.1573
3 16 -9.4125 -10.2574 -17.1573 -8.8573 -13.6474 -17.7125 -9.4125 -13.7021 -17.1573
3 16 -8.8573 -13.6474 -17.7125 -8.1505 -17.2009 -17.7125 -9.4125 -13.7021 -17.1573
3 16 -9.4125 -13.7021 -17.1573 -8.1505 -17.2009 -17.7125 -8.6734 -17.4176 -17.1573
3 16 -8.6734 -17.4176 -17.1573 -8.1505 -17.2009 -17.7125 -6.5688 -20.5674 -17.1573
3 16 -6.5688 -20.5674 -17.1573 -8.1505 -17.2009 -17.7125 -6.1685 -20.1671 -17.7125
3 16 -6.5688 -20.5674 -17.1573 -6.1685 -20.1671 -17.7125 -3.419 -22.6721 -17.1573
3 16 -3.419 -22.6721 -17.1573 -6.1685 -20.1671 -17.7125 -3.2023 -22.1491 -17.7125
3 16 -9.4125 -5.4296 -17.1573 10 -5.4296 -17.1573 -8.8573 -5.9849 -17.7125
3 16 -8.8573 -5.9849 -17.7125 10 -5.4296 -17.1573 10 -5.9849 -17.7125
3 16 -9.4125 -5.4296 -17.1573 -8.8573 -5.9849 -17.7125 -9.4125 -10.2574 -17.1573
3 16 -9.4125 -10.2574 -17.1573 -8.8573 -5.9849 -17.7125 -8.8573 -10.2574 -17.7125
3 16 11.25 -16.8424 -11.8494 8.75 -16.8424 -11.8494 11.25 -15.7592 -12.0625
3 16 11.25 -15.7592 -12.0625 8.75 -16.8424 -11.8494 8.75 -15.7592 -12.0625
3 16 11.25 -17.7643 -11.2419 8.75 -17.7643 -11.2419 11.25 -16.8424 -11.8494
3 16 11.25 -16.8424 -11.8494 8.75 -17.7643 -11.2419 8.75 -16.8424 -11.8494
3 16 11.25 -15.7592 -12.0625 8.75 -15.7592 -12.0625 11.25 -7.75 -12.0625
3 16 11.25 -7.75 -12.0625 8.75 -15.7592 -12.0625 8.75 -7.75 -12.0625
3 16 11.25 -19.2483 -10 8.75 -19.2483 -10 11.25 -17.7643 -11.2419
3 16 11.25 -17.7643 -11.2419 8.75 -19.2483 -10 8.75 -17.7643 -11.2419
3 16 9.0889 -13.0714 18.0353 9.0889 -18.827 26.25 10 -13.1343 18.125
3 16 10 -13.1343 18.125 9.0889 -18.827 26.25 10 -18.827 26.25
3 16 4.2548 -21.25 15.7452 4.2548 0 15.7452 2.4935 -21.25 13.1093
3 16 2.4935 -21.25 13.1093 4.2548 0 15.7452 2.4935 0 13.1093
3 16 1.9647 -21.25 10.9111 2.4935 -21.25 13.1093 1.9647 -13.0714 10.9111
3 16 1.9647 -13.0714 10.9111 2.4935 -21.25 13.1093 2.4935 0 13.1093
3 16 2.4935 0 13.1093 1.875 0 10 1.9647 -13.0714 10.9111
3 16 1.9647 -13.0714 10.9111 1.875 0 10 1.875 -13.1343 10
3 16 1.9647 -13.0714 10.9111 -6.25 -18.827 10.9111 1.9647 -21.25 10.9111
3 16 1.9647 -21.25 10.9111 -6.25 -18.827 10.9111 -6.25 -21.25 10.9111
3 16 1.9647 -13.0714 10.9111 1.875 -13.1343 10 -6.25 -18.827 10.9111
3 16 -6.25 -18.827 10.9111 1.875 -13.1343 10 -6.25 -18.827 9.0889
3 16 9.0889 -21.25 18.0353 9.0889 -13.0714 18.0353 6.8907 -21.25 17.5065
3 16 6.8907 -21.25 17.5065 9.0889 -13.0714 18.0353 6.8907 0 17.5065
3 16 9.0889 -21.25 26.25 9.0889 -18.827 26.25 9.0889 -21.25 18.0353
3 16 9.0889 -21.25 18.0353 9.0889 -18.827 26.25 9.0889 -13.0714 18.0353
3 16 9.0889 -21.25 26.25 -6.25 -21.25 26.25 9.0889 -18.827 26.25
3 16 -6.25 -21.25 26.25 -6.25 0 26.25 9.0889 -18.827 26.25
3 16 -6.25 -21.25 10.9111 -6.25 -18.827 10.9111 -6.25 -21.25 26.25
3 16 -6.25 0 26.25 -6.25 -21.25 26.25 -6.25 -18.827 10.9111
3 16 10 -18.827 26.25 9.0889 -18.827 26.25 10 0 26.25
3 16 9.0889 -18.827 26.25 -6.25 0 26.25 10 0 26.25
3 16 9.0889 -13.0714 1.9647 10 -13.1343 1.875 9.0889 -18.827 -6.25
3 16 9.0889 -18.827 -6.25 10 -13.1343 1.875 10 -18.827 -6.25
3 16 10 -18.827 -6.25 10 0 -6.25 9.0889 -18.827 -6.25
3 16 10 0 -6.25 -6.25 0 -6.25 9.0889 -18.827 -6.25
3 16 -6.25 -18.827 9.0889 1.875 -13.1343 10 1.9647 -13.0714 9.0889
3 16 9.0889 -21.25 1.9647 6.8907 -21.25 2.4935 9.0889 -13.0714 1.9647
3 16 9.0889 -13.0714 1.9647 6.8907 -21.25 2.4935 6.8907 0 2.4935
3 16 4.2548 -21.25 4.2548 4.2548 0 4.2548 6.8907 -21.25 2.4935
3 16 6.8907 -21.25 2.4935 4.2548 0 4.2548 6.8907 0 2.4935
3 16 9.0889 -21.25 -6.25 9.0889 -21.25 1.9647 9.0889 -18.827 -6.25
3 16 9.0889 -18.827 -6.25 9.0889 -21.25 1.9647 9.0889 -13.0714 1.9647
3 16 -6.25 -21.25 9.0889 -6.25 -18.827 9.0889 1.9647 -21.25 9.0889
3 16 1.9647 -21.25 9.0889 -6.25 -18.827 9.0889 1.9647 -13.0714 9.0889
3 16 1.9647 -21.25 9.0889 1.9647 -13.0714 9.0889 2.4935 -21.25 6.8907
3 16 2.4935 -21.25 6.8907 1.9647 -13.0714 9.0889 2.4935 0 6.8907
3 16 9.0889 -21.25 -6.25 9.0889 -18.827 -6.25 -6.25 -21.25 -6.25
3 16 -6.25 -21.25 -6.25 9.0889 -18.827 -6.25 -6.25 0 -6.25
3 16 -6.25 -21.25 9.0889 -6.25 -21.25 -6.25 -6.25 -18.827 9.0889
3 16 -6.25 0 -6.25 -6.25 -18.827 9.0889 -6.25 -21.25 -6.25
3 16 -6.25 0 26.25 -6.25 -18.827 10.9111 -6.25 0 -6.25
3 16 -6.25 -18.827 10.9111 -6.25 -18.827 9.0889 -6.25 0 -6.25
3 16 6.8907 0 17.5065 9.0889 -13.0714 18.0353 10 0 18.125
3 16 10 0 18.125 9.0889 -13.0714 18.0353 10 -13.1343 18.125
3 16 4.2548 -21.25 15.7452 6.8907 -21.25 17.5065 4.2548 0 15.7452
3 16 4.2548 0 15.7452 6.8907 -21.25 17.5065 6.8907 0 17.5065
3 16 2.4935 0 6.8907 1.9647 -13.0714 9.0889 1.875 0 10
3 16 1.875 0 10 1.9647 -13.0714 9.0889 1.875 -13.1343 10
3 16 4.2548 -21.25 4.2548 2.4935 -21.25 6.8907 4.2548 0 4.2548
3 16 4.2548 0 4.2548 2.4935 -21.25 6.8907 2.4935 0 6.8907
3 16 9.0889 -21.25 18.0353 6.8907 -21.25 17.5065 9.0889 -21.25 26.25
3 16 6.8907 -21.25 17.5065 -6.25 -21.25 26.25 9.0889 -21.25 26.25
3 16 6.8907 -21.25 17.5065 4.2548 -21.25 15.7452 -6.25 -21.25 26.25
3 16 1.9647 -21.25 10.9111 -6.25 -21.25 10.9111 2.4935 -21.25 13.1093
3 16 -6.25 -21.25 26.25 2.4935 -21.25 13.1093 -6.25 -21.25 10.9111
3 16 -6.25 -21.25 26.25 4.2548 -21.25 15.7452 2.4935 -21.25 13.1093
3 16 1.9647 -21.25 9.0889 2.4935 -21.25 6.8907 -6.25 -21.25 9.0889
3 16 2.4935 -21.25 6.8907 -6.25 -21.25 -6.25 -6.25 -21.25 9.0889
3 16 2.4935 -21.25 6.8907 4.2548 -21.25 4.2548 -6.25 -21.25 -6.25
3 16 -6.25 -21.25 -6.25 9.0889 -21.25 1.9647 9.0889 -21.25 -6.25
3 16 9.0889 -21.25 1.9647 -6.25 -21.25 -6.25 6.8907 -21.25 2.4935
3 16 6.8907 -21.25 2.4935 -6.25 -21.25 -6.25 4.2548 -21.25 4.2548
3 16 10 -13.1343 1.875 9.0889 -13.0714 1.9647 10 0 1.875
3 16 10 0 1.875 9.0889 -13.0714 1.9647 6.8907 0 2.4935
3 16 10 0 -10 6.0063 -0.739 -10 4.0063 -0.739 -10
3 16 -9.4125 -7.75 -10 -9.4125 -5.4296 -10 -9.4125 -7.75 -13.8942
3 16 -9.4125 -7.75 -13.8942 -9.4125 -5.4296 -10 -9.4125 -5.4296 -17.1573
3 16 -9.4125 -5.4296 -17.1573 -9.4125 -10.2574 -17.1573 -9.4125 -7.75 -13.8942
3 16 -9.4125 -7.75 -13.8942 -9.4125 -10.2574 -17.1573 -9.4125 -10.2574 -13.8942
3 16 -10 0 -10 -5.65 -0.739 -10 -9.4125 -5.4296 -10
3 16 -9.4125 -5.4296 -10 -5.65 -0.739 -10 -5.65 -5.4296 -10
3 16 4.0063 -0.739 -10 4.0063 -5.4296 -10 -3.65 -0.739 -10
3 16 -3.65 -0.739 -10 4.0063 -5.4296 -10 -3.65 -5.4296 -10
3 16 10 0 -10 10 -5.4296 -10 6.0063 -0.739 -10
3 16 6.0063 -0.739 -10 10 -5.4296 -10 6.0063 -5.4296 -10
3 16 -10 0 -10 -3.65 -0.739 -10 -5.65 -0.739 -10
3 16 -10 0 -10 10 0 -10 -3.65 -0.739 -10
3 16 -3.65 -0.739 -10 10 0 -10 4.0063 -0.739 -10
3 16 -3.65 -5.4296 -16.2625 -9.4125 -5.4296 -17.1573 -5.65 -5.4296 -16.2625
3 16 10 -22.8559 -17.7125 0.3512 -22.8559 -17.7125 10 -5.9849 -17.7125
3 16 10 -5.9849 -17.7125 0.3512 -22.8559 -17.7125 -8.8573 -5.9849 -17.7125
3 16 -8.8573 -5.9849 -17.7125 0.3512 -22.8559 -17.7125 -8.8573 -10.2574 -17.7125
3 16 -8.8573 -10.2574 -17.7125 0.3512 -22.8559 -17.7125 -8.8573 -13.6474 -17.7125
3 16 0.3512 -22.8559 -17.7125 -3.2023 -22.1491 -17.7125 -8.8573 -13.6474 -17.7125
3 16 -8.8573 -13.6474 -17.7125 -3.2023 -22.1491 -17.7125 -8.1505 -17.2009 -17.7125
3 16 -8.1505 -17.2009 -17.7125 -3.2023 -22.1491 -17.7125 -6.1685 -20.1671 -17.7125
3 16 -10 0 -10 -6.25 0 -6.25 10 0 -10
3 16 10 0 -10 -6.25 0 -6.25 10 0 -6.25
3 16 -10 0 30 -6.25 0 26.25 -10 0 -10
3 16 -10 0 -10 -6.25 0 26.25 -6.25 0 -6.25
3 16 10 0 26.25 -6.25 0 26.25 10 0 30
3 16 10 0 30 -6.25 0 26.25 -10 0 30
3 16 12.2091 -6.5 5.8025 12.8284 -6.5 7.1716 13.6737 -6.5 4.9436
3 16 13.6737 -6.5 4.9436 12.8284 -6.5 7.1716 15.0564 -6.5 6.3263
3 16 15.0564 -6.5 6.3263 15.8343 -6.5 7.785 15.0564 0 6.3263
3 16 15.0564 0 6.3263 15.8343 -6.5 7.785 15.9441 0 8.0686
3 16 12.2446 -6.5 4.1758 12.2091 -6.5 5.8025 13.6737 -6.5 4.9436
3 16 12.2091 -24 5.8025 12.8284 -24 7.1716 12.2091 -6.5 5.8025
3 16 12.2091 -6.5 5.8025 12.8284 -24 7.1716 12.8284 -6.5 7.1716
3 16 15.0564 -6.5 6.3263 12.8284 -6.5 7.1716 14.1954 -6.5 7.7908
3 16 12.8284 -24 7.1716 14.1954 -24 7.7908 12.8284 -6.5 7.1716
3 16 12.8284 -6.5 7.1716 14.1954 -24 7.7908 14.1954 -6.5 7.7908
3 16 14.1954 -6.5 7.7908 15.8343 -6.5 7.785 15.0564 -6.5 6.3263
3 16 14.1954 -24 7.7908 15.8343 -24 7.785 14.1954 -6.5 7.7908
3 16 14.1954 -6.5 7.7908 15.8343 -24 7.785 15.8343 -6.5 7.785
3 16 12.2091 -6.5 5.8025 12.2446 -6.5 4.1758 12.2091 -24 5.8025
3 16 12.2091 -24 5.8025 12.2446 -6.5 4.1758 12.2446 -24 4.1758
3 16 13.6737 -6.5 4.9436 15.0564 -6.5 6.3263 13.6737 0 4.9436
3 16 13.6737 0 4.9436 15.0564 -6.5 6.3263 15.0564 0 6.3263
3 16 13.6737 -6.5 4.9436 13.6737 0 4.9436 12.2446 -6.5 4.1758
3 16 12.2446 -6.5 4.1758 13.6737 0 4.9436 11.9314 0 4.0559
3 16 13.4001 -6.5 12.5819 12.8284 -6.5 12.8284 13.6737 -6.5 15.0564
3 16 12.8284 -24 12.8284 12.8284 -6.5 12.8284 13.4001 -24 12.5819
3 16 13.4001 -24 12.5819 12.8284 -6.5 12.8284 13.4001 -6.5 12.5819
3 16 7.8006 -6.5 14.2887 7.1716 -6.5 12.8284 6.3263 -6.5 15.0564
3 16 6.3263 -6.5 15.0564 7.1716 -6.5 12.8284 4.9436 -6.5 13.6737
3 16 6.594 -6.5 7.433 7.1716 -6.5 7.1716 4.9436 -6.5 6.3263
3 16 7.1716 -24 7.1716 7.1716 -6.5 7.1716 6.594 -24 7.433
3 16 6.594 -24 7.433 7.1716 -6.5 7.1716 6.594 -6.5 7.433
3 16 13.6737 -6.5 15.0564 12.9929 -6.5 15.4778 13.6737 0 15.0564
3 16 13.6737 0 15.0564 12.9929 -6.5 15.4778 11.9314 0 15.9441
3 16 4.9436 -6.5 13.6737 4.2473 -6.5 12.4552 4.9436 0 13.6737
3 16 4.9436 0 13.6737 4.2473 -6.5 12.4552 4.0559 0 11.9314
3 16 6.3263 -6.5 4.9436 7.0896 -6.5 4.4918 6.3263 0 4.9436
3 16 6.3263 0 4.9436 7.0896 -6.5 4.4918 8.0686 0 4.0559
3 16 15.5524 -6.5 12.8417 13.4001 -6.5 12.5819 15.0564 -6.5 13.6737
3 16 15.0564 -6.5 13.6737 13.4001 -6.5 12.5819 13.6737 -6.5 15.0564
3 16 12.8284 -6.5 12.8284 12.5916 -6.5 13.5088 13.6737 -6.5 15.0564
3 16 12.5916 -24 13.5088 12.5916 -6.5 13.5088 12.8284 -24 12.8284
3 16 12.8284 -24 12.8284 12.5916 -6.5 13.5088 12.8284 -6.5 12.8284
3 16 12.5916 -6.5 13.5088 12.9929 -6.5 15.4778 13.6737 -6.5 15.0564
3 16 7.8281 -6.5 15.837 7.8006 -6.5 14.2887 6.3263 -6.5 15.0564
3 16 7.8006 -24 14.2887 7.1716 -24 12.8284 7.8006 -6.5 14.2887
3 16 7.8006 -6.5 14.2887 7.1716 -24 12.8284 7.1716 -6.5 12.8284
3 16 4.9436 -6.5 13.6737 7.1716 -6.5 12.8284 5.6012 -6.5 12.2175
3 16 7.1716 -24 12.8284 5.6012 -24 12.2175 7.1716 -6.5 12.8284
3 16 7.1716 -6.5 12.8284 5.6012 -24 12.2175 5.6012 -6.5 12.2175
3 16 5.6012 -6.5 12.2175 4.2473 -6.5 12.4552 4.9436 -6.5 13.6737
3 16 5.6012 -24 12.2175 4.2473 -24 12.4552 5.6012 -6.5 12.2175
3 16 5.6012 -6.5 12.2175 4.2473 -24 12.4552 4.2473 -6.5 12.4552
3 16 4.3673 -6.5 7.3246 6.594 -6.5 7.433 4.9436 -6.5 6.3263
3 16 7.1716 -6.5 7.1716 7.4241 -6.5 6.6024 4.9436 -6.5 6.3263
3 16 7.4241 -24 6.6024 7.4241 -6.5 6.6024 7.1716 -24 7.1716
3 16 7.1716 -24 7.1716 7.4241 -6.5 6.6024 7.1716 -6.5 7.1716
3 16 7.4241 -24 6.6024 7.0896 -24 4.4918 7.4241 -6.5 6.6024
3 16 7.4241 -6.5 6.6024 7.0896 -24 4.4918 7.0896 -6.5 4.4918
3 16 12.9929 -24 15.4778 12.9929 -6.5 15.4778 12.5916 -24 13.5088
3 16 12.5916 -24 13.5088 12.9929 -6.5 15.4778 12.5916 -6.5 13.5088
3 16 7.8006 -6.5 14.2887 7.8281 -6.5 15.837 7.8006 -24 14.2887
3 16 7.8006 -24 14.2887 7.8281 -6.5 15.837 7.8281 -24 15.837
3 16 6.594 -6.5 7.433 4.3673 -6.5 7.3246 6.594 -24 7.433
3 16 6.594 -24 7.433 4.3673 -6.5 7.3246 4.3673 -24 7.3246
3 16 13.4001 -6.5 12.5819 15.5524 -6.5 12.8417 13.4001 -24 12.5819
3 16 13.4001 -24 12.5819 15.5524 -6.5 12.8417 15.5524 -24 12.8417
3 16 8.0686 0 15.9441 7.8281 -6.5 15.837 6.3263 0 15.0564
3 16 6.3263 0 15.0564 7.8281 -6.5 15.837 6.3263 -6.5 15.0564
3 16 4.9436 0 6.3263 4.9436 -6.5 6.3263 6.3263 0 4.9436
3 16 6.3263 0 4.9436 4.9436 -6.5 6.3263 6.3263 -6.5 4.9436
3 16 4.0559 0 8.0686 4.3673 -6.5 7.3246 4.9436 0 6.3263
3 16 4.9436 0 6.3263 4.3673 -6.5 7.3246 4.9436 -6.5 6.3263
3 16 15.0564 -6.5 13.6737 15.0564 0 13.6737 15.5524 -6.5 12.8417
3 16 15.5524 -6.5 12.8417 15.0564 0 13.6737 15.9441 0 11.9314
3 16 15.0564 -6.5 13.6737 13.6737 -6.5 15.0564 15.0564 0 13.6737
3 16 15.0564 0 13.6737 13.6737 -6.5 15.0564 13.6737 0 15.0564
3 16 4.9436 -6.5 6.3263 7.4241 -6.5 6.6024 6.3263 -6.5 4.9436
3 16 6.3263 -6.5 4.9436 7.4241 -6.5 6.6024 7.0896 -6.5 4.4918
3 16 6.3263 -6.5 15.0564 4.9436 -6.5 13.6737 6.3263 0 15.0564
3 16 6.3263 0 15.0564 4.9436 -6.5 13.6737 4.9436 0 13.6737
3 16 7.8281 -24 15.837 7.8281 -6.5 15.837 10 -24 16.25
3 16 10 -24 16.25 7.8281 -6.5 15.837 10 0 16.25
3 16 15.9441 -24 11.9314 15.9441 0 11.9314 16.25 -24 10
3 16 16.25 -24 10 15.9441 0 11.9314 16.25 0 10
3 16 12.2446 -24 4.1758 12.2446 -6.5 4.1758 10 -24 3.75
3 16 10 -24 3.75 12.2446 -6.5 4.1758 10 0 3.75
3 16 4.0559 -24 8.0686 4.0559 0 8.0686 3.75 -24 10
3 16 3.75 -24 10 4.0559 0 8.0686 3.75 0 10
3 16 15.8343 -6.5 7.785 16.25 0 10 15.9441 0 8.0686
3 16 11.9314 0 15.9441 12.9929 -6.5 15.4778 11.9314 -24 15.9441
3 16 11.9314 -24 15.9441 12.9929 -6.5 15.4778 12.9929 -24 15.4778
3 16 4.2473 -6.5 12.4552 3.75 0 10 4.0559 0 11.9314
3 16 8.0686 0 4.0559 7.0896 -6.5 4.4918 8.0686 -24 4.0559
3 16 8.0686 -24 4.0559 7.0896 -6.5 4.4918 7.0896 -24 4.4918
3 16 10 -24 16.25 10 0 16.25 11.9314 -24 15.9441
3 16 11.9314 -24 15.9441 10 0 16.25 11.9314 0 15.9441
3 16 15.9441 0 11.9314 15.9441 -24 11.9314 15.5524 -6.5 12.8417
3 16 15.5524 -6.5 12.8417 15.9441 -24 11.9314 15.5524 -24 12.8417
3 16 10 -24 3.75 10 0 3.75 8.0686 -24 4.0559
3 16 8.0686 -24 4.0559 10 0 3.75 8.0686 0 4.0559
3 16 4.0559 0 8.0686 4.0559 -24 8.0686 4.3673 -6.5 7.3246
3 16 4.3673 -6.5 7.3246 4.0559 -24 8.0686 4.3673 -24 7.3246
3 16 4.2473 -24 12.4552 3.75 -24 10 4.2473 -6.5 12.4552
3 16 4.2473 -6.5 12.4552 3.75 -24 10 3.75 0 10
3 16 10 0 16.25 7.8281 -6.5 15.837 8.0686 0 15.9441
3 16 10 0 3.75 12.2446 -6.5 4.1758 11.9314 0 4.0559
3 16 16.25 0 10 15.8343 -6.5 7.785 16.25 -24 10
3 16 16.25 -24 10 15.8343 -6.5 7.785 15.8343 -24 7.785
3 16 10 -24 16.25 11.9314 -24 15.9441 10 -24 30
3 16 30 -24 30 10 -24 30 11.9314 -24 15.9441
3 16 10 -24 16.25 10 -24 30 7.8281 -24 15.837
3 16 10 -24 30 -10 -24 30 7.8281 -24 15.837
3 16 10 -24 3.75 8.0686 -24 4.0559 10 -24 -10
3 16 -10 -24 -10 10 -24 -10 8.0686 -24 4.0559
3 16 10 -24 3.75 10 -24 -10 12.2446 -24 4.1758
3 16 10 -24 -10 30 -24 -10 12.2446 -24 4.1758
3 16 11.9314 -24 15.9441 12.9929 -24 15.4778 30 -24 30
3 16 15.5524 -24 12.8417 15.9441 -24 11.9314 30 -24 30
3 16 30 -24 30 15.9441 -24 11.9314 30 -24 -10
3 16 15.9441 -24 11.9314 16.25 -24 10 30 -24 -10
3 16 16.25 -24 10 15.8343 -24 7.785 30 -24 -10
3 16 7.1716 -24 7.1716 -10 -24 -10 7.4241 -24 6.6024
3 16 -10 -24 -10 7.0896 -24 4.4918 7.4241 -24 6.6024
3 16 12.8284 -24 12.8284 30 -24 30 12.5916 -24 13.5088
3 16 30 -24 30 12.9929 -24 15.4778 12.5916 -24 13.5088
3 16 12.8284 -24 12.8284 13.4001 -24 12.5819 30 -24 30
3 16 15.5524 -24 12.8417 30 -24 30 13.4001 -24 12.5819
3 16 12.8284 -24 7.1716 30 -24 -10 14.1954 -24 7.7908
3 16 30 -24 -10 15.8343 -24 7.785 14.1954 -24 7.7908
3 16 12.8284 -24 7.1716 12.2091 -24 5.8025 30 -24 -10
3 16 12.2446 -24 4.1758 30 -24 -10 12.2091 -24 5.8025
3 16 8.0686 -24 4.0559 7.0896 -24 4.4918 -10 -24 -10
3 16 4.3673 -24 7.3246 4.0559 -24 8.0686 -10 -24 -10
3 16 -10 -24 -10 4.0559 -24 8.0686 -10 -24 30
3 16 4.0559 -24 8.0686 3.75 -24 10 -10 -24 30
3 16 -10 -24 30 3.75 -24 10 4.2473 -24 12.4552
3 16 7.1716 -24 7.1716 6.594 -24 7.433 -10 -24 -10
3 16 4.3673 -24 7.3246 -10 -24 -10 6.594 -24 7.433
3 16 7.1716 -24 12.8284 -10 -24 30 5.6012 -24 12.2175
3 16 -10 -24 30 4.2473 -24 12.4552 5.6012 -24 12.2175
3 16 7.1716 -24 12.8284 7.8006 -24 14.2887 -10 -24 30
3 16 7.8281 -24 15.837 -10 -24 30 7.8006 -24 14.2887
3 16 15.7452 0 4.2548 13.1093 0 2.4935 13.6737 0 4.9436
3 16 13.6737 0 4.9436 13.1093 0 2.4935 11.9314 0 4.0559
3 16 13.6737 0 4.9436 15.0564 0 6.3263 15.7452 0 4.2548
3 16 15.7452 0 4.2548 15.0564 0 6.3263 17.5065 0 6.8907
3 16 15.0564 0 6.3263 15.9441 0 8.0686 17.5065 0 6.8907
3 16 13.1093 0 2.4935 10 0 1.875 11.9314 0 4.0559
3 16 11.9314 0 4.0559 10 0 1.875 10 0 3.75
3 16 17.5065 0 6.8907 15.9441 0 8.0686 18.125 0 10
3 16 15.9441 0 8.0686 16.25 0 10 18.125 0 10
3 16 10 0 1.875 6.8907 0 2.4935 10 0 3.75
3 16 10 0 3.75 6.8907 0 2.4935 8.0686 0 4.0559
3 16 18.125 0 10 16.25 0 10 17.5065 0 13.1093
3 16 16.25 0 10 15.9441 0 11.9314 17.5065 0 13.1093
3 16 15.9441 0 11.9314 15.0564 0 13.6737 17.5065 0 13.1093
3 16 17.5065 0 13.1093 15.0564 0 13.6737 15.7452 0 15.7452
3 16 15.0564 0 13.6737 13.6737 0 15.0564 15.7452 0 15.7452
3 16 15.7452 0 15.7452 13.6737 0 15.0564 13.1093 0 17.5065
3 16 13.6737 0 15.0564 11.9314 0 15.9441 13.1093 0 17.5065
3 16 13.1093 0 17.5065 11.9314 0 15.9441 10 0 18.125
3 16 11.9314 0 15.9441 10 0 16.25 10 0 18.125
3 16 10 0 18.125 10 0 16.25 6.8907 0 17.5065
3 16 10 0 16.25 8.0686 0 15.9441 6.8907 0 17.5065
3 16 8.0686 0 15.9441 6.3263 0 15.0564 6.8907 0 17.5065
3 16 6.8907 0 17.5065 6.3263 0 15.0564 4.2548 0 15.7452
3 16 6.3263 0 15.0564 4.9436 0 13.6737 4.2548 0 15.7452
3 16 4.2548 0 15.7452 4.9436 0 13.6737 2.4935 0 13.1093
3 16 4.9436 0 13.6737 4.0559 0 11.9314 2.4935 0 13.1093
3 16 2.4935 0 13.1093 4.0559 0 11.9314 1.875 0 10
3 16 4.0559 0 11.9314 3.75 0 10 1.875 0 10
3 16 1.875 0 10 3.75 0 10 2.4935 0 6.8907
3 16 3.75 0 10 4.0559 0 8.0686 2.4935 0 6.8907
3 16 4.0559 0 8.0686 4.9436 0 6.3263 2.4935 0 6.8907
3 16 2.4935 0 6.8907 4.9436 0 6.3263 4.2548 0 4.2548
3 16 4.9436 0 6.3263 6.3263 0 4.9436 4.2548 0 4.2548
3 16 4.2548 0 4.2548 6.3263 0 4.9436 6.8907 0 2.4935
3 16 6.8907 0 2.4935 6.3263 0 4.9436 8.0686 0 4.0559
3 16 0 -28.45 20 3.126 -28.45 14.5856 5.4144 -28.45 16.874
3 16 5.4144 -28.45 16.874 6.252 -28.45 20 0 -28.45 20
3 16 6.252 -28.45 20 5.4144 -28.45 23.126 0 -28.45 20
3 16 5.4144 -28.45 23.126 3.126 -28.45 25.4144 0 -28.45 20
3 16 3.126 -28.45 25.4144 0 -28.45 26.252 0 -28.45 20
3 16 0 -28.45 26.252 -3.126 -28.45 25.4144 0 -28.45 20
3 16 -3.126 -28.45 25.4144 -5.4144 -28.45 23.126 0 -28.45 20
3 16 -5.4144 -28.45 23.126 -6.252 -28.45 20 0 -28.45 20
3 16 -6.252 -28.45 20 -5.4144 -28.45 16.874 0 -28.45 20
3 16 -5.4144 -28.45 16.874 -3.126 -28.45 14.5856 0 -28.45 20
3 16 -3.126 -28.45 14.5856 0 -28.45 13.748 0 -28.45 20
3 16 0 -28.45 13.748 3.126 -28.45 14.5856 0 -28.45 20
3 16 3.126 -24 14.5856 5.4144 -24 16.874 3.126 -28.45 14.5856
3 16 3.126 -28.45 14.5856 5.4144 -24 16.874 5.4144 -28.45 16.874
3 16 5.4144 -24 16.874 6.252 -24 20 5.4144 -28.45 16.874
3 16 5.4144 -28.45 16.874 6.252 -24 20 6.252 -28.45 20
3 16 6.252 -24 20 5.4144 -24 23.126 6.252 -28.45 20
3 16 6.252 -28.45 20 5.4144 -24 23.126 5.4144 -28.45 23.126
3 16 5.4144 -24 23.126 3.126 -24 25.4144 5.4144 -28.45 23.126
3 16 5.4144 -28.45 23.126 3.126 -24 25.4144 3.126 -28.45 25.4144
3 16 3.126 -24 25.4144 0 -24 26.252 3.126 -28.45 25.4144
3 16 3.126 -28.45 25.4144 0 -24 26.252 0 -28.45 26.252
3 16 0 -24 26.252 -3.126 -24 25.4144 0 -28.45 26.252
3 16 0 -28.45 26.252 -3.126 -24 25.4144 -3.126 -28.45 25.4144
3 16 -3.126 -24 25.4144 -5.4144 -24 23.126 -3.126 -28.45 25.4144
3 16 -3.126 -28.45 25.4144 -5.4144 -24 23.126 -5.4144 -28.45 23.126
3 16 -5.4144 -24 23.126 -6.252 -24 20 -5.4144 -28.45 23.126
3 16 -5.4144 -28.45 23.126 -6.252 -24 20 -6.252 -28.45 20
3 16 -6.252 -24 20 -5.4144 -24 16.874 -6.252 -28.45 20
3 16 -6.252 -28.45 20 -5.4144 -24 16.874 -5.4144 -28.45 16.874
3 16 -5.4144 -24 16.874 -3.126 -24 14.5856 -5.4144 -28.45 16.874
3 16 -5.4144 -28.45 16.874 -3.126 -24 14.5856 -3.126 -28.45 14.5856
3 16 -3.126 -24 14.5856 0 -24 13.748 -3.126 -28.45 14.5856
3 16 -3.126 -28.45 14.5856 0 -24 13.748 0 -28.45 13.748
3 16 0 -24 13.748 3.126 -24 14.5856 0 -28.45 13.748
3 16 0 -28.45 13.748 3.126 -24 14.5856 3.126 -28.45 14.5856
3 16 20 -28.45 20 23.126 -28.45 14.5856 25.4144 -28.45 16.874
3 16 25.4144 -28.45 16.874 26.252 -28.45 20 20 -28.45 20
3 16 26.252 -28.45 20 25.4144 -28.45 23.126 20 -28.45 20
3 16 25.4144 -28.45 23.126 23.126 -28.45 25.4144 20 -28.45 20
3 16 23.126 -28.45 25.4144 20 -28.45 26.252 20 -28.45 20
3 16 20 -28.45 26.252 16.874 -28.45 25.4144 20 -28.45 20
3 16 16.874 -28.45 25.4144 14.5856 -28.45 23.126 20 -28.45 20
3 16 14.5856 -28.45 23.126 13.748 -28.45 20 20 -28.45 20
3 16 13.748 -28.45 20 14.5856 -28.45 16.874 20 -28.45 20
3 16 14.5856 -28.45 16.874 16.874 -28.45 14.5856 20 -28.45 20
3 16 16.874 -28.45 14.5856 20 -28.45 13.748 20 -28.45 20
3 16 20 -28.45 13.748 23.126 -28.45 14.5856 20 -28.45 20
3 16 23.126 -24 14.5856 25.4144 -24 16.874 23.126 -28.45 14.5856
3 16 23.126 -28.45 14.5856 25.4144 -24 16.874 25.4144 -28.45 16.874
3 16 25.4144 -24 16.874 26.252 -24 20 25.4144 -28.45 16.874
3 16 25.4144 -28.45 16.874 26.252 -24 20 26.252 -28.45 20
3 16 26.252 -24 20 25.4144 -24 23.126 26.252 -28.45 20
3 16 26.252 -28.45 20 25.4144 -24 23.126 25.4144 -28.45 23.126
3 16 25.4144 -24 23.126 23.126 -24 25.4144 25.4144 -28.45 23.126
3 16 25.4144 -28.45 23.126 23.126 -24 25.4144 23.126 -28.45 25.4144
3 16 23.126 -24 25.4144 20 -24 26.252 23.126 -28.45 25.4144
3 16 23.126 -28.45 25.4144 20 -24 26.252 20 -28.45 26.252
3 16 20 -24 26.252 16.874 -24 25.4144 20 -28.45 26.252
3 16 20 -28.45 26.252 16.874 -24 25.4144 16.874 -28.45 25.4144
3 16 16.874 -24 25.4144 14.5856 -24 23.126 16.874 -28.45 25.4144
3 16 16.874 -28.45 25.4144 14.5856 -24 23.126 14.5856 -28.45 23.126
3 16 14.5856 -24 23.126 13.748 -24 20 14.5856 -28.45 23.126
3 16 14.5856 -28.45 23.126 13.748 -24 20 13.748 -28.45 20
3 16 13.748 -24 20 14.5856 -24 16.874 13.748 -28.45 20
3 16 13.748 -28.45 20 14.5856 -24 16.874 14.5856 -28.45 16.874
3 16 14.5856 -24 16.874 16.874 -24 14.5856 14.5856 -28.45 16.874
3 16 14.5856 -28.45 16.874 16.874 -24 14.5856 16.874 -28.45 14.5856
3 16 16.874 -24 14.5856 20 -24 13.748 16.874 -28.45 14.5856
3 16 16.874 -28.45 14.5856 20 -24 13.748 20 -28.45 13.748
3 16 20 -24 13.748 23.126 -24 14.5856 20 -28.45 13.748
3 16 20 -28.45 13.748 23.126 -24 14.5856 23.126 -28.45 14.5856
3 16 0 -28.45 0 3.126 -28.45 -5.4144 5.4144 -28.45 -3.126
3 16 5.4144 -28.45 -3.126 6.252 -28.45 0 0 -28.45 0
3 16 6.252 -28.45 0 5.4144 -28.45 3.126 0 -28.45 0
3 16 5.4144 -28.45 3.126 3.126 -28.45 5.4144 0 -28.45 0
3 16 3.126 -28.45 5.4144 0 -28.45 6.252 0 -28.45 0
3 16 0 -28.45 6.252 -3.126 -28.45 5.4144 0 -28.45 0
3 16 -3.126 -28.45 5.4144 -5.4144 -28.45 3.126 0 -28.45 0
3 16 -5.4144 -28.45 3.126 -6.252 -28.45 0 0 -28.45 0
3 16 -6.252 -28.45 0 -5.4144 -28.45 -3.126 0 -28.45 0
3 16 -5.4144 -28.45 -3.126 -3.126 -28.45 -5.4144 0 -28.45 0
3 16 -3.126 -28.45 -5.4144 0 -28.45 -6.252 0 -28.45 0
3 16 0 -28.45 -6.252 3.126 -28.45 -5.4144 0 -28.45 0
3 16 3.126 -24 -5.4144 5.4144 -24 -3.126 3.126 -28.45 -5.4144
3 16 3.126 -28.45 -5.4144 5.4144 -24 -3.126 5.4144 -28.45 -3.126
3 16 5.4144 -24 -3.126 6.252 -24 0 5.4144 -28.45 -3.126
3 16 5.4144 -28.45 -3.126 6.252 -24 0 6.252 -28.45 0
3 16 6.252 -24 0 5.4144 -24 3.126 6.252 -28.45 0
3 16 6.252 -28.45 0 5.4144 -24 3.126 5.4144 -28.45 3.126
3 16 5.4144 -24 3.126 3.126 -24 5.4144 5.4144 -28.45 3.126
3 16 5.4144 -28.45 3.126 3.126 -24 5.4144 3.126 -28.45 5.4144
3 16 3.126 -24 5.4144 0 -24 6.252 3.126 -28.45 5.4144
3 16 3.126 -28.45 5.4144 0 -24 6.252 0 -28.45 6.252
3 16 0 -24 6.252 -3.126 -24 5.4144 0 -28.45 6.252
3 16 0 -28.45 6.252 -3.126 -24 5.4144 -3.126 -28.45 5.4144
3 16 -3.126 -24 5.4144 -5.4144 -24 3.126 -3.126 -28.45 5.4144
3 16 -3.126 -28.45 5.4144 -5.4144 -24 3.126 -5.4144 -28.45 3.126
3 16 -5.4144 -24 3.126 -6.252 -24 0 -5.4144 -28.45 3.126
3 16 -5.4144 -28.45 3.126 -6.252 -24 0 -6.252 -28.45 0
3 16 -6.252 -24 0 -5.4144 -24 -3.126 -6.252 -28.45 0
3 16 -6.252 -28.45 0 -5.4144 -24 -3.126 -5.4144 -28.45 -3.126
3 16 -5.4144 -24 -3.126 -3.126 -24 -5.4144 -5.4144 -28.45 -3.126
3 16 -5.4144 -28.45 -3.126 -3.126 -24 -5.4144 -3.126 -28.45 -5.4144
3 16 -3.126 -24 -5.4144 0 -24 -6.252 -3.126 -28.45 -5.4144
3 16 -3.126 -28.45 -5.4144 0 -24 -6.252 0 -28.45 -6.252
3 16 0 -24 -6.252 3.126 -24 -5.4144 0 -28.45 -6.252
3 16 0 -28.45 -6.252 3.126 -24 -5.4144 3.126 -28.45 -5.4144
3 16 20 -28.45 0 23.126 -28.45 -5.4144 25.4144 -28.45 -3.126
3 16 25.4144 -28.45 -3.126 26.252 -28.45 0 20 -28.45 0
3 16 26.252 -28.45 0 25.4144 -28.45 3.126 20 -28.45 0
3 16 25.4144 -28.45 3.126 23.126 -28.45 5.4144 20 -28.45 0
3 16 23.126 -28.45 5.4144 20 -28.45 6.252 20 -28.45 0
3 16 20 -28.45 6.252 16.874 -28.45 5.4144 20 -28.45 0
3 16 16.874 -28.45 5.4144 14.5856 -28.45 3.126 20 -28.45 0
3 16 14.5856 -28.45 3.126 13.748 -28.45 0 20 -28.45 0
3 16 13.748 -28.45 0 14.5856 -28.45 -3.126 20 -28.45 0
3 16 14.5856 -28.45 -3.126 16.874 -28.45 -5.4144 20 -28.45 0
3 16 16.874 -28.45 -5.4144 20 -28.45 -6.252 20 -28.45 0
3 16 20 -28.45 -6.252 23.126 -28.45 -5.4144 20 -28.45 0
3 16 23.126 -24 -5.4144 25.4144 -24 -3.126 23.126 -28.45 -5.4144
3 16 23.126 -28.45 -5.4144 25.4144 -24 -3.126 25.4144 -28.45 -3.126
3 16 25.4144 -24 -3.126 26.252 -24 0 25.4144 -28.45 -3.126
3 16 25.4144 -28.45 -3.126 26.252 -24 0 26.252 -28.45 0
3 16 26.252 -24 0 25.4144 -24 3.126 26.252 -28.45 0
3 16 26.252 -28.45 0 25.4144 -24 3.126 25.4144 -28.45 3.126
3 16 25.4144 -24 3.126 23.126 -24 5.4144 25.4144 -28.45 3.126
3 16 25.4144 -28.45 3.126 23.126 -24 5.4144 23.126 -28.45 5.4144
3 16 23.126 -24 5.4144 20 -24 6.252 23.126 -28.45 5.4144
3 16 23.126 -28.45 5.4144 20 -24 6.252 20 -28.45 6.252
3 16 20 -24 6.252 16.874 -24 5.4144 20 -28.45 6.252
3 16 20 -28.45 6.252 16.874 -24 5.4144 16.874 -28.45 5.4144
3 16 16.874 -24 5.4144 14.5856 -24 3.126 16.874 -28.45 5.4144
3 16 16.874 -28.45 5.4144 14.5856 -24 3.126 14.5856 -28.45 3.126
3 16 14.5856 -24 3.126 13.748 -24 0 14.5856 -28.45 3.126
3 16 14.5856 -28.45 3.126 13.748 -24 0 13.748 -28.45 0
3 16 13.748 -24 0 14.5856 -24 -3.126 13.748 -28.45 0
3 16 13.748 -28.45 0 14.5856 -24 -3.126 14.5856 -28.45 -3.126
3 16 14.5856 -24 -3.126 16.874 -24 -5.4144 14.5856 -28.45 -3.126
3 16 14.5856 -28.45 -3.126 16.874 -24 -5.4144 16.874 -28.45 -5.4144
3 16 16.874 -24 -5.4144 20 -24 -6.252 16.874 -28.45 -5.4144
3 16 16.874 -28.45 -5.4144 20 -24 -6.252 20 -28.45 -6.252
3 16 20 -24 -6.252 23.126 -24 -5.4144 20 -28.45 -6.252
3 16 20 -28.45 -6.252 23.126 -24 -5.4144 23.126 -28.45 -5.4144
2 24 30 -24 30 30 -24 -10
2 24 30 -24 30 30 0 30
2 24 30 -24 -10 30 0 -10
2 24 30 0 30 30 0 -10
2 24 30 -24 30 30 0 30
2 24 30 -24 30 10 -24 30
2 24 30 0 30 10 0 30
2 24 15.9938 -3.4356 -12.5781 15.9938 -2.0564 -11.046
2 24 13.9938 -3.4356 -12.5781 13.9938 -2.0564 -11.046
2 24 13.9938 -3.4356 -12.5781 13.9938 -4.5121 -14.3363
2 24 15.9938 -3.4356 -12.5781 15.9938 -4.5121 -14.3363
2 24 15.9938 -2.0564 -11.046 15.9938 -0.739 -10
2 24 15.9938 -0.739 -10 13.9938 -0.739 -10
2 24 13.9938 -2.0564 -11.046 13.9938 -0.739 -10
2 24 13.9938 -4.5121 -14.3363 13.9938 -5.4296 -16.2625
2 24 13.9938 -5.4296 -16.2625 15.9938 -5.4296 -16.2625
2 24 15.9938 -4.5121 -14.3363 15.9938 -5.4296 -16.2625
2 24 29.4125 -5.4296 -10 29.4125 -5.4296 -17.1573
2 24 29.4125 -5.4296 -10 25.65 -5.4296 -10
2 24 25.65 -5.4296 -10 25.65 -5.4296 -16.2625
2 24 29.4125 -5.4296 -17.1573 10 -5.4296 -17.1573
2 24 10 -5.4296 -10 13.9938 -5.4296 -10
2 24 13.9938 -5.4296 -10 13.9938 -5.4296 -16.2625
2 24 15.9938 -5.4296 -10 23.65 -5.4296 -10
2 24 15.9938 -5.4296 -16.2625 15.9938 -5.4296 -10
2 24 23.65 -5.4296 -16.2625 23.65 -5.4296 -10
2 24 15.9938 -5.4296 -16.2625 13.9938 -5.4296 -16.2625
2 24 13.9938 -5.4296 -16.2625 13.9938 -5.4296 -10
2 24 13.9938 -5.4296 -16.2625 13.9938 -4.5121 -14.3363
2 24 13.9938 -0.739 -10 13.9938 -2.0564 -11.046
2 24 13.9938 -5.4296 -10 13.9938 -0.739 -10
2 24 13.9938 -4.5121 -14.3363 13.9938 -3.4356 -12.5781
2 24 13.9938 -2.0564 -11.046 13.9938 -3.4356 -12.5781
2 24 15.9938 -5.4296 -16.2625 15.9938 -4.5121 -14.3363
2 24 15.9938 -5.4296 -16.2625 15.9938 -5.4296 -10
2 24 15.9938 -5.4296 -10 15.9938 -0.739 -10
2 24 15.9938 -0.739 -10 15.9938 -2.0564 -11.046
2 24 15.9938 -4.5121 -14.3363 15.9938 -3.4356 -12.5781
2 24 15.9938 -2.0564 -11.046 15.9938 -3.4356 -12.5781
2 24 25.65 -3.4356 -12.5781 25.65 -2.0564 -11.046
2 24 23.65 -3.4356 -12.5781 23.65 -2.0564 -11.046
2 24 23.65 -3.4356 -12.5781 23.65 -4.5121 -14.3363
2 24 25.65 -3.4356 -12.5781 25.65 -4.5121 -14.3363
2 24 25.65 -2.0564 -11.046 25.65 -0.739 -10
2 24 25.65 -0.739 -10 23.65 -0.739 -10
2 24 23.65 -2.0564 -11.046 23.65 -0.739 -10
2 24 23.65 -4.5121 -14.3363 23.65 -5.4296 -16.2625
2 24 23.65 -5.4296 -16.2625 25.65 -5.4296 -16.2625
2 24 25.65 -4.5121 -14.3363 25.65 -5.4296 -16.2625
2 24 23.65 -5.4296 -16.2625 23.65 -5.4296 -10
2 24 23.65 -5.4296 -16.2625 23.65 -4.5121 -14.3363
2 24 23.65 -0.739 -10 23.65 -2.0564 -11.046
2 24 23.65 -5.4296 -10 23.65 -0.739 -10
2 24 23.65 -4.5121 -14.3363 23.65 -3.4356 -12.5781
2 24 23.65 -2.0564 -11.046 23.65 -3.4356 -12.5781
2 24 25.65 -5.4296 -16.2625 25.65 -4.5121 -14.3363
2 24 25.65 -5.4296 -16.2625 25.65 -5.4296 -10
2 24 25.65 -5.4296 -10 25.65 -0.739 -10
2 24 25.65 -0.739 -10 25.65 -2.0564 -11.046
2 24 25.65 -4.5121 -14.3363 25.65 -3.4356 -12.5781
2 24 25.65 -2.0564 -11.046 25.65 -3.4356 -12.5781
2 24 23.4 -7.75 -10 23.4 -7.75 -12.0625
2 24 18.575 -7.75 -11.5625 18.575 -7.75 -13.8942
2 24 18.575 -7.75 -13.8942 29.4125 -7.75 -13.8942
2 24 23.4 -7.75 -12.0625 25.9 -7.75 -12.0625
2 24 29.4125 -7.75 -13.8942 29.4125 -7.75 -10
2 24 25.9 -7.75 -12.0625 25.9 -7.75 -10
2 24 29.4125 -7.75 -10 25.9 -7.75 -10
2 24 11.25 -7.75 -10 11.25 -7.75 -12.0625
2 24 16.075 -7.75 -11.5625 16.075 -7.75 -13.8942
2 24 11.25 -7.75 -12.0625 8.75 -7.75 -12.0625
2 24 16.075 -7.75 -13.8942 10 -7.75 -13.8942
2 24 10 -23.4111 -17.1573 19.7035 -23.4111 -17.1573
2 24 10 -23.4111 -13.8942 19.7035 -23.4111 -13.8942
2 24 29.4125 -7.75 -13.8942 18.575 -7.75 -13.8942
2 24 29.4125 -7.75 -13.8942 29.4125 -10.2574 -13.8942
2 24 18.575 -7.75 -13.8942 18.575 -19.2483 -13.8942
2 24 29.4125 -10.2574 -13.8942 29.4125 -13.7021 -13.8942
2 24 29.4125 -13.7021 -13.8942 28.6735 -17.4176 -13.8942
2 24 28.6735 -17.4176 -13.8942 26.5688 -20.5674 -13.8942
2 24 26.5688 -20.5674 -13.8942 23.419 -22.6721 -13.8942
2 24 23.419 -22.6721 -13.8942 19.7035 -23.4111 -13.8942
2 24 18.575 -19.2483 -13.8942 16.075 -19.2483 -13.8942
2 24 19.7035 -23.4111 -13.8942 10 -23.4111 -13.8942
2 24 23.4 -15.7592 -12.0625 23.4 -16.8424 -11.8494
2 24 25.9 -15.7592 -12.0625 25.9 -16.8424 -11.8494
2 24 23.4 -16.8424 -11.8494 23.4 -17.7643 -11.2419
2 24 25.9 -16.8424 -11.8494 25.9 -17.7643 -11.2419
2 24 18.575 -15.7592 -11.5625 18.575 -16.8424 -11.7756
2 24 16.075 -15.7592 -11.5625 16.075 -16.8424 -11.7756
2 24 18.575 -16.8424 -11.7756 18.575 -17.7643 -12.3831
2 24 16.075 -16.8424 -11.7756 16.075 -17.7643 -12.3831
2 24 25.9 -15.7592 -12.0625 25.9 -7.75 -12.0625
2 24 25.9 -7.75 -12.0625 23.4 -7.75 -12.0625
2 24 23.4 -15.7592 -12.0625 23.4 -7.75 -12.0625
2 24 23.4 -17.7643 -11.2419 23.4 -19.2483 -10
2 24 25.9 -17.7643 -11.2419 25.9 -19.2483 -10
2 24 23.4 -19.2483 -10 25.9 -19.2483 -10
2 24 16.075 -15.7592 -11.5625 16.075 -7.75 -11.5625
2 24 16.075 -7.75 -11.5625 18.575 -7.75 -11.5625
2 24 18.575 -15.7592 -11.5625 18.575 -7.75 -11.5625
2 24 18.575 -17.7643 -12.3831 18.575 -19.2483 -13.8942
2 24 16.075 -17.7643 -12.3831 16.075 -19.2483 -13.8942
2 24 18.575 -19.2483 -13.8942 16.075 -19.2483 -13.8942
2 24 23.4 -19.2483 -10 23.4 -7.75 -10
2 24 23.4 -19.2483 -10 23.4 -17.7643 -11.2419
2 24 23.4 -17.7643 -11.2419 23.4 -16.8424 -11.8494
2 24 23.4 -7.75 -12.0625 23.4 -15.7592 -12.0625
2 24 23.4 -7.75 -10 23.4 -7.75 -12.0625
2 24 23.4 -16.8424 -11.8494 23.4 -15.7592 -12.0625
2 24 18.575 -19.2483 -13.8942 18.575 -7.75 -13.8942
2 24 18.575 -19.2483 -13.8942 18.575 -17.7643 -12.3831
2 24 18.575 -17.7643 -12.3831 18.575 -16.8424 -11.7756
2 24 18.575 -7.75 -11.5625 18.575 -15.7592 -11.5625
2 24 18.575 -7.75 -13.8942 18.575 -7.75 -11.5625
2 24 18.575 -16.8424 -11.7756 18.575 -15.7592 -11.5625
2 24 16.075 -7.75 -13.8942 16.075 -19.2483 -13.8942
2 24 16.075 -17.7643 -12.3831 16.075 -19.2483 -13.8942
2 24 16.075 -17.7643 -12.3831 16.075 -16.8424 -11.7756
2 24 16.075 -16.8424 -11.7756 16.075 -15.7592 -11.5625
2 24 16.075 -15.7592 -11.5625 16.075 -7.75 -11.5625
2 24 16.075 -7.75 -13.8942 16.075 -7.75 -11.5625
2 24 11.25 -19.2483 -10 11.25 -17.7643 -11.2419
2 24 11.25 -7.75 -10 11.25 -19.2483 -10
2 24 11.25 -15.7592 -12.0625 11.25 -7.75 -12.0625
2 24 11.25 -7.75 -10 11.25 -7.75 -12.0625
2 24 11.25 -17.7643 -11.2419 11.25 -16.8424 -11.8494
2 24 11.25 -15.7592 -12.0625 11.25 -16.8424 -11.8494
2 24 25.9 -7.75 -10 29.4125 -7.75 -10
2 24 25.9 -7.75 -10 25.9 -19.2483 -10
2 24 25.9 -7.75 -10 25.9 -19.2483 -10
2 24 25.9 -17.7643 -11.2419 25.9 -19.2483 -10
2 24 25.9 -17.7643 -11.2419 25.9 -16.8424 -11.8494
2 24 25.9 -16.8424 -11.8494 25.9 -15.7592 -12.0625
2 24 25.9 -15.7592 -12.0625 25.9 -7.75 -12.0625
2 24 25.9 -7.75 -10 25.9 -7.75 -12.0625
2 24 18.575 -7.75 -11.5625 16.075 -7.75 -11.5625
2 24 23.4 -7.75 -10 11.25 -7.75 -10
2 24 30 -24 -10 10 -24 -10
2 24 25.9 -19.2483 -10 23.4 -19.2483 -10
2 24 11.25 -7.75 -10 23.4 -7.75 -10
2 24 11.25 -7.75 -10 11.25 -19.2483 -10
2 24 23.4 -19.2483 -10 23.4 -7.75 -10
2 24 16.075 -19.2483 -13.8942 16.075 -7.75 -13.8942
2 24 10 -7.75 -13.8942 16.075 -7.75 -13.8942
2 24 30 -24 -10 30 0 -10
2 24 29.4125 -7.75 -10 29.4125 -5.4296 -10
2 24 10 -22.8559 -17.7125 19.6488 -22.8559 -17.7125
2 24 10 -23.4111 -17.1573 19.7035 -23.4111 -17.1573
2 24 29.4125 -13.7021 -13.8942 29.4125 -10.2574 -13.8942
2 24 29.4125 -13.7021 -17.1573 29.4125 -10.2574 -17.1573
2 24 29.4125 -13.7021 -13.8942 28.6735 -17.4176 -13.8942
2 24 29.4125 -13.7021 -17.1573 28.6735 -17.4176 -17.1573
2 24 28.6735 -17.4176 -13.8942 26.5688 -20.5674 -13.8942
2 24 28.6735 -17.4176 -17.1573 26.5688 -20.5674 -17.1573
2 24 26.5688 -20.5674 -13.8942 23.419 -22.6721 -13.8942
2 24 26.5688 -20.5674 -17.1573 23.419 -22.6721 -17.1573
2 24 19.7035 -23.4111 -13.8942 23.419 -22.6721 -13.8942
2 24 19.7035 -23.4111 -17.1573 23.419 -22.6721 -17.1573
2 24 19.7035 -23.4111 -17.1573 23.419 -22.6721 -17.1573
2 24 19.6488 -22.8559 -17.7125 23.2023 -22.1491 -17.7125
2 24 29.4125 -13.7021 -17.1573 29.4125 -10.2574 -17.1573
2 24 28.8573 -13.6474 -17.7125 28.8573 -10.2574 -17.7125
2 24 29.4125 -13.7021 -17.1573 28.6735 -17.4176 -17.1573
2 24 28.8573 -13.6474 -17.7125 28.1505 -17.2009 -17.7125
2 24 28.6735 -17.4176 -17.1573 26.5688 -20.5674 -17.1573
2 24 28.1505 -17.2009 -17.7125 26.1685 -20.1671 -17.7125
2 24 23.419 -22.6721 -17.1573 26.5688 -20.5674 -17.1573
2 24 23.2023 -22.1491 -17.7125 26.1685 -20.1671 -17.7125
2 24 10 -5.9849 -17.7125 28.8573 -5.9849 -17.7125
2 24 10 -5.4296 -17.1573 29.4125 -5.4296 -17.1573
2 24 28.8573 -5.9849 -17.7125 29.4125 -5.4296 -17.1573
2 24 29.4125 -10.2574 -17.1573 29.4125 -5.4296 -17.1573
2 24 29.4125 -5.4296 -17.1573 28.8573 -5.9849 -17.7125
2 24 28.8573 -10.2574 -17.7125 28.8573 -5.9849 -17.7125
2 24 10.9111 -13.0714 18.0353 10 -13.1343 18.125
2 24 10.9111 -13.0714 18.0353 10.9111 -18.827 26.25
2 24 10.9111 -18.827 26.25 10 -18.827 26.25
2 24 15.7452 -21.25 15.7452 17.5065 -21.25 13.1093
2 24 15.7452 0 15.7452 17.5065 0 13.1093
2 24 18.0353 -21.25 10.9111 18.0353 -13.0714 10.9111
2 24 17.5065 -21.25 13.1093 18.0353 -21.25 10.9111
2 24 17.5065 0 13.1093 18.125 0 10
2 24 18.0353 -13.0714 10.9111 18.125 -13.1343 10
2 24 26.25 -21.25 10.9111 26.25 -18.827 10.9111
2 24 26.25 -21.25 10.9111 18.0353 -21.25 10.9111
2 24 26.25 -18.827 10.9111 18.0353 -13.0714 10.9111
2 24 18.0353 -21.25 10.9111 18.0353 -13.0714 10.9111
2 24 18.0353 -13.0714 10.9111 26.25 -18.827 10.9111
2 24 18.0353 -13.0714 10.9111 18.125 -13.1343 10
2 24 26.25 -18.827 10.9111 26.25 -18.827 9.0889
2 24 10.9111 -13.0714 18.0353 10.9111 -21.25 18.0353
2 24 13.1093 -21.25 17.5065 10.9111 -21.25 18.0353
2 24 10.9111 -21.25 26.25 10.9111 -21.25 18.0353
2 24 10.9111 -21.25 26.25 10.9111 -18.827 26.25
2 24 10.9111 -21.25 18.0353 10.9111 -13.0714 18.0353
2 24 10.9111 -18.827 26.25 10.9111 -13.0714 18.0353
2 24 10.9111 -21.25 26.25 10.9111 -18.827 26.25
2 24 10.9111 -21.25 26.25 26.25 -21.25 26.25
2 24 26.25 -21.25 26.25 26.25 0 26.25
2 24 26.25 -21.25 10.9111 26.25 -21.25 26.25
2 24 26.25 -21.25 10.9111 26.25 -18.827 10.9111
2 24 26.25 -21.25 26.25 26.25 0 26.25
2 24 10.9111 -18.827 26.25 10 -18.827 26.25
2 24 26.25 0 26.25 10 0 26.25
2 24 10 -18.827 -6.25 10.9111 -18.827 -6.25
2 24 10 -13.1343 1.875 10.9111 -13.0714 1.9647
2 24 10.9111 -18.827 -6.25 10.9111 -13.0714 1.9647
2 24 10 -18.827 -6.25 10.9111 -18.827 -6.25
2 24 10 0 -6.25 26.25 0 -6.25
2 24 18.125 -13.1343 10 18.0353 -13.0714 9.0889
2 24 26.25 -18.827 9.0889 18.0353 -13.0714 9.0889
2 24 13.1093 -21.25 2.4935 10.9111 -21.25 1.9647
2 24 10.9111 -13.0714 1.9647 10.9111 -21.25 1.9647
2 24 13.1093 -21.25 2.4935 15.7452 -21.25 4.2548
2 24 13.1093 0 2.4935 15.7452 0 4.2548
2 24 10.9111 -21.25 -6.25 10.9111 -18.827 -6.25
2 24 10.9111 -21.25 -6.25 10.9111 -21.25 1.9647
2 24 10.9111 -18.827 -6.25 10.9111 -13.0714 1.9647
2 24 10.9111 -21.25 1.9647 10.9111 -13.0714 1.9647
2 24 18.0353 -13.0714 9.0889 26.25 -18.827 9.0889
2 24 18.0353 -13.0714 9.0889 18.0353 -21.25 9.0889
2 24 26.25 -18.827 9.0889 26.25 -21.25 9.0889
2 24 18.0353 -21.25 9.0889 26.25 -21.25 9.0889
2 24 18.0353 -21.25 9.0889 17.5065 -21.25 6.8907
2 24 18.0353 -21.25 9.0889 18.0353 -13.0714 9.0889
2 24 10.9111 -21.25 -6.25 26.25 -21.25 -6.25
2 24 10.9111 -18.827 -6.25 10.9111 -21.25 -6.25
2 24 26.25 0 -6.25 26.25 -21.25 -6.25
2 24 26.25 -21.25 9.0889 26.25 -18.827 9.0889
2 24 26.25 -21.25 9.0889 26.25 -21.25 -6.25
2 24 26.25 -21.25 -6.25 26.25 0 -6.25
2 24 26.25 0 26.25 26.25 0 -6.25
2 24 26.25 -18.827 10.9111 26.25 -18.827 9.0889
2 24 13.1093 0 17.5065 10 0 18.125
2 24 10.9111 -13.0714 18.0353 10 -13.1343 18.125
2 24 15.7452 -21.25 15.7452 13.1093 -21.25 17.5065
2 24 15.7452 0 15.7452 13.1093 0 17.5065
2 24 18.125 0 10 17.5065 0 6.8907
2 24 18.125 -13.1343 10 18.0353 -13.0714 9.0889
2 24 15.7452 -21.25 4.2548 17.5065 -21.25 6.8907
2 24 15.7452 0 4.2548 17.5065 0 6.8907
2 24 10.9111 -21.25 18.0353 10.9111 -21.25 26.25
2 24 10.9111 -21.25 18.0353 13.1093 -21.25 17.5065
2 24 10.9111 -21.25 26.25 26.25 -21.25 26.25
2 24 13.1093 -21.25 17.5065 15.7452 -21.25 15.7452
2 24 18.0353 -21.25 10.9111 17.5065 -21.25 13.1093
2 24 18.0353 -21.25 10.9111 26.25 -21.25 10.9111
2 24 26.25 -21.25 26.25 26.25 -21.25 10.9111
2 24 15.7452 -21.25 15.7452 17.5065 -21.25 13.1093
2 24 18.0353 -21.25 9.0889 26.25 -21.25 9.0889
2 24 18.0353 -21.25 9.0889 17.5065 -21.25 6.8907
2 24 26.25 -21.25 9.0889 26.25 -21.25 -6.25
2 24 17.5065 -21.25 6.8907 15.7452 -21.25 4.2548
2 24 10.9111 -21.25 -6.25 10.9111 -21.25 1.9647
2 24 26.25 -21.25 -6.25 10.9111 -21.25 -6.25
2 24 10.9111 -21.25 1.9647 13.1093 -21.25 2.4935
2 24 15.7452 -21.25 4.2548 13.1093 -21.25 2.4935
2 24 13.1093 0 2.4935 10 0 1.875
2 24 10.9111 -13.0714 1.9647 10 -13.1343 1.875
2 24 15.9938 -0.739 -10 13.9938 -0.739 -10
2 24 29.4125 -7.75 -10 29.4125 -7.75 -13.8942
2 24 29.4125 -7.75 -10 29.4125 -5.4296 -10
2 24 29.4125 -5.4296 -10 29.4125 -5.4296 -17.1573
2 24 29.4125 -10.2574 -13.8942 29.4125 -7.75 -13.8942
2 24 29.4125 -10.2574 -17.1573 29.4125 -5.4296 -17.1573
2 24 29.4125 -5.4296 -10 25.65 -5.4296 -10
2 24 25.65 -0.739 -10 25.65 -5.4296 -10
2 24 15.9938 -0.739 -10 15.9938 -5.4296 -10
2 24 23.65 -0.739 -10 23.65 -5.4296 -10
2 24 15.9938 -5.4296 -10 23.65 -5.4296 -10
2 24 13.9938 -0.739 -10 13.9938 -5.4296 -10
2 24 10 -5.4296 -10 13.9938 -5.4296 -10
2 24 25.65 -0.739 -10 23.65 -0.739 -10
2 24 30 0 -10 10 0 -10
2 24 25.65 -5.4296 -16.2625 23.65 -5.4296 -16.2625
2 24 10 -22.8559 -17.7125 19.6488 -22.8559 -17.7125
2 24 10 -5.9849 -17.7125 28.8573 -5.9849 -17.7125
2 24 28.8573 -5.9849 -17.7125 28.8573 -10.2574 -17.7125
2 24 28.8573 -10.2574 -17.7125 28.8573 -13.6474 -17.7125
2 24 19.6488 -22.8559 -17.7125 23.2023 -22.1491 -17.7125
2 24 28.8573 -13.6474 -17.7125 28.1505 -17.2009 -17.7125
2 24 23.2023 -22.1491 -17.7125 26.1685 -20.1671 -17.7125
2 24 28.1505 -17.2009 -17.7125 26.1685 -20.1671 -17.7125
2 24 30 0 -10 10 0 -10
2 24 26.25 0 -6.25 10 0 -6.25
2 24 30 0 -10 30 0 30
2 24 26.25 0 -6.25 26.25 0 26.25
2 24 30 0 30 10 0 30
2 24 26.25 0 26.25 10 0 26.25
2 24 -10 -24 30 -10 0 30
2 24 -10 -24 30 -10 -24 -10
2 24 -10 0 30 -10 0 -10
2 24 -10 -24 -10 -10 0 -10
2 24 10 -24 30 -10 -24 30
2 24 -10 -24 30 -10 0 30
2 24 10 0 30 -10 0 30
2 24 4.0063 -3.4356 -12.5781 4.0063 -2.0564 -11.046
2 24 6.0063 -3.4356 -12.5781 6.0063 -2.0564 -11.046
2 24 6.0063 -3.4356 -12.5781 6.0063 -4.5121 -14.3363
2 24 4.0063 -3.4356 -12.5781 4.0063 -4.5121 -14.3363
2 24 4.0063 -0.739 -10 6.0063 -0.739 -10
2 24 4.0063 -2.0564 -11.046 4.0063 -0.739 -10
2 24 6.0063 -2.0564 -11.046 6.0063 -0.739 -10
2 24 6.0063 -5.4296 -16.2625 4.0063 -5.4296 -16.2625
2 24 6.0063 -4.5121 -14.3363 6.0063 -5.4296 -16.2625
2 24 4.0063 -4.5121 -14.3363 4.0063 -5.4296 -16.2625
2 24 -9.4125 -5.4296 -10 -5.65 -5.4296 -10
2 24 -9.4125 -5.4296 -10 -9.4125 -5.4296 -17.1573
2 24 -5.65 -5.4296 -10 -5.65 -5.4296 -16.2625
2 24 10 -5.4296 -17.1573 -9.4125 -5.4296 -17.1573
2 24 10 -5.4296 -10 6.0063 -5.4296 -10
2 24 6.0063 -5.4296 -10 6.0063 -5.4296 -16.2625
2 24 4.0063 -5.4296 -16.2625 4.0063 -5.4296 -10
2 24 4.0063 -5.4296 -10 -3.65 -5.4296 -10
2 24 -3.65 -5.4296 -16.2625 -3.65 -5.4296 -10
2 24 4.0063 -5.4296 -16.2625 6.0063 -5.4296 -16.2625
2 24 6.0063 -5.4296 -16.2625 6.0063 -4.5121 -14.3363
2 24 6.0063 -5.4296 -16.2625 6.0063 -5.4296 -10
2 24 6.0063 -5.4296 -10 6.0063 -0.739 -10
2 24 6.0063 -0.739 -10 6.0063 -2.0564 -11.046
2 24 6.0063 -4.5121 -14.3363 6.0063 -3.4356 -12.5781
2 24 6.0063 -2.0564 -11.046 6.0063 -3.4356 -12.5781
2 24 4.0063 -5.4296 -16.2625 4.0063 -5.4296 -10
2 24 4.0063 -5.4296 -16.2625 4.0063 -4.5121 -14.3363
2 24 4.0063 -0.739 -10 4.0063 -2.0564 -11.046
2 24 4.0063 -5.4296 -10 4.0063 -0.739 -10
2 24 4.0063 -4.5121 -14.3363 4.0063 -3.4356 -12.5781
2 24 4.0063 -2.0564 -11.046 4.0063 -3.4356 -12.5781
2 24 -5.65 -3.4356 -12.5781 -5.65 -2.0564 -11.046
2 24 -3.65 -3.4356 -12.5781 -3.65 -2.0564 -11.046
2 24 -3.65 -3.4356 -12.5781 -3.65 -4.5121 -14.3363
2 24 -5.65 -3.4356 -12.5781 -5.65 -4.5121 -14.3363
2 24 -5.65 -0.739 -10 -3.65 -0.739 -10
2 24 -5.65 -2.0564 -11.046 -5.65 -0.739 -10
2 24 -3.65 -2.0564 -11.046 -3.65 -0.739 -10
2 24 -3.65 -5.4296 -16.2625 -5.65 -5.4296 -16.2625
2 24 -3.65 -4.5121 -14.3363 -3.65 -5.4296 -16.2625
2 24 -5.65 -4.5121 -14.3363 -5.65 -5.4296 -16.2625
2 24 -3.65 -5.4296 -16.2625 -3.65 -4.5121 -14.3363
2 24 -3.65 -5.4296 -16.2625 -3.65 -5.4296 -10
2 24 -3.65 -5.4296 -10 -3.65 -0.739 -10
2 24 -3.65 -0.739 -10 -3.65 -2.0564 -11.046
2 24 -3.65 -4.5121 -14.3363 -3.65 -3.4356 -12.5781
2 24 -3.65 -2.0564 -11.046 -3.65 -3.4356 -12.5781
2 24 -5.65 -5.4296 -16.2625 -5.65 -5.4296 -10
2 24 -5.65 -5.4296 -16.2625 -5.65 -4.5121 -14.3363
2 24 -5.65 -0.739 -10 -5.65 -2.0564 -11.046
2 24 -5.65 -5.4296 -10 -5.65 -0.739 -10
2 24 -5.65 -4.5121 -14.3363 -5.65 -3.4356 -12.5781
2 24 -5.65 -2.0564 -11.046 -5.65 -3.4356 -12.5781
2 24 -3.4 -7.75 -10 -3.4 -7.75 -12.0625
2 24 1.425 -7.75 -11.5625 1.425 -7.75 -13.8942
2 24 1.425 -7.75 -13.8942 -9.4125 -7.75 -13.8942
2 24 -3.4 -7.75 -12.0625 -5.9 -7.75 -12.0625
2 24 -9.4125 -7.75 -13.8942 -9.4125 -7.75 -10
2 24 -5.9 -7.75 -12.0625 -5.9 -7.75 -10
2 24 -9.4125 -7.75 -10 -5.9 -7.75 -10
2 24 8.75 -7.75 -12.0625 8.75 -7.75 -10
2 24 3.925 -7.75 -11.5625 3.925 -7.75 -13.8942
2 24 10 -7.75 -13.8942 3.925 -7.75 -13.8942
2 24 10 -23.4111 -17.1573 0.2965 -23.4111 -17.1573
2 24 10 -23.4111 -13.8942 0.2965 -23.4111 -13.8942
2 24 -9.4125 -7.75 -13.8942 -9.4125 -10.2574 -13.8942
2 24 -9.4125 -7.75 -13.8942 1.425 -7.75 -13.8942
2 24 1.425 -7.75 -13.8942 1.425 -19.2483 -13.8942
2 24 -9.4125 -10.2574 -13.8942 -9.4125 -13.7021 -13.8942
2 24 -9.4125 -13.7021 -13.8942 -8.6734 -17.4176 -13.8942
2 24 -8.6734 -17.4176 -13.8942 -6.5688 -20.5674 -13.8942
2 24 -6.5688 -20.5674 -13.8942 -3.419 -22.6721 -13.8942
2 24 -3.419 -22.6721 -13.8942 0.2965 -23.4111 -13.8942
2 24 1.425 -19.2483 -13.8942 3.925 -19.2483 -13.8942
2 24 10 -23.4111 -13.8942 0.2965 -23.4111 -13.8942
2 24 -3.4 -15.7592 -12.0625 -3.4 -16.8424 -11.8494
2 24 -5.9 -15.7592 -12.0625 -5.9 -16.8424 -11.8494
2 24 -3.4 -16.8424 -11.8494 -3.4 -17.7643 -11.2419
2 24 -5.9 -16.8424 -11.8494 -5.9 -17.7643 -11.2419
2 24 1.425 -15.7592 -11.5625 1.425 -16.8424 -11.7756
2 24 3.925 -15.7592 -11.5625 3.925 -16.8424 -11.7756
2 24 1.425 -16.8424 -11.7756 1.425 -17.7643 -12.3831
2 24 3.925 -16.8424 -11.7756 3.925 -17.7643 -12.3831
2 24 -5.9 -7.75 -12.0625 -3.4 -7.75 -12.0625
2 24 -5.9 -15.7592 -12.0625 -5.9 -7.75 -12.0625
2 24 -3.4 -15.7592 -12.0625 -3.4 -7.75 -12.0625
2 24 -3.4 -17.7643 -11.2419 -3.4 -19.2483 -10
2 24 -3.4 -19.2483 -10 -5.9 -19.2483 -10
2 24 -5.9 -17.7643 -11.2419 -5.9 -19.2483 -10
2 24 3.925 -7.75 -11.5625 1.425 -7.75 -11.5625
2 24 3.925 -15.7592 -11.5625 3.925 -7.75 -11.5625
2 24 1.425 -15.7592 -11.5625 1.425 -7.75 -11.5625
2 24 1.425 -17.7643 -12.3831 1.425 -19.2483 -13.8942
2 24 1.425 -19.2483 -13.8942 3.925 -19.2483 -13.8942
2 24 3.925 -17.7643 -12.3831 3.925 -19.2483 -13.8942
2 24 -3.4 -19.2483 -10 -3.4 -17.7643 -11.2419
2 24 -3.4 -19.2483 -10 -3.4 -7.75 -10
2 24 -3.4 -17.7643 -11.2419 -3.4 -16.8424 -11.8494
2 24 -3.4 -16.8424 -11.8494 -3.4 -15.7592 -12.0625
2 24 -3.4 -15.7592 -12.0625 -3.4 -7.75 -12.0625
2 24 -3.4 -7.75 -10 -3.4 -7.75 -12.0625
2 24 1.425 -19.2483 -13.8942 1.425 -17.7643 -12.3831
2 24 1.425 -19.2483 -13.8942 1.425 -7.75 -13.8942
2 24 1.425 -17.7643 -12.3831 1.425 -16.8424 -11.7756
2 24 1.425 -16.8424 -11.7756 1.425 -15.7592 -11.5625
2 24 1.425 -15.7592 -11.5625 1.425 -7.75 -11.5625
2 24 1.425 -7.75 -13.8942 1.425 -7.75 -11.5625
2 24 3.925 -19.2483 -13.8942 3.925 -7.75 -13.8942
2 24 3.925 -17.7643 -12.3831 3.925 -19.2483 -13.8942
2 24 3.925 -17.7643 -12.3831 3.925 -16.8424 -11.7756
2 24 3.925 -7.75 -11.5625 3.925 -15.7592 -11.5625
2 24 3.925 -7.75 -13.8942 3.925 -7.75 -11.5625
2 24 3.925 -16.8424 -11.7756 3.925 -15.7592 -11.5625
2 24 8.75 -17.7643 -11.2419 8.75 -19.2483 -10
2 24 8.75 -7.75 -10 8.75 -19.2483 -10
2 24 8.75 -7.75 -12.0625 8.75 -15.7592 -12.0625
2 24 8.75 -7.75 -10 8.75 -7.75 -12.0625
2 24 8.75 -17.7643 -11.2419 8.75 -16.8424 -11.8494
2 24 8.75 -15.7592 -12.0625 8.75 -16.8424 -11.8494
2 24 -9.4125 -7.75 -10 -5.9 -7.75 -10
2 24 -5.9 -19.2483 -10 -5.9 -7.75 -10
2 24 -5.9 -19.2483 -10 -5.9 -7.75 -10
2 24 -5.9 -17.7643 -11.2419 -5.9 -19.2483 -10
2 24 -5.9 -17.7643 -11.2419 -5.9 -16.8424 -11.8494
2 24 -5.9 -16.8424 -11.8494 -5.9 -15.7592 -12.0625
2 24 -5.9 -15.7592 -12.0625 -5.9 -7.75 -12.0625
2 24 -5.9 -7.75 -10 -5.9 -7.75 -12.0625
2 24 1.425 -7.75 -11.5625 3.925 -7.75 -11.5625
2 24 -3.4 -7.75 -10 8.75 -7.75 -10
2 24 10 -24 -10 -10 -24 -10
2 24 -5.9 -19.2483 -10 -3.4 -19.2483 -10
2 24 8.75 -7.75 -10 8.75 -19.2483 -10
2 24 8.75 -7.75 -10 -3.4 -7.75 -10
2 24 -3.4 -19.2483 -10 -3.4 -7.75 -10
2 24 11.25 -19.2483 -10 8.75 -19.2483 -10
2 24 10 -7.75 -13.8942 3.925 -7.75 -13.8942
2 24 3.925 -19.2483 -13.8942 3.925 -7.75 -13.8942
2 24 -10 -24 -10 -10 0 -10
2 24 -9.4125 -7.75 -10 -9.4125 -5.4296 -10
2 24 10 -23.4111 -17.1573 0.2965 -23.4111 -17.1573
2 24 10 -22.8559 -17.7125 0.3512 -22.8559 -17.7125
2 24 -9.4125 -13.7021 -13.8942 -9.4125 -10.2574 -13.8942
2 24 -9.4125 -13.7021 -17.1573 -9.4125 -10.2574 -17.1573
2 24 -9.4125 -13.7021 -13.8942 -8.6734 -17.4176 -13.8942
2 24 -9.4125 -13.7021 -17.1573 -8.6734 -17.4176 -17.1573
2 24 -8.6734 -17.4176 -13.8942 -6.5688 -20.5674 -13.8942
2 24 -8.6734 -17.4176 -17.1573 -6.5688 -20.5674 -17.1573
2 24 -6.5688 -20.5674 -13.8942 -3.419 -22.6721 -13.8942
2 24 -6.5688 -20.5674 -17.1573 -3.419 -22.6721 -17.1573
2 24 0.2965 -23.4111 -13.8942 -3.419 -22.6721 -13.8942
2 24 0.2965 -23.4111 -17.1573 -3.419 -22.6721 -17.1573
2 24 0.2965 -23.4111 -17.1573 -3.419 -22.6721 -17.1573
2 24 0.3512 -22.8559 -17.7125 -3.2023 -22.1491 -17.7125
2 24 -8.8573 -10.2574 -17.7125 -8.8573 -13.6474 -17.7125
2 24 -9.4125 -10.2574 -17.1573 -9.4125 -13.7021 -17.1573
2 24 -8.8573 -13.6474 -17.7125 -8.1505 -17.2009 -17.7125
2 24 -9.4125 -13.7021 -17.1573 -8.6734 -17.4176 -17.1573
2 24 -8.6734 -17.4176 -17.1573 -6.5688 -20.5674 -17.1573
2 24 -8.1505 -17.2009 -17.7125 -6.1685 -20.1671 -17.7125
2 24 -3.419 -22.6721 -17.1573 -6.5688 -20.5674 -17.1573
2 24 -3.2023 -22.1491 -17.7125 -6.1685 -20.1671 -17.7125
2 24 10 -5.4296 -17.1573 -9.4125 -5.4296 -17.1573
2 24 -9.4125 -5.4296 -17.1573 -8.8573 -5.9849 -17.7125
2 24 10 -5.9849 -17.7125 -8.8573 -5.9849 -17.7125
2 24 -9.4125 -5.4296 -17.1573 -8.8573 -5.9849 -17.7125
2 24 -9.4125 -10.2574 -17.1573 -9.4125 -5.4296 -17.1573
2 24 -8.8573 -10.2574 -17.7125 -8.8573 -5.9849 -17.7125
2 24 11.25 -16.8424 -11.8494 11.25 -15.7592 -12.0625
2 24 8.75 -16.8424 -11.8494 8.75 -15.7592 -12.0625
2 24 11.25 -16.8424 -11.8494 11.25 -17.7643 -11.2419
2 24 8.75 -16.8424 -11.8494 8.75 -17.7643 -11.2419
2 24 11.25 -15.7592 -12.0625 11.25 -7.75 -12.0625
2 24 8.75 -15.7592 -12.0625 8.75 -7.75 -12.0625
2 24 11.25 -7.75 -12.0625 8.75 -7.75 -12.0625
2 24 11.25 -19.2483 -10 8.75 -19.2483 -10
2 24 11.25 -17.7643 -11.2419 11.25 -19.2483 -10
2 24 8.75 -17.7643 -11.2419 8.75 -19.2483 -10
2 24 9.0889 -13.0714 18.0353 9.0889 -18.827 26.25
2 24 10 -13.1343 18.125 9.0889 -13.0714 18.0353
2 24 10 -18.827 26.25 9.0889 -18.827 26.25
2 24 4.2548 -21.25 15.7452 2.4935 -21.25 13.1093
2 24 4.2548 0 15.7452 2.4935 0 13.1093
2 24 2.4935 -21.25 13.1093 1.9647 -21.25 10.9111
2 24 1.9647 -21.25 10.9111 1.9647 -13.0714 10.9111
2 24 2.4935 0 13.1093 1.875 0 10
2 24 1.9647 -13.0714 10.9111 1.875 -13.1343 10
2 24 1.9647 -13.0714 10.9111 -6.25 -18.827 10.9111
2 24 1.9647 -13.0714 10.9111 1.9647 -21.25 10.9111
2 24 -6.25 -18.827 10.9111 -6.25 -21.25 10.9111
2 24 1.9647 -21.25 10.9111 -6.25 -21.25 10.9111
2 24 1.9647 -13.0714 10.9111 1.875 -13.1343 10
2 24 1.9647 -13.0714 10.9111 -6.25 -18.827 10.9111
2 24 -6.25 -18.827 10.9111 -6.25 -18.827 9.0889
2 24 9.0889 -21.25 18.0353 9.0889 -13.0714 18.0353
2 24 9.0889 -21.25 18.0353 6.8907 -21.25 17.5065
2 24 9.0889 -21.25 26.25 9.0889 -18.827 26.25
2 24 9.0889 -21.25 26.25 9.0889 -21.25 18.0353
2 24 9.0889 -18.827 26.25 9.0889 -13.0714 18.0353
2 24 9.0889 -21.25 18.0353 9.0889 -13.0714 18.0353
2 24 9.0889 -21.25 26.25 -6.25 -21.25 26.25
2 24 9.0889 -21.25 26.25 9.0889 -18.827 26.25
2 24 -6.25 -21.25 26.25 -6.25 0 26.25
2 24 -6.25 -21.25 10.9111 -6.25 -18.827 10.9111
2 24 -6.25 -21.25 10.9111 -6.25 -21.25 26.25
2 24 -6.25 -21.25 26.25 -6.25 0 26.25
2 24 10 -18.827 26.25 9.0889 -18.827 26.25
2 24 10 0 26.25 -6.25 0 26.25
2 24 10 -13.1343 1.875 9.0889 -13.0714 1.9647
2 24 9.0889 -13.0714 1.9647 9.0889 -18.827 -6.25
2 24 10 -18.827 -6.25 9.0889 -18.827 -6.25
2 24 10 -18.827 -6.25 9.0889 -18.827 -6.25
2 24 10 0 -6.25 -6.25 0 -6.25
2 24 1.875 -13.1343 10 1.9647 -13.0714 9.0889
2 24 -6.25 -18.827 9.0889 1.9647 -13.0714 9.0889
2 24 9.0889 -21.25 1.9647 6.8907 -21.25 2.4935
2 24 9.0889 -21.25 1.9647 9.0889 -13.0714 1.9647
2 24 6.8907 -21.25 2.4935 4.2548 -21.25 4.2548
2 24 6.8907 0 2.4935 4.2548 0 4.2548
2 24 9.0889 -21.25 -6.25 9.0889 -21.25 1.9647
2 24 9.0889 -21.25 -6.25 9.0889 -18.827 -6.25
2 24 9.0889 -21.25 1.9647 9.0889 -13.0714 1.9647
2 24 9.0889 -18.827 -6.25 9.0889 -13.0714 1.9647
2 24 -6.25 -21.25 9.0889 -6.25 -18.827 9.0889
2 24 -6.25 -21.25 9.0889 1.9647 -21.25 9.0889
2 24 -6.25 -18.827 9.0889 1.9647 -13.0714 9.0889
2 24 1.9647 -21.25 9.0889 1.9647 -13.0714 9.0889
2 24 1.9647 -21.25 9.0889 1.9647 -13.0714 9.0889
2 24 1.9647 -21.25 9.0889 2.4935 -21.25 6.8907
2 24 9.0889 -18.827 -6.25 9.0889 -21.25 -6.25
2 24 9.0889 -21.25 -6.25 -6.25 -21.25 -6.25
2 24 -6.25 0 -6.25 -6.25 -21.25 -6.25
2 24 -6.25 -21.25 9.0889 -6.25 -21.25 -6.25
2 24 -6.25 -21.25 9.0889 -6.25 -18.827 9.0889
2 24 -6.25 -21.25 -6.25 -6.25 0 -6.25
2 24 -6.25 0 26.25 -6.25 0 -6.25
2 24 -6.25 -18.827 10.9111 -6.25 -18.827 9.0889
2 24 10 0 18.125 6.8907 0 17.5065
2 24 10 -13.1343 18.125 9.0889 -13.0714 18.0353
2 24 4.2548 -21.25 15.7452 6.8907 -21.25 17.5065
2 24 4.2548 0 15.7452 6.8907 0 17.5065
2 24 1.875 0 10 2.4935 0 6.8907
2 24 1.875 -13.1343 10 1.9647 -13.0714 9.0889
2 24 4.2548 -21.25 4.2548 2.4935 -21.25 6.8907
2 24 4.2548 0 4.2548 2.4935 0 6.8907
2 24 9.0889 -21.25 18.0353 6.8907 -21.25 17.5065
2 24 9.0889 -21.25 18.0353 9.0889 -21.25 26.25
2 24 9.0889 -21.25 26.25 -6.25 -21.25 26.25
2 24 6.8907 -21.25 17.5065 4.2548 -21.25 15.7452
2 24 1.9647 -21.25 10.9111 -6.25 -21.25 10.9111
2 24 1.9647 -21.25 10.9111 2.4935 -21.25 13.1093
2 24 -6.25 -21.25 26.25 -6.25 -21.25 10.9111
2 24 4.2548 -21.25 15.7452 2.4935 -21.25 13.1093
2 24 1.9647 -21.25 9.0889 2.4935 -21.25 6.8907
2 24 1.9647 -21.25 9.0889 -6.25 -21.25 9.0889
2 24 -6.25 -21.25 9.0889 -6.25 -21.25 -6.25
2 24 2.4935 -21.25 6.8907 4.2548 -21.25 4.2548
2 24 9.0889 -21.25 1.9647 9.0889 -21.25 -6.25
2 24 -6.25 -21.25 -6.25 9.0889 -21.25 -6.25
2 24 9.0889 -21.25 1.9647 6.8907 -21.25 2.4935
2 24 4.2548 -21.25 4.2548 6.8907 -21.25 2.4935
2 24 10 -13.1343 1.875 9.0889 -13.0714 1.9647
2 24 10 0 1.875 6.8907 0 2.4935
2 24 6.0063 -0.739 -10 4.0063 -0.739 -10
2 24 -9.4125 -7.75 -10 -9.4125 -5.4296 -10
2 24 -9.4125 -7.75 -10 -9.4125 -7.75 -13.8942
2 24 -9.4125 -5.4296 -10 -9.4125 -5.4296 -17.1573
2 24 -9.4125 -10.2574 -17.1573 -9.4125 -5.4296 -17.1573
2 24 -9.4125 -10.2574 -13.8942 -9.4125 -7.75 -13.8942
2 24 -5.65 -0.739 -10 -5.65 -5.4296 -10
2 24 -9.4125 -5.4296 -10 -5.65 -5.4296 -10
2 24 4.0063 -0.739 -10 4.0063 -5.4296 -10
2 24 4.0063 -5.4296 -10 -3.65 -5.4296 -10
2 24 -3.65 -0.739 -10 -3.65 -5.4296 -10
2 24 10 -5.4296 -10 6.0063 -5.4296 -10
2 24 6.0063 -0.739 -10 6.0063 -5.4296 -10
2 24 -5.65 -0.739 -10 -3.65 -0.739 -10
2 24 10 0 -10 -10 0 -10
2 24 -5.65 -5.4296 -16.2625 -3.65 -5.4296 -16.2625
2 24 10 -22.8559 -17.7125 0.3512 -22.8559 -17.7125
2 24 10 -5.9849 -17.7125 -8.8573 -5.9849 -17.7125
2 24 -8.8573 -5.9849 -17.7125 -8.8573 -10.2574 -17.7125
2 24 -8.8573 -10.2574 -17.7125 -8.8573 -13.6474 -17.7125
2 24 0.3512 -22.8559 -17.7125 -3.2023 -22.1491 -17.7125
2 24 -8.8573 -13.6474 -17.7125 -8.1505 -17.2009 -17.7125
2 24 -3.2023 -22.1491 -17.7125 -6.1685 -20.1671 -17.7125
2 24 -8.1505 -17.2009 -17.7125 -6.1685 -20.1671 -17.7125
2 24 10 0 -10 -10 0 -10
2 24 10 0 -6.25 -6.25 0 -6.25
2 24 -10 0 -10 -10 0 30
2 24 -6.25 0 -6.25 -6.25 0 26.25
2 24 10 0 26.25 -6.25 0 26.25
2 24 10 0 30 -10 0 30
2 24 12.2091 -6.5 5.8025 12.8284 -6.5 7.1716
2 24 13.6737 -6.5 4.9436 15.0564 -6.5 6.3263
2 24 15.0564 -6.5 6.3263 15.8343 -6.5 7.785
2 24 15.0564 0 6.3263 15.9441 0 8.0686
2 24 12.2091 -6.5 5.8025 12.2446 -6.5 4.1758
2 24 13.6737 -6.5 4.9436 12.2446 -6.5 4.1758
2 24 12.2091 -24 5.8025 12.8284 -24 7.1716
2 24 12.2091 -6.5 5.8025 12.8284 -6.5 7.1716
2 24 12.8284 -6.5 7.1716 14.1954 -6.5 7.7908
2 24 12.8284 -24 7.1716 14.1954 -24 7.7908
2 24 12.8284 -6.5 7.1716 14.1954 -6.5 7.7908
2 24 15.0564 -6.5 6.3263 15.8343 -6.5 7.785
2 24 14.1954 -6.5 7.7908 15.8343 -6.5 7.785
2 24 14.1954 -24 7.7908 15.8343 -24 7.785
2 24 15.8343 -24 7.785 15.8343 -6.5 7.785
2 24 14.1954 -6.5 7.7908 15.8343 -6.5 7.785
2 24 12.2091 -6.5 5.8025 12.2446 -6.5 4.1758
2 24 12.2446 -6.5 4.1758 12.2446 -24 4.1758
2 24 12.2091 -24 5.8025 12.2446 -24 4.1758
2 24 15.0564 -6.5 6.3263 13.6737 -6.5 4.9436
2 24 15.0564 0 6.3263 13.6737 0 4.9436
2 24 13.6737 -6.5 4.9436 12.2446 -6.5 4.1758
2 24 13.6737 0 4.9436 11.9314 0 4.0559
2 24 13.4001 -6.5 12.5819 12.8284 -6.5 12.8284
2 24 12.8284 -24 12.8284 12.8284 -6.5 12.8284
2 24 12.8284 -24 12.8284 13.4001 -24 12.5819
2 24 12.8284 -6.5 12.8284 13.4001 -6.5 12.5819
2 24 7.8006 -6.5 14.2887 7.1716 -6.5 12.8284
2 24 6.3263 -6.5 15.0564 4.9436 -6.5 13.6737
2 24 6.594 -6.5 7.433 7.1716 -6.5 7.1716
2 24 7.1716 -24 7.1716 6.594 -24 7.433
2 24 7.1716 -6.5 7.1716 6.594 -6.5 7.433
2 24 13.6737 -6.5 15.0564 12.9929 -6.5 15.4778
2 24 13.6737 0 15.0564 11.9314 0 15.9441
2 24 4.9436 -6.5 13.6737 4.2473 -6.5 12.4552
2 24 4.9436 0 13.6737 4.0559 0 11.9314
2 24 6.3263 -6.5 4.9436 7.0896 -6.5 4.4918
2 24 6.3263 0 4.9436 8.0686 0 4.0559
2 24 13.4001 -6.5 12.5819 15.5524 -6.5 12.8417
2 24 15.5524 -6.5 12.8417 15.0564 -6.5 13.6737
2 24 13.6737 -6.5 15.0564 15.0564 -6.5 13.6737
2 24 12.8284 -6.5 12.8284 12.5916 -6.5 13.5088
2 24 12.8284 -24 12.8284 12.5916 -24 13.5088
2 24 12.8284 -6.5 12.8284 12.5916 -6.5 13.5088
2 24 13.6737 -6.5 15.0564 12.9929 -6.5 15.4778
2 24 12.5916 -6.5 13.5088 12.9929 -6.5 15.4778
2 24 7.8006 -6.5 14.2887 7.8281 -6.5 15.837
2 24 6.3263 -6.5 15.0564 7.8281 -6.5 15.837
2 24 7.8006 -24 14.2887 7.1716 -24 12.8284
2 24 7.1716 -24 12.8284 7.1716 -6.5 12.8284
2 24 7.8006 -6.5 14.2887 7.1716 -6.5 12.8284
2 24 7.1716 -6.5 12.8284 5.6012 -6.5 12.2175
2 24 7.1716 -24 12.8284 5.6012 -24 12.2175
2 24 7.1716 -6.5 12.8284 5.6012 -6.5 12.2175
2 24 4.9436 -6.5 13.6737 4.2473 -6.5 12.4552
2 24 5.6012 -6.5 12.2175 4.2473 -6.5 12.4552
2 24 5.6012 -24 12.2175 4.2473 -24 12.4552
2 24 4.2473 -24 12.4552 4.2473 -6.5 12.4552
2 24 5.6012 -6.5 12.2175 4.2473 -6.5 12.4552
2 24 6.594 -6.5 7.433 4.3673 -6.5 7.3246
2 24 4.9436 -6.5 6.3263 4.3673 -6.5 7.3246
2 24 7.1716 -6.5 7.1716 7.4241 -6.5 6.6024
2 24 7.1716 -24 7.1716 7.4241 -24 6.6024
2 24 7.1716 -6.5 7.1716 7.4241 -6.5 6.6024
2 24 7.4241 -24 6.6024 7.0896 -24 4.4918
2 24 7.0896 -24 4.4918 7.0896 -6.5 4.4918
2 24 7.4241 -6.5 6.6024 7.0896 -6.5 4.4918
2 24 12.9929 -24 15.4778 12.9929 -6.5 15.4778
2 24 12.5916 -24 13.5088 12.9929 -24 15.4778
2 24 12.5916 -6.5 13.5088 12.9929 -6.5 15.4778
2 24 7.8006 -6.5 14.2887 7.8281 -6.5 15.837
2 24 7.8281 -6.5 15.837 7.8281 -24 15.837
2 24 7.8006 -24 14.2887 7.8281 -24 15.837
2 24 6.594 -6.5 7.433 4.3673 -6.5 7.3246
2 24 4.3673 -6.5 7.3246 4.3673 -24 7.3246
2 24 6.594 -24 7.433 4.3673 -24 7.3246
2 24 13.4001 -6.5 12.5819 15.5524 -6.5 12.8417
2 24 15.5524 -6.5 12.8417 15.5524 -24 12.8417
2 24 13.4001 -24 12.5819 15.5524 -24 12.8417
2 24 8.0686 0 15.9441 6.3263 0 15.0564
2 24 7.8281 -6.5 15.837 6.3263 -6.5 15.0564
2 24 6.3263 0 4.9436 4.9436 0 6.3263
2 24 6.3263 -6.5 4.9436 4.9436 -6.5 6.3263
2 24 4.9436 0 6.3263 4.0559 0 8.0686
2 24 4.9436 -6.5 6.3263 4.3673 -6.5 7.3246
2 24 15.0564 -6.5 13.6737 15.5524 -6.5 12.8417
2 24 15.0564 0 13.6737 15.9441 0 11.9314
2 24 13.6737 -6.5 15.0564 15.0564 -6.5 13.6737
2 24 13.6737 0 15.0564 15.0564 0 13.6737
2 24 4.9436 -6.5 6.3263 6.3263 -6.5 4.9436
2 24 7.4241 -6.5 6.6024 7.0896 -6.5 4.4918
2 24 6.3263 -6.5 4.9436 7.0896 -6.5 4.4918
2 24 4.9436 -6.5 13.6737 6.3263 -6.5 15.0564
2 24 4.9436 0 13.6737 6.3263 0 15.0564
2 24 7.8281 -6.5 15.837 7.8281 -24 15.837
2 24 7.8281 -24 15.837 10 -24 16.25
2 24 15.9441 -24 11.9314 16.25 -24 10
2 24 15.9441 0 11.9314 16.25 0 10
2 24 12.2446 -6.5 4.1758 12.2446 -24 4.1758
2 24 12.2446 -24 4.1758 10 -24 3.75
2 24 4.0559 -24 8.0686 3.75 -24 10
2 24 4.0559 0 8.0686 3.75 0 10
2 24 15.9441 0 8.0686 16.25 0 10
2 24 12.9929 -6.5 15.4778 12.9929 -24 15.4778
2 24 11.9314 -24 15.9441 12.9929 -24 15.4778
2 24 4.0559 0 11.9314 3.75 0 10
2 24 7.0896 -6.5 4.4918 7.0896 -24 4.4918
2 24 8.0686 -24 4.0559 7.0896 -24 4.4918
2 24 10 -24 16.25 11.9314 -24 15.9441
2 24 11.9314 0 15.9441 10 0 16.25
2 24 15.9441 -24 11.9314 15.5524 -24 12.8417
2 24 15.5524 -6.5 12.8417 15.5524 -24 12.8417
2 24 10 -24 3.75 8.0686 -24 4.0559
2 24 8.0686 0 4.0559 10 0 3.75
2 24 4.0559 -24 8.0686 4.3673 -24 7.3246
2 24 4.3673 -6.5 7.3246 4.3673 -24 7.3246
2 24 3.75 -24 10 4.2473 -24 12.4552
2 24 4.2473 -6.5 12.4552 4.2473 -24 12.4552
2 24 8.0686 0 15.9441 10 0 16.25
2 24 11.9314 0 4.0559 10 0 3.75
2 24 15.8343 -6.5 7.785 15.8343 -24 7.785
2 24 16.25 -24 10 15.8343 -24 7.785
2 24 10 -24 16.25 11.9314 -24 15.9441
2 24 10 -24 30 30 -24 30
2 24 10 -24 16.25 7.8281 -24 15.837
2 24 10 -24 30 -10 -24 30
2 24 10 -24 3.75 8.0686 -24 4.0559
2 24 10 -24 -10 -10 -24 -10
2 24 10 -24 3.75 12.2446 -24 4.1758
2 24 10 -24 -10 30 -24 -10
2 24 11.9314 -24 15.9441 12.9929 -24 15.4778
2 24 15.5524 -24 12.8417 15.9441 -24 11.9314
2 24 30 -24 30 30 -24 -10
2 24 15.9441 -24 11.9314 16.25 -24 10
2 24 16.25 -24 10 15.8343 -24 7.785
2 24 7.1716 -24 7.1716 7.4241 -24 6.6024
2 24 7.4241 -24 6.6024 7.0896 -24 4.4918
2 24 12.8284 -24 12.8284 12.5916 -24 13.5088
2 24 12.9929 -24 15.4778 12.5916 -24 13.5088
2 24 12.8284 -24 12.8284 13.4001 -24 12.5819
2 24 15.5524 -24 12.8417 13.4001 -24 12.5819
2 24 12.8284 -24 7.1716 14.1954 -24 7.7908
2 24 15.8343 -24 7.785 14.1954 -24 7.7908
2 24 12.8284 -24 7.1716 12.2091 -24 5.8025
2 24 12.2446 -24 4.1758 12.2091 -24 5.8025
2 24 8.0686 -24 4.0559 7.0896 -24 4.4918
2 24 4.3673 -24 7.3246 4.0559 -24 8.0686
2 24 -10 -24 30 -10 -24 -10
2 24 4.0559 -24 8.0686 3.75 -24 10
2 24 3.75 -24 10 4.2473 -24 12.4552
2 24 7.1716 -24 7.1716 6.594 -24 7.433
2 24 4.3673 -24 7.3246 6.594 -24 7.433
2 24 7.1716 -24 12.8284 5.6012 -24 12.2175
2 24 4.2473 -24 12.4552 5.6012 -24 12.2175
2 24 7.1716 -24 12.8284 7.8006 -24 14.2887
2 24 7.8281 -24 15.837 7.8006 -24 14.2887
2 24 15.7452 0 4.2548 13.1093 0 2.4935
2 24 13.6737 0 4.9436 11.9314 0 4.0559
2 24 13.6737 0 4.9436 15.0564 0 6.3263
2 24 15.7452 0 4.2548 17.5065 0 6.8907
2 24 15.0564 0 6.3263 15.9441 0 8.0686
2 24 13.1093 0 2.4935 10 0 1.875
2 24 11.9314 0 4.0559 10 0 3.75
2 24 17.5065 0 6.8907 18.125 0 10
2 24 15.9441 0 8.0686 16.25 0 10
2 24 10 0 1.875 6.8907 0 2.4935
2 24 10 0 3.75 8.0686 0 4.0559
2 24 18.125 0 10 17.5065 0 13.1093
2 24 16.25 0 10 15.9441 0 11.9314
2 24 15.9441 0 11.9314 15.0564 0 13.6737
2 24 17.5065 0 13.1093 15.7452 0 15.7452
2 24 15.0564 0 13.6737 13.6737 0 15.0564
2 24 15.7452 0 15.7452 13.1093 0 17.5065
2 24 13.6737 0 15.0564 11.9314 0 15.9441
2 24 13.1093 0 17.5065 10 0 18.125
2 24 11.9314 0 15.9441 10 0 16.25
2 24 10 0 18.125 6.8907 0 17.5065
2 24 10 0 16.25 8.0686 0 15.9441
2 24 8.0686 0 15.9441 6.3263 0 15.0564
2 24 6.8907 0 17.5065 4.2548 0 15.7452
2 24 6.3263 0 15.0564 4.9436 0 13.6737
2 24 4.2548 0 15.7452 2.4935 0 13.1093
2 24 4.9436 0 13.6737 4.0559 0 11.9314
2 24 2.4935 0 13.1093 1.875 0 10
2 24 4.0559 0 11.9314 3.75 0 10
2 24 1.875 0 10 2.4935 0 6.8907
2 24 3.75 0 10 4.0559 0 8.0686
2 24 4.0559 0 8.0686 4.9436 0 6.3263
2 24 2.4935 0 6.8907 4.2548 0 4.2548
2 24 4.9436 0 6.3263 6.3263 0 4.9436
2 24 6.8907 0 2.4935 4.2548 0 4.2548
2 24 8.0686 0 4.0559 6.3263 0 4.9436
2 24 3.126 -28.45 14.5856 5.4144 -28.45 16.874
2 24 5.4144 -28.45 16.874 6.252 -28.45 20
2 24 6.252 -28.45 20 5.4144 -28.45 23.126
2 24 5.4144 -28.45 23.126 3.126 -28.45 25.4144
2 24 3.126 -28.45 25.4144 0 -28.45 26.252
2 24 0 -28.45 26.252 -3.126 -28.45 25.4144
2 24 -3.126 -28.45 25.4144 -5.4144 -28.45 23.126
2 24 -5.4144 -28.45 23.126 -6.252 -28.45 20
2 24 -6.252 -28.45 20 -5.4144 -28.45 16.874
2 24 -5.4144 -28.45 16.874 -3.126 -28.45 14.5856
2 24 -3.126 -28.45 14.5856 0 -28.45 13.748
2 24 3.126 -28.45 14.5856 0 -28.45 13.748
2 24 3.126 -24 14.5856 5.4144 -24 16.874
2 24 3.126 -28.45 14.5856 5.4144 -28.45 16.874
2 24 5.4144 -24 16.874 6.252 -24 20
2 24 5.4144 -28.45 16.874 6.252 -28.45 20
2 24 6.252 -24 20 5.4144 -24 23.126
2 24 6.252 -28.45 20 5.4144 -28.45 23.126
2 24 5.4144 -24 23.126 3.126 -24 25.4144
2 24 5.4144 -28.45 23.126 3.126 -28.45 25.4144
2 24 3.126 -24 25.4144 0 -24 26.252
2 24 3.126 -28.45 25.4144 0 -28.45 26.252
2 24 0 -24 26.252 -3.126 -24 25.4144
2 24 0 -28.45 26.252 -3.126 -28.45 25.4144
2 24 -3.126 -24 25.4144 -5.4144 -24 23.126
2 24 -3.126 -28.45 25.4144 -5.4144 -28.45 23.126
2 24 -5.4144 -24 23.126 -6.252 -24 20
2 24 -5.4144 -28.45 23.126 -6.252 -28.45 20
2 24 -6.252 -24 20 -5.4144 -24 16.874
2 24 -6.252 -28.45 20 -5.4144 -28.45 16.874
2 24 -5.4144 -24 16.874 -3.126 -24 14.5856
2 24 -5.4144 -28.45 16.874 -3.126 -28.45 14.5856
2 24 -3.126 -24 14.5856 0 -24 13.748
2 24 -3.126 -28.45 14.5856 0 -28.45 13.748
2 24 3.126 -24 14.5856 0 -24 13.748
2 24 3.126 -28.45 14.5856 0 -28.45 13.748
2 24 23.126 -28.45 14.5856 25.4144 -28.45 16.874
2 24 25.4144 -28.45 16.874 26.252 -28.45 20
2 24 26.252 -28.45 20 25.4144 -28.45 23.126
2 24 25.4144 -28.45 23.126 23.126 -28.45 25.4144
2 24 23.126 -28.45 25.4144 20 -28.45 26.252
2 24 20 -28.45 26.252 16.874 -28.45 25.4144
2 24 16.874 -28.45 25.4144 14.5856 -28.45 23.126
2 24 14.5856 -28.45 23.126 13.748 -28.45 20
2 24 13.748 -28.45 20 14.5856 -28.45 16.874
2 24 14.5856 -28.45 16.874 16.874 -28.45 14.5856
2 24 16.874 -28.45 14.5856 20 -28.45 13.748
2 24 23.126 -28.45 14.5856 20 -28.45 13.748
2 24 23.126 -24 14.5856 25.4144 -24 16.874
2 24 23.126 -28.45 14.5856 25.4144 -28.45 16.874
2 24 25.4144 -24 16.874 26.252 -24 20
2 24 25.4144 -28.45 16.874 26.252 -28.45 20
2 24 26.252 -24 20 25.4144 -24 23.126
2 24 26.252 -28.45 20 25.4144 -28.45 23.126
2 24 25.4144 -24 23.126 23.126 -24 25.4144
2 24 25.4144 -28.45 23.126 23.126 -28.45 25.4144
2 24 23.126 -24 25.4144 20 -24 26.252
2 24 23.126 -28.45 25.4144 20 -28.45 26.252
2 24 20 -24 26.252 16.874 -24 25.4144
2 24 20 -28.45 26.252 16.874 -28.45 25.4144
2 24 16.874 -24 25.4144 14.5856 -24 23.126
2 24 16.874 -28.45 25.4144 14.5856 -28.45 23.126
2 24 14.5856 -24 23.126 13.748 -24 20
2 24 14.5856 -28.45 23.126 13.748 -28.45 20
2 24 13.748 -24 20 14.5856 -24 16.874
2 24 13.748 -28.45 20 14.5856 -28.45 16.874
2 24 14.5856 -24 16.874 16.874 -24 14.5856
2 24 14.5856 -28.45 16.874 16.874 -28.45 14.5856
2 24 16.874 -24 14.5856 20 -24 13.748
2 24 16.874 -28.45 14.5856 20 -28.45 13.748
2 24 23.126 -24 14.5856 20 -24 13.748
2 24 23.126 -28.45 14.5856 20 -28.45 13.748
2 24 3.126 -28.45 -5.4144 5.4144 -28.45 -3.126
2 24 5.4144 -28.45 -3.126 6.252 -28.45 0
2 24 6.252 -28.45 0 5.4144 -28.45 3.126
2 24 5.4144 -28.45 3.126 3.126 -28.45 5.4144
2 24 3.126 -28.45 5.4144 0 -28.45 6.252
2 24 0 -28.45 6.252 -3.126 -28.45 5.4144
2 24 -3.126 -28.45 5.4144 -5.4144 -28.45 3.126
2 24 -5.4144 -28.45 3.126 -6.252 -28.45 0
2 24 -6.252 -28.45 0 -5.4144 -28.45 -3.126
2 24 -5.4144 -28.45 -3.126 -3.126 -28.45 -5.4144
2 24 -3.126 -28.45 -5.4144 0 -28.45 -6.252
2 24 3.126 -28.45 -5.4144 0 -28.45 -6.252
2 24 3.126 -24 -5.4144 5.4144 -24 -3.126
2 24 3.126 -28.45 -5.4144 5.4144 -28.45 -3.126
2 24 5.4144 -24 -3.126 6.252 -24 0
2 24 5.4144 -28.45 -3.126 6.252 -28.45 0
2 24 6.252 -24 0 5.4144 -24 3.126
2 24 6.252 -28.45 0 5.4144 -28.45 3.126
2 24 5.4144 -24 3.126 3.126 -24 5.4144
2 24 5.4144 -28.45 3.126 3.126 -28.45 5.4144
2 24 3.126 -24 5.4144 0 -24 6.252
2 24 3.126 -28.45 5.4144 0 -28.45 6.252
2 24 0 -24 6.252 -3.126 -24 5.4144
2 24 0 -28.45 6.252 -3.126 -28.45 5.4144
2 24 -3.126 -24 5.4144 -5.4144 -24 3.126
2 24 -3.126 -28.45 5.4144 -5.4144 -28.45 3.126
2 24 -5.4144 -24 3.126 -6.252 -24 0
2 24 -5.4144 -28.45 3.126 -6.252 -28.45 0
2 24 -6.252 -24 0 -5.4144 -24 -3.126
2 24 -6.252 -28.45 0 -5.4144 -28.45 -3.126
2 24 -5.4144 -24 -3.126 -3.126 -24 -5.4144
2 24 -5.4144 -28.45 -3.126 -3.126 -28.45 -5.4144
2 24 -3.126 -24 -5.4144 0 -24 -6.252
2 24 -3.126 -28.45 -5.4144 0 -28.45 -6.252
2 24 3.126 -24 -5.4144 0 -24 -6.252
2 24 3.126 -28.45 -5.4144 0 -28.45 -6.252
2 24 23.126 -28.45 -5.4144 25.4144 -28.45 -3.126
2 24 25.4144 -28.45 -3.126 26.252 -28.45 0
2 24 26.252 -28.45 0 25.4144 -28.45 3.126
2 24 25.4144 -28.45 3.126 23.126 -28.45 5.4144
2 24 23.126 -28.45 5.4144 20 -28.45 6.252
2 24 20 -28.45 6.252 16.874 -28.45 5.4144
2 24 16.874 -28.45 5.4144 14.5856 -28.45 3.126
2 24 14.5856 -28.45 3.126 13.748 -28.45 0
2 24 13.748 -28.45 0 14.5856 -28.45 -3.126
2 24 14.5856 -28.45 -3.126 16.874 -28.45 -5.4144
2 24 16.874 -28.45 -5.4144 20 -28.45 -6.252
2 24 23.126 -28.45 -5.4144 20 -28.45 -6.252
2 24 23.126 -24 -5.4144 25.4144 -24 -3.126
2 24 23.126 -28.45 -5.4144 25.4144 -28.45 -3.126
2 24 25.4144 -24 -3.126 26.252 -24 0
2 24 25.4144 -28.45 -3.126 26.252 -28.45 0
2 24 26.252 -24 0 25.4144 -24 3.126
2 24 26.252 -28.45 0 25.4144 -28.45 3.126
2 24 25.4144 -24 3.126 23.126 -24 5.4144
2 24 25.4144 -28.45 3.126 23.126 -28.45 5.4144
2 24 23.126 -24 5.4144 20 -24 6.252
2 24 23.126 -28.45 5.4144 20 -28.45 6.252
2 24 20 -24 6.252 16.874 -24 5.4144
2 24 20 -28.45 6.252 16.874 -28.45 5.4144
2 24 16.874 -24 5.4144 14.5856 -24 3.126
2 24 16.874 -28.45 5.4144 14.5856 -28.45 3.126
2 24 14.5856 -24 3.126 13.748 -24 0
2 24 14.5856 -28.45 3.126 13.748 -28.45 0
2 24 13.748 -24 0 14.5856 -24 -3.126
2 24 13.748 -28.45 0 14.5856 -28.45 -3.126
2 24 14.5856 -24 -3.126 16.874 -24 -5.4144
2 24 14.5856 -28.45 -3.126 16.874 -28.45 -5.4144
2 24 16.874 -24 -5.4144 20 -24 -6.252
2 24 16.874 -28.45 -5.4144 20 -28.45 -6.252
2 24 23.126 -24 -5.4144 20 -24 -6.252
2 24 23.126 -28.45 -5.4144 20 -28.45 -6.252
0 STEP
