0 Bracket 1 x 2 - 2 x 4 Inverted
0 Name: bl_7452.dat
0 Author: 
0 BL_Item_No 7452
0 BFC CERTIFY CCW
3 16 30 0 10 -10 0 10 30 -8 10
3 16 30 -8 10 -10 0 10 -10 -8 10
3 16 -10 0 -10 -10 -7.995 -10 -10 0 10
3 16 -10 0 10 -10 -7.995 -10 -10 -8 10
3 16 -27.5003 -40 -10 -27.5003 -40 -14 10 -40 -10
3 16 10 -40 -10 -27.5003 -40 -14 10 -40 -14
3 16 -30 -2.4998 -10 -30 -2.4998 -14 -30 -37.5003 -10
3 16 -30 -37.5003 -10 -30 -2.4998 -14 -30 -37.5003 -14
3 16 -10 -7.995 -10 30 -7.995 -10 -10 -8 10
3 16 -10 -8 10 30 -7.995 -10 30 -8 10
3 16 30 0 -10 30 0 10 30 -7.995 -10
3 16 30 -7.995 -10 30 0 10 30 -8 10
3 16 47.5003 -40 -14 47.5003 -40 -10 10 -40 -14
3 16 10 -40 -14 47.5003 -40 -10 10 -40 -10
3 16 50 -2.4998 -10 50 -37.5003 -10 50 -2.4998 -14
3 16 50 -2.4998 -14 50 -37.5003 -10 50 -37.5003 -14
3 16 10 0 -14 10 0 -10 47.5003 0 -14
3 16 10 0 -10 30 0 -10 47.5003 0 -14
3 16 30 0 -10 47.5003 0 -10 47.5003 0 -14
3 16 -30 -37.5003 -14 -29.8097 -38.4569 -14 -30 -37.5003 -10
3 16 -30 -37.5003 -10 -29.8097 -38.4569 -14 -29.8097 -38.4569 -10
3 16 -29.8097 -38.4569 -14 -29.2678 -39.2678 -14 -29.8097 -38.4569 -10
3 16 -29.8097 -38.4569 -10 -29.2678 -39.2678 -14 -29.2678 -39.2678 -10
3 16 -29.2678 -39.2678 -14 -28.4569 -39.8097 -14 -29.2678 -39.2678 -10
3 16 -29.2678 -39.2678 -10 -28.4569 -39.8097 -14 -28.4569 -39.8097 -10
3 16 -28.4569 -39.8097 -14 -27.5003 -40 -14 -28.4569 -39.8097 -10
3 16 -28.4569 -39.8097 -10 -27.5003 -40 -14 -27.5003 -40 -10
3 16 -27.5003 0 -14 -28.4569 -0.1903 -14 -27.5003 0 -10
3 16 -27.5003 0 -10 -28.4569 -0.1903 -14 -28.4569 -0.1903 -10
3 16 -28.4569 -0.1903 -14 -29.2678 -0.7322 -14 -28.4569 -0.1903 -10
3 16 -28.4569 -0.1903 -10 -29.2678 -0.7322 -14 -29.2678 -0.7322 -10
3 16 -29.2678 -0.7322 -14 -29.8097 -1.5431 -14 -29.2678 -0.7322 -10
3 16 -29.2678 -0.7322 -10 -29.8097 -1.5431 -14 -29.8097 -1.5431 -10
3 16 -29.8097 -1.5431 -14 -30 -2.4998 -14 -29.8097 -1.5431 -10
3 16 -29.8097 -1.5431 -10 -30 -2.4998 -14 -30 -2.4998 -10
3 16 47.5003 -40 -14 48.4569 -39.8097 -14 47.5003 -40 -10
3 16 47.5003 -40 -10 48.4569 -39.8097 -14 48.4569 -39.8097 -10
3 16 48.4569 -39.8097 -14 49.2678 -39.2678 -14 48.4569 -39.8097 -10
3 16 48.4569 -39.8097 -10 49.2678 -39.2678 -14 49.2678 -39.2678 -10
3 16 49.2678 -39.2678 -14 49.8097 -38.4569 -14 49.2678 -39.2678 -10
3 16 49.2678 -39.2678 -10 49.8097 -38.4569 -14 49.8097 -38.4569 -10
3 16 49.8097 -38.4569 -14 50 -37.5003 -14 49.8097 -38.4569 -10
3 16 49.8097 -38.4569 -10 50 -37.5003 -14 50 -37.5003 -10
3 16 50 -2.4998 -14 49.8097 -1.5431 -14 50 -2.4998 -10
3 16 50 -2.4998 -10 49.8097 -1.5431 -14 49.8097 -1.5431 -10
3 16 49.8097 -1.5431 -14 49.2678 -0.7322 -14 49.8097 -1.5431 -10
3 16 49.8097 -1.5431 -10 49.2678 -0.7322 -14 49.2678 -0.7322 -10
3 16 49.2678 -0.7322 -14 48.4569 -0.1903 -14 49.2678 -0.7322 -10
3 16 49.2678 -0.7322 -10 48.4569 -0.1903 -14 48.4569 -0.1903 -10
3 16 48.4569 -0.1903 -14 47.5003 0 -14 48.4569 -0.1903 -10
3 16 48.4569 -0.1903 -10 47.5003 0 -14 47.5003 0 -10
3 16 -29.2678 -39.2678 -10 -10 -7.995 -10 -29.8097 -38.4569 -10
3 16 -30 -37.5003 -10 -29.8097 -38.4569 -10 -10 -7.995 -10
3 16 -29.2678 -0.7322 -10 -10 -7.995 -10 -28.4569 -0.1903 -10
3 16 -10 -7.995 -10 -27.5003 0 -10 -28.4569 -0.1903 -10
3 16 10 -40 -10 47.5003 -40 -10 30 -7.995 -10
3 16 -27.5003 0 -10 -10 -7.995 -10 -10 0 -10
3 16 50 -2.4998 -10 49.8097 -1.5431 -10 30 -7.995 -10
3 16 49.2678 -0.7322 -10 30 -7.995 -10 49.8097 -1.5431 -10
3 16 30 0 -10 30 -7.995 -10 47.5003 0 -10
3 16 49.2678 -0.7322 -10 48.4569 -0.1903 -10 30 -7.995 -10
3 16 47.5003 0 -10 30 -7.995 -10 48.4569 -0.1903 -10
3 16 10 -40 -10 30 -7.995 -10 -10 -7.995 -10
3 16 -29.2678 -39.2678 -10 -28.4569 -39.8097 -10 -10 -7.995 -10
3 16 -28.4569 -39.8097 -10 -27.5003 -40 -10 -10 -7.995 -10
3 16 49.2678 -39.2678 -10 49.8097 -38.4569 -10 30 -7.995 -10
3 16 49.8097 -38.4569 -10 50 -37.5003 -10 30 -7.995 -10
3 16 -30 -2.4998 -10 -10 -7.995 -10 -29.8097 -1.5431 -10
3 16 -10 -7.995 -10 -29.2678 -0.7322 -10 -29.8097 -1.5431 -10
3 16 10 -20 -14 -27.5003 0 -14 10 0 -14
3 16 47.5003 0 -14 10 -20 -14 10 0 -14
3 16 49.2678 -0.7322 -14 10 -20 -14 48.4569 -0.1903 -14
3 16 48.4569 -0.1903 -14 10 -20 -14 47.5003 0 -14
3 16 50 -2.4998 -14 50 -37.5003 -14 10 -20 -14
3 16 49.2678 -39.2678 -14 10 -20 -14 49.8097 -38.4569 -14
3 16 10 -20 -14 50 -37.5003 -14 49.8097 -38.4569 -14
3 16 10 -40 -14 10 -20 -14 47.5003 -40 -14
3 16 -27.5003 -40 -14 10 -20 -14 10 -40 -14
3 16 -29.2678 -39.2678 -14 10 -20 -14 -28.4569 -39.8097 -14
3 16 10 -20 -14 -27.5003 -40 -14 -28.4569 -39.8097 -14
3 16 -30 -37.5003 -14 -30 -2.4998 -14 10 -20 -14
3 16 -29.2678 -0.7322 -14 10 -20 -14 -29.8097 -1.5431 -14
3 16 -29.8097 -1.5431 -14 10 -20 -14 -30 -2.4998 -14
3 16 -29.2678 -0.7322 -14 -28.4569 -0.1903 -14 10 -20 -14
3 16 10 -20 -14 -28.4569 -0.1903 -14 -27.5003 0 -14
3 16 -29.2678 -39.2678 -14 -29.8097 -38.4569 -14 10 -20 -14
3 16 -30 -37.5003 -14 10 -20 -14 -29.8097 -38.4569 -14
3 16 49.2678 -39.2678 -14 48.4569 -39.8097 -14 10 -20 -14
3 16 47.5003 -40 -14 10 -20 -14 48.4569 -39.8097 -14
3 16 49.2678 -0.7322 -14 49.8097 -1.5431 -14 10 -20 -14
3 16 10 -20 -14 49.8097 -1.5431 -14 50 -2.4998 -14
3 16 10 0 -14 -27.5003 0 -14 10 0 -10
3 16 10 0 -10 -27.5003 0 -14 -10 0 -10
3 16 -27.5003 0 -14 -27.5003 0 -10 -10 0 -10
3 16 -27.5003 -40 -10 10 -40 -10 -10 -7.995 -10
3 16 -10 -7.995 -10 -30 -2.4998 -10 -30 -37.5003 -10
3 16 49.2678 -39.2678 -10 30 -7.995 -10 48.4569 -39.8097 -10
3 16 47.5003 -40 -10 48.4569 -39.8097 -10 30 -7.995 -10
3 16 30 -7.995 -10 50 -37.5003 -10 50 -2.4998 -10
3 16 10 -5.25 3.9382 11.9691 -5.25 3.4106 10 0 3.9382
3 16 10 0 3.9382 11.9691 -5.25 3.4106 11.9691 0 3.4106
3 16 8.0309 -5.25 3.4106 10 -5.25 3.9382 8.0309 0 3.4106
3 16 8.0309 0 3.4106 10 -5.25 3.9382 10 0 3.9382
3 16 6.5894 -5.25 1.9691 8.0309 -5.25 3.4106 6.5894 0 1.9691
3 16 6.5894 0 1.9691 8.0309 -5.25 3.4106 8.0309 0 3.4106
3 16 6.0618 -5.25 0 6.5894 -5.25 1.9691 6.0618 0 0
3 16 6.0618 0 0 6.5894 -5.25 1.9691 6.5894 0 1.9691
3 16 6.5894 -5.25 -1.9691 6.0618 -5.25 0 6.5894 0 -1.9691
3 16 6.5894 0 -1.9691 6.0618 -5.25 0 6.0618 0 0
3 16 8.0309 -5.25 -3.4106 6.5894 -5.25 -1.9691 8.0309 0 -3.4106
3 16 8.0309 0 -3.4106 6.5894 -5.25 -1.9691 6.5894 0 -1.9691
3 16 10 -5.25 -3.9382 8.0309 -5.25 -3.4106 10 0 -3.9382
3 16 10 0 -3.9382 8.0309 -5.25 -3.4106 8.0309 0 -3.4106
3 16 11.9691 -5.25 -3.4106 10 -5.25 -3.9382 11.9691 0 -3.4106
3 16 11.9691 0 -3.4106 10 -5.25 -3.9382 10 0 -3.9382
3 16 13.4106 -5.25 -1.9691 11.9691 -5.25 -3.4106 13.4106 0 -1.9691
3 16 13.4106 0 -1.9691 11.9691 -5.25 -3.4106 11.9691 0 -3.4106
3 16 13.9382 -5.25 0 13.4106 -5.25 -1.9691 13.9382 0 0
3 16 13.9382 0 0 13.4106 -5.25 -1.9691 13.4106 0 -1.9691
3 16 13.4106 -5.25 1.9691 13.9382 -5.25 0 13.4106 0 1.9691
3 16 13.4106 0 1.9691 13.9382 -5.25 0 13.9382 0 0
3 16 13.4106 0 1.9691 11.9691 0 3.4106 13.4106 -5.25 1.9691
3 16 13.4106 -5.25 1.9691 11.9691 0 3.4106 11.9691 -5.25 3.4106
3 16 11.9691 0 3.4106 10 0 0 10 0 3.9382
3 16 10 0 0 11.9691 0 3.4106 13.4106 0 1.9691
3 16 10 0 0 13.4106 0 1.9691 13.9382 0 0
3 16 10 0 0 13.9382 0 0 13.4106 0 -1.9691
3 16 10 0 0 13.4106 0 -1.9691 11.9691 0 -3.4106
3 16 10 0 0 11.9691 0 -3.4106 10 0 -3.9382
3 16 10 0 0 10 0 -3.9382 8.0309 0 -3.4106
3 16 10 0 0 8.0309 0 -3.4106 6.5894 0 -1.9691
3 16 10 0 0 6.5894 0 -1.9691 6.0618 0 0
3 16 10 0 0 6.0618 0 0 6.5894 0 1.9691
3 16 10 0 0 6.5894 0 1.9691 8.0309 0 3.4106
3 16 10 0 0 8.0309 0 3.4106 10 0 3.9382
3 16 -6.25 -5.25 -10 -1.4875 -5.25 -6.25 -1.4875 -5.25 -10
3 16 -10 0 10 10 0 10 -6.25 0 6.25
3 16 -6.25 0 6.25 10 0 10 10 0 6.25
3 16 -6.25 0 -10 -10 0 -10 -6.25 0 6.25
3 16 -6.25 0 6.25 -10 0 -10 -10 0 10
3 16 -6.25 -5.25 6.25 -6.25 0 6.25 10 -5.25 6.25
3 16 10 -5.25 6.25 -6.25 0 6.25 10 0 6.25
3 16 -6.25 -5.25 -10 -6.25 0 -10 -6.25 -5.25 6.25
3 16 -6.25 -5.25 6.25 -6.25 0 -10 -6.25 0 6.25
3 16 -6.25 0 -10 -6.25 -5.25 -10 -1.4875 0 -10
3 16 -1.4875 0 -10 -6.25 -5.25 -10 -1.4875 -5.25 -10
3 16 8.5043 0 -6.25 8.5043 -5.25 -6.25 11.4957 0 -6.25
3 16 11.4957 0 -6.25 8.5043 -5.25 -6.25 11.4957 -5.25 -6.25
3 16 1.5125 0 -10 1.5125 -5.25 -10 8.5043 0 -10
3 16 8.5043 0 -10 1.5125 -5.25 -10 8.5043 -5.25 -10
3 16 1.5125 -5.25 -6.25 8.5043 -5.25 -6.25 1.5125 -5.25 -10
3 16 1.5125 -5.25 -10 8.5043 -5.25 -6.25 8.5043 -5.25 -10
3 16 1.5125 0 -6.25 -1.4875 0 -6.25 1.5125 -5.25 -6.25
3 16 1.5125 -5.25 -6.25 -1.4875 0 -6.25 -1.4875 -5.25 -6.25
3 16 8.5043 0 -10 8.5043 -5.25 -10 8.5043 0 -6.25
3 16 8.5043 0 -6.25 8.5043 -5.25 -10 8.5043 -5.25 -6.25
3 16 1.5125 -5.25 -10 1.5125 0 -10 1.5125 -5.25 -6.25
3 16 1.5125 -5.25 -6.25 1.5125 0 -10 1.5125 0 -6.25
3 16 1.5125 0 -6.25 1.5125 0 -10 -1.4875 0 -6.25
3 16 -1.4875 0 -6.25 1.5125 0 -10 -1.4875 0 -10
3 16 -1.4875 0 -10 -1.4875 -5.25 -10 -1.4875 0 -6.25
3 16 -1.4875 0 -6.25 -1.4875 -5.25 -10 -1.4875 -5.25 -6.25
3 16 21.4875 -5.25 -6.25 26.25 -5.25 -10 21.4875 -5.25 -10
3 16 10 0 6.25 10 0 10 26.25 0 6.25
3 16 26.25 0 6.25 10 0 10 30 0 10
3 16 26.25 0 -10 26.25 0 6.25 30 0 -10
3 16 30 0 -10 26.25 0 6.25 30 0 10
3 16 26.25 -5.25 6.25 10 -5.25 6.25 26.25 0 6.25
3 16 26.25 0 6.25 10 -5.25 6.25 10 0 6.25
3 16 26.25 -5.25 -10 26.25 -5.25 6.25 26.25 0 -10
3 16 26.25 0 -10 26.25 -5.25 6.25 26.25 0 6.25
3 16 26.25 0 -10 21.4875 0 -10 26.25 -5.25 -10
3 16 26.25 -5.25 -10 21.4875 0 -10 21.4875 -5.25 -10
3 16 18.4875 0 -6.25 18.4875 -5.25 -6.25 21.4875 0 -6.25
3 16 21.4875 0 -6.25 18.4875 -5.25 -6.25 21.4875 -5.25 -6.25
3 16 18.4875 0 -10 11.4957 0 -10 18.4875 -5.25 -10
3 16 18.4875 -5.25 -10 11.4957 0 -10 11.4957 -5.25 -10
3 16 11.4957 -5.25 -6.25 18.4875 -5.25 -6.25 11.4957 -5.25 -10
3 16 11.4957 -5.25 -10 18.4875 -5.25 -6.25 18.4875 -5.25 -10
3 16 11.4957 0 -10 11.4957 0 -6.25 11.4957 -5.25 -10
3 16 11.4957 -5.25 -10 11.4957 0 -6.25 11.4957 -5.25 -6.25
3 16 8.5043 0 -6.25 11.4957 0 -6.25 8.5043 0 -10
3 16 8.5043 0 -10 11.4957 0 -6.25 11.4957 0 -10
3 16 18.4875 -5.25 -10 18.4875 -5.25 -6.25 18.4875 0 -10
3 16 18.4875 0 -10 18.4875 -5.25 -6.25 18.4875 0 -6.25
3 16 21.4875 0 -10 21.4875 0 -6.25 21.4875 -5.25 -10
3 16 21.4875 -5.25 -10 21.4875 0 -6.25 21.4875 -5.25 -6.25
3 16 18.4875 0 -6.25 21.4875 0 -6.25 18.4875 0 -10
3 16 18.4875 0 -10 21.4875 0 -6.25 21.4875 0 -10
3 16 10 -5.25 6.25 -1.4875 -5.25 -6.25 -6.25 -5.25 6.25
3 16 -6.25 -5.25 6.25 -1.4875 -5.25 -6.25 -6.25 -5.25 -10
3 16 10 -5.25 6.25 8.5043 -5.25 -6.25 1.5125 -5.25 -6.25
3 16 10 -5.25 6.25 18.4875 -5.25 -6.25 11.4957 -5.25 -6.25
3 16 10 -5.25 6.25 26.25 -5.25 6.25 21.4875 -5.25 -6.25
3 16 21.4875 -5.25 -6.25 26.25 -5.25 6.25 26.25 -5.25 -10
3 16 10 -5.25 6.25 1.5125 -5.25 -6.25 -1.4875 -5.25 -6.25
3 16 10 -5.25 6.25 11.4957 -5.25 -6.25 8.5043 -5.25 -6.25
3 16 10 -5.25 6.25 21.4875 -5.25 -6.25 18.4875 -5.25 -6.25
3 16 14.5856 -6.874 -14 16.874 -4.5856 -14 14.5856 -6.874 -18.45
3 16 14.5856 -6.874 -18.45 16.874 -4.5856 -14 16.874 -4.5856 -18.45
3 16 16.874 -4.5856 -14 20 -3.748 -14 16.874 -4.5856 -18.45
3 16 16.874 -4.5856 -18.45 20 -3.748 -14 20 -3.748 -18.45
3 16 20 -3.748 -14 23.126 -4.5856 -14 20 -3.748 -18.45
3 16 20 -3.748 -18.45 23.126 -4.5856 -14 23.126 -4.5856 -18.45
3 16 23.126 -4.5856 -14 25.4144 -6.874 -14 23.126 -4.5856 -18.45
3 16 23.126 -4.5856 -18.45 25.4144 -6.874 -14 25.4144 -6.874 -18.45
3 16 25.4144 -6.874 -14 26.252 -10 -14 25.4144 -6.874 -18.45
3 16 25.4144 -6.874 -18.45 26.252 -10 -14 26.252 -10 -18.45
3 16 26.252 -10 -14 25.4144 -13.126 -14 26.252 -10 -18.45
3 16 26.252 -10 -18.45 25.4144 -13.126 -14 25.4144 -13.126 -18.45
3 16 25.4144 -13.126 -14 23.126 -15.4144 -14 25.4144 -13.126 -18.45
3 16 25.4144 -13.126 -18.45 23.126 -15.4144 -14 23.126 -15.4144 -18.45
3 16 23.126 -15.4144 -14 20 -16.252 -14 23.126 -15.4144 -18.45
3 16 23.126 -15.4144 -18.45 20 -16.252 -14 20 -16.252 -18.45
3 16 20 -16.252 -14 16.874 -15.4144 -14 20 -16.252 -18.45
3 16 20 -16.252 -18.45 16.874 -15.4144 -14 16.874 -15.4144 -18.45
3 16 16.874 -15.4144 -14 14.5856 -13.126 -14 16.874 -15.4144 -18.45
3 16 16.874 -15.4144 -18.45 14.5856 -13.126 -14 14.5856 -13.126 -18.45
3 16 14.5856 -13.126 -14 13.748 -10 -14 14.5856 -13.126 -18.45
3 16 14.5856 -13.126 -18.45 13.748 -10 -14 13.748 -10 -18.45
3 16 13.748 -10 -14 14.5856 -6.874 -14 13.748 -10 -18.45
3 16 13.748 -10 -18.45 14.5856 -6.874 -14 14.5856 -6.874 -18.45
3 16 14.5856 -6.874 -18.45 16.874 -4.5856 -18.45 16.4705 -7.9622 -18.45
3 16 16.4705 -7.9622 -18.45 16.874 -4.5856 -18.45 17.9623 -6.4705 -18.45
3 16 16.874 -4.5856 -18.45 20 -3.748 -18.45 17.9623 -6.4705 -18.45
3 16 17.9623 -6.4705 -18.45 20 -3.748 -18.45 20 -5.9245 -18.45
3 16 20 -3.748 -18.45 23.126 -4.5856 -18.45 20 -5.9245 -18.45
3 16 20 -5.9245 -18.45 23.126 -4.5856 -18.45 22.0378 -6.4705 -18.45
3 16 23.126 -4.5856 -18.45 25.4144 -6.874 -18.45 22.0378 -6.4705 -18.45
3 16 22.0378 -6.4705 -18.45 25.4144 -6.874 -18.45 23.5295 -7.9622 -18.45
3 16 25.4144 -6.874 -18.45 26.252 -10 -18.45 23.5295 -7.9622 -18.45
3 16 23.5295 -7.9622 -18.45 26.252 -10 -18.45 24.0755 -10 -18.45
3 16 26.252 -10 -18.45 25.4144 -13.126 -18.45 24.0755 -10 -18.45
3 16 24.0755 -10 -18.45 25.4144 -13.126 -18.45 23.5295 -12.0378 -18.45
3 16 25.4144 -13.126 -18.45 23.126 -15.4144 -18.45 23.5295 -12.0378 -18.45
3 16 23.5295 -12.0378 -18.45 23.126 -15.4144 -18.45 22.0378 -13.5295 -18.45
3 16 23.126 -15.4144 -18.45 20 -16.252 -18.45 22.0378 -13.5295 -18.45
3 16 22.0378 -13.5295 -18.45 20 -16.252 -18.45 20 -14.0755 -18.45
3 16 20 -16.252 -18.45 16.874 -15.4144 -18.45 20 -14.0755 -18.45
3 16 20 -14.0755 -18.45 16.874 -15.4144 -18.45 17.9623 -13.5295 -18.45
3 16 16.874 -15.4144 -18.45 14.5856 -13.126 -18.45 17.9623 -13.5295 -18.45
3 16 17.9623 -13.5295 -18.45 14.5856 -13.126 -18.45 16.4705 -12.0378 -18.45
3 16 14.5856 -13.126 -18.45 13.748 -10 -18.45 16.4705 -12.0378 -18.45
3 16 16.4705 -12.0378 -18.45 13.748 -10 -18.45 15.9245 -10 -18.45
3 16 13.748 -10 -18.45 14.5856 -6.874 -18.45 15.9245 -10 -18.45
3 16 15.9245 -10 -18.45 14.5856 -6.874 -18.45 16.4705 -7.9622 -18.45
3 16 16.4705 -7.9622 -18.45 17.9623 -6.4705 -18.45 16.4705 -7.9622 -14
3 16 16.4705 -7.9622 -14 17.9623 -6.4705 -18.45 17.9623 -6.4705 -14
3 16 17.9623 -6.4705 -18.45 20 -5.9245 -18.45 17.9623 -6.4705 -14
3 16 17.9623 -6.4705 -14 20 -5.9245 -18.45 20 -5.9245 -14
3 16 20 -5.9245 -18.45 22.0378 -6.4705 -18.45 20 -5.9245 -14
3 16 20 -5.9245 -14 22.0378 -6.4705 -18.45 22.0378 -6.4705 -14
3 16 22.0378 -6.4705 -18.45 23.5295 -7.9622 -18.45 22.0378 -6.4705 -14
3 16 22.0378 -6.4705 -14 23.5295 -7.9622 -18.45 23.5295 -7.9622 -14
3 16 23.5295 -7.9622 -18.45 24.0755 -10 -18.45 23.5295 -7.9622 -14
3 16 23.5295 -7.9622 -14 24.0755 -10 -18.45 24.0755 -10 -14
3 16 24.0755 -10 -18.45 23.5295 -12.0378 -18.45 24.0755 -10 -14
3 16 24.0755 -10 -14 23.5295 -12.0378 -18.45 23.5295 -12.0378 -14
3 16 23.5295 -12.0378 -18.45 22.0378 -13.5295 -18.45 23.5295 -12.0378 -14
3 16 23.5295 -12.0378 -14 22.0378 -13.5295 -18.45 22.0378 -13.5295 -14
3 16 22.0378 -13.5295 -18.45 20 -14.0755 -18.45 22.0378 -13.5295 -14
3 16 22.0378 -13.5295 -14 20 -14.0755 -18.45 20 -14.0755 -14
3 16 20 -14.0755 -18.45 17.9623 -13.5295 -18.45 20 -14.0755 -14
3 16 20 -14.0755 -14 17.9623 -13.5295 -18.45 17.9623 -13.5295 -14
3 16 17.9623 -13.5295 -18.45 16.4705 -12.0378 -18.45 17.9623 -13.5295 -14
3 16 17.9623 -13.5295 -14 16.4705 -12.0378 -18.45 16.4705 -12.0378 -14
3 16 16.4705 -12.0378 -18.45 15.9245 -10 -18.45 16.4705 -12.0378 -14
3 16 16.4705 -12.0378 -14 15.9245 -10 -18.45 15.9245 -10 -14
3 16 15.9245 -10 -18.45 16.4705 -7.9622 -18.45 15.9245 -10 -14
3 16 15.9245 -10 -14 16.4705 -7.9622 -18.45 16.4705 -7.9622 -14
3 16 20 -12.45 0 14.5856 -12.45 -3.126 16.874 -12.45 -5.4144
3 16 16.874 -12.45 -5.4144 20 -12.45 -6.252 20 -12.45 0
3 16 20 -12.45 -6.252 23.126 -12.45 -5.4144 20 -12.45 0
3 16 23.126 -12.45 -5.4144 25.4144 -12.45 -3.126 20 -12.45 0
3 16 25.4144 -12.45 -3.126 26.252 -12.45 0 20 -12.45 0
3 16 26.252 -12.45 0 25.4144 -12.45 3.126 20 -12.45 0
3 16 25.4144 -12.45 3.126 23.126 -12.45 5.4144 20 -12.45 0
3 16 23.126 -12.45 5.4144 20 -12.45 6.252 20 -12.45 0
3 16 20 -12.45 6.252 16.874 -12.45 5.4144 20 -12.45 0
3 16 16.874 -12.45 5.4144 14.5856 -12.45 3.126 20 -12.45 0
3 16 14.5856 -12.45 3.126 13.748 -12.45 0 20 -12.45 0
3 16 13.748 -12.45 0 14.5856 -12.45 -3.126 20 -12.45 0
3 16 14.5856 -8 -3.126 16.874 -8 -5.4144 14.5856 -12.45 -3.126
3 16 14.5856 -12.45 -3.126 16.874 -8 -5.4144 16.874 -12.45 -5.4144
3 16 16.874 -8 -5.4144 20 -8 -6.252 16.874 -12.45 -5.4144
3 16 16.874 -12.45 -5.4144 20 -8 -6.252 20 -12.45 -6.252
3 16 20 -8 -6.252 23.126 -8 -5.4144 20 -12.45 -6.252
3 16 20 -12.45 -6.252 23.126 -8 -5.4144 23.126 -12.45 -5.4144
3 16 23.126 -8 -5.4144 25.4144 -8 -3.126 23.126 -12.45 -5.4144
3 16 23.126 -12.45 -5.4144 25.4144 -8 -3.126 25.4144 -12.45 -3.126
3 16 25.4144 -8 -3.126 26.252 -8 0 25.4144 -12.45 -3.126
3 16 25.4144 -12.45 -3.126 26.252 -8 0 26.252 -12.45 0
3 16 26.252 -8 0 25.4144 -8 3.126 26.252 -12.45 0
3 16 26.252 -12.45 0 25.4144 -8 3.126 25.4144 -12.45 3.126
3 16 25.4144 -8 3.126 23.126 -8 5.4144 25.4144 -12.45 3.126
3 16 25.4144 -12.45 3.126 23.126 -8 5.4144 23.126 -12.45 5.4144
3 16 23.126 -8 5.4144 20 -8 6.252 23.126 -12.45 5.4144
3 16 23.126 -12.45 5.4144 20 -8 6.252 20 -12.45 6.252
3 16 20 -8 6.252 16.874 -8 5.4144 20 -12.45 6.252
3 16 20 -12.45 6.252 16.874 -8 5.4144 16.874 -12.45 5.4144
3 16 16.874 -8 5.4144 14.5856 -8 3.126 16.874 -12.45 5.4144
3 16 16.874 -12.45 5.4144 14.5856 -8 3.126 14.5856 -12.45 3.126
3 16 14.5856 -8 3.126 13.748 -8 0 14.5856 -12.45 3.126
3 16 14.5856 -12.45 3.126 13.748 -8 0 13.748 -12.45 0
3 16 13.748 -8 0 14.5856 -8 -3.126 13.748 -12.45 0
3 16 13.748 -12.45 0 14.5856 -8 -3.126 14.5856 -12.45 -3.126
3 16 -25.4144 -26.874 -14 -23.126 -24.5856 -14 -25.4144 -26.874 -18.45
3 16 -25.4144 -26.874 -18.45 -23.126 -24.5856 -14 -23.126 -24.5856 -18.45
3 16 -23.126 -24.5856 -14 -20 -23.748 -14 -23.126 -24.5856 -18.45
3 16 -23.126 -24.5856 -18.45 -20 -23.748 -14 -20 -23.748 -18.45
3 16 -20 -23.748 -14 -16.874 -24.5856 -14 -20 -23.748 -18.45
3 16 -20 -23.748 -18.45 -16.874 -24.5856 -14 -16.874 -24.5856 -18.45
3 16 -16.874 -24.5856 -14 -14.5856 -26.874 -14 -16.874 -24.5856 -18.45
3 16 -16.874 -24.5856 -18.45 -14.5856 -26.874 -14 -14.5856 -26.874 -18.45
3 16 -14.5856 -26.874 -14 -13.748 -30 -14 -14.5856 -26.874 -18.45
3 16 -14.5856 -26.874 -18.45 -13.748 -30 -14 -13.748 -30 -18.45
3 16 -13.748 -30 -14 -14.5856 -33.126 -14 -13.748 -30 -18.45
3 16 -13.748 -30 -18.45 -14.5856 -33.126 -14 -14.5856 -33.126 -18.45
3 16 -14.5856 -33.126 -14 -16.874 -35.4144 -14 -14.5856 -33.126 -18.45
3 16 -14.5856 -33.126 -18.45 -16.874 -35.4144 -14 -16.874 -35.4144 -18.45
3 16 -16.874 -35.4144 -14 -20 -36.252 -14 -16.874 -35.4144 -18.45
3 16 -16.874 -35.4144 -18.45 -20 -36.252 -14 -20 -36.252 -18.45
3 16 -20 -36.252 -14 -23.126 -35.4144 -14 -20 -36.252 -18.45
3 16 -20 -36.252 -18.45 -23.126 -35.4144 -14 -23.126 -35.4144 -18.45
3 16 -23.126 -35.4144 -14 -25.4144 -33.126 -14 -23.126 -35.4144 -18.45
3 16 -23.126 -35.4144 -18.45 -25.4144 -33.126 -14 -25.4144 -33.126 -18.45
3 16 -25.4144 -33.126 -14 -26.252 -30 -14 -25.4144 -33.126 -18.45
3 16 -25.4144 -33.126 -18.45 -26.252 -30 -14 -26.252 -30 -18.45
3 16 -26.252 -30 -14 -25.4144 -26.874 -14 -26.252 -30 -18.45
3 16 -26.252 -30 -18.45 -25.4144 -26.874 -14 -25.4144 -26.874 -18.45
3 16 -25.4144 -26.874 -18.45 -23.126 -24.5856 -18.45 -23.5295 -27.9623 -18.45
3 16 -23.5295 -27.9623 -18.45 -23.126 -24.5856 -18.45 -22.0377 -26.4705 -18.45
3 16 -23.126 -24.5856 -18.45 -20 -23.748 -18.45 -22.0377 -26.4705 -18.45
3 16 -22.0377 -26.4705 -18.45 -20 -23.748 -18.45 -20 -25.9245 -18.45
3 16 -20 -23.748 -18.45 -16.874 -24.5856 -18.45 -20 -25.9245 -18.45
3 16 -20 -25.9245 -18.45 -16.874 -24.5856 -18.45 -17.9623 -26.4705 -18.45
3 16 -16.874 -24.5856 -18.45 -14.5856 -26.874 -18.45 -17.9623 -26.4705 -18.45
3 16 -17.9623 -26.4705 -18.45 -14.5856 -26.874 -18.45 -16.4705 -27.9623 -18.45
3 16 -14.5856 -26.874 -18.45 -13.748 -30 -18.45 -16.4705 -27.9623 -18.45
3 16 -16.4705 -27.9623 -18.45 -13.748 -30 -18.45 -15.9245 -30 -18.45
3 16 -13.748 -30 -18.45 -14.5856 -33.126 -18.45 -15.9245 -30 -18.45
3 16 -15.9245 -30 -18.45 -14.5856 -33.126 -18.45 -16.4705 -32.0378 -18.45
3 16 -14.5856 -33.126 -18.45 -16.874 -35.4144 -18.45 -16.4705 -32.0378 -18.45
3 16 -16.4705 -32.0378 -18.45 -16.874 -35.4144 -18.45 -17.9623 -33.5295 -18.45
3 16 -16.874 -35.4144 -18.45 -20 -36.252 -18.45 -17.9623 -33.5295 -18.45
3 16 -17.9623 -33.5295 -18.45 -20 -36.252 -18.45 -20 -34.0755 -18.45
3 16 -20 -36.252 -18.45 -23.126 -35.4144 -18.45 -20 -34.0755 -18.45
3 16 -20 -34.0755 -18.45 -23.126 -35.4144 -18.45 -22.0377 -33.5295 -18.45
3 16 -23.126 -35.4144 -18.45 -25.4144 -33.126 -18.45 -22.0377 -33.5295 -18.45
3 16 -22.0377 -33.5295 -18.45 -25.4144 -33.126 -18.45 -23.5295 -32.0378 -18.45
3 16 -25.4144 -33.126 -18.45 -26.252 -30 -18.45 -23.5295 -32.0378 -18.45
3 16 -23.5295 -32.0378 -18.45 -26.252 -30 -18.45 -24.0755 -30 -18.45
3 16 -26.252 -30 -18.45 -25.4144 -26.874 -18.45 -24.0755 -30 -18.45
3 16 -24.0755 -30 -18.45 -25.4144 -26.874 -18.45 -23.5295 -27.9623 -18.45
3 16 -23.5295 -27.9623 -18.45 -22.0377 -26.4705 -18.45 -23.5295 -27.9623 -14
3 16 -23.5295 -27.9623 -14 -22.0377 -26.4705 -18.45 -22.0377 -26.4705 -14
3 16 -22.0377 -26.4705 -18.45 -20 -25.9245 -18.45 -22.0377 -26.4705 -14
3 16 -22.0377 -26.4705 -14 -20 -25.9245 -18.45 -20 -25.9245 -14
3 16 -20 -25.9245 -18.45 -17.9623 -26.4705 -18.45 -20 -25.9245 -14
3 16 -20 -25.9245 -14 -17.9623 -26.4705 -18.45 -17.9623 -26.4705 -14
3 16 -17.9623 -26.4705 -18.45 -16.4705 -27.9623 -18.45 -17.9623 -26.4705 -14
3 16 -17.9623 -26.4705 -14 -16.4705 -27.9623 -18.45 -16.4705 -27.9623 -14
3 16 -16.4705 -27.9623 -18.45 -15.9245 -30 -18.45 -16.4705 -27.9623 -14
3 16 -16.4705 -27.9623 -14 -15.9245 -30 -18.45 -15.9245 -30 -14
3 16 -15.9245 -30 -18.45 -16.4705 -32.0378 -18.45 -15.9245 -30 -14
3 16 -15.9245 -30 -14 -16.4705 -32.0378 -18.45 -16.4705 -32.0378 -14
3 16 -16.4705 -32.0378 -18.45 -17.9623 -33.5295 -18.45 -16.4705 -32.0378 -14
3 16 -16.4705 -32.0378 -14 -17.9623 -33.5295 -18.45 -17.9623 -33.5295 -14
3 16 -17.9623 -33.5295 -18.45 -20 -34.0755 -18.45 -17.9623 -33.5295 -14
3 16 -17.9623 -33.5295 -14 -20 -34.0755 -18.45 -20 -34.0755 -14
3 16 -20 -34.0755 -18.45 -22.0377 -33.5295 -18.45 -20 -34.0755 -14
3 16 -20 -34.0755 -14 -22.0377 -33.5295 -18.45 -22.0377 -33.5295 -14
3 16 -22.0377 -33.5295 -18.45 -23.5295 -32.0378 -18.45 -22.0377 -33.5295 -14
3 16 -22.0377 -33.5295 -14 -23.5295 -32.0378 -18.45 -23.5295 -32.0378 -14
3 16 -23.5295 -32.0378 -18.45 -24.0755 -30 -18.45 -23.5295 -32.0378 -14
3 16 -23.5295 -32.0378 -14 -24.0755 -30 -18.45 -24.0755 -30 -14
3 16 -24.0755 -30 -18.45 -23.5295 -27.9623 -18.45 -24.0755 -30 -14
3 16 -24.0755 -30 -14 -23.5295 -27.9623 -18.45 -23.5295 -27.9623 -14
3 16 -25.4144 -6.874 -14 -23.126 -4.5856 -14 -25.4144 -6.874 -18.45
3 16 -25.4144 -6.874 -18.45 -23.126 -4.5856 -14 -23.126 -4.5856 -18.45
3 16 -23.126 -4.5856 -14 -20 -3.748 -14 -23.126 -4.5856 -18.45
3 16 -23.126 -4.5856 -18.45 -20 -3.748 -14 -20 -3.748 -18.45
3 16 -20 -3.748 -14 -16.874 -4.5856 -14 -20 -3.748 -18.45
3 16 -20 -3.748 -18.45 -16.874 -4.5856 -14 -16.874 -4.5856 -18.45
3 16 -16.874 -4.5856 -14 -14.5856 -6.874 -14 -16.874 -4.5856 -18.45
3 16 -16.874 -4.5856 -18.45 -14.5856 -6.874 -14 -14.5856 -6.874 -18.45
3 16 -14.5856 -6.874 -14 -13.748 -10 -14 -14.5856 -6.874 -18.45
3 16 -14.5856 -6.874 -18.45 -13.748 -10 -14 -13.748 -10 -18.45
3 16 -13.748 -10 -14 -14.5856 -13.126 -14 -13.748 -10 -18.45
3 16 -13.748 -10 -18.45 -14.5856 -13.126 -14 -14.5856 -13.126 -18.45
3 16 -14.5856 -13.126 -14 -16.874 -15.4144 -14 -14.5856 -13.126 -18.45
3 16 -14.5856 -13.126 -18.45 -16.874 -15.4144 -14 -16.874 -15.4144 -18.45
3 16 -16.874 -15.4144 -14 -20 -16.252 -14 -16.874 -15.4144 -18.45
3 16 -16.874 -15.4144 -18.45 -20 -16.252 -14 -20 -16.252 -18.45
3 16 -20 -16.252 -14 -23.126 -15.4144 -14 -20 -16.252 -18.45
3 16 -20 -16.252 -18.45 -23.126 -15.4144 -14 -23.126 -15.4144 -18.45
3 16 -23.126 -15.4144 -14 -25.4144 -13.126 -14 -23.126 -15.4144 -18.45
3 16 -23.126 -15.4144 -18.45 -25.4144 -13.126 -14 -25.4144 -13.126 -18.45
3 16 -25.4144 -13.126 -14 -26.252 -10 -14 -25.4144 -13.126 -18.45
3 16 -25.4144 -13.126 -18.45 -26.252 -10 -14 -26.252 -10 -18.45
3 16 -26.252 -10 -14 -25.4144 -6.874 -14 -26.252 -10 -18.45
3 16 -26.252 -10 -18.45 -25.4144 -6.874 -14 -25.4144 -6.874 -18.45
3 16 -25.4144 -6.874 -18.45 -23.126 -4.5856 -18.45 -23.5295 -7.9622 -18.45
3 16 -23.5295 -7.9622 -18.45 -23.126 -4.5856 -18.45 -22.0377 -6.4705 -18.45
3 16 -23.126 -4.5856 -18.45 -20 -3.748 -18.45 -22.0377 -6.4705 -18.45
3 16 -22.0377 -6.4705 -18.45 -20 -3.748 -18.45 -20 -5.9245 -18.45
3 16 -20 -3.748 -18.45 -16.874 -4.5856 -18.45 -20 -5.9245 -18.45
3 16 -20 -5.9245 -18.45 -16.874 -4.5856 -18.45 -17.9623 -6.4705 -18.45
3 16 -16.874 -4.5856 -18.45 -14.5856 -6.874 -18.45 -17.9623 -6.4705 -18.45
3 16 -17.9623 -6.4705 -18.45 -14.5856 -6.874 -18.45 -16.4705 -7.9622 -18.45
3 16 -14.5856 -6.874 -18.45 -13.748 -10 -18.45 -16.4705 -7.9622 -18.45
3 16 -16.4705 -7.9622 -18.45 -13.748 -10 -18.45 -15.9245 -10 -18.45
3 16 -13.748 -10 -18.45 -14.5856 -13.126 -18.45 -15.9245 -10 -18.45
3 16 -15.9245 -10 -18.45 -14.5856 -13.126 -18.45 -16.4705 -12.0378 -18.45
3 16 -14.5856 -13.126 -18.45 -16.874 -15.4144 -18.45 -16.4705 -12.0378 -18.45
3 16 -16.4705 -12.0378 -18.45 -16.874 -15.4144 -18.45 -17.9623 -13.5295 -18.45
3 16 -16.874 -15.4144 -18.45 -20 -16.252 -18.45 -17.9623 -13.5295 -18.45
3 16 -17.9623 -13.5295 -18.45 -20 -16.252 -18.45 -20 -14.0755 -18.45
3 16 -20 -16.252 -18.45 -23.126 -15.4144 -18.45 -20 -14.0755 -18.45
3 16 -20 -14.0755 -18.45 -23.126 -15.4144 -18.45 -22.0377 -13.5295 -18.45
3 16 -23.126 -15.4144 -18.45 -25.4144 -13.126 -18.45 -22.0377 -13.5295 -18.45
3 16 -22.0377 -13.5295 -18.45 -25.4144 -13.126 -18.45 -23.5295 -12.0378 -18.45
3 16 -25.4144 -13.126 -18.45 -26.252 -10 -18.45 -23.5295 -12.0378 -18.45
3 16 -23.5295 -12.0378 -18.45 -26.252 -10 -18.45 -24.0755 -10 -18.45
3 16 -26.252 -10 -18.45 -25.4144 -6.874 -18.45 -24.0755 -10 -18.45
3 16 -24.0755 -10 -18.45 -25.4144 -6.874 -18.45 -23.5295 -7.9622 -18.45
3 16 -23.5295 -7.9622 -18.45 -22.0377 -6.4705 -18.45 -23.5295 -7.9622 -14
3 16 -23.5295 -7.9622 -14 -22.0377 -6.4705 -18.45 -22.0377 -6.4705 -14
3 16 -22.0377 -6.4705 -18.45 -20 -5.9245 -18.45 -22.0377 -6.4705 -14
3 16 -22.0377 -6.4705 -14 -20 -5.9245 -18.45 -20 -5.9245 -14
3 16 -20 -5.9245 -18.45 -17.9623 -6.4705 -18.45 -20 -5.9245 -14
3 16 -20 -5.9245 -14 -17.9623 -6.4705 -18.45 -17.9623 -6.4705 -14
3 16 -17.9623 -6.4705 -18.45 -16.4705 -7.9622 -18.45 -17.9623 -6.4705 -14
3 16 -17.9623 -6.4705 -14 -16.4705 -7.9622 -18.45 -16.4705 -7.9622 -14
3 16 -16.4705 -7.9622 -18.45 -15.9245 -10 -18.45 -16.4705 -7.9622 -14
3 16 -16.4705 -7.9622 -14 -15.9245 -10 -18.45 -15.9245 -10 -14
3 16 -15.9245 -10 -18.45 -16.4705 -12.0378 -18.45 -15.9245 -10 -14
3 16 -15.9245 -10 -14 -16.4705 -12.0378 -18.45 -16.4705 -12.0378 -14
3 16 -16.4705 -12.0378 -18.45 -17.9623 -13.5295 -18.45 -16.4705 -12.0378 -14
3 16 -16.4705 -12.0378 -14 -17.9623 -13.5295 -18.45 -17.9623 -13.5295 -14
3 16 -17.9623 -13.5295 -18.45 -20 -14.0755 -18.45 -17.9623 -13.5295 -14
3 16 -17.9623 -13.5295 -14 -20 -14.0755 -18.45 -20 -14.0755 -14
3 16 -20 -14.0755 -18.45 -22.0377 -13.5295 -18.45 -20 -14.0755 -14
3 16 -20 -14.0755 -14 -22.0377 -13.5295 -18.45 -22.0377 -13.5295 -14
3 16 -22.0377 -13.5295 -18.45 -23.5295 -12.0378 -18.45 -22.0377 -13.5295 -14
3 16 -22.0377 -13.5295 -14 -23.5295 -12.0378 -18.45 -23.5295 -12.0378 -14
3 16 -23.5295 -12.0378 -18.45 -24.0755 -10 -18.45 -23.5295 -12.0378 -14
3 16 -23.5295 -12.0378 -14 -24.0755 -10 -18.45 -24.0755 -10 -14
3 16 -24.0755 -10 -18.45 -23.5295 -7.9622 -18.45 -24.0755 -10 -14
3 16 -24.0755 -10 -14 -23.5295 -7.9622 -18.45 -23.5295 -7.9622 -14
3 16 14.5856 -26.874 -14 16.874 -24.5856 -14 14.5856 -26.874 -18.45
3 16 14.5856 -26.874 -18.45 16.874 -24.5856 -14 16.874 -24.5856 -18.45
3 16 16.874 -24.5856 -14 20 -23.748 -14 16.874 -24.5856 -18.45
3 16 16.874 -24.5856 -18.45 20 -23.748 -14 20 -23.748 -18.45
3 16 20 -23.748 -14 23.126 -24.5856 -14 20 -23.748 -18.45
3 16 20 -23.748 -18.45 23.126 -24.5856 -14 23.126 -24.5856 -18.45
3 16 23.126 -24.5856 -14 25.4144 -26.874 -14 23.126 -24.5856 -18.45
3 16 23.126 -24.5856 -18.45 25.4144 -26.874 -14 25.4144 -26.874 -18.45
3 16 25.4144 -26.874 -14 26.252 -30 -14 25.4144 -26.874 -18.45
3 16 25.4144 -26.874 -18.45 26.252 -30 -14 26.252 -30 -18.45
3 16 26.252 -30 -14 25.4144 -33.126 -14 26.252 -30 -18.45
3 16 26.252 -30 -18.45 25.4144 -33.126 -14 25.4144 -33.126 -18.45
3 16 25.4144 -33.126 -14 23.126 -35.4144 -14 25.4144 -33.126 -18.45
3 16 25.4144 -33.126 -18.45 23.126 -35.4144 -14 23.126 -35.4144 -18.45
3 16 23.126 -35.4144 -14 20 -36.252 -14 23.126 -35.4144 -18.45
3 16 23.126 -35.4144 -18.45 20 -36.252 -14 20 -36.252 -18.45
3 16 20 -36.252 -14 16.874 -35.4144 -14 20 -36.252 -18.45
3 16 20 -36.252 -18.45 16.874 -35.4144 -14 16.874 -35.4144 -18.45
3 16 16.874 -35.4144 -14 14.5856 -33.126 -14 16.874 -35.4144 -18.45
3 16 16.874 -35.4144 -18.45 14.5856 -33.126 -14 14.5856 -33.126 -18.45
3 16 14.5856 -33.126 -14 13.748 -30 -14 14.5856 -33.126 -18.45
3 16 14.5856 -33.126 -18.45 13.748 -30 -14 13.748 -30 -18.45
3 16 13.748 -30 -14 14.5856 -26.874 -14 13.748 -30 -18.45
3 16 13.748 -30 -18.45 14.5856 -26.874 -14 14.5856 -26.874 -18.45
3 16 14.5856 -26.874 -18.45 16.874 -24.5856 -18.45 16.4705 -27.9623 -18.45
3 16 16.4705 -27.9623 -18.45 16.874 -24.5856 -18.45 17.9623 -26.4705 -18.45
3 16 16.874 -24.5856 -18.45 20 -23.748 -18.45 17.9623 -26.4705 -18.45
3 16 17.9623 -26.4705 -18.45 20 -23.748 -18.45 20 -25.9245 -18.45
3 16 20 -23.748 -18.45 23.126 -24.5856 -18.45 20 -25.9245 -18.45
3 16 20 -25.9245 -18.45 23.126 -24.5856 -18.45 22.0378 -26.4705 -18.45
3 16 23.126 -24.5856 -18.45 25.4144 -26.874 -18.45 22.0378 -26.4705 -18.45
3 16 22.0378 -26.4705 -18.45 25.4144 -26.874 -18.45 23.5295 -27.9623 -18.45
3 16 25.4144 -26.874 -18.45 26.252 -30 -18.45 23.5295 -27.9623 -18.45
3 16 23.5295 -27.9623 -18.45 26.252 -30 -18.45 24.0755 -30 -18.45
3 16 26.252 -30 -18.45 25.4144 -33.126 -18.45 24.0755 -30 -18.45
3 16 24.0755 -30 -18.45 25.4144 -33.126 -18.45 23.5295 -32.0378 -18.45
3 16 25.4144 -33.126 -18.45 23.126 -35.4144 -18.45 23.5295 -32.0378 -18.45
3 16 23.5295 -32.0378 -18.45 23.126 -35.4144 -18.45 22.0378 -33.5295 -18.45
3 16 23.126 -35.4144 -18.45 20 -36.252 -18.45 22.0378 -33.5295 -18.45
3 16 22.0378 -33.5295 -18.45 20 -36.252 -18.45 20 -34.0755 -18.45
3 16 20 -36.252 -18.45 16.874 -35.4144 -18.45 20 -34.0755 -18.45
3 16 20 -34.0755 -18.45 16.874 -35.4144 -18.45 17.9623 -33.5295 -18.45
3 16 16.874 -35.4144 -18.45 14.5856 -33.126 -18.45 17.9623 -33.5295 -18.45
3 16 17.9623 -33.5295 -18.45 14.5856 -33.126 -18.45 16.4705 -32.0378 -18.45
3 16 14.5856 -33.126 -18.45 13.748 -30 -18.45 16.4705 -32.0378 -18.45
3 16 16.4705 -32.0378 -18.45 13.748 -30 -18.45 15.9245 -30 -18.45
3 16 13.748 -30 -18.45 14.5856 -26.874 -18.45 15.9245 -30 -18.45
3 16 15.9245 -30 -18.45 14.5856 -26.874 -18.45 16.4705 -27.9623 -18.45
3 16 16.4705 -27.9623 -18.45 17.9623 -26.4705 -18.45 16.4705 -27.9623 -14
3 16 16.4705 -27.9623 -14 17.9623 -26.4705 -18.45 17.9623 -26.4705 -14
3 16 17.9623 -26.4705 -18.45 20 -25.9245 -18.45 17.9623 -26.4705 -14
3 16 17.9623 -26.4705 -14 20 -25.9245 -18.45 20 -25.9245 -14
3 16 20 -25.9245 -18.45 22.0378 -26.4705 -18.45 20 -25.9245 -14
3 16 20 -25.9245 -14 22.0378 -26.4705 -18.45 22.0378 -26.4705 -14
3 16 22.0378 -26.4705 -18.45 23.5295 -27.9623 -18.45 22.0378 -26.4705 -14
3 16 22.0378 -26.4705 -14 23.5295 -27.9623 -18.45 23.5295 -27.9623 -14
3 16 23.5295 -27.9623 -18.45 24.0755 -30 -18.45 23.5295 -27.9623 -14
3 16 23.5295 -27.9623 -14 24.0755 -30 -18.45 24.0755 -30 -14
3 16 24.0755 -30 -18.45 23.5295 -32.0378 -18.45 24.0755 -30 -14
3 16 24.0755 -30 -14 23.5295 -32.0378 -18.45 23.5295 -32.0378 -14
3 16 23.5295 -32.0378 -18.45 22.0378 -33.5295 -18.45 23.5295 -32.0378 -14
3 16 23.5295 -32.0378 -14 22.0378 -33.5295 -18.45 22.0378 -33.5295 -14
3 16 22.0378 -33.5295 -18.45 20 -34.0755 -18.45 22.0378 -33.5295 -14
3 16 22.0378 -33.5295 -14 20 -34.0755 -18.45 20 -34.0755 -14
3 16 20 -34.0755 -18.45 17.9623 -33.5295 -18.45 20 -34.0755 -14
3 16 20 -34.0755 -14 17.9623 -33.5295 -18.45 17.9623 -33.5295 -14
3 16 17.9623 -33.5295 -18.45 16.4705 -32.0378 -18.45 17.9623 -33.5295 -14
3 16 17.9623 -33.5295 -14 16.4705 -32.0378 -18.45 16.4705 -32.0378 -14
3 16 16.4705 -32.0378 -18.45 15.9245 -30 -18.45 16.4705 -32.0378 -14
3 16 16.4705 -32.0378 -14 15.9245 -30 -18.45 15.9245 -30 -14
3 16 15.9245 -30 -18.45 16.4705 -27.9623 -18.45 15.9245 -30 -14
3 16 15.9245 -30 -14 16.4705 -27.9623 -18.45 16.4705 -27.9623 -14
3 16 34.5856 -26.874 -14 36.874 -24.5856 -14 34.5856 -26.874 -18.45
3 16 34.5856 -26.874 -18.45 36.874 -24.5856 -14 36.874 -24.5856 -18.45
3 16 36.874 -24.5856 -14 40 -23.748 -14 36.874 -24.5856 -18.45
3 16 36.874 -24.5856 -18.45 40 -23.748 -14 40 -23.748 -18.45
3 16 40 -23.748 -14 43.126 -24.5856 -14 40 -23.748 -18.45
3 16 40 -23.748 -18.45 43.126 -24.5856 -14 43.126 -24.5856 -18.45
3 16 43.126 -24.5856 -14 45.4144 -26.874 -14 43.126 -24.5856 -18.45
3 16 43.126 -24.5856 -18.45 45.4144 -26.874 -14 45.4144 -26.874 -18.45
3 16 45.4144 -26.874 -14 46.252 -30 -14 45.4144 -26.874 -18.45
3 16 45.4144 -26.874 -18.45 46.252 -30 -14 46.252 -30 -18.45
3 16 46.252 -30 -14 45.4144 -33.126 -14 46.252 -30 -18.45
3 16 46.252 -30 -18.45 45.4144 -33.126 -14 45.4144 -33.126 -18.45
3 16 45.4144 -33.126 -14 43.126 -35.4144 -14 45.4144 -33.126 -18.45
3 16 45.4144 -33.126 -18.45 43.126 -35.4144 -14 43.126 -35.4144 -18.45
3 16 43.126 -35.4144 -14 40 -36.252 -14 43.126 -35.4144 -18.45
3 16 43.126 -35.4144 -18.45 40 -36.252 -14 40 -36.252 -18.45
3 16 40 -36.252 -14 36.874 -35.4144 -14 40 -36.252 -18.45
3 16 40 -36.252 -18.45 36.874 -35.4144 -14 36.874 -35.4144 -18.45
3 16 36.874 -35.4144 -14 34.5856 -33.126 -14 36.874 -35.4144 -18.45
3 16 36.874 -35.4144 -18.45 34.5856 -33.126 -14 34.5856 -33.126 -18.45
3 16 34.5856 -33.126 -14 33.748 -30 -14 34.5856 -33.126 -18.45
3 16 34.5856 -33.126 -18.45 33.748 -30 -14 33.748 -30 -18.45
3 16 33.748 -30 -14 34.5856 -26.874 -14 33.748 -30 -18.45
3 16 33.748 -30 -18.45 34.5856 -26.874 -14 34.5856 -26.874 -18.45
3 16 34.5856 -26.874 -18.45 36.874 -24.5856 -18.45 36.4705 -27.9623 -18.45
3 16 36.4705 -27.9623 -18.45 36.874 -24.5856 -18.45 37.9623 -26.4705 -18.45
3 16 36.874 -24.5856 -18.45 40 -23.748 -18.45 37.9623 -26.4705 -18.45
3 16 37.9623 -26.4705 -18.45 40 -23.748 -18.45 40 -25.9245 -18.45
3 16 40 -23.748 -18.45 43.126 -24.5856 -18.45 40 -25.9245 -18.45
3 16 40 -25.9245 -18.45 43.126 -24.5856 -18.45 42.0378 -26.4705 -18.45
3 16 43.126 -24.5856 -18.45 45.4144 -26.874 -18.45 42.0378 -26.4705 -18.45
3 16 42.0378 -26.4705 -18.45 45.4144 -26.874 -18.45 43.5295 -27.9623 -18.45
3 16 45.4144 -26.874 -18.45 46.252 -30 -18.45 43.5295 -27.9623 -18.45
3 16 43.5295 -27.9623 -18.45 46.252 -30 -18.45 44.0755 -30 -18.45
3 16 46.252 -30 -18.45 45.4144 -33.126 -18.45 44.0755 -30 -18.45
3 16 44.0755 -30 -18.45 45.4144 -33.126 -18.45 43.5295 -32.0378 -18.45
3 16 45.4144 -33.126 -18.45 43.126 -35.4144 -18.45 43.5295 -32.0378 -18.45
3 16 43.5295 -32.0378 -18.45 43.126 -35.4144 -18.45 42.0378 -33.5295 -18.45
3 16 43.126 -35.4144 -18.45 40 -36.252 -18.45 42.0378 -33.5295 -18.45
3 16 42.0378 -33.5295 -18.45 40 -36.252 -18.45 40 -34.0755 -18.45
3 16 40 -36.252 -18.45 36.874 -35.4144 -18.45 40 -34.0755 -18.45
3 16 40 -34.0755 -18.45 36.874 -35.4144 -18.45 37.9623 -33.5295 -18.45
3 16 36.874 -35.4144 -18.45 34.5856 -33.126 -18.45 37.9623 -33.5295 -18.45
3 16 37.9623 -33.5295 -18.45 34.5856 -33.126 -18.45 36.4705 -32.0378 -18.45
3 16 34.5856 -33.126 -18.45 33.748 -30 -18.45 36.4705 -32.0378 -18.45
3 16 36.4705 -32.0378 -18.45 33.748 -30 -18.45 35.9245 -30 -18.45
3 16 33.748 -30 -18.45 34.5856 -26.874 -18.45 35.9245 -30 -18.45
3 16 35.9245 -30 -18.45 34.5856 -26.874 -18.45 36.4705 -27.9623 -18.45
3 16 36.4705 -27.9623 -18.45 37.9623 -26.4705 -18.45 36.4705 -27.9623 -14
3 16 36.4705 -27.9623 -14 37.9623 -26.4705 -18.45 37.9623 -26.4705 -14
3 16 37.9623 -26.4705 -18.45 40 -25.9245 -18.45 37.9623 -26.4705 -14
3 16 37.9623 -26.4705 -14 40 -25.9245 -18.45 40 -25.9245 -14
3 16 40 -25.9245 -18.45 42.0378 -26.4705 -18.45 40 -25.9245 -14
3 16 40 -25.9245 -14 42.0378 -26.4705 -18.45 42.0378 -26.4705 -14
3 16 42.0378 -26.4705 -18.45 43.5295 -27.9623 -18.45 42.0378 -26.4705 -14
3 16 42.0378 -26.4705 -14 43.5295 -27.9623 -18.45 43.5295 -27.9623 -14
3 16 43.5295 -27.9623 -18.45 44.0755 -30 -18.45 43.5295 -27.9623 -14
3 16 43.5295 -27.9623 -14 44.0755 -30 -18.45 44.0755 -30 -14
3 16 44.0755 -30 -18.45 43.5295 -32.0378 -18.45 44.0755 -30 -14
3 16 44.0755 -30 -14 43.5295 -32.0378 -18.45 43.5295 -32.0378 -14
3 16 43.5295 -32.0378 -18.45 42.0378 -33.5295 -18.45 43.5295 -32.0378 -14
3 16 43.5295 -32.0378 -14 42.0378 -33.5295 -18.45 42.0378 -33.5295 -14
3 16 42.0378 -33.5295 -18.45 40 -34.0755 -18.45 42.0378 -33.5295 -14
3 16 42.0378 -33.5295 -14 40 -34.0755 -18.45 40 -34.0755 -14
3 16 40 -34.0755 -18.45 37.9623 -33.5295 -18.45 40 -34.0755 -14
3 16 40 -34.0755 -14 37.9623 -33.5295 -18.45 37.9623 -33.5295 -14
3 16 37.9623 -33.5295 -18.45 36.4705 -32.0378 -18.45 37.9623 -33.5295 -14
3 16 37.9623 -33.5295 -14 36.4705 -32.0378 -18.45 36.4705 -32.0378 -14
3 16 36.4705 -32.0378 -18.45 35.9245 -30 -18.45 36.4705 -32.0378 -14
3 16 36.4705 -32.0378 -14 35.9245 -30 -18.45 35.9245 -30 -14
3 16 35.9245 -30 -18.45 36.4705 -27.9623 -18.45 35.9245 -30 -14
3 16 35.9245 -30 -14 36.4705 -27.9623 -18.45 36.4705 -27.9623 -14
3 16 34.5856 -6.874 -14 36.874 -4.5856 -14 34.5856 -6.874 -18.45
3 16 34.5856 -6.874 -18.45 36.874 -4.5856 -14 36.874 -4.5856 -18.45
3 16 36.874 -4.5856 -14 40 -3.748 -14 36.874 -4.5856 -18.45
3 16 36.874 -4.5856 -18.45 40 -3.748 -14 40 -3.748 -18.45
3 16 40 -3.748 -14 43.126 -4.5856 -14 40 -3.748 -18.45
3 16 40 -3.748 -18.45 43.126 -4.5856 -14 43.126 -4.5856 -18.45
3 16 43.126 -4.5856 -14 45.4144 -6.874 -14 43.126 -4.5856 -18.45
3 16 43.126 -4.5856 -18.45 45.4144 -6.874 -14 45.4144 -6.874 -18.45
3 16 45.4144 -6.874 -14 46.252 -10 -14 45.4144 -6.874 -18.45
3 16 45.4144 -6.874 -18.45 46.252 -10 -14 46.252 -10 -18.45
3 16 46.252 -10 -14 45.4144 -13.126 -14 46.252 -10 -18.45
3 16 46.252 -10 -18.45 45.4144 -13.126 -14 45.4144 -13.126 -18.45
3 16 45.4144 -13.126 -14 43.126 -15.4144 -14 45.4144 -13.126 -18.45
3 16 45.4144 -13.126 -18.45 43.126 -15.4144 -14 43.126 -15.4144 -18.45
3 16 43.126 -15.4144 -14 40 -16.252 -14 43.126 -15.4144 -18.45
3 16 43.126 -15.4144 -18.45 40 -16.252 -14 40 -16.252 -18.45
3 16 40 -16.252 -14 36.874 -15.4144 -14 40 -16.252 -18.45
3 16 40 -16.252 -18.45 36.874 -15.4144 -14 36.874 -15.4144 -18.45
3 16 36.874 -15.4144 -14 34.5856 -13.126 -14 36.874 -15.4144 -18.45
3 16 36.874 -15.4144 -18.45 34.5856 -13.126 -14 34.5856 -13.126 -18.45
3 16 34.5856 -13.126 -14 33.748 -10 -14 34.5856 -13.126 -18.45
3 16 34.5856 -13.126 -18.45 33.748 -10 -14 33.748 -10 -18.45
3 16 33.748 -10 -14 34.5856 -6.874 -14 33.748 -10 -18.45
3 16 33.748 -10 -18.45 34.5856 -6.874 -14 34.5856 -6.874 -18.45
3 16 34.5856 -6.874 -18.45 36.874 -4.5856 -18.45 36.4705 -7.9622 -18.45
3 16 36.4705 -7.9622 -18.45 36.874 -4.5856 -18.45 37.9623 -6.4705 -18.45
3 16 36.874 -4.5856 -18.45 40 -3.748 -18.45 37.9623 -6.4705 -18.45
3 16 37.9623 -6.4705 -18.45 40 -3.748 -18.45 40 -5.9245 -18.45
3 16 40 -3.748 -18.45 43.126 -4.5856 -18.45 40 -5.9245 -18.45
3 16 40 -5.9245 -18.45 43.126 -4.5856 -18.45 42.0378 -6.4705 -18.45
3 16 43.126 -4.5856 -18.45 45.4144 -6.874 -18.45 42.0378 -6.4705 -18.45
3 16 42.0378 -6.4705 -18.45 45.4144 -6.874 -18.45 43.5295 -7.9622 -18.45
3 16 45.4144 -6.874 -18.45 46.252 -10 -18.45 43.5295 -7.9622 -18.45
3 16 43.5295 -7.9622 -18.45 46.252 -10 -18.45 44.0755 -10 -18.45
3 16 46.252 -10 -18.45 45.4144 -13.126 -18.45 44.0755 -10 -18.45
3 16 44.0755 -10 -18.45 45.4144 -13.126 -18.45 43.5295 -12.0378 -18.45
3 16 45.4144 -13.126 -18.45 43.126 -15.4144 -18.45 43.5295 -12.0378 -18.45
3 16 43.5295 -12.0378 -18.45 43.126 -15.4144 -18.45 42.0378 -13.5295 -18.45
3 16 43.126 -15.4144 -18.45 40 -16.252 -18.45 42.0378 -13.5295 -18.45
3 16 42.0378 -13.5295 -18.45 40 -16.252 -18.45 40 -14.0755 -18.45
3 16 40 -16.252 -18.45 36.874 -15.4144 -18.45 40 -14.0755 -18.45
3 16 40 -14.0755 -18.45 36.874 -15.4144 -18.45 37.9623 -13.5295 -18.45
3 16 36.874 -15.4144 -18.45 34.5856 -13.126 -18.45 37.9623 -13.5295 -18.45
3 16 37.9623 -13.5295 -18.45 34.5856 -13.126 -18.45 36.4705 -12.0378 -18.45
3 16 34.5856 -13.126 -18.45 33.748 -10 -18.45 36.4705 -12.0378 -18.45
3 16 36.4705 -12.0378 -18.45 33.748 -10 -18.45 35.9245 -10 -18.45
3 16 33.748 -10 -18.45 34.5856 -6.874 -18.45 35.9245 -10 -18.45
3 16 35.9245 -10 -18.45 34.5856 -6.874 -18.45 36.4705 -7.9622 -18.45
3 16 36.4705 -7.9622 -18.45 37.9623 -6.4705 -18.45 36.4705 -7.9622 -14
3 16 36.4705 -7.9622 -14 37.9623 -6.4705 -18.45 37.9623 -6.4705 -14
3 16 37.9623 -6.4705 -18.45 40 -5.9245 -18.45 37.9623 -6.4705 -14
3 16 37.9623 -6.4705 -14 40 -5.9245 -18.45 40 -5.9245 -14
3 16 40 -5.9245 -18.45 42.0378 -6.4705 -18.45 40 -5.9245 -14
3 16 40 -5.9245 -14 42.0378 -6.4705 -18.45 42.0378 -6.4705 -14
3 16 42.0378 -6.4705 -18.45 43.5295 -7.9622 -18.45 42.0378 -6.4705 -14
3 16 42.0378 -6.4705 -14 43.5295 -7.9622 -18.45 43.5295 -7.9622 -14
3 16 43.5295 -7.9622 -18.45 44.0755 -10 -18.45 43.5295 -7.9622 -14
3 16 43.5295 -7.9622 -14 44.0755 -10 -18.45 44.0755 -10 -14
3 16 44.0755 -10 -18.45 43.5295 -12.0378 -18.45 44.0755 -10 -14
3 16 44.0755 -10 -14 43.5295 -12.0378 -18.45 43.5295 -12.0378 -14
3 16 43.5295 -12.0378 -18.45 42.0378 -13.5295 -18.45 43.5295 -12.0378 -14
3 16 43.5295 -12.0378 -14 42.0378 -13.5295 -18.45 42.0378 -13.5295 -14
3 16 42.0378 -13.5295 -18.45 40 -14.0755 -18.45 42.0378 -13.5295 -14
3 16 42.0378 -13.5295 -14 40 -14.0755 -18.45 40 -14.0755 -14
3 16 40 -14.0755 -18.45 37.9623 -13.5295 -18.45 40 -14.0755 -14
3 16 40 -14.0755 -14 37.9623 -13.5295 -18.45 37.9623 -13.5295 -14
3 16 37.9623 -13.5295 -18.45 36.4705 -12.0378 -18.45 37.9623 -13.5295 -14
3 16 37.9623 -13.5295 -14 36.4705 -12.0378 -18.45 36.4705 -12.0378 -14
3 16 36.4705 -12.0378 -18.45 35.9245 -10 -18.45 36.4705 -12.0378 -14
3 16 36.4705 -12.0378 -14 35.9245 -10 -18.45 35.9245 -10 -14
3 16 35.9245 -10 -18.45 36.4705 -7.9622 -18.45 35.9245 -10 -14
3 16 35.9245 -10 -14 36.4705 -7.9622 -18.45 36.4705 -7.9622 -14
3 16 -5.4144 -6.874 -14 -3.126 -4.5856 -14 -5.4144 -6.874 -18.45
3 16 -5.4144 -6.874 -18.45 -3.126 -4.5856 -14 -3.126 -4.5856 -18.45
3 16 -3.126 -4.5856 -14 0 -3.748 -14 -3.126 -4.5856 -18.45
3 16 -3.126 -4.5856 -18.45 0 -3.748 -14 0 -3.748 -18.45
3 16 0 -3.748 -14 3.126 -4.5856 -14 0 -3.748 -18.45
3 16 0 -3.748 -18.45 3.126 -4.5856 -14 3.126 -4.5856 -18.45
3 16 3.126 -4.5856 -14 5.4144 -6.874 -14 3.126 -4.5856 -18.45
3 16 3.126 -4.5856 -18.45 5.4144 -6.874 -14 5.4144 -6.874 -18.45
3 16 5.4144 -6.874 -14 6.252 -10 -14 5.4144 -6.874 -18.45
3 16 5.4144 -6.874 -18.45 6.252 -10 -14 6.252 -10 -18.45
3 16 6.252 -10 -14 5.4144 -13.126 -14 6.252 -10 -18.45
3 16 6.252 -10 -18.45 5.4144 -13.126 -14 5.4144 -13.126 -18.45
3 16 5.4144 -13.126 -14 3.126 -15.4144 -14 5.4144 -13.126 -18.45
3 16 5.4144 -13.126 -18.45 3.126 -15.4144 -14 3.126 -15.4144 -18.45
3 16 3.126 -15.4144 -14 0 -16.252 -14 3.126 -15.4144 -18.45
3 16 3.126 -15.4144 -18.45 0 -16.252 -14 0 -16.252 -18.45
3 16 0 -16.252 -14 -3.126 -15.4144 -14 0 -16.252 -18.45
3 16 0 -16.252 -18.45 -3.126 -15.4144 -14 -3.126 -15.4144 -18.45
3 16 -3.126 -15.4144 -14 -5.4144 -13.126 -14 -3.126 -15.4144 -18.45
3 16 -3.126 -15.4144 -18.45 -5.4144 -13.126 -14 -5.4144 -13.126 -18.45
3 16 -5.4144 -13.126 -14 -6.252 -10 -14 -5.4144 -13.126 -18.45
3 16 -5.4144 -13.126 -18.45 -6.252 -10 -14 -6.252 -10 -18.45
3 16 -6.252 -10 -14 -5.4144 -6.874 -14 -6.252 -10 -18.45
3 16 -6.252 -10 -18.45 -5.4144 -6.874 -14 -5.4144 -6.874 -18.45
3 16 -5.4144 -6.874 -18.45 -3.126 -4.5856 -18.45 -3.5295 -7.9622 -18.45
3 16 -3.5295 -7.9622 -18.45 -3.126 -4.5856 -18.45 -2.0377 -6.4705 -18.45
3 16 -3.126 -4.5856 -18.45 0 -3.748 -18.45 -2.0377 -6.4705 -18.45
3 16 -2.0377 -6.4705 -18.45 0 -3.748 -18.45 0 -5.9245 -18.45
3 16 0 -3.748 -18.45 3.126 -4.5856 -18.45 0 -5.9245 -18.45
3 16 0 -5.9245 -18.45 3.126 -4.5856 -18.45 2.0378 -6.4705 -18.45
3 16 3.126 -4.5856 -18.45 5.4144 -6.874 -18.45 2.0378 -6.4705 -18.45
3 16 2.0378 -6.4705 -18.45 5.4144 -6.874 -18.45 3.5295 -7.9622 -18.45
3 16 5.4144 -6.874 -18.45 6.252 -10 -18.45 3.5295 -7.9622 -18.45
3 16 3.5295 -7.9622 -18.45 6.252 -10 -18.45 4.0755 -10 -18.45
3 16 6.252 -10 -18.45 5.4144 -13.126 -18.45 4.0755 -10 -18.45
3 16 4.0755 -10 -18.45 5.4144 -13.126 -18.45 3.5295 -12.0378 -18.45
3 16 5.4144 -13.126 -18.45 3.126 -15.4144 -18.45 3.5295 -12.0378 -18.45
3 16 3.5295 -12.0378 -18.45 3.126 -15.4144 -18.45 2.0378 -13.5295 -18.45
3 16 3.126 -15.4144 -18.45 0 -16.252 -18.45 2.0378 -13.5295 -18.45
3 16 2.0378 -13.5295 -18.45 0 -16.252 -18.45 0 -14.0755 -18.45
3 16 0 -16.252 -18.45 -3.126 -15.4144 -18.45 0 -14.0755 -18.45
3 16 0 -14.0755 -18.45 -3.126 -15.4144 -18.45 -2.0377 -13.5295 -18.45
3 16 -3.126 -15.4144 -18.45 -5.4144 -13.126 -18.45 -2.0377 -13.5295 -18.45
3 16 -2.0377 -13.5295 -18.45 -5.4144 -13.126 -18.45 -3.5295 -12.0378 -18.45
3 16 -5.4144 -13.126 -18.45 -6.252 -10 -18.45 -3.5295 -12.0378 -18.45
3 16 -3.5295 -12.0378 -18.45 -6.252 -10 -18.45 -4.0755 -10 -18.45
3 16 -6.252 -10 -18.45 -5.4144 -6.874 -18.45 -4.0755 -10 -18.45
3 16 -4.0755 -10 -18.45 -5.4144 -6.874 -18.45 -3.5295 -7.9622 -18.45
3 16 -3.5295 -7.9622 -18.45 -2.0377 -6.4705 -18.45 -3.5295 -7.9622 -14
3 16 -3.5295 -7.9622 -14 -2.0377 -6.4705 -18.45 -2.0377 -6.4705 -14
3 16 -2.0377 -6.4705 -18.45 0 -5.9245 -18.45 -2.0377 -6.4705 -14
3 16 -2.0377 -6.4705 -14 0 -5.9245 -18.45 0 -5.9245 -14
3 16 0 -5.9245 -18.45 2.0378 -6.4705 -18.45 0 -5.9245 -14
3 16 0 -5.9245 -14 2.0378 -6.4705 -18.45 2.0378 -6.4705 -14
3 16 2.0378 -6.4705 -18.45 3.5295 -7.9622 -18.45 2.0378 -6.4705 -14
3 16 2.0378 -6.4705 -14 3.5295 -7.9622 -18.45 3.5295 -7.9622 -14
3 16 3.5295 -7.9622 -18.45 4.0755 -10 -18.45 3.5295 -7.9622 -14
3 16 3.5295 -7.9622 -14 4.0755 -10 -18.45 4.0755 -10 -14
3 16 4.0755 -10 -18.45 3.5295 -12.0378 -18.45 4.0755 -10 -14
3 16 4.0755 -10 -14 3.5295 -12.0378 -18.45 3.5295 -12.0378 -14
3 16 3.5295 -12.0378 -18.45 2.0378 -13.5295 -18.45 3.5295 -12.0378 -14
3 16 3.5295 -12.0378 -14 2.0378 -13.5295 -18.45 2.0378 -13.5295 -14
3 16 2.0378 -13.5295 -18.45 0 -14.0755 -18.45 2.0378 -13.5295 -14
3 16 2.0378 -13.5295 -14 0 -14.0755 -18.45 0 -14.0755 -14
3 16 0 -14.0755 -18.45 -2.0377 -13.5295 -18.45 0 -14.0755 -14
3 16 0 -14.0755 -14 -2.0377 -13.5295 -18.45 -2.0377 -13.5295 -14
3 16 -2.0377 -13.5295 -18.45 -3.5295 -12.0378 -18.45 -2.0377 -13.5295 -14
3 16 -2.0377 -13.5295 -14 -3.5295 -12.0378 -18.45 -3.5295 -12.0378 -14
3 16 -3.5295 -12.0378 -18.45 -4.0755 -10 -18.45 -3.5295 -12.0378 -14
3 16 -3.5295 -12.0378 -14 -4.0755 -10 -18.45 -4.0755 -10 -14
3 16 -4.0755 -10 -18.45 -3.5295 -7.9622 -18.45 -4.0755 -10 -14
3 16 -4.0755 -10 -14 -3.5295 -7.9622 -18.45 -3.5295 -7.9622 -14
3 16 -5.4144 -26.874 -14 -3.126 -24.5856 -14 -5.4144 -26.874 -18.45
3 16 -5.4144 -26.874 -18.45 -3.126 -24.5856 -14 -3.126 -24.5856 -18.45
3 16 -3.126 -24.5856 -14 0 -23.748 -14 -3.126 -24.5856 -18.45
3 16 -3.126 -24.5856 -18.45 0 -23.748 -14 0 -23.748 -18.45
3 16 0 -23.748 -14 3.126 -24.5856 -14 0 -23.748 -18.45
3 16 0 -23.748 -18.45 3.126 -24.5856 -14 3.126 -24.5856 -18.45
3 16 3.126 -24.5856 -14 5.4144 -26.874 -14 3.126 -24.5856 -18.45
3 16 3.126 -24.5856 -18.45 5.4144 -26.874 -14 5.4144 -26.874 -18.45
3 16 5.4144 -26.874 -14 6.252 -30 -14 5.4144 -26.874 -18.45
3 16 5.4144 -26.874 -18.45 6.252 -30 -14 6.252 -30 -18.45
3 16 6.252 -30 -14 5.4144 -33.126 -14 6.252 -30 -18.45
3 16 6.252 -30 -18.45 5.4144 -33.126 -14 5.4144 -33.126 -18.45
3 16 5.4144 -33.126 -14 3.126 -35.4144 -14 5.4144 -33.126 -18.45
3 16 5.4144 -33.126 -18.45 3.126 -35.4144 -14 3.126 -35.4144 -18.45
3 16 3.126 -35.4144 -14 0 -36.252 -14 3.126 -35.4144 -18.45
3 16 3.126 -35.4144 -18.45 0 -36.252 -14 0 -36.252 -18.45
3 16 0 -36.252 -14 -3.126 -35.4144 -14 0 -36.252 -18.45
3 16 0 -36.252 -18.45 -3.126 -35.4144 -14 -3.126 -35.4144 -18.45
3 16 -3.126 -35.4144 -14 -5.4144 -33.126 -14 -3.126 -35.4144 -18.45
3 16 -3.126 -35.4144 -18.45 -5.4144 -33.126 -14 -5.4144 -33.126 -18.45
3 16 -5.4144 -33.126 -14 -6.252 -30 -14 -5.4144 -33.126 -18.45
3 16 -5.4144 -33.126 -18.45 -6.252 -30 -14 -6.252 -30 -18.45
3 16 -6.252 -30 -14 -5.4144 -26.874 -14 -6.252 -30 -18.45
3 16 -6.252 -30 -18.45 -5.4144 -26.874 -14 -5.4144 -26.874 -18.45
3 16 -5.4144 -26.874 -18.45 -3.126 -24.5856 -18.45 -3.5295 -27.9623 -18.45
3 16 -3.5295 -27.9623 -18.45 -3.126 -24.5856 -18.45 -2.0377 -26.4705 -18.45
3 16 -3.126 -24.5856 -18.45 0 -23.748 -18.45 -2.0377 -26.4705 -18.45
3 16 -2.0377 -26.4705 -18.45 0 -23.748 -18.45 0 -25.9245 -18.45
3 16 0 -23.748 -18.45 3.126 -24.5856 -18.45 0 -25.9245 -18.45
3 16 0 -25.9245 -18.45 3.126 -24.5856 -18.45 2.0378 -26.4705 -18.45
3 16 3.126 -24.5856 -18.45 5.4144 -26.874 -18.45 2.0378 -26.4705 -18.45
3 16 2.0378 -26.4705 -18.45 5.4144 -26.874 -18.45 3.5295 -27.9623 -18.45
3 16 5.4144 -26.874 -18.45 6.252 -30 -18.45 3.5295 -27.9623 -18.45
3 16 3.5295 -27.9623 -18.45 6.252 -30 -18.45 4.0755 -30 -18.45
3 16 6.252 -30 -18.45 5.4144 -33.126 -18.45 4.0755 -30 -18.45
3 16 4.0755 -30 -18.45 5.4144 -33.126 -18.45 3.5295 -32.0378 -18.45
3 16 5.4144 -33.126 -18.45 3.126 -35.4144 -18.45 3.5295 -32.0378 -18.45
3 16 3.5295 -32.0378 -18.45 3.126 -35.4144 -18.45 2.0378 -33.5295 -18.45
3 16 3.126 -35.4144 -18.45 0 -36.252 -18.45 2.0378 -33.5295 -18.45
3 16 2.0378 -33.5295 -18.45 0 -36.252 -18.45 0 -34.0755 -18.45
3 16 0 -36.252 -18.45 -3.126 -35.4144 -18.45 0 -34.0755 -18.45
3 16 0 -34.0755 -18.45 -3.126 -35.4144 -18.45 -2.0377 -33.5295 -18.45
3 16 -3.126 -35.4144 -18.45 -5.4144 -33.126 -18.45 -2.0377 -33.5295 -18.45
3 16 -2.0377 -33.5295 -18.45 -5.4144 -33.126 -18.45 -3.5295 -32.0378 -18.45
3 16 -5.4144 -33.126 -18.45 -6.252 -30 -18.45 -3.5295 -32.0378 -18.45
3 16 -3.5295 -32.0378 -18.45 -6.252 -30 -18.45 -4.0755 -30 -18.45
3 16 -6.252 -30 -18.45 -5.4144 -26.874 -18.45 -4.0755 -30 -18.45
3 16 -4.0755 -30 -18.45 -5.4144 -26.874 -18.45 -3.5295 -27.9623 -18.45
3 16 -3.5295 -27.9623 -18.45 -2.0377 -26.4705 -18.45 -3.5295 -27.9623 -14
3 16 -3.5295 -27.9623 -14 -2.0377 -26.4705 -18.45 -2.0377 -26.4705 -14
3 16 -2.0377 -26.4705 -18.45 0 -25.9245 -18.45 -2.0377 -26.4705 -14
3 16 -2.0377 -26.4705 -14 0 -25.9245 -18.45 0 -25.9245 -14
3 16 0 -25.9245 -18.45 2.0378 -26.4705 -18.45 0 -25.9245 -14
3 16 0 -25.9245 -14 2.0378 -26.4705 -18.45 2.0378 -26.4705 -14
3 16 2.0378 -26.4705 -18.45 3.5295 -27.9623 -18.45 2.0378 -26.4705 -14
3 16 2.0378 -26.4705 -14 3.5295 -27.9623 -18.45 3.5295 -27.9623 -14
3 16 3.5295 -27.9623 -18.45 4.0755 -30 -18.45 3.5295 -27.9623 -14
3 16 3.5295 -27.9623 -14 4.0755 -30 -18.45 4.0755 -30 -14
3 16 4.0755 -30 -18.45 3.5295 -32.0378 -18.45 4.0755 -30 -14
3 16 4.0755 -30 -14 3.5295 -32.0378 -18.45 3.5295 -32.0378 -14
3 16 3.5295 -32.0378 -18.45 2.0378 -33.5295 -18.45 3.5295 -32.0378 -14
3 16 3.5295 -32.0378 -14 2.0378 -33.5295 -18.45 2.0378 -33.5295 -14
3 16 2.0378 -33.5295 -18.45 0 -34.0755 -18.45 2.0378 -33.5295 -14
3 16 2.0378 -33.5295 -14 0 -34.0755 -18.45 0 -34.0755 -14
3 16 0 -34.0755 -18.45 -2.0377 -33.5295 -18.45 0 -34.0755 -14
3 16 0 -34.0755 -14 -2.0377 -33.5295 -18.45 -2.0377 -33.5295 -14
3 16 -2.0377 -33.5295 -18.45 -3.5295 -32.0378 -18.45 -2.0377 -33.5295 -14
3 16 -2.0377 -33.5295 -14 -3.5295 -32.0378 -18.45 -3.5295 -32.0378 -14
3 16 -3.5295 -32.0378 -18.45 -4.0755 -30 -18.45 -3.5295 -32.0378 -14
3 16 -3.5295 -32.0378 -14 -4.0755 -30 -18.45 -4.0755 -30 -14
3 16 -4.0755 -30 -18.45 -3.5295 -27.9623 -18.45 -4.0755 -30 -14
3 16 -4.0755 -30 -14 -3.5295 -27.9623 -18.45 -3.5295 -27.9623 -14
3 16 0 -12.45 0 -5.4144 -12.45 -3.126 -3.126 -12.45 -5.4144
3 16 -3.126 -12.45 -5.4144 0 -12.45 -6.252 0 -12.45 0
3 16 0 -12.45 -6.252 3.126 -12.45 -5.4144 0 -12.45 0
3 16 3.126 -12.45 -5.4144 5.4144 -12.45 -3.126 0 -12.45 0
3 16 5.4144 -12.45 -3.126 6.252 -12.45 0 0 -12.45 0
3 16 6.252 -12.45 0 5.4144 -12.45 3.126 0 -12.45 0
3 16 5.4144 -12.45 3.126 3.126 -12.45 5.4144 0 -12.45 0
3 16 3.126 -12.45 5.4144 0 -12.45 6.252 0 -12.45 0
3 16 0 -12.45 6.252 -3.126 -12.45 5.4144 0 -12.45 0
3 16 -3.126 -12.45 5.4144 -5.4144 -12.45 3.126 0 -12.45 0
3 16 -5.4144 -12.45 3.126 -6.252 -12.45 0 0 -12.45 0
3 16 -6.252 -12.45 0 -5.4144 -12.45 -3.126 0 -12.45 0
3 16 -5.4144 -8 -3.126 -3.126 -8 -5.4144 -5.4144 -12.45 -3.126
3 16 -5.4144 -12.45 -3.126 -3.126 -8 -5.4144 -3.126 -12.45 -5.4144
3 16 -3.126 -8 -5.4144 0 -8 -6.252 -3.126 -12.45 -5.4144
3 16 -3.126 -12.45 -5.4144 0 -8 -6.252 0 -12.45 -6.252
3 16 0 -8 -6.252 3.126 -8 -5.4144 0 -12.45 -6.252
3 16 0 -12.45 -6.252 3.126 -8 -5.4144 3.126 -12.45 -5.4144
3 16 3.126 -8 -5.4144 5.4144 -8 -3.126 3.126 -12.45 -5.4144
3 16 3.126 -12.45 -5.4144 5.4144 -8 -3.126 5.4144 -12.45 -3.126
3 16 5.4144 -8 -3.126 6.252 -8 0 5.4144 -12.45 -3.126
3 16 5.4144 -12.45 -3.126 6.252 -8 0 6.252 -12.45 0
3 16 6.252 -8 0 5.4144 -8 3.126 6.252 -12.45 0
3 16 6.252 -12.45 0 5.4144 -8 3.126 5.4144 -12.45 3.126
3 16 5.4144 -8 3.126 3.126 -8 5.4144 5.4144 -12.45 3.126
3 16 5.4144 -12.45 3.126 3.126 -8 5.4144 3.126 -12.45 5.4144
3 16 3.126 -8 5.4144 0 -8 6.252 3.126 -12.45 5.4144
3 16 3.126 -12.45 5.4144 0 -8 6.252 0 -12.45 6.252
3 16 0 -8 6.252 -3.126 -8 5.4144 0 -12.45 6.252
3 16 0 -12.45 6.252 -3.126 -8 5.4144 -3.126 -12.45 5.4144
3 16 -3.126 -8 5.4144 -5.4144 -8 3.126 -3.126 -12.45 5.4144
3 16 -3.126 -12.45 5.4144 -5.4144 -8 3.126 -5.4144 -12.45 3.126
3 16 -5.4144 -8 3.126 -6.252 -8 0 -5.4144 -12.45 3.126
3 16 -5.4144 -12.45 3.126 -6.252 -8 0 -6.252 -12.45 0
3 16 -6.252 -8 0 -5.4144 -8 -3.126 -6.252 -12.45 0
3 16 -6.252 -12.45 0 -5.4144 -8 -3.126 -5.4144 -12.45 -3.126
2 24 30 0 10 -10 0 10
2 24 30 0 10 30 -8 10
2 24 -10 0 10 -10 -8 10
2 24 30 -8 10 -10 -8 10
2 24 -10 0 -10 -10 -7.995 -10
2 24 -10 0 -10 -10 0 10
2 24 -10 -7.995 -10 -10 -8 10
2 24 -10 0 10 -10 -8 10
2 24 -27.5003 -40 -10 10 -40 -10
2 24 -27.5003 -40 -14 10 -40 -14
2 24 -30 -2.4998 -10 -30 -37.5003 -10
2 24 -30 -2.4998 -14 -30 -37.5003 -14
2 24 -10 -7.995 -10 30 -7.995 -10
2 24 -10 -7.995 -10 -10 -8 10
2 24 30 -7.995 -10 30 -8 10
2 24 -10 -8 10 30 -8 10
2 24 30 0 -10 30 0 10
2 24 30 0 -10 30 -7.995 -10
2 24 30 0 10 30 -8 10
2 24 30 -7.995 -10 30 -8 10
2 24 10 -40 -14 47.5003 -40 -14
2 24 10 -40 -10 47.5003 -40 -10
2 24 50 -2.4998 -10 50 -37.5003 -10
2 24 50 -2.4998 -14 50 -37.5003 -14
2 24 10 0 -14 47.5003 0 -14
2 24 10 0 -10 30 0 -10
2 24 30 0 -10 47.5003 0 -10
2 24 -30 -37.5003 -14 -29.8097 -38.4569 -14
2 24 -30 -37.5003 -10 -29.8097 -38.4569 -10
2 24 -29.8097 -38.4569 -14 -29.2678 -39.2678 -14
2 24 -29.8097 -38.4569 -10 -29.2678 -39.2678 -10
2 24 -29.2678 -39.2678 -14 -28.4569 -39.8097 -14
2 24 -29.2678 -39.2678 -10 -28.4569 -39.8097 -10
2 24 -27.5003 -40 -14 -28.4569 -39.8097 -14
2 24 -27.5003 -40 -10 -28.4569 -39.8097 -10
2 24 -27.5003 0 -14 -28.4569 -0.1903 -14
2 24 -27.5003 0 -10 -28.4569 -0.1903 -10
2 24 -28.4569 -0.1903 -14 -29.2678 -0.7322 -14
2 24 -28.4569 -0.1903 -10 -29.2678 -0.7322 -10
2 24 -29.2678 -0.7322 -14 -29.8097 -1.5431 -14
2 24 -29.2678 -0.7322 -10 -29.8097 -1.5431 -10
2 24 -30 -2.4998 -14 -29.8097 -1.5431 -14
2 24 -30 -2.4998 -10 -29.8097 -1.5431 -10
2 24 47.5003 -40 -14 48.4569 -39.8097 -14
2 24 47.5003 -40 -10 48.4569 -39.8097 -10
2 24 48.4569 -39.8097 -14 49.2678 -39.2678 -14
2 24 48.4569 -39.8097 -10 49.2678 -39.2678 -10
2 24 49.2678 -39.2678 -14 49.8097 -38.4569 -14
2 24 49.2678 -39.2678 -10 49.8097 -38.4569 -10
2 24 50 -37.5003 -14 49.8097 -38.4569 -14
2 24 50 -37.5003 -10 49.8097 -38.4569 -10
2 24 50 -2.4998 -14 49.8097 -1.5431 -14
2 24 50 -2.4998 -10 49.8097 -1.5431 -10
2 24 49.8097 -1.5431 -14 49.2678 -0.7322 -14
2 24 49.8097 -1.5431 -10 49.2678 -0.7322 -10
2 24 49.2678 -0.7322 -14 48.4569 -0.1903 -14
2 24 49.2678 -0.7322 -10 48.4569 -0.1903 -10
2 24 47.5003 0 -14 48.4569 -0.1903 -14
2 24 47.5003 0 -10 48.4569 -0.1903 -10
2 24 -29.2678 -39.2678 -10 -29.8097 -38.4569 -10
2 24 -29.8097 -38.4569 -10 -30 -37.5003 -10
2 24 -29.2678 -0.7322 -10 -28.4569 -0.1903 -10
2 24 -28.4569 -0.1903 -10 -27.5003 0 -10
2 24 10 -40 -10 47.5003 -40 -10
2 24 -10 -7.995 -10 -10 0 -10
2 24 -27.5003 0 -10 -10 0 -10
2 24 50 -2.4998 -10 49.8097 -1.5431 -10
2 24 49.8097 -1.5431 -10 49.2678 -0.7322 -10
2 24 30 -7.995 -10 30 0 -10
2 24 30 0 -10 47.5003 0 -10
2 24 49.2678 -0.7322 -10 48.4569 -0.1903 -10
2 24 47.5003 0 -10 48.4569 -0.1903 -10
2 24 -10 -7.995 -10 30 -7.995 -10
2 24 -29.2678 -39.2678 -10 -28.4569 -39.8097 -10
2 24 -28.4569 -39.8097 -10 -27.5003 -40 -10
2 24 49.2678 -39.2678 -10 49.8097 -38.4569 -10
2 24 49.8097 -38.4569 -10 50 -37.5003 -10
2 24 -30 -2.4998 -10 -29.8097 -1.5431 -10
2 24 -29.2678 -0.7322 -10 -29.8097 -1.5431 -10
2 24 -27.5003 0 -14 10 0 -14
2 24 10 0 -14 47.5003 0 -14
2 24 49.2678 -0.7322 -14 48.4569 -0.1903 -14
2 24 47.5003 0 -14 48.4569 -0.1903 -14
2 24 50 -2.4998 -14 50 -37.5003 -14
2 24 49.2678 -39.2678 -14 49.8097 -38.4569 -14
2 24 50 -37.5003 -14 49.8097 -38.4569 -14
2 24 10 -40 -14 47.5003 -40 -14
2 24 10 -40 -14 -27.5003 -40 -14
2 24 -29.2678 -39.2678 -14 -28.4569 -39.8097 -14
2 24 -27.5003 -40 -14 -28.4569 -39.8097 -14
2 24 -30 -37.5003 -14 -30 -2.4998 -14
2 24 -29.2678 -0.7322 -14 -29.8097 -1.5431 -14
2 24 -30 -2.4998 -14 -29.8097 -1.5431 -14
2 24 -29.2678 -0.7322 -14 -28.4569 -0.1903 -14
2 24 -27.5003 0 -14 -28.4569 -0.1903 -14
2 24 -29.2678 -39.2678 -14 -29.8097 -38.4569 -14
2 24 -30 -37.5003 -14 -29.8097 -38.4569 -14
2 24 49.2678 -39.2678 -14 48.4569 -39.8097 -14
2 24 47.5003 -40 -14 48.4569 -39.8097 -14
2 24 49.2678 -0.7322 -14 49.8097 -1.5431 -14
2 24 50 -2.4998 -14 49.8097 -1.5431 -14
2 24 10 0 -14 -27.5003 0 -14
2 24 10 0 -10 -10 0 -10
2 24 -27.5003 0 -10 -10 0 -10
2 24 10 -40 -10 -27.5003 -40 -10
2 24 -30 -37.5003 -10 -30 -2.4998 -10
2 24 49.2678 -39.2678 -10 48.4569 -39.8097 -10
2 24 47.5003 -40 -10 48.4569 -39.8097 -10
2 24 50 -2.4998 -10 50 -37.5003 -10
2 24 10 -5.25 3.9382 11.9691 -5.25 3.4106
2 24 10 0 3.9382 11.9691 0 3.4106
2 24 10 -5.25 3.9382 8.0309 -5.25 3.4106
2 24 10 0 3.9382 8.0309 0 3.4106
2 24 8.0309 -5.25 3.4106 6.5894 -5.25 1.9691
2 24 8.0309 0 3.4106 6.5894 0 1.9691
2 24 6.5894 -5.25 1.9691 6.0618 -5.25 0
2 24 6.5894 0 1.9691 6.0618 0 0
2 24 6.0618 -5.25 0 6.5894 -5.25 -1.9691
2 24 6.0618 0 0 6.5894 0 -1.9691
2 24 6.5894 -5.25 -1.9691 8.0309 -5.25 -3.4106
2 24 6.5894 0 -1.9691 8.0309 0 -3.4106
2 24 8.0309 -5.25 -3.4106 10 -5.25 -3.9382
2 24 8.0309 0 -3.4106 10 0 -3.9382
2 24 10 -5.25 -3.9382 11.9691 -5.25 -3.4106
2 24 10 0 -3.9382 11.9691 0 -3.4106
2 24 11.9691 -5.25 -3.4106 13.4106 -5.25 -1.9691
2 24 11.9691 0 -3.4106 13.4106 0 -1.9691
2 24 13.4106 -5.25 -1.9691 13.9382 -5.25 0
2 24 13.4106 0 -1.9691 13.9382 0 0
2 24 13.9382 -5.25 0 13.4106 -5.25 1.9691
2 24 13.9382 0 0 13.4106 0 1.9691
2 24 11.9691 0 3.4106 13.4106 0 1.9691
2 24 11.9691 -5.25 3.4106 13.4106 -5.25 1.9691
2 24 11.9691 0 3.4106 10 0 3.9382
2 24 11.9691 0 3.4106 13.4106 0 1.9691
2 24 13.4106 0 1.9691 13.9382 0 0
2 24 13.9382 0 0 13.4106 0 -1.9691
2 24 13.4106 0 -1.9691 11.9691 0 -3.4106
2 24 11.9691 0 -3.4106 10 0 -3.9382
2 24 10 0 -3.9382 8.0309 0 -3.4106
2 24 8.0309 0 -3.4106 6.5894 0 -1.9691
2 24 6.5894 0 -1.9691 6.0618 0 0
2 24 6.0618 0 0 6.5894 0 1.9691
2 24 6.5894 0 1.9691 8.0309 0 3.4106
2 24 10 0 3.9382 8.0309 0 3.4106
2 24 -1.4875 -5.25 -6.25 -1.4875 -5.25 -10
2 24 -6.25 -5.25 -10 -1.4875 -5.25 -10
2 24 -10 0 10 10 0 10
2 24 -6.25 0 6.25 10 0 6.25
2 24 -10 0 -10 -6.25 0 -10
2 24 -6.25 0 6.25 -6.25 0 -10
2 24 -10 0 -10 -10 0 10
2 24 -6.25 -5.25 6.25 -6.25 0 6.25
2 24 -6.25 -5.25 6.25 10 -5.25 6.25
2 24 -6.25 0 6.25 10 0 6.25
2 24 -6.25 -5.25 -10 -6.25 0 -10
2 24 -6.25 -5.25 -10 -6.25 -5.25 6.25
2 24 -6.25 0 -10 -6.25 0 6.25
2 24 -6.25 -5.25 6.25 -6.25 0 6.25
2 24 -6.25 0 -10 -6.25 -5.25 -10
2 24 -6.25 0 -10 -1.4875 0 -10
2 24 -6.25 -5.25 -10 -1.4875 -5.25 -10
2 24 -1.4875 0 -10 -1.4875 -5.25 -10
2 24 8.5043 0 -6.25 8.5043 -5.25 -6.25
2 24 8.5043 0 -6.25 11.4957 0 -6.25
2 24 8.5043 -5.25 -6.25 11.4957 -5.25 -6.25
2 24 11.4957 0 -6.25 11.4957 -5.25 -6.25
2 24 1.5125 0 -10 1.5125 -5.25 -10
2 24 1.5125 0 -10 8.5043 0 -10
2 24 1.5125 -5.25 -10 8.5043 -5.25 -10
2 24 8.5043 0 -10 8.5043 -5.25 -10
2 24 1.5125 -5.25 -6.25 1.5125 -5.25 -10
2 24 8.5043 -5.25 -6.25 8.5043 -5.25 -10
2 24 1.5125 -5.25 -10 8.5043 -5.25 -10
2 24 1.5125 0 -6.25 -1.4875 0 -6.25
2 24 1.5125 0 -6.25 1.5125 -5.25 -6.25
2 24 -1.4875 0 -6.25 -1.4875 -5.25 -6.25
2 24 1.5125 -5.25 -6.25 -1.4875 -5.25 -6.25
2 24 8.5043 0 -10 8.5043 -5.25 -10
2 24 8.5043 0 -10 8.5043 0 -6.25
2 24 8.5043 -5.25 -10 8.5043 -5.25 -6.25
2 24 8.5043 0 -6.25 8.5043 -5.25 -6.25
2 24 1.5125 -5.25 -10 1.5125 0 -10
2 24 1.5125 -5.25 -10 1.5125 -5.25 -6.25
2 24 1.5125 0 -10 1.5125 0 -6.25
2 24 1.5125 -5.25 -6.25 1.5125 0 -6.25
2 24 1.5125 0 -6.25 1.5125 0 -10
2 24 1.5125 0 -6.25 -1.4875 0 -6.25
2 24 1.5125 0 -10 -1.4875 0 -10
2 24 -1.4875 0 -6.25 -1.4875 0 -10
2 24 -1.4875 0 -10 -1.4875 -5.25 -10
2 24 -1.4875 0 -10 -1.4875 0 -6.25
2 24 -1.4875 -5.25 -10 -1.4875 -5.25 -6.25
2 24 -1.4875 0 -6.25 -1.4875 -5.25 -6.25
2 24 26.25 -5.25 -10 21.4875 -5.25 -10
2 24 21.4875 -5.25 -6.25 21.4875 -5.25 -10
2 24 10 0 6.25 26.25 0 6.25
2 24 10 0 10 30 0 10
2 24 26.25 0 6.25 26.25 0 -10
2 24 30 0 -10 26.25 0 -10
2 24 30 0 -10 30 0 10
2 24 10 -5.25 6.25 26.25 -5.25 6.25
2 24 26.25 -5.25 6.25 26.25 0 6.25
2 24 10 0 6.25 26.25 0 6.25
2 24 26.25 -5.25 -10 26.25 -5.25 6.25
2 24 26.25 -5.25 -10 26.25 0 -10
2 24 26.25 -5.25 6.25 26.25 0 6.25
2 24 26.25 0 -10 26.25 0 6.25
2 24 26.25 0 -10 21.4875 0 -10
2 24 26.25 0 -10 26.25 -5.25 -10
2 24 21.4875 0 -10 21.4875 -5.25 -10
2 24 26.25 -5.25 -10 21.4875 -5.25 -10
2 24 18.4875 0 -6.25 18.4875 -5.25 -6.25
2 24 18.4875 0 -6.25 21.4875 0 -6.25
2 24 18.4875 -5.25 -6.25 21.4875 -5.25 -6.25
2 24 21.4875 0 -6.25 21.4875 -5.25 -6.25
2 24 18.4875 0 -10 11.4957 0 -10
2 24 18.4875 0 -10 18.4875 -5.25 -10
2 24 11.4957 0 -10 11.4957 -5.25 -10
2 24 18.4875 -5.25 -10 11.4957 -5.25 -10
2 24 11.4957 -5.25 -6.25 11.4957 -5.25 -10
2 24 18.4875 -5.25 -6.25 18.4875 -5.25 -10
2 24 11.4957 -5.25 -10 18.4875 -5.25 -10
2 24 11.4957 0 -10 11.4957 0 -6.25
2 24 11.4957 0 -10 11.4957 -5.25 -10
2 24 11.4957 0 -6.25 11.4957 -5.25 -6.25
2 24 11.4957 -5.25 -10 11.4957 -5.25 -6.25
2 24 8.5043 0 -6.25 11.4957 0 -6.25
2 24 8.5043 0 -6.25 8.5043 0 -10
2 24 11.4957 0 -6.25 11.4957 0 -10
2 24 8.5043 0 -10 11.4957 0 -10
2 24 18.4875 -5.25 -10 18.4875 -5.25 -6.25
2 24 18.4875 -5.25 -10 18.4875 0 -10
2 24 18.4875 -5.25 -6.25 18.4875 0 -6.25
2 24 18.4875 0 -10 18.4875 0 -6.25
2 24 21.4875 0 -10 21.4875 0 -6.25
2 24 21.4875 0 -10 21.4875 -5.25 -10
2 24 21.4875 0 -6.25 21.4875 -5.25 -6.25
2 24 21.4875 -5.25 -10 21.4875 -5.25 -6.25
2 24 18.4875 0 -6.25 21.4875 0 -6.25
2 24 18.4875 0 -6.25 18.4875 0 -10
2 24 21.4875 0 -6.25 21.4875 0 -10
2 24 18.4875 0 -10 21.4875 0 -10
2 24 10 -5.25 6.25 -6.25 -5.25 6.25
2 24 -6.25 -5.25 -10 -6.25 -5.25 6.25
2 24 10 -5.25 6.25 26.25 -5.25 6.25
2 24 26.25 -5.25 -10 26.25 -5.25 6.25
2 24 -1.4875 -5.25 -6.25 1.5125 -5.25 -6.25
2 24 8.5043 -5.25 -6.25 11.4957 -5.25 -6.25
2 24 21.4875 -5.25 -6.25 18.4875 -5.25 -6.25
2 24 14.5856 -6.874 -14 16.874 -4.5856 -14
2 24 14.5856 -6.874 -18.45 16.874 -4.5856 -18.45
2 24 16.874 -4.5856 -14 20 -3.748 -14
2 24 16.874 -4.5856 -18.45 20 -3.748 -18.45
2 24 20 -3.748 -14 23.126 -4.5856 -14
2 24 20 -3.748 -18.45 23.126 -4.5856 -18.45
2 24 23.126 -4.5856 -14 25.4144 -6.874 -14
2 24 23.126 -4.5856 -18.45 25.4144 -6.874 -18.45
2 24 25.4144 -6.874 -14 26.252 -10 -14
2 24 25.4144 -6.874 -18.45 26.252 -10 -18.45
2 24 26.252 -10 -14 25.4144 -13.126 -14
2 24 26.252 -10 -18.45 25.4144 -13.126 -18.45
2 24 25.4144 -13.126 -14 23.126 -15.4144 -14
2 24 25.4144 -13.126 -18.45 23.126 -15.4144 -18.45
2 24 23.126 -15.4144 -14 20 -16.252 -14
2 24 23.126 -15.4144 -18.45 20 -16.252 -18.45
2 24 20 -16.252 -14 16.874 -15.4144 -14
2 24 20 -16.252 -18.45 16.874 -15.4144 -18.45
2 24 16.874 -15.4144 -14 14.5856 -13.126 -14
2 24 16.874 -15.4144 -18.45 14.5856 -13.126 -18.45
2 24 14.5856 -13.126 -14 13.748 -10 -14
2 24 14.5856 -13.126 -18.45 13.748 -10 -18.45
2 24 14.5856 -6.874 -14 13.748 -10 -14
2 24 14.5856 -6.874 -18.45 13.748 -10 -18.45
2 24 14.5856 -6.874 -18.45 16.874 -4.5856 -18.45
2 24 16.4705 -7.9622 -18.45 17.9623 -6.4705 -18.45
2 24 16.874 -4.5856 -18.45 20 -3.748 -18.45
2 24 17.9623 -6.4705 -18.45 20 -5.9245 -18.45
2 24 20 -3.748 -18.45 23.126 -4.5856 -18.45
2 24 20 -5.9245 -18.45 22.0378 -6.4705 -18.45
2 24 23.126 -4.5856 -18.45 25.4144 -6.874 -18.45
2 24 22.0378 -6.4705 -18.45 23.5295 -7.9622 -18.45
2 24 25.4144 -6.874 -18.45 26.252 -10 -18.45
2 24 23.5295 -7.9622 -18.45 24.0755 -10 -18.45
2 24 26.252 -10 -18.45 25.4144 -13.126 -18.45
2 24 24.0755 -10 -18.45 23.5295 -12.0378 -18.45
2 24 25.4144 -13.126 -18.45 23.126 -15.4144 -18.45
2 24 23.5295 -12.0378 -18.45 22.0378 -13.5295 -18.45
2 24 23.126 -15.4144 -18.45 20 -16.252 -18.45
2 24 22.0378 -13.5295 -18.45 20 -14.0755 -18.45
2 24 20 -16.252 -18.45 16.874 -15.4144 -18.45
2 24 20 -14.0755 -18.45 17.9623 -13.5295 -18.45
2 24 16.874 -15.4144 -18.45 14.5856 -13.126 -18.45
2 24 17.9623 -13.5295 -18.45 16.4705 -12.0378 -18.45
2 24 14.5856 -13.126 -18.45 13.748 -10 -18.45
2 24 16.4705 -12.0378 -18.45 15.9245 -10 -18.45
2 24 14.5856 -6.874 -18.45 13.748 -10 -18.45
2 24 16.4705 -7.9622 -18.45 15.9245 -10 -18.45
2 24 16.4705 -7.9622 -18.45 17.9623 -6.4705 -18.45
2 24 16.4705 -7.9622 -14 17.9623 -6.4705 -14
2 24 17.9623 -6.4705 -18.45 20 -5.9245 -18.45
2 24 17.9623 -6.4705 -14 20 -5.9245 -14
2 24 20 -5.9245 -18.45 22.0378 -6.4705 -18.45
2 24 20 -5.9245 -14 22.0378 -6.4705 -14
2 24 22.0378 -6.4705 -18.45 23.5295 -7.9622 -18.45
2 24 22.0378 -6.4705 -14 23.5295 -7.9622 -14
2 24 23.5295 -7.9622 -18.45 24.0755 -10 -18.45
2 24 23.5295 -7.9622 -14 24.0755 -10 -14
2 24 24.0755 -10 -18.45 23.5295 -12.0378 -18.45
2 24 24.0755 -10 -14 23.5295 -12.0378 -14
2 24 23.5295 -12.0378 -18.45 22.0378 -13.5295 -18.45
2 24 23.5295 -12.0378 -14 22.0378 -13.5295 -14
2 24 22.0378 -13.5295 -18.45 20 -14.0755 -18.45
2 24 22.0378 -13.5295 -14 20 -14.0755 -14
2 24 20 -14.0755 -18.45 17.9623 -13.5295 -18.45
2 24 20 -14.0755 -14 17.9623 -13.5295 -14
2 24 17.9623 -13.5295 -18.45 16.4705 -12.0378 -18.45
2 24 17.9623 -13.5295 -14 16.4705 -12.0378 -14
2 24 16.4705 -12.0378 -18.45 15.9245 -10 -18.45
2 24 16.4705 -12.0378 -14 15.9245 -10 -14
2 24 16.4705 -7.9622 -18.45 15.9245 -10 -18.45
2 24 16.4705 -7.9622 -14 15.9245 -10 -14
2 24 14.5856 -12.45 -3.126 16.874 -12.45 -5.4144
2 24 16.874 -12.45 -5.4144 20 -12.45 -6.252
2 24 20 -12.45 -6.252 23.126 -12.45 -5.4144
2 24 23.126 -12.45 -5.4144 25.4144 -12.45 -3.126
2 24 25.4144 -12.45 -3.126 26.252 -12.45 0
2 24 26.252 -12.45 0 25.4144 -12.45 3.126
2 24 25.4144 -12.45 3.126 23.126 -12.45 5.4144
2 24 23.126 -12.45 5.4144 20 -12.45 6.252
2 24 20 -12.45 6.252 16.874 -12.45 5.4144
2 24 16.874 -12.45 5.4144 14.5856 -12.45 3.126
2 24 14.5856 -12.45 3.126 13.748 -12.45 0
2 24 14.5856 -12.45 -3.126 13.748 -12.45 0
2 24 14.5856 -8 -3.126 16.874 -8 -5.4144
2 24 14.5856 -12.45 -3.126 16.874 -12.45 -5.4144
2 24 16.874 -8 -5.4144 20 -8 -6.252
2 24 16.874 -12.45 -5.4144 20 -12.45 -6.252
2 24 20 -8 -6.252 23.126 -8 -5.4144
2 24 20 -12.45 -6.252 23.126 -12.45 -5.4144
2 24 23.126 -8 -5.4144 25.4144 -8 -3.126
2 24 23.126 -12.45 -5.4144 25.4144 -12.45 -3.126
2 24 25.4144 -8 -3.126 26.252 -8 0
2 24 25.4144 -12.45 -3.126 26.252 -12.45 0
2 24 26.252 -8 0 25.4144 -8 3.126
2 24 26.252 -12.45 0 25.4144 -12.45 3.126
2 24 25.4144 -8 3.126 23.126 -8 5.4144
2 24 25.4144 -12.45 3.126 23.126 -12.45 5.4144
2 24 23.126 -8 5.4144 20 -8 6.252
2 24 23.126 -12.45 5.4144 20 -12.45 6.252
2 24 20 -8 6.252 16.874 -8 5.4144
2 24 20 -12.45 6.252 16.874 -12.45 5.4144
2 24 16.874 -8 5.4144 14.5856 -8 3.126
2 24 16.874 -12.45 5.4144 14.5856 -12.45 3.126
2 24 14.5856 -8 3.126 13.748 -8 0
2 24 14.5856 -12.45 3.126 13.748 -12.45 0
2 24 14.5856 -8 -3.126 13.748 -8 0
2 24 14.5856 -12.45 -3.126 13.748 -12.45 0
2 24 -25.4144 -26.874 -14 -23.126 -24.5856 -14
2 24 -25.4144 -26.874 -18.45 -23.126 -24.5856 -18.45
2 24 -23.126 -24.5856 -14 -20 -23.748 -14
2 24 -23.126 -24.5856 -18.45 -20 -23.748 -18.45
2 24 -20 -23.748 -14 -16.874 -24.5856 -14
2 24 -20 -23.748 -18.45 -16.874 -24.5856 -18.45
2 24 -16.874 -24.5856 -14 -14.5856 -26.874 -14
2 24 -16.874 -24.5856 -18.45 -14.5856 -26.874 -18.45
2 24 -14.5856 -26.874 -14 -13.748 -30 -14
2 24 -14.5856 -26.874 -18.45 -13.748 -30 -18.45
2 24 -13.748 -30 -14 -14.5856 -33.126 -14
2 24 -13.748 -30 -18.45 -14.5856 -33.126 -18.45
2 24 -14.5856 -33.126 -14 -16.874 -35.4144 -14
2 24 -14.5856 -33.126 -18.45 -16.874 -35.4144 -18.45
2 24 -16.874 -35.4144 -14 -20 -36.252 -14
2 24 -16.874 -35.4144 -18.45 -20 -36.252 -18.45
2 24 -20 -36.252 -14 -23.126 -35.4144 -14
2 24 -20 -36.252 -18.45 -23.126 -35.4144 -18.45
2 24 -23.126 -35.4144 -14 -25.4144 -33.126 -14
2 24 -23.126 -35.4144 -18.45 -25.4144 -33.126 -18.45
2 24 -25.4144 -33.126 -14 -26.252 -30 -14
2 24 -25.4144 -33.126 -18.45 -26.252 -30 -18.45
2 24 -25.4144 -26.874 -14 -26.252 -30 -14
2 24 -25.4144 -26.874 -18.45 -26.252 -30 -18.45
2 24 -25.4144 -26.874 -18.45 -23.126 -24.5856 -18.45
2 24 -23.5295 -27.9623 -18.45 -22.0377 -26.4705 -18.45
2 24 -23.126 -24.5856 -18.45 -20 -23.748 -18.45
2 24 -22.0377 -26.4705 -18.45 -20 -25.9245 -18.45
2 24 -20 -23.748 -18.45 -16.874 -24.5856 -18.45
2 24 -20 -25.9245 -18.45 -17.9623 -26.4705 -18.45
2 24 -16.874 -24.5856 -18.45 -14.5856 -26.874 -18.45
2 24 -17.9623 -26.4705 -18.45 -16.4705 -27.9623 -18.45
2 24 -14.5856 -26.874 -18.45 -13.748 -30 -18.45
2 24 -16.4705 -27.9623 -18.45 -15.9245 -30 -18.45
2 24 -13.748 -30 -18.45 -14.5856 -33.126 -18.45
2 24 -15.9245 -30 -18.45 -16.4705 -32.0378 -18.45
2 24 -14.5856 -33.126 -18.45 -16.874 -35.4144 -18.45
2 24 -16.4705 -32.0378 -18.45 -17.9623 -33.5295 -18.45
2 24 -16.874 -35.4144 -18.45 -20 -36.252 -18.45
2 24 -17.9623 -33.5295 -18.45 -20 -34.0755 -18.45
2 24 -20 -36.252 -18.45 -23.126 -35.4144 -18.45
2 24 -20 -34.0755 -18.45 -22.0377 -33.5295 -18.45
2 24 -23.126 -35.4144 -18.45 -25.4144 -33.126 -18.45
2 24 -22.0377 -33.5295 -18.45 -23.5295 -32.0378 -18.45
2 24 -25.4144 -33.126 -18.45 -26.252 -30 -18.45
2 24 -23.5295 -32.0378 -18.45 -24.0755 -30 -18.45
2 24 -25.4144 -26.874 -18.45 -26.252 -30 -18.45
2 24 -23.5295 -27.9623 -18.45 -24.0755 -30 -18.45
2 24 -23.5295 -27.9623 -18.45 -22.0377 -26.4705 -18.45
2 24 -23.5295 -27.9623 -14 -22.0377 -26.4705 -14
2 24 -22.0377 -26.4705 -18.45 -20 -25.9245 -18.45
2 24 -22.0377 -26.4705 -14 -20 -25.9245 -14
2 24 -20 -25.9245 -18.45 -17.9623 -26.4705 -18.45
2 24 -20 -25.9245 -14 -17.9623 -26.4705 -14
2 24 -17.9623 -26.4705 -18.45 -16.4705 -27.9623 -18.45
2 24 -17.9623 -26.4705 -14 -16.4705 -27.9623 -14
2 24 -16.4705 -27.9623 -18.45 -15.9245 -30 -18.45
2 24 -16.4705 -27.9623 -14 -15.9245 -30 -14
2 24 -15.9245 -30 -18.45 -16.4705 -32.0378 -18.45
2 24 -15.9245 -30 -14 -16.4705 -32.0378 -14
2 24 -16.4705 -32.0378 -18.45 -17.9623 -33.5295 -18.45
2 24 -16.4705 -32.0378 -14 -17.9623 -33.5295 -14
2 24 -17.9623 -33.5295 -18.45 -20 -34.0755 -18.45
2 24 -17.9623 -33.5295 -14 -20 -34.0755 -14
2 24 -20 -34.0755 -18.45 -22.0377 -33.5295 -18.45
2 24 -20 -34.0755 -14 -22.0377 -33.5295 -14
2 24 -22.0377 -33.5295 -18.45 -23.5295 -32.0378 -18.45
2 24 -22.0377 -33.5295 -14 -23.5295 -32.0378 -14
2 24 -23.5295 -32.0378 -18.45 -24.0755 -30 -18.45
2 24 -23.5295 -32.0378 -14 -24.0755 -30 -14
2 24 -23.5295 -27.9623 -18.45 -24.0755 -30 -18.45
2 24 -23.5295 -27.9623 -14 -24.0755 -30 -14
2 24 -25.4144 -6.874 -14 -23.126 -4.5856 -14
2 24 -25.4144 -6.874 -18.45 -23.126 -4.5856 -18.45
2 24 -23.126 -4.5856 -14 -20 -3.748 -14
2 24 -23.126 -4.5856 -18.45 -20 -3.748 -18.45
2 24 -20 -3.748 -14 -16.874 -4.5856 -14
2 24 -20 -3.748 -18.45 -16.874 -4.5856 -18.45
2 24 -16.874 -4.5856 -14 -14.5856 -6.874 -14
2 24 -16.874 -4.5856 -18.45 -14.5856 -6.874 -18.45
2 24 -14.5856 -6.874 -14 -13.748 -10 -14
2 24 -14.5856 -6.874 -18.45 -13.748 -10 -18.45
2 24 -13.748 -10 -14 -14.5856 -13.126 -14
2 24 -13.748 -10 -18.45 -14.5856 -13.126 -18.45
2 24 -14.5856 -13.126 -14 -16.874 -15.4144 -14
2 24 -14.5856 -13.126 -18.45 -16.874 -15.4144 -18.45
2 24 -16.874 -15.4144 -14 -20 -16.252 -14
2 24 -16.874 -15.4144 -18.45 -20 -16.252 -18.45
2 24 -20 -16.252 -14 -23.126 -15.4144 -14
2 24 -20 -16.252 -18.45 -23.126 -15.4144 -18.45
2 24 -23.126 -15.4144 -14 -25.4144 -13.126 -14
2 24 -23.126 -15.4144 -18.45 -25.4144 -13.126 -18.45
2 24 -25.4144 -13.126 -14 -26.252 -10 -14
2 24 -25.4144 -13.126 -18.45 -26.252 -10 -18.45
2 24 -25.4144 -6.874 -14 -26.252 -10 -14
2 24 -25.4144 -6.874 -18.45 -26.252 -10 -18.45
2 24 -25.4144 -6.874 -18.45 -23.126 -4.5856 -18.45
2 24 -23.5295 -7.9622 -18.45 -22.0377 -6.4705 -18.45
2 24 -23.126 -4.5856 -18.45 -20 -3.748 -18.45
2 24 -22.0377 -6.4705 -18.45 -20 -5.9245 -18.45
2 24 -20 -3.748 -18.45 -16.874 -4.5856 -18.45
2 24 -20 -5.9245 -18.45 -17.9623 -6.4705 -18.45
2 24 -16.874 -4.5856 -18.45 -14.5856 -6.874 -18.45
2 24 -17.9623 -6.4705 -18.45 -16.4705 -7.9622 -18.45
2 24 -14.5856 -6.874 -18.45 -13.748 -10 -18.45
2 24 -16.4705 -7.9622 -18.45 -15.9245 -10 -18.45
2 24 -13.748 -10 -18.45 -14.5856 -13.126 -18.45
2 24 -15.9245 -10 -18.45 -16.4705 -12.0378 -18.45
2 24 -14.5856 -13.126 -18.45 -16.874 -15.4144 -18.45
2 24 -16.4705 -12.0378 -18.45 -17.9623 -13.5295 -18.45
2 24 -16.874 -15.4144 -18.45 -20 -16.252 -18.45
2 24 -17.9623 -13.5295 -18.45 -20 -14.0755 -18.45
2 24 -20 -16.252 -18.45 -23.126 -15.4144 -18.45
2 24 -20 -14.0755 -18.45 -22.0377 -13.5295 -18.45
2 24 -23.126 -15.4144 -18.45 -25.4144 -13.126 -18.45
2 24 -22.0377 -13.5295 -18.45 -23.5295 -12.0378 -18.45
2 24 -25.4144 -13.126 -18.45 -26.252 -10 -18.45
2 24 -23.5295 -12.0378 -18.45 -24.0755 -10 -18.45
2 24 -25.4144 -6.874 -18.45 -26.252 -10 -18.45
2 24 -23.5295 -7.9622 -18.45 -24.0755 -10 -18.45
2 24 -23.5295 -7.9622 -18.45 -22.0377 -6.4705 -18.45
2 24 -23.5295 -7.9622 -14 -22.0377 -6.4705 -14
2 24 -22.0377 -6.4705 -18.45 -20 -5.9245 -18.45
2 24 -22.0377 -6.4705 -14 -20 -5.9245 -14
2 24 -20 -5.9245 -18.45 -17.9623 -6.4705 -18.45
2 24 -20 -5.9245 -14 -17.9623 -6.4705 -14
2 24 -17.9623 -6.4705 -18.45 -16.4705 -7.9622 -18.45
2 24 -17.9623 -6.4705 -14 -16.4705 -7.9622 -14
2 24 -16.4705 -7.9622 -18.45 -15.9245 -10 -18.45
2 24 -16.4705 -7.9622 -14 -15.9245 -10 -14
2 24 -15.9245 -10 -18.45 -16.4705 -12.0378 -18.45
2 24 -15.9245 -10 -14 -16.4705 -12.0378 -14
2 24 -16.4705 -12.0378 -18.45 -17.9623 -13.5295 -18.45
2 24 -16.4705 -12.0378 -14 -17.9623 -13.5295 -14
2 24 -17.9623 -13.5295 -18.45 -20 -14.0755 -18.45
2 24 -17.9623 -13.5295 -14 -20 -14.0755 -14
2 24 -20 -14.0755 -18.45 -22.0377 -13.5295 -18.45
2 24 -20 -14.0755 -14 -22.0377 -13.5295 -14
2 24 -22.0377 -13.5295 -18.45 -23.5295 -12.0378 -18.45
2 24 -22.0377 -13.5295 -14 -23.5295 -12.0378 -14
2 24 -23.5295 -12.0378 -18.45 -24.0755 -10 -18.45
2 24 -23.5295 -12.0378 -14 -24.0755 -10 -14
2 24 -23.5295 -7.9622 -18.45 -24.0755 -10 -18.45
2 24 -23.5295 -7.9622 -14 -24.0755 -10 -14
2 24 14.5856 -26.874 -14 16.874 -24.5856 -14
2 24 14.5856 -26.874 -18.45 16.874 -24.5856 -18.45
2 24 16.874 -24.5856 -14 20 -23.748 -14
2 24 16.874 -24.5856 -18.45 20 -23.748 -18.45
2 24 20 -23.748 -14 23.126 -24.5856 -14
2 24 20 -23.748 -18.45 23.126 -24.5856 -18.45
2 24 23.126 -24.5856 -14 25.4144 -26.874 -14
2 24 23.126 -24.5856 -18.45 25.4144 -26.874 -18.45
2 24 25.4144 -26.874 -14 26.252 -30 -14
2 24 25.4144 -26.874 -18.45 26.252 -30 -18.45
2 24 26.252 -30 -14 25.4144 -33.126 -14
2 24 26.252 -30 -18.45 25.4144 -33.126 -18.45
2 24 25.4144 -33.126 -14 23.126 -35.4144 -14
2 24 25.4144 -33.126 -18.45 23.126 -35.4144 -18.45
2 24 23.126 -35.4144 -14 20 -36.252 -14
2 24 23.126 -35.4144 -18.45 20 -36.252 -18.45
2 24 20 -36.252 -14 16.874 -35.4144 -14
2 24 20 -36.252 -18.45 16.874 -35.4144 -18.45
2 24 16.874 -35.4144 -14 14.5856 -33.126 -14
2 24 16.874 -35.4144 -18.45 14.5856 -33.126 -18.45
2 24 14.5856 -33.126 -14 13.748 -30 -14
2 24 14.5856 -33.126 -18.45 13.748 -30 -18.45
2 24 14.5856 -26.874 -14 13.748 -30 -14
2 24 14.5856 -26.874 -18.45 13.748 -30 -18.45
2 24 14.5856 -26.874 -18.45 16.874 -24.5856 -18.45
2 24 16.4705 -27.9623 -18.45 17.9623 -26.4705 -18.45
2 24 16.874 -24.5856 -18.45 20 -23.748 -18.45
2 24 17.9623 -26.4705 -18.45 20 -25.9245 -18.45
2 24 20 -23.748 -18.45 23.126 -24.5856 -18.45
2 24 20 -25.9245 -18.45 22.0378 -26.4705 -18.45
2 24 23.126 -24.5856 -18.45 25.4144 -26.874 -18.45
2 24 22.0378 -26.4705 -18.45 23.5295 -27.9623 -18.45
2 24 25.4144 -26.874 -18.45 26.252 -30 -18.45
2 24 23.5295 -27.9623 -18.45 24.0755 -30 -18.45
2 24 26.252 -30 -18.45 25.4144 -33.126 -18.45
2 24 24.0755 -30 -18.45 23.5295 -32.0378 -18.45
2 24 25.4144 -33.126 -18.45 23.126 -35.4144 -18.45
2 24 23.5295 -32.0378 -18.45 22.0378 -33.5295 -18.45
2 24 23.126 -35.4144 -18.45 20 -36.252 -18.45
2 24 22.0378 -33.5295 -18.45 20 -34.0755 -18.45
2 24 20 -36.252 -18.45 16.874 -35.4144 -18.45
2 24 20 -34.0755 -18.45 17.9623 -33.5295 -18.45
2 24 16.874 -35.4144 -18.45 14.5856 -33.126 -18.45
2 24 17.9623 -33.5295 -18.45 16.4705 -32.0378 -18.45
2 24 14.5856 -33.126 -18.45 13.748 -30 -18.45
2 24 16.4705 -32.0378 -18.45 15.9245 -30 -18.45
2 24 14.5856 -26.874 -18.45 13.748 -30 -18.45
2 24 16.4705 -27.9623 -18.45 15.9245 -30 -18.45
2 24 16.4705 -27.9623 -18.45 17.9623 -26.4705 -18.45
2 24 16.4705 -27.9623 -14 17.9623 -26.4705 -14
2 24 17.9623 -26.4705 -18.45 20 -25.9245 -18.45
2 24 17.9623 -26.4705 -14 20 -25.9245 -14
2 24 20 -25.9245 -18.45 22.0378 -26.4705 -18.45
2 24 20 -25.9245 -14 22.0378 -26.4705 -14
2 24 22.0378 -26.4705 -18.45 23.5295 -27.9623 -18.45
2 24 22.0378 -26.4705 -14 23.5295 -27.9623 -14
2 24 23.5295 -27.9623 -18.45 24.0755 -30 -18.45
2 24 23.5295 -27.9623 -14 24.0755 -30 -14
2 24 24.0755 -30 -18.45 23.5295 -32.0378 -18.45
2 24 24.0755 -30 -14 23.5295 -32.0378 -14
2 24 23.5295 -32.0378 -18.45 22.0378 -33.5295 -18.45
2 24 23.5295 -32.0378 -14 22.0378 -33.5295 -14
2 24 22.0378 -33.5295 -18.45 20 -34.0755 -18.45
2 24 22.0378 -33.5295 -14 20 -34.0755 -14
2 24 20 -34.0755 -18.45 17.9623 -33.5295 -18.45
2 24 20 -34.0755 -14 17.9623 -33.5295 -14
2 24 17.9623 -33.5295 -18.45 16.4705 -32.0378 -18.45
2 24 17.9623 -33.5295 -14 16.4705 -32.0378 -14
2 24 16.4705 -32.0378 -18.45 15.9245 -30 -18.45
2 24 16.4705 -32.0378 -14 15.9245 -30 -14
2 24 16.4705 -27.9623 -18.45 15.9245 -30 -18.45
2 24 16.4705 -27.9623 -14 15.9245 -30 -14
2 24 34.5856 -26.874 -14 36.874 -24.5856 -14
2 24 34.5856 -26.874 -18.45 36.874 -24.5856 -18.45
2 24 36.874 -24.5856 -14 40 -23.748 -14
2 24 36.874 -24.5856 -18.45 40 -23.748 -18.45
2 24 40 -23.748 -14 43.126 -24.5856 -14
2 24 40 -23.748 -18.45 43.126 -24.5856 -18.45
2 24 43.126 -24.5856 -14 45.4144 -26.874 -14
2 24 43.126 -24.5856 -18.45 45.4144 -26.874 -18.45
2 24 45.4144 -26.874 -14 46.252 -30 -14
2 24 45.4144 -26.874 -18.45 46.252 -30 -18.45
2 24 46.252 -30 -14 45.4144 -33.126 -14
2 24 46.252 -30 -18.45 45.4144 -33.126 -18.45
2 24 45.4144 -33.126 -14 43.126 -35.4144 -14
2 24 45.4144 -33.126 -18.45 43.126 -35.4144 -18.45
2 24 43.126 -35.4144 -14 40 -36.252 -14
2 24 43.126 -35.4144 -18.45 40 -36.252 -18.45
2 24 40 -36.252 -14 36.874 -35.4144 -14
2 24 40 -36.252 -18.45 36.874 -35.4144 -18.45
2 24 36.874 -35.4144 -14 34.5856 -33.126 -14
2 24 36.874 -35.4144 -18.45 34.5856 -33.126 -18.45
2 24 34.5856 -33.126 -14 33.748 -30 -14
2 24 34.5856 -33.126 -18.45 33.748 -30 -18.45
2 24 34.5856 -26.874 -14 33.748 -30 -14
2 24 34.5856 -26.874 -18.45 33.748 -30 -18.45
2 24 34.5856 -26.874 -18.45 36.874 -24.5856 -18.45
2 24 36.4705 -27.9623 -18.45 37.9623 -26.4705 -18.45
2 24 36.874 -24.5856 -18.45 40 -23.748 -18.45
2 24 37.9623 -26.4705 -18.45 40 -25.9245 -18.45
2 24 40 -23.748 -18.45 43.126 -24.5856 -18.45
2 24 40 -25.9245 -18.45 42.0378 -26.4705 -18.45
2 24 43.126 -24.5856 -18.45 45.4144 -26.874 -18.45
2 24 42.0378 -26.4705 -18.45 43.5295 -27.9623 -18.45
2 24 45.4144 -26.874 -18.45 46.252 -30 -18.45
2 24 43.5295 -27.9623 -18.45 44.0755 -30 -18.45
2 24 46.252 -30 -18.45 45.4144 -33.126 -18.45
2 24 44.0755 -30 -18.45 43.5295 -32.0378 -18.45
2 24 45.4144 -33.126 -18.45 43.126 -35.4144 -18.45
2 24 43.5295 -32.0378 -18.45 42.0378 -33.5295 -18.45
2 24 43.126 -35.4144 -18.45 40 -36.252 -18.45
2 24 42.0378 -33.5295 -18.45 40 -34.0755 -18.45
2 24 40 -36.252 -18.45 36.874 -35.4144 -18.45
2 24 40 -34.0755 -18.45 37.9623 -33.5295 -18.45
2 24 36.874 -35.4144 -18.45 34.5856 -33.126 -18.45
2 24 37.9623 -33.5295 -18.45 36.4705 -32.0378 -18.45
2 24 34.5856 -33.126 -18.45 33.748 -30 -18.45
2 24 36.4705 -32.0378 -18.45 35.9245 -30 -18.45
2 24 34.5856 -26.874 -18.45 33.748 -30 -18.45
2 24 36.4705 -27.9623 -18.45 35.9245 -30 -18.45
2 24 36.4705 -27.9623 -18.45 37.9623 -26.4705 -18.45
2 24 36.4705 -27.9623 -14 37.9623 -26.4705 -14
2 24 37.9623 -26.4705 -18.45 40 -25.9245 -18.45
2 24 37.9623 -26.4705 -14 40 -25.9245 -14
2 24 40 -25.9245 -18.45 42.0378 -26.4705 -18.45
2 24 40 -25.9245 -14 42.0378 -26.4705 -14
2 24 42.0378 -26.4705 -18.45 43.5295 -27.9623 -18.45
2 24 42.0378 -26.4705 -14 43.5295 -27.9623 -14
2 24 43.5295 -27.9623 -18.45 44.0755 -30 -18.45
2 24 43.5295 -27.9623 -14 44.0755 -30 -14
2 24 44.0755 -30 -18.45 43.5295 -32.0378 -18.45
2 24 44.0755 -30 -14 43.5295 -32.0378 -14
2 24 43.5295 -32.0378 -18.45 42.0378 -33.5295 -18.45
2 24 43.5295 -32.0378 -14 42.0378 -33.5295 -14
2 24 42.0378 -33.5295 -18.45 40 -34.0755 -18.45
2 24 42.0378 -33.5295 -14 40 -34.0755 -14
2 24 40 -34.0755 -18.45 37.9623 -33.5295 -18.45
2 24 40 -34.0755 -14 37.9623 -33.5295 -14
2 24 37.9623 -33.5295 -18.45 36.4705 -32.0378 -18.45
2 24 37.9623 -33.5295 -14 36.4705 -32.0378 -14
2 24 36.4705 -32.0378 -18.45 35.9245 -30 -18.45
2 24 36.4705 -32.0378 -14 35.9245 -30 -14
2 24 36.4705 -27.9623 -18.45 35.9245 -30 -18.45
2 24 36.4705 -27.9623 -14 35.9245 -30 -14
2 24 34.5856 -6.874 -14 36.874 -4.5856 -14
2 24 34.5856 -6.874 -18.45 36.874 -4.5856 -18.45
2 24 36.874 -4.5856 -14 40 -3.748 -14
2 24 36.874 -4.5856 -18.45 40 -3.748 -18.45
2 24 40 -3.748 -14 43.126 -4.5856 -14
2 24 40 -3.748 -18.45 43.126 -4.5856 -18.45
2 24 43.126 -4.5856 -14 45.4144 -6.874 -14
2 24 43.126 -4.5856 -18.45 45.4144 -6.874 -18.45
2 24 45.4144 -6.874 -14 46.252 -10 -14
2 24 45.4144 -6.874 -18.45 46.252 -10 -18.45
2 24 46.252 -10 -14 45.4144 -13.126 -14
2 24 46.252 -10 -18.45 45.4144 -13.126 -18.45
2 24 45.4144 -13.126 -14 43.126 -15.4144 -14
2 24 45.4144 -13.126 -18.45 43.126 -15.4144 -18.45
2 24 43.126 -15.4144 -14 40 -16.252 -14
2 24 43.126 -15.4144 -18.45 40 -16.252 -18.45
2 24 40 -16.252 -14 36.874 -15.4144 -14
2 24 40 -16.252 -18.45 36.874 -15.4144 -18.45
2 24 36.874 -15.4144 -14 34.5856 -13.126 -14
2 24 36.874 -15.4144 -18.45 34.5856 -13.126 -18.45
2 24 34.5856 -13.126 -14 33.748 -10 -14
2 24 34.5856 -13.126 -18.45 33.748 -10 -18.45
2 24 34.5856 -6.874 -14 33.748 -10 -14
2 24 34.5856 -6.874 -18.45 33.748 -10 -18.45
2 24 34.5856 -6.874 -18.45 36.874 -4.5856 -18.45
2 24 36.4705 -7.9622 -18.45 37.9623 -6.4705 -18.45
2 24 36.874 -4.5856 -18.45 40 -3.748 -18.45
2 24 37.9623 -6.4705 -18.45 40 -5.9245 -18.45
2 24 40 -3.748 -18.45 43.126 -4.5856 -18.45
2 24 40 -5.9245 -18.45 42.0378 -6.4705 -18.45
2 24 43.126 -4.5856 -18.45 45.4144 -6.874 -18.45
2 24 42.0378 -6.4705 -18.45 43.5295 -7.9622 -18.45
2 24 45.4144 -6.874 -18.45 46.252 -10 -18.45
2 24 43.5295 -7.9622 -18.45 44.0755 -10 -18.45
2 24 46.252 -10 -18.45 45.4144 -13.126 -18.45
2 24 44.0755 -10 -18.45 43.5295 -12.0378 -18.45
2 24 45.4144 -13.126 -18.45 43.126 -15.4144 -18.45
2 24 43.5295 -12.0378 -18.45 42.0378 -13.5295 -18.45
2 24 43.126 -15.4144 -18.45 40 -16.252 -18.45
2 24 42.0378 -13.5295 -18.45 40 -14.0755 -18.45
2 24 40 -16.252 -18.45 36.874 -15.4144 -18.45
2 24 40 -14.0755 -18.45 37.9623 -13.5295 -18.45
2 24 36.874 -15.4144 -18.45 34.5856 -13.126 -18.45
2 24 37.9623 -13.5295 -18.45 36.4705 -12.0378 -18.45
2 24 34.5856 -13.126 -18.45 33.748 -10 -18.45
2 24 36.4705 -12.0378 -18.45 35.9245 -10 -18.45
2 24 34.5856 -6.874 -18.45 33.748 -10 -18.45
2 24 36.4705 -7.9622 -18.45 35.9245 -10 -18.45
2 24 36.4705 -7.9622 -18.45 37.9623 -6.4705 -18.45
2 24 36.4705 -7.9622 -14 37.9623 -6.4705 -14
2 24 37.9623 -6.4705 -18.45 40 -5.9245 -18.45
2 24 37.9623 -6.4705 -14 40 -5.9245 -14
2 24 40 -5.9245 -18.45 42.0378 -6.4705 -18.45
2 24 40 -5.9245 -14 42.0378 -6.4705 -14
2 24 42.0378 -6.4705 -18.45 43.5295 -7.9622 -18.45
2 24 42.0378 -6.4705 -14 43.5295 -7.9622 -14
2 24 43.5295 -7.9622 -18.45 44.0755 -10 -18.45
2 24 43.5295 -7.9622 -14 44.0755 -10 -14
2 24 44.0755 -10 -18.45 43.5295 -12.0378 -18.45
2 24 44.0755 -10 -14 43.5295 -12.0378 -14
2 24 43.5295 -12.0378 -18.45 42.0378 -13.5295 -18.45
2 24 43.5295 -12.0378 -14 42.0378 -13.5295 -14
2 24 42.0378 -13.5295 -18.45 40 -14.0755 -18.45
2 24 42.0378 -13.5295 -14 40 -14.0755 -14
2 24 40 -14.0755 -18.45 37.9623 -13.5295 -18.45
2 24 40 -14.0755 -14 37.9623 -13.5295 -14
2 24 37.9623 -13.5295 -18.45 36.4705 -12.0378 -18.45
2 24 37.9623 -13.5295 -14 36.4705 -12.0378 -14
2 24 36.4705 -12.0378 -18.45 35.9245 -10 -18.45
2 24 36.4705 -12.0378 -14 35.9245 -10 -14
2 24 36.4705 -7.9622 -18.45 35.9245 -10 -18.45
2 24 36.4705 -7.9622 -14 35.9245 -10 -14
2 24 -5.4144 -6.874 -14 -3.126 -4.5856 -14
2 24 -5.4144 -6.874 -18.45 -3.126 -4.5856 -18.45
2 24 -3.126 -4.5856 -14 0 -3.748 -14
2 24 -3.126 -4.5856 -18.45 0 -3.748 -18.45
2 24 0 -3.748 -14 3.126 -4.5856 -14
2 24 0 -3.748 -18.45 3.126 -4.5856 -18.45
2 24 3.126 -4.5856 -14 5.4144 -6.874 -14
2 24 3.126 -4.5856 -18.45 5.4144 -6.874 -18.45
2 24 5.4144 -6.874 -14 6.252 -10 -14
2 24 5.4144 -6.874 -18.45 6.252 -10 -18.45
2 24 6.252 -10 -14 5.4144 -13.126 -14
2 24 6.252 -10 -18.45 5.4144 -13.126 -18.45
2 24 5.4144 -13.126 -14 3.126 -15.4144 -14
2 24 5.4144 -13.126 -18.45 3.126 -15.4144 -18.45
2 24 3.126 -15.4144 -14 0 -16.252 -14
2 24 3.126 -15.4144 -18.45 0 -16.252 -18.45
2 24 0 -16.252 -14 -3.126 -15.4144 -14
2 24 0 -16.252 -18.45 -3.126 -15.4144 -18.45
2 24 -3.126 -15.4144 -14 -5.4144 -13.126 -14
2 24 -3.126 -15.4144 -18.45 -5.4144 -13.126 -18.45
2 24 -5.4144 -13.126 -14 -6.252 -10 -14
2 24 -5.4144 -13.126 -18.45 -6.252 -10 -18.45
2 24 -5.4144 -6.874 -14 -6.252 -10 -14
2 24 -5.4144 -6.874 -18.45 -6.252 -10 -18.45
2 24 -5.4144 -6.874 -18.45 -3.126 -4.5856 -18.45
2 24 -3.5295 -7.9622 -18.45 -2.0377 -6.4705 -18.45
2 24 -3.126 -4.5856 -18.45 0 -3.748 -18.45
2 24 -2.0377 -6.4705 -18.45 0 -5.9245 -18.45
2 24 0 -3.748 -18.45 3.126 -4.5856 -18.45
2 24 0 -5.9245 -18.45 2.0378 -6.4705 -18.45
2 24 3.126 -4.5856 -18.45 5.4144 -6.874 -18.45
2 24 2.0378 -6.4705 -18.45 3.5295 -7.9622 -18.45
2 24 5.4144 -6.874 -18.45 6.252 -10 -18.45
2 24 3.5295 -7.9622 -18.45 4.0755 -10 -18.45
2 24 6.252 -10 -18.45 5.4144 -13.126 -18.45
2 24 4.0755 -10 -18.45 3.5295 -12.0378 -18.45
2 24 5.4144 -13.126 -18.45 3.126 -15.4144 -18.45
2 24 3.5295 -12.0378 -18.45 2.0378 -13.5295 -18.45
2 24 3.126 -15.4144 -18.45 0 -16.252 -18.45
2 24 2.0378 -13.5295 -18.45 0 -14.0755 -18.45
2 24 0 -16.252 -18.45 -3.126 -15.4144 -18.45
2 24 0 -14.0755 -18.45 -2.0377 -13.5295 -18.45
2 24 -3.126 -15.4144 -18.45 -5.4144 -13.126 -18.45
2 24 -2.0377 -13.5295 -18.45 -3.5295 -12.0378 -18.45
2 24 -5.4144 -13.126 -18.45 -6.252 -10 -18.45
2 24 -3.5295 -12.0378 -18.45 -4.0755 -10 -18.45
2 24 -5.4144 -6.874 -18.45 -6.252 -10 -18.45
2 24 -3.5295 -7.9622 -18.45 -4.0755 -10 -18.45
2 24 -3.5295 -7.9622 -18.45 -2.0377 -6.4705 -18.45
2 24 -3.5295 -7.9622 -14 -2.0377 -6.4705 -14
2 24 -2.0377 -6.4705 -18.45 0 -5.9245 -18.45
2 24 -2.0377 -6.4705 -14 0 -5.9245 -14
2 24 0 -5.9245 -18.45 2.0378 -6.4705 -18.45
2 24 0 -5.9245 -14 2.0378 -6.4705 -14
2 24 2.0378 -6.4705 -18.45 3.5295 -7.9622 -18.45
2 24 2.0378 -6.4705 -14 3.5295 -7.9622 -14
2 24 3.5295 -7.9622 -18.45 4.0755 -10 -18.45
2 24 3.5295 -7.9622 -14 4.0755 -10 -14
2 24 4.0755 -10 -18.45 3.5295 -12.0378 -18.45
2 24 4.0755 -10 -14 3.5295 -12.0378 -14
2 24 3.5295 -12.0378 -18.45 2.0378 -13.5295 -18.45
2 24 3.5295 -12.0378 -14 2.0378 -13.5295 -14
2 24 2.0378 -13.5295 -18.45 0 -14.0755 -18.45
2 24 2.0378 -13.5295 -14 0 -14.0755 -14
2 24 0 -14.0755 -18.45 -2.0377 -13.5295 -18.45
2 24 0 -14.0755 -14 -2.0377 -13.5295 -14
2 24 -2.0377 -13.5295 -18.45 -3.5295 -12.0378 -18.45
2 24 -2.0377 -13.5295 -14 -3.5295 -12.0378 -14
2 24 -3.5295 -12.0378 -18.45 -4.0755 -10 -18.45
2 24 -3.5295 -12.0378 -14 -4.0755 -10 -14
2 24 -3.5295 -7.9622 -18.45 -4.0755 -10 -18.45
2 24 -3.5295 -7.9622 -14 -4.0755 -10 -14
2 24 -5.4144 -26.874 -14 -3.126 -24.5856 -14
2 24 -5.4144 -26.874 -18.45 -3.126 -24.5856 -18.45
2 24 -3.126 -24.5856 -14 0 -23.748 -14
2 24 -3.126 -24.5856 -18.45 0 -23.748 -18.45
2 24 0 -23.748 -14 3.126 -24.5856 -14
2 24 0 -23.748 -18.45 3.126 -24.5856 -18.45
2 24 3.126 -24.5856 -14 5.4144 -26.874 -14
2 24 3.126 -24.5856 -18.45 5.4144 -26.874 -18.45
2 24 5.4144 -26.874 -14 6.252 -30 -14
2 24 5.4144 -26.874 -18.45 6.252 -30 -18.45
2 24 6.252 -30 -14 5.4144 -33.126 -14
2 24 6.252 -30 -18.45 5.4144 -33.126 -18.45
2 24 5.4144 -33.126 -14 3.126 -35.4144 -14
2 24 5.4144 -33.126 -18.45 3.126 -35.4144 -18.45
2 24 3.126 -35.4144 -14 0 -36.252 -14
2 24 3.126 -35.4144 -18.45 0 -36.252 -18.45
2 24 0 -36.252 -14 -3.126 -35.4144 -14
2 24 0 -36.252 -18.45 -3.126 -35.4144 -18.45
2 24 -3.126 -35.4144 -14 -5.4144 -33.126 -14
2 24 -3.126 -35.4144 -18.45 -5.4144 -33.126 -18.45
2 24 -5.4144 -33.126 -14 -6.252 -30 -14
2 24 -5.4144 -33.126 -18.45 -6.252 -30 -18.45
2 24 -5.4144 -26.874 -14 -6.252 -30 -14
2 24 -5.4144 -26.874 -18.45 -6.252 -30 -18.45
2 24 -5.4144 -26.874 -18.45 -3.126 -24.5856 -18.45
2 24 -3.5295 -27.9623 -18.45 -2.0377 -26.4705 -18.45
2 24 -3.126 -24.5856 -18.45 0 -23.748 -18.45
2 24 -2.0377 -26.4705 -18.45 0 -25.9245 -18.45
2 24 0 -23.748 -18.45 3.126 -24.5856 -18.45
2 24 0 -25.9245 -18.45 2.0378 -26.4705 -18.45
2 24 3.126 -24.5856 -18.45 5.4144 -26.874 -18.45
2 24 2.0378 -26.4705 -18.45 3.5295 -27.9623 -18.45
2 24 5.4144 -26.874 -18.45 6.252 -30 -18.45
2 24 3.5295 -27.9623 -18.45 4.0755 -30 -18.45
2 24 6.252 -30 -18.45 5.4144 -33.126 -18.45
2 24 4.0755 -30 -18.45 3.5295 -32.0378 -18.45
2 24 5.4144 -33.126 -18.45 3.126 -35.4144 -18.45
2 24 3.5295 -32.0378 -18.45 2.0378 -33.5295 -18.45
2 24 3.126 -35.4144 -18.45 0 -36.252 -18.45
2 24 2.0378 -33.5295 -18.45 0 -34.0755 -18.45
2 24 0 -36.252 -18.45 -3.126 -35.4144 -18.45
2 24 0 -34.0755 -18.45 -2.0377 -33.5295 -18.45
2 24 -3.126 -35.4144 -18.45 -5.4144 -33.126 -18.45
2 24 -2.0377 -33.5295 -18.45 -3.5295 -32.0378 -18.45
2 24 -5.4144 -33.126 -18.45 -6.252 -30 -18.45
2 24 -3.5295 -32.0378 -18.45 -4.0755 -30 -18.45
2 24 -5.4144 -26.874 -18.45 -6.252 -30 -18.45
2 24 -3.5295 -27.9623 -18.45 -4.0755 -30 -18.45
2 24 -3.5295 -27.9623 -18.45 -2.0377 -26.4705 -18.45
2 24 -3.5295 -27.9623 -14 -2.0377 -26.4705 -14
2 24 -2.0377 -26.4705 -18.45 0 -25.9245 -18.45
2 24 -2.0377 -26.4705 -14 0 -25.9245 -14
2 24 0 -25.9245 -18.45 2.0378 -26.4705 -18.45
2 24 0 -25.9245 -14 2.0378 -26.4705 -14
2 24 2.0378 -26.4705 -18.45 3.5295 -27.9623 -18.45
2 24 2.0378 -26.4705 -14 3.5295 -27.9623 -14
2 24 3.5295 -27.9623 -18.45 4.0755 -30 -18.45
2 24 3.5295 -27.9623 -14 4.0755 -30 -14
2 24 4.0755 -30 -18.45 3.5295 -32.0378 -18.45
2 24 4.0755 -30 -14 3.5295 -32.0378 -14
2 24 3.5295 -32.0378 -18.45 2.0378 -33.5295 -18.45
2 24 3.5295 -32.0378 -14 2.0378 -33.5295 -14
2 24 2.0378 -33.5295 -18.45 0 -34.0755 -18.45
2 24 2.0378 -33.5295 -14 0 -34.0755 -14
2 24 0 -34.0755 -18.45 -2.0377 -33.5295 -18.45
2 24 0 -34.0755 -14 -2.0377 -33.5295 -14
2 24 -2.0377 -33.5295 -18.45 -3.5295 -32.0378 -18.45
2 24 -2.0377 -33.5295 -14 -3.5295 -32.0378 -14
2 24 -3.5295 -32.0378 -18.45 -4.0755 -30 -18.45
2 24 -3.5295 -32.0378 -14 -4.0755 -30 -14
2 24 -3.5295 -27.9623 -18.45 -4.0755 -30 -18.45
2 24 -3.5295 -27.9623 -14 -4.0755 -30 -14
2 24 -5.4144 -12.45 -3.126 -3.126 -12.45 -5.4144
2 24 -3.126 -12.45 -5.4144 0 -12.45 -6.252
2 24 0 -12.45 -6.252 3.126 -12.45 -5.4144
2 24 3.126 -12.45 -5.4144 5.4144 -12.45 -3.126
2 24 5.4144 -12.45 -3.126 6.252 -12.45 0
2 24 6.252 -12.45 0 5.4144 -12.45 3.126
2 24 5.4144 -12.45 3.126 3.126 -12.45 5.4144
2 24 3.126 -12.45 5.4144 0 -12.45 6.252
2 24 0 -12.45 6.252 -3.126 -12.45 5.4144
2 24 -3.126 -12.45 5.4144 -5.4144 -12.45 3.126
2 24 -5.4144 -12.45 3.126 -6.252 -12.45 0
2 24 -5.4144 -12.45 -3.126 -6.252 -12.45 0
2 24 -5.4144 -8 -3.126 -3.126 -8 -5.4144
2 24 -5.4144 -12.45 -3.126 -3.126 -12.45 -5.4144
2 24 -3.126 -8 -5.4144 0 -8 -6.252
2 24 -3.126 -12.45 -5.4144 0 -12.45 -6.252
2 24 0 -8 -6.252 3.126 -8 -5.4144
2 24 0 -12.45 -6.252 3.126 -12.45 -5.4144
2 24 3.126 -8 -5.4144 5.4144 -8 -3.126
2 24 3.126 -12.45 -5.4144 5.4144 -12.45 -3.126
2 24 5.4144 -8 -3.126 6.252 -8 0
2 24 5.4144 -12.45 -3.126 6.252 -12.45 0
2 24 6.252 -8 0 5.4144 -8 3.126
2 24 6.252 -12.45 0 5.4144 -12.45 3.126
2 24 5.4144 -8 3.126 3.126 -8 5.4144
2 24 5.4144 -12.45 3.126 3.126 -12.45 5.4144
2 24 3.126 -8 5.4144 0 -8 6.252
2 24 3.126 -12.45 5.4144 0 -12.45 6.252
2 24 0 -8 6.252 -3.126 -8 5.4144
2 24 0 -12.45 6.252 -3.126 -12.45 5.4144
2 24 -3.126 -8 5.4144 -5.4144 -8 3.126
2 24 -3.126 -12.45 5.4144 -5.4144 -12.45 3.126
2 24 -5.4144 -8 3.126 -6.252 -8 0
2 24 -5.4144 -12.45 3.126 -6.252 -12.45 0
2 24 -5.4144 -8 -3.126 -6.252 -8 0
2 24 -5.4144 -12.45 -3.126 -6.252 -12.45 0
0 STEP
