0 Bar Curved with Angled Ends 1L
0 Name: bl_7052.dat
0 Author: 
0 BL_Item_No 7052
0 BFC CERTIFY CCW
3 16 36.5359 -10.3726 2 36.4751 -10.8372 2 38 -10.3726 3.4641
3 16 38 -10.3726 3.4641 36.4751 -10.8372 2 37.8192 -11.3889 3.4641
3 16 36 -10.3726 0 35.9696 -10.6111 0 36.5359 -10.3726 2
3 16 36.5359 -10.3726 2 35.9696 -10.6111 0 36.4751 -10.8372 2
3 16 36 -10.3726 0 36.5359 -10.3726 -2 35.9696 -10.6111 0
3 16 35.9696 -10.6111 0 36.5359 -10.3726 -2 36.4751 -10.8372 -2
3 16 36.5359 -10.3726 -2 38 -10.3726 -3.4641 36.4751 -10.8372 -2
3 16 36.4751 -10.8372 -2 38 -10.3726 -3.4641 37.8192 -11.3889 -3.4641
3 16 38 -10.3726 -3.4641 40 -10.3726 -4 37.8192 -11.3889 -3.4641
3 16 37.8192 -11.3889 -3.4641 40 -10.3726 -4 39.6511 -12.1409 -4
3 16 42 -10.3726 -3.4641 41.4831 -12.8935 -3.4641 40 -10.3726 -4
3 16 40 -10.3726 -4 41.4831 -12.8935 -3.4641 39.6511 -12.1409 -4
3 16 43.4641 -10.3726 -2 42.8245 -13.4449 -2 42 -10.3726 -3.4641
3 16 42 -10.3726 -3.4641 42.8245 -13.4449 -2 41.4831 -12.8935 -3.4641
3 16 44 -10.3726 0 43.3156 -13.6469 0 43.4641 -10.3726 -2
3 16 43.4641 -10.3726 -2 43.3156 -13.6469 0 42.8245 -13.4449 -2
3 16 44 -10.3726 0 43.4641 -10.3726 2 43.3156 -13.6469 0
3 16 43.3156 -13.6469 0 43.4641 -10.3726 2 42.8245 -13.4449 2
3 16 43.4641 -10.3726 2 42 -10.3726 3.4641 42.8245 -13.4449 2
3 16 42.8245 -13.4449 2 42 -10.3726 3.4641 41.4831 -12.8935 3.4641
3 16 42 -10.3726 3.4641 40 -10.3726 4 41.4831 -12.8935 3.4641
3 16 41.4831 -12.8935 3.4641 40 -10.3726 4 39.6511 -12.1409 4
3 16 38 -10.3726 3.4641 37.8192 -11.3889 3.4641 40 -10.3726 4
3 16 40 -10.3726 4 37.8192 -11.3889 3.4641 39.6511 -12.1409 4
3 16 37.8192 -11.3889 3.4641 36.4751 -10.8372 2 37.2462 -12.2255 3.4641
3 16 37.2462 -12.2255 3.4641 36.4751 -10.8372 2 36.2216 -11.212 2
3 16 35.9696 -10.6111 0 35.8427 -10.8227 0 36.4751 -10.8372 2
3 16 36.4751 -10.8372 2 35.8427 -10.8227 0 36.2216 -11.212 2
3 16 35.9696 -10.6111 0 36.4751 -10.8372 -2 35.8427 -10.8227 0
3 16 35.8427 -10.8227 0 36.4751 -10.8372 -2 36.2216 -11.212 -2
3 16 37.8192 -11.3889 -3.4641 37.2462 -12.2255 -3.4641 36.4751 -10.8372 -2
3 16 36.4751 -10.8372 -2 37.2462 -12.2255 -3.4641 36.2216 -11.212 -2
3 16 39.6511 -12.1409 -4 38.6452 -13.6099 -4 37.8192 -11.3889 -3.4641
3 16 37.8192 -11.3889 -3.4641 38.6452 -13.6099 -4 37.2462 -12.2255 -3.4641
3 16 41.4831 -12.8935 -3.4641 40.0455 -14.996 -3.4641 39.6511 -12.1409 -4
3 16 39.6511 -12.1409 -4 40.0455 -14.996 -3.4641 38.6452 -13.6099 -4
3 16 42.8245 -13.4449 -2 41.0714 -16.0117 -2 41.4831 -12.8935 -3.4641
3 16 41.4831 -12.8935 -3.4641 41.0714 -16.0117 -2 40.0455 -14.996 -3.4641
3 16 43.3156 -13.6469 0 41.447 -16.3837 0 42.8245 -13.4449 -2
3 16 42.8245 -13.4449 -2 41.447 -16.3837 0 41.0714 -16.0117 -2
3 16 43.3156 -13.6469 0 42.8245 -13.4449 2 41.447 -16.3837 0
3 16 41.447 -16.3837 0 42.8245 -13.4449 2 41.0714 -16.0117 2
3 16 42.8245 -13.4449 2 41.4831 -12.8935 3.4641 41.0714 -16.0117 2
3 16 41.0714 -16.0117 2 41.4831 -12.8935 3.4641 40.0455 -14.996 3.4641
3 16 41.4831 -12.8935 3.4641 39.6511 -12.1409 4 40.0455 -14.996 3.4641
3 16 40.0455 -14.996 3.4641 39.6511 -12.1409 4 38.6452 -13.6099 4
3 16 39.6511 -12.1409 4 37.8192 -11.3889 3.4641 38.6452 -13.6099 4
3 16 38.6452 -13.6099 4 37.8192 -11.3889 3.4641 37.2462 -12.2255 3.4641
3 16 34.9666 -12.0436 -2 35.7272 -13.2947 -3.4641 31.9438 -13.7709 -2
3 16 31.9438 -13.7709 -2 35.7272 -13.2947 -3.4641 32.5369 -15.1094 -3.4641
3 16 34.6881 -11.5857 0 34.9666 -12.0436 -2 31.7267 -13.2809 0
3 16 31.7267 -13.2809 0 34.9666 -12.0436 -2 31.9438 -13.7709 -2
3 16 34.6881 -11.5857 0 31.7267 -13.2809 0 34.9666 -12.0436 2
3 16 34.9666 -12.0436 2 31.7267 -13.2809 0 31.9438 -13.7709 2
3 16 34.9666 -12.0436 2 31.9438 -13.7709 2 35.7272 -13.2947 3.4641
3 16 35.7272 -13.2947 3.4641 31.9438 -13.7709 2 32.5369 -15.1094 3.4641
3 16 35.7272 -13.2947 3.4641 32.5369 -15.1094 3.4641 36.7662 -15.0036 4
3 16 36.7662 -15.0036 4 32.5369 -15.1094 3.4641 33.3472 -16.9379 4
3 16 36.7662 -15.0036 4 33.3472 -16.9379 4 37.8053 -16.7125 3.4641
3 16 37.8053 -16.7125 3.4641 33.3472 -16.9379 4 34.1575 -18.7665 3.4641
3 16 37.8053 -16.7125 3.4641 34.1575 -18.7665 3.4641 38.5659 -17.9635 2
3 16 38.5659 -17.9635 2 34.1575 -18.7665 3.4641 34.7507 -20.105 2
3 16 38.5659 -17.9635 2 34.7507 -20.105 2 38.8443 -18.4214 0
3 16 38.8443 -18.4214 0 34.7507 -20.105 2 34.9678 -20.595 0
3 16 38.5659 -17.9635 -2 38.8443 -18.4214 0 34.7507 -20.105 -2
3 16 34.7507 -20.105 -2 38.8443 -18.4214 0 34.9678 -20.595 0
3 16 37.8053 -16.7125 -3.4641 38.5659 -17.9635 -2 34.1575 -18.7665 -3.4641
3 16 34.1575 -18.7665 -3.4641 38.5659 -17.9635 -2 34.7507 -20.105 -2
3 16 36.7662 -15.0036 -4 37.8053 -16.7125 -3.4641 33.3472 -16.9379 -4
3 16 33.3472 -16.9379 -4 37.8053 -16.7125 -3.4641 34.1575 -18.7665 -3.4641
3 16 35.7272 -13.2947 -3.4641 36.7662 -15.0036 -4 32.5369 -15.1094 -3.4641
3 16 32.5369 -15.1094 -3.4641 36.7662 -15.0036 -4 33.3472 -16.9379 -4
3 16 31.9438 -13.7709 -2 32.5369 -15.1094 -3.4641 28.7237 -15.0944 -2
3 16 28.7237 -15.0944 -2 32.5369 -15.1094 -3.4641 29.1395 -16.4982 -3.4641
3 16 31.7267 -13.2809 0 31.9438 -13.7709 -2 28.5715 -14.5806 0
3 16 28.5715 -14.5806 0 31.9438 -13.7709 -2 28.7237 -15.0944 -2
3 16 31.7267 -13.2809 0 28.5715 -14.5806 0 31.9438 -13.7709 2
3 16 31.9438 -13.7709 2 28.5715 -14.5806 0 28.7237 -15.0944 2
3 16 31.9438 -13.7709 2 28.7237 -15.0944 2 32.5369 -15.1094 3.4641
3 16 32.5369 -15.1094 3.4641 28.7237 -15.0944 2 29.1395 -16.4982 3.4641
3 16 32.5369 -15.1094 3.4641 29.1395 -16.4982 3.4641 33.3472 -16.9379 4
3 16 33.3472 -16.9379 4 29.1395 -16.4982 3.4641 29.7076 -18.4158 4
3 16 33.3472 -16.9379 4 29.7076 -18.4158 4 34.1575 -18.7665 3.4641
3 16 34.1575 -18.7665 3.4641 29.7076 -18.4158 4 30.2756 -20.3335 3.4641
3 16 34.1575 -18.7665 3.4641 30.2756 -20.3335 3.4641 34.7507 -20.105 2
3 16 34.7507 -20.105 2 30.2756 -20.3335 3.4641 30.6914 -21.7373 2
3 16 34.7507 -20.105 2 30.6914 -21.7373 2 34.9678 -20.595 0
3 16 34.9678 -20.595 0 30.6914 -21.7373 2 30.8436 -22.2511 0
3 16 34.7507 -20.105 -2 34.9678 -20.595 0 30.6914 -21.7373 -2
3 16 30.6914 -21.7373 -2 34.9678 -20.595 0 30.8436 -22.2511 0
3 16 34.1575 -18.7665 -3.4641 34.7507 -20.105 -2 30.2756 -20.3335 -3.4641
3 16 30.2756 -20.3335 -3.4641 34.7507 -20.105 -2 30.6914 -21.7373 -2
3 16 33.3472 -16.9379 -4 34.1575 -18.7665 -3.4641 29.7076 -18.4158 -4
3 16 29.7076 -18.4158 -4 34.1575 -18.7665 -3.4641 30.2756 -20.3335 -3.4641
3 16 32.5369 -15.1094 -3.4641 33.3472 -16.9379 -4 29.1395 -16.4982 -3.4641
3 16 29.1395 -16.4982 -3.4641 33.3472 -16.9379 -4 29.7076 -18.4158 -4
3 16 29.1395 -16.4982 -3.4641 29.7076 -18.4158 -4 25.5916 -17.4378 -3.4641
3 16 25.5916 -17.4378 -3.4641 29.7076 -18.4158 -4 25.9079 -19.4127 -4
3 16 29.7076 -18.4158 -4 30.2756 -20.3335 -3.4641 25.9079 -19.4127 -4
3 16 25.9079 -19.4127 -4 30.2756 -20.3335 -3.4641 26.2242 -21.3875 -3.4641
3 16 30.2756 -20.3335 -3.4641 30.6914 -21.7373 -2 26.2242 -21.3875 -3.4641
3 16 26.2242 -21.3875 -3.4641 30.6914 -21.7373 -2 26.4558 -22.8332 -2
3 16 30.6914 -21.7373 -2 30.8436 -22.2511 0 26.4558 -22.8332 -2
3 16 26.4558 -22.8332 -2 30.8436 -22.2511 0 26.5405 -23.3623 0
3 16 30.6914 -21.7373 2 26.4558 -22.8332 2 30.8436 -22.2511 0
3 16 30.8436 -22.2511 0 26.4558 -22.8332 2 26.5405 -23.3623 0
3 16 30.2756 -20.3335 3.4641 26.2242 -21.3875 3.4641 30.6914 -21.7373 2
3 16 30.6914 -21.7373 2 26.2242 -21.3875 3.4641 26.4558 -22.8332 2
3 16 29.7076 -18.4158 4 25.9079 -19.4127 4 30.2756 -20.3335 3.4641
3 16 30.2756 -20.3335 3.4641 25.9079 -19.4127 4 26.2242 -21.3875 3.4641
3 16 29.1395 -16.4982 3.4641 25.5916 -17.4378 3.4641 29.7076 -18.4158 4
3 16 29.7076 -18.4158 4 25.5916 -17.4378 3.4641 25.9079 -19.4127 4
3 16 28.7237 -15.0944 2 25.36 -15.9922 2 29.1395 -16.4982 3.4641
3 16 29.1395 -16.4982 3.4641 25.36 -15.9922 2 25.5916 -17.4378 3.4641
3 16 28.5715 -14.5806 0 25.2753 -15.463 0 28.7237 -15.0944 2
3 16 28.7237 -15.0944 2 25.2753 -15.463 0 25.36 -15.9922 2
3 16 28.5715 -14.5806 0 28.7237 -15.0944 -2 25.2753 -15.463 0
3 16 25.2753 -15.463 0 28.7237 -15.0944 -2 25.36 -15.9922 -2
3 16 28.7237 -15.0944 -2 29.1395 -16.4982 -3.4641 25.36 -15.9922 -2
3 16 25.36 -15.9922 -2 29.1395 -16.4982 -3.4641 25.5916 -17.4378 -3.4641
3 16 25.5916 -17.4378 -3.4641 25.9079 -19.4127 -4 21.9521 -17.9127 -3.4641
3 16 21.9521 -17.9127 -3.4641 25.9079 -19.4127 -4 22.0115 -19.9118 -4
3 16 25.9079 -19.4127 -4 26.2242 -21.3875 -3.4641 22.0115 -19.9118 -4
3 16 22.0115 -19.9118 -4 26.2242 -21.3875 -3.4641 22.0708 -21.9109 -3.4641
3 16 26.2242 -21.3875 -3.4641 26.4558 -22.8332 -2 22.0708 -21.9109 -3.4641
3 16 22.0708 -21.9109 -3.4641 26.4558 -22.8332 -2 22.1142 -23.3744 -2
3 16 26.4558 -22.8332 -2 26.5405 -23.3623 0 22.1142 -23.3744 -2
3 16 22.1142 -23.3744 -2 26.5405 -23.3623 0 22.1301 -23.91 0
3 16 26.4558 -22.8332 2 22.1142 -23.3744 2 26.5405 -23.3623 0
3 16 26.5405 -23.3623 0 22.1142 -23.3744 2 22.1301 -23.91 0
3 16 26.2242 -21.3875 3.4641 22.0708 -21.9109 3.4641 26.4558 -22.8332 2
3 16 26.4558 -22.8332 2 22.0708 -21.9109 3.4641 22.1142 -23.3744 2
3 16 25.9079 -19.4127 4 22.0115 -19.9118 4 26.2242 -21.3875 3.4641
3 16 26.2242 -21.3875 3.4641 22.0115 -19.9118 4 22.0708 -21.9109 3.4641
3 16 25.5916 -17.4378 3.4641 21.9521 -17.9127 3.4641 25.9079 -19.4127 4
3 16 25.9079 -19.4127 4 21.9521 -17.9127 3.4641 22.0115 -19.9118 4
3 16 25.36 -15.9922 2 21.9087 -16.4492 2 25.5916 -17.4378 3.4641
3 16 25.5916 -17.4378 3.4641 21.9087 -16.4492 2 21.9521 -17.9127 3.4641
3 16 25.2753 -15.463 0 21.8928 -15.9136 0 25.36 -15.9922 2
3 16 25.36 -15.9922 2 21.8928 -15.9136 0 21.9087 -16.4492 2
3 16 25.2753 -15.463 0 25.36 -15.9922 -2 21.8928 -15.9136 0
3 16 21.8928 -15.9136 0 25.36 -15.9922 -2 21.9087 -16.4492 -2
3 16 25.36 -15.9922 -2 25.5916 -17.4378 -3.4641 21.9087 -16.4492 -2
3 16 21.9087 -16.4492 -2 25.5916 -17.4378 -3.4641 21.9521 -17.9127 -3.4641
3 16 21.9087 -16.4492 -2 21.9521 -17.9127 -3.4641 18.0913 -16.4492 -2
3 16 18.0913 -16.4492 -2 21.9521 -17.9127 -3.4641 18.0479 -17.9127 -3.4641
3 16 21.8928 -15.9136 0 21.9087 -16.4492 -2 18.1072 -15.9136 0
3 16 18.1072 -15.9136 0 21.9087 -16.4492 -2 18.0913 -16.4492 -2
3 16 21.9087 -16.4492 2 21.8928 -15.9136 0 18.0913 -16.4492 2
3 16 18.0913 -16.4492 2 21.8928 -15.9136 0 18.1072 -15.9136 0
3 16 21.9521 -17.9127 3.4641 21.9087 -16.4492 2 18.0479 -17.9127 3.4641
3 16 18.0479 -17.9127 3.4641 21.9087 -16.4492 2 18.0913 -16.4492 2
3 16 22.0115 -19.9118 4 21.9521 -17.9127 3.4641 17.9886 -19.9118 4
3 16 17.9886 -19.9118 4 21.9521 -17.9127 3.4641 18.0479 -17.9127 3.4641
3 16 22.0708 -21.9109 3.4641 22.0115 -19.9118 4 17.9292 -21.9109 3.4641
3 16 17.9292 -21.9109 3.4641 22.0115 -19.9118 4 17.9886 -19.9118 4
3 16 22.1142 -23.3744 2 22.0708 -21.9109 3.4641 17.8858 -23.3744 2
3 16 17.8858 -23.3744 2 22.0708 -21.9109 3.4641 17.9292 -21.9109 3.4641
3 16 22.1301 -23.91 0 22.1142 -23.3744 2 17.8699 -23.91 0
3 16 17.8699 -23.91 0 22.1142 -23.3744 2 17.8858 -23.3744 2
3 16 22.1142 -23.3744 -2 22.1301 -23.91 0 17.8858 -23.3744 -2
3 16 17.8858 -23.3744 -2 22.1301 -23.91 0 17.8699 -23.91 0
3 16 22.0708 -21.9109 -3.4641 22.1142 -23.3744 -2 17.9292 -21.9109 -3.4641
3 16 17.9292 -21.9109 -3.4641 22.1142 -23.3744 -2 17.8858 -23.3744 -2
3 16 22.0115 -19.9118 -4 22.0708 -21.9109 -3.4641 17.9886 -19.9118 -4
3 16 17.9886 -19.9118 -4 22.0708 -21.9109 -3.4641 17.9292 -21.9109 -3.4641
3 16 21.9521 -17.9127 -3.4641 22.0115 -19.9118 -4 18.0479 -17.9127 -3.4641
3 16 18.0479 -17.9127 -3.4641 22.0115 -19.9118 -4 17.9886 -19.9118 -4
3 16 36.5359 -10.3726 2 38 -10.3726 3.4641 36.5359 0 2
3 16 36.5359 0 2 38 -10.3726 3.4641 38 0 3.4641
3 16 36 -10.3726 0 36.5359 -10.3726 2 36 0 0
3 16 36 0 0 36.5359 -10.3726 2 36.5359 0 2
3 16 36.5359 -10.3726 -2 36 -10.3726 0 36.5359 0 -2
3 16 36.5359 0 -2 36 -10.3726 0 36 0 0
3 16 38 -10.3726 -3.4641 36.5359 -10.3726 -2 38 0 -3.4641
3 16 38 0 -3.4641 36.5359 -10.3726 -2 36.5359 0 -2
3 16 40 -10.3726 -4 38 -10.3726 -3.4641 40 0 -4
3 16 40 0 -4 38 -10.3726 -3.4641 38 0 -3.4641
3 16 42 -10.3726 -3.4641 40 -10.3726 -4 42 0 -3.4641
3 16 42 0 -3.4641 40 -10.3726 -4 40 0 -4
3 16 43.4641 -10.3726 -2 42 -10.3726 -3.4641 43.4641 0 -2
3 16 43.4641 0 -2 42 -10.3726 -3.4641 42 0 -3.4641
3 16 44 -10.3726 0 43.4641 -10.3726 -2 44 0 0
3 16 44 0 0 43.4641 -10.3726 -2 43.4641 0 -2
3 16 43.4641 -10.3726 2 44 -10.3726 0 43.4641 0 2
3 16 43.4641 0 2 44 -10.3726 0 44 0 0
3 16 42 -10.3726 3.4641 43.4641 -10.3726 2 42 0 3.4641
3 16 42 0 3.4641 43.4641 -10.3726 2 43.4641 0 2
3 16 40 -10.3726 4 42 -10.3726 3.4641 40 0 4
3 16 40 0 4 42 -10.3726 3.4641 42 0 3.4641
3 16 38 0 3.4641 38 -10.3726 3.4641 40 0 4
3 16 40 0 4 38 -10.3726 3.4641 40 -10.3726 4
3 16 37.2462 -12.2255 -3.4641 35.7272 -13.2947 -3.4641 36.2216 -11.212 -2
3 16 36.2216 -11.212 -2 35.7272 -13.2947 -3.4641 34.9666 -12.0436 -2
3 16 36.2216 -11.212 -2 34.9666 -12.0436 -2 35.8427 -10.8227 0
3 16 35.8427 -10.8227 0 34.9666 -12.0436 -2 34.6881 -11.5857 0
3 16 36.2216 -11.212 2 35.8427 -10.8227 0 34.9666 -12.0436 2
3 16 34.9666 -12.0436 2 35.8427 -10.8227 0 34.6881 -11.5857 0
3 16 37.2462 -12.2255 3.4641 36.2216 -11.212 2 35.7272 -13.2947 3.4641
3 16 35.7272 -13.2947 3.4641 36.2216 -11.212 2 34.9666 -12.0436 2
3 16 38.6452 -13.6099 4 37.2462 -12.2255 3.4641 36.7662 -15.0036 4
3 16 36.7662 -15.0036 4 37.2462 -12.2255 3.4641 35.7272 -13.2947 3.4641
3 16 40.0455 -14.996 3.4641 38.6452 -13.6099 4 37.8053 -16.7125 3.4641
3 16 37.8053 -16.7125 3.4641 38.6452 -13.6099 4 36.7662 -15.0036 4
3 16 41.0714 -16.0117 2 40.0455 -14.996 3.4641 38.5659 -17.9635 2
3 16 38.5659 -17.9635 2 40.0455 -14.996 3.4641 37.8053 -16.7125 3.4641
3 16 41.447 -16.3837 0 41.0714 -16.0117 2 38.8443 -18.4214 0
3 16 38.8443 -18.4214 0 41.0714 -16.0117 2 38.5659 -17.9635 2
3 16 41.447 -16.3837 0 38.8443 -18.4214 0 41.0714 -16.0117 -2
3 16 41.0714 -16.0117 -2 38.8443 -18.4214 0 38.5659 -17.9635 -2
3 16 41.0714 -16.0117 -2 38.5659 -17.9635 -2 40.0455 -14.996 -3.4641
3 16 40.0455 -14.996 -3.4641 38.5659 -17.9635 -2 37.8053 -16.7125 -3.4641
3 16 40.0455 -14.996 -3.4641 37.8053 -16.7125 -3.4641 38.6452 -13.6099 -4
3 16 38.6452 -13.6099 -4 37.8053 -16.7125 -3.4641 36.7662 -15.0036 -4
3 16 35.7272 -13.2947 -3.4641 37.2462 -12.2255 -3.4641 36.7662 -15.0036 -4
3 16 36.7662 -15.0036 -4 37.2462 -12.2255 -3.4641 38.6452 -13.6099 -4
3 16 39 -5.5 1.7321 40 -5.5 0 38.268 -5.5 1
3 16 40 -5.5 2 40 -5.5 0 39 -5.5 1.7321
3 16 41 -5.5 1.7321 40 -5.5 0 40 -5.5 2
3 16 41.7321 -5.5 1 40 -5.5 0 41 -5.5 1.7321
3 16 42 -5.5 0 40 -5.5 0 41.7321 -5.5 1
3 16 41.7321 -5.5 -1 40 -5.5 0 42 -5.5 0
3 16 41 -5.5 -1.7321 40 -5.5 0 41.7321 -5.5 -1
3 16 40 -5.5 -2 40 -5.5 0 41 -5.5 -1.7321
3 16 39 -5.5 -1.7321 40 -5.5 0 40 -5.5 -2
3 16 38.268 -5.5 -1 40 -5.5 0 39 -5.5 -1.7321
3 16 38 -5.5 0 40 -5.5 0 38.268 -5.5 -1
3 16 38.268 -5.5 1 40 -5.5 0 38 -5.5 0
3 16 38.268 0 1 36.5359 0 2 39 0 1.7321
3 16 39 0 1.7321 36.5359 0 2 38 0 3.4641
3 16 39 0 1.7321 38 0 3.4641 40 0 2
3 16 40 0 2 38 0 3.4641 40 0 4
3 16 40 0 2 40 0 4 41 0 1.7321
3 16 41 0 1.7321 40 0 4 42 0 3.4641
3 16 41 0 1.7321 42 0 3.4641 41.7321 0 1
3 16 41.7321 0 1 42 0 3.4641 43.4641 0 2
3 16 41.7321 0 1 43.4641 0 2 42 0 0
3 16 42 0 0 43.4641 0 2 44 0 0
3 16 42 0 0 44 0 0 41.7321 0 -1
3 16 41.7321 0 -1 44 0 0 43.4641 0 -2
3 16 41.7321 0 -1 43.4641 0 -2 41 0 -1.7321
3 16 41 0 -1.7321 43.4641 0 -2 42 0 -3.4641
3 16 41 0 -1.7321 42 0 -3.4641 40 0 -2
3 16 40 0 -2 42 0 -3.4641 40 0 -4
3 16 40 0 -2 40 0 -4 39 0 -1.7321
3 16 39 0 -1.7321 40 0 -4 38 0 -3.4641
3 16 39 0 -1.7321 38 0 -3.4641 38.268 0 -1
3 16 38.268 0 -1 38 0 -3.4641 36.5359 0 -2
3 16 38.268 0 -1 36.5359 0 -2 38 0 0
3 16 38 0 0 36.5359 0 -2 36 0 0
3 16 38 0 0 36 0 0 38.268 0 1
3 16 38.268 0 1 36 0 0 36.5359 0 2
3 16 39 0 1.7321 39 -5.5 1.7321 38.268 0 1
3 16 38.268 0 1 39 -5.5 1.7321 38.268 -5.5 1
3 16 40 0 2 40 -5.5 2 39 0 1.7321
3 16 39 0 1.7321 40 -5.5 2 39 -5.5 1.7321
3 16 41 0 1.7321 41 -5.5 1.7321 40 0 2
3 16 40 0 2 41 -5.5 1.7321 40 -5.5 2
3 16 41.7321 0 1 41.7321 -5.5 1 41 0 1.7321
3 16 41 0 1.7321 41.7321 -5.5 1 41 -5.5 1.7321
3 16 42 0 0 42 -5.5 0 41.7321 0 1
3 16 41.7321 0 1 42 -5.5 0 41.7321 -5.5 1
3 16 41.7321 0 -1 41.7321 -5.5 -1 42 0 0
3 16 42 0 0 41.7321 -5.5 -1 42 -5.5 0
3 16 41 0 -1.7321 41 -5.5 -1.7321 41.7321 0 -1
3 16 41.7321 0 -1 41 -5.5 -1.7321 41.7321 -5.5 -1
3 16 40 0 -2 40 -5.5 -2 41 0 -1.7321
3 16 41 0 -1.7321 40 -5.5 -2 41 -5.5 -1.7321
3 16 39 0 -1.7321 39 -5.5 -1.7321 40 0 -2
3 16 40 0 -2 39 -5.5 -1.7321 40 -5.5 -2
3 16 38.268 0 -1 38.268 -5.5 -1 39 0 -1.7321
3 16 39 0 -1.7321 38.268 -5.5 -1 39 -5.5 -1.7321
3 16 38 0 0 38 -5.5 0 38.268 0 -1
3 16 38.268 0 -1 38 -5.5 0 38.268 -5.5 -1
3 16 38.268 0 1 38.268 -5.5 1 38 0 0
3 16 38 0 0 38.268 -5.5 1 38 -5.5 0
3 16 2.1809 -11.3889 3.4641 3.5249 -10.8372 2 2 -10.3726 3.4641
3 16 2 -10.3726 3.4641 3.5249 -10.8372 2 3.4641 -10.3726 2
3 16 3.5249 -10.8372 2 4.0304 -10.6111 0 3.4641 -10.3726 2
3 16 3.4641 -10.3726 2 4.0304 -10.6111 0 4 -10.3726 0
3 16 4 -10.3726 0 4.0304 -10.6111 0 3.4641 -10.3726 -2
3 16 3.4641 -10.3726 -2 4.0304 -10.6111 0 3.5249 -10.8372 -2
3 16 3.4641 -10.3726 -2 3.5249 -10.8372 -2 2 -10.3726 -3.4641
3 16 2 -10.3726 -3.4641 3.5249 -10.8372 -2 2.1809 -11.3889 -3.4641
3 16 2 -10.3726 -3.4641 2.1809 -11.3889 -3.4641 0 -10.3726 -4
3 16 0 -10.3726 -4 2.1809 -11.3889 -3.4641 0.3489 -12.1409 -4
3 16 0.3489 -12.1409 -4 -1.4831 -12.8935 -3.4641 0 -10.3726 -4
3 16 0 -10.3726 -4 -1.4831 -12.8935 -3.4641 -2 -10.3726 -3.4641
3 16 -1.4831 -12.8935 -3.4641 -2.8245 -13.4449 -2 -2 -10.3726 -3.4641
3 16 -2 -10.3726 -3.4641 -2.8245 -13.4449 -2 -3.4641 -10.3726 -2
3 16 -2.8245 -13.4449 -2 -3.3156 -13.6469 0 -3.4641 -10.3726 -2
3 16 -3.4641 -10.3726 -2 -3.3156 -13.6469 0 -4 -10.3726 0
3 16 -4 -10.3726 0 -3.3156 -13.6469 0 -3.4641 -10.3726 2
3 16 -3.4641 -10.3726 2 -3.3156 -13.6469 0 -2.8245 -13.4449 2
3 16 -3.4641 -10.3726 2 -2.8245 -13.4449 2 -2 -10.3726 3.4641
3 16 -2 -10.3726 3.4641 -2.8245 -13.4449 2 -1.4831 -12.8935 3.4641
3 16 -2 -10.3726 3.4641 -1.4831 -12.8935 3.4641 0 -10.3726 4
3 16 0 -10.3726 4 -1.4831 -12.8935 3.4641 0.3489 -12.1409 4
3 16 0.3489 -12.1409 4 2.1809 -11.3889 3.4641 0 -10.3726 4
3 16 0 -10.3726 4 2.1809 -11.3889 3.4641 2 -10.3726 3.4641
3 16 2.1809 -11.3889 3.4641 2.7538 -12.2255 3.4641 3.5249 -10.8372 2
3 16 3.5249 -10.8372 2 2.7538 -12.2255 3.4641 3.7784 -11.212 2
3 16 3.7784 -11.212 2 4.1573 -10.8227 0 3.5249 -10.8372 2
3 16 3.5249 -10.8372 2 4.1573 -10.8227 0 4.0304 -10.6111 0
3 16 4.0304 -10.6111 0 4.1573 -10.8227 0 3.5249 -10.8372 -2
3 16 3.5249 -10.8372 -2 4.1573 -10.8227 0 3.7784 -11.212 -2
3 16 3.7784 -11.212 -2 2.7538 -12.2255 -3.4641 3.5249 -10.8372 -2
3 16 3.5249 -10.8372 -2 2.7538 -12.2255 -3.4641 2.1809 -11.3889 -3.4641
3 16 2.7538 -12.2255 -3.4641 1.3548 -13.6099 -4 2.1809 -11.3889 -3.4641
3 16 2.1809 -11.3889 -3.4641 1.3548 -13.6099 -4 0.3489 -12.1409 -4
3 16 1.3548 -13.6099 -4 -0.0455 -14.996 -3.4641 0.3489 -12.1409 -4
3 16 0.3489 -12.1409 -4 -0.0455 -14.996 -3.4641 -1.4831 -12.8935 -3.4641
3 16 -0.0455 -14.996 -3.4641 -1.0714 -16.0117 -2 -1.4831 -12.8935 -3.4641
3 16 -1.4831 -12.8935 -3.4641 -1.0714 -16.0117 -2 -2.8245 -13.4449 -2
3 16 -1.0714 -16.0117 -2 -1.447 -16.3837 0 -2.8245 -13.4449 -2
3 16 -2.8245 -13.4449 -2 -1.447 -16.3837 0 -3.3156 -13.6469 0
3 16 -3.3156 -13.6469 0 -1.447 -16.3837 0 -2.8245 -13.4449 2
3 16 -2.8245 -13.4449 2 -1.447 -16.3837 0 -1.0714 -16.0117 2
3 16 -2.8245 -13.4449 2 -1.0714 -16.0117 2 -1.4831 -12.8935 3.4641
3 16 -1.4831 -12.8935 3.4641 -1.0714 -16.0117 2 -0.0455 -14.996 3.4641
3 16 -1.4831 -12.8935 3.4641 -0.0455 -14.996 3.4641 0.3489 -12.1409 4
3 16 0.3489 -12.1409 4 -0.0455 -14.996 3.4641 1.3548 -13.6099 4
3 16 0.3489 -12.1409 4 1.3548 -13.6099 4 2.1809 -11.3889 3.4641
3 16 2.1809 -11.3889 3.4641 1.3548 -13.6099 4 2.7538 -12.2255 3.4641
3 16 5.0334 -12.0436 -2 4.2728 -13.2947 -3.4641 3.7784 -11.212 -2
3 16 3.7784 -11.212 -2 4.2728 -13.2947 -3.4641 2.7538 -12.2255 -3.4641
3 16 5.3119 -11.5857 0 5.0334 -12.0436 -2 4.1573 -10.8227 0
3 16 4.1573 -10.8227 0 5.0334 -12.0436 -2 3.7784 -11.212 -2
3 16 5.3119 -11.5857 0 4.1573 -10.8227 0 5.0334 -12.0436 2
3 16 5.0334 -12.0436 2 4.1573 -10.8227 0 3.7784 -11.212 2
3 16 5.0334 -12.0436 2 3.7784 -11.212 2 4.2728 -13.2947 3.4641
3 16 4.2728 -13.2947 3.4641 3.7784 -11.212 2 2.7538 -12.2255 3.4641
3 16 4.2728 -13.2947 3.4641 2.7538 -12.2255 3.4641 3.2338 -15.0036 4
3 16 3.2338 -15.0036 4 2.7538 -12.2255 3.4641 1.3548 -13.6099 4
3 16 3.2338 -15.0036 4 1.3548 -13.6099 4 2.1947 -16.7125 3.4641
3 16 2.1947 -16.7125 3.4641 1.3548 -13.6099 4 -0.0455 -14.996 3.4641
3 16 2.1947 -16.7125 3.4641 -0.0455 -14.996 3.4641 1.4341 -17.9635 2
3 16 1.4341 -17.9635 2 -0.0455 -14.996 3.4641 -1.0714 -16.0117 2
3 16 1.4341 -17.9635 2 -1.0714 -16.0117 2 1.1557 -18.4214 0
3 16 1.1557 -18.4214 0 -1.0714 -16.0117 2 -1.447 -16.3837 0
3 16 1.4341 -17.9635 -2 1.1557 -18.4214 0 -1.0714 -16.0117 -2
3 16 -1.0714 -16.0117 -2 1.1557 -18.4214 0 -1.447 -16.3837 0
3 16 2.1947 -16.7125 -3.4641 1.4341 -17.9635 -2 -0.0455 -14.996 -3.4641
3 16 -0.0455 -14.996 -3.4641 1.4341 -17.9635 -2 -1.0714 -16.0117 -2
3 16 3.2338 -15.0036 -4 2.1947 -16.7125 -3.4641 1.3548 -13.6099 -4
3 16 1.3548 -13.6099 -4 2.1947 -16.7125 -3.4641 -0.0455 -14.996 -3.4641
3 16 4.2728 -13.2947 -3.4641 3.2338 -15.0036 -4 2.7538 -12.2255 -3.4641
3 16 2.7538 -12.2255 -3.4641 3.2338 -15.0036 -4 1.3548 -13.6099 -4
3 16 4.2728 -13.2947 -3.4641 7.4631 -15.1094 -3.4641 3.2338 -15.0036 -4
3 16 3.2338 -15.0036 -4 7.4631 -15.1094 -3.4641 6.6528 -16.9379 -4
3 16 3.2338 -15.0036 -4 6.6528 -16.9379 -4 2.1947 -16.7125 -3.4641
3 16 2.1947 -16.7125 -3.4641 6.6528 -16.9379 -4 5.8425 -18.7665 -3.4641
3 16 2.1947 -16.7125 -3.4641 5.8425 -18.7665 -3.4641 1.4341 -17.9635 -2
3 16 1.4341 -17.9635 -2 5.8425 -18.7665 -3.4641 5.2493 -20.105 -2
3 16 1.4341 -17.9635 -2 5.2493 -20.105 -2 1.1557 -18.4214 0
3 16 1.1557 -18.4214 0 5.2493 -20.105 -2 5.0322 -20.595 0
3 16 5.0322 -20.595 0 5.2493 -20.105 2 1.1557 -18.4214 0
3 16 1.1557 -18.4214 0 5.2493 -20.105 2 1.4341 -17.9635 2
3 16 5.2493 -20.105 2 5.8425 -18.7665 3.4641 1.4341 -17.9635 2
3 16 1.4341 -17.9635 2 5.8425 -18.7665 3.4641 2.1947 -16.7125 3.4641
3 16 5.8425 -18.7665 3.4641 6.6528 -16.9379 4 2.1947 -16.7125 3.4641
3 16 2.1947 -16.7125 3.4641 6.6528 -16.9379 4 3.2338 -15.0036 4
3 16 6.6528 -16.9379 4 7.4631 -15.1094 3.4641 3.2338 -15.0036 4
3 16 3.2338 -15.0036 4 7.4631 -15.1094 3.4641 4.2728 -13.2947 3.4641
3 16 7.4631 -15.1094 3.4641 8.0562 -13.7709 2 4.2728 -13.2947 3.4641
3 16 4.2728 -13.2947 3.4641 8.0562 -13.7709 2 5.0334 -12.0436 2
3 16 8.0562 -13.7709 2 8.2733 -13.2809 0 5.0334 -12.0436 2
3 16 5.0334 -12.0436 2 8.2733 -13.2809 0 5.3119 -11.5857 0
3 16 5.3119 -11.5857 0 8.2733 -13.2809 0 5.0334 -12.0436 -2
3 16 5.0334 -12.0436 -2 8.2733 -13.2809 0 8.0562 -13.7709 -2
3 16 5.0334 -12.0436 -2 8.0562 -13.7709 -2 4.2728 -13.2947 -3.4641
3 16 4.2728 -13.2947 -3.4641 8.0562 -13.7709 -2 7.4631 -15.1094 -3.4641
3 16 8.0562 -13.7709 -2 11.2763 -15.0944 -2 7.4631 -15.1094 -3.4641
3 16 7.4631 -15.1094 -3.4641 11.2763 -15.0944 -2 10.8605 -16.4982 -3.4641
3 16 8.2733 -13.2809 0 11.4285 -14.5806 0 8.0562 -13.7709 -2
3 16 8.0562 -13.7709 -2 11.4285 -14.5806 0 11.2763 -15.0944 -2
3 16 11.2763 -15.0944 2 11.4285 -14.5806 0 8.0562 -13.7709 2
3 16 8.0562 -13.7709 2 11.4285 -14.5806 0 8.2733 -13.2809 0
3 16 10.8605 -16.4982 3.4641 11.2763 -15.0944 2 7.4631 -15.1094 3.4641
3 16 7.4631 -15.1094 3.4641 11.2763 -15.0944 2 8.0562 -13.7709 2
3 16 10.2924 -18.4158 4 10.8605 -16.4982 3.4641 6.6528 -16.9379 4
3 16 6.6528 -16.9379 4 10.8605 -16.4982 3.4641 7.4631 -15.1094 3.4641
3 16 9.7244 -20.3335 3.4641 10.2924 -18.4158 4 5.8425 -18.7665 3.4641
3 16 5.8425 -18.7665 3.4641 10.2924 -18.4158 4 6.6528 -16.9379 4
3 16 9.3086 -21.7373 2 9.7244 -20.3335 3.4641 5.2493 -20.105 2
3 16 5.2493 -20.105 2 9.7244 -20.3335 3.4641 5.8425 -18.7665 3.4641
3 16 9.1564 -22.2511 0 9.3086 -21.7373 2 5.0322 -20.595 0
3 16 5.0322 -20.595 0 9.3086 -21.7373 2 5.2493 -20.105 2
3 16 5.2493 -20.105 -2 9.3086 -21.7373 -2 5.0322 -20.595 0
3 16 5.0322 -20.595 0 9.3086 -21.7373 -2 9.1564 -22.2511 0
3 16 5.8425 -18.7665 -3.4641 9.7244 -20.3335 -3.4641 5.2493 -20.105 -2
3 16 5.2493 -20.105 -2 9.7244 -20.3335 -3.4641 9.3086 -21.7373 -2
3 16 6.6528 -16.9379 -4 10.2924 -18.4158 -4 5.8425 -18.7665 -3.4641
3 16 5.8425 -18.7665 -3.4641 10.2924 -18.4158 -4 9.7244 -20.3335 -3.4641
3 16 7.4631 -15.1094 -3.4641 10.8605 -16.4982 -3.4641 6.6528 -16.9379 -4
3 16 6.6528 -16.9379 -4 10.8605 -16.4982 -3.4641 10.2924 -18.4158 -4
3 16 11.2763 -15.0944 -2 14.64 -15.9922 -2 10.8605 -16.4982 -3.4641
3 16 10.8605 -16.4982 -3.4641 14.64 -15.9922 -2 14.4084 -17.4378 -3.4641
3 16 11.4285 -14.5806 0 14.7248 -15.463 0 11.2763 -15.0944 -2
3 16 11.2763 -15.0944 -2 14.7248 -15.463 0 14.64 -15.9922 -2
3 16 14.64 -15.9922 2 14.7248 -15.463 0 11.2763 -15.0944 2
3 16 11.2763 -15.0944 2 14.7248 -15.463 0 11.4285 -14.5806 0
3 16 14.4084 -17.4378 3.4641 14.64 -15.9922 2 10.8605 -16.4982 3.4641
3 16 10.8605 -16.4982 3.4641 14.64 -15.9922 2 11.2763 -15.0944 2
3 16 14.0921 -19.4127 4 14.4084 -17.4378 3.4641 10.2924 -18.4158 4
3 16 10.2924 -18.4158 4 14.4084 -17.4378 3.4641 10.8605 -16.4982 3.4641
3 16 13.7758 -21.3875 3.4641 14.0921 -19.4127 4 9.7244 -20.3335 3.4641
3 16 9.7244 -20.3335 3.4641 14.0921 -19.4127 4 10.2924 -18.4158 4
3 16 13.5443 -22.8332 2 13.7758 -21.3875 3.4641 9.3086 -21.7373 2
3 16 9.3086 -21.7373 2 13.7758 -21.3875 3.4641 9.7244 -20.3335 3.4641
3 16 13.4595 -23.3623 0 13.5443 -22.8332 2 9.1564 -22.2511 0
3 16 9.1564 -22.2511 0 13.5443 -22.8332 2 9.3086 -21.7373 2
3 16 9.3086 -21.7373 -2 13.5443 -22.8332 -2 9.1564 -22.2511 0
3 16 9.1564 -22.2511 0 13.5443 -22.8332 -2 13.4595 -23.3623 0
3 16 9.7244 -20.3335 -3.4641 13.7758 -21.3875 -3.4641 9.3086 -21.7373 -2
3 16 9.3086 -21.7373 -2 13.7758 -21.3875 -3.4641 13.5443 -22.8332 -2
3 16 10.2924 -18.4158 -4 14.0921 -19.4127 -4 9.7244 -20.3335 -3.4641
3 16 9.7244 -20.3335 -3.4641 14.0921 -19.4127 -4 13.7758 -21.3875 -3.4641
3 16 10.8605 -16.4982 -3.4641 14.4084 -17.4378 -3.4641 10.2924 -18.4158 -4
3 16 10.2924 -18.4158 -4 14.4084 -17.4378 -3.4641 14.0921 -19.4127 -4
3 16 14.4084 -17.4378 -3.4641 18.0479 -17.9127 -3.4641 14.0921 -19.4127 -4
3 16 14.0921 -19.4127 -4 18.0479 -17.9127 -3.4641 17.9886 -19.9118 -4
3 16 14.0921 -19.4127 -4 17.9886 -19.9118 -4 13.7758 -21.3875 -3.4641
3 16 13.7758 -21.3875 -3.4641 17.9886 -19.9118 -4 17.9292 -21.9109 -3.4641
3 16 13.7758 -21.3875 -3.4641 17.9292 -21.9109 -3.4641 13.5443 -22.8332 -2
3 16 13.5443 -22.8332 -2 17.9292 -21.9109 -3.4641 17.8858 -23.3744 -2
3 16 13.5443 -22.8332 -2 17.8858 -23.3744 -2 13.4595 -23.3623 0
3 16 13.4595 -23.3623 0 17.8858 -23.3744 -2 17.8699 -23.91 0
3 16 17.8699 -23.91 0 17.8858 -23.3744 2 13.4595 -23.3623 0
3 16 13.4595 -23.3623 0 17.8858 -23.3744 2 13.5443 -22.8332 2
3 16 17.8858 -23.3744 2 17.9292 -21.9109 3.4641 13.5443 -22.8332 2
3 16 13.5443 -22.8332 2 17.9292 -21.9109 3.4641 13.7758 -21.3875 3.4641
3 16 17.9292 -21.9109 3.4641 17.9886 -19.9118 4 13.7758 -21.3875 3.4641
3 16 13.7758 -21.3875 3.4641 17.9886 -19.9118 4 14.0921 -19.4127 4
3 16 17.9886 -19.9118 4 18.0479 -17.9127 3.4641 14.0921 -19.4127 4
3 16 14.0921 -19.4127 4 18.0479 -17.9127 3.4641 14.4084 -17.4378 3.4641
3 16 18.0479 -17.9127 3.4641 18.0913 -16.4492 2 14.4084 -17.4378 3.4641
3 16 14.4084 -17.4378 3.4641 18.0913 -16.4492 2 14.64 -15.9922 2
3 16 18.0913 -16.4492 2 18.1072 -15.9136 0 14.64 -15.9922 2
3 16 14.64 -15.9922 2 18.1072 -15.9136 0 14.7248 -15.463 0
3 16 14.7248 -15.463 0 18.1072 -15.9136 0 14.64 -15.9922 -2
3 16 14.64 -15.9922 -2 18.1072 -15.9136 0 18.0913 -16.4492 -2
3 16 14.64 -15.9922 -2 18.0913 -16.4492 -2 14.4084 -17.4378 -3.4641
3 16 14.4084 -17.4378 -3.4641 18.0913 -16.4492 -2 18.0479 -17.9127 -3.4641
3 16 3.4641 0 2 2 0 3.4641 3.4641 -10.3726 2
3 16 3.4641 -10.3726 2 2 0 3.4641 2 -10.3726 3.4641
3 16 2 -10.3726 3.4641 2 0 3.4641 0 -10.3726 4
3 16 0 -10.3726 4 2 0 3.4641 0 0 4
3 16 0 0 4 -2 0 3.4641 0 -10.3726 4
3 16 0 -10.3726 4 -2 0 3.4641 -2 -10.3726 3.4641
3 16 -2 0 3.4641 -3.4641 0 2 -2 -10.3726 3.4641
3 16 -2 -10.3726 3.4641 -3.4641 0 2 -3.4641 -10.3726 2
3 16 -3.4641 0 2 -4 0 0 -3.4641 -10.3726 2
3 16 -3.4641 -10.3726 2 -4 0 0 -4 -10.3726 0
3 16 -4 0 0 -3.4641 0 -2 -4 -10.3726 0
3 16 -4 -10.3726 0 -3.4641 0 -2 -3.4641 -10.3726 -2
3 16 -3.4641 0 -2 -2 0 -3.4641 -3.4641 -10.3726 -2
3 16 -3.4641 -10.3726 -2 -2 0 -3.4641 -2 -10.3726 -3.4641
3 16 -2 0 -3.4641 0 0 -4 -2 -10.3726 -3.4641
3 16 -2 -10.3726 -3.4641 0 0 -4 0 -10.3726 -4
3 16 0 0 -4 2 0 -3.4641 0 -10.3726 -4
3 16 0 -10.3726 -4 2 0 -3.4641 2 -10.3726 -3.4641
3 16 2 0 -3.4641 3.4641 0 -2 2 -10.3726 -3.4641
3 16 2 -10.3726 -3.4641 3.4641 0 -2 3.4641 -10.3726 -2
3 16 3.4641 0 -2 4 0 0 3.4641 -10.3726 -2
3 16 3.4641 -10.3726 -2 4 0 0 4 -10.3726 0
3 16 4 0 0 3.4641 0 2 4 -10.3726 0
3 16 4 -10.3726 0 3.4641 0 2 3.4641 -10.3726 2
3 16 1 -5.5 1.7321 1.7321 -5.5 1 0 -5.5 0
3 16 0 -5.5 2 1 -5.5 1.7321 0 -5.5 0
3 16 -1 -5.5 1.7321 0 -5.5 2 0 -5.5 0
3 16 -1.7321 -5.5 1 -1 -5.5 1.7321 0 -5.5 0
3 16 -2 -5.5 0 -1.7321 -5.5 1 0 -5.5 0
3 16 -1.7321 -5.5 -1 -2 -5.5 0 0 -5.5 0
3 16 -1 -5.5 -1.7321 -1.7321 -5.5 -1 0 -5.5 0
3 16 0 -5.5 -2 -1 -5.5 -1.7321 0 -5.5 0
3 16 1 -5.5 -1.7321 0 -5.5 -2 0 -5.5 0
3 16 1.7321 -5.5 -1 1 -5.5 -1.7321 0 -5.5 0
3 16 2 -5.5 0 1.7321 -5.5 -1 0 -5.5 0
3 16 1.7321 -5.5 1 2 -5.5 0 0 -5.5 0
3 16 1.7321 0 1 1 0 1.7321 3.4641 0 2
3 16 3.4641 0 2 1 0 1.7321 2 0 3.4641
3 16 1 0 1.7321 1.7321 0 1 1 -5.5 1.7321
3 16 1 -5.5 1.7321 1.7321 0 1 1.7321 -5.5 1
3 16 1 0 1.7321 0 0 2 2 0 3.4641
3 16 2 0 3.4641 0 0 2 0 0 4
3 16 0 0 2 1 0 1.7321 0 -5.5 2
3 16 0 -5.5 2 1 0 1.7321 1 -5.5 1.7321
3 16 0 0 2 -1 0 1.7321 0 0 4
3 16 0 0 4 -1 0 1.7321 -2 0 3.4641
3 16 -1 0 1.7321 0 0 2 -1 -5.5 1.7321
3 16 -1 -5.5 1.7321 0 0 2 0 -5.5 2
3 16 -1 0 1.7321 -1.7321 0 1 -2 0 3.4641
3 16 -2 0 3.4641 -1.7321 0 1 -3.4641 0 2
3 16 -1.7321 0 1 -1 0 1.7321 -1.7321 -5.5 1
3 16 -1.7321 -5.5 1 -1 0 1.7321 -1 -5.5 1.7321
3 16 -1.7321 0 1 -2 0 0 -3.4641 0 2
3 16 -3.4641 0 2 -2 0 0 -4 0 0
3 16 -2 0 0 -1.7321 0 1 -2 -5.5 0
3 16 -2 -5.5 0 -1.7321 0 1 -1.7321 -5.5 1
3 16 -2 0 0 -1.7321 0 -1 -4 0 0
3 16 -4 0 0 -1.7321 0 -1 -3.4641 0 -2
3 16 -1.7321 0 -1 -2 0 0 -1.7321 -5.5 -1
3 16 -1.7321 -5.5 -1 -2 0 0 -2 -5.5 0
3 16 -1.7321 0 -1 -1 0 -1.7321 -3.4641 0 -2
3 16 -3.4641 0 -2 -1 0 -1.7321 -2 0 -3.4641
3 16 -1 0 -1.7321 -1.7321 0 -1 -1 -5.5 -1.7321
3 16 -1 -5.5 -1.7321 -1.7321 0 -1 -1.7321 -5.5 -1
3 16 -1 0 -1.7321 0 0 -2 -2 0 -3.4641
3 16 -2 0 -3.4641 0 0 -2 0 0 -4
3 16 0 0 -2 -1 0 -1.7321 0 -5.5 -2
3 16 0 -5.5 -2 -1 0 -1.7321 -1 -5.5 -1.7321
3 16 0 0 -2 1 0 -1.7321 0 0 -4
3 16 0 0 -4 1 0 -1.7321 2 0 -3.4641
3 16 1 0 -1.7321 0 0 -2 1 -5.5 -1.7321
3 16 1 -5.5 -1.7321 0 0 -2 0 -5.5 -2
3 16 1 0 -1.7321 1.7321 0 -1 2 0 -3.4641
3 16 2 0 -3.4641 1.7321 0 -1 3.4641 0 -2
3 16 1.7321 0 -1 1 0 -1.7321 1.7321 -5.5 -1
3 16 1.7321 -5.5 -1 1 0 -1.7321 1 -5.5 -1.7321
3 16 1.7321 0 -1 2 0 0 3.4641 0 -2
3 16 3.4641 0 -2 2 0 0 4 0 0
3 16 2 0 0 1.7321 0 -1 2 -5.5 0
3 16 2 -5.5 0 1.7321 0 -1 1.7321 -5.5 -1
3 16 1.7321 0 1 2 0 0 1.7321 -5.5 1
3 16 1.7321 -5.5 1 2 0 0 2 -5.5 0
3 16 2 0 0 1.7321 0 1 4 0 0
3 16 4 0 0 1.7321 0 1 3.4641 0 2
2 24 36.5359 0 2 38 0 3.4641
2 24 36.5359 0 2 36 0 0
2 24 36 0 0 36.5359 0 -2
2 24 36.5359 0 -2 38 0 -3.4641
2 24 38 0 -3.4641 40 0 -4
2 24 40 0 -4 42 0 -3.4641
2 24 42 0 -3.4641 43.4641 0 -2
2 24 43.4641 0 -2 44 0 0
2 24 44 0 0 43.4641 0 2
2 24 43.4641 0 2 42 0 3.4641
2 24 42 0 3.4641 40 0 4
2 24 38 0 3.4641 40 0 4
2 24 39 -5.5 1.7321 38.268 -5.5 1
2 24 39 -5.5 1.7321 40 -5.5 2
2 24 40 -5.5 2 41 -5.5 1.7321
2 24 41 -5.5 1.7321 41.7321 -5.5 1
2 24 41.7321 -5.5 1 42 -5.5 0
2 24 42 -5.5 0 41.7321 -5.5 -1
2 24 41.7321 -5.5 -1 41 -5.5 -1.7321
2 24 41 -5.5 -1.7321 40 -5.5 -2
2 24 40 -5.5 -2 39 -5.5 -1.7321
2 24 39 -5.5 -1.7321 38.268 -5.5 -1
2 24 38.268 -5.5 -1 38 -5.5 0
2 24 38.268 -5.5 1 38 -5.5 0
2 24 38.268 0 1 39 0 1.7321
2 24 36.5359 0 2 38 0 3.4641
2 24 39 0 1.7321 40 0 2
2 24 38 0 3.4641 40 0 4
2 24 40 0 2 41 0 1.7321
2 24 40 0 4 42 0 3.4641
2 24 41 0 1.7321 41.7321 0 1
2 24 42 0 3.4641 43.4641 0 2
2 24 41.7321 0 1 42 0 0
2 24 43.4641 0 2 44 0 0
2 24 42 0 0 41.7321 0 -1
2 24 44 0 0 43.4641 0 -2
2 24 41.7321 0 -1 41 0 -1.7321
2 24 43.4641 0 -2 42 0 -3.4641
2 24 41 0 -1.7321 40 0 -2
2 24 42 0 -3.4641 40 0 -4
2 24 40 0 -2 39 0 -1.7321
2 24 40 0 -4 38 0 -3.4641
2 24 39 0 -1.7321 38.268 0 -1
2 24 38 0 -3.4641 36.5359 0 -2
2 24 38.268 0 -1 38 0 0
2 24 36.5359 0 -2 36 0 0
2 24 38.268 0 1 38 0 0
2 24 36.5359 0 2 36 0 0
2 24 39 0 1.7321 38.268 0 1
2 24 39 -5.5 1.7321 38.268 -5.5 1
2 24 39 0 1.7321 40 0 2
2 24 39 -5.5 1.7321 40 -5.5 2
2 24 40 0 2 41 0 1.7321
2 24 40 -5.5 2 41 -5.5 1.7321
2 24 41 0 1.7321 41.7321 0 1
2 24 41 -5.5 1.7321 41.7321 -5.5 1
2 24 41.7321 0 1 42 0 0
2 24 41.7321 -5.5 1 42 -5.5 0
2 24 42 0 0 41.7321 0 -1
2 24 42 -5.5 0 41.7321 -5.5 -1
2 24 41.7321 0 -1 41 0 -1.7321
2 24 41.7321 -5.5 -1 41 -5.5 -1.7321
2 24 41 0 -1.7321 40 0 -2
2 24 41 -5.5 -1.7321 40 -5.5 -2
2 24 40 0 -2 39 0 -1.7321
2 24 40 -5.5 -2 39 -5.5 -1.7321
2 24 39 0 -1.7321 38.268 0 -1
2 24 39 -5.5 -1.7321 38.268 -5.5 -1
2 24 38.268 0 -1 38 0 0
2 24 38.268 -5.5 -1 38 -5.5 0
2 24 38.268 0 1 38 0 0
2 24 38.268 -5.5 1 38 -5.5 0
2 24 3.4641 0 2 2 0 3.4641
2 24 2 0 3.4641 0 0 4
2 24 0 0 4 -2 0 3.4641
2 24 -2 0 3.4641 -3.4641 0 2
2 24 -3.4641 0 2 -4 0 0
2 24 -4 0 0 -3.4641 0 -2
2 24 -3.4641 0 -2 -2 0 -3.4641
2 24 -2 0 -3.4641 0 0 -4
2 24 0 0 -4 2 0 -3.4641
2 24 2 0 -3.4641 3.4641 0 -2
2 24 3.4641 0 -2 4 0 0
2 24 3.4641 0 2 4 0 0
2 24 1 -5.5 1.7321 1.7321 -5.5 1
2 24 1 -5.5 1.7321 0 -5.5 2
2 24 0 -5.5 2 -1 -5.5 1.7321
2 24 -1 -5.5 1.7321 -1.7321 -5.5 1
2 24 -1.7321 -5.5 1 -2 -5.5 0
2 24 -2 -5.5 0 -1.7321 -5.5 -1
2 24 -1.7321 -5.5 -1 -1 -5.5 -1.7321
2 24 -1 -5.5 -1.7321 0 -5.5 -2
2 24 0 -5.5 -2 1 -5.5 -1.7321
2 24 1 -5.5 -1.7321 1.7321 -5.5 -1
2 24 1.7321 -5.5 -1 2 -5.5 0
2 24 1.7321 -5.5 1 2 -5.5 0
2 24 1.7321 0 1 1 0 1.7321
2 24 3.4641 0 2 2 0 3.4641
2 24 1 0 1.7321 1.7321 0 1
2 24 1 -5.5 1.7321 1.7321 -5.5 1
2 24 1 0 1.7321 0 0 2
2 24 2 0 3.4641 0 0 4
2 24 1 0 1.7321 0 0 2
2 24 1 -5.5 1.7321 0 -5.5 2
2 24 0 0 2 -1 0 1.7321
2 24 0 0 4 -2 0 3.4641
2 24 0 0 2 -1 0 1.7321
2 24 0 -5.5 2 -1 -5.5 1.7321
2 24 -1 0 1.7321 -1.7321 0 1
2 24 -2 0 3.4641 -3.4641 0 2
2 24 -1 0 1.7321 -1.7321 0 1
2 24 -1 -5.5 1.7321 -1.7321 -5.5 1
2 24 -1.7321 0 1 -2 0 0
2 24 -3.4641 0 2 -4 0 0
2 24 -1.7321 0 1 -2 0 0
2 24 -1.7321 -5.5 1 -2 -5.5 0
2 24 -2 0 0 -1.7321 0 -1
2 24 -4 0 0 -3.4641 0 -2
2 24 -2 0 0 -1.7321 0 -1
2 24 -2 -5.5 0 -1.7321 -5.5 -1
2 24 -1.7321 0 -1 -1 0 -1.7321
2 24 -3.4641 0 -2 -2 0 -3.4641
2 24 -1.7321 0 -1 -1 0 -1.7321
2 24 -1.7321 -5.5 -1 -1 -5.5 -1.7321
2 24 -1 0 -1.7321 0 0 -2
2 24 -2 0 -3.4641 0 0 -4
2 24 -1 0 -1.7321 0 0 -2
2 24 -1 -5.5 -1.7321 0 -5.5 -2
2 24 0 0 -2 1 0 -1.7321
2 24 0 0 -4 2 0 -3.4641
2 24 0 0 -2 1 0 -1.7321
2 24 0 -5.5 -2 1 -5.5 -1.7321
2 24 1 0 -1.7321 1.7321 0 -1
2 24 2 0 -3.4641 3.4641 0 -2
2 24 1 0 -1.7321 1.7321 0 -1
2 24 1 -5.5 -1.7321 1.7321 -5.5 -1
2 24 1.7321 0 -1 2 0 0
2 24 3.4641 0 -2 4 0 0
2 24 1.7321 0 -1 2 0 0
2 24 1.7321 -5.5 -1 2 -5.5 0
2 24 1.7321 0 1 2 0 0
2 24 1.7321 -5.5 1 2 -5.5 0
2 24 1.7321 0 1 2 0 0
2 24 3.4641 0 2 4 0 0
0 STEP
