0 Bar   4L Double (Ladder)
0 Name: bl_7307.dat
0 Author: 
0 BL_Item_No 7307
0 BFC CERTIFY CCW
3 16 26.5359 -2 16.5359 26 0 16 26.5359 -2 3.4641
3 16 26.5359 -2 3.4641 26 0 16 26 0 4
3 16 30 -4 14.2551 28.764 -3.8042 14.6304 30 -4 5.7425
3 16 30 -4 5.7425 28.764 -3.8042 14.6304 28.764 -3.8042 5.3379
3 16 34 0 16 33.4641 -2 16.5359 34 0 4
3 16 34 0 4 33.4641 -2 16.5359 33.4641 -2 3.4641
3 16 31.2361 -3.8042 5.3671 31.2361 -3.8042 14.6304 30 -4 5.7425
3 16 30 -4 5.7425 31.2361 -3.8042 14.6304 30 -4 14.2551
3 16 36.9416 0 16 36.9416 -2 16.5359 34 0 16
3 16 34 0 16 36.9416 -2 16.5359 33.4641 -2 16.5359
3 16 36.9416 -2 16.5359 36.9416 -3.4641 18 33.4641 -2 16.5359
3 16 33.4641 -2 16.5359 36.9416 -3.4641 18 33.1756 -3.4641 18
3 16 36.9416 -3.4641 18 36.9416 -4 20 33.1756 -3.4641 18
3 16 33.1756 -3.4641 18 36.9416 -4 20 30 -4 20
3 16 36.9416 -4 20 36.9416 -3.4641 22 30 -4 20
3 16 36.9416 -3.4641 22 36.9416 -2 23.4641 0 -3.4641 22
3 16 0 -3.4641 22 36.9416 -2 23.4641 0 -2 23.4641
3 16 36.9416 -2 23.4641 36.9416 0 24 0 -2 23.4641
3 16 0 -2 23.4641 36.9416 0 24 0 0 24
3 16 30 -3.4641 18 30 -4 20 26.8245 -3.4641 18
3 16 33.1756 -3.4641 18 30 -4 20 30 -3.4641 18
3 16 29.9974 -3.4952 17.6076 32.3512 -3.2361 17.6489 30 -3.4641 18
3 16 30 -3.4641 18 32.3512 -3.2361 17.6489 33.1756 -3.4641 18
3 16 29.9974 -3.4952 17.6076 30 -3.4641 18 27.6489 -3.2361 17.6489
3 16 27.6489 -3.2361 17.6489 30 -3.4641 18 26.8245 -3.4641 18
3 16 32.3512 -3.2361 17.6489 33.4641 -2 16.5359 33.1756 -3.4641 18
3 16 26.5359 -2 16.5359 27.6489 -3.2361 17.6489 26.8245 -3.4641 18
3 16 27.6489 -3.2361 17.6489 26.5359 -2 16.5359 27.6489 -3.2361 2.3511
3 16 27.6489 -3.2361 2.3511 26.5359 -2 16.5359 26.5359 -2 3.4641
3 16 33.4641 -2 16.5359 32.3512 -3.2361 17.6489 33.4641 -2 3.4641
3 16 33.4641 -2 3.4641 32.3512 -3.2361 17.6489 32.3512 -3.2361 2.3511
3 16 27.6489 3.2361 17.6489 30 3.2361 17.6489 28.764 3.8042 15.6
3 16 28.764 3.8042 15.6 30 3.2361 17.6489 30 4 14.876
3 16 32.3512 3.2361 17.6489 31.2361 3.8042 15.6 30 3.2361 17.6489
3 16 30 3.2361 17.6489 31.2361 3.8042 15.6 30 4 14.876
3 16 36.9416 0 16 34 0 16 36.9416 2 16.5359
3 16 36.9416 2 16.5359 34 0 16 33.4641 2 16.5359
3 16 36.9416 2 16.5359 33.4641 2 16.5359 36.9416 3.4641 18
3 16 36.9416 3.4641 18 33.4641 2 16.5359 33.1756 3.4641 18
3 16 36.9416 3.4641 18 33.1756 3.4641 18 36.9416 4 20
3 16 36.9416 4 20 33.1756 3.4641 18 30 4 20
3 16 36.9416 4 20 30 4 20 36.9416 3.4641 22
3 16 30 3.4641 18 26.8245 3.4641 18 30 4 20
3 16 33.1756 3.4641 18 30 3.4641 18 30 4 20
3 16 30 4 20 10 4 20 36.9416 3.4641 22
3 16 36.9416 3.4641 22 10 4 20 0 3.4641 22
3 16 30 4 20 26.8245 3.4641 18 10 4 20
3 16 10 4 20 26.8245 3.4641 18 13.1756 3.4641 18
3 16 26.8245 3.4641 18 26.5359 2 16.5359 13.1756 3.4641 18
3 16 13.1756 3.4641 18 26.5359 2 16.5359 13.4641 2 16.5359
3 16 26.5359 2 16.5359 26 0 16 13.4641 2 16.5359
3 16 13.4641 2 16.5359 26 0 16 14 0 16
3 16 30 3.2361 17.6489 30 3.4641 18 32.3512 3.2361 17.6489
3 16 32.3512 3.2361 17.6489 30 3.4641 18 33.1756 3.4641 18
3 16 26.8245 3.4641 18 30 3.4641 18 27.6489 3.2361 17.6489
3 16 27.6489 3.2361 17.6489 30 3.4641 18 30 3.2361 17.6489
3 16 32.3512 3.2361 17.6489 33.1756 3.4641 18 33.4641 2 16.5359
3 16 26.5359 2 16.5359 26.8245 3.4641 18 27.6489 3.2361 17.6489
3 16 36.9416 0 4 34 0 4 36.9416 -2 3.4641
3 16 36.9416 -2 3.4641 34 0 4 33.4641 -2 3.4641
3 16 36.9416 -2 3.4641 33.4641 -2 3.4641 36.9416 -3.4641 2
3 16 36.9416 -3.4641 2 33.4641 -2 3.4641 33.1756 -3.4641 2
3 16 36.9416 -3.4641 2 33.1756 -3.4641 2 36.9416 -4 0
3 16 36.9416 -4 0 33.1756 -3.4641 2 30 -4 0
3 16 36.9416 -4 0 30 -4 0 36.9416 -3.4641 -2
3 16 30 -3.4641 2 26.8245 -3.4641 2 30 -4 0
3 16 33.1756 -3.4641 2 30 -3.4641 2 30 -4 0
3 16 30 -4 0 10 -4 0 36.9416 -3.4641 -2
3 16 36.9416 -3.4641 -2 10 -4 0 0 -3.4641 -2
3 16 30 -4 0 26.8245 -3.4641 2 10 -4 0
3 16 10 -4 0 26.8245 -3.4641 2 13.1756 -3.4641 2
3 16 26.8245 -3.4641 2 26.5359 -2 3.4641 13.1756 -3.4641 2
3 16 13.1756 -3.4641 2 26.5359 -2 3.4641 13.4641 -2 3.4641
3 16 26.5359 -2 3.4641 26 0 4 13.4641 -2 3.4641
3 16 13.4641 -2 3.4641 26 0 4 14 0 4
3 16 29.9875 -3.6136 3.8875 29.9975 -3.4946 2.3846 32.3512 -3.2361 2.3511
3 16 27.6489 -3.2361 2.3511 29.9975 -3.4946 2.3846 29.9875 -3.6136 3.8875
3 16 32.3512 -3.2361 2.3511 33.1756 -3.4641 2 33.4641 -2 3.4641
3 16 26.5359 -2 3.4641 26.8245 -3.4641 2 27.6489 -3.2361 2.3511
3 16 26.5359 2 16.5359 26.5359 2 3.4641 26 0 16
3 16 26 0 16 26.5359 2 3.4641 26 0 4
3 16 30 4 7.5579 28.764 3.8042 7.3313 30 4 14.876
3 16 30 4 14.876 28.764 3.8042 7.3313 28.764 3.8042 15.6
3 16 34 0 16 34 0 4 33.4641 2 16.5359
3 16 33.4641 2 16.5359 34 0 4 33.4641 2 3.4641
3 16 32.3512 3.2361 17.6489 32.3511 3.2361 6.1917 31.2361 3.8042 15.6
3 16 31.2361 3.8042 15.6 32.3511 3.2361 6.1917 31.2361 3.8042 7.3313
3 16 27.6489 3.2361 6.1917 30 3.2361 6.1917 27.6489 3.2361 2.3511
3 16 27.6489 3.2361 2.3511 30 3.2361 6.1917 30 3.2361 2.3511
3 16 30 3.2361 2.3511 30 3.2361 6.1917 32.3512 3.2361 2.3511
3 16 32.3512 3.2361 2.3511 30 3.2361 6.1917 32.3511 3.2361 6.1917
3 16 36.9416 0 4 36.9416 2 3.4641 34 0 4
3 16 34 0 4 36.9416 2 3.4641 33.4641 2 3.4641
3 16 36.9416 2 3.4641 36.9416 3.4641 2 33.4641 2 3.4641
3 16 33.4641 2 3.4641 36.9416 3.4641 2 33.1756 3.4641 2
3 16 36.9416 3.4641 2 36.9416 4 0 33.1756 3.4641 2
3 16 33.1756 3.4641 2 36.9416 4 0 30 4 0
3 16 36.9416 4 0 36.9416 3.4641 -2 30 4 0
3 16 36.9416 3.4641 -2 36.9416 2 -3.4641 0 3.4641 -2
3 16 0 3.4641 -2 36.9416 2 -3.4641 0 2 -3.4641
3 16 36.9416 2 -3.4641 36.9416 0 -4 0 2 -3.4641
3 16 0 2 -3.4641 36.9416 0 -4 0 0 -4
3 16 30 3.4641 2 30 4 0 26.8245 3.4641 2
3 16 33.1756 3.4641 2 30 4 0 30 3.4641 2
3 16 30 3.2361 2.3511 32.3512 3.2361 2.3511 30 3.4641 2
3 16 30 3.4641 2 32.3512 3.2361 2.3511 33.1756 3.4641 2
3 16 30 3.2361 2.3511 30 3.4641 2 27.6489 3.2361 2.3511
3 16 27.6489 3.2361 2.3511 30 3.4641 2 26.8245 3.4641 2
3 16 32.3512 3.2361 2.3511 33.4641 2 3.4641 33.1756 3.4641 2
3 16 26.5359 2 3.4641 27.6489 3.2361 2.3511 26.8245 3.4641 2
3 16 27.6489 3.2361 17.6489 27.6489 3.2361 6.1917 26.5359 2 16.5359
3 16 27.6489 3.2361 2.3511 26.5359 2 3.4641 27.6489 3.2361 6.1917
3 16 27.6489 3.2361 6.1917 26.5359 2 3.4641 26.5359 2 16.5359
3 16 32.3512 3.2361 2.3511 32.3511 3.2361 6.1917 33.4641 2 3.4641
3 16 33.4641 2 3.4641 32.3511 3.2361 6.1917 33.4641 2 16.5359
3 16 33.4641 2 16.5359 32.3511 3.2361 6.1917 32.3512 3.2361 17.6489
3 16 28.764 3.8042 7.3313 27.6489 3.2361 6.1917 28.764 3.8042 15.6
3 16 28.764 3.8042 15.6 27.6489 3.2361 6.1917 27.6489 3.2361 17.6489
3 16 30 4 7.5579 30 3.2361 6.1917 28.764 3.8042 7.3313
3 16 28.764 3.8042 7.3313 30 3.2361 6.1917 27.6489 3.2361 6.1917
3 16 32.3511 3.2361 6.1917 30 3.2361 6.1917 31.2361 3.8042 7.3313
3 16 31.2361 3.8042 7.3313 30 3.2361 6.1917 30 4 7.5579
3 16 30 4 7.5579 30 4 14.876 31.2361 3.8042 7.3313
3 16 31.2361 3.8042 7.3313 30 4 14.876 31.2361 3.8042 15.6
3 16 32.3512 -3.2361 2.3511 32.3512 -3.2361 17.6489 31.2361 -3.8042 5.3671
3 16 31.2361 -3.8042 5.3671 32.3512 -3.2361 17.6489 31.2361 -3.8042 14.6304
3 16 27.6489 -3.2361 17.6489 27.6489 -3.2361 2.3511 28.764 -3.8042 14.6304
3 16 28.764 -3.8042 14.6304 27.6489 -3.2361 2.3511 28.764 -3.8042 5.3379
3 16 66.5359 -2 16.5359 66 0 16 66.5359 -2 3.4641
3 16 66.5359 -2 3.4641 66 0 16 66 0 4
3 16 70 -4 14.876 68.7639 -3.8042 15.6 70 -4 5.124
3 16 70 -4 5.124 68.7639 -3.8042 15.6 68.7639 -3.8042 4.4
3 16 74 0 16 73.4641 -2 16.5359 74 0 4
3 16 74 0 4 73.4641 -2 16.5359 73.4641 -2 3.4641
3 16 71.2361 -3.8042 15.6 70 -4 14.876 71.2361 -3.8042 4.4
3 16 71.2361 -3.8042 4.4 70 -4 14.876 70 -4 5.124
3 16 70 -4 14.876 70 -3.2361 17.6489 68.7639 -3.8042 15.6
3 16 68.7639 -3.8042 15.6 70 -3.2361 17.6489 67.6489 -3.2361 17.6489
3 16 70 -4 14.876 71.2361 -3.8042 15.6 70 -3.2361 17.6489
3 16 70 -3.2361 17.6489 71.2361 -3.8042 15.6 72.3511 -3.2361 17.6489
3 16 80 0 16 80 -2 16.5359 74 0 16
3 16 74 0 16 80 -2 16.5359 73.4641 -2 16.5359
3 16 80 -2 16.5359 80 -3.4641 18 73.4641 -2 16.5359
3 16 73.4641 -2 16.5359 80 -3.4641 18 73.1756 -3.4641 18
3 16 80 -3.4641 18 80 -4 20 73.1756 -3.4641 18
3 16 73.1756 -3.4641 18 80 -4 20 70 -4 20
3 16 80 -4 20 80 -3.4641 22 70 -4 20
3 16 70 -3.4641 18 70 -4 20 66.8244 -3.4641 18
3 16 73.1756 -3.4641 18 70 -4 20 70 -3.4641 18
3 16 70 -3.2361 17.6489 72.3511 -3.2361 17.6489 70 -3.4641 18
3 16 70 -3.4641 18 72.3511 -3.2361 17.6489 73.1756 -3.4641 18
3 16 70 -3.2361 17.6489 70 -3.4641 18 67.6489 -3.2361 17.6489
3 16 67.6489 -3.2361 17.6489 70 -3.4641 18 66.8244 -3.4641 18
3 16 72.3511 -3.2361 17.6489 73.4641 -2 16.5359 73.1756 -3.4641 18
3 16 66.5359 -2 16.5359 67.6489 -3.2361 17.6489 66.8244 -3.4641 18
3 16 67.6489 -3.2361 17.6489 66.5359 -2 16.5359 67.6489 -3.2361 2.3511
3 16 67.6489 -3.2361 2.3511 66.5359 -2 16.5359 66.5359 -2 3.4641
3 16 73.4641 -2 16.5359 72.3511 -3.2361 17.6489 73.4641 -2 3.4641
3 16 73.4641 -2 3.4641 72.3511 -3.2361 17.6489 72.3511 -3.2361 2.3511
3 16 67.6489 3.2361 17.6489 70 3.2361 17.6489 68.7639 3.8042 15.6
3 16 68.7639 3.8042 15.6 70 3.2361 17.6489 70 4 14.876
3 16 72.3511 3.2361 17.6489 71.2361 3.8042 15.6 70 3.2361 17.6489
3 16 70 3.2361 17.6489 71.2361 3.8042 15.6 70 4 14.876
3 16 80 0 16 74 0 16 80 2 16.5359
3 16 80 2 16.5359 74 0 16 73.4641 2 16.5359
3 16 80 2 16.5359 73.4641 2 16.5359 80 3.4641 18
3 16 80 3.4641 18 73.4641 2 16.5359 73.1756 3.4641 18
3 16 80 3.4641 18 73.1756 3.4641 18 80 4 20
3 16 80 4 20 73.1756 3.4641 18 70 4 20
3 16 80 4 20 70 4 20 80 3.4641 22
3 16 70 3.4641 18 66.8244 3.4641 18 70 4 20
3 16 73.1756 3.4641 18 70 3.4641 18 70 4 20
3 16 70 4 20 50 4 20 80 3.4641 22
3 16 80 3.4641 22 50 4 20 36.9416 3.4641 22
3 16 70 4 20 66.8244 3.4641 18 50 4 20
3 16 50 4 20 66.8244 3.4641 18 53.1756 3.4641 18
3 16 66.8244 3.4641 18 66.5359 2 16.5359 53.1756 3.4641 18
3 16 53.1756 3.4641 18 66.5359 2 16.5359 53.4641 2 16.5359
3 16 66.5359 2 16.5359 66 0 16 53.4641 2 16.5359
3 16 53.4641 2 16.5359 66 0 16 54 0 16
3 16 70 3.2361 17.6489 70 3.4641 18 72.3511 3.2361 17.6489
3 16 72.3511 3.2361 17.6489 70 3.4641 18 73.1756 3.4641 18
3 16 66.8244 3.4641 18 70 3.4641 18 67.6489 3.2361 17.6489
3 16 67.6489 3.2361 17.6489 70 3.4641 18 70 3.2361 17.6489
3 16 72.3511 3.2361 17.6489 73.1756 3.4641 18 73.4641 2 16.5359
3 16 66.5359 2 16.5359 66.8244 3.4641 18 67.6489 3.2361 17.6489
3 16 72.3511 -3.2361 17.6489 71.2361 -3.8042 15.6 72.3511 -3.2361 2.3511
3 16 72.3511 -3.2361 2.3511 71.2361 -3.8042 15.6 71.2361 -3.8042 4.4
3 16 68.7639 -3.8042 15.6 67.6489 -3.2361 17.6489 68.7639 -3.8042 4.4
3 16 68.7639 -3.8042 4.4 67.6489 -3.2361 17.6489 67.6489 -3.2361 2.3511
3 16 46.5359 -2 16.5359 46 0 16 46.5359 -2 3.4641
3 16 46.5359 -2 3.4641 46 0 16 46 0 4
3 16 48.7639 -3.8042 14.6304 48.7639 -3.8042 5.3671 50 -4 14.2138
3 16 50 -4 14.2138 48.7639 -3.8042 5.3671 50 -4 5.7425
3 16 54 0 16 53.4641 -2 16.5359 54 0 4
3 16 54 0 4 53.4641 -2 16.5359 53.4641 -2 3.4641
3 16 51.2361 -3.8042 14.6304 50 -4 14.2138 51.2361 -3.8042 5.3379
3 16 51.2361 -3.8042 5.3379 50 -4 14.2138 50 -4 5.7425
3 16 66.5359 -2 16.5359 53.4641 -2 16.5359 66 0 16
3 16 66 0 16 53.4641 -2 16.5359 54 0 16
3 16 66.8244 -3.4641 18 53.1756 -3.4641 18 66.5359 -2 16.5359
3 16 66.5359 -2 16.5359 53.1756 -3.4641 18 53.4641 -2 16.5359
3 16 70 -4 20 50 -4 20 66.8244 -3.4641 18
3 16 66.8244 -3.4641 18 50 -4 20 53.1756 -3.4641 18
3 16 36.9416 -3.4641 22 50 -4 20 80 -3.4641 22
3 16 80 -3.4641 22 50 -4 20 70 -4 20
3 16 36.9416 -3.4641 22 80 -3.4641 22 36.9416 -2 23.4641
3 16 36.9416 -2 23.4641 80 -3.4641 22 80 -2 23.4641
3 16 80 -2 23.4641 80 0 24 36.9416 -2 23.4641
3 16 36.9416 -2 23.4641 80 0 24 36.9416 0 24
3 16 50 -3.4641 18 50 -4 20 46.8244 -3.4641 18
3 16 53.1756 -3.4641 18 50 -4 20 50 -3.4641 18
3 16 50 -4 20 36.9416 -3.4641 22 36.9416 -4 20
3 16 50 -4 20 36.9416 -4 20 46.8244 -3.4641 18
3 16 46.8244 -3.4641 18 36.9416 -4 20 36.9416 -3.4641 18
3 16 46.8244 -3.4641 18 36.9416 -3.4641 18 46.5359 -2 16.5359
3 16 46.5359 -2 16.5359 36.9416 -3.4641 18 36.9416 -2 16.5359
3 16 46.5359 -2 16.5359 36.9416 -2 16.5359 46 0 16
3 16 46 0 16 36.9416 -2 16.5359 36.9416 0 16
3 16 49.9973 -3.496 17.5973 52.3512 -3.2361 17.6489 50 -3.4641 18
3 16 50 -3.4641 18 52.3512 -3.2361 17.6489 53.1756 -3.4641 18
3 16 49.9973 -3.496 17.5973 50 -3.4641 18 47.6489 -3.2361 17.6489
3 16 47.6489 -3.2361 17.6489 50 -3.4641 18 46.8244 -3.4641 18
3 16 52.3512 -3.2361 17.6489 53.4641 -2 16.5359 53.1756 -3.4641 18
3 16 46.5359 -2 16.5359 47.6489 -3.2361 17.6489 46.8244 -3.4641 18
3 16 47.6489 -3.2361 17.6489 46.5359 -2 16.5359 47.6489 -3.2361 2.3511
3 16 47.6489 -3.2361 2.3511 46.5359 -2 16.5359 46.5359 -2 3.4641
3 16 53.4641 -2 16.5359 52.3512 -3.2361 17.6489 53.4641 -2 3.4641
3 16 53.4641 -2 3.4641 52.3512 -3.2361 17.6489 52.3512 -3.2361 2.3511
3 16 47.6489 3.2361 17.6489 50 3.2361 17.6489 48.7639 3.8042 15.6
3 16 48.7639 3.8042 15.6 50 3.2361 17.6489 50 4 14.876
3 16 52.3512 3.2361 17.6489 51.2361 3.8042 15.6 50 3.2361 17.6489
3 16 50 3.2361 17.6489 51.2361 3.8042 15.6 50 4 14.876
3 16 50 3.4641 18 46.8244 3.4641 18 50 4 20
3 16 53.1756 3.4641 18 50 3.4641 18 50 4 20
3 16 80 2 23.4641 36.9416 2 23.4641 80 0 24
3 16 80 0 24 36.9416 2 23.4641 36.9416 0 24
3 16 36.9416 3.4641 22 36.9416 2 23.4641 80 3.4641 22
3 16 80 3.4641 22 36.9416 2 23.4641 80 2 23.4641
3 16 50 4 20 36.9416 4 20 36.9416 3.4641 22
3 16 36.9416 3.4641 18 36.9416 4 20 46.8244 3.4641 18
3 16 46.8244 3.4641 18 36.9416 4 20 50 4 20
3 16 36.9416 2 16.5359 36.9416 3.4641 18 46.5359 2 16.5359
3 16 46.5359 2 16.5359 36.9416 3.4641 18 46.8244 3.4641 18
3 16 36.9416 0 16 36.9416 2 16.5359 46 0 16
3 16 46 0 16 36.9416 2 16.5359 46.5359 2 16.5359
3 16 50 3.2361 17.6489 50 3.4641 18 52.3512 3.2361 17.6489
3 16 52.3512 3.2361 17.6489 50 3.4641 18 53.1756 3.4641 18
3 16 46.8244 3.4641 18 50 3.4641 18 47.6489 3.2361 17.6489
3 16 47.6489 3.2361 17.6489 50 3.4641 18 50 3.2361 17.6489
3 16 52.3512 3.2361 17.6489 53.1756 3.4641 18 53.4641 2 16.5359
3 16 46.5359 2 16.5359 46.8244 3.4641 18 47.6489 3.2361 17.6489
3 16 52.3512 -3.2361 17.6489 51.2361 -3.8042 14.6304 52.3512 -3.2361 2.3511
3 16 52.3512 -3.2361 2.3511 51.2361 -3.8042 14.6304 51.2361 -3.8042 5.3379
3 16 48.7639 -3.8042 14.6304 47.6489 -3.2361 17.6489 48.7639 -3.8042 5.3671
3 16 48.7639 -3.8042 5.3671 47.6489 -3.2361 17.6489 47.6489 -3.2361 2.3511
3 16 6.5359 -2 16.5359 6 0 16 6.5359 -2 3.4641
3 16 6.5359 -2 3.4641 6 0 16 6 0 4
3 16 10 -4 14.876 8.764 -3.8042 15.6 10 -4 5.124
3 16 10 -4 5.124 8.764 -3.8042 15.6 8.764 -3.8042 4.4
3 16 14 0 16 13.4641 -2 16.5359 14 0 4
3 16 14 0 4 13.4641 -2 16.5359 13.4641 -2 3.4641
3 16 11.2361 -3.8042 15.6 10 -4 14.876 11.2361 -3.8042 4.4
3 16 11.2361 -3.8042 4.4 10 -4 14.876 10 -4 5.124
3 16 10 -4 14.876 10 -3.2361 17.6489 8.764 -3.8042 15.6
3 16 8.764 -3.8042 15.6 10 -3.2361 17.6489 7.6489 -3.2361 17.6489
3 16 10 -4 14.876 11.2361 -3.8042 15.6 10 -3.2361 17.6489
3 16 10 -3.2361 17.6489 11.2361 -3.8042 15.6 12.3512 -3.2361 17.6489
3 16 26.5359 -2 16.5359 13.4641 -2 16.5359 26 0 16
3 16 26 0 16 13.4641 -2 16.5359 14 0 16
3 16 26.8245 -3.4641 18 13.1756 -3.4641 18 26.5359 -2 16.5359
3 16 26.5359 -2 16.5359 13.1756 -3.4641 18 13.4641 -2 16.5359
3 16 30 -4 20 10 -4 20 26.8245 -3.4641 18
3 16 26.8245 -3.4641 18 10 -4 20 13.1756 -3.4641 18
3 16 0 -3.4641 22 10 -4 20 36.9416 -3.4641 22
3 16 36.9416 -3.4641 22 10 -4 20 30 -4 20
3 16 10 -3.4641 18 10 -4 20 6.8245 -3.4641 18
3 16 13.1756 -3.4641 18 10 -4 20 10 -3.4641 18
3 16 10 -4 20 0 -3.4641 22 0 -4 20
3 16 10 -4 20 0 -4 20 6.8245 -3.4641 18
3 16 6.8245 -3.4641 18 0 -4 20 0 -3.4641 18
3 16 6.8245 -3.4641 18 0 -3.4641 18 6.5359 -2 16.5359
3 16 6.5359 -2 16.5359 0 -3.4641 18 0 -2 16.5359
3 16 6.5359 -2 16.5359 0 -2 16.5359 6 0 16
3 16 6 0 16 0 -2 16.5359 0 0 16
3 16 10 -3.2361 17.6489 12.3512 -3.2361 17.6489 10 -3.4641 18
3 16 10 -3.4641 18 12.3512 -3.2361 17.6489 13.1756 -3.4641 18
3 16 10 -3.2361 17.6489 10 -3.4641 18 7.6489 -3.2361 17.6489
3 16 7.6489 -3.2361 17.6489 10 -3.4641 18 6.8245 -3.4641 18
3 16 12.3512 -3.2361 17.6489 13.4641 -2 16.5359 13.1756 -3.4641 18
3 16 6.5359 -2 16.5359 7.6489 -3.2361 17.6489 6.8245 -3.4641 18
3 16 7.6489 -3.2361 17.6489 6.5359 -2 16.5359 7.6489 -3.2361 2.3511
3 16 7.6489 -3.2361 2.3511 6.5359 -2 16.5359 6.5359 -2 3.4641
3 16 13.4641 -2 16.5359 12.3512 -3.2361 17.6489 13.4641 -2 3.4641
3 16 13.4641 -2 3.4641 12.3512 -3.2361 17.6489 12.3512 -3.2361 2.3511
3 16 7.6489 3.2361 17.6489 10 3.2361 17.6489 8.764 3.8042 15.6
3 16 8.764 3.8042 15.6 10 3.2361 17.6489 10 4 14.876
3 16 12.3512 3.2361 17.6489 11.2361 3.8042 15.6 10 3.2361 17.6489
3 16 10 3.2361 17.6489 11.2361 3.8042 15.6 10 4 14.876
3 16 10 3.4641 18 6.8245 3.4641 18 10 4 20
3 16 13.1756 3.4641 18 10 3.4641 18 10 4 20
3 16 36.9416 2 23.4641 0 2 23.4641 36.9416 0 24
3 16 36.9416 0 24 0 2 23.4641 0 0 24
3 16 36.9416 3.4641 22 0 3.4641 22 36.9416 2 23.4641
3 16 36.9416 2 23.4641 0 3.4641 22 0 2 23.4641
3 16 10 4 20 0 4 20 0 3.4641 22
3 16 0 3.4641 18 0 4 20 6.8245 3.4641 18
3 16 6.8245 3.4641 18 0 4 20 10 4 20
3 16 0 2 16.5359 0 3.4641 18 6.5359 2 16.5359
3 16 6.5359 2 16.5359 0 3.4641 18 6.8245 3.4641 18
3 16 0 0 16 0 2 16.5359 6 0 16
3 16 6 0 16 0 2 16.5359 6.5359 2 16.5359
3 16 10 3.2361 17.6489 10 3.4641 18 12.3512 3.2361 17.6489
3 16 12.3512 3.2361 17.6489 10 3.4641 18 13.1756 3.4641 18
3 16 6.8245 3.4641 18 10 3.4641 18 7.6489 3.2361 17.6489
3 16 7.6489 3.2361 17.6489 10 3.4641 18 10 3.2361 17.6489
3 16 12.3512 3.2361 17.6489 13.1756 3.4641 18 13.4641 2 16.5359
3 16 6.5359 2 16.5359 6.8245 3.4641 18 7.6489 3.2361 17.6489
3 16 12.3512 -3.2361 17.6489 11.2361 -3.8042 15.6 12.3512 -3.2361 2.3511
3 16 12.3512 -3.2361 2.3511 11.2361 -3.8042 15.6 11.2361 -3.8042 4.4
3 16 8.764 -3.8042 15.6 7.6489 -3.2361 17.6489 8.764 -3.8042 4.4
3 16 8.764 -3.8042 4.4 7.6489 -3.2361 17.6489 7.6489 -3.2361 2.3511
3 16 67.6489 -3.2361 2.3511 70 -3.2361 2.3511 68.7639 -3.8042 4.4
3 16 68.7639 -3.8042 4.4 70 -3.2361 2.3511 70 -4 5.124
3 16 72.3511 -3.2361 2.3511 71.2361 -3.8042 4.4 70 -3.2361 2.3511
3 16 70 -3.2361 2.3511 71.2361 -3.8042 4.4 70 -4 5.124
3 16 80 0 4 74 0 4 80 -2 3.4641
3 16 80 -2 3.4641 74 0 4 73.4641 -2 3.4641
3 16 80 -2 3.4641 73.4641 -2 3.4641 80 -3.4641 2
3 16 80 -3.4641 2 73.4641 -2 3.4641 73.1756 -3.4641 2
3 16 80 -3.4641 2 73.1756 -3.4641 2 80 -4 0
3 16 80 -4 0 73.1756 -3.4641 2 70 -4 0
3 16 80 -4 0 70 -4 0 80 -3.4641 -2
3 16 70 -3.4641 2 66.8244 -3.4641 2 70 -4 0
3 16 73.1756 -3.4641 2 70 -3.4641 2 70 -4 0
3 16 70 -4 0 50 -4 0 80 -3.4641 -2
3 16 80 -3.4641 -2 50 -4 0 36.9416 -3.4641 -2
3 16 70 -4 0 66.8244 -3.4641 2 50 -4 0
3 16 50 -4 0 66.8244 -3.4641 2 53.1756 -3.4641 2
3 16 66.8244 -3.4641 2 66.5359 -2 3.4641 53.1756 -3.4641 2
3 16 53.1756 -3.4641 2 66.5359 -2 3.4641 53.4641 -2 3.4641
3 16 66.5359 -2 3.4641 66 0 4 53.4641 -2 3.4641
3 16 53.4641 -2 3.4641 66 0 4 54 0 4
3 16 70 -3.2361 2.3511 70 -3.4641 2 72.3511 -3.2361 2.3511
3 16 72.3511 -3.2361 2.3511 70 -3.4641 2 73.1756 -3.4641 2
3 16 66.8244 -3.4641 2 70 -3.4641 2 67.6489 -3.2361 2.3511
3 16 67.6489 -3.2361 2.3511 70 -3.4641 2 70 -3.2361 2.3511
3 16 72.3511 -3.2361 2.3511 73.1756 -3.4641 2 73.4641 -2 3.4641
3 16 66.5359 -2 3.4641 66.8244 -3.4641 2 67.6489 -3.2361 2.3511
3 16 66.5359 2 16.5359 66.5359 2 3.4641 66 0 16
3 16 66 0 16 66.5359 2 3.4641 66 0 4
3 16 74 0 16 74 0 4 73.4641 2 16.5359
3 16 73.4641 2 16.5359 74 0 4 73.4641 2 3.4641
3 16 72.3511 3.2361 17.6489 72.3511 3.2361 2.3511 71.2361 3.8042 15.6
3 16 71.2361 3.8042 15.6 72.3511 3.2361 2.3511 71.2361 3.8042 4.4
3 16 70 4 5.124 70 3.2361 2.3511 68.7639 3.8042 4.4
3 16 68.7639 3.8042 4.4 70 3.2361 2.3511 67.6489 3.2361 2.3511
3 16 70 4 5.124 71.2361 3.8042 4.4 70 3.2361 2.3511
3 16 70 3.2361 2.3511 71.2361 3.8042 4.4 72.3511 3.2361 2.3511
3 16 80 0 4 80 2 3.4641 74 0 4
3 16 74 0 4 80 2 3.4641 73.4641 2 3.4641
3 16 80 2 3.4641 80 3.4641 2 73.4641 2 3.4641
3 16 73.4641 2 3.4641 80 3.4641 2 73.1756 3.4641 2
3 16 80 3.4641 2 80 4 0 73.1756 3.4641 2
3 16 73.1756 3.4641 2 80 4 0 70 4 0
3 16 80 4 0 80 3.4641 -2 70 4 0
3 16 70 3.4641 2 70 4 0 66.8244 3.4641 2
3 16 73.1756 3.4641 2 70 4 0 70 3.4641 2
3 16 70 3.2361 2.3511 72.3511 3.2361 2.3511 70 3.4641 2
3 16 70 3.4641 2 72.3511 3.2361 2.3511 73.1756 3.4641 2
3 16 70 3.2361 2.3511 70 3.4641 2 67.6489 3.2361 2.3511
3 16 67.6489 3.2361 2.3511 70 3.4641 2 66.8244 3.4641 2
3 16 72.3511 3.2361 2.3511 73.4641 2 3.4641 73.1756 3.4641 2
3 16 66.5359 2 3.4641 67.6489 3.2361 2.3511 66.8244 3.4641 2
3 16 67.6489 3.2361 17.6489 67.6489 3.2361 2.3511 66.5359 2 16.5359
3 16 66.5359 2 16.5359 67.6489 3.2361 2.3511 66.5359 2 3.4641
3 16 73.4641 2 16.5359 73.4641 2 3.4641 72.3511 3.2361 17.6489
3 16 72.3511 3.2361 17.6489 73.4641 2 3.4641 72.3511 3.2361 2.3511
3 16 68.7639 3.8042 15.6 68.7639 3.8042 4.4 67.6489 3.2361 17.6489
3 16 67.6489 3.2361 17.6489 68.7639 3.8042 4.4 67.6489 3.2361 2.3511
3 16 71.2361 3.8042 15.6 71.2361 3.8042 4.4 70 4 14.876
3 16 70 4 14.876 71.2361 3.8042 4.4 70 4 5.124
3 16 70 4 14.876 70 4 5.124 68.7639 3.8042 15.6
3 16 68.7639 3.8042 15.6 70 4 5.124 68.7639 3.8042 4.4
3 16 50 -3.4641 2 46.8244 -3.4641 2 50 -4 0
3 16 53.1756 -3.4641 2 50 -3.4641 2 50 -4 0
3 16 80 -2 -3.4641 36.9416 -2 -3.4641 80 0 -4
3 16 80 0 -4 36.9416 -2 -3.4641 36.9416 0 -4
3 16 36.9416 -3.4641 -2 36.9416 -2 -3.4641 80 -3.4641 -2
3 16 80 -3.4641 -2 36.9416 -2 -3.4641 80 -2 -3.4641
3 16 50 -4 0 36.9416 -4 0 36.9416 -3.4641 -2
3 16 36.9416 -3.4641 2 36.9416 -4 0 46.8244 -3.4641 2
3 16 46.8244 -3.4641 2 36.9416 -4 0 50 -4 0
3 16 36.9416 -2 3.4641 36.9416 -3.4641 2 46.5359 -2 3.4641
3 16 46.5359 -2 3.4641 36.9416 -3.4641 2 46.8244 -3.4641 2
3 16 36.9416 0 4 36.9416 -2 3.4641 46 0 4
3 16 46 0 4 36.9416 -2 3.4641 46.5359 -2 3.4641
3 16 49.9875 -3.6136 3.8875 49.9974 -3.4956 2.3977 52.3512 -3.2361 2.3511
3 16 47.6489 -3.2361 2.3511 49.9974 -3.4956 2.3977 49.9875 -3.6136 3.8875
3 16 52.3512 -3.2361 2.3511 53.1756 -3.4641 2 53.4641 -2 3.4641
3 16 46.5359 -2 3.4641 46.8244 -3.4641 2 47.6489 -3.2361 2.3511
3 16 46.5359 2 16.5359 46.5359 2 3.4641 46 0 16
3 16 46 0 16 46.5359 2 3.4641 46 0 4
3 16 54 0 16 54 0 4 53.4641 2 16.5359
3 16 53.4641 2 16.5359 54 0 4 53.4641 2 3.4641
3 16 52.3512 3.2361 17.6489 52.3512 3.2361 2.3511 51.2361 3.8042 15.6
3 16 51.2361 3.8042 15.6 52.3512 3.2361 2.3511 51.2361 3.8042 4.4
3 16 50 4 5.124 50 3.2361 2.3511 48.7639 3.8042 4.4
3 16 48.7639 3.8042 4.4 50 3.2361 2.3511 47.6489 3.2361 2.3511
3 16 50 4 5.124 51.2361 3.8042 4.4 50 3.2361 2.3511
3 16 50 3.2361 2.3511 51.2361 3.8042 4.4 52.3512 3.2361 2.3511
3 16 66.5359 2 3.4641 53.4641 2 3.4641 66 0 4
3 16 66 0 4 53.4641 2 3.4641 54 0 4
3 16 66.8244 3.4641 2 53.1756 3.4641 2 66.5359 2 3.4641
3 16 66.5359 2 3.4641 53.1756 3.4641 2 53.4641 2 3.4641
3 16 70 4 0 50 4 0 66.8244 3.4641 2
3 16 66.8244 3.4641 2 50 4 0 53.1756 3.4641 2
3 16 36.9416 3.4641 -2 50 4 0 80 3.4641 -2
3 16 80 3.4641 -2 50 4 0 70 4 0
3 16 36.9416 3.4641 -2 80 3.4641 -2 36.9416 2 -3.4641
3 16 36.9416 2 -3.4641 80 3.4641 -2 80 2 -3.4641
3 16 80 2 -3.4641 80 0 -4 36.9416 2 -3.4641
3 16 36.9416 2 -3.4641 80 0 -4 36.9416 0 -4
3 16 50 3.4641 2 50 4 0 46.8244 3.4641 2
3 16 53.1756 3.4641 2 50 4 0 50 3.4641 2
3 16 50 4 0 36.9416 3.4641 -2 36.9416 4 0
3 16 50 4 0 36.9416 4 0 46.8244 3.4641 2
3 16 46.8244 3.4641 2 36.9416 4 0 36.9416 3.4641 2
3 16 46.8244 3.4641 2 36.9416 3.4641 2 46.5359 2 3.4641
3 16 46.5359 2 3.4641 36.9416 3.4641 2 36.9416 2 3.4641
3 16 46.5359 2 3.4641 36.9416 2 3.4641 46 0 4
3 16 46 0 4 36.9416 2 3.4641 36.9416 0 4
3 16 50 3.2361 2.3511 52.3512 3.2361 2.3511 50 3.4641 2
3 16 50 3.4641 2 52.3512 3.2361 2.3511 53.1756 3.4641 2
3 16 50 3.2361 2.3511 50 3.4641 2 47.6489 3.2361 2.3511
3 16 47.6489 3.2361 2.3511 50 3.4641 2 46.8244 3.4641 2
3 16 52.3512 3.2361 2.3511 53.4641 2 3.4641 53.1756 3.4641 2
3 16 46.5359 2 3.4641 47.6489 3.2361 2.3511 46.8244 3.4641 2
3 16 47.6489 3.2361 17.6489 47.6489 3.2361 2.3511 46.5359 2 16.5359
3 16 46.5359 2 16.5359 47.6489 3.2361 2.3511 46.5359 2 3.4641
3 16 53.4641 2 16.5359 53.4641 2 3.4641 52.3512 3.2361 17.6489
3 16 52.3512 3.2361 17.6489 53.4641 2 3.4641 52.3512 3.2361 2.3511
3 16 48.7639 3.8042 15.6 48.7639 3.8042 4.4 47.6489 3.2361 17.6489
3 16 47.6489 3.2361 17.6489 48.7639 3.8042 4.4 47.6489 3.2361 2.3511
3 16 51.2361 3.8042 15.6 51.2361 3.8042 4.4 50 4 14.876
3 16 50 4 14.876 51.2361 3.8042 4.4 50 4 5.124
3 16 50 4 14.876 50 4 5.124 48.7639 3.8042 15.6
3 16 48.7639 3.8042 15.6 50 4 5.124 48.7639 3.8042 4.4
3 16 7.6489 -3.2361 2.3511 10 -3.2361 2.3511 8.764 -3.8042 4.4
3 16 8.764 -3.8042 4.4 10 -3.2361 2.3511 10 -4 5.124
3 16 12.3512 -3.2361 2.3511 11.2361 -3.8042 4.4 10 -3.2361 2.3511
3 16 10 -3.2361 2.3511 11.2361 -3.8042 4.4 10 -4 5.124
3 16 10 -3.4641 2 6.8245 -3.4641 2 10 -4 0
3 16 13.1756 -3.4641 2 10 -3.4641 2 10 -4 0
3 16 36.9416 -2 -3.4641 0 -2 -3.4641 36.9416 0 -4
3 16 36.9416 0 -4 0 -2 -3.4641 0 0 -4
3 16 36.9416 -3.4641 -2 0 -3.4641 -2 36.9416 -2 -3.4641
3 16 36.9416 -2 -3.4641 0 -3.4641 -2 0 -2 -3.4641
3 16 10 -4 0 0 -4 0 0 -3.4641 -2
3 16 0 -3.4641 2 0 -4 0 6.8245 -3.4641 2
3 16 6.8245 -3.4641 2 0 -4 0 10 -4 0
3 16 0 -2 3.4641 0 -3.4641 2 6.5359 -2 3.4641
3 16 6.5359 -2 3.4641 0 -3.4641 2 6.8245 -3.4641 2
3 16 0 0 4 0 -2 3.4641 6 0 4
3 16 6 0 4 0 -2 3.4641 6.5359 -2 3.4641
3 16 10 -3.2361 2.3511 10 -3.4641 2 12.3512 -3.2361 2.3511
3 16 12.3512 -3.2361 2.3511 10 -3.4641 2 13.1756 -3.4641 2
3 16 6.8245 -3.4641 2 10 -3.4641 2 7.6489 -3.2361 2.3511
3 16 7.6489 -3.2361 2.3511 10 -3.4641 2 10 -3.2361 2.3511
3 16 12.3512 -3.2361 2.3511 13.1756 -3.4641 2 13.4641 -2 3.4641
3 16 6.5359 -2 3.4641 6.8245 -3.4641 2 7.6489 -3.2361 2.3511
3 16 6.5359 2 16.5359 6.5359 2 3.4641 6 0 16
3 16 6 0 16 6.5359 2 3.4641 6 0 4
3 16 14 0 16 14 0 4 13.4641 2 16.5359
3 16 13.4641 2 16.5359 14 0 4 13.4641 2 3.4641
3 16 12.3512 3.2361 17.6489 12.3512 3.2361 2.3511 11.2361 3.8042 15.6
3 16 11.2361 3.8042 15.6 12.3512 3.2361 2.3511 11.2361 3.8042 4.4
3 16 10 4 5.124 10 3.2361 2.3511 8.764 3.8042 4.4
3 16 8.764 3.8042 4.4 10 3.2361 2.3511 7.6489 3.2361 2.3511
3 16 10 4 5.124 11.2361 3.8042 4.4 10 3.2361 2.3511
3 16 10 3.2361 2.3511 11.2361 3.8042 4.4 12.3512 3.2361 2.3511
3 16 26.5359 2 3.4641 13.4641 2 3.4641 26 0 4
3 16 26 0 4 13.4641 2 3.4641 14 0 4
3 16 26.8245 3.4641 2 13.1756 3.4641 2 26.5359 2 3.4641
3 16 26.5359 2 3.4641 13.1756 3.4641 2 13.4641 2 3.4641
3 16 30 4 0 10 4 0 26.8245 3.4641 2
3 16 26.8245 3.4641 2 10 4 0 13.1756 3.4641 2
3 16 0 3.4641 -2 10 4 0 36.9416 3.4641 -2
3 16 36.9416 3.4641 -2 10 4 0 30 4 0
3 16 10 3.4641 2 10 4 0 6.8245 3.4641 2
3 16 13.1756 3.4641 2 10 4 0 10 3.4641 2
3 16 10 4 0 0 3.4641 -2 0 4 0
3 16 10 4 0 0 4 0 6.8245 3.4641 2
3 16 6.8245 3.4641 2 0 4 0 0 3.4641 2
3 16 6.8245 3.4641 2 0 3.4641 2 6.5359 2 3.4641
3 16 6.5359 2 3.4641 0 3.4641 2 0 2 3.4641
3 16 6.5359 2 3.4641 0 2 3.4641 6 0 4
3 16 6 0 4 0 2 3.4641 0 0 4
3 16 10 3.2361 2.3511 12.3512 3.2361 2.3511 10 3.4641 2
3 16 10 3.4641 2 12.3512 3.2361 2.3511 13.1756 3.4641 2
3 16 10 3.2361 2.3511 10 3.4641 2 7.6489 3.2361 2.3511
3 16 7.6489 3.2361 2.3511 10 3.4641 2 6.8245 3.4641 2
3 16 12.3512 3.2361 2.3511 13.4641 2 3.4641 13.1756 3.4641 2
3 16 6.5359 2 3.4641 7.6489 3.2361 2.3511 6.8245 3.4641 2
3 16 7.6489 3.2361 17.6489 7.6489 3.2361 2.3511 6.5359 2 16.5359
3 16 6.5359 2 16.5359 7.6489 3.2361 2.3511 6.5359 2 3.4641
3 16 13.4641 2 16.5359 13.4641 2 3.4641 12.3512 3.2361 17.6489
3 16 12.3512 3.2361 17.6489 13.4641 2 3.4641 12.3512 3.2361 2.3511
3 16 8.764 3.8042 15.6 8.764 3.8042 4.4 7.6489 3.2361 17.6489
3 16 7.6489 3.2361 17.6489 8.764 3.8042 4.4 7.6489 3.2361 2.3511
3 16 11.2361 3.8042 15.6 11.2361 3.8042 4.4 10 4 14.876
3 16 10 4 14.876 11.2361 3.8042 4.4 10 4 5.124
3 16 10 4 14.876 10 4 5.124 8.764 3.8042 15.6
3 16 8.764 3.8042 15.6 10 4 5.124 8.764 3.8042 4.4
3 16 80 0 4 80 -2 3.4641 80 0 0
3 16 80 -2 3.4641 80 -3.4641 2 80 0 0
3 16 80 -3.4641 2 80 -4 0 80 0 0
3 16 80 -4 0 80 -3.4641 -2 80 0 0
3 16 80 -3.4641 -2 80 -2 -3.4641 80 0 0
3 16 80 -2 -3.4641 80 0 -4 80 0 0
3 16 80 2 3.4641 80 0 4 80 0 0
3 16 80 3.4641 2 80 2 3.4641 80 0 0
3 16 80 4 0 80 3.4641 2 80 0 0
3 16 80 3.4641 -2 80 4 0 80 0 0
3 16 80 2 -3.4641 80 3.4641 -2 80 0 0
3 16 80 0 -4 80 2 -3.4641 80 0 0
3 16 80 -2 16.5359 80 0 16 80 0 20
3 16 80 -3.4641 18 80 -2 16.5359 80 0 20
3 16 80 -4 20 80 -3.4641 18 80 0 20
3 16 80 -3.4641 22 80 -4 20 80 0 20
3 16 80 -2 23.4641 80 -3.4641 22 80 0 20
3 16 80 0 24 80 -2 23.4641 80 0 20
3 16 80 0 16 80 2 16.5359 80 0 20
3 16 80 2 16.5359 80 3.4641 18 80 0 20
3 16 80 3.4641 18 80 4 20 80 0 20
3 16 80 4 20 80 3.4641 22 80 0 20
3 16 80 3.4641 22 80 2 23.4641 80 0 20
3 16 80 2 23.4641 80 0 24 80 0 20
3 16 0 0 16 0 -2 16.5359 0 0 20
3 16 0 -2 16.5359 0 -3.4641 18 0 0 20
3 16 0 -3.4641 18 0 -4 20 0 0 20
3 16 0 -4 20 0 -3.4641 22 0 0 20
3 16 0 -3.4641 22 0 -2 23.4641 0 0 20
3 16 0 -2 23.4641 0 0 24 0 0 20
3 16 0 2 16.5359 0 0 16 0 0 20
3 16 0 3.4641 18 0 2 16.5359 0 0 20
3 16 0 4 20 0 3.4641 18 0 0 20
3 16 0 3.4641 22 0 4 20 0 0 20
3 16 0 2 23.4641 0 3.4641 22 0 0 20
3 16 0 0 24 0 2 23.4641 0 0 20
3 16 0 -2 3.4641 0 0 4 0 0 0
3 16 0 -3.4641 2 0 -2 3.4641 0 0 0
3 16 0 -4 0 0 -3.4641 2 0 0 0
3 16 0 -3.4641 -2 0 -4 0 0 0 0
3 16 0 -2 -3.4641 0 -3.4641 -2 0 0 0
3 16 0 0 -4 0 -2 -3.4641 0 0 0
3 16 0 0 4 0 2 3.4641 0 0 0
3 16 0 2 3.4641 0 3.4641 2 0 0 0
3 16 0 3.4641 2 0 4 0 0 0 0
3 16 0 4 0 0 3.4641 -2 0 0 0
3 16 0 3.4641 -2 0 2 -3.4641 0 0 0
3 16 0 2 -3.4641 0 0 -4 0 0 0
3 16 30 -4 14.2551 31.2361 -3.8042 14.6304 29.9875 -3.6136 16.1125
3 16 28.764 -3.8042 14.6304 30 -4 14.2551 29.9875 -3.6136 16.1125
3 16 27.6489 -3.2361 17.6489 28.764 -3.8042 14.6304 29.9875 -3.6136 16.1125
3 16 31.2361 -3.8042 14.6304 32.3512 -3.2361 17.6489 29.9875 -3.6136 16.1125
3 16 30 -4 5.7425 28.764 -3.8042 5.3379 29.9875 -3.6136 3.8875
3 16 31.2361 -3.8042 5.3671 30 -4 5.7425 29.9875 -3.6136 3.8875
3 16 32.3512 -3.2361 2.3511 31.2361 -3.8042 5.3671 29.9875 -3.6136 3.8875
3 16 28.764 -3.8042 5.3379 27.6489 -3.2361 2.3511 29.9875 -3.6136 3.8875
3 16 48.7639 -3.8042 14.6304 50 -4 14.2138 49.9875 -3.6136 16.1125
3 16 50 -4 14.2138 51.2361 -3.8042 14.6304 49.9875 -3.6136 16.1125
3 16 51.2361 -3.8042 14.6304 52.3512 -3.2361 17.6489 49.9875 -3.6136 16.1125
3 16 47.6489 -3.2361 17.6489 48.7639 -3.8042 14.6304 49.9875 -3.6136 16.1125
3 16 50 -4 5.7425 48.7639 -3.8042 5.3671 49.9875 -3.6136 3.8875
3 16 51.2361 -3.8042 5.3379 50 -4 5.7425 49.9875 -3.6136 3.8875
3 16 52.3512 -3.2361 2.3511 51.2361 -3.8042 5.3379 49.9875 -3.6136 3.8875
3 16 48.7639 -3.8042 5.3671 47.6489 -3.2361 2.3511 49.9875 -3.6136 3.8875
3 16 46.8244 -3.4641 2 50 -3.4641 2 47.6489 -3.2361 2.3511
3 16 47.6489 -3.2361 2.3511 50 -3.4641 2 49.9974 -3.4956 2.3977
3 16 49.9974 -3.4956 2.3977 50 -3.4641 2 52.3512 -3.2361 2.3511
3 16 52.3512 -3.2361 2.3511 50 -3.4641 2 53.1756 -3.4641 2
3 16 47.6489 -3.2361 17.6489 49.9875 -3.6136 16.1125 49.9973 -3.496 17.5973
3 16 49.9875 -3.6136 16.1125 52.3512 -3.2361 17.6489 49.9973 -3.496 17.5973
3 16 27.6489 -3.2361 17.6489 29.9875 -3.6136 16.1125 29.9974 -3.4952 17.6076
3 16 29.9875 -3.6136 16.1125 32.3512 -3.2361 17.6489 29.9974 -3.4952 17.6076
3 16 26.8245 -3.4641 2 30 -3.4641 2 27.6489 -3.2361 2.3511
3 16 27.6489 -3.2361 2.3511 30 -3.4641 2 29.9975 -3.4946 2.3846
3 16 29.9975 -3.4946 2.3846 30 -3.4641 2 32.3512 -3.2361 2.3511
3 16 32.3512 -3.2361 2.3511 30 -3.4641 2 33.1756 -3.4641 2
2 24 26.5359 -2 16.5359 26 0 16
2 24 26.5359 -2 3.4641 26 0 4
2 24 30 -4 14.2551 28.764 -3.8042 14.6304
2 24 30 -4 5.7425 28.764 -3.8042 5.3379
2 24 34 0 16 33.4641 -2 16.5359
2 24 34 0 4 33.4641 -2 3.4641
2 24 30 -4 5.7425 31.2361 -3.8042 5.3671
2 24 30 -4 14.2551 31.2361 -3.8042 14.6304
2 24 34 0 16 33.4641 -2 16.5359
2 24 0 -3.4641 22 0 -2 23.4641
2 24 0 -2 23.4641 0 0 24
2 24 29.9974 -3.4952 17.6076 32.3512 -3.2361 17.6489
2 24 29.9974 -3.4952 17.6076 27.6489 -3.2361 17.6489
2 24 33.4641 -2 16.5359 32.3512 -3.2361 17.6489
2 24 27.6489 -3.2361 17.6489 26.5359 -2 16.5359
2 24 26.5359 -2 16.5359 27.6489 -3.2361 17.6489
2 24 26.5359 -2 3.4641 27.6489 -3.2361 2.3511
2 24 33.4641 -2 16.5359 32.3512 -3.2361 17.6489
2 24 33.4641 -2 3.4641 32.3512 -3.2361 2.3511
2 24 27.6489 3.2361 17.6489 30 3.2361 17.6489
2 24 27.6489 3.2361 17.6489 28.764 3.8042 15.6
2 24 28.764 3.8042 15.6 30 4 14.876
2 24 32.3512 3.2361 17.6489 31.2361 3.8042 15.6
2 24 30 3.2361 17.6489 32.3512 3.2361 17.6489
2 24 30 4 14.876 31.2361 3.8042 15.6
2 24 34 0 16 33.4641 2 16.5359
2 24 26.5359 2 16.5359 26 0 16
2 24 13.4641 2 16.5359 14 0 16
2 24 30 3.2361 17.6489 32.3512 3.2361 17.6489
2 24 30 3.2361 17.6489 27.6489 3.2361 17.6489
2 24 33.4641 2 16.5359 32.3512 3.2361 17.6489
2 24 26.5359 2 16.5359 27.6489 3.2361 17.6489
2 24 34 0 4 33.4641 -2 3.4641
2 24 26.5359 -2 3.4641 26 0 4
2 24 13.4641 -2 3.4641 14 0 4
2 24 29.9975 -3.4946 2.3846 32.3512 -3.2361 2.3511
2 24 29.9975 -3.4946 2.3846 27.6489 -3.2361 2.3511
2 24 33.4641 -2 3.4641 32.3512 -3.2361 2.3511
2 24 26.5359 -2 3.4641 27.6489 -3.2361 2.3511
2 24 26 0 16 26.5359 2 16.5359
2 24 26 0 4 26.5359 2 3.4641
2 24 30 4 7.5579 28.764 3.8042 7.3313
2 24 30 4 14.876 28.764 3.8042 15.6
2 24 34 0 16 33.4641 2 16.5359
2 24 34 0 4 33.4641 2 3.4641
2 24 32.3512 3.2361 17.6489 31.2361 3.8042 15.6
2 24 32.3511 3.2361 6.1917 31.2361 3.8042 7.3313
2 24 27.6489 3.2361 6.1917 30 3.2361 6.1917
2 24 27.6489 3.2361 6.1917 27.6489 3.2361 2.3511
2 24 27.6489 3.2361 2.3511 30 3.2361 2.3511
2 24 30 3.2361 2.3511 32.3512 3.2361 2.3511
2 24 30 3.2361 6.1917 32.3511 3.2361 6.1917
2 24 32.3512 3.2361 2.3511 32.3511 3.2361 6.1917
2 24 34 0 4 33.4641 2 3.4641
2 24 0 3.4641 -2 0 2 -3.4641
2 24 0 2 -3.4641 0 0 -4
2 24 30 3.2361 2.3511 32.3512 3.2361 2.3511
2 24 30 3.2361 2.3511 27.6489 3.2361 2.3511
2 24 33.4641 2 3.4641 32.3512 3.2361 2.3511
2 24 27.6489 3.2361 2.3511 26.5359 2 3.4641
2 24 26.5359 2 16.5359 27.6489 3.2361 17.6489
2 24 26.5359 2 3.4641 27.6489 3.2361 2.3511
2 24 27.6489 3.2361 6.1917 27.6489 3.2361 2.3511
2 24 32.3511 3.2361 6.1917 32.3512 3.2361 2.3511
2 24 33.4641 2 3.4641 32.3512 3.2361 2.3511
2 24 33.4641 2 16.5359 32.3512 3.2361 17.6489
2 24 28.764 3.8042 7.3313 27.6489 3.2361 6.1917
2 24 28.764 3.8042 15.6 27.6489 3.2361 17.6489
2 24 30 4 7.5579 28.764 3.8042 7.3313
2 24 30 3.2361 6.1917 27.6489 3.2361 6.1917
2 24 28.764 3.8042 7.3313 27.6489 3.2361 6.1917
2 24 30 3.2361 6.1917 32.3511 3.2361 6.1917
2 24 32.3511 3.2361 6.1917 31.2361 3.8042 7.3313
2 24 30 4 7.5579 31.2361 3.8042 7.3313
2 24 30 4 7.5579 31.2361 3.8042 7.3313
2 24 30 4 14.876 31.2361 3.8042 15.6
2 24 31.2361 -3.8042 5.3671 32.3512 -3.2361 2.3511
2 24 31.2361 -3.8042 14.6304 32.3512 -3.2361 17.6489
2 24 28.764 -3.8042 14.6304 27.6489 -3.2361 17.6489
2 24 28.764 -3.8042 5.3379 27.6489 -3.2361 2.3511
2 24 66.5359 -2 16.5359 66 0 16
2 24 66.5359 -2 3.4641 66 0 4
2 24 70 -4 14.876 68.7639 -3.8042 15.6
2 24 70 -4 5.124 68.7639 -3.8042 4.4
2 24 74 0 16 73.4641 -2 16.5359
2 24 74 0 4 73.4641 -2 3.4641
2 24 70 -4 14.876 71.2361 -3.8042 15.6
2 24 70 -4 5.124 71.2361 -3.8042 4.4
2 24 70 -4 14.876 68.7639 -3.8042 15.6
2 24 70 -3.2361 17.6489 67.6489 -3.2361 17.6489
2 24 68.7639 -3.8042 15.6 67.6489 -3.2361 17.6489
2 24 70 -4 14.876 71.2361 -3.8042 15.6
2 24 71.2361 -3.8042 15.6 72.3511 -3.2361 17.6489
2 24 70 -3.2361 17.6489 72.3511 -3.2361 17.6489
2 24 80 0 16 80 -2 16.5359
2 24 74 0 16 73.4641 -2 16.5359
2 24 80 -2 16.5359 80 -3.4641 18
2 24 80 -3.4641 18 80 -4 20
2 24 80 -4 20 80 -3.4641 22
2 24 70 -3.2361 17.6489 72.3511 -3.2361 17.6489
2 24 70 -3.2361 17.6489 67.6489 -3.2361 17.6489
2 24 73.4641 -2 16.5359 72.3511 -3.2361 17.6489
2 24 67.6489 -3.2361 17.6489 66.5359 -2 16.5359
2 24 66.5359 -2 16.5359 67.6489 -3.2361 17.6489
2 24 66.5359 -2 3.4641 67.6489 -3.2361 2.3511
2 24 73.4641 -2 16.5359 72.3511 -3.2361 17.6489
2 24 73.4641 -2 3.4641 72.3511 -3.2361 2.3511
2 24 67.6489 3.2361 17.6489 70 3.2361 17.6489
2 24 67.6489 3.2361 17.6489 68.7639 3.8042 15.6
2 24 68.7639 3.8042 15.6 70 4 14.876
2 24 72.3511 3.2361 17.6489 71.2361 3.8042 15.6
2 24 70 3.2361 17.6489 72.3511 3.2361 17.6489
2 24 70 4 14.876 71.2361 3.8042 15.6
2 24 80 0 16 80 2 16.5359
2 24 74 0 16 73.4641 2 16.5359
2 24 80 2 16.5359 80 3.4641 18
2 24 80 3.4641 18 80 4 20
2 24 80 4 20 80 3.4641 22
2 24 66.5359 2 16.5359 66 0 16
2 24 53.4641 2 16.5359 54 0 16
2 24 70 3.2361 17.6489 72.3511 3.2361 17.6489
2 24 70 3.2361 17.6489 67.6489 3.2361 17.6489
2 24 73.4641 2 16.5359 72.3511 3.2361 17.6489
2 24 66.5359 2 16.5359 67.6489 3.2361 17.6489
2 24 71.2361 -3.8042 15.6 72.3511 -3.2361 17.6489
2 24 71.2361 -3.8042 4.4 72.3511 -3.2361 2.3511
2 24 68.7639 -3.8042 15.6 67.6489 -3.2361 17.6489
2 24 68.7639 -3.8042 4.4 67.6489 -3.2361 2.3511
2 24 46.5359 -2 16.5359 46 0 16
2 24 46.5359 -2 3.4641 46 0 4
2 24 48.7639 -3.8042 14.6304 50 -4 14.2138
2 24 48.7639 -3.8042 5.3671 50 -4 5.7425
2 24 54 0 16 53.4641 -2 16.5359
2 24 54 0 4 53.4641 -2 3.4641
2 24 50 -4 14.2138 51.2361 -3.8042 14.6304
2 24 50 -4 5.7425 51.2361 -3.8042 5.3379
2 24 66.5359 -2 16.5359 66 0 16
2 24 54 0 16 53.4641 -2 16.5359
2 24 80 -3.4641 22 80 -2 23.4641
2 24 80 -2 23.4641 80 0 24
2 24 46.5359 -2 16.5359 46 0 16
2 24 49.9973 -3.496 17.5973 52.3512 -3.2361 17.6489
2 24 49.9973 -3.496 17.5973 47.6489 -3.2361 17.6489
2 24 53.4641 -2 16.5359 52.3512 -3.2361 17.6489
2 24 46.5359 -2 16.5359 47.6489 -3.2361 17.6489
2 24 46.5359 -2 16.5359 47.6489 -3.2361 17.6489
2 24 46.5359 -2 3.4641 47.6489 -3.2361 2.3511
2 24 53.4641 -2 16.5359 52.3512 -3.2361 17.6489
2 24 53.4641 -2 3.4641 52.3512 -3.2361 2.3511
2 24 47.6489 3.2361 17.6489 50 3.2361 17.6489
2 24 47.6489 3.2361 17.6489 48.7639 3.8042 15.6
2 24 48.7639 3.8042 15.6 50 4 14.876
2 24 52.3512 3.2361 17.6489 51.2361 3.8042 15.6
2 24 50 3.2361 17.6489 52.3512 3.2361 17.6489
2 24 50 4 14.876 51.2361 3.8042 15.6
2 24 80 0 24 80 2 23.4641
2 24 80 3.4641 22 80 2 23.4641
2 24 46 0 16 46.5359 2 16.5359
2 24 50 3.2361 17.6489 52.3512 3.2361 17.6489
2 24 50 3.2361 17.6489 47.6489 3.2361 17.6489
2 24 53.4641 2 16.5359 52.3512 3.2361 17.6489
2 24 46.5359 2 16.5359 47.6489 3.2361 17.6489
2 24 51.2361 -3.8042 14.6304 52.3512 -3.2361 17.6489
2 24 51.2361 -3.8042 5.3379 52.3512 -3.2361 2.3511
2 24 48.7639 -3.8042 14.6304 47.6489 -3.2361 17.6489
2 24 48.7639 -3.8042 5.3671 47.6489 -3.2361 2.3511
2 24 6.5359 -2 16.5359 6 0 16
2 24 6.5359 -2 3.4641 6 0 4
2 24 10 -4 14.876 8.764 -3.8042 15.6
2 24 10 -4 5.124 8.764 -3.8042 4.4
2 24 14 0 16 13.4641 -2 16.5359
2 24 14 0 4 13.4641 -2 3.4641
2 24 10 -4 14.876 11.2361 -3.8042 15.6
2 24 10 -4 5.124 11.2361 -3.8042 4.4
2 24 10 -4 14.876 8.764 -3.8042 15.6
2 24 10 -3.2361 17.6489 7.6489 -3.2361 17.6489
2 24 8.764 -3.8042 15.6 7.6489 -3.2361 17.6489
2 24 10 -4 14.876 11.2361 -3.8042 15.6
2 24 11.2361 -3.8042 15.6 12.3512 -3.2361 17.6489
2 24 10 -3.2361 17.6489 12.3512 -3.2361 17.6489
2 24 26.5359 -2 16.5359 26 0 16
2 24 14 0 16 13.4641 -2 16.5359
2 24 0 -3.4641 22 0 -4 20
2 24 0 -4 20 0 -3.4641 18
2 24 0 -3.4641 18 0 -2 16.5359
2 24 6.5359 -2 16.5359 6 0 16
2 24 0 -2 16.5359 0 0 16
2 24 10 -3.2361 17.6489 12.3512 -3.2361 17.6489
2 24 10 -3.2361 17.6489 7.6489 -3.2361 17.6489
2 24 13.4641 -2 16.5359 12.3512 -3.2361 17.6489
2 24 6.5359 -2 16.5359 7.6489 -3.2361 17.6489
2 24 6.5359 -2 16.5359 7.6489 -3.2361 17.6489
2 24 6.5359 -2 3.4641 7.6489 -3.2361 2.3511
2 24 13.4641 -2 16.5359 12.3512 -3.2361 17.6489
2 24 13.4641 -2 3.4641 12.3512 -3.2361 2.3511
2 24 7.6489 3.2361 17.6489 10 3.2361 17.6489
2 24 7.6489 3.2361 17.6489 8.764 3.8042 15.6
2 24 8.764 3.8042 15.6 10 4 14.876
2 24 12.3512 3.2361 17.6489 11.2361 3.8042 15.6
2 24 10 3.2361 17.6489 12.3512 3.2361 17.6489
2 24 10 4 14.876 11.2361 3.8042 15.6
2 24 0 0 24 0 2 23.4641
2 24 0 3.4641 22 0 2 23.4641
2 24 0 3.4641 22 0 4 20
2 24 0 4 20 0 3.4641 18
2 24 0 3.4641 18 0 2 16.5359
2 24 0 0 16 0 2 16.5359
2 24 6 0 16 6.5359 2 16.5359
2 24 10 3.2361 17.6489 12.3512 3.2361 17.6489
2 24 10 3.2361 17.6489 7.6489 3.2361 17.6489
2 24 13.4641 2 16.5359 12.3512 3.2361 17.6489
2 24 6.5359 2 16.5359 7.6489 3.2361 17.6489
2 24 11.2361 -3.8042 15.6 12.3512 -3.2361 17.6489
2 24 11.2361 -3.8042 4.4 12.3512 -3.2361 2.3511
2 24 8.764 -3.8042 15.6 7.6489 -3.2361 17.6489
2 24 8.764 -3.8042 4.4 7.6489 -3.2361 2.3511
2 24 67.6489 -3.2361 2.3511 70 -3.2361 2.3511
2 24 67.6489 -3.2361 2.3511 68.7639 -3.8042 4.4
2 24 68.7639 -3.8042 4.4 70 -4 5.124
2 24 72.3511 -3.2361 2.3511 71.2361 -3.8042 4.4
2 24 70 -3.2361 2.3511 72.3511 -3.2361 2.3511
2 24 70 -4 5.124 71.2361 -3.8042 4.4
2 24 80 0 4 80 -2 3.4641
2 24 74 0 4 73.4641 -2 3.4641
2 24 80 -2 3.4641 80 -3.4641 2
2 24 80 -3.4641 2 80 -4 0
2 24 80 -4 0 80 -3.4641 -2
2 24 66.5359 -2 3.4641 66 0 4
2 24 53.4641 -2 3.4641 54 0 4
2 24 70 -3.2361 2.3511 72.3511 -3.2361 2.3511
2 24 70 -3.2361 2.3511 67.6489 -3.2361 2.3511
2 24 73.4641 -2 3.4641 72.3511 -3.2361 2.3511
2 24 66.5359 -2 3.4641 67.6489 -3.2361 2.3511
2 24 66 0 16 66.5359 2 16.5359
2 24 66 0 4 66.5359 2 3.4641
2 24 74 0 16 73.4641 2 16.5359
2 24 74 0 4 73.4641 2 3.4641
2 24 72.3511 3.2361 17.6489 71.2361 3.8042 15.6
2 24 72.3511 3.2361 2.3511 71.2361 3.8042 4.4
2 24 70 4 5.124 68.7639 3.8042 4.4
2 24 70 3.2361 2.3511 67.6489 3.2361 2.3511
2 24 68.7639 3.8042 4.4 67.6489 3.2361 2.3511
2 24 70 4 5.124 71.2361 3.8042 4.4
2 24 71.2361 3.8042 4.4 72.3511 3.2361 2.3511
2 24 70 3.2361 2.3511 72.3511 3.2361 2.3511
2 24 80 0 4 80 2 3.4641
2 24 74 0 4 73.4641 2 3.4641
2 24 80 2 3.4641 80 3.4641 2
2 24 80 3.4641 2 80 4 0
2 24 80 4 0 80 3.4641 -2
2 24 70 3.2361 2.3511 72.3511 3.2361 2.3511
2 24 70 3.2361 2.3511 67.6489 3.2361 2.3511
2 24 73.4641 2 3.4641 72.3511 3.2361 2.3511
2 24 67.6489 3.2361 2.3511 66.5359 2 3.4641
2 24 66.5359 2 16.5359 67.6489 3.2361 17.6489
2 24 66.5359 2 3.4641 67.6489 3.2361 2.3511
2 24 73.4641 2 16.5359 72.3511 3.2361 17.6489
2 24 73.4641 2 3.4641 72.3511 3.2361 2.3511
2 24 67.6489 3.2361 17.6489 68.7639 3.8042 15.6
2 24 67.6489 3.2361 2.3511 68.7639 3.8042 4.4
2 24 71.2361 3.8042 15.6 70 4 14.876
2 24 71.2361 3.8042 4.4 70 4 5.124
2 24 68.7639 3.8042 15.6 70 4 14.876
2 24 68.7639 3.8042 4.4 70 4 5.124
2 24 80 -2 -3.4641 80 0 -4
2 24 80 -3.4641 -2 80 -2 -3.4641
2 24 46.5359 -2 3.4641 46 0 4
2 24 49.9974 -3.4956 2.3977 52.3512 -3.2361 2.3511
2 24 49.9974 -3.4956 2.3977 47.6489 -3.2361 2.3511
2 24 53.4641 -2 3.4641 52.3512 -3.2361 2.3511
2 24 46.5359 -2 3.4641 47.6489 -3.2361 2.3511
2 24 46 0 16 46.5359 2 16.5359
2 24 46 0 4 46.5359 2 3.4641
2 24 54 0 16 53.4641 2 16.5359
2 24 54 0 4 53.4641 2 3.4641
2 24 52.3512 3.2361 17.6489 51.2361 3.8042 15.6
2 24 52.3512 3.2361 2.3511 51.2361 3.8042 4.4
2 24 50 4 5.124 48.7639 3.8042 4.4
2 24 50 3.2361 2.3511 47.6489 3.2361 2.3511
2 24 48.7639 3.8042 4.4 47.6489 3.2361 2.3511
2 24 50 4 5.124 51.2361 3.8042 4.4
2 24 51.2361 3.8042 4.4 52.3512 3.2361 2.3511
2 24 50 3.2361 2.3511 52.3512 3.2361 2.3511
2 24 66 0 4 66.5359 2 3.4641
2 24 54 0 4 53.4641 2 3.4641
2 24 80 3.4641 -2 80 2 -3.4641
2 24 80 0 -4 80 2 -3.4641
2 24 46 0 4 46.5359 2 3.4641
2 24 50 3.2361 2.3511 52.3512 3.2361 2.3511
2 24 50 3.2361 2.3511 47.6489 3.2361 2.3511
2 24 53.4641 2 3.4641 52.3512 3.2361 2.3511
2 24 46.5359 2 3.4641 47.6489 3.2361 2.3511
2 24 46.5359 2 16.5359 47.6489 3.2361 17.6489
2 24 46.5359 2 3.4641 47.6489 3.2361 2.3511
2 24 53.4641 2 16.5359 52.3512 3.2361 17.6489
2 24 53.4641 2 3.4641 52.3512 3.2361 2.3511
2 24 47.6489 3.2361 17.6489 48.7639 3.8042 15.6
2 24 47.6489 3.2361 2.3511 48.7639 3.8042 4.4
2 24 51.2361 3.8042 15.6 50 4 14.876
2 24 51.2361 3.8042 4.4 50 4 5.124
2 24 48.7639 3.8042 15.6 50 4 14.876
2 24 48.7639 3.8042 4.4 50 4 5.124
2 24 7.6489 -3.2361 2.3511 10 -3.2361 2.3511
2 24 7.6489 -3.2361 2.3511 8.764 -3.8042 4.4
2 24 8.764 -3.8042 4.4 10 -4 5.124
2 24 12.3512 -3.2361 2.3511 11.2361 -3.8042 4.4
2 24 10 -3.2361 2.3511 12.3512 -3.2361 2.3511
2 24 10 -4 5.124 11.2361 -3.8042 4.4
2 24 0 0 -4 0 -2 -3.4641
2 24 0 -3.4641 -2 0 -2 -3.4641
2 24 0 -3.4641 -2 0 -4 0
2 24 0 -4 0 0 -3.4641 2
2 24 0 -3.4641 2 0 -2 3.4641
2 24 0 -2 3.4641 0 0 4
2 24 6.5359 -2 3.4641 6 0 4
2 24 10 -3.2361 2.3511 12.3512 -3.2361 2.3511
2 24 10 -3.2361 2.3511 7.6489 -3.2361 2.3511
2 24 13.4641 -2 3.4641 12.3512 -3.2361 2.3511
2 24 6.5359 -2 3.4641 7.6489 -3.2361 2.3511
2 24 6 0 16 6.5359 2 16.5359
2 24 6 0 4 6.5359 2 3.4641
2 24 14 0 16 13.4641 2 16.5359
2 24 14 0 4 13.4641 2 3.4641
2 24 12.3512 3.2361 17.6489 11.2361 3.8042 15.6
2 24 12.3512 3.2361 2.3511 11.2361 3.8042 4.4
2 24 10 4 5.124 8.764 3.8042 4.4
2 24 10 3.2361 2.3511 7.6489 3.2361 2.3511
2 24 8.764 3.8042 4.4 7.6489 3.2361 2.3511
2 24 10 4 5.124 11.2361 3.8042 4.4
2 24 11.2361 3.8042 4.4 12.3512 3.2361 2.3511
2 24 10 3.2361 2.3511 12.3512 3.2361 2.3511
2 24 26 0 4 26.5359 2 3.4641
2 24 14 0 4 13.4641 2 3.4641
2 24 0 3.4641 -2 0 4 0
2 24 0 4 0 0 3.4641 2
2 24 0 3.4641 2 0 2 3.4641
2 24 6 0 4 6.5359 2 3.4641
2 24 0 0 4 0 2 3.4641
2 24 10 3.2361 2.3511 12.3512 3.2361 2.3511
2 24 10 3.2361 2.3511 7.6489 3.2361 2.3511
2 24 13.4641 2 3.4641 12.3512 3.2361 2.3511
2 24 6.5359 2 3.4641 7.6489 3.2361 2.3511
2 24 6.5359 2 16.5359 7.6489 3.2361 17.6489
2 24 6.5359 2 3.4641 7.6489 3.2361 2.3511
2 24 13.4641 2 16.5359 12.3512 3.2361 17.6489
2 24 13.4641 2 3.4641 12.3512 3.2361 2.3511
2 24 7.6489 3.2361 17.6489 8.764 3.8042 15.6
2 24 7.6489 3.2361 2.3511 8.764 3.8042 4.4
2 24 11.2361 3.8042 15.6 10 4 14.876
2 24 11.2361 3.8042 4.4 10 4 5.124
2 24 8.764 3.8042 15.6 10 4 14.876
2 24 8.764 3.8042 4.4 10 4 5.124
2 24 80 0 4 80 -2 3.4641
2 24 80 -2 3.4641 80 -3.4641 2
2 24 80 -3.4641 2 80 -4 0
2 24 80 -4 0 80 -3.4641 -2
2 24 80 -3.4641 -2 80 -2 -3.4641
2 24 80 -2 -3.4641 80 0 -4
2 24 80 0 4 80 2 3.4641
2 24 80 2 3.4641 80 3.4641 2
2 24 80 3.4641 2 80 4 0
2 24 80 4 0 80 3.4641 -2
2 24 80 3.4641 -2 80 2 -3.4641
2 24 80 0 -4 80 2 -3.4641
2 24 80 -2 16.5359 80 0 16
2 24 80 -2 16.5359 80 -3.4641 18
2 24 80 -3.4641 18 80 -4 20
2 24 80 -4 20 80 -3.4641 22
2 24 80 -3.4641 22 80 -2 23.4641
2 24 80 -2 23.4641 80 0 24
2 24 80 0 16 80 2 16.5359
2 24 80 2 16.5359 80 3.4641 18
2 24 80 3.4641 18 80 4 20
2 24 80 4 20 80 3.4641 22
2 24 80 3.4641 22 80 2 23.4641
2 24 80 0 24 80 2 23.4641
2 24 0 0 16 0 -2 16.5359
2 24 0 -2 16.5359 0 -3.4641 18
2 24 0 -3.4641 18 0 -4 20
2 24 0 -4 20 0 -3.4641 22
2 24 0 -3.4641 22 0 -2 23.4641
2 24 0 -2 23.4641 0 0 24
2 24 0 0 16 0 2 16.5359
2 24 0 2 16.5359 0 3.4641 18
2 24 0 3.4641 18 0 4 20
2 24 0 4 20 0 3.4641 22
2 24 0 3.4641 22 0 2 23.4641
2 24 0 0 24 0 2 23.4641
2 24 0 -2 3.4641 0 0 4
2 24 0 -2 3.4641 0 -3.4641 2
2 24 0 -3.4641 2 0 -4 0
2 24 0 -4 0 0 -3.4641 -2
2 24 0 -3.4641 -2 0 -2 -3.4641
2 24 0 -2 -3.4641 0 0 -4
2 24 0 0 4 0 2 3.4641
2 24 0 2 3.4641 0 3.4641 2
2 24 0 3.4641 2 0 4 0
2 24 0 4 0 0 3.4641 -2
2 24 0 3.4641 -2 0 2 -3.4641
2 24 0 0 -4 0 2 -3.4641
2 24 30 -4 14.2551 31.2361 -3.8042 14.6304
2 24 30 -4 14.2551 28.764 -3.8042 14.6304
2 24 28.764 -3.8042 14.6304 27.6489 -3.2361 17.6489
2 24 31.2361 -3.8042 14.6304 32.3512 -3.2361 17.6489
2 24 30 -4 5.7425 28.764 -3.8042 5.3379
2 24 30 -4 5.7425 31.2361 -3.8042 5.3671
2 24 32.3512 -3.2361 2.3511 31.2361 -3.8042 5.3671
2 24 27.6489 -3.2361 2.3511 28.764 -3.8042 5.3379
2 24 48.7639 -3.8042 14.6304 50 -4 14.2138
2 24 50 -4 14.2138 51.2361 -3.8042 14.6304
2 24 51.2361 -3.8042 14.6304 52.3512 -3.2361 17.6489
2 24 48.7639 -3.8042 14.6304 47.6489 -3.2361 17.6489
2 24 50 -4 5.7425 48.7639 -3.8042 5.3671
2 24 50 -4 5.7425 51.2361 -3.8042 5.3379
2 24 52.3512 -3.2361 2.3511 51.2361 -3.8042 5.3379
2 24 47.6489 -3.2361 2.3511 48.7639 -3.8042 5.3671
2 24 49.9974 -3.4956 2.3977 47.6489 -3.2361 2.3511
2 24 49.9974 -3.4956 2.3977 52.3512 -3.2361 2.3511
2 24 49.9973 -3.496 17.5973 47.6489 -3.2361 17.6489
2 24 49.9973 -3.496 17.5973 52.3512 -3.2361 17.6489
2 24 29.9974 -3.4952 17.6076 27.6489 -3.2361 17.6489
2 24 29.9974 -3.4952 17.6076 32.3512 -3.2361 17.6489
2 24 29.9975 -3.4946 2.3846 27.6489 -3.2361 2.3511
2 24 29.9975 -3.4946 2.3846 32.3512 -3.2361 2.3511
0 STEP
