0 Minifigure, Head, Modified Giant
0 Name: bl_79435.dat
0 Author: 
0 BL_Item_No 79435
0 BFC CERTIFY CCW
3 16 1.1326 -5 -13.609 -1.1326 -5 -13.609 1.1326 -5 -7.319
3 16 1.1326 -5 -7.319 -1.1326 -5 -13.609 -1.1326 -5 -7.319
3 16 1.1326 -28.3905 -7.319 1.1326 -28.3905 -12.6903 1.1326 -5 -7.319
3 16 1.1326 -5 -7.319 1.1326 -28.3905 -12.6903 1.1326 -5 -13.609
3 16 -1.1326 -5 -13.609 -1.1326 -28.3905 -12.6903 -1.1326 -5 -7.319
3 16 -1.1326 -5 -7.319 -1.1326 -28.3905 -12.6903 -1.1326 -28.3905 -7.319
3 16 -1.1326 -5 13.609 -1.1326 -5 7.319 -1.1326 -28.3905 12.6903
3 16 -1.1326 -28.3905 12.6903 -1.1326 -5 7.319 -1.1326 -28.3905 7.319
3 16 1.1326 -28.3905 7.319 1.1326 -5 7.319 1.1326 -28.3905 12.6903
3 16 1.1326 -28.3905 12.6903 1.1326 -5 7.319 1.1326 -5 13.609
3 16 -1.1326 -5 13.609 1.1326 -5 13.609 -1.1326 -5 7.319
3 16 -1.1326 -5 7.319 1.1326 -5 13.609 1.1326 -5 7.319
3 16 4.969 -14.9647 3.4374 3.443 -14.9621 4.9534 5.5396 -12.6521 3.1983
3 16 5.5396 -12.6521 3.1983 3.443 -14.9621 4.9534 3.1983 -12.6521 5.5397
3 16 2.1829 -26.5479 5.6484 2.1872 -16.2742 5.6773 2.1969 -26.5463 3.6302
3 16 2.1969 -26.5463 3.6302 2.1872 -16.2742 5.6773 2.1848 -16.2117 3.4465
3 16 4.3812 -26.5477 2.0775 3.1052 -26.5448 2.4911 4.1398 -16.2292 2.0393
3 16 4.1398 -16.2292 2.0393 3.1052 -26.5448 2.4911 3.022 -16.1927 2.4695
3 16 2.1969 -26.5463 3.6302 2.1848 -16.2117 3.4465 3.1052 -26.5448 2.4911
3 16 3.1052 -26.5448 2.4911 2.1848 -16.2117 3.4465 3.022 -16.1927 2.4695
3 16 5.7207 -26.545 2.065 4.3812 -26.5477 2.0775 5.7106 -16.2369 2.0929
3 16 5.7106 -16.2369 2.0929 4.3812 -26.5477 2.0775 4.1398 -16.2292 2.0393
3 16 3.5309 -14.9599 3.9095 2.5743 -15.2211 3.5959 3.443 -14.9621 4.9534
3 16 3.443 -14.9621 4.9534 2.5743 -15.2211 3.5959 2.4943 -15.3458 5.5124
3 16 2.5743 -15.2211 3.5959 3.5309 -14.9599 3.9095 3.2611 -15.2543 2.8365
3 16 3.2611 -15.2543 2.8365 3.5309 -14.9599 3.9095 3.7169 -14.9627 3.5977
3 16 4.0906 -15.2357 2.4929 3.2611 -15.2543 2.8365 4.1215 -14.9621 3.4552
3 16 4.1215 -14.9621 3.4552 3.2611 -15.2543 2.8365 3.7169 -14.9627 3.5977
3 16 5.5288 -15.2973 2.5055 4.0906 -15.2357 2.4929 4.969 -14.9647 3.4374
3 16 4.969 -14.9647 3.4374 4.0906 -15.2357 2.4929 4.1215 -14.9621 3.4552
3 16 4.0906 -15.2357 2.4929 5.5288 -15.2973 2.5055 4.1398 -16.2292 2.0393
3 16 4.1398 -16.2292 2.0393 5.5288 -15.2973 2.5055 5.7106 -16.2369 2.0929
3 16 3.2611 -15.2543 2.8365 4.0906 -15.2357 2.4929 3.022 -16.1927 2.4695
3 16 3.022 -16.1927 2.4695 4.0906 -15.2357 2.4929 4.1398 -16.2292 2.0393
3 16 2.1848 -16.2117 3.4465 2.5743 -15.2211 3.5959 3.022 -16.1927 2.4695
3 16 3.022 -16.1927 2.4695 2.5743 -15.2211 3.5959 3.2611 -15.2543 2.8365
3 16 2.5743 -15.2211 3.5959 2.1848 -16.2117 3.4465 2.4943 -15.3458 5.5124
3 16 2.4943 -15.3458 5.5124 2.1848 -16.2117 3.4465 2.1872 -16.2742 5.6773
3 16 4.1215 -14.9621 3.4552 3.5309 -14.9599 3.9095 4.969 -14.9647 3.4374
3 16 4.969 -14.9647 3.4374 3.5309 -14.9599 3.9095 3.443 -14.9621 4.9534
3 16 3.5309 -14.9599 3.9095 4.1215 -14.9621 3.4552 3.7169 -14.9627 3.5977
3 16 2.1829 -26.5479 5.6484 0 -26.4414 6.2557 2.1872 -16.2742 5.6773
3 16 2.1872 -16.2742 5.6773 0 -26.4414 6.2557 0 -12.8148 6.2557
3 16 5.5396 -12.6521 3.1983 6.2557 -12.8148 0 5.5288 -15.2973 2.5055
3 16 5.5288 -15.2973 2.5055 6.2557 -12.8148 0 5.7106 -16.2369 2.0929
3 16 5.7207 -26.545 2.065 5.7106 -16.2369 2.0929 6.2557 -26.4414 0
3 16 6.2557 -26.4414 0 5.7106 -16.2369 2.0929 6.2557 -12.8148 0
3 16 3.443 -14.9621 4.9534 2.4943 -15.3458 5.5124 3.1983 -12.6521 5.5397
3 16 3.4375 -14.9647 -4.969 4.9535 -14.9621 -3.4429 3.1983 -12.6521 -5.5396
3 16 3.1983 -12.6521 -5.5396 4.9535 -14.9621 -3.4429 5.5396 -12.6521 -3.1983
3 16 5.6485 -26.5479 -2.1829 5.6773 -16.2742 -2.1872 3.6302 -26.5463 -2.1968
3 16 3.6302 -26.5463 -2.1968 5.6773 -16.2742 -2.1872 3.4466 -16.2117 -2.1847
3 16 2.0775 -26.5477 -4.3812 2.4911 -26.5448 -3.1052 2.0393 -16.2292 -4.1398
3 16 2.0393 -16.2292 -4.1398 2.4911 -26.5448 -3.1052 2.4695 -16.1927 -3.022
3 16 3.6302 -26.5463 -2.1968 3.4466 -16.2117 -2.1847 2.4911 -26.5448 -3.1052
3 16 2.4911 -26.5448 -3.1052 3.4466 -16.2117 -2.1847 2.4695 -16.1927 -3.022
3 16 2.065 -26.545 -5.7207 2.0775 -26.5477 -4.3812 2.0929 -16.2369 -5.7106
3 16 2.0929 -16.2369 -5.7106 2.0775 -26.5477 -4.3812 2.0393 -16.2292 -4.1398
3 16 3.9095 -14.9599 -3.5309 3.5959 -15.2211 -2.5743 4.9535 -14.9621 -3.4429
3 16 4.9535 -14.9621 -3.4429 3.5959 -15.2211 -2.5743 5.5124 -15.3458 -2.4943
3 16 3.5959 -15.2211 -2.5743 3.9095 -14.9599 -3.5309 2.8365 -15.2543 -3.2611
3 16 2.8365 -15.2543 -3.2611 3.9095 -14.9599 -3.5309 3.5977 -14.9627 -3.7169
3 16 2.4929 -15.2357 -4.0906 2.8365 -15.2543 -3.2611 3.4552 -14.9621 -4.1215
3 16 3.4552 -14.9621 -4.1215 2.8365 -15.2543 -3.2611 3.5977 -14.9627 -3.7169
3 16 2.5055 -15.2973 -5.5288 2.4929 -15.2357 -4.0906 3.4375 -14.9647 -4.969
3 16 3.4375 -14.9647 -4.969 2.4929 -15.2357 -4.0906 3.4552 -14.9621 -4.1215
3 16 2.4929 -15.2357 -4.0906 2.5055 -15.2973 -5.5288 2.0393 -16.2292 -4.1398
3 16 2.0393 -16.2292 -4.1398 2.5055 -15.2973 -5.5288 2.0929 -16.2369 -5.7106
3 16 2.8365 -15.2543 -3.2611 2.4929 -15.2357 -4.0906 2.4695 -16.1927 -3.022
3 16 2.4695 -16.1927 -3.022 2.4929 -15.2357 -4.0906 2.0393 -16.2292 -4.1398
3 16 3.4466 -16.2117 -2.1847 3.5959 -15.2211 -2.5743 2.4695 -16.1927 -3.022
3 16 2.4695 -16.1927 -3.022 3.5959 -15.2211 -2.5743 2.8365 -15.2543 -3.2611
3 16 3.5959 -15.2211 -2.5743 3.4466 -16.2117 -2.1847 5.5124 -15.3458 -2.4943
3 16 5.5124 -15.3458 -2.4943 3.4466 -16.2117 -2.1847 5.6773 -16.2742 -2.1872
3 16 3.4552 -14.9621 -4.1215 3.9095 -14.9599 -3.5309 3.4375 -14.9647 -4.969
3 16 3.4375 -14.9647 -4.969 3.9095 -14.9599 -3.5309 4.9535 -14.9621 -3.4429
3 16 3.9095 -14.9599 -3.5309 3.4552 -14.9621 -4.1215 3.5977 -14.9627 -3.7169
3 16 5.6485 -26.5479 -2.1829 6.2557 -26.4414 0 5.6773 -16.2742 -2.1872
3 16 5.6773 -16.2742 -2.1872 6.2557 -26.4414 0 6.2557 -12.8148 0
3 16 3.1983 -12.6521 -5.5396 0 -12.8148 -6.2557 2.5055 -15.2973 -5.5288
3 16 2.5055 -15.2973 -5.5288 0 -12.8148 -6.2557 2.0929 -16.2369 -5.7106
3 16 2.065 -26.545 -5.7207 2.0929 -16.2369 -5.7106 0 -26.4414 -6.2557
3 16 0 -26.4414 -6.2557 2.0929 -16.2369 -5.7106 0 -12.8148 -6.2557
3 16 5.5124 -15.3458 -2.4943 5.5396 -12.6521 -3.1983 4.9535 -14.9621 -3.4429
3 16 -4.969 -14.9647 -3.4374 -3.443 -14.9621 -4.9535 -5.5397 -12.6521 -3.1983
3 16 -5.5397 -12.6521 -3.1983 -3.443 -14.9621 -4.9535 -3.1983 -12.6521 -5.5397
3 16 -2.1829 -26.5479 -5.6484 -2.1872 -16.2742 -5.6773 -2.1969 -26.5463 -3.6302
3 16 -2.1969 -26.5463 -3.6302 -2.1872 -16.2742 -5.6773 -2.1848 -16.2117 -3.4465
3 16 -4.3812 -26.5477 -2.0775 -3.1052 -26.5448 -2.4911 -4.1398 -16.2292 -2.0393
3 16 -4.1398 -16.2292 -2.0393 -3.1052 -26.5448 -2.4911 -3.022 -16.1927 -2.4695
3 16 -2.1969 -26.5463 -3.6302 -2.1848 -16.2117 -3.4465 -3.1052 -26.5448 -2.4911
3 16 -3.1052 -26.5448 -2.4911 -2.1848 -16.2117 -3.4465 -3.022 -16.1927 -2.4695
3 16 -5.7207 -26.545 -2.065 -4.3812 -26.5477 -2.0775 -5.7106 -16.2369 -2.0929
3 16 -5.7106 -16.2369 -2.0929 -4.3812 -26.5477 -2.0775 -4.1398 -16.2292 -2.0393
3 16 -3.5309 -14.9599 -3.9095 -2.5743 -15.2211 -3.5959 -3.443 -14.9621 -4.9535
3 16 -3.443 -14.9621 -4.9535 -2.5743 -15.2211 -3.5959 -2.4943 -15.3458 -5.5124
3 16 -2.5743 -15.2211 -3.5959 -3.5309 -14.9599 -3.9095 -3.2611 -15.2543 -2.8365
3 16 -3.2611 -15.2543 -2.8365 -3.5309 -14.9599 -3.9095 -3.7169 -14.9627 -3.5977
3 16 -4.0906 -15.2357 -2.4929 -3.2611 -15.2543 -2.8365 -4.1215 -14.9621 -3.4552
3 16 -4.1215 -14.9621 -3.4552 -3.2611 -15.2543 -2.8365 -3.7169 -14.9627 -3.5977
3 16 -5.5288 -15.2973 -2.5055 -4.0906 -15.2357 -2.4929 -4.969 -14.9647 -3.4374
3 16 -4.969 -14.9647 -3.4374 -4.0906 -15.2357 -2.4929 -4.1215 -14.9621 -3.4552
3 16 -4.0906 -15.2357 -2.4929 -5.5288 -15.2973 -2.5055 -4.1398 -16.2292 -2.0393
3 16 -4.1398 -16.2292 -2.0393 -5.5288 -15.2973 -2.5055 -5.7106 -16.2369 -2.0929
3 16 -3.2611 -15.2543 -2.8365 -4.0906 -15.2357 -2.4929 -3.022 -16.1927 -2.4695
3 16 -3.022 -16.1927 -2.4695 -4.0906 -15.2357 -2.4929 -4.1398 -16.2292 -2.0393
3 16 -2.1848 -16.2117 -3.4465 -2.5743 -15.2211 -3.5959 -3.022 -16.1927 -2.4695
3 16 -3.022 -16.1927 -2.4695 -2.5743 -15.2211 -3.5959 -3.2611 -15.2543 -2.8365
3 16 -2.5743 -15.2211 -3.5959 -2.1848 -16.2117 -3.4465 -2.4943 -15.3458 -5.5124
3 16 -2.4943 -15.3458 -5.5124 -2.1848 -16.2117 -3.4465 -2.1872 -16.2742 -5.6773
3 16 -4.1215 -14.9621 -3.4552 -3.5309 -14.9599 -3.9095 -4.969 -14.9647 -3.4374
3 16 -4.969 -14.9647 -3.4374 -3.5309 -14.9599 -3.9095 -3.443 -14.9621 -4.9535
3 16 -3.5309 -14.9599 -3.9095 -4.1215 -14.9621 -3.4552 -3.7169 -14.9627 -3.5977
3 16 -2.1829 -26.5479 -5.6484 0 -26.4414 -6.2557 -2.1872 -16.2742 -5.6773
3 16 -2.1872 -16.2742 -5.6773 0 -26.4414 -6.2557 0 -12.8148 -6.2557
3 16 -5.5397 -12.6521 -3.1983 -6.2557 -12.8148 0 -5.5288 -15.2973 -2.5055
3 16 -5.5288 -15.2973 -2.5055 -6.2557 -12.8148 0 -5.7106 -16.2369 -2.0929
3 16 -5.7207 -26.545 -2.065 -5.7106 -16.2369 -2.0929 -6.2557 -26.4414 0
3 16 -6.2557 -26.4414 0 -5.7106 -16.2369 -2.0929 -6.2557 -12.8148 0
3 16 -3.1983 -12.6521 -5.5397 -3.443 -14.9621 -4.9535 -2.4943 -15.3458 -5.5124
3 16 0 -27.513 9.5099 4.7549 -27.513 8.2358 0 -27.3816 9.3282
3 16 0 -27.3816 9.3282 4.7549 -27.513 8.2358 4.6641 -27.3816 8.0784
3 16 -4.7549 -27.513 8.2358 0 -27.513 9.5099 -4.6641 -27.3816 8.0784
3 16 -4.6641 -27.3816 8.0784 0 -27.513 9.5099 0 -27.3816 9.3282
3 16 -8.2358 -27.513 4.7549 -4.7549 -27.513 8.2358 -8.0785 -27.3816 4.6641
3 16 -8.0785 -27.3816 4.6641 -4.7549 -27.513 8.2358 -4.6641 -27.3816 8.0784
3 16 -9.5099 -27.513 0 -8.2358 -27.513 4.7549 -9.3282 -27.3816 0
3 16 -9.3282 -27.3816 0 -8.2358 -27.513 4.7549 -8.0785 -27.3816 4.6641
3 16 -8.2358 -27.513 -4.7549 -9.5099 -27.513 0 -8.0785 -27.3816 -4.6641
3 16 -8.0785 -27.3816 -4.6641 -9.5099 -27.513 0 -9.3282 -27.3816 0
3 16 -4.7549 -27.513 -8.2358 -8.2358 -27.513 -4.7549 -4.6641 -27.3816 -8.0784
3 16 -4.6641 -27.3816 -8.0784 -8.2358 -27.513 -4.7549 -8.0785 -27.3816 -4.6641
3 16 0 -27.513 -9.5099 -4.7549 -27.513 -8.2358 0 -27.3816 -9.3282
3 16 0 -27.3816 -9.3282 -4.7549 -27.513 -8.2358 -4.6641 -27.3816 -8.0784
3 16 4.7549 -27.513 -8.2358 0 -27.513 -9.5099 4.6641 -27.3816 -8.0784
3 16 4.6641 -27.3816 -8.0784 0 -27.513 -9.5099 0 -27.3816 -9.3282
3 16 8.2358 -27.513 -4.7549 4.7549 -27.513 -8.2358 8.0785 -27.3816 -4.6641
3 16 8.0785 -27.3816 -4.6641 4.7549 -27.513 -8.2358 4.6641 -27.3816 -8.0784
3 16 9.5099 -27.513 0 8.2358 -27.513 -4.7549 9.3282 -27.3816 0
3 16 9.3282 -27.3816 0 8.2358 -27.513 -4.7549 8.0785 -27.3816 -4.6641
3 16 8.2358 -27.513 4.7549 9.5099 -27.513 0 8.0784 -27.3816 4.6641
3 16 8.0784 -27.3816 4.6641 9.5099 -27.513 0 9.3282 -27.3816 0
3 16 5.5396 -0.0627 3.1983 3.1983 -0.0627 5.5396 7.4364 0.013 4.2934
3 16 7.4364 0.013 4.2934 3.1983 -0.0627 5.5396 4.2934 0.013 7.4364
3 16 4.2934 0.013 7.4364 3.1983 -0.0627 5.5396 0 0.013 8.5868
3 16 0 0.013 8.5868 3.1983 -0.0627 5.5396 0 -0.0627 6.3966
3 16 0 0.013 8.5868 0 -0.0627 6.3966 -4.2934 0.013 7.4364
3 16 -4.2934 0.013 7.4364 0 -0.0627 6.3966 -3.1983 -0.0627 5.5396
3 16 -4.2934 0.013 7.4364 -3.1983 -0.0627 5.5396 -7.4364 0.013 4.2934
3 16 -7.4364 0.013 4.2934 -3.1983 -0.0627 5.5396 -5.5396 -0.0627 3.1983
3 16 -7.4364 0.013 4.2934 -5.5396 -0.0627 3.1983 -8.5868 0.013 0
3 16 -8.5868 0.013 0 -5.5396 -0.0627 3.1983 -6.3966 -0.0627 0
3 16 -8.5868 0.013 0 -6.3966 -0.0627 0 -7.4364 0.013 -4.2934
3 16 -7.4364 0.013 -4.2934 -6.3966 -0.0627 0 -5.5396 -0.0627 -3.1983
3 16 -7.4364 0.013 -4.2934 -5.5396 -0.0627 -3.1983 -4.2934 0.013 -7.4364
3 16 -4.2934 0.013 -7.4364 -5.5396 -0.0627 -3.1983 -3.1983 -0.0627 -5.5396
3 16 -4.2934 0.013 -7.4364 -3.1983 -0.0627 -5.5396 0 0.013 -8.5868
3 16 0 0.013 -8.5868 -3.1983 -0.0627 -5.5396 0 -0.0627 -6.3966
3 16 0 0.013 -8.5868 0 -0.0627 -6.3966 4.2934 0.013 -7.4364
3 16 4.2934 0.013 -7.4364 0 -0.0627 -6.3966 3.1983 -0.0627 -5.5396
3 16 4.2934 0.013 -7.4364 3.1983 -0.0627 -5.5396 7.4364 0.013 -4.2934
3 16 7.4364 0.013 -4.2934 3.1983 -0.0627 -5.5396 5.5396 -0.0627 -3.1983
3 16 7.4364 0.013 -4.2934 5.5396 -0.0627 -3.1983 8.5868 0.013 0
3 16 8.5868 0.013 0 5.5396 -0.0627 -3.1983 6.3966 -0.0627 0
3 16 8.5868 0.013 0 6.3966 -0.0627 0 7.4364 0.013 4.2934
3 16 7.4364 0.013 4.2934 6.3966 -0.0627 0 5.5396 -0.0627 3.1983
3 16 3.1983 -0.0627 5.5396 5.5396 -0.0627 3.1983 3.1983 -12.6521 5.5397
3 16 3.1983 -12.6521 5.5397 5.5396 -0.0627 3.1983 5.5396 -12.6521 3.1983
3 16 3.1983 -0.0627 5.5396 3.1983 -12.6521 5.5397 0 -0.0627 6.3966
3 16 0 -0.0627 6.3966 3.1983 -12.6521 5.5397 0 -12.8148 6.2557
3 16 -3.1983 -0.0627 5.5396 0 -0.0627 6.3966 -3.1983 -12.6521 5.5396
3 16 -3.1983 -12.6521 5.5396 0 -0.0627 6.3966 0 -12.8148 6.2557
3 16 -5.5396 -0.0627 3.1983 -3.1983 -0.0627 5.5396 -5.5397 -12.6521 3.1983
3 16 -5.5397 -12.6521 3.1983 -3.1983 -0.0627 5.5396 -3.1983 -12.6521 5.5396
3 16 -5.5396 -0.0627 3.1983 -5.5397 -12.6521 3.1983 -6.3966 -0.0627 0
3 16 -6.3966 -0.0627 0 -5.5397 -12.6521 3.1983 -6.2557 -12.8148 0
3 16 -5.5396 -0.0627 -3.1983 -6.3966 -0.0627 0 -5.5397 -12.6521 -3.1983
3 16 -5.5397 -12.6521 -3.1983 -6.3966 -0.0627 0 -6.2557 -12.8148 0
3 16 -3.1983 -0.0627 -5.5396 -5.5396 -0.0627 -3.1983 -3.1983 -12.6521 -5.5397
3 16 -3.1983 -12.6521 -5.5397 -5.5396 -0.0627 -3.1983 -5.5397 -12.6521 -3.1983
3 16 -3.1983 -0.0627 -5.5396 -3.1983 -12.6521 -5.5397 0 -0.0627 -6.3966
3 16 0 -0.0627 -6.3966 -3.1983 -12.6521 -5.5397 0 -12.8148 -6.2557
3 16 3.1983 -0.0627 -5.5396 0 -0.0627 -6.3966 3.1983 -12.6521 -5.5396
3 16 3.1983 -12.6521 -5.5396 0 -0.0627 -6.3966 0 -12.8148 -6.2557
3 16 5.5396 -0.0627 -3.1983 3.1983 -0.0627 -5.5396 5.5396 -12.6521 -3.1983
3 16 5.5396 -12.6521 -3.1983 3.1983 -0.0627 -5.5396 3.1983 -12.6521 -5.5396
3 16 5.5396 -0.0627 -3.1983 5.5396 -12.6521 -3.1983 6.3966 -0.0627 0
3 16 6.3966 -0.0627 0 5.5396 -12.6521 -3.1983 6.2557 -12.8148 0
3 16 5.5396 -0.0627 3.1983 6.3966 -0.0627 0 5.5396 -12.6521 3.1983
3 16 5.5396 -12.6521 3.1983 6.3966 -0.0627 0 6.2557 -12.8148 0
3 16 7.4364 0.013 4.2934 4.2934 0.013 7.4364 8.0726 -27.1317 4.6607
3 16 8.0726 -27.1317 4.6607 4.2934 0.013 7.4364 4.6607 -27.1317 8.0726
3 16 4.2934 0.013 7.4364 0 0.013 8.5868 4.6607 -27.1317 8.0726
3 16 4.6607 -27.1317 8.0726 0 0.013 8.5868 0 -27.1317 9.3214
3 16 0 0.013 8.5868 -4.2934 0.013 7.4364 0 -27.1317 9.3214
3 16 0 -27.1317 9.3214 -4.2934 0.013 7.4364 -4.6607 -27.1317 8.0726
3 16 -4.2934 0.013 7.4364 -7.4364 0.013 4.2934 -4.6607 -27.1317 8.0726
3 16 -4.6607 -27.1317 8.0726 -7.4364 0.013 4.2934 -8.0726 -27.1317 4.6607
3 16 -7.4364 0.013 4.2934 -8.5868 0.013 0 -8.0726 -27.1317 4.6607
3 16 -8.0726 -27.1317 4.6607 -8.5868 0.013 0 -9.3214 -27.1317 0
3 16 -8.5868 0.013 0 -7.4364 0.013 -4.2934 -9.3214 -27.1317 0
3 16 -9.3214 -27.1317 0 -7.4364 0.013 -4.2934 -8.0726 -27.1317 -4.6607
3 16 -7.4364 0.013 -4.2934 -4.2934 0.013 -7.4364 -8.0726 -27.1317 -4.6607
3 16 -8.0726 -27.1317 -4.6607 -4.2934 0.013 -7.4364 -4.6607 -27.1317 -8.0726
3 16 -4.2934 0.013 -7.4364 0 0.013 -8.5868 -4.6607 -27.1317 -8.0726
3 16 -4.6607 -27.1317 -8.0726 0 0.013 -8.5868 0 -27.1317 -9.3214
3 16 0 0.013 -8.5868 4.2934 0.013 -7.4364 0 -27.1317 -9.3214
3 16 0 -27.1317 -9.3214 4.2934 0.013 -7.4364 4.6607 -27.1317 -8.0726
3 16 4.2934 0.013 -7.4364 7.4364 0.013 -4.2934 4.6607 -27.1317 -8.0726
3 16 4.6607 -27.1317 -8.0726 7.4364 0.013 -4.2934 8.0726 -27.1317 -4.6607
3 16 7.4364 0.013 -4.2934 8.5868 0.013 0 8.0726 -27.1317 -4.6607
3 16 8.0726 -27.1317 -4.6607 8.5868 0.013 0 9.3214 -27.1317 0
3 16 8.5868 0.013 0 7.4364 0.013 4.2934 9.3214 -27.1317 0
3 16 9.3214 -27.1317 0 7.4364 0.013 4.2934 8.0726 -27.1317 4.6607
3 16 8.2358 -27.513 4.7549 8.0784 -27.3816 4.6641 4.7549 -27.513 8.2358
3 16 4.7549 -27.513 8.2358 8.0784 -27.3816 4.6641 4.6641 -27.3816 8.0784
3 16 0 -27.3816 9.3282 4.6641 -27.3816 8.0784 0 -27.1317 9.3214
3 16 0 -27.1317 9.3214 4.6641 -27.3816 8.0784 4.6607 -27.1317 8.0726
3 16 -4.6641 -27.3816 8.0784 0 -27.3816 9.3282 -4.6607 -27.1317 8.0726
3 16 -4.6607 -27.1317 8.0726 0 -27.3816 9.3282 0 -27.1317 9.3214
3 16 -8.0785 -27.3816 4.6641 -4.6641 -27.3816 8.0784 -8.0726 -27.1317 4.6607
3 16 -8.0726 -27.1317 4.6607 -4.6641 -27.3816 8.0784 -4.6607 -27.1317 8.0726
3 16 -9.3282 -27.3816 0 -8.0785 -27.3816 4.6641 -9.3214 -27.1317 0
3 16 -9.3214 -27.1317 0 -8.0785 -27.3816 4.6641 -8.0726 -27.1317 4.6607
3 16 -8.0785 -27.3816 -4.6641 -9.3282 -27.3816 0 -8.0726 -27.1317 -4.6607
3 16 -8.0726 -27.1317 -4.6607 -9.3282 -27.3816 0 -9.3214 -27.1317 0
3 16 -4.6641 -27.3816 -8.0784 -8.0785 -27.3816 -4.6641 -4.6607 -27.1317 -8.0726
3 16 -4.6607 -27.1317 -8.0726 -8.0785 -27.3816 -4.6641 -8.0726 -27.1317 -4.6607
3 16 0 -27.3816 -9.3282 -4.6641 -27.3816 -8.0784 0 -27.1317 -9.3214
3 16 0 -27.1317 -9.3214 -4.6641 -27.3816 -8.0784 -4.6607 -27.1317 -8.0726
3 16 4.6641 -27.3816 -8.0784 0 -27.3816 -9.3282 4.6607 -27.1317 -8.0726
3 16 4.6607 -27.1317 -8.0726 0 -27.3816 -9.3282 0 -27.1317 -9.3214
3 16 8.0785 -27.3816 -4.6641 4.6641 -27.3816 -8.0784 8.0726 -27.1317 -4.6607
3 16 8.0726 -27.1317 -4.6607 4.6641 -27.3816 -8.0784 4.6607 -27.1317 -8.0726
3 16 9.3282 -27.3816 0 8.0785 -27.3816 -4.6641 9.3214 -27.1317 0
3 16 9.3214 -27.1317 0 8.0785 -27.3816 -4.6641 8.0726 -27.1317 -4.6607
3 16 8.0784 -27.3816 4.6641 9.3282 -27.3816 0 8.0726 -27.1317 4.6607
3 16 8.0726 -27.1317 4.6607 9.3282 -27.3816 0 9.3214 -27.1317 0
3 16 4.6641 -27.3816 8.0784 8.0784 -27.3816 4.6641 4.6607 -27.1317 8.0726
3 16 4.6607 -27.1317 8.0726 8.0784 -27.3816 4.6641 8.0726 -27.1317 4.6607
3 16 -3.4375 -14.9647 4.969 -4.9535 -14.9621 3.4429 -3.1983 -12.6521 5.5396
3 16 -3.1983 -12.6521 5.5396 -4.9535 -14.9621 3.4429 -5.5397 -12.6521 3.1983
3 16 3.1751 -32.0887 -5.4994 5.4994 -32.0887 -3.1751 3.1274 -36.3136 -5.4166
3 16 3.1274 -36.3136 -5.4166 5.4994 -32.0887 -3.1751 5.4166 -36.3136 -3.1273
3 16 5.4994 -32.0887 -3.1751 6.3501 -32.0887 0 5.4166 -36.3136 -3.1273
3 16 5.4166 -36.3136 -3.1273 6.3501 -32.0887 0 6.2545 -36.3136 0
3 16 6.3501 -32.0887 0 5.4994 -32.0887 3.1751 6.2545 -36.3136 0
3 16 6.2545 -36.3136 0 5.4994 -32.0887 3.1751 5.4166 -36.3136 3.1273
3 16 5.4994 -32.0887 3.1751 3.1751 -32.0887 5.4994 5.4166 -36.3136 3.1273
3 16 5.4166 -36.3136 3.1273 3.1751 -32.0887 5.4994 3.1274 -36.3136 5.4166
3 16 3.1751 -32.0887 5.4994 0 -32.0887 6.3501 3.1274 -36.3136 5.4166
3 16 3.1274 -36.3136 5.4166 0 -32.0887 6.3501 0 -36.3136 6.2545
3 16 0 -32.0887 6.3501 -3.1751 -32.0887 5.4994 0 -36.3136 6.2545
3 16 0 -36.3136 6.2545 -3.1751 -32.0887 5.4994 -3.1274 -36.3136 5.4166
3 16 -3.1751 -32.0887 5.4994 -5.4994 -32.0887 3.1751 -3.1274 -36.3136 5.4166
3 16 -3.1274 -36.3136 5.4166 -5.4994 -32.0887 3.1751 -5.4166 -36.3136 3.1273
3 16 -5.4994 -32.0887 3.1751 -6.3501 -32.0887 0 -5.4166 -36.3136 3.1273
3 16 -5.4166 -36.3136 3.1273 -6.3501 -32.0887 0 -6.2545 -36.3136 0
3 16 -6.3501 -32.0887 0 -5.4994 -32.0887 -3.1751 -6.2545 -36.3136 0
3 16 -6.2545 -36.3136 0 -5.4994 -32.0887 -3.1751 -5.4166 -36.3136 -3.1274
3 16 -5.4994 -32.0887 -3.1751 -3.1751 -32.0887 -5.4994 -5.4166 -36.3136 -3.1274
3 16 -5.4166 -36.3136 -3.1274 -3.1751 -32.0887 -5.4994 -3.1274 -36.3136 -5.4166
3 16 -3.1751 -32.0887 -5.4994 0 -32.0887 -6.3501 -3.1274 -36.3136 -5.4166
3 16 -3.1274 -36.3136 -5.4166 0 -32.0887 -6.3501 0 -36.3136 -6.2545
3 16 0 -32.0887 -6.3501 3.1751 -32.0887 -5.4994 0 -36.3136 -6.2545
3 16 0 -36.3136 -6.2545 3.1751 -32.0887 -5.4994 3.1274 -36.3136 -5.4166
3 16 5.4994 -32.0887 -3.1751 3.1751 -32.0887 -5.4994 11.0221 -32 -6.3636
3 16 11.0221 -32 -6.3636 3.1751 -32.0887 -5.4994 6.3636 -32 -11.0221
3 16 6.3501 -32.0887 0 5.4994 -32.0887 -3.1751 12.7272 -32 0
3 16 12.7272 -32 0 5.4994 -32.0887 -3.1751 11.0221 -32 -6.3636
3 16 5.4994 -32.0887 3.1751 6.3501 -32.0887 0 11.0221 -32 6.3636
3 16 11.0221 -32 6.3636 6.3501 -32.0887 0 12.7272 -32 0
3 16 3.1751 -32.0887 5.4994 5.4994 -32.0887 3.1751 6.3636 -32 11.0221
3 16 6.3636 -32 11.0221 5.4994 -32.0887 3.1751 11.0221 -32 6.3636
3 16 0 -32.0887 6.3501 3.1751 -32.0887 5.4994 0 -32 12.7272
3 16 0 -32 12.7272 3.1751 -32.0887 5.4994 6.3636 -32 11.0221
3 16 -3.1751 -32.0887 5.4994 0 -32.0887 6.3501 -6.3636 -32 11.0221
3 16 -6.3636 -32 11.0221 0 -32.0887 6.3501 0 -32 12.7272
3 16 -5.4994 -32.0887 3.1751 -3.1751 -32.0887 5.4994 -11.0221 -32 6.3636
3 16 -11.0221 -32 6.3636 -3.1751 -32.0887 5.4994 -6.3636 -32 11.0221
3 16 -6.3501 -32.0887 0 -5.4994 -32.0887 3.1751 -12.7272 -32 0
3 16 -12.7272 -32 0 -5.4994 -32.0887 3.1751 -11.0221 -32 6.3636
3 16 -5.4994 -32.0887 -3.1751 -6.3501 -32.0887 0 -11.0221 -32 -6.3636
3 16 -11.0221 -32 -6.3636 -6.3501 -32.0887 0 -12.7272 -32 0
3 16 -3.1751 -32.0887 -5.4994 -5.4994 -32.0887 -3.1751 -6.3636 -32 -11.0221
3 16 -6.3636 -32 -11.0221 -5.4994 -32.0887 -3.1751 -11.0221 -32 -6.3636
3 16 0 -32.0887 -6.3501 -3.1751 -32.0887 -5.4994 0 -32 -12.7272
3 16 0 -32 -12.7272 -3.1751 -32.0887 -5.4994 -6.3636 -32 -11.0221
3 16 3.1751 -32.0887 -5.4994 0 -32.0887 -6.3501 6.3636 -32 -11.0221
3 16 6.3636 -32 -11.0221 0 -32.0887 -6.3501 0 -32 -12.7272
3 16 -5.4166 -36.3136 -3.1274 -3.8362 -36.2002 -1.9354 -6.2545 -36.3136 0
3 16 -6.2545 -36.3136 0 -3.8362 -36.2002 -1.9354 -4.3535 -36.1915 0
3 16 -1.9354 -36.2002 -3.8362 -3.8362 -36.2002 -1.9354 -3.1274 -36.3136 -5.4166
3 16 -3.1274 -36.3136 -5.4166 -3.8362 -36.2002 -1.9354 -5.4166 -36.3136 -3.1274
3 16 -3.1274 -36.3136 -5.4166 0 -36.3136 -6.2545 -1.9354 -36.2002 -3.8362
3 16 -1.9354 -36.2002 -3.8362 0 -36.3136 -6.2545 0 -36.1915 -4.3535
3 16 5.4166 -36.3136 3.1273 3.8362 -36.2002 1.9354 6.2545 -36.3136 0
3 16 6.2545 -36.3136 0 3.8362 -36.2002 1.9354 4.3535 -36.1915 0
3 16 1.9354 -36.2002 3.8362 3.8362 -36.2002 1.9354 3.1274 -36.3136 5.4166
3 16 3.1274 -36.3136 5.4166 3.8362 -36.2002 1.9354 5.4166 -36.3136 3.1273
3 16 3.1274 -36.3136 5.4166 0 -36.3136 6.2545 1.9354 -36.2002 3.8362
3 16 1.9354 -36.2002 3.8362 0 -36.3136 6.2545 0 -36.1915 4.3535
3 16 0 -36.1915 -4.3535 0 -36.3136 -6.2545 1.9354 -36.2002 -3.8362
3 16 1.9354 -36.2002 -3.8362 0 -36.3136 -6.2545 3.1274 -36.3136 -5.4166
3 16 3.8362 -36.2002 -1.9354 1.9354 -36.2002 -3.8362 5.4166 -36.3136 -3.1273
3 16 5.4166 -36.3136 -3.1273 1.9354 -36.2002 -3.8362 3.1274 -36.3136 -5.4166
3 16 5.4166 -36.3136 -3.1273 6.2545 -36.3136 0 3.8362 -36.2002 -1.9354
3 16 3.8362 -36.2002 -1.9354 6.2545 -36.3136 0 4.3535 -36.1915 0
3 16 0 -36.1915 4.3535 0 -36.3136 6.2545 -1.9354 -36.2002 3.8362
3 16 -1.9354 -36.2002 3.8362 0 -36.3136 6.2545 -3.1274 -36.3136 5.4166
3 16 -3.8362 -36.2002 1.9354 -1.9354 -36.2002 3.8362 -5.4166 -36.3136 3.1273
3 16 -5.4166 -36.3136 3.1273 -1.9354 -36.2002 3.8362 -3.1274 -36.3136 5.4166
3 16 -5.4166 -36.3136 3.1273 -6.2545 -36.3136 0 -3.8362 -36.2002 1.9354
3 16 -3.8362 -36.2002 1.9354 -6.2545 -36.3136 0 -4.3535 -36.1915 0
3 16 -1.9354 -36.2002 -3.8362 -1.8793 -31.41 -3.715 -3.8362 -36.2002 -1.9354
3 16 -3.8362 -36.2002 -1.9354 -1.8793 -31.41 -3.715 -3.728 -31.41 -1.8664
3 16 -3.8362 -36.2002 -1.9354 -3.728 -31.41 -1.8664 -4.3535 -36.1915 0
3 16 -4.3535 -36.1915 0 -3.728 -31.41 -1.8664 -4.2323 -31.41 0.0158
3 16 -4.3535 -36.1915 0 -4.2323 -31.41 0.0158 -3.8362 -36.2002 1.9354
3 16 -3.8362 -36.2002 1.9354 -4.2323 -31.41 0.0158 -3.728 -31.41 1.898
3 16 -3.8362 -36.2002 1.9354 -3.728 -31.41 1.898 -1.9354 -36.2002 3.8362
3 16 -1.9354 -36.2002 3.8362 -3.728 -31.41 1.898 -1.8794 -31.41 3.7466
3 16 -1.9354 -36.2002 3.8362 -1.8794 -31.41 3.7466 0 -36.1915 4.3535
3 16 0 -36.1915 4.3535 -1.8794 -31.41 3.7466 0.0029 -31.41 4.251
3 16 1.9354 -36.2002 3.8362 0 -36.1915 4.3535 1.8851 -31.41 3.7467
3 16 1.8851 -31.41 3.7467 0 -36.1915 4.3535 0.0029 -31.41 4.251
3 16 3.8362 -36.2002 1.9354 1.9354 -36.2002 3.8362 3.7337 -31.41 1.898
3 16 3.7337 -31.41 1.898 1.9354 -36.2002 3.8362 1.8851 -31.41 3.7467
3 16 4.3535 -36.1915 0 3.8362 -36.2002 1.9354 4.2381 -31.41 0.0158
3 16 4.2381 -31.41 0.0158 3.8362 -36.2002 1.9354 3.7337 -31.41 1.898
3 16 3.8362 -36.2002 -1.9354 4.3535 -36.1915 0 3.7337 -31.41 -1.8664
3 16 3.7337 -31.41 -1.8664 4.3535 -36.1915 0 4.2381 -31.41 0.0158
3 16 1.9354 -36.2002 -3.8362 3.8362 -36.2002 -1.9354 1.8851 -31.41 -3.715
3 16 1.8851 -31.41 -3.715 3.8362 -36.2002 -1.9354 3.7337 -31.41 -1.8664
3 16 0 -36.1915 -4.3535 1.9354 -36.2002 -3.8362 0.0029 -31.41 -4.2194
3 16 0.0029 -31.41 -4.2194 1.9354 -36.2002 -3.8362 1.8851 -31.41 -3.715
3 16 -1.9354 -36.2002 -3.8362 0 -36.1915 -4.3535 -1.8793 -31.41 -3.715
3 16 -1.8793 -31.41 -3.715 0 -36.1915 -4.3535 0.0029 -31.41 -4.2194
3 16 -12.9279 0 7.4639 -7.4639 0 12.9279 -11.4366 0 6.6029
3 16 -11.4366 0 6.6029 -7.4639 0 12.9279 -6.6029 0 11.4366
3 16 -7.4639 0 12.9279 0 0 14.9278 -6.6029 0 11.4366
3 16 -6.6029 0 11.4366 0 0 14.9278 0 0 13.2059
3 16 0 0 14.9278 7.4639 0 12.9279 0 0 13.2059
3 16 0 0 13.2059 7.4639 0 12.9279 6.6029 0 11.4366
3 16 7.4639 0 12.9279 12.9279 0 7.4639 6.6029 0 11.4366
3 16 6.6029 0 11.4366 12.9279 0 7.4639 11.4366 0 6.6029
3 16 12.9279 0 7.4639 14.9278 0 0 11.4366 0 6.6029
3 16 11.4366 0 6.6029 14.9278 0 0 13.2059 0 0
3 16 14.9278 0 0 12.9279 0 -7.4639 13.2059 0 0
3 16 13.2059 0 0 12.9279 0 -7.4639 11.4366 0 -6.6029
3 16 12.9279 0 -7.4639 7.4639 0 -12.9279 11.4366 0 -6.6029
3 16 11.4366 0 -6.6029 7.4639 0 -12.9279 6.6029 0 -11.4366
3 16 7.4639 0 -12.9279 0 0 -14.9278 6.6029 0 -11.4366
3 16 6.6029 0 -11.4366 0 0 -14.9278 0 0 -13.2059
3 16 0 0 -14.9278 -7.4639 0 -12.9279 0 0 -13.2059
3 16 0 0 -13.2059 -7.4639 0 -12.9279 -6.6029 0 -11.4366
3 16 -7.4639 0 -12.9279 -12.9279 0 -7.4639 -6.6029 0 -11.4366
3 16 -6.6029 0 -11.4366 -12.9279 0 -7.4639 -11.4366 0 -6.6029
3 16 -12.9279 0 -7.4639 -14.9278 0 0 -11.4366 0 -6.6029
3 16 -11.4366 0 -6.6029 -14.9278 0 0 -13.2059 0 0
3 16 -11.4366 0 6.6029 -13.2059 0 0 -12.9279 0 7.4639
3 16 -12.9279 0 7.4639 -13.2059 0 0 -14.9278 0 0
3 16 -17.3264 -25.585 10.0034 -10.0034 -25.585 17.3264 -17.3264 -6.3923 10.0034
3 16 -17.3264 -6.3923 10.0034 -10.0034 -25.585 17.3264 -10.0034 -6.3923 17.3264
3 16 -10.0034 -25.585 17.3264 0 -25.585 20.0069 -10.0034 -6.3923 17.3264
3 16 -10.0034 -6.3923 17.3264 0 -25.585 20.0069 0 -6.3923 20.0069
3 16 0 -25.585 20.0069 10.0034 -25.585 17.3264 0 -6.3923 20.0069
3 16 0 -6.3923 20.0069 10.0034 -25.585 17.3264 10.0034 -6.3923 17.3264
3 16 10.0034 -25.585 17.3264 17.3264 -25.585 10.0034 10.0034 -6.3923 17.3264
3 16 10.0034 -6.3923 17.3264 17.3264 -25.585 10.0034 17.3264 -6.3923 10.0034
3 16 17.3264 -25.585 10.0034 20.0069 -25.585 0 17.3264 -6.3923 10.0034
3 16 17.3264 -6.3923 10.0034 20.0069 -25.585 0 20.0069 -6.3923 0
3 16 20.0069 -25.585 0 17.3264 -25.585 -10.0034 20.0069 -6.3923 0
3 16 20.0069 -6.3923 0 17.3264 -25.585 -10.0034 17.3264 -6.3923 -10.0034
3 16 17.3264 -6.3923 -10.0034 17.3264 -25.585 -10.0034 10.0034 -6.3923 -17.3264
3 16 10.0034 -6.3923 -17.3264 17.3264 -25.585 -10.0034 10.0034 -25.585 -17.3264
3 16 10.0034 -25.585 -17.3264 0 -25.585 -20.0069 10.0034 -6.3923 -17.3264
3 16 10.0034 -6.3923 -17.3264 0 -25.585 -20.0069 0 -6.3923 -20.0069
3 16 0 -25.585 -20.0069 -10.0034 -25.585 -17.3264 0 -6.3923 -20.0069
3 16 0 -6.3923 -20.0069 -10.0034 -25.585 -17.3264 -10.0034 -6.3923 -17.3264
3 16 -10.0034 -25.585 -17.3264 -17.3264 -25.585 -10.0034 -10.0034 -6.3923 -17.3264
3 16 -10.0034 -6.3923 -17.3264 -17.3264 -25.585 -10.0034 -17.3264 -6.3923 -10.0034
3 16 -17.3264 -25.585 -10.0034 -20.0069 -25.585 0 -17.3264 -6.3923 -10.0034
3 16 -17.3264 -6.3923 -10.0034 -20.0069 -25.585 0 -20.0069 -6.3923 0
3 16 -20.0069 -25.585 0 -17.3264 -25.585 10.0034 -20.0069 -6.3923 0
3 16 -20.0069 -6.3923 0 -17.3264 -25.585 10.0034 -17.3264 -6.3923 10.0034
3 16 10.9266 -27.5 6.0611 6.3085 -27.5 10.6792 11.4366 0 6.6029
3 16 11.4366 0 6.6029 6.3085 -27.5 10.6792 6.6029 0 11.4366
3 16 6.3085 -27.5 10.6792 0 -27.5 12.3696 6.6029 0 11.4366
3 16 6.6029 0 11.4366 0 -27.5 12.3696 0 0 13.2059
3 16 -6.3085 -27.5 10.6792 -6.6029 0 11.4366 0 -27.5 12.3696
3 16 0 -27.5 12.3696 -6.6029 0 11.4366 0 0 13.2059
3 16 -10.9266 -27.5 6.0611 -11.4366 0 6.6029 -6.3085 -27.5 10.6792
3 16 -6.3085 -27.5 10.6792 -11.4366 0 6.6029 -6.6029 0 11.4366
3 16 -12.617 -27.5 -0.2474 -13.2059 0 0 -10.9266 -27.5 6.0611
3 16 -10.9266 -27.5 6.0611 -13.2059 0 0 -11.4366 0 6.6029
3 16 -13.2059 0 0 -12.617 -27.5 -0.2474 -11.4366 0 -6.6029
3 16 -11.4366 0 -6.6029 -12.617 -27.5 -0.2474 -10.9266 -27.5 -6.5558
3 16 -6.3085 -27.5 -11.174 -6.6029 0 -11.4366 -10.9266 -27.5 -6.5558
3 16 -10.9266 -27.5 -6.5558 -6.6029 0 -11.4366 -11.4366 0 -6.6029
3 16 0 -27.5 -12.8643 0 0 -13.2059 -6.3085 -27.5 -11.174
3 16 -6.3085 -27.5 -11.174 0 0 -13.2059 -6.6029 0 -11.4366
3 16 0 -27.5 -12.8643 6.3085 -27.5 -11.174 0 0 -13.2059
3 16 0 0 -13.2059 6.3085 -27.5 -11.174 6.6029 0 -11.4366
3 16 6.3085 -27.5 -11.174 10.9266 -27.5 -6.5558 6.6029 0 -11.4366
3 16 6.6029 0 -11.4366 10.9266 -27.5 -6.5558 11.4366 0 -6.6029
3 16 10.9266 -27.5 -6.5558 12.617 -27.5 -0.2474 11.4366 0 -6.6029
3 16 11.4366 0 -6.6029 12.617 -27.5 -0.2474 13.2059 0 0
3 16 12.617 -27.5 -0.2474 10.9266 -27.5 6.0611 13.2059 0 0
3 16 13.2059 0 0 10.9266 -27.5 6.0611 11.4366 0 6.6029
3 16 4.7549 -27.513 8.2358 6.3085 -27.5 10.6792 8.2358 -27.513 4.7549
3 16 8.2358 -27.513 4.7549 6.3085 -27.5 10.6792 10.9266 -27.5 6.0611
3 16 0 -27.513 9.5099 0 -27.5 12.3696 4.7549 -27.513 8.2358
3 16 4.7549 -27.513 8.2358 0 -27.5 12.3696 6.3085 -27.5 10.6792
3 16 0 -27.513 9.5099 -4.7549 -27.513 8.2358 0 -27.5 12.3696
3 16 0 -27.5 12.3696 -4.7549 -27.513 8.2358 -6.3085 -27.5 10.6792
3 16 -4.7549 -27.513 8.2358 -8.2358 -27.513 4.7549 -6.3085 -27.5 10.6792
3 16 -6.3085 -27.5 10.6792 -8.2358 -27.513 4.7549 -10.9266 -27.5 6.0611
3 16 -8.2358 -27.513 4.7549 -9.5099 -27.513 0 -10.9266 -27.5 6.0611
3 16 -10.9266 -27.5 6.0611 -9.5099 -27.513 0 -12.617 -27.5 -0.2474
3 16 -9.5099 -27.513 0 -8.2358 -27.513 -4.7549 -12.617 -27.5 -0.2474
3 16 -12.617 -27.5 -0.2474 -8.2358 -27.513 -4.7549 -10.9266 -27.5 -6.5558
3 16 -8.2358 -27.513 -4.7549 -4.7549 -27.513 -8.2358 -10.9266 -27.5 -6.5558
3 16 -10.9266 -27.5 -6.5558 -4.7549 -27.513 -8.2358 -6.3085 -27.5 -11.174
3 16 -4.7549 -27.513 -8.2358 0 -27.513 -9.5099 -6.3085 -27.5 -11.174
3 16 -6.3085 -27.5 -11.174 0 -27.513 -9.5099 0 -27.5 -12.8643
3 16 4.7549 -27.513 -8.2358 6.3085 -27.5 -11.174 0 -27.513 -9.5099
3 16 0 -27.513 -9.5099 6.3085 -27.5 -11.174 0 -27.5 -12.8643
3 16 8.2358 -27.513 -4.7549 10.9266 -27.5 -6.5558 4.7549 -27.513 -8.2358
3 16 4.7549 -27.513 -8.2358 10.9266 -27.5 -6.5558 6.3085 -27.5 -11.174
3 16 9.5099 -27.513 0 12.617 -27.5 -0.2474 8.2358 -27.513 -4.7549
3 16 8.2358 -27.513 -4.7549 12.617 -27.5 -0.2474 10.9266 -27.5 -6.5558
3 16 8.2358 -27.513 4.7549 10.9266 -27.5 6.0611 9.5099 -27.513 0
3 16 9.5099 -27.513 0 10.9266 -27.5 6.0611 12.617 -27.5 -0.2474
3 16 -5.6485 -26.5479 2.1829 -5.6773 -16.2742 2.1872 -3.6302 -26.5463 2.1968
3 16 -3.6302 -26.5463 2.1968 -5.6773 -16.2742 2.1872 -3.4466 -16.2117 2.1847
3 16 -2.0775 -26.5477 4.3812 -2.4911 -26.5448 3.1052 -2.0393 -16.2292 4.1398
3 16 -2.0393 -16.2292 4.1398 -2.4911 -26.5448 3.1052 -2.4695 -16.1927 3.022
3 16 -3.6302 -26.5463 2.1968 -3.4466 -16.2117 2.1847 -2.4911 -26.5448 3.1052
3 16 -2.4911 -26.5448 3.1052 -3.4466 -16.2117 2.1847 -2.4695 -16.1927 3.022
3 16 -2.065 -26.545 5.7207 -2.0775 -26.5477 4.3812 -2.0929 -16.2369 5.7106
3 16 -2.0929 -16.2369 5.7106 -2.0775 -26.5477 4.3812 -2.0393 -16.2292 4.1398
3 16 -3.9095 -14.9599 3.5309 -3.5959 -15.2211 2.5743 -4.9535 -14.9621 3.4429
3 16 -4.9535 -14.9621 3.4429 -3.5959 -15.2211 2.5743 -5.5124 -15.3458 2.4943
3 16 -3.5959 -15.2211 2.5743 -3.9095 -14.9599 3.5309 -2.8365 -15.2543 3.2611
3 16 -2.8365 -15.2543 3.2611 -3.9095 -14.9599 3.5309 -3.5977 -14.9627 3.7169
3 16 -2.4929 -15.2357 4.0906 -2.8365 -15.2543 3.2611 -3.4552 -14.9621 4.1215
3 16 -3.4552 -14.9621 4.1215 -2.8365 -15.2543 3.2611 -3.5977 -14.9627 3.7169
3 16 -2.5055 -15.2973 5.5288 -2.4929 -15.2357 4.0906 -3.4375 -14.9647 4.969
3 16 -3.4375 -14.9647 4.969 -2.4929 -15.2357 4.0906 -3.4552 -14.9621 4.1215
3 16 -2.4929 -15.2357 4.0906 -2.5055 -15.2973 5.5288 -2.0393 -16.2292 4.1398
3 16 -2.0393 -16.2292 4.1398 -2.5055 -15.2973 5.5288 -2.0929 -16.2369 5.7106
3 16 -2.8365 -15.2543 3.2611 -2.4929 -15.2357 4.0906 -2.4695 -16.1927 3.022
3 16 -2.4695 -16.1927 3.022 -2.4929 -15.2357 4.0906 -2.0393 -16.2292 4.1398
3 16 -3.4466 -16.2117 2.1847 -3.5959 -15.2211 2.5743 -2.4695 -16.1927 3.022
3 16 -2.4695 -16.1927 3.022 -3.5959 -15.2211 2.5743 -2.8365 -15.2543 3.2611
3 16 -3.5959 -15.2211 2.5743 -3.4466 -16.2117 2.1847 -5.5124 -15.3458 2.4943
3 16 -5.5124 -15.3458 2.4943 -3.4466 -16.2117 2.1847 -5.6773 -16.2742 2.1872
3 16 -3.4552 -14.9621 4.1215 -3.9095 -14.9599 3.5309 -3.4375 -14.9647 4.969
3 16 -3.4375 -14.9647 4.969 -3.9095 -14.9599 3.5309 -4.9535 -14.9621 3.4429
3 16 -3.9095 -14.9599 3.5309 -3.4552 -14.9621 4.1215 -3.5977 -14.9627 3.7169
3 16 -5.6485 -26.5479 2.1829 -6.2557 -26.4414 0 -5.6773 -16.2742 2.1872
3 16 -5.6773 -16.2742 2.1872 -6.2557 -26.4414 0 -6.2557 -12.8148 0
3 16 -3.1983 -12.6521 5.5396 0 -12.8148 6.2557 -2.5055 -15.2973 5.5288
3 16 -2.5055 -15.2973 5.5288 0 -12.8148 6.2557 -2.0929 -16.2369 5.7106
3 16 -2.065 -26.545 5.7207 -2.0929 -16.2369 5.7106 0 -26.4414 6.2557
3 16 0 -26.4414 6.2557 -2.0929 -16.2369 5.7106 0 -12.8148 6.2557
3 16 -4.9535 -14.9621 3.4429 -5.5124 -15.3458 2.4943 -5.5397 -12.6521 3.1983
3 16 -5.5397 -12.6521 -3.1983 -5.5288 -15.2973 -2.5055 -4.969 -14.9647 -3.4374
3 16 -5.5397 -12.6521 3.1983 -5.5124 -15.3458 2.4943 -6.2557 -12.8148 0
3 16 -6.2557 -12.8148 0 -5.5124 -15.3458 2.4943 -5.6773 -16.2742 2.1872
3 16 2.1872 -16.2742 5.6773 0 -12.8148 6.2557 2.4943 -15.3458 5.5124
3 16 2.4943 -15.3458 5.5124 0 -12.8148 6.2557 3.1983 -12.6521 5.5397
3 16 -3.1983 -12.6521 5.5396 -2.5055 -15.2973 5.5288 -3.4375 -14.9647 4.969
3 16 5.5396 -12.6521 -3.1983 5.5124 -15.3458 -2.4943 6.2557 -12.8148 0
3 16 6.2557 -12.8148 0 5.5124 -15.3458 -2.4943 5.6773 -16.2742 -2.1872
3 16 5.5288 -15.2973 2.5055 4.969 -14.9647 3.4374 5.5396 -12.6521 3.1983
3 16 2.0966 -27.0334 4.7884 0.0488 -27.177 5.4628 2.1829 -26.5479 5.6484
3 16 2.1829 -26.5479 5.6484 0.0488 -27.177 5.4628 0 -26.4414 6.2557
3 16 -2.0433 -27.1628 5.1766 -2.065 -26.545 5.7207 0.0488 -27.177 5.4628
3 16 0.0488 -27.177 5.4628 -2.065 -26.545 5.7207 0 -26.4414 6.2557
3 16 -2.0807 -27.5649 4.4015 -2.0775 -26.5477 4.3812 -2.0433 -27.1628 5.1766
3 16 -2.0433 -27.1628 5.1766 -2.0775 -26.5477 4.3812 -2.065 -26.545 5.7207
3 16 -2.4911 -26.5448 3.1052 -2.0775 -26.5477 4.3812 -2.4929 -27.4149 3.1122
3 16 -2.4929 -27.4149 3.1122 -2.0775 -26.5477 4.3812 -2.0807 -27.5649 4.4015
3 16 -3.6457 -27.415 2.1979 -3.6302 -26.5463 2.1968 -2.4929 -27.4149 3.1122
3 16 -2.4929 -27.4149 3.1122 -3.6302 -26.5463 2.1968 -2.4911 -26.5448 3.1052
3 16 -5.6485 -26.5479 2.1829 -3.6302 -26.5463 2.1968 -5.2627 -27.0961 2.1856
3 16 -5.2627 -27.0961 2.1856 -3.6302 -26.5463 2.1968 -4.6458 -27.415 2.1902
3 16 -5.2627 -27.0961 2.1856 -5.7799 -27.0106 -0.0009 -5.6485 -26.5479 2.1829
3 16 -5.6485 -26.5479 2.1829 -5.7799 -27.0106 -0.0009 -6.2557 -26.4414 0
3 16 -5.2157 -27.0841 -2.0888 -5.7207 -26.545 -2.065 -5.7799 -27.0106 -0.0009
3 16 -5.7799 -27.0106 -0.0009 -5.7207 -26.545 -2.065 -6.2557 -26.4414 0
3 16 -4.4015 -27.415 -2.0807 -4.3812 -26.5477 -2.0775 -5.2157 -27.0841 -2.0888
3 16 -5.2157 -27.0841 -2.0888 -4.3812 -26.5477 -2.0775 -5.7207 -26.545 -2.065
3 16 -4.4015 -27.415 -2.0807 -3.1122 -27.4149 -2.4929 -4.3812 -26.5477 -2.0775
3 16 -4.3812 -26.5477 -2.0775 -3.1122 -27.4149 -2.4929 -3.1052 -26.5448 -2.4911
3 16 -2.1979 -27.8838 -3.6456 -2.1969 -26.5463 -3.6302 -3.1122 -27.4149 -2.4929
3 16 -3.1122 -27.4149 -2.4929 -2.1969 -26.5463 -3.6302 -3.1052 -26.5448 -2.4911
3 16 -2.1829 -26.5479 -5.6484 -2.1969 -26.5463 -3.6302 -2.0966 -27.5023 -4.7884
3 16 -2.0966 -27.5023 -4.7884 -2.1969 -26.5463 -3.6302 -2.1979 -27.8838 -3.6456
3 16 -2.0966 -27.5023 -4.7884 -0.0488 -27.2294 -5.4628 -2.1829 -26.5479 -5.6484
3 16 -2.1829 -26.5479 -5.6484 -0.0488 -27.2294 -5.4628 0 -26.4414 -6.2557
3 16 2.0433 -27.2062 -5.1766 2.065 -26.545 -5.7207 -0.0488 -27.2294 -5.4628
3 16 -0.0488 -27.2294 -5.4628 2.065 -26.545 -5.7207 0 -26.4414 -6.2557
3 16 2.0807 -27.6083 -4.2558 2.0775 -26.5477 -4.3812 2.0433 -27.2062 -5.1766
3 16 2.0433 -27.2062 -5.1766 2.0775 -26.5477 -4.3812 2.065 -26.545 -5.7207
3 16 2.0775 -26.5477 -4.3812 2.0807 -27.6083 -4.2558 2.4911 -26.5448 -3.1052
3 16 2.4911 -26.5448 -3.1052 2.0807 -27.6083 -4.2558 2.4929 -27.8155 -3.1122
3 16 3.6302 -26.5463 -2.1968 2.4911 -26.5448 -3.1052 3.6457 -27.415 -2.1979
3 16 3.6457 -27.415 -2.1979 2.4911 -26.5448 -3.1052 2.4929 -27.8155 -3.1122
3 16 5.6485 -26.5479 -2.1829 3.6302 -26.5463 -2.1968 5.28 -27.1357 -2.1839
3 16 5.28 -27.1357 -2.1839 3.6302 -26.5463 -2.1968 4.6458 -27.4592 -2.1902
3 16 5.28 -27.1357 -2.1839 5.8238 -27.0001 0.0009 5.6485 -26.5479 -2.1829
3 16 5.6485 -26.5479 -2.1829 5.8238 -27.0001 0.0009 6.2557 -26.4414 0
3 16 5.2156 -27.1281 2.0886 5.7207 -26.545 2.065 5.8238 -27.0001 0.0009
3 16 5.8238 -27.0001 0.0009 5.7207 -26.545 2.065 6.2557 -26.4414 0
3 16 5.7207 -26.545 2.065 5.2156 -27.1281 2.0886 4.3812 -26.5477 2.0775
3 16 4.3812 -26.5477 2.0775 5.2156 -27.1281 2.0886 4.4015 -27.4592 2.0807
3 16 3.1052 -26.5448 2.4911 4.3812 -26.5477 2.0775 3.1122 -27.2503 2.4929
3 16 3.1122 -27.2503 2.4929 4.3812 -26.5477 2.0775 4.4015 -27.4592 2.0807
3 16 2.1979 -28.0802 3.6456 2.1969 -26.5463 3.6302 3.1122 -27.2503 2.4929
3 16 3.1122 -27.2503 2.4929 2.1969 -26.5463 3.6302 3.1052 -26.5448 2.4911
3 16 2.1829 -26.5479 5.6484 2.1969 -26.5463 3.6302 2.0966 -27.0334 4.7884
3 16 2.0966 -27.0334 4.7884 2.1969 -26.5463 3.6302 2.1979 -28.0802 3.6456
3 16 -1.4051 -27.7806 1.7104 -1.4006 -28.2063 2.0084 1.4035 -27.8049 1.7351
3 16 1.4035 -27.8049 1.7351 -1.4006 -28.2063 2.0084 1.4035 -28.2587 2.0359
3 16 -2.4929 -27.4149 3.1122 -2.3762 -28.1331 2.9541 -2.1911 -27.8376 1.9819
3 16 -2.1911 -27.8376 1.9819 -2.3762 -28.1331 2.9541 -2.0125 -28.2942 2.2267
3 16 -1.4051 -27.7806 1.7104 -2.1911 -27.8376 1.9819 -1.4006 -28.2063 2.0084
3 16 -1.4006 -28.2063 2.0084 -2.1911 -27.8376 1.9819 -2.0125 -28.2942 2.2267
3 16 1.99 -28.2849 2.2007 2.4854 -27.9342 2.6785 2.1818 -27.8373 1.9734
3 16 2.1818 -27.8373 1.9734 2.4854 -27.9342 2.6785 3.1122 -27.2503 2.4929
3 16 1.99 -28.2849 2.2007 2.1818 -27.8373 1.9734 1.4035 -28.2587 2.0359
3 16 1.4035 -28.2587 2.0359 2.1818 -27.8373 1.9734 1.4035 -27.8049 1.7351
3 16 2.1818 -27.8373 1.9734 3.1122 -27.2503 2.4929 2.8125 -27.415 1.2351
3 16 2.8125 -27.415 1.2351 3.1122 -27.2503 2.4929 4.4015 -27.4592 2.0807
3 16 2.1818 -27.8373 1.9734 2.8125 -27.415 1.2351 1.4035 -27.8049 1.7351
3 16 1.4035 -27.8049 1.7351 2.8125 -27.415 1.2351 1.4034 -27.415 0.7028
3 16 -1.4142 -27.415 0.7016 -1.4051 -27.7806 1.7104 1.4034 -27.415 0.7028
3 16 1.4034 -27.415 0.7028 -1.4051 -27.7806 1.7104 1.4035 -27.8049 1.7351
3 16 -2.1911 -27.8376 1.9819 -1.4051 -27.7806 1.7104 -2.8045 -27.415 1.1985
3 16 -2.8045 -27.415 1.1985 -1.4051 -27.7806 1.7104 -1.4142 -27.415 0.7016
3 16 -2.4929 -27.4149 3.1122 -2.1911 -27.8376 1.9819 -3.6457 -27.415 2.1979
3 16 -3.6457 -27.415 2.1979 -2.1911 -27.8376 1.9819 -2.8045 -27.415 1.1985
3 16 2.1979 -28.0802 3.6456 3.1122 -27.2503 2.4929 2.106 -28.0991 3.5623
3 16 3.1122 -27.2503 2.4929 2.4854 -27.9342 2.6785 2.106 -28.0991 3.5623
3 16 -2.3762 -28.1331 2.9541 -2.4929 -27.4149 3.1122 -1.8617 -27.9494 3.8487
3 16 -1.8617 -27.9494 3.8487 -2.4929 -27.4149 3.1122 -2.0807 -27.5649 4.4015
3 16 0.0029 -28.3412 4.1506 -1.8617 -27.9494 3.8487 0.1108 -27.7246 4.4815
3 16 0.1108 -27.7246 4.4815 -1.8617 -27.9494 3.8487 -2.0807 -27.5649 4.4015
3 16 2.1979 -28.0802 3.6456 2.106 -28.0991 3.5623 0.1108 -27.7246 4.4815
3 16 0.1108 -27.7246 4.4815 2.106 -28.0991 3.5623 0.0029 -28.3412 4.1506
3 16 -2.0807 -27.5649 4.4015 -2.0433 -27.1628 5.1766 0.1108 -27.7246 4.4815
3 16 0.1108 -27.7246 4.4815 -2.0433 -27.1628 5.1766 0.0488 -27.177 5.4628
3 16 2.1979 -28.0802 3.6456 0.1108 -27.7246 4.4815 2.0966 -27.0334 4.7884
3 16 2.0966 -27.0334 4.7884 0.1108 -27.7246 4.4815 0.0488 -27.177 5.4628
3 16 1.925 -31.41 2.2826 1.99 -28.2849 2.2007 1.4035 -31.41 2.0804
3 16 1.4035 -31.41 2.0804 1.99 -28.2849 2.2007 1.4035 -28.2587 2.0359
3 16 2.4854 -27.9342 2.6785 1.99 -28.2849 2.2007 2.1934 -31.41 2.7684
3 16 2.1934 -31.41 2.7684 1.99 -28.2849 2.2007 1.925 -31.41 2.2826
3 16 2.4854 -27.9342 2.6785 2.1934 -31.41 2.7684 2.106 -28.0991 3.5623
3 16 2.106 -28.0991 3.5623 2.1934 -31.41 2.7684 1.975 -31.41 3.4312
3 16 2.106 -28.0991 3.5623 1.975 -31.41 3.4312 0.0029 -28.3412 4.1506
3 16 0.0029 -28.3412 4.1506 1.975 -31.41 3.4312 0.0029 -31.41 4.0017
3 16 -1.8617 -27.9494 3.8487 0.0029 -28.3412 4.1506 -1.7549 -31.41 3.5906
3 16 -1.7549 -31.41 3.5906 0.0029 -28.3412 4.1506 0.0029 -31.41 4.0017
3 16 -2.1961 -31.41 2.7956 -2.3762 -28.1331 2.9541 -1.7549 -31.41 3.5906
3 16 -1.7549 -31.41 3.5906 -2.3762 -28.1331 2.9541 -1.8617 -27.9494 3.8487
3 16 -2.3762 -28.1331 2.9541 -2.1961 -31.41 2.7956 -2.0125 -28.2942 2.2267
3 16 -2.0125 -28.2942 2.2267 -2.1961 -31.41 2.7956 -1.966 -31.41 2.3197
3 16 -1.4006 -28.2063 2.0084 -2.0125 -28.2942 2.2267 -1.3961 -31.41 2.0779
3 16 -1.3961 -31.41 2.0779 -2.0125 -28.2942 2.2267 -1.966 -31.41 2.3197
3 16 -1.4006 -28.2063 2.0084 -1.3961 -31.41 2.0779 1.4035 -28.2587 2.0359
3 16 1.4035 -28.2587 2.0359 -1.3961 -31.41 2.0779 1.4035 -31.41 2.0804
3 16 1.4051 -27.819 -1.727 1.4006 -28.2447 -2.025 -1.4035 -27.8433 -1.7517
3 16 -1.4035 -27.8433 -1.7517 1.4006 -28.2447 -2.025 -1.4035 -28.2971 -2.0525
3 16 2.4929 -27.8155 -3.1122 2.3762 -28.1331 -2.9541 2.1911 -27.8376 -1.9819
3 16 2.1911 -27.8376 -1.9819 2.3762 -28.1331 -2.9541 2.0125 -28.2942 -2.2267
3 16 1.4051 -27.819 -1.727 2.1911 -27.8376 -1.9819 1.4006 -28.2447 -2.025
3 16 1.4006 -28.2447 -2.025 2.1911 -27.8376 -1.9819 2.0125 -28.2942 -2.2267
3 16 -1.99 -28.2849 -2.2007 -2.4854 -27.9342 -2.6785 -2.1818 -27.8373 -1.9734
3 16 -2.1818 -27.8373 -1.9734 -2.4854 -27.9342 -2.6785 -3.1122 -27.4149 -2.4929
3 16 -1.4035 -28.2971 -2.0525 -1.99 -28.2849 -2.2007 -1.4035 -27.8433 -1.7517
3 16 -1.4035 -27.8433 -1.7517 -1.99 -28.2849 -2.2007 -2.1818 -27.8373 -1.9734
3 16 -2.1818 -27.8373 -1.9734 -3.1122 -27.4149 -2.4929 -2.8125 -27.415 -1.2351
3 16 -2.8125 -27.415 -1.2351 -3.1122 -27.4149 -2.4929 -4.4015 -27.415 -2.0807
3 16 -1.4035 -27.8433 -1.7517 -2.1818 -27.8373 -1.9734 -1.4034 -27.415 -0.7028
3 16 -1.4034 -27.415 -0.7028 -2.1818 -27.8373 -1.9734 -2.8125 -27.415 -1.2351
3 16 1.4142 -27.415 -0.7016 1.4051 -27.819 -1.727 -1.4034 -27.415 -0.7028
3 16 -1.4034 -27.415 -0.7028 1.4051 -27.819 -1.727 -1.4035 -27.8433 -1.7517
3 16 2.1911 -27.8376 -1.9819 1.4051 -27.819 -1.727 2.8045 -27.415 -1.1985
3 16 2.8045 -27.415 -1.1985 1.4051 -27.819 -1.727 1.4142 -27.415 -0.7016
3 16 2.4929 -27.8155 -3.1122 2.1911 -27.8376 -1.9819 3.6457 -27.415 -2.1979
3 16 3.6457 -27.415 -2.1979 2.1911 -27.8376 -1.9819 2.8045 -27.415 -1.1985
3 16 -3.1122 -27.4149 -2.4929 -2.4854 -27.9342 -2.6785 -2.1979 -27.8838 -3.6456
3 16 -2.1979 -27.8838 -3.6456 -2.4854 -27.9342 -2.6785 -2.106 -28.0991 -3.5623
3 16 2.3762 -28.1331 -2.9541 2.4929 -27.8155 -3.1122 1.8617 -27.9494 -3.7031
3 16 1.8617 -27.9494 -3.7031 2.4929 -27.8155 -3.1122 2.0807 -27.6083 -4.2558
3 16 2.0807 -27.6083 -4.2558 -0.1108 -27.777 -4.4815 1.8617 -27.9494 -3.7031
3 16 1.8617 -27.9494 -3.7031 -0.1108 -27.777 -4.4815 0.0029 -28.2051 -4.1506
3 16 0.0029 -28.2051 -4.1506 -0.1108 -27.777 -4.4815 -2.106 -28.0991 -3.5623
3 16 -2.106 -28.0991 -3.5623 -0.1108 -27.777 -4.4815 -2.1979 -27.8838 -3.6456
3 16 -0.0488 -27.2294 -5.4628 -0.1108 -27.777 -4.4815 2.0433 -27.2062 -5.1766
3 16 2.0433 -27.2062 -5.1766 -0.1108 -27.777 -4.4815 2.0807 -27.6083 -4.2558
3 16 -0.0488 -27.2294 -5.4628 -2.0966 -27.5023 -4.7884 -0.1108 -27.777 -4.4815
3 16 -0.1108 -27.777 -4.4815 -2.0966 -27.5023 -4.7884 -2.1979 -27.8838 -3.6456
3 16 -1.99 -28.2849 -2.2007 -1.4035 -28.2971 -2.0525 -1.925 -31.41 -2.2826
3 16 -1.925 -31.41 -2.2826 -1.4035 -28.2971 -2.0525 -1.4035 -31.41 -2.0804
3 16 -2.4854 -27.9342 -2.6785 -1.99 -28.2849 -2.2007 -2.1934 -31.41 -2.7684
3 16 -2.1934 -31.41 -2.7684 -1.99 -28.2849 -2.2007 -1.925 -31.41 -2.2826
3 16 -2.4854 -27.9342 -2.6785 -2.1934 -31.41 -2.7684 -2.106 -28.0991 -3.5623
3 16 -2.106 -28.0991 -3.5623 -2.1934 -31.41 -2.7684 -1.975 -31.41 -3.4312
3 16 0.0029 -31.41 -4.0017 0.0029 -28.2051 -4.1506 -1.975 -31.41 -3.4312
3 16 -1.975 -31.41 -3.4312 0.0029 -28.2051 -4.1506 -2.106 -28.0991 -3.5623
3 16 0.0029 -31.41 -4.0017 1.7549 -31.41 -3.5906 0.0029 -28.2051 -4.1506
3 16 0.0029 -28.2051 -4.1506 1.7549 -31.41 -3.5906 1.8617 -27.9494 -3.7031
3 16 2.1961 -31.41 -2.7956 2.3762 -28.1331 -2.9541 1.7549 -31.41 -3.5906
3 16 1.7549 -31.41 -3.5906 2.3762 -28.1331 -2.9541 1.8617 -27.9494 -3.7031
3 16 2.3762 -28.1331 -2.9541 2.1961 -31.41 -2.7956 2.0125 -28.2942 -2.2267
3 16 2.0125 -28.2942 -2.2267 2.1961 -31.41 -2.7956 1.966 -31.41 -2.3197
3 16 1.4006 -28.2447 -2.025 2.0125 -28.2942 -2.2267 1.3961 -31.41 -2.0779
3 16 1.3961 -31.41 -2.0779 2.0125 -28.2942 -2.2267 1.966 -31.41 -2.3197
3 16 1.4006 -28.2447 -2.025 1.3961 -31.41 -2.0779 -1.4035 -28.2971 -2.0525
3 16 -1.4035 -28.2971 -2.0525 1.3961 -31.41 -2.0779 -1.4035 -31.41 -2.0804
3 16 -2.8085 -27.415 -0.0183 -2.8125 -27.415 -1.2351 -5.0409 -27.415 -0.0023
3 16 -5.0409 -27.415 -0.0023 -2.8125 -27.415 -1.2351 -4.4015 -27.415 -2.0807
3 16 -5.0409 -27.415 -0.0023 -2.8045 -27.415 1.1985 -2.8085 -27.415 -0.0183
3 16 3.6457 -27.415 -2.1979 2.8045 -27.415 -1.1985 4.6458 -27.4592 -2.1902
3 16 4.6458 -27.4592 -2.1902 2.8045 -27.415 -1.1985 5.1438 -27.415 0.0023
3 16 5.1438 -27.415 0.0023 2.8085 -27.415 0.0183 4.4015 -27.4592 2.0807
3 16 4.4015 -27.4592 2.0807 2.8085 -27.415 0.0183 2.8125 -27.415 1.2351
3 16 1.4088 -27.415 0.0006 -1.4088 -27.415 -0.0006 1.4034 -27.415 0.7028
3 16 1.4034 -27.415 0.7028 -1.4088 -27.415 -0.0006 -1.4142 -27.415 0.7016
3 16 1.4142 -27.415 -0.7016 -1.4034 -27.415 -0.7028 1.4088 -27.415 0.0006
3 16 1.4088 -27.415 0.0006 -1.4034 -27.415 -0.7028 -1.4088 -27.415 -0.0006
3 16 2.8125 -27.415 1.2351 2.8085 -27.415 0.0183 1.4034 -27.415 0.7028
3 16 1.4034 -27.415 0.7028 2.8085 -27.415 0.0183 1.4088 -27.415 0.0006
3 16 2.8045 -27.415 -1.1985 1.4142 -27.415 -0.7016 2.8085 -27.415 0.0183
3 16 2.8085 -27.415 0.0183 1.4142 -27.415 -0.7016 1.4088 -27.415 0.0006
3 16 -2.8045 -27.415 1.1985 -1.4142 -27.415 0.7016 -2.8085 -27.415 -0.0183
3 16 -2.8085 -27.415 -0.0183 -1.4142 -27.415 0.7016 -1.4088 -27.415 -0.0006
3 16 -2.8125 -27.415 -1.2351 -2.8085 -27.415 -0.0183 -1.4034 -27.415 -0.7028
3 16 -1.4034 -27.415 -0.7028 -2.8085 -27.415 -0.0183 -1.4088 -27.415 -0.0006
3 16 -1.8794 -31.41 3.7466 -1.7549 -31.41 3.5906 0.0029 -31.41 4.251
3 16 0.0029 -31.41 4.251 -1.7549 -31.41 3.5906 0.0029 -31.41 4.0017
3 16 0.0029 -31.41 4.251 0.0029 -31.41 4.0017 1.8851 -31.41 3.7467
3 16 1.8851 -31.41 3.7467 0.0029 -31.41 4.0017 1.975 -31.41 3.4312
3 16 -3.728 -31.41 1.898 -2.1961 -31.41 2.7956 -1.8794 -31.41 3.7466
3 16 -1.8794 -31.41 3.7466 -2.1961 -31.41 2.7956 -1.7549 -31.41 3.5906
3 16 1.8851 -31.41 3.7467 1.975 -31.41 3.4312 3.7337 -31.41 1.898
3 16 3.7337 -31.41 1.898 1.975 -31.41 3.4312 2.1934 -31.41 2.7684
3 16 -1.3998 -31.41 -0.0013 1.3998 -31.41 0.0013 -1.3961 -31.41 2.0779
3 16 -1.3961 -31.41 2.0779 1.3998 -31.41 0.0013 1.4035 -31.41 2.0804
3 16 -4.2323 -31.41 0.0158 -1.3998 -31.41 -0.0013 -1.966 -31.41 2.3197
3 16 -1.966 -31.41 2.3197 -1.3998 -31.41 -0.0013 -1.3961 -31.41 2.0779
3 16 4.2381 -31.41 0.0158 3.7337 -31.41 1.898 1.925 -31.41 2.2826
3 16 1.925 -31.41 2.2826 3.7337 -31.41 1.898 2.1934 -31.41 2.7684
3 16 -4.2323 -31.41 0.0158 -1.966 -31.41 2.3197 -3.728 -31.41 1.898
3 16 -3.728 -31.41 1.898 -1.966 -31.41 2.3197 -2.1961 -31.41 2.7956
3 16 1.4035 -31.41 2.0804 1.3998 -31.41 0.0013 1.925 -31.41 2.2826
3 16 1.925 -31.41 2.2826 1.3998 -31.41 0.0013 4.2381 -31.41 0.0158
3 16 -1.4035 -31.41 -2.0804 1.3961 -31.41 -2.0779 -1.3998 -31.41 -0.0013
3 16 -1.3998 -31.41 -0.0013 1.3961 -31.41 -2.0779 1.3998 -31.41 0.0013
3 16 -1.4035 -31.41 -2.0804 -1.3998 -31.41 -0.0013 -1.925 -31.41 -2.2826
3 16 -1.925 -31.41 -2.2826 -1.3998 -31.41 -0.0013 -4.2323 -31.41 0.0158
3 16 -4.2323 -31.41 0.0158 -3.728 -31.41 -1.8664 -1.925 -31.41 -2.2826
3 16 -1.925 -31.41 -2.2826 -3.728 -31.41 -1.8664 -2.1934 -31.41 -2.7684
3 16 -1.8793 -31.41 -3.715 -1.975 -31.41 -3.4312 -3.728 -31.41 -1.8664
3 16 -3.728 -31.41 -1.8664 -1.975 -31.41 -3.4312 -2.1934 -31.41 -2.7684
3 16 0.0029 -31.41 -4.2194 0.0029 -31.41 -4.0017 -1.8793 -31.41 -3.715
3 16 -1.8793 -31.41 -3.715 0.0029 -31.41 -4.0017 -1.975 -31.41 -3.4312
3 16 0.0029 -31.41 -4.0017 0.0029 -31.41 -4.2194 1.7549 -31.41 -3.5906
3 16 1.7549 -31.41 -3.5906 0.0029 -31.41 -4.2194 1.8851 -31.41 -3.715
3 16 1.8851 -31.41 -3.715 3.7337 -31.41 -1.8664 1.7549 -31.41 -3.5906
3 16 3.7337 -31.41 -1.8664 2.1961 -31.41 -2.7956 1.7549 -31.41 -3.5906
3 16 4.2381 -31.41 0.0158 1.966 -31.41 -2.3197 3.7337 -31.41 -1.8664
3 16 3.7337 -31.41 -1.8664 1.966 -31.41 -2.3197 2.1961 -31.41 -2.7956
3 16 1.3961 -31.41 -2.0779 1.966 -31.41 -2.3197 1.3998 -31.41 0.0013
3 16 1.3998 -31.41 0.0013 1.966 -31.41 -2.3197 4.2381 -31.41 0.0158
3 16 9.4748 -28.9216 16.4109 8.1074 -31.2601 14.0424 16.4109 -28.9216 9.4748
3 16 16.4109 -28.9216 9.4748 8.1074 -31.2601 14.0424 14.0424 -31.2601 8.1074
3 16 8.1074 -31.2601 14.0424 9.4748 -28.9216 16.4109 0 -31.2601 16.2148
3 16 0 -31.2601 16.2148 9.4748 -28.9216 16.4109 0 -28.9216 18.9497
3 16 16.4109 -28.9216 9.4748 14.0424 -31.2601 8.1074 18.9497 -28.9216 0
3 16 18.9497 -28.9216 0 14.0424 -31.2601 8.1074 16.2148 -31.2601 0
3 16 0 -31.2601 16.2148 0 -28.9216 18.9497 -8.1074 -31.2601 14.0424
3 16 -8.1074 -31.2601 14.0424 0 -28.9216 18.9497 -9.4748 -28.9216 16.4109
3 16 -8.1074 -31.2601 14.0424 -9.4748 -28.9216 16.4109 -14.0424 -31.2601 8.1074
3 16 -14.0424 -31.2601 8.1074 -9.4748 -28.9216 16.4109 -16.4109 -28.9216 9.4748
3 16 -14.0424 -31.2601 8.1074 -16.4109 -28.9216 9.4748 -16.2148 -31.2601 0
3 16 -16.2148 -31.2601 0 -16.4109 -28.9216 9.4748 -18.9497 -28.9216 0
3 16 -16.2148 -31.2601 0 -18.9497 -28.9216 0 -14.0424 -31.2601 -8.1074
3 16 -14.0424 -31.2601 -8.1074 -18.9497 -28.9216 0 -16.4109 -28.9216 -9.4748
3 16 -14.0424 -31.2601 -8.1074 -16.4109 -28.9216 -9.4748 -8.1074 -31.2601 -14.0424
3 16 -8.1074 -31.2601 -14.0424 -16.4109 -28.9216 -9.4748 -9.4748 -28.9216 -16.4109
3 16 -8.1074 -31.2601 -14.0424 -9.4748 -28.9216 -16.4109 0 -31.2601 -16.2148
3 16 0 -31.2601 -16.2148 -9.4748 -28.9216 -16.4109 0 -28.9216 -18.9497
3 16 0 -31.2601 -16.2148 0 -28.9216 -18.9497 8.1074 -31.2601 -14.0424
3 16 8.1074 -31.2601 -14.0424 0 -28.9216 -18.9497 9.4748 -28.9216 -16.4109
3 16 8.1074 -31.2601 -14.0424 9.4748 -28.9216 -16.4109 14.0424 -31.2601 -8.1074
3 16 14.0424 -31.2601 -8.1074 9.4748 -28.9216 -16.4109 16.4109 -28.9216 -9.4748
3 16 14.0424 -31.2601 -8.1074 16.4109 -28.9216 -9.4748 16.2148 -31.2601 0
3 16 16.2148 -31.2601 0 16.4109 -28.9216 -9.4748 18.9497 -28.9216 0
3 16 17.3264 -25.585 10.0034 10.0034 -25.585 17.3264 16.4109 -28.9216 9.4748
3 16 16.4109 -28.9216 9.4748 10.0034 -25.585 17.3264 9.4748 -28.9216 16.4109
3 16 10.0034 -25.585 17.3264 0 -25.585 20.0069 9.4748 -28.9216 16.4109
3 16 9.4748 -28.9216 16.4109 0 -25.585 20.0069 0 -28.9216 18.9497
3 16 0 -25.585 20.0069 -10.0034 -25.585 17.3264 0 -28.9216 18.9497
3 16 0 -28.9216 18.9497 -10.0034 -25.585 17.3264 -9.4748 -28.9216 16.4109
3 16 -10.0034 -25.585 17.3264 -17.3264 -25.585 10.0034 -9.4748 -28.9216 16.4109
3 16 -9.4748 -28.9216 16.4109 -17.3264 -25.585 10.0034 -16.4109 -28.9216 9.4748
3 16 -18.9497 -28.9216 0 -16.4109 -28.9216 9.4748 -20.0069 -25.585 0
3 16 -20.0069 -25.585 0 -16.4109 -28.9216 9.4748 -17.3264 -25.585 10.0034
3 16 -20.0069 -25.585 0 -17.3264 -25.585 -10.0034 -18.9497 -28.9216 0
3 16 -18.9497 -28.9216 0 -17.3264 -25.585 -10.0034 -16.4109 -28.9216 -9.4748
3 16 -17.3264 -25.585 -10.0034 -10.0034 -25.585 -17.3264 -16.4109 -28.9216 -9.4748
3 16 -16.4109 -28.9216 -9.4748 -10.0034 -25.585 -17.3264 -9.4748 -28.9216 -16.4109
3 16 -10.0034 -25.585 -17.3264 0 -25.585 -20.0069 -9.4748 -28.9216 -16.4109
3 16 -9.4748 -28.9216 -16.4109 0 -25.585 -20.0069 0 -28.9216 -18.9497
3 16 0 -25.585 -20.0069 10.0034 -25.585 -17.3264 0 -28.9216 -18.9497
3 16 0 -28.9216 -18.9497 10.0034 -25.585 -17.3264 9.4748 -28.9216 -16.4109
3 16 10.0034 -25.585 -17.3264 17.3264 -25.585 -10.0034 9.4748 -28.9216 -16.4109
3 16 9.4748 -28.9216 -16.4109 17.3264 -25.585 -10.0034 16.4109 -28.9216 -9.4748
3 16 17.3264 -25.585 -10.0034 20.0069 -25.585 0 16.4109 -28.9216 -9.4748
3 16 16.4109 -28.9216 -9.4748 20.0069 -25.585 0 18.9497 -28.9216 0
3 16 20.0069 -25.585 0 17.3264 -25.585 10.0034 18.9497 -28.9216 0
3 16 18.9497 -28.9216 0 17.3264 -25.585 10.0034 16.4109 -28.9216 9.4748
3 16 -8.1074 -31.2601 14.0424 -14.0424 -31.2601 8.1074 -6.3636 -32 11.0221
3 16 -6.3636 -32 11.0221 -14.0424 -31.2601 8.1074 -11.0221 -32 6.3636
3 16 0 -31.2601 16.2148 -8.1074 -31.2601 14.0424 0 -32 12.7272
3 16 0 -32 12.7272 -8.1074 -31.2601 14.0424 -6.3636 -32 11.0221
3 16 8.1074 -31.2601 14.0424 0 -31.2601 16.2148 6.3636 -32 11.0221
3 16 6.3636 -32 11.0221 0 -31.2601 16.2148 0 -32 12.7272
3 16 14.0424 -31.2601 8.1074 8.1074 -31.2601 14.0424 11.0221 -32 6.3636
3 16 11.0221 -32 6.3636 8.1074 -31.2601 14.0424 6.3636 -32 11.0221
3 16 16.2148 -31.2601 0 14.0424 -31.2601 8.1074 12.7272 -32 0
3 16 12.7272 -32 0 14.0424 -31.2601 8.1074 11.0221 -32 6.3636
3 16 14.0424 -31.2601 -8.1074 16.2148 -31.2601 0 11.0221 -32 -6.3636
3 16 11.0221 -32 -6.3636 16.2148 -31.2601 0 12.7272 -32 0
3 16 8.1074 -31.2601 -14.0424 14.0424 -31.2601 -8.1074 6.3636 -32 -11.0221
3 16 6.3636 -32 -11.0221 14.0424 -31.2601 -8.1074 11.0221 -32 -6.3636
3 16 0 -31.2601 -16.2148 8.1074 -31.2601 -14.0424 0 -32 -12.7272
3 16 0 -32 -12.7272 8.1074 -31.2601 -14.0424 6.3636 -32 -11.0221
3 16 -8.1074 -31.2601 -14.0424 0 -31.2601 -16.2148 -6.3636 -32 -11.0221
3 16 -6.3636 -32 -11.0221 0 -31.2601 -16.2148 0 -32 -12.7272
3 16 -14.0424 -31.2601 -8.1074 -8.1074 -31.2601 -14.0424 -11.0221 -32 -6.3636
3 16 -11.0221 -32 -6.3636 -8.1074 -31.2601 -14.0424 -6.3636 -32 -11.0221
3 16 -16.2148 -31.2601 0 -14.0424 -31.2601 -8.1074 -12.7272 -32 0
3 16 -12.7272 -32 0 -14.0424 -31.2601 -8.1074 -11.0221 -32 -6.3636
3 16 -11.0221 -32 6.3636 -14.0424 -31.2601 8.1074 -12.7272 -32 0
3 16 -12.7272 -32 0 -14.0424 -31.2601 8.1074 -16.2148 -31.2601 0
3 16 9.6365 -3.5588 16.6908 8.6912 -1.291 15.0536 0 -3.5588 19.2729
3 16 0 -3.5588 19.2729 8.6912 -1.291 15.0536 0 -1.291 17.3824
3 16 8.6912 -1.291 15.0536 9.6365 -3.5588 16.6908 15.0536 -1.291 8.6912
3 16 15.0536 -1.291 8.6912 9.6365 -3.5588 16.6908 16.6908 -3.5588 9.6365
3 16 15.0536 -1.291 8.6912 16.6908 -3.5588 9.6365 17.3824 -1.291 0
3 16 17.3824 -1.291 0 16.6908 -3.5588 9.6365 19.2729 -3.5587 0
3 16 0 -3.5588 19.2729 0 -1.291 17.3824 -9.6365 -3.5588 16.6908
3 16 -9.6365 -3.5588 16.6908 0 -1.291 17.3824 -8.6912 -1.291 15.0536
3 16 -9.6365 -3.5588 16.6908 -8.6912 -1.291 15.0536 -16.6908 -3.5588 9.6365
3 16 -16.6908 -3.5588 9.6365 -8.6912 -1.291 15.0536 -15.0536 -1.291 8.6912
3 16 -16.6908 -3.5588 9.6365 -15.0536 -1.291 8.6912 -19.2729 -3.5587 0
3 16 -19.2729 -3.5587 0 -15.0536 -1.291 8.6912 -17.3824 -1.291 0
3 16 -19.2729 -3.5587 0 -17.3824 -1.291 0 -16.6908 -3.5588 -9.6365
3 16 -16.6908 -3.5588 -9.6365 -17.3824 -1.291 0 -15.0536 -1.291 -8.6912
3 16 -16.6908 -3.5588 -9.6365 -15.0536 -1.291 -8.6912 -9.6365 -3.5588 -16.6908
3 16 -9.6365 -3.5588 -16.6908 -15.0536 -1.291 -8.6912 -8.6912 -1.291 -15.0536
3 16 -9.6365 -3.5588 -16.6908 -8.6912 -1.291 -15.0536 0 -3.5588 -19.2729
3 16 0 -3.5588 -19.2729 -8.6912 -1.291 -15.0536 0 -1.291 -17.3824
3 16 0 -3.5588 -19.2729 0 -1.291 -17.3824 9.6365 -3.5588 -16.6908
3 16 9.6365 -3.5588 -16.6908 0 -1.291 -17.3824 8.6912 -1.291 -15.0536
3 16 9.6365 -3.5588 -16.6908 8.6912 -1.291 -15.0536 16.6908 -3.5588 -9.6365
3 16 16.6908 -3.5588 -9.6365 8.6912 -1.291 -15.0536 15.0536 -1.291 -8.6912
3 16 16.6908 -3.5588 -9.6365 15.0536 -1.291 -8.6912 19.2729 -3.5587 0
3 16 19.2729 -3.5587 0 15.0536 -1.291 -8.6912 17.3824 -1.291 0
3 16 17.3264 -6.3923 10.0034 16.6908 -3.5588 9.6365 10.0034 -6.3923 17.3264
3 16 10.0034 -6.3923 17.3264 16.6908 -3.5588 9.6365 9.6365 -3.5588 16.6908
3 16 10.0034 -6.3923 17.3264 9.6365 -3.5588 16.6908 0 -6.3923 20.0069
3 16 0 -6.3923 20.0069 9.6365 -3.5588 16.6908 0 -3.5588 19.2729
3 16 0 -6.3923 20.0069 0 -3.5588 19.2729 -10.0034 -6.3923 17.3264
3 16 -10.0034 -6.3923 17.3264 0 -3.5588 19.2729 -9.6365 -3.5588 16.6908
3 16 -10.0034 -6.3923 17.3264 -9.6365 -3.5588 16.6908 -17.3264 -6.3923 10.0034
3 16 -17.3264 -6.3923 10.0034 -9.6365 -3.5588 16.6908 -16.6908 -3.5588 9.6365
3 16 -19.2729 -3.5587 0 -20.0069 -6.3923 0 -16.6908 -3.5588 9.6365
3 16 -16.6908 -3.5588 9.6365 -20.0069 -6.3923 0 -17.3264 -6.3923 10.0034
3 16 -20.0069 -6.3923 0 -19.2729 -3.5587 0 -17.3264 -6.3923 -10.0034
3 16 -17.3264 -6.3923 -10.0034 -19.2729 -3.5587 0 -16.6908 -3.5588 -9.6365
3 16 -17.3264 -6.3923 -10.0034 -16.6908 -3.5588 -9.6365 -10.0034 -6.3923 -17.3264
3 16 -10.0034 -6.3923 -17.3264 -16.6908 -3.5588 -9.6365 -9.6365 -3.5588 -16.6908
3 16 -10.0034 -6.3923 -17.3264 -9.6365 -3.5588 -16.6908 0 -6.3923 -20.0069
3 16 0 -6.3923 -20.0069 -9.6365 -3.5588 -16.6908 0 -3.5588 -19.2729
3 16 0 -6.3923 -20.0069 0 -3.5588 -19.2729 10.0034 -6.3923 -17.3264
3 16 10.0034 -6.3923 -17.3264 0 -3.5588 -19.2729 9.6365 -3.5588 -16.6908
3 16 10.0034 -6.3923 -17.3264 9.6365 -3.5588 -16.6908 17.3264 -6.3923 -10.0034
3 16 17.3264 -6.3923 -10.0034 9.6365 -3.5588 -16.6908 16.6908 -3.5588 -9.6365
3 16 17.3264 -6.3923 -10.0034 16.6908 -3.5588 -9.6365 20.0069 -6.3923 0
3 16 20.0069 -6.3923 0 16.6908 -3.5588 -9.6365 19.2729 -3.5587 0
3 16 20.0069 -6.3923 0 19.2729 -3.5587 0 17.3264 -6.3923 10.0034
3 16 17.3264 -6.3923 10.0034 19.2729 -3.5587 0 16.6908 -3.5588 9.6365
3 16 -4.6458 -27.415 2.1902 -3.6302 -26.5463 2.1968 -3.6457 -27.415 2.1979
3 16 -5.0409 -27.415 -0.0023 -4.6458 -27.415 2.1902 -2.8045 -27.415 1.1985
3 16 -2.8045 -27.415 1.1985 -4.6458 -27.415 2.1902 -3.6457 -27.415 2.1979
3 16 -5.7799 -27.0106 -0.0009 -5.0409 -27.415 -0.0023 -5.2157 -27.0841 -2.0888
3 16 -5.2157 -27.0841 -2.0888 -5.0409 -27.415 -0.0023 -4.4015 -27.415 -2.0807
3 16 -5.7799 -27.0106 -0.0009 -5.2627 -27.0961 2.1856 -5.0409 -27.415 -0.0023
3 16 -5.0409 -27.415 -0.0023 -5.2627 -27.0961 2.1856 -4.6458 -27.415 2.1902
3 16 5.1438 -27.415 0.0023 2.8045 -27.415 -1.1985 2.8085 -27.415 0.0183
3 16 5.8238 -27.0001 0.0009 5.1438 -27.415 0.0023 5.2156 -27.1281 2.0886
3 16 5.2156 -27.1281 2.0886 5.1438 -27.415 0.0023 4.4015 -27.4592 2.0807
3 16 5.8238 -27.0001 0.0009 5.28 -27.1357 -2.1839 5.1438 -27.415 0.0023
3 16 5.1438 -27.415 0.0023 5.28 -27.1357 -2.1839 4.6458 -27.4592 -2.1902
3 16 4.6458 -27.4592 -2.1902 3.6302 -26.5463 -2.1968 3.6457 -27.415 -2.1979
3 16 3.1983 -12.6521 -5.5396 2.5055 -15.2973 -5.5288 3.4375 -14.9647 -4.969
3 16 -3.1983 -12.6521 -5.5397 -2.4943 -15.3458 -5.5124 0 -12.8148 -6.2557
3 16 0 -12.8148 -6.2557 -2.4943 -15.3458 -5.5124 -2.1872 -16.2742 -5.6773
3 16 -7.4639 0 12.9279 -12.9279 0 7.4639 -8.6912 -1.291 15.0536
3 16 -8.6912 -1.291 15.0536 -12.9279 0 7.4639 -15.0536 -1.291 8.6912
3 16 0 0 14.9278 -7.4639 0 12.9279 0 -1.291 17.3824
3 16 0 -1.291 17.3824 -7.4639 0 12.9279 -8.6912 -1.291 15.0536
3 16 7.4639 0 12.9279 0 0 14.9278 8.6912 -1.291 15.0536
3 16 8.6912 -1.291 15.0536 0 0 14.9278 0 -1.291 17.3824
3 16 12.9279 0 7.4639 7.4639 0 12.9279 15.0536 -1.291 8.6912
3 16 15.0536 -1.291 8.6912 7.4639 0 12.9279 8.6912 -1.291 15.0536
3 16 14.9278 0 0 12.9279 0 7.4639 17.3824 -1.291 0
3 16 17.3824 -1.291 0 12.9279 0 7.4639 15.0536 -1.291 8.6912
3 16 12.9279 0 -7.4639 14.9278 0 0 15.0536 -1.291 -8.6912
3 16 15.0536 -1.291 -8.6912 14.9278 0 0 17.3824 -1.291 0
3 16 7.4639 0 -12.9279 12.9279 0 -7.4639 8.6912 -1.291 -15.0536
3 16 8.6912 -1.291 -15.0536 12.9279 0 -7.4639 15.0536 -1.291 -8.6912
3 16 0 0 -14.9278 7.4639 0 -12.9279 0 -1.291 -17.3824
3 16 0 -1.291 -17.3824 7.4639 0 -12.9279 8.6912 -1.291 -15.0536
3 16 -7.4639 0 -12.9279 0 0 -14.9278 -8.6912 -1.291 -15.0536
3 16 -8.6912 -1.291 -15.0536 0 0 -14.9278 0 -1.291 -17.3824
3 16 -12.9279 0 -7.4639 -7.4639 0 -12.9279 -15.0536 -1.291 -8.6912
3 16 -15.0536 -1.291 -8.6912 -7.4639 0 -12.9279 -8.6912 -1.291 -15.0536
3 16 -14.9278 0 0 -12.9279 0 -7.4639 -17.3824 -1.291 0
3 16 -17.3824 -1.291 0 -12.9279 0 -7.4639 -15.0536 -1.291 -8.6912
3 16 -15.0536 -1.291 8.6912 -12.9279 0 7.4639 -17.3824 -1.291 0
3 16 -17.3824 -1.291 0 -12.9279 0 7.4639 -14.9278 0 0
2 24 1.1326 -5 -13.609 -1.1326 -5 -13.609
2 24 1.1326 -5 -13.609 1.1326 -5 -7.319
2 24 -1.1326 -5 -13.609 -1.1326 -5 -7.319
2 24 1.1326 -5 -7.319 -1.1326 -5 -7.319
2 24 1.1326 -28.3905 -7.319 1.1326 -28.3905 -12.6903
2 24 1.1326 -28.3905 -7.319 1.1326 -5 -7.319
2 24 1.1326 -28.3905 -12.6903 1.1326 -5 -13.609
2 24 1.1326 -5 -7.319 1.1326 -5 -13.609
2 24 -1.1326 -5 -13.609 -1.1326 -28.3905 -12.6903
2 24 -1.1326 -5 -13.609 -1.1326 -5 -7.319
2 24 -1.1326 -28.3905 -12.6903 -1.1326 -28.3905 -7.319
2 24 -1.1326 -5 -7.319 -1.1326 -28.3905 -7.319
2 24 -1.1326 -5 13.609 -1.1326 -5 7.319
2 24 -1.1326 -5 13.609 -1.1326 -28.3905 12.6903
2 24 -1.1326 -5 7.319 -1.1326 -28.3905 7.319
2 24 -1.1326 -28.3905 12.6903 -1.1326 -28.3905 7.319
2 24 1.1326 -28.3905 7.319 1.1326 -5 7.319
2 24 1.1326 -28.3905 7.319 1.1326 -28.3905 12.6903
2 24 1.1326 -5 7.319 1.1326 -5 13.609
2 24 1.1326 -28.3905 12.6903 1.1326 -5 13.609
2 24 -1.1326 -5 13.609 1.1326 -5 13.609
2 24 -1.1326 -5 13.609 -1.1326 -5 7.319
2 24 1.1326 -5 13.609 1.1326 -5 7.319
2 24 -1.1326 -5 7.319 1.1326 -5 7.319
2 24 4.969 -14.9647 3.4374 3.443 -14.9621 4.9534
2 24 2.1829 -26.5479 5.6484 2.1872 -16.2742 5.6773
2 24 5.7207 -26.545 2.065 5.7106 -16.2369 2.0929
2 24 2.5743 -15.2211 3.5959 2.4943 -15.3458 5.5124
2 24 3.443 -14.9621 4.9534 2.4943 -15.3458 5.5124
2 24 2.5743 -15.2211 3.5959 3.2611 -15.2543 2.8365
2 24 3.2611 -15.2543 2.8365 4.0906 -15.2357 2.4929
2 24 4.0906 -15.2357 2.4929 5.5288 -15.2973 2.5055
2 24 5.5288 -15.2973 2.5055 4.969 -14.9647 3.4374
2 24 5.7106 -16.2369 2.0929 5.5288 -15.2973 2.5055
2 24 2.1872 -16.2742 5.6773 2.4943 -15.3458 5.5124
2 24 3.443 -14.9621 4.9534 4.969 -14.9647 3.4374
2 24 2.1829 -26.5479 5.6484 0 -26.4414 6.2557
2 24 2.1829 -26.5479 5.6484 2.1872 -16.2742 5.6773
2 24 5.5288 -15.2973 2.5055 5.7106 -16.2369 2.0929
2 24 5.7106 -16.2369 2.0929 5.7207 -26.545 2.065
2 24 3.443 -14.9621 4.9534 2.4943 -15.3458 5.5124
2 24 3.4375 -14.9647 -4.969 4.9535 -14.9621 -3.4429
2 24 5.6485 -26.5479 -2.1829 5.6773 -16.2742 -2.1872
2 24 2.065 -26.545 -5.7207 2.0929 -16.2369 -5.7106
2 24 3.5959 -15.2211 -2.5743 5.5124 -15.3458 -2.4943
2 24 4.9535 -14.9621 -3.4429 5.5124 -15.3458 -2.4943
2 24 3.5959 -15.2211 -2.5743 2.8365 -15.2543 -3.2611
2 24 2.8365 -15.2543 -3.2611 2.4929 -15.2357 -4.0906
2 24 2.4929 -15.2357 -4.0906 2.5055 -15.2973 -5.5288
2 24 2.5055 -15.2973 -5.5288 3.4375 -14.9647 -4.969
2 24 2.0929 -16.2369 -5.7106 2.5055 -15.2973 -5.5288
2 24 5.6773 -16.2742 -2.1872 5.5124 -15.3458 -2.4943
2 24 4.9535 -14.9621 -3.4429 3.4375 -14.9647 -4.969
2 24 5.6485 -26.5479 -2.1829 5.6773 -16.2742 -2.1872
2 24 2.5055 -15.2973 -5.5288 2.0929 -16.2369 -5.7106
2 24 2.0929 -16.2369 -5.7106 2.065 -26.545 -5.7207
2 24 2.065 -26.545 -5.7207 0 -26.4414 -6.2557
2 24 4.9535 -14.9621 -3.4429 5.5124 -15.3458 -2.4943
2 24 -4.969 -14.9647 -3.4374 -3.443 -14.9621 -4.9535
2 24 -2.1829 -26.5479 -5.6484 -2.1872 -16.2742 -5.6773
2 24 -5.7207 -26.545 -2.065 -5.7106 -16.2369 -2.0929
2 24 -2.5743 -15.2211 -3.5959 -2.4943 -15.3458 -5.5124
2 24 -3.443 -14.9621 -4.9535 -2.4943 -15.3458 -5.5124
2 24 -2.5743 -15.2211 -3.5959 -3.2611 -15.2543 -2.8365
2 24 -3.2611 -15.2543 -2.8365 -4.0906 -15.2357 -2.4929
2 24 -4.0906 -15.2357 -2.4929 -5.5288 -15.2973 -2.5055
2 24 -5.5288 -15.2973 -2.5055 -4.969 -14.9647 -3.4374
2 24 -5.7106 -16.2369 -2.0929 -5.5288 -15.2973 -2.5055
2 24 -2.1872 -16.2742 -5.6773 -2.4943 -15.3458 -5.5124
2 24 -3.443 -14.9621 -4.9535 -4.969 -14.9647 -3.4374
2 24 -2.1829 -26.5479 -5.6484 -2.1872 -16.2742 -5.6773
2 24 -5.5288 -15.2973 -2.5055 -5.7106 -16.2369 -2.0929
2 24 -5.7106 -16.2369 -2.0929 -5.7207 -26.545 -2.065
2 24 -3.443 -14.9621 -4.9535 -2.4943 -15.3458 -5.5124
2 24 0 -27.3816 9.3282 4.6641 -27.3816 8.0784
2 24 0 -27.3816 9.3282 -4.6641 -27.3816 8.0784
2 24 -4.6641 -27.3816 8.0784 -8.0785 -27.3816 4.6641
2 24 -8.0785 -27.3816 4.6641 -9.3282 -27.3816 0
2 24 -9.3282 -27.3816 0 -8.0785 -27.3816 -4.6641
2 24 -8.0785 -27.3816 -4.6641 -4.6641 -27.3816 -8.0784
2 24 -4.6641 -27.3816 -8.0784 0 -27.3816 -9.3282
2 24 0 -27.3816 -9.3282 4.6641 -27.3816 -8.0784
2 24 4.6641 -27.3816 -8.0784 8.0785 -27.3816 -4.6641
2 24 8.0785 -27.3816 -4.6641 9.3282 -27.3816 0
2 24 9.3282 -27.3816 0 8.0784 -27.3816 4.6641
2 24 5.5396 -0.0627 3.1983 3.1983 -0.0627 5.5396
2 24 7.4364 0.013 4.2934 4.2934 0.013 7.4364
2 24 4.2934 0.013 7.4364 0 0.013 8.5868
2 24 3.1983 -0.0627 5.5396 0 -0.0627 6.3966
2 24 0 0.013 8.5868 -4.2934 0.013 7.4364
2 24 0 -0.0627 6.3966 -3.1983 -0.0627 5.5396
2 24 -4.2934 0.013 7.4364 -7.4364 0.013 4.2934
2 24 -3.1983 -0.0627 5.5396 -5.5396 -0.0627 3.1983
2 24 -7.4364 0.013 4.2934 -8.5868 0.013 0
2 24 -5.5396 -0.0627 3.1983 -6.3966 -0.0627 0
2 24 -8.5868 0.013 0 -7.4364 0.013 -4.2934
2 24 -6.3966 -0.0627 0 -5.5396 -0.0627 -3.1983
2 24 -7.4364 0.013 -4.2934 -4.2934 0.013 -7.4364
2 24 -5.5396 -0.0627 -3.1983 -3.1983 -0.0627 -5.5396
2 24 -4.2934 0.013 -7.4364 0 0.013 -8.5868
2 24 -3.1983 -0.0627 -5.5396 0 -0.0627 -6.3966
2 24 0 0.013 -8.5868 4.2934 0.013 -7.4364
2 24 0 -0.0627 -6.3966 3.1983 -0.0627 -5.5396
2 24 4.2934 0.013 -7.4364 7.4364 0.013 -4.2934
2 24 3.1983 -0.0627 -5.5396 5.5396 -0.0627 -3.1983
2 24 7.4364 0.013 -4.2934 8.5868 0.013 0
2 24 5.5396 -0.0627 -3.1983 6.3966 -0.0627 0
2 24 7.4364 0.013 4.2934 8.5868 0.013 0
2 24 5.5396 -0.0627 3.1983 6.3966 -0.0627 0
2 24 3.1983 -0.0627 5.5396 5.5396 -0.0627 3.1983
2 24 3.1983 -0.0627 5.5396 0 -0.0627 6.3966
2 24 0 -0.0627 6.3966 -3.1983 -0.0627 5.5396
2 24 -3.1983 -0.0627 5.5396 -5.5396 -0.0627 3.1983
2 24 -5.5396 -0.0627 3.1983 -6.3966 -0.0627 0
2 24 -6.3966 -0.0627 0 -5.5396 -0.0627 -3.1983
2 24 -5.5396 -0.0627 -3.1983 -3.1983 -0.0627 -5.5396
2 24 -3.1983 -0.0627 -5.5396 0 -0.0627 -6.3966
2 24 0 -0.0627 -6.3966 3.1983 -0.0627 -5.5396
2 24 3.1983 -0.0627 -5.5396 5.5396 -0.0627 -3.1983
2 24 5.5396 -0.0627 -3.1983 6.3966 -0.0627 0
2 24 5.5396 -0.0627 3.1983 6.3966 -0.0627 0
2 24 7.4364 0.013 4.2934 4.2934 0.013 7.4364
2 24 4.2934 0.013 7.4364 0 0.013 8.5868
2 24 0 0.013 8.5868 -4.2934 0.013 7.4364
2 24 -4.2934 0.013 7.4364 -7.4364 0.013 4.2934
2 24 -7.4364 0.013 4.2934 -8.5868 0.013 0
2 24 -8.5868 0.013 0 -7.4364 0.013 -4.2934
2 24 -7.4364 0.013 -4.2934 -4.2934 0.013 -7.4364
2 24 -4.2934 0.013 -7.4364 0 0.013 -8.5868
2 24 0 0.013 -8.5868 4.2934 0.013 -7.4364
2 24 4.2934 0.013 -7.4364 7.4364 0.013 -4.2934
2 24 7.4364 0.013 -4.2934 8.5868 0.013 0
2 24 7.4364 0.013 4.2934 8.5868 0.013 0
2 24 4.6641 -27.3816 8.0784 8.0784 -27.3816 4.6641
2 24 0 -27.3816 9.3282 4.6641 -27.3816 8.0784
2 24 0 -27.3816 9.3282 -4.6641 -27.3816 8.0784
2 24 -4.6641 -27.3816 8.0784 -8.0785 -27.3816 4.6641
2 24 -8.0785 -27.3816 4.6641 -9.3282 -27.3816 0
2 24 -9.3282 -27.3816 0 -8.0785 -27.3816 -4.6641
2 24 -8.0785 -27.3816 -4.6641 -4.6641 -27.3816 -8.0784
2 24 -4.6641 -27.3816 -8.0784 0 -27.3816 -9.3282
2 24 0 -27.3816 -9.3282 4.6641 -27.3816 -8.0784
2 24 4.6641 -27.3816 -8.0784 8.0785 -27.3816 -4.6641
2 24 8.0785 -27.3816 -4.6641 9.3282 -27.3816 0
2 24 9.3282 -27.3816 0 8.0784 -27.3816 4.6641
2 24 4.6641 -27.3816 8.0784 8.0784 -27.3816 4.6641
2 24 -3.4375 -14.9647 4.969 -4.9535 -14.9621 3.4429
2 24 3.1751 -32.0887 -5.4994 5.4994 -32.0887 -3.1751
2 24 3.1274 -36.3136 -5.4166 5.4166 -36.3136 -3.1273
2 24 5.4994 -32.0887 -3.1751 6.3501 -32.0887 0
2 24 5.4166 -36.3136 -3.1273 6.2545 -36.3136 0
2 24 6.3501 -32.0887 0 5.4994 -32.0887 3.1751
2 24 6.2545 -36.3136 0 5.4166 -36.3136 3.1273
2 24 5.4994 -32.0887 3.1751 3.1751 -32.0887 5.4994
2 24 5.4166 -36.3136 3.1273 3.1274 -36.3136 5.4166
2 24 3.1751 -32.0887 5.4994 0 -32.0887 6.3501
2 24 3.1274 -36.3136 5.4166 0 -36.3136 6.2545
2 24 0 -32.0887 6.3501 -3.1751 -32.0887 5.4994
2 24 0 -36.3136 6.2545 -3.1274 -36.3136 5.4166
2 24 -3.1751 -32.0887 5.4994 -5.4994 -32.0887 3.1751
2 24 -3.1274 -36.3136 5.4166 -5.4166 -36.3136 3.1273
2 24 -5.4994 -32.0887 3.1751 -6.3501 -32.0887 0
2 24 -5.4166 -36.3136 3.1273 -6.2545 -36.3136 0
2 24 -6.3501 -32.0887 0 -5.4994 -32.0887 -3.1751
2 24 -6.2545 -36.3136 0 -5.4166 -36.3136 -3.1274
2 24 -5.4994 -32.0887 -3.1751 -3.1751 -32.0887 -5.4994
2 24 -5.4166 -36.3136 -3.1274 -3.1274 -36.3136 -5.4166
2 24 -3.1751 -32.0887 -5.4994 0 -32.0887 -6.3501
2 24 -3.1274 -36.3136 -5.4166 0 -36.3136 -6.2545
2 24 3.1751 -32.0887 -5.4994 0 -32.0887 -6.3501
2 24 3.1274 -36.3136 -5.4166 0 -36.3136 -6.2545
2 24 5.4994 -32.0887 -3.1751 3.1751 -32.0887 -5.4994
2 24 5.4994 -32.0887 -3.1751 6.3501 -32.0887 0
2 24 6.3501 -32.0887 0 5.4994 -32.0887 3.1751
2 24 5.4994 -32.0887 3.1751 3.1751 -32.0887 5.4994
2 24 3.1751 -32.0887 5.4994 0 -32.0887 6.3501
2 24 0 -32.0887 6.3501 -3.1751 -32.0887 5.4994
2 24 -3.1751 -32.0887 5.4994 -5.4994 -32.0887 3.1751
2 24 -5.4994 -32.0887 3.1751 -6.3501 -32.0887 0
2 24 -6.3501 -32.0887 0 -5.4994 -32.0887 -3.1751
2 24 -5.4994 -32.0887 -3.1751 -3.1751 -32.0887 -5.4994
2 24 -3.1751 -32.0887 -5.4994 0 -32.0887 -6.3501
2 24 3.1751 -32.0887 -5.4994 0 -32.0887 -6.3501
2 24 -5.4166 -36.3136 -3.1274 -6.2545 -36.3136 0
2 24 -3.8362 -36.2002 -1.9354 -4.3535 -36.1915 0
2 24 -3.8362 -36.2002 -1.9354 -1.9354 -36.2002 -3.8362
2 24 -5.4166 -36.3136 -3.1274 -3.1274 -36.3136 -5.4166
2 24 -3.1274 -36.3136 -5.4166 0 -36.3136 -6.2545
2 24 -1.9354 -36.2002 -3.8362 0 -36.1915 -4.3535
2 24 5.4166 -36.3136 3.1273 6.2545 -36.3136 0
2 24 3.8362 -36.2002 1.9354 4.3535 -36.1915 0
2 24 3.8362 -36.2002 1.9354 1.9354 -36.2002 3.8362
2 24 5.4166 -36.3136 3.1273 3.1274 -36.3136 5.4166
2 24 3.1274 -36.3136 5.4166 0 -36.3136 6.2545
2 24 1.9354 -36.2002 3.8362 0 -36.1915 4.3535
2 24 0 -36.1915 -4.3535 1.9354 -36.2002 -3.8362
2 24 0 -36.3136 -6.2545 3.1274 -36.3136 -5.4166
2 24 1.9354 -36.2002 -3.8362 3.8362 -36.2002 -1.9354
2 24 3.1274 -36.3136 -5.4166 5.4166 -36.3136 -3.1273
2 24 6.2545 -36.3136 0 5.4166 -36.3136 -3.1273
2 24 4.3535 -36.1915 0 3.8362 -36.2002 -1.9354
2 24 0 -36.1915 4.3535 -1.9354 -36.2002 3.8362
2 24 0 -36.3136 6.2545 -3.1274 -36.3136 5.4166
2 24 -1.9354 -36.2002 3.8362 -3.8362 -36.2002 1.9354
2 24 -3.1274 -36.3136 5.4166 -5.4166 -36.3136 3.1273
2 24 -6.2545 -36.3136 0 -5.4166 -36.3136 3.1273
2 24 -4.3535 -36.1915 0 -3.8362 -36.2002 1.9354
2 24 -1.9354 -36.2002 -3.8362 -3.8362 -36.2002 -1.9354
2 24 -1.8793 -31.41 -3.715 -3.728 -31.41 -1.8664
2 24 -3.8362 -36.2002 -1.9354 -4.3535 -36.1915 0
2 24 -3.728 -31.41 -1.8664 -4.2323 -31.41 0.0158
2 24 -4.3535 -36.1915 0 -3.8362 -36.2002 1.9354
2 24 -4.2323 -31.41 0.0158 -3.728 -31.41 1.898
2 24 -3.8362 -36.2002 1.9354 -1.9354 -36.2002 3.8362
2 24 -3.728 -31.41 1.898 -1.8794 -31.41 3.7466
2 24 -1.9354 -36.2002 3.8362 0 -36.1915 4.3535
2 24 -1.8794 -31.41 3.7466 0.0029 -31.41 4.251
2 24 0 -36.1915 4.3535 1.9354 -36.2002 3.8362
2 24 0.0029 -31.41 4.251 1.8851 -31.41 3.7467
2 24 1.9354 -36.2002 3.8362 3.8362 -36.2002 1.9354
2 24 1.8851 -31.41 3.7467 3.7337 -31.41 1.898
2 24 3.8362 -36.2002 1.9354 4.3535 -36.1915 0
2 24 3.7337 -31.41 1.898 4.2381 -31.41 0.0158
2 24 4.3535 -36.1915 0 3.8362 -36.2002 -1.9354
2 24 4.2381 -31.41 0.0158 3.7337 -31.41 -1.8664
2 24 3.8362 -36.2002 -1.9354 1.9354 -36.2002 -3.8362
2 24 3.7337 -31.41 -1.8664 1.8851 -31.41 -3.715
2 24 1.9354 -36.2002 -3.8362 0 -36.1915 -4.3535
2 24 1.8851 -31.41 -3.715 0.0029 -31.41 -4.2194
2 24 -1.9354 -36.2002 -3.8362 0 -36.1915 -4.3535
2 24 -1.8793 -31.41 -3.715 0.0029 -31.41 -4.2194
2 24 -12.9279 0 7.4639 -7.4639 0 12.9279
2 24 -11.4366 0 6.6029 -6.6029 0 11.4366
2 24 -7.4639 0 12.9279 0 0 14.9278
2 24 -6.6029 0 11.4366 0 0 13.2059
2 24 0 0 14.9278 7.4639 0 12.9279
2 24 0 0 13.2059 6.6029 0 11.4366
2 24 7.4639 0 12.9279 12.9279 0 7.4639
2 24 6.6029 0 11.4366 11.4366 0 6.6029
2 24 12.9279 0 7.4639 14.9278 0 0
2 24 11.4366 0 6.6029 13.2059 0 0
2 24 14.9278 0 0 12.9279 0 -7.4639
2 24 13.2059 0 0 11.4366 0 -6.6029
2 24 12.9279 0 -7.4639 7.4639 0 -12.9279
2 24 11.4366 0 -6.6029 6.6029 0 -11.4366
2 24 7.4639 0 -12.9279 0 0 -14.9278
2 24 6.6029 0 -11.4366 0 0 -13.2059
2 24 0 0 -14.9278 -7.4639 0 -12.9279
2 24 0 0 -13.2059 -6.6029 0 -11.4366
2 24 -7.4639 0 -12.9279 -12.9279 0 -7.4639
2 24 -6.6029 0 -11.4366 -11.4366 0 -6.6029
2 24 -12.9279 0 -7.4639 -14.9278 0 0
2 24 -11.4366 0 -6.6029 -13.2059 0 0
2 24 -11.4366 0 6.6029 -13.2059 0 0
2 24 -12.9279 0 7.4639 -14.9278 0 0
2 24 10.9266 -27.5 6.0611 6.3085 -27.5 10.6792
2 24 11.4366 0 6.6029 6.6029 0 11.4366
2 24 6.3085 -27.5 10.6792 0 -27.5 12.3696
2 24 6.6029 0 11.4366 0 0 13.2059
2 24 0 -27.5 12.3696 -6.3085 -27.5 10.6792
2 24 0 0 13.2059 -6.6029 0 11.4366
2 24 -6.3085 -27.5 10.6792 -10.9266 -27.5 6.0611
2 24 -6.6029 0 11.4366 -11.4366 0 6.6029
2 24 -10.9266 -27.5 6.0611 -12.617 -27.5 -0.2474
2 24 -11.4366 0 6.6029 -13.2059 0 0
2 24 -13.2059 0 0 -11.4366 0 -6.6029
2 24 -12.617 -27.5 -0.2474 -10.9266 -27.5 -6.5558
2 24 -10.9266 -27.5 -6.5558 -6.3085 -27.5 -11.174
2 24 -11.4366 0 -6.6029 -6.6029 0 -11.4366
2 24 -6.3085 -27.5 -11.174 0 -27.5 -12.8643
2 24 -6.6029 0 -11.4366 0 0 -13.2059
2 24 0 -27.5 -12.8643 6.3085 -27.5 -11.174
2 24 0 0 -13.2059 6.6029 0 -11.4366
2 24 6.3085 -27.5 -11.174 10.9266 -27.5 -6.5558
2 24 6.6029 0 -11.4366 11.4366 0 -6.6029
2 24 10.9266 -27.5 -6.5558 12.617 -27.5 -0.2474
2 24 11.4366 0 -6.6029 13.2059 0 0
2 24 10.9266 -27.5 6.0611 12.617 -27.5 -0.2474
2 24 11.4366 0 6.6029 13.2059 0 0
2 24 6.3085 -27.5 10.6792 10.9266 -27.5 6.0611
2 24 6.3085 -27.5 10.6792 0 -27.5 12.3696
2 24 0 -27.5 12.3696 -6.3085 -27.5 10.6792
2 24 -6.3085 -27.5 10.6792 -10.9266 -27.5 6.0611
2 24 -10.9266 -27.5 6.0611 -12.617 -27.5 -0.2474
2 24 -12.617 -27.5 -0.2474 -10.9266 -27.5 -6.5558
2 24 -10.9266 -27.5 -6.5558 -6.3085 -27.5 -11.174
2 24 -6.3085 -27.5 -11.174 0 -27.5 -12.8643
2 24 0 -27.5 -12.8643 6.3085 -27.5 -11.174
2 24 6.3085 -27.5 -11.174 10.9266 -27.5 -6.5558
2 24 10.9266 -27.5 -6.5558 12.617 -27.5 -0.2474
2 24 10.9266 -27.5 6.0611 12.617 -27.5 -0.2474
2 24 -5.6485 -26.5479 2.1829 -5.6773 -16.2742 2.1872
2 24 -2.065 -26.545 5.7207 -2.0929 -16.2369 5.7106
2 24 -3.5959 -15.2211 2.5743 -5.5124 -15.3458 2.4943
2 24 -4.9535 -14.9621 3.4429 -5.5124 -15.3458 2.4943
2 24 -3.5959 -15.2211 2.5743 -2.8365 -15.2543 3.2611
2 24 -2.8365 -15.2543 3.2611 -2.4929 -15.2357 4.0906
2 24 -2.4929 -15.2357 4.0906 -2.5055 -15.2973 5.5288
2 24 -2.5055 -15.2973 5.5288 -3.4375 -14.9647 4.969
2 24 -2.0929 -16.2369 5.7106 -2.5055 -15.2973 5.5288
2 24 -5.6773 -16.2742 2.1872 -5.5124 -15.3458 2.4943
2 24 -4.9535 -14.9621 3.4429 -3.4375 -14.9647 4.969
2 24 -5.6485 -26.5479 2.1829 -5.6773 -16.2742 2.1872
2 24 -2.5055 -15.2973 5.5288 -2.0929 -16.2369 5.7106
2 24 -2.0929 -16.2369 5.7106 -2.065 -26.545 5.7207
2 24 0 -26.4414 6.2557 -2.065 -26.545 5.7207
2 24 -4.9535 -14.9621 3.4429 -5.5124 -15.3458 2.4943
2 24 -4.969 -14.9647 -3.4374 -5.5288 -15.2973 -2.5055
2 24 -5.6773 -16.2742 2.1872 -5.5124 -15.3458 2.4943
2 24 2.1872 -16.2742 5.6773 2.4943 -15.3458 5.5124
2 24 -3.4375 -14.9647 4.969 -2.5055 -15.2973 5.5288
2 24 5.6773 -16.2742 -2.1872 5.5124 -15.3458 -2.4943
2 24 4.969 -14.9647 3.4374 5.5288 -15.2973 2.5055
2 24 2.0966 -27.0334 4.7884 0.0488 -27.177 5.4628
2 24 2.1829 -26.5479 5.6484 2.0966 -27.0334 4.7884
2 24 -2.065 -26.545 5.7207 -2.0433 -27.1628 5.1766
2 24 0.0488 -27.177 5.4628 -2.0433 -27.1628 5.1766
2 24 -2.0807 -27.5649 4.4015 -2.0433 -27.1628 5.1766
2 24 -2.065 -26.545 5.7207 -2.0433 -27.1628 5.1766
2 24 -2.0807 -27.5649 4.4015 -2.4929 -27.4149 3.1122
2 24 -2.4929 -27.4149 3.1122 -3.6457 -27.415 2.1979
2 24 -5.6485 -26.5479 2.1829 -5.2627 -27.0961 2.1856
2 24 -5.2627 -27.0961 2.1856 -4.6458 -27.415 2.1902
2 24 -5.2627 -27.0961 2.1856 -5.7799 -27.0106 -0.0009
2 24 -5.6485 -26.5479 2.1829 -5.2627 -27.0961 2.1856
2 24 -5.7207 -26.545 -2.065 -5.2157 -27.0841 -2.0888
2 24 -5.7799 -27.0106 -0.0009 -5.2157 -27.0841 -2.0888
2 24 -4.4015 -27.415 -2.0807 -5.2157 -27.0841 -2.0888
2 24 -5.7207 -26.545 -2.065 -5.2157 -27.0841 -2.0888
2 24 -4.4015 -27.415 -2.0807 -3.1122 -27.4149 -2.4929
2 24 -3.1122 -27.4149 -2.4929 -2.1979 -27.8838 -3.6456
2 24 -2.1829 -26.5479 -5.6484 -2.0966 -27.5023 -4.7884
2 24 -2.1979 -27.8838 -3.6456 -2.0966 -27.5023 -4.7884
2 24 -2.0966 -27.5023 -4.7884 -0.0488 -27.2294 -5.4628
2 24 -2.1829 -26.5479 -5.6484 -2.0966 -27.5023 -4.7884
2 24 2.065 -26.545 -5.7207 2.0433 -27.2062 -5.1766
2 24 -0.0488 -27.2294 -5.4628 2.0433 -27.2062 -5.1766
2 24 2.0807 -27.6083 -4.2558 2.0433 -27.2062 -5.1766
2 24 2.065 -26.545 -5.7207 2.0433 -27.2062 -5.1766
2 24 2.0807 -27.6083 -4.2558 2.4929 -27.8155 -3.1122
2 24 2.4929 -27.8155 -3.1122 3.6457 -27.415 -2.1979
2 24 5.6485 -26.5479 -2.1829 5.28 -27.1357 -2.1839
2 24 5.28 -27.1357 -2.1839 4.6458 -27.4592 -2.1902
2 24 5.28 -27.1357 -2.1839 5.8238 -27.0001 0.0009
2 24 5.6485 -26.5479 -2.1829 5.28 -27.1357 -2.1839
2 24 5.7207 -26.545 2.065 5.2156 -27.1281 2.0886
2 24 5.8238 -27.0001 0.0009 5.2156 -27.1281 2.0886
2 24 5.7207 -26.545 2.065 5.2156 -27.1281 2.0886
2 24 5.2156 -27.1281 2.0886 4.4015 -27.4592 2.0807
2 24 4.4015 -27.4592 2.0807 3.1122 -27.2503 2.4929
2 24 3.1122 -27.2503 2.4929 2.1979 -28.0802 3.6456
2 24 2.1829 -26.5479 5.6484 2.0966 -27.0334 4.7884
2 24 2.1979 -28.0802 3.6456 2.0966 -27.0334 4.7884
2 24 -1.4006 -28.2063 2.0084 1.4035 -28.2587 2.0359
2 24 -2.4929 -27.4149 3.1122 -2.3762 -28.1331 2.9541
2 24 -2.4929 -27.4149 3.1122 -2.1911 -27.8376 1.9819
2 24 -2.3762 -28.1331 2.9541 -2.0125 -28.2942 2.2267
2 24 -2.1911 -27.8376 1.9819 -2.0125 -28.2942 2.2267
2 24 -1.4006 -28.2063 2.0084 -2.0125 -28.2942 2.2267
2 24 1.99 -28.2849 2.2007 2.4854 -27.9342 2.6785
2 24 1.4035 -28.2587 2.0359 1.99 -28.2849 2.2007
2 24 3.1122 -27.2503 2.4929 4.4015 -27.4592 2.0807
2 24 -2.4929 -27.4149 3.1122 -3.6457 -27.415 2.1979
2 24 3.1122 -27.2503 2.4929 2.1979 -28.0802 3.6456
2 24 2.4854 -27.9342 2.6785 2.106 -28.0991 3.5623
2 24 -2.3762 -28.1331 2.9541 -1.8617 -27.9494 3.8487
2 24 -2.4929 -27.4149 3.1122 -2.0807 -27.5649 4.4015
2 24 -1.8617 -27.9494 3.8487 -2.0807 -27.5649 4.4015
2 24 -1.8617 -27.9494 3.8487 0.0029 -28.3412 4.1506
2 24 2.106 -28.0991 3.5623 0.1108 -27.7246 4.4815
2 24 2.106 -28.0991 3.5623 0.0029 -28.3412 4.1506
2 24 -2.0807 -27.5649 4.4015 -2.0433 -27.1628 5.1766
2 24 -2.0433 -27.1628 5.1766 0.0488 -27.177 5.4628
2 24 2.1979 -28.0802 3.6456 2.0966 -27.0334 4.7884
2 24 0.0488 -27.177 5.4628 2.0966 -27.0334 4.7884
2 24 1.925 -31.41 2.2826 1.4035 -31.41 2.0804
2 24 1.99 -28.2849 2.2007 1.4035 -28.2587 2.0359
2 24 1.99 -28.2849 2.2007 2.4854 -27.9342 2.6785
2 24 2.4854 -27.9342 2.6785 2.1934 -31.41 2.7684
2 24 1.925 -31.41 2.2826 2.1934 -31.41 2.7684
2 24 2.4854 -27.9342 2.6785 2.106 -28.0991 3.5623
2 24 2.1934 -31.41 2.7684 1.975 -31.41 3.4312
2 24 2.106 -28.0991 3.5623 1.975 -31.41 3.4312
2 24 2.106 -28.0991 3.5623 0.0029 -28.3412 4.1506
2 24 1.975 -31.41 3.4312 0.0029 -31.41 4.0017
2 24 0.0029 -28.3412 4.1506 -1.8617 -27.9494 3.8487
2 24 -1.8617 -27.9494 3.8487 -1.7549 -31.41 3.5906
2 24 0.0029 -31.41 4.0017 -1.7549 -31.41 3.5906
2 24 -2.1961 -31.41 2.7956 -2.3762 -28.1331 2.9541
2 24 -1.7549 -31.41 3.5906 -2.1961 -31.41 2.7956
2 24 -1.8617 -27.9494 3.8487 -2.3762 -28.1331 2.9541
2 24 -2.3762 -28.1331 2.9541 -2.0125 -28.2942 2.2267
2 24 -2.1961 -31.41 2.7956 -1.966 -31.41 2.3197
2 24 -2.0125 -28.2942 2.2267 -1.4006 -28.2063 2.0084
2 24 -1.966 -31.41 2.3197 -1.3961 -31.41 2.0779
2 24 1.4035 -28.2587 2.0359 -1.4006 -28.2063 2.0084
2 24 1.4035 -31.41 2.0804 -1.3961 -31.41 2.0779
2 24 1.4006 -28.2447 -2.025 -1.4035 -28.2971 -2.0525
2 24 2.4929 -27.8155 -3.1122 2.3762 -28.1331 -2.9541
2 24 2.4929 -27.8155 -3.1122 2.1911 -27.8376 -1.9819
2 24 2.3762 -28.1331 -2.9541 2.0125 -28.2942 -2.2267
2 24 2.1911 -27.8376 -1.9819 2.0125 -28.2942 -2.2267
2 24 1.4006 -28.2447 -2.025 2.0125 -28.2942 -2.2267
2 24 -1.99 -28.2849 -2.2007 -2.4854 -27.9342 -2.6785
2 24 -1.4035 -28.2971 -2.0525 -1.99 -28.2849 -2.2007
2 24 -3.1122 -27.4149 -2.4929 -4.4015 -27.415 -2.0807
2 24 2.4929 -27.8155 -3.1122 3.6457 -27.415 -2.1979
2 24 -3.1122 -27.4149 -2.4929 -2.1979 -27.8838 -3.6456
2 24 -2.4854 -27.9342 -2.6785 -2.106 -28.0991 -3.5623
2 24 -2.1979 -27.8838 -3.6456 -2.106 -28.0991 -3.5623
2 24 2.3762 -28.1331 -2.9541 1.8617 -27.9494 -3.7031
2 24 2.4929 -27.8155 -3.1122 2.0807 -27.6083 -4.2558
2 24 1.8617 -27.9494 -3.7031 0.0029 -28.2051 -4.1506
2 24 -2.106 -28.0991 -3.5623 0.0029 -28.2051 -4.1506
2 24 -0.0488 -27.2294 -5.4628 2.0433 -27.2062 -5.1766
2 24 2.0807 -27.6083 -4.2558 2.0433 -27.2062 -5.1766
2 24 -0.0488 -27.2294 -5.4628 -2.0966 -27.5023 -4.7884
2 24 -2.1979 -27.8838 -3.6456 -2.0966 -27.5023 -4.7884
2 24 -1.99 -28.2849 -2.2007 -1.4035 -28.2971 -2.0525
2 24 -1.99 -28.2849 -2.2007 -1.925 -31.41 -2.2826
2 24 -1.925 -31.41 -2.2826 -1.4035 -31.41 -2.0804
2 24 -1.99 -28.2849 -2.2007 -2.4854 -27.9342 -2.6785
2 24 -2.4854 -27.9342 -2.6785 -2.1934 -31.41 -2.7684
2 24 -1.925 -31.41 -2.2826 -2.1934 -31.41 -2.7684
2 24 -2.4854 -27.9342 -2.6785 -2.106 -28.0991 -3.5623
2 24 -2.1934 -31.41 -2.7684 -1.975 -31.41 -3.4312
2 24 -2.106 -28.0991 -3.5623 -1.975 -31.41 -3.4312
2 24 -1.975 -31.41 -3.4312 0.0029 -31.41 -4.0017
2 24 -2.106 -28.0991 -3.5623 0.0029 -28.2051 -4.1506
2 24 0.0029 -31.41 -4.0017 1.7549 -31.41 -3.5906
2 24 0.0029 -28.2051 -4.1506 1.8617 -27.9494 -3.7031
2 24 2.1961 -31.41 -2.7956 2.3762 -28.1331 -2.9541
2 24 1.7549 -31.41 -3.5906 2.1961 -31.41 -2.7956
2 24 1.8617 -27.9494 -3.7031 2.3762 -28.1331 -2.9541
2 24 2.3762 -28.1331 -2.9541 2.0125 -28.2942 -2.2267
2 24 2.1961 -31.41 -2.7956 1.966 -31.41 -2.3197
2 24 2.0125 -28.2942 -2.2267 1.4006 -28.2447 -2.025
2 24 1.966 -31.41 -2.3197 1.3961 -31.41 -2.0779
2 24 -1.4035 -28.2971 -2.0525 1.4006 -28.2447 -2.025
2 24 -1.4035 -31.41 -2.0804 1.3961 -31.41 -2.0779
2 24 3.6457 -27.415 -2.1979 4.6458 -27.4592 -2.1902
2 24 -1.8794 -31.41 3.7466 0.0029 -31.41 4.251
2 24 -1.7549 -31.41 3.5906 0.0029 -31.41 4.0017
2 24 0.0029 -31.41 4.251 1.8851 -31.41 3.7467
2 24 0.0029 -31.41 4.0017 1.975 -31.41 3.4312
2 24 -1.8794 -31.41 3.7466 -3.728 -31.41 1.898
2 24 -1.7549 -31.41 3.5906 -2.1961 -31.41 2.7956
2 24 1.8851 -31.41 3.7467 3.7337 -31.41 1.898
2 24 1.975 -31.41 3.4312 2.1934 -31.41 2.7684
2 24 -1.3961 -31.41 2.0779 1.4035 -31.41 2.0804
2 24 -1.3961 -31.41 2.0779 -1.966 -31.41 2.3197
2 24 3.7337 -31.41 1.898 4.2381 -31.41 0.0158
2 24 2.1934 -31.41 2.7684 1.925 -31.41 2.2826
2 24 -3.728 -31.41 1.898 -4.2323 -31.41 0.0158
2 24 -2.1961 -31.41 2.7956 -1.966 -31.41 2.3197
2 24 1.4035 -31.41 2.0804 1.925 -31.41 2.2826
2 24 -1.4035 -31.41 -2.0804 1.3961 -31.41 -2.0779
2 24 -1.4035 -31.41 -2.0804 -1.925 -31.41 -2.2826
2 24 -4.2323 -31.41 0.0158 -3.728 -31.41 -1.8664
2 24 -1.925 -31.41 -2.2826 -2.1934 -31.41 -2.7684
2 24 -3.728 -31.41 -1.8664 -1.8793 -31.41 -3.715
2 24 -2.1934 -31.41 -2.7684 -1.975 -31.41 -3.4312
2 24 -1.8793 -31.41 -3.715 0.0029 -31.41 -4.2194
2 24 -1.975 -31.41 -3.4312 0.0029 -31.41 -4.0017
2 24 0.0029 -31.41 -4.0017 1.7549 -31.41 -3.5906
2 24 0.0029 -31.41 -4.2194 1.8851 -31.41 -3.715
2 24 1.8851 -31.41 -3.715 3.7337 -31.41 -1.8664
2 24 1.7549 -31.41 -3.5906 2.1961 -31.41 -2.7956
2 24 4.2381 -31.41 0.0158 3.7337 -31.41 -1.8664
2 24 2.1961 -31.41 -2.7956 1.966 -31.41 -2.3197
2 24 1.3961 -31.41 -2.0779 1.966 -31.41 -2.3197
2 24 -3.6457 -27.415 2.1979 -4.6458 -27.415 2.1902
2 24 -3.6457 -27.415 2.1979 -4.6458 -27.415 2.1902
2 24 -5.7799 -27.0106 -0.0009 -5.2157 -27.0841 -2.0888
2 24 -4.4015 -27.415 -2.0807 -5.2157 -27.0841 -2.0888
2 24 -5.7799 -27.0106 -0.0009 -5.2627 -27.0961 2.1856
2 24 -4.6458 -27.415 2.1902 -5.2627 -27.0961 2.1856
2 24 5.8238 -27.0001 0.0009 5.2156 -27.1281 2.0886
2 24 4.4015 -27.4592 2.0807 5.2156 -27.1281 2.0886
2 24 5.8238 -27.0001 0.0009 5.28 -27.1357 -2.1839
2 24 4.6458 -27.4592 -2.1902 5.28 -27.1357 -2.1839
2 24 3.6457 -27.415 -2.1979 4.6458 -27.4592 -2.1902
2 24 3.4375 -14.9647 -4.969 2.5055 -15.2973 -5.5288
2 24 -2.1872 -16.2742 -5.6773 -2.4943 -15.3458 -5.5124
2 24 -7.4639 0 12.9279 -12.9279 0 7.4639
2 24 -7.4639 0 12.9279 0 0 14.9278
2 24 0 0 14.9278 7.4639 0 12.9279
2 24 7.4639 0 12.9279 12.9279 0 7.4639
2 24 12.9279 0 7.4639 14.9278 0 0
2 24 14.9278 0 0 12.9279 0 -7.4639
2 24 12.9279 0 -7.4639 7.4639 0 -12.9279
2 24 7.4639 0 -12.9279 0 0 -14.9278
2 24 0 0 -14.9278 -7.4639 0 -12.9279
2 24 -7.4639 0 -12.9279 -12.9279 0 -7.4639
2 24 -12.9279 0 -7.4639 -14.9278 0 0
2 24 -12.9279 0 7.4639 -14.9278 0 0
0 STEP
