0 Technic, Panel Curved # 4 2 x 3 x 1 Angled 135 degrees
0 Name: bl_7427.dat
0 Author: 
0 BL_Item_No 7427
0 BFC CERTIFY CCW
3 16 18 5.7114 2.2125 0 5.7114 2.2125 18 6.1249 0
3 16 18 6.1249 0 0 5.7114 2.2125 0 6.1249 0
3 16 25.5806 8 -4.4194 25.5806 -8 -4.4194 27.6082 8 -5.7742
3 16 27.6082 8 -5.7742 25.5806 -8 -4.4194 27.6082 -8 -5.7742
3 16 30 8 -7.75 30 10 -7.75 27.0342 8 -7.1601
3 16 27.0342 8 -7.1601 30 10 -7.75 27.0342 10 -7.1601
3 16 18 -2.2125 -4.3154 0 -2.2125 -4.3154 18 -2.8284 -2.8284
3 16 18 -2.8284 -2.8284 0 -2.2125 -4.3154 0 -2.8284 -2.8284
3 16 0 -2.8309 2.8309 18 -2.8309 2.8309 0 -3.4241 2.6116
3 16 0 -3.4241 2.6116 18 -2.8309 2.8309 18 -3.4241 2.6116
3 16 33.5398 -10 -8.5459 32.9658 -10 -7.1601 30 -10 -9.25
3 16 30 -10 -9.25 32.9658 -10 -7.1601 30 -10 -7.75
3 16 23.75 -8 0 22.25 -8 0 24.2258 -8 -2.3918
3 16 24.2258 -8 -2.3918 22.25 -8 0 22.8399 -8 -2.9658
3 16 24.5199 -8 -5.4801 24.5199 -10 -5.4801 27.0342 -8 -7.1601
3 16 27.0342 -8 -7.1601 24.5199 -10 -5.4801 27.0342 -10 -7.1601
3 16 0 -4.3154 -2.2125 18 -4.3154 -2.2125 0 -2.8284 -2.8284
3 16 0 -2.8284 -2.8284 18 -4.3154 -2.2125 18 -2.8284 -2.8284
3 16 32.3918 -8 -5.7742 32.3918 8 -5.7742 30 -8 -6.25
3 16 30 -8 -6.25 32.3918 8 -5.7742 30 8 -6.25
3 16 26.4602 10 -8.5459 27.0342 10 -7.1601 30 10 -9.25
3 16 30 10 -9.25 27.0342 10 -7.1601 30 10 -7.75
3 16 24.5199 8 5.4801 25.5806 8 4.4194 22.8399 8 2.9658
3 16 22.8399 8 2.9658 25.5806 8 4.4194 24.2258 8 2.3918
3 16 0 8.5459 -3.5398 0 9.25 0 16.6251 8.5459 -3.5398
3 16 16.6251 8.5459 -3.5398 0 9.25 0 16.6251 9.25 0
3 16 24.5199 8 5.4801 24.5199 10 5.4801 27.0342 8 7.1601
3 16 27.0342 8 7.1601 24.5199 10 5.4801 27.0342 10 7.1601
3 16 0 -8.5459 3.5398 0 -9.25 0 18 -8.5459 3.5398
3 16 18 -8.5459 3.5398 0 -9.25 0 18 -9.25 0
3 16 25.5806 8 4.4194 25.5806 -8 4.4194 24.2258 8 2.3918
3 16 24.2258 8 2.3918 25.5806 -8 4.4194 24.2257 -8 2.3918
3 16 23.4593 0 -6.5407 23.4593 10 -6.5407 26.4602 0 -8.5459
3 16 26.4602 0 -8.5459 23.4593 10 -6.5407 26.4602 10 -8.5459
3 16 22.25 10 0 22.25 8 0 22.8399 10 -2.9658
3 16 22.8399 10 -2.9658 22.25 8 0 22.8399 8 -2.9658
3 16 21.4541 -10 3.5398 23.4593 -10 6.5407 21.4541 -8.5459 3.5398
3 16 21.4541 -8.5459 3.5398 23.4593 -10 6.5407 23.4593 -6.5407 6.5407
3 16 23.75 8 0 23.75 -8 0 24.2258 8 -2.3918
3 16 24.2258 8 -2.3918 23.75 -8 0 24.2258 -8 -2.3918
3 16 24.2258 8 -2.3918 24.2258 -8 -2.3918 25.5806 8 -4.4194
3 16 25.5806 8 -4.4194 24.2258 -8 -2.3918 25.5806 -8 -4.4194
3 16 24.5199 10 -5.4801 23.4593 10 -6.5407 22.8399 10 -2.9658
3 16 22.8399 10 -2.9658 23.4593 10 -6.5407 21.4541 10 -3.5398
3 16 22.8399 8 2.9658 24.2258 8 2.3918 22.25 8 0
3 16 22.25 8 0 24.2258 8 2.3918 23.75 8 0
3 16 27.6082 -8 -5.7742 27.0342 -8 -7.1601 30 -8 -6.25
3 16 30 -8 -6.25 27.0342 -8 -7.1601 30 -8 -7.75
3 16 21.4541 10 3.5398 22.8399 10 2.9658 20.75 10 0
3 16 20.75 10 0 22.8399 10 2.9658 22.25 10 0
3 16 24.5199 8 -5.4801 25.5806 8 -4.4194 27.0342 8 -7.1601
3 16 27.0342 8 -7.1601 25.5806 8 -4.4194 27.6082 8 -5.7742
3 16 26.4602 -10 -8.5459 27.0342 -10 -7.1601 23.4593 -10 -6.5407
3 16 23.4593 -10 -6.5407 27.0342 -10 -7.1601 24.5199 -10 -5.4801
3 16 27.6082 -8 5.7742 27.0342 -8 7.1601 25.5806 -8 4.4194
3 16 25.5806 -8 4.4194 27.0342 -8 7.1601 24.5199 -8 5.4801
3 16 0 -4.3149 -23.5082 18 -4.315 -23.5078 0 -6.8563 -16.6622
3 16 0 -6.8563 -16.6622 18 -4.315 -23.5078 18 -6.8563 -16.662
3 16 30 -10 -9.25 30 -10 -7.75 26.4602 -10 -8.5459
3 16 26.4602 -10 -8.5459 30 -10 -7.75 27.0342 -10 -7.1601
3 16 26.4602 0 -8.5459 26.4602 10 -8.5459 30 0 -9.25
3 16 30 0 -9.25 26.4602 10 -8.5459 30 10 -9.25
3 16 21.4541 -10 3.5398 22.8399 -10 2.9658 23.4593 -10 6.5407
3 16 23.4593 -10 6.5407 22.8399 -10 2.9658 24.5199 -10 5.4801
3 16 0 -4.3154 -2.2125 0 -8.8875 -6.5407 0 -5.7114 -2.2125
3 16 0 -8.8875 -6.5407 0 -9.144 -3.5394 0 -5.7114 -2.2125
3 16 32.3918 8 -5.7742 32.9658 8 -7.1601 30 8 -6.25
3 16 30 8 -6.25 32.9658 8 -7.1601 30 8 -7.75
3 16 27.0342 10 -7.1601 26.4602 10 -8.5459 24.5199 10 -5.4801
3 16 24.5199 10 -5.4801 26.4602 10 -8.5459 23.4593 10 -6.5407
3 16 33.5398 -10 -8.5459 30 -10 -9.25 33.5398 -8.6164 -8.5459
3 16 33.5398 -8.6164 -8.5459 30 -10 -9.25 30 -8.5227 -9.25
3 16 25.5806 8 4.4194 24.5199 8 5.4801 27.6082 8 5.7742
3 16 27.6082 8 5.7742 24.5199 8 5.4801 27.0342 8 7.1601
3 16 22.8399 10 2.9658 21.4541 10 3.5398 22.3089 10 5.139
3 16 20 -2.5 -2.5 20 -5.6939 -2.5 20 -2.5 0.0096
3 16 20 -2.5 0.0096 20 -5.6939 -2.5 20 -6.1245 0
3 16 23.75 8 0 24.2258 8 -2.3918 22.25 8 0
3 16 22.25 8 0 24.2258 8 -2.3918 22.8399 8 -2.9658
3 16 0 -2.2125 -5.7114 18 -2.2125 -5.7114 0 0 -6.1249
3 16 0 0 -6.1249 18 -2.2125 -5.7114 18 0 -6.1249
3 16 24.5199 8 -5.4801 27.0342 8 -7.1601 24.5199 10 -5.4801
3 16 24.5199 10 -5.4801 27.0342 8 -7.1601 27.0342 10 -7.1601
3 16 0 2.6116 -3.4241 0 6.5408 -6.5407 0 2.7891 -5.4531
3 16 0 2.7891 -5.4531 0 6.5408 -6.5407 0 3.5398 -8.5459
3 16 0 2.2125 5.7114 18 2.2125 5.7114 0 0 6.1242
3 16 0 0 6.1242 18 2.2125 5.7114 18 0 6.125
3 16 0 0 -9.25 0 3.5398 -8.5459 16.6251 0 -9.25
3 16 16.6251 0 -9.25 0 3.5398 -8.5459 16.6251 3.5398 -8.5459
3 16 32.9658 8 -7.1601 32.9658 10 -7.1601 30 8 -7.75
3 16 30 8 -7.75 32.9658 10 -7.1601 30 10 -7.75
3 16 24.5199 -10 -5.4801 24.5199 -8 -5.4801 22.8399 -10 -2.9658
3 16 22.8399 -10 -2.9658 24.5199 -8 -5.4801 22.8399 -8 -2.9658
3 16 27.0342 -8 -7.1601 27.0342 -10 -7.1601 30 -8 -7.75
3 16 30 -8 -7.75 27.0342 -10 -7.1601 30 -10 -7.75
3 16 30 10 -9.25 30 10 -7.75 33.5398 10 -8.5459
3 16 33.5398 10 -8.5459 30 10 -7.75 32.9658 10 -7.1601
3 16 0 6.1249 0 0 5.7114 2.2125 0 9.25 0
3 16 0 9.25 0 0 5.7114 2.2125 0 8.5459 3.5398
3 16 24.5199 -10 5.4801 24.5199 -8 5.4801 27.0342 -10 7.1601
3 16 27.0342 -10 7.1601 24.5199 -8 5.4801 27.0342 -8 7.1601
3 16 0 -2.6116 3.4241 18 -2.6116 3.4241 0 -2.8309 2.8309
3 16 0 -2.8309 2.8309 18 -2.6116 3.4241 18 -2.8309 2.8309
3 16 0 6.5408 -6.5407 0 8.5459 -3.5398 16.6251 6.5407 -6.5407
3 16 16.6251 6.5407 -6.5407 0 8.5459 -3.5398 16.6251 8.5459 -3.5398
3 16 0 2.8284 2.8284 18 2.8284 2.8284 0 2.2125 4.3154
3 16 0 2.2125 4.3154 18 2.8284 2.8284 18 2.2125 4.3154
3 16 20 -6.1245 0 18 -5.4531 2.7891 20 -5.5916 2.5
3 16 27.6082 -8 5.7742 25.5806 -8 4.4194 27.6082 8 5.7742
3 16 27.6082 8 5.7742 25.5806 -8 4.4194 25.5806 8 4.4194
3 16 24.5199 8 5.4801 22.8399 8 2.9658 24.5199 10 5.4801
3 16 24.5199 10 5.4801 22.8399 8 2.9658 22.8399 10 2.9658
3 16 18 2.8309 -2.8309 0 2.8309 -2.8309 18 2.6116 -3.4241
3 16 18 2.6116 -3.4241 0 2.8309 -2.8309 0 2.6116 -3.4241
3 16 20 -6.1245 0 20 -5.6939 -2.5 18 -5.7114 -2.2125
3 16 21.0942 -2.5 2.5 20 -2.5 2.5 21.0942 -5.5916 2.5
3 16 21.0942 -5.5916 2.5 20 -2.5 2.5 20 -5.5916 2.5
3 16 0 -2.2125 -5.7114 0 -2.2125 -4.3154 18 -2.2125 -5.7114
3 16 18 -2.2125 -5.7114 0 -2.2125 -4.3154 18 -2.2125 -4.3154
3 16 20 -5.6939 -2.5 20 -2.5 -2.5 21.0942 -5.6939 -2.5
3 16 21.0942 -5.6939 -2.5 20 -2.5 -2.5 21.0942 -2.5 -2.5
3 16 32.9658 -8 -7.1601 32.3918 -8 -5.7742 30 -8 -7.75
3 16 30 -8 -7.75 32.3918 -8 -5.7742 30 -8 -6.25
3 16 22.8399 10 2.9658 22.8399 8 2.9658 22.25 10 0
3 16 22.25 10 0 22.8399 8 2.9658 22.25 8 0
3 16 25.5806 -8 -4.4194 24.5199 -8 -5.4801 27.6082 -8 -5.7742
3 16 27.6082 -8 -5.7742 24.5199 -8 -5.4801 27.0342 -8 -7.1601
3 16 22.25 -8 0 23.75 -8 0 22.8399 -8 2.9658
3 16 22.8399 -8 2.9658 23.75 -8 0 24.2257 -8 2.3918
3 16 22.8399 -10 2.9658 21.4541 -10 3.5398 22.25 -10 0
3 16 22.25 -10 0 21.4541 -10 3.5398 20.75 -10 0
3 16 21.4541 -10 -3.5398 22.8399 -10 -2.9658 20.75 -10 0
3 16 20.75 -10 0 22.8399 -10 -2.9658 22.25 -10 0
3 16 20.75 10 0 20.75 0 0 21.4541 10 3.5398
3 16 21.4541 10 3.5398 20.75 0 0 21.4925 0 3.6303
3 16 30 10 -9.25 33.5398 10 -8.5459 30 0 -9.25
3 16 30 0 -9.25 33.5398 10 -8.5459 33.5398 0 -8.5459
3 16 22.8399 8 -2.9658 24.2258 8 -2.3918 24.5199 8 -5.4801
3 16 24.5199 8 -5.4801 24.2258 8 -2.3918 25.5806 8 -4.4194
3 16 21.4541 0 -3.5398 21.4541 10 -3.5398 23.4593 0 -6.5407
3 16 23.4593 0 -6.5407 21.4541 10 -3.5398 23.4593 10 -6.5407
3 16 24.5199 -10 5.4801 27.0342 -10 7.1601 23.4593 -10 6.5407
3 16 23.4593 -10 6.5407 27.0342 -10 7.1601 26.4602 -10 8.5459
3 16 22.25 -8 0 22.25 -10 0 22.8399 -8 -2.9658
3 16 22.8399 -8 -2.9658 22.25 -10 0 22.8399 -10 -2.9658
3 16 23.4593 -10 6.5407 26.4602 -10 8.5459 23.4593 -6.5407 6.5407
3 16 23.4593 -6.5407 6.5407 26.4602 -10 8.5459 26.4602 -3.5398 8.5459
3 16 30 -10 -7.75 32.9658 -10 -7.1601 30 -8 -7.75
3 16 30 -8 -7.75 32.9658 -10 -7.1601 32.9658 -8 -7.1601
3 16 20.75 0 0 20.75 10 0 21.4541 0 -3.5398
3 16 21.4541 0 -3.5398 20.75 10 0 21.4541 10 -3.5398
3 16 21.4541 -9.1441 -3.5398 21.4541 -10 -3.5398 20.75 -9.25 0
3 16 20.75 -9.25 0 21.4541 -10 -3.5398 20.75 -10 0
3 16 25.5806 -8 -4.4194 24.2258 -8 -2.3918 24.5199 -8 -5.4801
3 16 24.5199 -8 -5.4801 24.2258 -8 -2.3918 22.8399 -8 -2.9658
3 16 21.4541 -9.1441 -3.5398 20.75 -9.25 0 18 -9.1441 -3.5397
3 16 18 -9.1441 -3.5397 20.75 -9.25 0 18 -9.25 0
3 16 30 8 -6.25 30 8 -7.75 27.6082 8 -5.7742
3 16 27.6082 8 -5.7742 30 8 -7.75 27.0342 8 -7.1601
3 16 21.4541 -10 -3.5398 21.4541 -9.1441 -3.5398 23.4593 -10 -6.5407
3 16 23.4593 -10 -6.5407 21.4541 -9.1441 -3.5398 23.4593 -8.8875 -6.5407
3 16 23.75 -8 0 23.75 8 0 24.2257 -8 2.3918
3 16 24.2257 -8 2.3918 23.75 8 0 24.2258 8 2.3918
3 16 26.4602 10 8.5459 27.0342 10 7.1601 23.4593 10 6.5407
3 16 23.4593 10 6.5407 27.0342 10 7.1601 24.5199 10 5.4801
3 16 22.8399 -8 2.9658 24.2257 -8 2.3918 24.5199 -8 5.4801
3 16 24.5199 -8 5.4801 24.2257 -8 2.3918 25.5806 -8 4.4194
3 16 20.75 -10 0 21.4541 -10 3.5398 20.75 -9.25 0
3 16 20.75 -9.25 0 21.4541 -10 3.5398 21.4541 -8.5459 3.5398
3 16 0 6.5408 -6.5407 0 2.8309 -2.8309 0 3.4241 -2.6116
3 16 22.8399 8 -2.9658 24.5199 8 -5.4801 22.8399 10 -2.9658
3 16 22.8399 10 -2.9658 24.5199 8 -5.4801 24.5199 10 -5.4801
3 16 27.6082 -8 -5.7742 30 -8 -6.25 27.6082 8 -5.7742
3 16 27.6082 8 -5.7742 30 -8 -6.25 30 8 -6.25
3 16 0 5.4531 -2.7891 0 3.4241 -2.6116 18 5.4531 -2.7891
3 16 18 5.4531 -2.7891 0 3.4241 -2.6116 18 3.4241 -2.6116
3 16 0 -8.8875 -6.5407 0 -2.8284 -2.8284 0 -2.2125 -4.3154
3 16 20 -2.5 0.0096 20.75 -2.5 0 20 -2.5 -2.5
3 16 20 -2.5 -2.5 20.75 -2.5 0 21.0942 -2.5 -2.5
3 16 22.8399 -10 2.9658 22.8399 -8 2.9658 24.5199 -10 5.4801
3 16 24.5199 -10 5.4801 22.8399 -8 2.9658 24.5199 -8 5.4801
3 16 0 2.8309 -2.8309 18 2.8309 -2.8309 0 3.4241 -2.6116
3 16 0 3.4241 -2.6116 18 2.8309 -2.8309 18 3.4241 -2.6116
3 16 24.5199 -10 -5.4801 22.8399 -10 -2.9658 23.4593 -10 -6.5407
3 16 23.4593 -10 -6.5407 22.8399 -10 -2.9658 21.4541 -10 -3.5398
3 16 26.4602 -8.6298 -8.5459 26.4602 -10 -8.5459 23.4593 -8.8875 -6.5407
3 16 23.4593 -8.8875 -6.5407 26.4602 -10 -8.5459 23.4593 -10 -6.5407
3 16 20 -6.1245 0 20 -5.5916 2.5 20 -2.5 0.0096
3 16 20 -2.5 0.0096 20 -5.5916 2.5 20 -2.5 2.5
3 16 0 -6.1245 0 0 -5.7114 -2.2125 0 -9.25 0
3 16 0 -9.25 0 0 -5.7114 -2.2125 0 -9.144 -3.5394
3 16 26.4602 10 8.5459 23.4593 10 6.5407 26.4602 0 8.5459
3 16 26.4602 0 8.5459 23.4593 10 6.5407 23.0684 0 6.125
3 16 30 -8.5227 -9.25 30 -10 -9.25 26.4602 -8.6298 -8.5459
3 16 26.4602 -8.6298 -8.5459 30 -10 -9.25 26.4602 -10 -8.5459
3 16 33.993 -6.8564 -16.6616 37.3537 -4.3152 -23.5074 36.9015 -6.7721 -16.6616
3 16 36.9015 -6.7721 -16.6616 37.3537 -4.3152 -23.5074 39.536 -4.4489 -23.0219
3 16 30 0 -9.25 30 -4.9764 -9.25 26.4602 0 -8.5459
3 16 26.4602 0 -8.5459 30 -4.9764 -9.25 26.4602 -5.0904 -8.5459
3 16 33.0347 -3.7022 -14.9624 36.0564 -3.7506 -14.6213 36.3369 -1.6042 -21.0842
3 16 36.3369 -1.6042 -21.0842 36.0564 -3.7506 -14.6213 38.546 -1.6924 -20.6319
3 16 30.4533 -8.3846 -10.0845 33.993 -6.8564 -16.6616 34.1771 -8.3195 -10.0845
3 16 34.1771 -8.3195 -10.0845 33.993 -6.8564 -16.6616 36.9015 -6.7721 -16.6616
3 16 37.3537 -4.3152 -23.5074 39.3568 -2.4796 -27.4326 39.536 -4.4489 -23.0219
3 16 39.536 -4.4489 -23.0219 39.3568 -2.4796 -27.4326 41.2202 -2.4315 -27.145
3 16 37.3537 -4.3152 -23.5074 33.993 -6.8564 -16.6616 35.2766 -4.3152 -23.5074
3 16 35.2766 -4.3152 -23.5074 33.993 -6.8564 -16.6616 31.3987 -6.8564 -16.6616
3 16 35.2766 -4.3152 -23.5074 37.734 -2.4277 -27.5296 37.3537 -4.3152 -23.5074
3 16 37.3537 -4.3152 -23.5074 37.734 -2.4277 -27.5296 39.3568 -2.4796 -27.4326
3 16 18 -2.7891 5.4531 22.3089 -3.4282 5.0757 18 -4.1861 4.4453
3 16 18 -4.1861 4.4453 22.3089 -3.4282 5.0757 21.4924 -4.8577 3.6303
3 16 41.9976 -1.4356 -29.0216 40.4353 -1.3946 -29.4592 41.2852 1.6127 -27.3018
3 16 41.2852 1.6127 -27.3018 40.4353 -1.3946 -29.4592 39.7233 1.6547 -27.7394
3 16 38.268 1.7106 -27.8492 39.7233 1.6547 -27.7394 38.9804 -1.3377 -29.569
3 16 38.9804 -1.3377 -29.569 39.7233 1.6547 -27.7394 40.4353 -1.3946 -29.4592
3 16 0 -3.6295 -15.2207 18 -3.6667 -15.0888 3.75 -1.4716 -21.4053
3 16 3.75 -1.4716 -21.4053 18 -3.6667 -15.0888 18 -1.5341 -21.2541
3 16 35.2766 -4.3152 -23.5074 31.3987 -6.8564 -16.6616 18 -4.315 -23.5078
3 16 18 -4.315 -23.5078 31.3987 -6.8564 -16.6616 18 -6.8563 -16.662
3 16 30 0 -9.25 33.5398 0 -8.5459 30 -4.9764 -9.25
3 16 30 -4.9764 -9.25 33.5398 0 -8.5459 33.5398 -5.0752 -8.5459
3 16 0 -9.25 0 0 -9.144 -3.5394 18 -9.25 0
3 16 18 -9.25 0 0 -9.144 -3.5394 18 -9.1441 -3.5397
3 16 26.4602 -5.0904 -8.5459 30 -4.9764 -9.25 30.4046 -3.6964 -14.983
3 16 30.4046 -3.6964 -14.983 30 -4.9764 -9.25 33.0347 -3.7022 -14.9624
3 16 22.8399 -10 2.9658 22.25 -10 0 22.8399 -8 2.9658
3 16 22.8399 -8 2.9658 22.25 -10 0 22.25 -8 0
3 16 0.2862 -2.4357 -27.5306 0 -4.3149 -23.5082 0.2861 0.615 -25.8094
3 16 0.2861 0.615 -25.8094 0 -4.3149 -23.5082 0 -1.4563 -21.4424
3 16 22.25 10 0 22.8399 10 -2.9658 20.75 10 0
3 16 20.75 10 0 22.8399 10 -2.9658 21.4541 10 -3.5398
3 16 41.2852 1.6127 -27.3018 39.7233 1.6547 -27.7394 38.546 -1.6924 -20.6319
3 16 38.546 -1.6924 -20.6319 39.7233 1.6547 -27.7394 36.3369 -1.6042 -21.0842
3 16 30.4046 -3.6964 -14.983 18 -3.6667 -15.0888 26.4602 -5.0904 -8.5459
3 16 26.4602 -5.0904 -8.5459 18 -3.6667 -15.0888 23.4593 -5.3645 -6.5407
3 16 18 -2.4329 -27.5306 18 -1.3377 -29.569 37.734 -2.4277 -27.5296
3 16 37.734 -2.4277 -27.5296 18 -1.3377 -29.569 38.9804 -1.3377 -29.569
3 16 18 1.7106 -27.8492 18 -1.3377 -29.569 3.75 1.7107 -27.8492
3 16 3.75 1.7107 -27.8492 18 -1.3377 -29.569 3.75 -1.3377 -29.569
3 16 2.3156 1.571 -27.6002 3.75 1.7107 -27.8492 2.3156 -1.4773 -29.3201
3 16 2.3156 -1.4773 -29.3201 3.75 1.7107 -27.8492 3.75 -1.3377 -29.569
3 16 1.099 1.1804 -26.8873 2.3156 1.571 -27.6002 1.099 -1.8685 -28.6074
3 16 1.099 -1.8685 -28.6074 2.3156 1.571 -27.6002 2.3156 -1.4773 -29.3201
3 16 36.3369 -1.6042 -21.0842 34.2431 -1.5958 -21.1046 33.0347 -3.7022 -14.9624
3 16 33.0347 -3.7022 -14.9624 34.2431 -1.5958 -21.1046 30.4046 -3.6964 -14.983
3 16 18 -1.5341 -21.2541 18 1.7106 -27.8492 3.75 -1.4716 -21.4053
3 16 3.75 -1.4716 -21.4053 18 1.7106 -27.8492 3.75 1.7107 -27.8492
3 16 0 9.25 0 0 8.5459 3.5398 16.6251 9.25 0
3 16 16.6251 9.25 0 0 8.5459 3.5398 16.6251 8.5459 3.5398
3 16 17.5973 0 9.25 18 -3.5398 8.5459 26.1685 0 9.25
3 16 26.1685 0 9.25 18 -3.5398 8.5459 26.4602 -3.5398 8.5459
3 16 0 -6.5407 6.5407 0 -8.5459 3.5398 18 -6.5407 6.5407
3 16 18 -6.5407 6.5407 0 -8.5459 3.5398 18 -8.5459 3.5398
3 16 0 6.5408 6.5407 0 3.5398 8.5459 16.6251 6.5407 6.5407
3 16 16.6251 6.5407 6.5407 0 3.5398 8.5459 16.6251 3.5398 8.5459
3 16 0 8.5459 -3.5398 0 6.5408 -6.5407 0 5.4531 -2.7891
3 16 0 5.4531 -2.7891 0 6.5408 -6.5407 0 3.4241 -2.6116
3 16 0 5.4531 -2.7891 18 5.4531 -2.7891 0 6.1249 0
3 16 0 6.1249 0 18 5.4531 -2.7891 18 6.1249 0
3 16 23.0684 0 6.125 18 0 6.125 18 0 7.8685
3 16 39.3568 -2.4796 -27.4326 40.4353 -1.3946 -29.4592 41.2202 -2.4315 -27.145
3 16 41.2202 -2.4315 -27.145 40.4353 -1.3946 -29.4592 41.9976 -1.4356 -29.0216
3 16 39.7233 1.6547 -27.7394 38.268 1.7106 -27.8492 36.3369 -1.6042 -21.0842
3 16 36.3369 -1.6042 -21.0842 38.268 1.7106 -27.8492 34.2431 -1.5958 -21.1046
3 16 49.1547 -3.6667 -2.1841 39.25 -5.3645 0 45.0548 -4.9691 2.4853
3 16 45.0548 -4.9691 2.4853 39.25 -5.3645 0 39.0723 -5.5124 1.8046
3 16 21.0942 -5.6939 -2.5 21.4541 -5.6374 -3.5398 20 -5.6939 -2.5
3 16 20 -5.6939 -2.5 21.4541 -5.6374 -3.5398 18 -5.4761 -5.5166
3 16 18 -4.3154 -2.2125 18 -5.4761 -5.5166 18 -2.8284 -2.8284
3 16 26.4602 -3.5398 8.5459 18 -3.5398 8.5459 23.4593 -6.5407 6.5407
3 16 23.4593 -6.5407 6.5407 18 -3.5398 8.5459 18 -6.5407 6.5407
3 16 34.1771 -8.3195 -10.0845 33.5398 -8.6164 -8.5459 30.4533 -8.3846 -10.0845
3 16 30.4533 -8.3846 -10.0845 33.5398 -8.6164 -8.5459 30 -8.5227 -9.25
3 16 36.0564 -3.7506 -14.6213 33.0347 -3.7022 -14.9624 33.5398 -5.0752 -8.5459
3 16 33.5398 -5.0752 -8.5459 33.0347 -3.7022 -14.9624 30 -4.9764 -9.25
3 16 21.4924 -4.8577 3.6303 22.3089 -3.4282 5.0757 21.4925 0 3.6303
3 16 21.4925 0 3.6303 22.3089 -3.4282 5.0757 22.3089 0 5.139
3 16 22.3089 0 5.139 22.3089 10 5.139 21.4925 0 3.6303
3 16 21.4925 0 3.6303 22.3089 10 5.139 21.4541 10 3.5398
3 16 0 -4.9691 -9.2934 0 -2.2125 -5.7114 0 0 -9.25
3 16 0 0 -9.25 0 -2.2125 -5.7114 0 0 -6.1249
3 16 21.4541 -5.6374 -3.5398 21.4541 0 -3.5398 22.3089 -5.5124 -5.139
3 16 21.4541 0 -3.5398 23.4593 0 -6.5407 22.3089 -5.5124 -5.139
3 16 23.4593 0 -6.5407 23.4593 -5.3645 -6.5407 22.3089 -5.5124 -5.139
3 16 20 -2.5 0.0096 20 -2.5 2.5 20.75 -2.5 0
3 16 20.75 -2.5 0 20 -2.5 2.5 21.0942 -2.5 2.5
3 16 18 -4.1861 4.4453 18 -2.6116 3.4241 18 -2.7891 5.4531
3 16 0 2.6116 -3.4241 0 2.7891 -5.4531 18 2.6116 -3.4241
3 16 18 2.6116 -3.4241 0 2.7891 -5.4531 18 2.7891 -5.4531
3 16 26.4602 -8.6298 -8.5459 18 -8.3845 -10.0847 27.3964 -8.3846 -10.0846
3 16 0 -4.9691 -9.2934 0 -3.6295 -15.2207 0 -8.3845 -10.0849
3 16 0 -8.3845 -10.0849 0 -3.6295 -15.2207 0 -6.8563 -16.6622
3 16 0 -3.6295 -15.2207 0 -1.4563 -21.4424 0 -6.8563 -16.6622
3 16 0 -6.8563 -16.6622 0 -1.4563 -21.4424 0 -4.3149 -23.5082
3 16 0 4.3154 2.2125 18 4.3154 2.2125 0 2.8284 2.8284
3 16 0 2.8284 2.8284 18 4.3154 2.2125 18 2.8284 2.8284
3 16 18 -5.4531 2.7891 21.4924 -4.8577 3.6303 20 -5.5916 2.5
3 16 20 -5.5916 2.5 21.4924 -4.8577 3.6303 21.0942 -5.5916 2.5
3 16 18 -2.7891 5.4531 0 -2.7891 5.4531 18 0 6.125
3 16 18 0 6.125 0 -2.7891 5.4531 0 0 6.1242
3 16 18 -2.7891 5.4531 18 0 6.125 22.8078 -1.839 5.8424
3 16 22.8078 -1.839 5.8424 18 0 6.125 23.0684 0 6.125
3 16 0 8.5459 3.5398 0 6.5408 6.5407 16.6251 8.5459 3.5398
3 16 16.6251 8.5459 3.5398 0 6.5408 6.5407 16.6251 6.5407 6.5407
3 16 23.4593 10 6.5407 22.3089 10 5.139 23.0684 0 6.125
3 16 23.0684 0 6.125 22.3089 10 5.139 22.3089 0 5.139
3 16 0 5.4531 -2.7891 0 6.1249 0 0 8.5459 -3.5398
3 16 0 8.5459 -3.5398 0 6.1249 0 0 9.25 0
3 16 18 -4.1861 4.4453 21.4924 -4.8577 3.6303 18 -5.4531 2.7891
3 16 18 -3.4241 2.6116 18 -4.1861 4.4453 18 -5.4531 2.7891
3 16 0 2.8309 -2.8309 0 6.5408 -6.5407 0 2.6116 -3.4241
3 16 0 8.5459 3.5398 0 5.7114 2.2125 0 6.5408 6.5407
3 16 0 6.5408 6.5407 0 5.7114 2.2125 0 4.3154 2.2125
3 16 0 0 -9.25 0 0 -6.1249 0 3.5398 -8.5459
3 16 0 3.5398 -8.5459 0 0 -6.1249 0 2.7891 -5.4531
3 16 0 0 9.25 0 0 6.1242 0 -3.5398 8.5459
3 16 0 -3.5398 8.5459 0 0 6.1242 0 -2.7891 5.4531
3 16 0 -5.4531 2.7891 0 -3.4241 2.6116 18 -5.4531 2.7891
3 16 18 -5.4531 2.7891 0 -3.4241 2.6116 18 -3.4241 2.6116
3 16 0 2.2125 5.7114 0 2.2125 4.3154 18 2.2125 5.7114
3 16 18 2.2125 5.7114 0 2.2125 4.3154 18 2.2125 4.3154
3 16 18 -5.7114 -2.2125 18 -4.3154 -2.2125 0 -5.7114 -2.2125
3 16 0 -5.7114 -2.2125 18 -4.3154 -2.2125 0 -4.3154 -2.2125
3 16 0 4.3154 2.2125 0 5.7114 2.2125 18 4.3154 2.2125
3 16 18 4.3154 2.2125 0 5.7114 2.2125 18 5.7114 2.2125
3 16 18 -5.4761 -5.5166 18 -4.3154 -2.2125 18 -5.7114 -2.2125
3 16 18 -2.7891 5.4531 18 -2.6116 3.4241 0 -2.7891 5.4531
3 16 0 -2.7891 5.4531 18 -2.6116 3.4241 0 -2.6116 3.4241
3 16 27.3964 -8.3846 -10.0846 31.3987 -6.8564 -16.6616 30.4533 -8.3846 -10.0845
3 16 30.4533 -8.3846 -10.0845 31.3987 -6.8564 -16.6616 33.993 -6.8564 -16.6616
3 16 18 -9.1441 -3.5397 18 -8.8875 -6.5407 21.4541 -9.1441 -3.5398
3 16 21.4541 -9.1441 -3.5398 18 -8.8875 -6.5407 23.4593 -8.8875 -6.5407
3 16 31.3987 -6.8564 -16.6616 27.3964 -8.3846 -10.0846 18 -6.8563 -16.662
3 16 18 -6.8563 -16.662 27.3964 -8.3846 -10.0846 18 -8.3845 -10.0847
3 16 18 -3.6667 -15.0888 30.4046 -3.6964 -14.983 18 -1.5341 -21.2541
3 16 18 -1.5341 -21.2541 30.4046 -3.6964 -14.983 34.2431 -1.5958 -21.1046
3 16 21.4541 0 -3.5398 21.0942 -2.5 -2.5 20.75 0 0
3 16 20.75 0 0 21.0942 -2.5 -2.5 20.75 -2.5 0
3 16 21.4925 0 3.6303 20.75 0 0 21.0942 -2.5 2.5
3 16 21.0942 -2.5 2.5 20.75 0 0 20.75 -2.5 0
3 16 21.0942 -5.6939 -2.5 21.0942 -2.5 -2.5 21.4541 -5.6374 -3.5398
3 16 21.4541 -5.6374 -3.5398 21.0942 -2.5 -2.5 21.4541 0 -3.5398
3 16 26.4602 0 -8.5459 26.4602 -5.0904 -8.5459 23.4593 0 -6.5407
3 16 23.4593 0 -6.5407 26.4602 -5.0904 -8.5459 23.4593 -5.3645 -6.5407
3 16 0 -5.4531 2.7891 0 -8.5459 3.5398 0 -6.5407 6.5407
3 16 0 0 6.1242 0 0 9.25 0 2.2125 5.7114
3 16 0 2.2125 5.7114 0 0 9.25 0 3.5398 8.5459
3 16 0 6.5408 6.5407 0 2.8284 2.8284 0 2.2125 4.3154
3 16 20 -5.6939 -2.5 18 -5.4761 -5.5166 18 -5.7114 -2.2125
3 16 0 -9.25 0 0 -8.5459 3.5398 0 -6.1245 0
3 16 0 -6.1245 0 0 -8.5459 3.5398 0 -5.4531 2.7891
3 16 0 6.5408 6.5407 0 4.3154 2.2125 0 2.8284 2.8284
3 16 0 -3.5398 8.5459 0 -2.7891 5.4531 0 -6.5407 6.5407
3 16 0 2.2125 4.3154 0 2.2125 5.7114 0 6.5408 6.5407
3 16 0 6.5408 6.5407 0 2.2125 5.7114 0 3.5398 8.5459
3 16 0 -2.7891 5.4531 0 -2.6116 3.4241 0 -6.5407 6.5407
3 16 0 -6.5407 6.5407 0 -2.8309 2.8309 0 -3.4241 2.6116
3 16 0 -2.6116 3.4241 0 -2.8309 2.8309 0 -6.5407 6.5407
3 16 0 -6.5407 6.5407 0 -3.4241 2.6116 0 -5.4531 2.7891
3 16 18 -5.4761 -5.5166 18 -2.2125 -4.3154 18 -2.8284 -2.8284
3 16 0 -8.8875 -6.5407 0 -2.2125 -4.3154 0 -2.2125 -5.7114
3 16 0 2.7891 -5.4531 0 0 -6.1249 18 2.7891 -5.4531
3 16 18 2.7891 -5.4531 0 0 -6.1249 18 0 -6.1249
3 16 1.099 1.1804 -26.8873 0.2861 0.615 -25.8094 3.75 -1.4716 -21.4053
3 16 3.75 -1.4716 -21.4053 0.2861 0.615 -25.8094 0 -1.4563 -21.4424
3 16 0 -4.9691 -9.2934 16.6251 -4.9691 -9.2934 0 -3.6295 -15.2207
3 16 0 -3.6295 -15.2207 16.6251 -4.9691 -9.2934 18 -3.6667 -15.0888
3 16 0 -3.6295 -15.2207 3.75 -1.4716 -21.4053 0 -1.4563 -21.4424
3 16 1.099 -1.8685 -28.6074 0.2862 -2.4357 -27.5306 1.099 1.1804 -26.8873
3 16 1.099 1.1804 -26.8873 0.2862 -2.4357 -27.5306 0.2861 0.615 -25.8094
3 16 3.75 -2.4351 -27.5306 2.3156 -1.4773 -29.3201 3.75 -1.3377 -29.569
3 16 37.734 -2.4277 -27.5296 35.2766 -4.3152 -23.5074 18 -2.4329 -27.5306
3 16 18 -2.4329 -27.5306 35.2766 -4.3152 -23.5074 18 -4.315 -23.5078
3 16 3.75 1.7107 -27.8492 2.3156 1.571 -27.6002 3.75 -1.4716 -21.4053
3 16 2.3156 1.571 -27.6002 1.099 1.1804 -26.8873 3.75 -1.4716 -21.4053
3 16 18 1.7106 -27.8492 38.268 1.7106 -27.8492 18 -1.3377 -29.569
3 16 18 -1.3377 -29.569 38.268 1.7106 -27.8492 38.9804 -1.3377 -29.569
3 16 38.268 1.7106 -27.8492 18 1.7106 -27.8492 34.2431 -1.5958 -21.1046
3 16 34.2431 -1.5958 -21.1046 18 1.7106 -27.8492 18 -1.5341 -21.2541
3 16 37.734 -2.4277 -27.5296 38.9804 -1.3377 -29.569 39.3568 -2.4796 -27.4326
3 16 39.3568 -2.4796 -27.4326 38.9804 -1.3377 -29.569 40.4353 -1.3946 -29.4592
3 16 18 -8.5459 3.5398 21.4541 -8.5459 3.5398 18 -6.5407 6.5407
3 16 18 -6.5407 6.5407 21.4541 -8.5459 3.5398 23.4593 -6.5407 6.5407
3 16 18 -9.1441 -3.5397 0 -9.144 -3.5394 18 -8.8875 -6.5407
3 16 18 -8.8875 -6.5407 0 -9.144 -3.5394 0 -8.8875 -6.5407
3 16 30.4533 -8.3846 -10.0845 30 -8.5227 -9.25 27.3964 -8.3846 -10.0846
3 16 27.3964 -8.3846 -10.0846 30 -8.5227 -9.25 26.4602 -8.6298 -8.5459
3 16 18 -3.5398 8.5459 16.6251 0 9.25 0 -3.5398 8.5459
3 16 0 -3.5398 8.5459 16.6251 0 9.25 0 0 9.25
3 16 18 -1.3377 -29.569 18 -2.4329 -27.5306 3.75 -1.3377 -29.569
3 16 3.75 -1.3377 -29.569 18 -2.4329 -27.5306 3.75 -2.4351 -27.5306
3 16 0 -6.5407 6.5407 18 -6.5407 6.5407 0 -3.5398 8.5459
3 16 0 -3.5398 8.5459 18 -6.5407 6.5407 18 -3.5398 8.5459
3 16 18 -2.4329 -27.5306 18 -4.315 -23.5078 3.75 -2.4351 -27.5306
3 16 3.75 -2.4351 -27.5306 18 -4.315 -23.5078 0 -4.3149 -23.5082
3 16 0 -8.3845 -10.0849 0 -6.8563 -16.6622 18 -8.3845 -10.0847
3 16 18 -8.3845 -10.0847 0 -6.8563 -16.6622 18 -6.8563 -16.662
3 16 18 -9.25 0 20.75 -9.25 0 18 -8.5459 3.5398
3 16 18 -8.5459 3.5398 20.75 -9.25 0 21.4541 -8.5459 3.5398
3 16 18 -8.8875 -6.5407 0 -8.8875 -6.5407 18 -8.3845 -10.0847
3 16 18 -8.3845 -10.0847 0 -8.8875 -6.5407 0 -8.3845 -10.0849
3 16 0 -4.3149 -23.5082 0.2862 -2.4357 -27.5306 3.75 -2.4351 -27.5306
3 16 1.099 -1.8685 -28.6074 3.75 -2.4351 -27.5306 0.2862 -2.4357 -27.5306
3 16 18 -5.152 -7.9307 22.3089 -5.5124 -5.139 17.5973 -4.9691 -9.0155
3 16 18 -5.152 -7.9307 18 -2.2125 -5.7114 18 -5.4761 -5.5166
3 16 18 -5.4761 -5.5166 18 -2.2125 -5.7114 18 -2.2125 -4.3154
3 16 18 -2.8309 2.8309 18 -2.6116 3.4241 18 -4.1861 4.4453
3 16 18 -5.7114 -2.2125 0 -5.7114 -2.2125 17.961 -6.1245 0
3 16 17.961 -6.1245 0 0 -5.7114 -2.2125 0 -6.1245 0
3 16 0 -6.1245 0 0 -5.4531 2.7891 17.961 -6.1245 0
3 16 17.961 -6.1245 0 0 -5.4531 2.7891 18 -5.4531 2.7891
3 16 18 -3.4241 2.6116 18 -2.8309 2.8309 18 -4.1861 4.4453
3 16 21.0942 -2.5 2.5 21.4924 -4.8577 3.6303 21.4925 0 3.6303
3 16 21.4924 -4.8577 3.6303 21.0942 -2.5 2.5 21.0942 -5.5916 2.5
3 16 22.3089 -3.4282 5.0757 22.8078 -1.839 5.8424 22.3089 0 5.139
3 16 22.3089 0 5.139 22.8078 -1.839 5.8424 23.0684 0 6.125
3 16 26.1685 0 9.25 26.4602 0 8.5459 17.5973 0 9.25
3 16 49.6487 5.7114 22.7777 36.9208 5.7114 10.0498 51.2132 6.1249 21.2132
3 16 51.2132 6.1249 21.2132 36.9208 5.7114 10.0498 38.4853 6.1249 8.4853
3 16 36.25 -8 0 36.25 8 0 35.7743 -8 -2.3918
3 16 35.7743 -8 -2.3918 36.25 8 0 35.7743 8 -2.3918
3 16 35.4801 10 -5.4801 35.4801 8 -5.4801 37.1601 10 -2.9658
3 16 37.1601 10 -2.9658 35.4801 8 -5.4801 37.1601 8 -2.9658
3 16 54.2647 -2.2125 18.1618 41.5367 -2.2125 5.4338 53.2132 -2.8284 19.2132
3 16 53.2132 -2.8284 19.2132 41.5367 -2.2125 5.4338 40.4853 -2.8284 6.4853
3 16 36.4835 -2.8309 10.4871 49.2115 -2.8309 23.215 36.6386 -3.4241 10.332
3 16 36.6386 -3.4241 10.332 49.2115 -2.8309 23.215 49.3666 -3.4241 23.0599
3 16 32.9658 -10 -7.1601 33.5398 -10 -8.5459 35.4801 -10 -5.4801
3 16 35.4801 -10 -5.4801 33.5398 -10 -8.5459 36.5407 -10 -6.5407
3 16 35.4801 -8 5.4801 34.4194 -8 4.4194 37.1601 -8 2.9658
3 16 37.1601 -8 2.9658 34.4194 -8 4.4194 35.7742 -8 2.3918
3 16 37.75 -10 0 37.75 -8 0 37.1601 -10 -2.9658
3 16 37.1601 -10 -2.9658 37.75 -8 0 37.1601 -8 -2.9658
3 16 40.0498 -4.3154 6.9208 52.7777 -4.3154 19.6488 40.4853 -2.8284 6.4853
3 16 40.4853 -2.8284 6.4853 52.7777 -4.3154 19.6488 53.2132 -2.8284 19.2132
3 16 32.3918 8 -5.7742 32.3918 -8 -5.7742 34.4194 8 -4.4194
3 16 34.4194 8 -4.4194 32.3918 -8 -5.7742 34.4194 -8 -4.4194
3 16 35.4801 10 -5.4801 37.1601 10 -2.9658 36.5407 10 -6.5407
3 16 36.5407 10 -6.5407 37.1601 10 -2.9658 38.5459 10 -3.5398
3 16 30 8 6.25 30 8 7.75 32.3918 8 5.7742
3 16 32.3918 8 5.7742 30 8 7.75 32.9658 8 7.1601
3 16 51.2132 9.25 21.2132 53.7163 8.5459 18.7102 39.4575 9.25 9.4575
3 16 39.4575 9.25 9.4575 53.7163 8.5459 18.7102 41.9605 8.5459 6.9544
3 16 30 10 7.75 30 8 7.75 27.0342 10 7.1601
3 16 27.0342 10 7.1601 30 8 7.75 27.0342 8 7.1601
3 16 51.2132 -9.25 21.2132 48.7102 -8.5459 23.7163 38.4853 -9.25 8.4853
3 16 38.4853 -9.25 8.4853 48.7102 -8.5459 23.7163 35.9823 -8.5459 10.9883
3 16 30 -8 6.25 30 8 6.25 32.3918 -8 5.7742
3 16 32.3918 -8 5.7742 30 8 6.25 32.3918 8 5.7742
3 16 39.25 10 0 39.25 0 0 38.5459 10 -3.5398
3 16 38.5459 10 -3.5398 39.25 0 0 38.5459 0 -3.5398
3 16 35.4801 8 5.4801 35.4801 10 5.4801 37.1601 8 2.9658
3 16 37.1601 8 2.9658 35.4801 10 5.4801 37.1601 10 2.9658
3 16 33.5398 -10 8.5459 33.5398 -8.5459 8.5459 30 -10 9.25
3 16 30 -10 9.25 33.5398 -8.5459 8.5459 30 -6.5407 9.25
3 16 34.4194 -8 4.4194 34.4194 8 4.4194 35.7742 -8 2.3918
3 16 35.7742 -8 2.3918 34.4194 8 4.4194 35.7742 8 2.3918
3 16 35.7742 -8 2.3918 35.7742 8 2.3918 36.25 -8 0
3 16 36.25 -8 0 35.7742 8 2.3918 36.25 8 0
3 16 39.25 10 0 37.75 10 0 38.5459 10 3.5398
3 16 38.5459 10 3.5398 37.75 10 0 37.1601 10 2.9658
3 16 32.3918 8 5.7742 32.9658 8 7.1601 34.4194 8 4.4194
3 16 34.4194 8 4.4194 32.9658 8 7.1601 35.4801 8 5.4801
3 16 37.1601 -8 -2.9658 35.7743 -8 -2.3918 35.4801 -8 -5.4801
3 16 35.4801 -8 -5.4801 35.7743 -8 -2.3918 34.4194 -8 -4.4194
3 16 32.9658 10 7.1601 33.5398 10 8.5459 35.4801 10 5.4801
3 16 35.4801 10 5.4801 33.5398 10 8.5459 36.5407 10 6.5407
3 16 36.25 8 0 37.75 8 0 35.7743 8 -2.3918
3 16 35.7743 8 -2.3918 37.75 8 0 37.1601 8 -2.9658
3 16 37.75 -10 0 37.1601 -10 -2.9658 39.25 -10 0
3 16 39.25 -10 0 37.1601 -10 -2.9658 38.5459 -10 -3.5398
3 16 27.0342 -8 7.1601 27.6082 -8 5.7742 30 -8 7.75
3 16 30 -8 7.75 27.6082 -8 5.7742 30 -8 6.25
3 16 50.2671 -6.8563 -3.2965 55.1706 -4.2649 -8.2001 62.9952 -6.8563 9.4312
3 16 62.9952 -6.8563 9.4312 55.1706 -4.2649 -8.2001 67.8989 -4.2647 4.5276
3 16 35.4801 -10 -5.4801 36.5407 -10 -6.5407 37.1601 -10 -2.9658
3 16 37.1601 -10 -2.9658 36.5407 -10 -6.5407 38.5459 -10 -3.5398
3 16 38.5459 10 -3.5398 38.5459 0 -3.5398 36.5407 10 -6.5407
3 16 36.5407 10 -6.5407 38.5459 0 -3.5398 36.5407 0 -6.5407
3 16 32.9658 -10 7.1601 33.5398 -10 8.5459 30 -10 7.75
3 16 30 -10 7.75 33.5398 -10 8.5459 30 -10 9.25
3 16 52.7777 -4.3154 19.6488 55.8382 -8.8875 16.5882 53.2132 -2.8284 19.2132
3 16 32.9658 8 -7.1601 32.3918 8 -5.7742 35.4801 8 -5.4801
3 16 35.4801 8 -5.4801 32.3918 8 -5.7742 34.4194 8 -4.4194
3 16 39.25 10 0 38.5459 10 -3.5398 37.75 10 0
3 16 37.75 10 0 38.5459 10 -3.5398 37.1601 10 -2.9658
3 16 36.5407 -8.5227 -6.5407 36.5407 -10 -6.5407 33.5398 -8.6164 -8.5459
3 16 33.5398 -8.6164 -8.5459 36.5407 -10 -6.5407 33.5398 -10 -8.5459
3 16 30 8 7.75 30 8 6.25 27.0342 8 7.1601
3 16 27.0342 8 7.1601 30 8 6.25 27.6082 8 5.7742
3 16 32.9658 10 7.1601 30 10 7.75 31.8046 10 9.0723
3 16 31.8046 10 9.0723 30 10 7.75 30 10 9.25
3 16 38.8388 -2.5 5.3033 37.0643 -2.5 7.0779 38.6355 -5.7114 5.5066
3 16 38.6355 -5.7114 5.5066 37.0643 -2.5 7.0779 37.0711 -6.1245 7.0711
3 16 35.4801 8 5.4801 37.1601 8 2.9658 34.4194 8 4.4194
3 16 34.4194 8 4.4194 37.1601 8 2.9658 35.7742 8 2.3918
3 16 42.5239 -2.2125 4.4467 55.2518 -2.2125 17.1746 42.8163 0 4.1543
3 16 42.8163 0 4.1543 55.2518 -2.2125 17.1746 55.5442 0 16.8822
3 16 37.1601 10 -2.9658 37.1601 8 -2.9658 37.75 10 0
3 16 37.75 10 0 37.1601 8 -2.9658 37.75 8 0
3 16 53.6345 2.6116 18.792 55.0692 2.7891 17.3573 55.8382 6.5407 16.5882
3 16 55.8382 6.5407 16.5882 55.0692 2.7891 17.3573 57.2561 3.5398 15.1704
3 16 34.4467 2.2125 12.5239 47.1746 2.2125 25.2518 34.1543 0 12.8163
3 16 34.1543 0 12.8163 47.1746 2.2125 25.2518 46.8827 0 25.5437
3 16 57.2561 3.5398 15.1704 57.754 0 14.6725 45.5003 3.5398 3.4146
3 16 45.5003 3.5398 3.4146 57.754 0 14.6725 45.9982 0 2.9167
3 16 32.9658 10 -7.1601 32.9658 8 -7.1601 35.4801 10 -5.4801
3 16 35.4801 10 -5.4801 32.9658 8 -7.1601 35.4801 8 -5.4801
3 16 37.75 -8 0 37.75 -10 0 37.1601 -8 2.9658
3 16 37.1601 -8 2.9658 37.75 -10 0 37.1601 -10 2.9658
3 16 35.4801 -10 -5.4801 37.1601 -10 -2.9658 35.4801 -8 -5.4801
3 16 35.4801 -8 -5.4801 37.1601 -10 -2.9658 37.1601 -8 -2.9658
3 16 32.9658 10 -7.1601 35.4801 10 -5.4801 33.5398 10 -8.5459
3 16 33.5398 10 -8.5459 35.4801 10 -5.4801 36.5407 10 -6.5407
3 16 51.2132 6.1249 21.2132 51.2132 9.25 21.2132 49.6487 5.7114 22.7777
3 16 49.6487 5.7114 22.7777 51.2132 9.25 21.2132 48.7102 8.5459 23.7163
3 16 27.0342 -8 7.1601 30 -8 7.75 27.0342 -10 7.1601
3 16 27.0342 -10 7.1601 30 -8 7.75 30 -10 7.75
3 16 36.0641 -2.6116 10.9065 48.792 -2.6116 23.6345 36.4835 -2.8309 10.4871
3 16 36.4835 -2.8309 10.4871 48.792 -2.6116 23.6345 49.2115 -2.8309 23.215
3 16 53.7163 8.5459 18.7102 55.8382 6.5407 16.5882 41.9605 8.5459 6.9544
3 16 41.9605 8.5459 6.9544 55.8382 6.5407 16.5882 44.0825 6.5407 4.8325
3 16 36.4853 2.8284 10.4853 49.2132 2.8284 23.2132 35.4338 2.2125 11.5367
3 16 35.4338 2.2125 11.5367 49.2132 2.8284 23.2132 48.1618 2.2125 24.2647
3 16 37.0711 -6.1245 7.0711 35.3033 -5.5916 8.8388 38.4853 -6.1245 8.4853
3 16 38.4853 -6.1245 8.4853 35.3033 -5.5916 8.8388 36.5131 -5.4531 10.4575
3 16 30 8 6.25 30 -8 6.25 27.6082 8 5.7742
3 16 27.6082 8 5.7742 30 -8 6.25 27.6082 -8 5.7742
3 16 32.9658 10 7.1601 32.9658 8 7.1601 30 10 7.75
3 16 30 10 7.75 32.9658 8 7.1601 30 8 7.75
3 16 53.215 2.8309 19.2115 40.487 2.8309 6.4835 53.6345 2.6116 18.792
3 16 53.6345 2.6116 18.792 40.487 2.8309 6.4835 40.9065 2.6116 6.0641
3 16 38.6355 -5.7114 5.5066 37.0711 -6.1245 7.0711 40.0498 -5.7114 6.9208
3 16 40.0498 -5.7114 6.9208 37.0711 -6.1245 7.0711 38.4853 -6.1245 8.4853
3 16 34.5296 -2.5 8.0651 34.5296 -5.5916 8.0651 35.3033 -2.5 8.8388
3 16 35.3033 -2.5 8.8388 34.5296 -5.5916 8.0651 35.3033 -5.5916 8.8388
3 16 55.2518 -2.2125 17.1746 42.5239 -2.2125 4.4467 54.2647 -2.2125 18.1618
3 16 54.2647 -2.2125 18.1618 42.5239 -2.2125 4.4467 41.5367 -2.2125 5.4338
3 16 38.8388 -5.6939 5.3033 38.0651 -5.6939 4.5296 38.8388 -2.5 5.3033
3 16 38.8388 -2.5 5.3033 38.0651 -5.6939 4.5296 38.0651 -2.5 4.5296
3 16 32.3918 -8 -5.7742 32.9658 -8 -7.1601 34.4194 -8 -4.4194
3 16 34.4194 -8 -4.4194 32.9658 -8 -7.1601 35.4801 -8 -5.4801
3 16 35.4801 8 5.4801 32.9658 8 7.1601 35.4801 10 5.4801
3 16 35.4801 10 5.4801 32.9658 8 7.1601 32.9658 10 7.1601
3 16 37.1601 -8 -2.9658 37.75 -8 0 35.7743 -8 -2.3918
3 16 35.7743 -8 -2.3918 37.75 -8 0 36.25 -8 0
3 16 34.4194 -8 4.4194 35.4801 -8 5.4801 32.3918 -8 5.7742
3 16 32.3918 -8 5.7742 35.4801 -8 5.4801 32.9658 -8 7.1601
3 16 33.5398 -10 8.5459 32.9658 -10 7.1601 36.5407 -10 6.5407
3 16 36.5407 -10 6.5407 32.9658 -10 7.1601 35.4801 -10 5.4801
3 16 37.1601 -10 2.9658 38.5459 -10 3.5398 35.4801 -10 5.4801
3 16 35.4801 -10 5.4801 38.5459 -10 3.5398 36.5407 -10 6.5407
3 16 36.5407 10 6.5407 33.5398 10 8.5459 36.5407 0 6.5407
3 16 36.5407 0 6.5407 33.5398 10 8.5459 33.4487 0 8.5828
3 16 33.5398 0 -8.5459 33.5398 10 -8.5459 36.5407 0 -6.5407
3 16 36.5407 0 -6.5407 33.5398 10 -8.5459 36.5407 10 -6.5407
3 16 36.25 8 0 35.7742 8 2.3918 37.75 8 0
3 16 37.75 8 0 35.7742 8 2.3918 37.1601 8 2.9658
3 16 39.25 10 0 38.5459 10 3.5398 39.25 0 0
3 16 39.25 0 0 38.5459 10 3.5398 38.5459 0 3.5398
3 16 26.4602 -10 8.5459 27.0342 -10 7.1601 30 -10 9.25
3 16 30 -10 9.25 27.0342 -10 7.1601 30 -10 7.75
3 16 37.1601 -10 2.9658 35.4801 -10 5.4801 37.1601 -8 2.9658
3 16 37.1601 -8 2.9658 35.4801 -10 5.4801 35.4801 -8 5.4801
3 16 30 -10 9.25 30 -6.5407 9.25 26.4602 -10 8.5459
3 16 26.4602 -10 8.5459 30 -6.5407 9.25 26.4602 -3.5398 8.5459
3 16 32.9658 -8 -7.1601 32.9658 -10 -7.1601 35.4801 -8 -5.4801
3 16 35.4801 -8 -5.4801 32.9658 -10 -7.1601 35.4801 -10 -5.4801
3 16 36.5407 10 6.5407 36.5407 0 6.5407 38.5459 10 3.5398
3 16 38.5459 10 3.5398 36.5407 0 6.5407 38.5459 0 3.5398
3 16 38.5459 -9.1441 3.5398 36.5407 -9.25 6.5407 38.5459 -10 3.5398
3 16 38.5459 -10 3.5398 36.5407 -9.25 6.5407 36.5407 -10 6.5407
3 16 37.75 -8 0 37.1601 -8 2.9658 36.25 -8 0
3 16 36.25 -8 0 37.1601 -8 2.9658 35.7742 -8 2.3918
3 16 38.4853 -9.25 8.4853 36.5407 -9.25 6.5407 40.9882 -9.1441 5.9824
3 16 40.9882 -9.1441 5.9824 36.5407 -9.25 6.5407 38.5459 -9.1441 3.5398
3 16 35.4801 8 -5.4801 34.4194 8 -4.4194 37.1601 8 -2.9658
3 16 37.1601 8 -2.9658 34.4194 8 -4.4194 35.7743 8 -2.3918
3 16 38.5459 -10 3.5398 39.25 -10 0 38.5459 -9.1441 3.5398
3 16 38.5459 -9.1441 3.5398 39.25 -10 0 39.25 -8.8875 0
3 16 32.3918 8 5.7742 34.4194 8 4.4194 32.3918 -8 5.7742
3 16 32.3918 -8 5.7742 34.4194 8 4.4194 34.4194 -8 4.4194
3 16 30 10 7.75 27.0342 10 7.1601 30 10 9.25
3 16 30 10 9.25 27.0342 10 7.1601 26.4602 10 8.5459
3 16 30 -8 6.25 32.3918 -8 5.7742 30 -8 7.75
3 16 30 -8 7.75 32.3918 -8 5.7742 32.9658 -8 7.1601
3 16 36.5407 -10 6.5407 36.5407 -9.25 6.5407 33.5398 -10 8.5459
3 16 33.5398 -10 8.5459 36.5407 -9.25 6.5407 33.5398 -8.5459 8.5459
3 16 53.215 2.8309 19.2115 55.8382 6.5407 16.5882 53.0599 3.4241 19.3665
3 16 37.1601 10 2.9658 37.75 10 0 37.1601 8 2.9658
3 16 37.1601 8 2.9658 37.75 10 0 37.75 8 0
3 16 34.4194 8 -4.4194 34.4194 -8 -4.4194 35.7743 8 -2.3918
3 16 35.7743 8 -2.3918 34.4194 -8 -4.4194 35.7743 -8 -2.3918
3 16 53.1854 5.4531 19.241 40.4575 5.4531 6.5131 53.0599 3.4241 19.3665
3 16 53.0599 3.4241 19.3665 40.4575 5.4531 6.5131 40.332 3.4241 6.6386
3 16 54.2647 -2.2125 18.1618 53.2132 -2.8284 19.2132 55.8382 -8.8875 16.5882
3 16 37.0643 -2.5 7.0779 38.8388 -2.5 5.3033 36.5407 -2.5 6.5407
3 16 36.5407 -2.5 6.5407 38.8388 -2.5 5.3033 38.0651 -2.5 4.5296
3 16 30 -8 7.75 32.9658 -8 7.1601 30 -10 7.75
3 16 30 -10 7.75 32.9658 -8 7.1601 32.9658 -10 7.1601
3 16 40.487 2.8309 6.4835 53.215 2.8309 19.2115 40.332 3.4241 6.6386
3 16 40.332 3.4241 6.6386 53.215 2.8309 19.2115 53.0599 3.4241 19.3665
3 16 38.5459 -10 3.5398 37.1601 -10 2.9658 39.25 -10 0
3 16 39.25 -10 0 37.1601 -10 2.9658 37.75 -10 0
3 16 39.25 -10 0 38.5459 -10 -3.5398 39.25 -8.8875 0
3 16 39.25 -8.8875 0 38.5459 -10 -3.5398 38.5459 -8.6298 -3.5398
3 16 37.0711 -6.1245 7.0711 37.0643 -2.5 7.0779 35.3033 -5.5916 8.8388
3 16 35.3033 -5.5916 8.8388 37.0643 -2.5 7.0779 35.3033 -2.5 8.8388
3 16 51.2132 -6.1245 21.2132 51.2132 -9.25 21.2132 52.7777 -5.7114 19.6488
3 16 52.7777 -5.7114 19.6488 51.2132 -9.25 21.2132 53.716 -9.1441 18.7105
3 16 30.5703 0 9.2324 30 10 9.25 26.4602 0 8.5459
3 16 26.4602 0 8.5459 30 10 9.25 26.4602 10 8.5459
3 16 38.5459 -10 -3.5398 36.5407 -10 -6.5407 38.5459 -8.6298 -3.5398
3 16 38.5459 -8.6298 -3.5398 36.5407 -10 -6.5407 36.5407 -8.5227 -6.5407
3 16 39.536 -4.4489 -23.0219 41.4852 -4.2651 -21.8849 36.9015 -6.7721 -16.6616
3 16 36.9015 -6.7721 -16.6616 41.4852 -4.2651 -21.8849 38.958 -6.8564 -14.605
3 16 40.7925 -6.8564 -12.7706 38.958 -6.8564 -14.605 42.9539 -4.2651 -20.4162
3 16 42.9539 -4.2651 -20.4162 38.958 -6.8564 -14.605 41.4852 -4.2651 -21.8849
3 16 36.5407 0 -6.5407 38.5459 0 -3.5398 36.5407 -4.9764 -6.5407
3 16 36.5407 -4.9764 -6.5407 38.5459 0 -3.5398 38.5459 -5.0904 -3.5398
3 16 55.1706 -4.2649 -8.2001 42.9539 -4.2651 -20.4162 58.0152 -2.3828 -11.0446
3 16 58.0152 -2.3828 -11.0446 42.9539 -4.2651 -20.4162 44.0604 -2.3776 -24.9979
3 16 30.9545 -1.839 9.2169 34.6294 -2.7891 12.3412 31.8493 -3.4282 9.0275
3 16 31.8493 -3.4282 9.0275 34.6294 -2.7891 12.3412 34.8962 -3.4282 12.0744
3 16 41.9976 -1.4356 -29.0216 41.2852 1.6127 -27.3018 43.5148 -1.3445 -28.2725
3 16 43.5148 -1.3445 -28.2725 41.2852 1.6127 -27.3018 42.8021 1.7048 -26.553
3 16 43.9088 1.7608 -25.6015 44.6212 -1.2876 -27.3214 42.8021 1.7048 -26.553
3 16 42.8021 1.7048 -26.553 44.6212 -1.2876 -27.3214 43.5148 -1.3445 -28.2725
3 16 61.9759 -3.6295 10.4506 64.1035 -1.1476 3.0196 49.1547 -3.6667 -2.1841
3 16 49.1547 -3.6667 -2.1841 64.1035 -1.1476 3.0196 53.9203 -1.2101 -6.9497
3 16 42.9539 -4.2651 -20.4162 41.4852 -4.2651 -21.8849 44.0604 -2.3776 -24.9979
3 16 44.0604 -2.3776 -24.9979 41.4852 -4.2651 -21.8849 42.8443 -2.4294 -26.0769
3 16 36.5407 0 -6.5407 36.5407 -4.9764 -6.5407 33.5398 0 -8.5459
3 16 33.5398 0 -8.5459 36.5407 -4.9764 -6.5407 33.5398 -5.0752 -8.5459
3 16 40.9882 -9.1441 5.9824 53.716 -9.1441 18.7105 38.4853 -9.25 8.4853
3 16 38.4853 -9.25 8.4853 53.716 -9.1441 18.7105 51.2132 -9.25 21.2132
3 16 38.5459 -5.0904 -3.5398 40.3084 -3.6964 -10.8807 36.5407 -4.9764 -6.5407
3 16 36.5407 -4.9764 -6.5407 40.3084 -3.6964 -10.8807 38.4341 -3.7022 -12.7258
3 16 32.9658 -8 7.1601 35.4801 -8 5.4801 32.9658 -10 7.1601
3 16 32.9658 -10 7.1601 35.4801 -8 5.4801 35.4801 -10 5.4801
3 16 50.2671 -6.8563 -3.2965 40.7925 -6.8564 -12.7706 55.1706 -4.2649 -8.2001
3 16 55.1706 -4.2649 -8.2001 40.7925 -6.8564 -12.7706 42.9539 -4.2651 -20.4162
3 16 70.5407 -2.3856 1.481 69.3237 0.6652 2.6981 67.8989 -4.2647 4.5276
3 16 67.8989 -4.2647 4.5276 69.3237 0.6652 2.6981 66.7814 -1.1323 5.6451
3 16 36.5407 10 6.5407 38.5459 10 3.5398 35.4801 10 5.4801
3 16 35.4801 10 5.4801 38.5459 10 3.5398 37.1601 10 2.9658
3 16 41.2852 1.6127 -27.3018 38.546 -1.6924 -20.6319 42.8021 1.7048 -26.553
3 16 42.8021 1.7048 -26.553 38.546 -1.6924 -20.6319 40.4279 -1.6042 -19.3896
3 16 40.3084 -3.6964 -10.8807 38.5459 -5.0904 -3.5398 49.1547 -3.6667 -2.1841
3 16 49.1547 -3.6667 -2.1841 38.5459 -5.0904 -3.5398 39.25 -5.3645 0
3 16 38.546 -1.6924 -20.6319 36.0564 -3.7506 -14.6213 40.4279 -1.6042 -19.3896
3 16 40.4279 -1.6042 -19.3896 36.0564 -3.7506 -14.6213 38.4341 -3.7022 -12.7258
3 16 58.0152 -2.3828 -11.0446 44.0604 -2.3776 -24.9979 59.4566 -1.2876 -12.486
3 16 59.4566 -1.2876 -12.486 44.0604 -2.3776 -24.9979 44.6212 -1.2876 -27.3214
3 16 58.2405 1.7607 -11.2699 68.3167 1.7607 -1.1936 59.4566 -1.2876 -12.486
3 16 59.4566 -1.2876 -12.486 68.3167 1.7607 -1.1936 69.5328 -1.2876 -2.4097
3 16 69.1549 1.6211 -0.0033 70.371 -1.4272 -1.2194 68.3167 1.7607 -1.1936
3 16 68.3167 1.7607 -1.1936 70.371 -1.4272 -1.2194 69.5328 -1.2876 -2.4097
3 16 69.511 1.2305 1.3611 70.7274 -1.8184 0.1448 69.1549 1.6211 -0.0033
3 16 69.1549 1.6211 -0.0033 70.7274 -1.8184 0.1448 70.371 -1.4272 -1.2194
3 16 40.3084 -3.6964 -10.8807 41.9229 -1.5958 -17.9235 38.4341 -3.7022 -12.7258
3 16 38.4341 -3.7022 -12.7258 41.9229 -1.5958 -17.9235 40.4279 -1.6042 -19.3896
3 16 53.9203 -1.2101 -6.9497 64.1035 -1.1476 3.0196 58.2405 1.7607 -11.2699
3 16 58.2405 1.7607 -11.2699 64.1035 -1.1476 3.0196 68.3167 1.7607 -1.1936
3 16 32.2198 0 15.3013 26.1685 0 9.25 32.4424 -3.5398 14.5281
3 16 32.4424 -3.5398 14.5281 26.1685 0 9.25 26.4602 -3.5398 8.5459
3 16 48.7102 -8.5459 23.7163 46.5882 -6.5407 25.8382 35.9823 -8.5459 10.9883
3 16 35.9823 -8.5459 10.9883 46.5882 -6.5407 25.8382 33.8603 -6.5407 13.1103
3 16 45.1703 3.5398 27.2561 46.5882 6.5407 25.8382 33.4146 3.5398 15.5003
3 16 33.4146 3.5398 15.5003 46.5882 6.5407 25.8382 34.8325 6.5407 14.0825
3 16 53.0599 3.4241 19.3665 55.8382 6.5407 16.5882 53.1854 5.4531 19.241
3 16 53.1854 5.4531 19.241 55.8382 6.5407 16.5882 53.7163 8.5459 18.7102
3 16 40.4575 5.4531 6.5131 53.1854 5.4531 19.241 38.4853 6.1249 8.4853
3 16 38.4853 6.1249 8.4853 53.1854 5.4531 19.241 51.2132 6.1249 21.2132
3 16 30.5703 0 9.2324 32.9214 0 14.0492 34.1543 0 12.8163
3 16 42.8443 -2.4294 -26.0769 41.2202 -2.4315 -27.145 43.5148 -1.3445 -28.2725
3 16 43.5148 -1.3445 -28.2725 41.2202 -2.4315 -27.145 41.9976 -1.4356 -29.0216
3 16 42.8021 1.7048 -26.553 40.4279 -1.6042 -19.3896 43.9088 1.7608 -25.6015
3 16 43.9088 1.7608 -25.6015 40.4279 -1.6042 -19.3896 41.9229 -1.5958 -17.9235
3 16 38.5459 -5.6374 3.5398 42.3861 -5.4761 4.5845 39.0723 -5.5124 1.8046
3 16 39.0723 -5.5124 1.8046 42.3861 -5.4761 4.5845 44.0932 -5.152 2.8774
3 16 38.0651 -5.6939 4.5296 38.8388 -5.6939 5.3033 38.5459 -5.6374 3.5398
3 16 38.5459 -5.6374 3.5398 38.8388 -5.6939 5.3033 42.3861 -5.4761 4.5845
3 16 42.3861 -5.4761 4.5845 40.0498 -4.3154 6.9208 40.4853 -2.8284 6.4853
3 16 26.4602 -3.5398 8.5459 30 -6.5407 9.25 32.4424 -3.5398 14.5281
3 16 32.4424 -3.5398 14.5281 30 -6.5407 9.25 33.8603 -6.5407 13.1103
3 16 36.5407 -8.5227 -6.5407 33.5398 -8.6164 -8.5459 36.8103 -8.3846 -7.4514
3 16 36.8103 -8.3846 -7.4514 33.5398 -8.6164 -8.5459 34.1771 -8.3195 -10.0845
3 16 36.5407 -4.9764 -6.5407 38.4341 -3.7022 -12.7258 33.5398 -5.0752 -8.5459
3 16 33.5398 -5.0752 -8.5459 38.4341 -3.7022 -12.7258 36.0564 -3.7506 -14.6213
3 16 31.8493 -3.4282 9.0275 32.5606 -4.1861 8.8472 31.8046 0 9.0723
3 16 31.8046 0 9.0723 33.4487 0 8.5828 31.8046 10 9.0723
3 16 31.8046 10 9.0723 33.4487 0 8.5828 33.5398 10 8.5459
3 16 57.7846 -4.9691 14.6418 57.754 0 14.6725 55.2518 -2.2125 17.1746
3 16 55.2518 -2.2125 17.1746 57.754 0 14.6725 55.5442 0 16.8822
3 16 38.5459 -5.6374 3.5398 39.0723 -5.5124 1.8046 38.5459 0 3.5398
3 16 38.5459 0 3.5398 39.0723 -5.5124 1.8046 39.25 0 0
3 16 39.0723 -5.5124 1.8046 39.25 -5.3645 0 39.25 0 0
3 16 34.5296 -2.5 8.0651 35.3033 -2.5 8.8388 36.5407 -2.5 6.5407
3 16 36.5407 -2.5 6.5407 35.3033 -2.5 8.8388 37.0643 -2.5 7.0779
3 16 34.8962 -3.4282 12.0744 34.6294 -2.7891 12.3412 36.0641 -2.6116 10.9065
3 16 53.6345 2.6116 18.792 40.9065 2.6116 6.0641 55.0692 2.7891 17.3573
3 16 55.0692 2.7891 17.3573 40.9065 2.6116 6.0641 42.3412 2.7891 4.6294
3 16 43.1103 -8.8875 3.8603 39.25 -8.8875 0 45.6163 -8.3845 1.3543
3 16 45.6163 -8.3845 1.3543 39.25 -8.8875 0 38.5459 -8.6298 -3.5398
3 16 38.8388 -5.6939 5.3033 38.8388 -2.5 5.3033 38.6355 -5.7114 5.5066
3 16 57.7846 -4.9691 14.6418 58.3443 -8.3845 14.0821 61.9759 -3.6295 10.4506
3 16 61.9759 -3.6295 10.4506 58.3443 -8.3845 14.0821 62.9952 -6.8563 9.4312
3 16 61.9759 -3.6295 10.4506 62.9952 -6.8563 9.4312 66.7814 -1.1323 5.6451
3 16 66.7814 -1.1323 5.6451 62.9952 -6.8563 9.4312 67.8989 -4.2647 4.5276
3 16 36.9208 4.3154 10.0498 49.6487 4.3154 22.7777 36.4853 2.8284 10.4853
3 16 36.4853 2.8284 10.4853 49.6487 4.3154 22.7777 49.2132 2.8284 23.2132
3 16 36.5131 -5.4531 10.4575 35.3033 -5.5916 8.8388 35.9183 -4.8577 11.0523
3 16 47.3573 -2.7891 25.0692 34.6294 -2.7891 12.3412 46.8827 0 25.5437
3 16 46.8827 0 25.5437 34.6294 -2.7891 12.3412 34.1543 0 12.8163
3 16 34.6294 -2.7891 12.3412 30.9545 -1.839 9.2169 34.1543 0 12.8163
3 16 34.1543 0 12.8163 30.9545 -1.839 9.2169 30.5703 0 9.2324
3 16 30 10 9.25 30.5703 0 9.2324 31.8046 10 9.0723
3 16 31.8046 10 9.0723 30.5703 0 9.2324 31.8046 0 9.0723
3 16 51.2132 9.25 21.2132 51.2132 6.1249 21.2132 53.7163 8.5459 18.7102
3 16 53.7163 8.5459 18.7102 51.2132 6.1249 21.2132 53.1854 5.4531 19.241
3 16 35.342 -4.1861 11.6286 32.5606 -4.1861 8.8472 34.8962 -3.4282 12.0744
3 16 34.8962 -3.4282 12.0744 32.5606 -4.1861 8.8472 31.8493 -3.4282 9.0275
3 16 36.6386 -3.4241 10.332 36.5131 -5.4531 10.4575 35.9183 -4.8577 11.0523
3 16 55.8382 6.5407 16.5882 53.215 2.8309 19.2115 53.6345 2.6116 18.792
3 16 49.6487 4.3154 22.7777 49.6487 5.7114 22.7777 46.5882 6.5407 25.8382
3 16 46.5882 6.5407 25.8382 49.6487 5.7114 22.7777 48.7102 8.5459 23.7163
3 16 57.754 0 14.6725 57.2561 3.5398 15.1704 55.5442 0 16.8822
3 16 55.5442 0 16.8822 57.2561 3.5398 15.1704 55.0692 2.7891 17.3573
3 16 47.3573 -2.7891 25.0692 46.8827 0 25.5437 45.1703 -3.5398 27.2561
3 16 45.1703 -3.5398 27.2561 46.8827 0 25.5437 44.6725 0 27.754
3 16 49.241 -5.4531 23.1854 36.5131 -5.4531 10.4575 49.3666 -3.4241 23.0599
3 16 49.3666 -3.4241 23.0599 36.5131 -5.4531 10.4575 36.6386 -3.4241 10.332
3 16 47.1746 2.2125 25.2518 34.4467 2.2125 12.5239 48.1618 2.2125 24.2647
3 16 48.1618 2.2125 24.2647 34.4467 2.2125 12.5239 35.4338 2.2125 11.5367
3 16 40.0498 -5.7114 6.9208 52.7777 -5.7114 19.6488 40.0498 -4.3154 6.9208
3 16 40.0498 -4.3154 6.9208 52.7777 -5.7114 19.6488 52.7777 -4.3154 19.6488
3 16 49.6487 4.3154 22.7777 36.9208 4.3154 10.0498 49.6487 5.7114 22.7777
3 16 49.6487 5.7114 22.7777 36.9208 4.3154 10.0498 36.9208 5.7114 10.0498
3 16 42.3861 -5.4761 4.5845 40.0498 -5.7114 6.9208 40.0498 -4.3154 6.9208
3 16 34.6294 -2.7891 12.3412 47.3573 -2.7891 25.0692 36.0641 -2.6116 10.9065
3 16 36.0641 -2.6116 10.9065 47.3573 -2.7891 25.0692 48.792 -2.6116 23.6345
3 16 38.9719 -8.3846 -5.2899 36.8103 -8.3846 -7.4514 40.7925 -6.8564 -12.7706
3 16 40.7925 -6.8564 -12.7706 36.8103 -8.3846 -7.4514 38.958 -6.8564 -14.605
3 16 39.25 -8.8875 0 43.1103 -8.8875 3.8603 38.5459 -9.1441 3.5398
3 16 38.5459 -9.1441 3.5398 43.1103 -8.8875 3.8603 40.9882 -9.1441 5.9824
3 16 45.6163 -8.3845 1.3543 38.9719 -8.3846 -5.2899 50.2671 -6.8563 -3.2965
3 16 50.2671 -6.8563 -3.2965 38.9719 -8.3846 -5.2899 40.7925 -6.8564 -12.7706
3 16 49.1547 -3.6667 -2.1841 53.9203 -1.2101 -6.9497 40.3084 -3.6964 -10.8807
3 16 40.3084 -3.6964 -10.8807 53.9203 -1.2101 -6.9497 41.9229 -1.5958 -17.9235
3 16 35.9183 -4.8577 11.0523 33.4487 -4.8577 8.5828 35.342 -4.1861 11.6286
3 16 35.342 -4.1861 11.6286 33.4487 -4.8577 8.5828 32.5606 -4.1861 8.8472
3 16 36.5407 -2.5 6.5407 38.0651 -2.5 4.5296 36.5407 0 6.5407
3 16 36.5407 0 6.5407 38.0651 -2.5 4.5296 38.5459 0 3.5398
3 16 33.4487 0 8.5828 34.5296 -2.5 8.0651 36.5407 0 6.5407
3 16 36.5407 0 6.5407 34.5296 -2.5 8.0651 36.5407 -2.5 6.5407
3 16 38.0651 -5.6939 4.5296 38.5459 -5.6374 3.5398 38.0651 -2.5 4.5296
3 16 38.0651 -2.5 4.5296 38.5459 -5.6374 3.5398 38.5459 0 3.5398
3 16 39.25 -5.3645 0 38.5459 -5.0904 -3.5398 39.25 0 0
3 16 39.25 0 0 38.5459 -5.0904 -3.5398 38.5459 0 -3.5398
3 16 46.5882 -6.5407 25.8382 48.7102 -8.5459 23.7163 49.241 -5.4531 23.1854
3 16 46.8827 0 25.5437 47.1746 2.2125 25.2518 44.6725 0 27.754
3 16 44.6725 0 27.754 47.1746 2.2125 25.2518 45.1703 3.5398 27.2561
3 16 48.1618 2.2125 24.2647 49.2132 2.8284 23.2132 46.5882 6.5407 25.8382
3 16 38.6355 -5.7114 5.5066 40.0498 -5.7114 6.9208 38.8388 -5.6939 5.3033
3 16 38.8388 -5.6939 5.3033 40.0498 -5.7114 6.9208 42.3861 -5.4761 4.5845
3 16 49.241 -5.4531 23.1854 48.7102 -8.5459 23.7163 51.2132 -6.1245 21.2132
3 16 51.2132 -6.1245 21.2132 48.7102 -8.5459 23.7163 51.2132 -9.25 21.2132
3 16 49.2132 2.8284 23.2132 49.6487 4.3154 22.7777 46.5882 6.5407 25.8382
3 16 45.1703 -3.5398 27.2561 46.5882 -6.5407 25.8382 47.3573 -2.7891 25.0692
3 16 48.1618 2.2125 24.2647 46.5882 6.5407 25.8382 47.1746 2.2125 25.2518
3 16 47.1746 2.2125 25.2518 46.5882 6.5407 25.8382 45.1703 3.5398 27.2561
3 16 47.3573 -2.7891 25.0692 46.5882 -6.5407 25.8382 48.792 -2.6116 23.6345
3 16 49.3666 -3.4241 23.0599 49.2115 -2.8309 23.215 46.5882 -6.5407 25.8382
3 16 46.5882 -6.5407 25.8382 49.2115 -2.8309 23.215 48.792 -2.6116 23.6345
3 16 40.4853 -2.8284 6.4853 41.5367 -2.2125 5.4338 42.3861 -5.4761 4.5845
3 16 55.2518 -2.2125 17.1746 55.8382 -8.8875 16.5882 57.7846 -4.9691 14.6418
3 16 57.7846 -4.9691 14.6418 55.8382 -8.8875 16.5882 58.3443 -8.3845 14.0821
3 16 42.8163 0 4.1543 55.5442 0 16.8822 42.3412 2.7891 4.6294
3 16 42.3412 2.7891 4.6294 55.5442 0 16.8822 55.0692 2.7891 17.3573
3 16 66.7814 -1.1323 5.6451 69.3237 0.6652 2.6981 64.1035 -1.1476 3.0196
3 16 64.1035 -1.1476 3.0196 69.3237 0.6652 2.6981 69.511 1.2305 1.3611
3 16 57.7846 -4.9691 14.6418 61.9759 -3.6295 10.4506 46.0289 -4.9691 2.8861
3 16 46.0289 -4.9691 2.8861 61.9759 -3.6295 10.4506 49.1547 -3.6667 -2.1841
3 16 61.9759 -3.6295 10.4506 66.7814 -1.1323 5.6451 64.1035 -1.1476 3.0196
3 16 69.3237 0.6652 2.6981 70.5407 -2.3856 1.481 69.511 1.2305 1.3611
3 16 69.511 1.2305 1.3611 70.5407 -2.3856 1.481 70.7274 -1.8184 0.1448
3 16 68.0914 -2.385 -0.9683 70.371 -1.4272 -1.2194 70.7274 -1.8184 0.1448
3 16 41.2202 -2.4315 -27.145 42.8443 -2.4294 -26.0769 39.536 -4.4489 -23.0219
3 16 39.536 -4.4489 -23.0219 42.8443 -2.4294 -26.0769 41.4852 -4.2651 -21.8849
3 16 58.2405 1.7607 -11.2699 59.4566 -1.2876 -12.486 43.9088 1.7608 -25.6015
3 16 43.9088 1.7608 -25.6015 59.4566 -1.2876 -12.486 44.6212 -1.2876 -27.3214
3 16 46.0289 -4.9691 2.8861 49.1547 -3.6667 -2.1841 45.0548 -4.9691 2.4853
3 16 53.9203 -1.2101 -6.9497 58.2405 1.7607 -11.2699 41.9229 -1.5958 -17.9235
3 16 41.9229 -1.5958 -17.9235 58.2405 1.7607 -11.2699 43.9088 1.7608 -25.6015
3 16 43.5148 -1.3445 -28.2725 44.6212 -1.2876 -27.3214 42.8443 -2.4294 -26.0769
3 16 42.8443 -2.4294 -26.0769 44.6212 -1.2876 -27.3214 44.0604 -2.3776 -24.9979
3 16 30 -6.5407 9.25 33.5398 -8.5459 8.5459 33.8603 -6.5407 13.1103
3 16 33.8603 -6.5407 13.1103 33.5398 -8.5459 8.5459 35.9823 -8.5459 10.9883
3 16 55.8382 -8.8875 16.5882 53.716 -9.1441 18.7105 43.1103 -8.8875 3.8603
3 16 43.1103 -8.8875 3.8603 53.716 -9.1441 18.7105 40.9882 -9.1441 5.9824
3 16 38.5459 -8.6298 -3.5398 36.5407 -8.5227 -6.5407 38.9719 -8.3846 -5.2899
3 16 38.9719 -8.3846 -5.2899 36.5407 -8.5227 -6.5407 36.8103 -8.3846 -7.4514
3 16 44.6725 0 27.754 32.9167 0 15.9982 45.1703 -3.5398 27.2561
3 16 45.1703 -3.5398 27.2561 32.9167 0 15.9982 32.4424 -3.5398 14.5281
3 16 68.0914 -2.385 -0.9683 58.0152 -2.3828 -11.0446 69.5328 -1.2876 -2.4097
3 16 69.5328 -1.2876 -2.4097 58.0152 -2.3828 -11.0446 59.4566 -1.2876 -12.486
3 16 32.4424 -3.5398 14.5281 33.8603 -6.5407 13.1103 45.1703 -3.5398 27.2561
3 16 45.1703 -3.5398 27.2561 33.8603 -6.5407 13.1103 46.5882 -6.5407 25.8382
3 16 67.8989 -4.2647 4.5276 55.1706 -4.2649 -8.2001 68.0914 -2.385 -0.9683
3 16 68.0914 -2.385 -0.9683 55.1706 -4.2649 -8.2001 58.0152 -2.3828 -11.0446
3 16 50.2671 -6.8563 -3.2965 62.9952 -6.8563 9.4312 45.6163 -8.3845 1.3543
3 16 45.6163 -8.3845 1.3543 62.9952 -6.8563 9.4312 58.3443 -8.3845 14.0821
3 16 33.5398 -8.5459 8.5459 36.5407 -9.25 6.5407 35.9823 -8.5459 10.9883
3 16 35.9823 -8.5459 10.9883 36.5407 -9.25 6.5407 38.4853 -9.25 8.4853
3 16 58.3443 -8.3845 14.0821 55.8382 -8.8875 16.5882 45.6163 -8.3845 1.3543
3 16 45.6163 -8.3845 1.3543 55.8382 -8.8875 16.5882 43.1103 -8.8875 3.8603
3 16 70.5407 -2.3856 1.481 67.8989 -4.2647 4.5276 68.0914 -2.385 -0.9683
3 16 41.5367 -2.2125 5.4338 42.5239 -2.2125 4.4467 42.3861 -5.4761 4.5845
3 16 42.3861 -5.4761 4.5845 42.5239 -2.2125 4.4467 44.0932 -5.152 2.8774
3 16 36.9015 -6.7721 -16.6616 38.958 -6.8564 -14.605 34.1771 -8.3195 -10.0845
3 16 34.1771 -8.3195 -10.0845 38.958 -6.8564 -14.605 36.8103 -8.3846 -7.4514
3 16 34.8962 -3.4282 12.0744 36.0641 -2.6116 10.9065 35.342 -4.1861 11.6286
3 16 35.342 -4.1861 11.6286 36.0641 -2.6116 10.9065 36.4835 -2.8309 10.4871
3 16 51.2132 -6.1245 21.2132 52.7777 -5.7114 19.6488 38.4853 -6.1245 8.4853
3 16 38.4853 -6.1245 8.4853 52.7777 -5.7114 19.6488 40.0498 -5.7114 6.9208
3 16 38.4853 -6.1245 8.4853 36.5131 -5.4531 10.4575 51.2132 -6.1245 21.2132
3 16 51.2132 -6.1245 21.2132 36.5131 -5.4531 10.4575 49.241 -5.4531 23.1854
3 16 36.4835 -2.8309 10.4871 36.6386 -3.4241 10.332 35.342 -4.1861 11.6286
3 16 35.342 -4.1861 11.6286 36.6386 -3.4241 10.332 35.9183 -4.8577 11.0523
3 16 33.4487 0 8.5828 33.4487 -4.8577 8.5828 34.5296 -2.5 8.0651
3 16 34.5296 -2.5 8.0651 33.4487 -4.8577 8.5828 34.5296 -5.5916 8.0651
3 16 30.5703 0 9.2324 30.9545 -1.839 9.2169 31.8046 0 9.0723
3 16 31.8046 0 9.0723 30.9545 -1.839 9.2169 31.8493 -3.4282 9.0275
3 16 26.4602 0 8.5459 26.1685 0 9.25 32.2198 0 15.3013
3 16 22.3089 -5.5124 -5.139 23.4593 -5.3645 -6.5407 17.5973 -4.9691 -9.0155
3 16 17.5973 -4.9691 -9.0155 23.4593 -5.3645 -6.5407 18 -3.6667 -15.0888
3 16 17.5973 0 9.25 18 0 7.8685 17.5973 3.385 8.1721
3 16 17.5973 3.385 8.1721 18 0 7.8685 18 3.0111 7.2695
3 16 17.5973 0 9.25 17.5973 3.385 8.1721 16.6251 0 9.25
3 16 16.6251 0 9.25 17.5973 3.385 8.1721 16.6251 3.5398 8.5459
3 16 18 -5.152 -7.9307 17.5973 -4.9691 -9.0155 18 -0.0735 -7.8757
3 16 18 -0.0735 -7.8757 17.5973 -4.9691 -9.0155 17.5973 -0.0215 -8.8475
3 16 17.5973 -4.9691 -9.0155 16.6251 -4.9691 -9.2934 17.5973 -0.0215 -8.8475
3 16 17.5973 -0.0215 -8.8475 16.6251 -4.9691 -9.2934 16.6251 0 -9.25
3 16 45.0548 -4.9691 2.4853 45.0261 -0.0215 2.5139 46.0289 -4.9691 2.8861
3 16 46.0289 -4.9691 2.8861 45.0261 -0.0215 2.5139 45.9982 0 2.9167
3 16 44.0932 -5.152 2.8774 44.0543 -0.0735 2.9163 45.0548 -4.9691 2.4853
3 16 45.0548 -4.9691 2.4853 44.0543 -0.0735 2.9163 45.0261 -0.0215 2.5139
3 16 44.5485 3.385 2.9915 45.0261 -0.0215 2.5139 43.6256 3.0111 3.345
3 16 43.6256 3.0111 3.345 45.0261 -0.0215 2.5139 44.0543 -0.0735 2.9163
3 16 45.5003 3.5398 3.4146 45.9982 0 2.9167 44.5485 3.385 2.9915
3 16 44.5485 3.385 2.9915 45.9982 0 2.9167 45.0261 -0.0215 2.5139
3 16 0 6.5408 -6.5407 16.6251 6.5407 -6.5407 0 3.5398 -8.5459
3 16 0 3.5398 -8.5459 16.6251 6.5407 -6.5407 16.6251 3.5398 -8.5459
3 16 16.6251 0 9.25 16.6251 3.5398 8.5459 0 0 9.25
3 16 0 0 9.25 16.6251 3.5398 8.5459 0 3.5398 8.5459
3 16 0 0 -9.25 16.6251 0 -9.25 0 -4.9691 -9.2934
3 16 0 -4.9691 -9.2934 16.6251 0 -9.25 16.6251 -4.9691 -9.2934
3 16 18 -0.0735 -7.8757 18 3.0111 -7.2695 18 0 -6.1249
3 16 18 0 -6.1249 18 3.0111 -7.2695 18 2.7891 -5.4531
3 16 18 3.0111 -7.2695 18 5.5639 -5.5639 18 2.7891 -5.4531
3 16 18 2.7891 -5.4531 18 5.5639 -5.5639 18 2.6116 -3.4241
3 16 18 0 -6.1249 18 -2.2125 -5.7114 18 -0.0735 -7.8757
3 16 18 -0.0735 -7.8757 18 -2.2125 -5.7114 18 -5.152 -7.9307
3 16 18 5.5639 -5.5639 18 3.4241 -2.6116 18 2.8309 -2.8309
3 16 18 3.4241 -2.6116 18 5.5639 -5.5639 18 5.4531 -2.7891
3 16 18 5.4531 -2.7891 18 5.5639 -5.5639 18 7.2695 -3.0111
3 16 18 2.8309 -2.8309 18 2.6116 -3.4241 18 5.5639 -5.5639
3 16 18 6.1249 0 18 7.8685 0 18 5.7114 2.2125
3 16 18 5.7114 2.2125 18 7.8685 0 18 7.2695 3.0111
3 16 18 7.8685 0 18 6.1249 0 18 7.2695 -3.0111
3 16 18 7.2695 -3.0111 18 6.1249 0 18 5.4531 -2.7891
3 16 18 2.2125 4.3154 18 5.5639 5.5639 18 2.2125 5.7114
3 16 18 5.5639 5.5639 18 3.0111 7.2695 18 2.2125 5.7114
3 16 18 0 6.125 18 2.2125 5.7114 18 0 7.8685
3 16 18 0 7.8685 18 2.2125 5.7114 18 3.0111 7.2695
3 16 57.2561 3.5398 15.1704 45.5003 3.5398 3.4146 55.8382 6.5407 16.5882
3 16 55.8382 6.5407 16.5882 45.5003 3.5398 3.4146 44.0825 6.5407 4.8325
3 16 48.7102 8.5459 23.7163 36.9544 8.5459 11.9605 46.5882 6.5407 25.8382
3 16 46.5882 6.5407 25.8382 36.9544 8.5459 11.9605 34.8325 6.5407 14.0825
3 16 51.2132 9.25 21.2132 39.4575 9.25 9.4575 48.7102 8.5459 23.7163
3 16 48.7102 8.5459 23.7163 39.4575 9.25 9.4575 36.9544 8.5459 11.9605
3 16 45.1703 3.5398 27.2561 33.4146 3.5398 15.5003 44.6725 0 27.754
3 16 44.6725 0 27.754 33.4146 3.5398 15.5003 32.9167 0 15.9982
3 16 46.0289 -4.9691 2.8861 45.9982 0 2.9167 57.7846 -4.9691 14.6418
3 16 57.7846 -4.9691 14.6418 45.9982 0 2.9167 57.754 0 14.6725
3 16 42.3412 2.7891 4.6294 43.6256 3.0111 3.345 42.8163 0 4.1543
3 16 42.8163 0 4.1543 43.6256 3.0111 3.345 44.0543 -0.0735 2.9163
3 16 43.6256 3.0111 3.345 42.3412 2.7891 4.6294 42.4195 5.5639 4.5511
3 16 42.4195 5.5639 4.5511 42.3412 2.7891 4.6294 40.9065 2.6116 6.0641
3 16 44.0932 -5.152 2.8774 42.5239 -2.2125 4.4467 44.0543 -0.0735 2.9163
3 16 44.0543 -0.0735 2.9163 42.5239 -2.2125 4.4467 42.8163 0 4.1543
3 16 40.487 2.8309 6.4835 40.332 3.4241 6.6386 42.4195 5.5639 4.5511
3 16 40.6145 7.2695 6.3561 42.4195 5.5639 4.5511 40.4575 5.4531 6.5131
3 16 40.4575 5.4531 6.5131 42.4195 5.5639 4.5511 40.332 3.4241 6.6386
3 16 42.4195 5.5639 4.5511 40.9065 2.6116 6.0641 40.487 2.8309 6.4835
3 16 36.3561 7.2695 10.6145 38.4853 7.8685 8.4853 36.9208 5.7114 10.0498
3 16 36.9208 5.7114 10.0498 38.4853 7.8685 8.4853 38.4853 6.1249 8.4853
3 16 36.9208 4.3154 10.0498 34.551 5.5639 12.4195 36.9208 5.7114 10.0498
3 16 34.551 5.5639 12.4195 36.3561 7.2695 10.6145 36.9208 5.7114 10.0498
3 16 40.4575 5.4531 6.5131 38.4853 6.1249 8.4853 40.6145 7.2695 6.3561
3 16 40.6145 7.2695 6.3561 38.4853 6.1249 8.4853 38.4853 7.8685 8.4853
3 16 34.551 5.5639 12.4195 36.9208 4.3154 10.0498 36.4853 2.8284 10.4853
3 16 36.4853 2.8284 10.4853 35.4338 2.2125 11.5367 34.551 5.5639 12.4195
3 16 33.3449 3.0111 13.6256 34.4467 2.2125 12.5239 32.9214 0 14.0492
3 16 32.9214 0 14.0492 34.4467 2.2125 12.5239 34.1543 0 12.8163
3 16 16.6251 6.5407 -6.5407 17.5973 6.2546 -6.2546 16.6251 3.5398 -8.5459
3 16 16.6251 3.5398 -8.5459 17.5973 6.2546 -6.2546 17.5973 3.385 -8.172
3 16 17.5973 6.2546 -6.2546 18 5.5639 -5.5639 17.5973 3.385 -8.172
3 16 17.5973 3.385 -8.172 18 5.5639 -5.5639 18 3.0111 -7.2695
3 16 16.6251 8.5459 3.5398 17.5973 8.1721 3.385 16.6251 9.25 0
3 16 16.6251 9.25 0 17.5973 8.1721 3.385 17.5973 8.8454 0
3 16 17.5973 8.1721 3.385 18 7.2695 3.0111 17.5973 8.8454 0
3 16 17.5973 8.8454 0 18 7.2695 3.0111 18 7.8685 0
3 16 16.6251 9.25 0 17.5973 8.8454 0 16.6251 8.5459 -3.5398
3 16 16.6251 8.5459 -3.5398 17.5973 8.8454 0 17.5973 8.1721 -3.385
3 16 17.5973 8.8454 0 18 7.8685 0 17.5973 8.1721 -3.385
3 16 17.5973 8.1721 -3.385 18 7.8685 0 18 7.2695 -3.0111
3 16 16.6251 3.5398 8.5459 17.5973 3.385 8.1721 16.6251 6.5407 6.5407
3 16 16.6251 6.5407 6.5407 17.5973 3.385 8.1721 17.5973 6.2546 6.2546
3 16 17.5973 3.385 8.1721 18 3.0111 7.2695 17.5973 6.2546 6.2546
3 16 17.5973 6.2546 6.2546 18 3.0111 7.2695 18 5.5639 5.5639
3 16 16.6251 3.5398 -8.5459 17.5973 3.385 -8.172 16.6251 0 -9.25
3 16 16.6251 0 -9.25 17.5973 3.385 -8.172 17.5973 -0.0215 -8.8475
3 16 17.5973 3.385 -8.172 18 3.0111 -7.2695 17.5973 -0.0215 -8.8475
3 16 17.5973 -0.0215 -8.8475 18 3.0111 -7.2695 18 -0.0735 -7.8757
3 16 17.5973 8.1721 3.385 17.5973 6.2546 6.2546 18 7.2695 3.0111
3 16 18 7.2695 3.0111 17.5973 6.2546 6.2546 18 5.5639 5.5639
3 16 16.6251 6.5407 6.5407 17.5973 6.2546 6.2546 16.6251 8.5459 3.5398
3 16 16.6251 8.5459 3.5398 17.5973 6.2546 6.2546 17.5973 8.1721 3.385
3 16 16.6251 8.5459 -3.5398 17.5973 8.1721 -3.385 16.6251 6.5407 -6.5407
3 16 16.6251 6.5407 -6.5407 17.5973 8.1721 -3.385 17.5973 6.2546 -6.2546
3 16 17.5973 8.1721 -3.385 18 7.2695 -3.0111 17.5973 6.2546 -6.2546
3 16 17.5973 6.2546 -6.2546 18 7.2695 -3.0111 18 5.5639 -5.5639
3 16 44.0825 6.5407 4.8325 43.1927 6.2546 4.3474 41.9605 8.5459 6.9544
3 16 41.9605 8.5459 6.9544 43.1927 6.2546 4.3474 41.1636 8.1721 6.3765
3 16 43.1927 6.2546 4.3474 42.4195 5.5639 4.5511 41.1636 8.1721 6.3765
3 16 41.1636 8.1721 6.3765 42.4195 5.5639 4.5511 40.6145 7.2695 6.3561
3 16 36.9544 8.5459 11.9605 36.3765 8.1721 11.1636 34.8325 6.5407 14.0825
3 16 34.8325 6.5407 14.0825 36.3765 8.1721 11.1636 34.3474 6.2546 13.1927
3 16 36.3765 8.1721 11.1636 36.3561 7.2695 10.6145 34.3474 6.2546 13.1927
3 16 34.3474 6.2546 13.1927 36.3561 7.2695 10.6145 34.551 5.5639 12.4195
3 16 39.4575 9.25 9.4575 38.77 8.8454 8.77 36.9544 8.5459 11.9605
3 16 36.9544 8.5459 11.9605 38.77 8.8454 8.77 36.3765 8.1721 11.1636
3 16 38.77 8.8454 8.77 38.4853 7.8685 8.4853 36.3765 8.1721 11.1636
3 16 36.3765 8.1721 11.1636 38.4853 7.8685 8.4853 36.3561 7.2695 10.6145
3 16 32.2198 0 15.3013 32.9915 3.385 14.5485 32.9214 0 14.0492
3 16 32.9214 0 14.0492 32.9915 3.385 14.5485 33.3449 3.0111 13.6256
3 16 33.4146 3.5398 15.5003 32.9915 3.385 14.5485 32.9167 0 15.9982
3 16 32.9167 0 15.9982 32.9915 3.385 14.5485 32.2198 0 15.3013
3 16 43.1927 6.2546 4.3474 44.5485 3.385 2.9915 42.4195 5.5639 4.5511
3 16 42.4195 5.5639 4.5511 44.5485 3.385 2.9915 43.6256 3.0111 3.345
3 16 45.5003 3.5398 3.4146 44.5485 3.385 2.9915 44.0825 6.5407 4.8325
3 16 44.0825 6.5407 4.8325 44.5485 3.385 2.9915 43.1927 6.2546 4.3474
3 16 34.8325 6.5407 14.0825 34.3474 6.2546 13.1927 33.4146 3.5398 15.5003
3 16 33.4146 3.5398 15.5003 34.3474 6.2546 13.1927 32.9915 3.385 14.5485
3 16 34.3474 6.2546 13.1927 34.551 5.5639 12.4195 32.9915 3.385 14.5485
3 16 32.9915 3.385 14.5485 34.551 5.5639 12.4195 33.3449 3.0111 13.6256
3 16 41.9605 8.5459 6.9544 41.1636 8.1721 6.3765 39.4575 9.25 9.4575
3 16 39.4575 9.25 9.4575 41.1636 8.1721 6.3765 38.77 8.8454 8.77
3 16 41.1636 8.1721 6.3765 40.6145 7.2695 6.3561 38.77 8.8454 8.77
3 16 38.77 8.8454 8.77 40.6145 7.2695 6.3561 38.4853 7.8685 8.4853
3 16 18 0 7.8685 17.5973 0 9.25 23.0684 0 6.125
3 16 23.0684 0 6.125 17.5973 0 9.25 26.4602 0 8.5459
3 16 18 -3.5398 8.5459 17.5973 0 9.25 16.6251 0 9.25
3 16 32.9167 0 15.9982 32.2198 0 15.3013 32.4424 -3.5398 14.5281
3 16 26.4602 0 8.5459 32.2198 0 15.3013 30.5703 0 9.2324
3 16 30.5703 0 9.2324 32.2198 0 15.3013 32.9214 0 14.0492
3 16 18 -3.6667 -15.0888 16.6251 -4.9691 -9.2934 17.5973 -4.9691 -9.0155
3 16 18 -5.152 -7.9307 18 -5.4761 -5.5166 22.3089 -5.5124 -5.139
3 16 22.3089 -5.5124 -5.139 18 -5.4761 -5.5166 21.4541 -5.6374 -3.5398
3 16 39.0723 -5.5124 1.8046 44.0932 -5.152 2.8774 45.0548 -4.9691 2.4853
3 16 22.8399 10 2.9658 22.3089 10 5.139 24.5199 10 5.4801
3 16 24.5199 10 5.4801 22.3089 10 5.139 23.4593 10 6.5407
3 16 31.8046 10 9.0723 33.5398 10 8.5459 32.9658 10 7.1601
3 16 22.8078 -1.839 5.8424 22.3089 -3.4282 5.0757 18 -2.7891 5.4531
3 16 0 -8.8875 -6.5407 0 -4.3154 -2.2125 0 -2.8284 -2.8284
3 16 0 -2.2125 -5.7114 0 -4.9691 -9.2934 0 -8.8875 -6.5407
3 16 0 -8.8875 -6.5407 0 -4.9691 -9.2934 0 -8.3845 -10.0849
3 16 1.099 -1.8685 -28.6074 2.3156 -1.4773 -29.3201 3.75 -2.4351 -27.5306
3 16 70.7274 -1.8184 0.1448 70.5407 -2.3856 1.481 68.0914 -2.385 -0.9683
3 16 68.0914 -2.385 -0.9683 69.5328 -1.2876 -2.4097 70.371 -1.4272 -1.2194
3 16 68.3167 1.7607 -1.1936 64.1035 -1.1476 3.0196 69.1549 1.6211 -0.0033
3 16 69.1549 1.6211 -0.0033 64.1035 -1.1476 3.0196 69.511 1.2305 1.3611
3 16 18 5.5639 5.5639 18 2.2125 4.3154 18 2.8284 2.8284
3 16 18 2.8284 2.8284 18 4.3154 2.2125 18 5.5639 5.5639
3 16 18 4.3154 2.2125 18 5.7114 2.2125 18 5.5639 5.5639
3 16 18 5.7114 2.2125 18 7.2695 3.0111 18 5.5639 5.5639
3 16 52.7777 -4.3154 19.6488 52.7777 -5.7114 19.6488 55.8382 -8.8875 16.5882
3 16 55.8382 -8.8875 16.5882 52.7777 -5.7114 19.6488 53.716 -9.1441 18.7105
3 16 55.2518 -2.2125 17.1746 54.2647 -2.2125 18.1618 55.8382 -8.8875 16.5882
3 16 45.6163 -8.3845 1.3543 38.5459 -8.6298 -3.5398 38.9719 -8.3846 -5.2899
3 16 26.4602 -8.6298 -8.5459 23.4593 -8.8875 -6.5407 18 -8.3845 -10.0847
3 16 18 -8.3845 -10.0847 23.4593 -8.8875 -6.5407 18 -8.8875 -6.5407
3 16 46.5882 -6.5407 25.8382 49.241 -5.4531 23.1854 49.3666 -3.4241 23.0599
3 16 35.4338 2.2125 11.5367 34.4467 2.2125 12.5239 34.551 5.5639 12.4195
3 16 33.3449 3.0111 13.6256 34.551 5.5639 12.4195 34.4467 2.2125 12.5239
3 16 33.4487 -4.8577 8.5828 33.4487 0 8.5828 32.5606 -4.1861 8.8472
3 16 32.5606 -4.1861 8.8472 33.4487 0 8.5828 31.8046 0 9.0723
3 16 17.961 -6.1245 0 18 -5.4531 2.7891 20 -6.1245 0
3 16 20 -6.1245 0 18 -5.7114 -2.2125 17.961 -6.1245 0
3 16 35.9183 -4.8577 11.0523 35.3033 -5.5916 8.8388 33.4487 -4.8577 8.5828
3 16 33.4487 -4.8577 8.5828 35.3033 -5.5916 8.8388 34.5296 -5.5916 8.0651
2 24 18 5.7114 2.2125 0 5.7114 2.2125
2 24 18 5.7114 2.2125 18 6.1249 0
2 24 0 5.7114 2.2125 0 6.1249 0
2 24 25.5806 8 -4.4194 27.6082 8 -5.7742
2 24 25.5806 -8 -4.4194 27.6082 -8 -5.7742
2 24 30 8 -7.75 27.0342 8 -7.1601
2 24 30 10 -7.75 27.0342 10 -7.1601
2 24 18 -2.2125 -4.3154 18 -2.8284 -2.8284
2 24 0 -2.2125 -4.3154 0 -2.8284 -2.8284
2 24 18 -2.8284 -2.8284 0 -2.8284 -2.8284
2 24 0 -2.8309 2.8309 18 -2.8309 2.8309
2 24 0 -2.8309 2.8309 0 -3.4241 2.6116
2 24 18 -2.8309 2.8309 18 -3.4241 2.6116
2 24 33.5398 -10 -8.5459 30 -10 -9.25
2 24 32.9658 -10 -7.1601 30 -10 -7.75
2 24 23.75 -8 0 24.2258 -8 -2.3918
2 24 22.25 -8 0 22.8399 -8 -2.9658
2 24 24.5199 -8 -5.4801 27.0342 -8 -7.1601
2 24 24.5199 -10 -5.4801 27.0342 -10 -7.1601
2 24 0 -2.8284 -2.8284 0 -4.3154 -2.2125
2 24 18 -2.8284 -2.8284 18 -4.3154 -2.2125
2 24 32.3918 -8 -5.7742 30 -8 -6.25
2 24 32.3918 8 -5.7742 30 8 -6.25
2 24 26.4602 10 -8.5459 30 10 -9.25
2 24 27.0342 10 -7.1601 30 10 -7.75
2 24 24.5199 8 5.4801 22.8399 8 2.9658
2 24 25.5806 8 4.4194 24.2258 8 2.3918
2 24 0 8.5459 -3.5398 0 9.25 0
2 24 24.5199 8 5.4801 27.0342 8 7.1601
2 24 24.5199 10 5.4801 27.0342 10 7.1601
2 24 0 -8.5459 3.5398 0 -9.25 0
2 24 25.5806 8 4.4194 24.2258 8 2.3918
2 24 25.5806 -8 4.4194 24.2257 -8 2.3918
2 24 23.4593 10 -6.5407 26.4602 10 -8.5459
2 24 22.25 10 0 22.8399 10 -2.9658
2 24 22.25 8 0 22.8399 8 -2.9658
2 24 21.4541 -10 3.5398 23.4593 -10 6.5407
2 24 21.4541 -8.5459 3.5398 23.4593 -6.5407 6.5407
2 24 23.75 8 0 24.2258 8 -2.3918
2 24 23.75 -8 0 24.2258 -8 -2.3918
2 24 25.5806 8 -4.4194 24.2258 8 -2.3918
2 24 25.5806 -8 -4.4194 24.2258 -8 -2.3918
2 24 24.5199 10 -5.4801 22.8399 10 -2.9658
2 24 23.4593 10 -6.5407 21.4541 10 -3.5398
2 24 22.8399 8 2.9658 22.25 8 0
2 24 24.2258 8 2.3918 23.75 8 0
2 24 27.6082 -8 -5.7742 30 -8 -6.25
2 24 27.0342 -8 -7.1601 30 -8 -7.75
2 24 21.4541 10 3.5398 20.75 10 0
2 24 22.8399 10 2.9658 22.25 10 0
2 24 24.5199 8 -5.4801 27.0342 8 -7.1601
2 24 25.5806 8 -4.4194 27.6082 8 -5.7742
2 24 26.4602 -10 -8.5459 23.4593 -10 -6.5407
2 24 27.0342 -10 -7.1601 24.5199 -10 -5.4801
2 24 27.6082 -8 5.7742 25.5806 -8 4.4194
2 24 27.0342 -8 7.1601 24.5199 -8 5.4801
2 24 0 -4.3149 -23.5082 0 -6.8563 -16.6622
2 24 30 -10 -9.25 26.4602 -10 -8.5459
2 24 30 -10 -7.75 27.0342 -10 -7.1601
2 24 26.4602 10 -8.5459 30 10 -9.25
2 24 21.4541 -10 3.5398 23.4593 -10 6.5407
2 24 22.8399 -10 2.9658 24.5199 -10 5.4801
2 24 0 -4.3154 -2.2125 0 -5.7114 -2.2125
2 24 0 -8.8875 -6.5407 0 -9.144 -3.5394
2 24 32.3918 8 -5.7742 30 8 -6.25
2 24 32.9658 8 -7.1601 30 8 -7.75
2 24 27.0342 10 -7.1601 24.5199 10 -5.4801
2 24 26.4602 10 -8.5459 23.4593 10 -6.5407
2 24 33.5398 -10 -8.5459 30 -10 -9.25
2 24 33.5398 -8.6164 -8.5459 30 -8.5227 -9.25
2 24 25.5806 8 4.4194 27.6082 8 5.7742
2 24 24.5199 8 5.4801 27.0342 8 7.1601
2 24 21.4541 10 3.5398 22.3089 10 5.139
2 24 20 -2.5 -2.5 20 -5.6939 -2.5
2 24 20 -2.5 -2.5 20 -2.5 0.0096
2 24 20 -5.6939 -2.5 20 -6.1245 0
2 24 23.75 8 0 24.2258 8 -2.3918
2 24 22.25 8 0 22.8399 8 -2.9658
2 24 0 -2.2125 -5.7114 18 -2.2125 -5.7114
2 24 0 -2.2125 -5.7114 0 0 -6.1249
2 24 18 -2.2125 -5.7114 18 0 -6.1249
2 24 27.0342 8 -7.1601 24.5199 8 -5.4801
2 24 27.0342 10 -7.1601 24.5199 10 -5.4801
2 24 0 2.6116 -3.4241 0 2.7891 -5.4531
2 24 0 6.5408 -6.5407 0 3.5398 -8.5459
2 24 0 2.2125 5.7114 18 2.2125 5.7114
2 24 0 2.2125 5.7114 0 0 6.1242
2 24 18 2.2125 5.7114 18 0 6.125
2 24 0 0 -9.25 0 3.5398 -8.5459
2 24 30 8 -7.75 32.9658 8 -7.1601
2 24 30 10 -7.75 32.9658 10 -7.1601
2 24 24.5199 -10 -5.4801 22.8399 -10 -2.9658
2 24 24.5199 -8 -5.4801 22.8399 -8 -2.9658
2 24 27.0342 -8 -7.1601 30 -8 -7.75
2 24 27.0342 -10 -7.1601 30 -10 -7.75
2 24 30 10 -9.25 33.5398 10 -8.5459
2 24 30 10 -7.75 32.9658 10 -7.1601
2 24 0 6.1249 0 0 5.7114 2.2125
2 24 0 9.25 0 0 8.5459 3.5398
2 24 24.5199 -10 5.4801 27.0342 -10 7.1601
2 24 24.5199 -8 5.4801 27.0342 -8 7.1601
2 24 0 -2.8309 2.8309 0 -2.6116 3.4241
2 24 18 -2.8309 2.8309 18 -2.6116 3.4241
2 24 0 8.5459 -3.5398 0 6.5408 -6.5407
2 24 0 2.8284 2.8284 18 2.8284 2.8284
2 24 0 2.8284 2.8284 0 2.2125 4.3154
2 24 18 2.8284 2.8284 18 2.2125 4.3154
2 24 20 -6.1245 0 20 -5.5916 2.5
2 24 25.5806 -8 4.4194 27.6082 -8 5.7742
2 24 25.5806 8 4.4194 27.6082 8 5.7742
2 24 24.5199 8 5.4801 22.8399 8 2.9658
2 24 24.5199 10 5.4801 22.8399 10 2.9658
2 24 18 2.8309 -2.8309 0 2.8309 -2.8309
2 24 18 2.8309 -2.8309 18 2.6116 -3.4241
2 24 0 2.8309 -2.8309 0 2.6116 -3.4241
2 24 20 -6.1245 0 20 -5.6939 -2.5
2 24 21.0942 -2.5 2.5 20 -2.5 2.5
2 24 21.0942 -2.5 2.5 21.0942 -5.5916 2.5
2 24 20 -2.5 2.5 20 -5.5916 2.5
2 24 21.0942 -5.5916 2.5 20 -5.5916 2.5
2 24 0 -2.2125 -4.3154 0 -2.2125 -5.7114
2 24 0 -2.2125 -5.7114 18 -2.2125 -5.7114
2 24 18 -2.2125 -4.3154 18 -2.2125 -5.7114
2 24 20 -5.6939 -2.5 20 -2.5 -2.5
2 24 20 -5.6939 -2.5 21.0942 -5.6939 -2.5
2 24 20 -2.5 -2.5 21.0942 -2.5 -2.5
2 24 21.0942 -5.6939 -2.5 21.0942 -2.5 -2.5
2 24 30 -8 -7.75 32.9658 -8 -7.1601
2 24 30 -8 -6.25 32.3918 -8 -5.7742
2 24 22.25 10 0 22.8399 10 2.9658
2 24 22.25 8 0 22.8399 8 2.9658
2 24 27.6082 -8 -5.7742 25.5806 -8 -4.4194
2 24 27.0342 -8 -7.1601 24.5199 -8 -5.4801
2 24 22.25 -8 0 22.8399 -8 2.9658
2 24 23.75 -8 0 24.2257 -8 2.3918
2 24 22.8399 -10 2.9658 22.25 -10 0
2 24 21.4541 -10 3.5398 20.75 -10 0
2 24 20.75 -10 0 21.4541 -10 -3.5398
2 24 22.25 -10 0 22.8399 -10 -2.9658
2 24 20.75 10 0 21.4541 10 3.5398
2 24 30 10 -9.25 33.5398 10 -8.5459
2 24 24.5199 8 -5.4801 22.8399 8 -2.9658
2 24 25.5806 8 -4.4194 24.2258 8 -2.3918
2 24 23.4593 10 -6.5407 21.4541 10 -3.5398
2 24 24.5199 -10 5.4801 27.0342 -10 7.1601
2 24 23.4593 -10 6.5407 26.4602 -10 8.5459
2 24 22.8399 -8 -2.9658 22.25 -8 0
2 24 22.8399 -10 -2.9658 22.25 -10 0
2 24 23.4593 -10 6.5407 26.4602 -10 8.5459
2 24 23.4593 -6.5407 6.5407 26.4602 -3.5398 8.5459
2 24 30 -10 -7.75 32.9658 -10 -7.1601
2 24 30 -8 -7.75 32.9658 -8 -7.1601
2 24 20.75 10 0 21.4541 10 -3.5398
2 24 21.4541 -9.1441 -3.5398 20.75 -9.25 0
2 24 21.4541 -10 -3.5398 20.75 -10 0
2 24 24.2258 -8 -2.3918 25.5806 -8 -4.4194
2 24 22.8399 -8 -2.9658 24.5199 -8 -5.4801
2 24 21.4541 -9.1441 -3.5398 20.75 -9.25 0
2 24 27.6082 8 -5.7742 30 8 -6.25
2 24 27.0342 8 -7.1601 30 8 -7.75
2 24 21.4541 -10 -3.5398 23.4593 -10 -6.5407
2 24 21.4541 -9.1441 -3.5398 23.4593 -8.8875 -6.5407
2 24 24.2257 -8 2.3918 23.75 -8 0
2 24 24.2258 8 2.3918 23.75 8 0
2 24 26.4602 10 8.5459 23.4593 10 6.5407
2 24 27.0342 10 7.1601 24.5199 10 5.4801
2 24 24.5199 -8 5.4801 22.8399 -8 2.9658
2 24 25.5806 -8 4.4194 24.2257 -8 2.3918
2 24 21.4541 -10 3.5398 20.75 -10 0
2 24 21.4541 -8.5459 3.5398 20.75 -9.25 0
2 24 0 2.8309 -2.8309 0 3.4241 -2.6116
2 24 22.8399 8 -2.9658 24.5199 8 -5.4801
2 24 22.8399 10 -2.9658 24.5199 10 -5.4801
2 24 27.6082 -8 -5.7742 30 -8 -6.25
2 24 27.6082 8 -5.7742 30 8 -6.25
2 24 0 5.4531 -2.7891 0 3.4241 -2.6116
2 24 0 5.4531 -2.7891 18 5.4531 -2.7891
2 24 18 5.4531 -2.7891 18 3.4241 -2.6116
2 24 0 -2.8284 -2.8284 0 -2.2125 -4.3154
2 24 20 -2.5 0.0096 20 -2.5 -2.5
2 24 20.75 -2.5 0 21.0942 -2.5 -2.5
2 24 20 -2.5 -2.5 21.0942 -2.5 -2.5
2 24 24.5199 -10 5.4801 22.8399 -10 2.9658
2 24 24.5199 -8 5.4801 22.8399 -8 2.9658
2 24 0 2.8309 -2.8309 0 3.4241 -2.6116
2 24 18 2.8309 -2.8309 18 3.4241 -2.6116
2 24 24.5199 -10 -5.4801 22.8399 -10 -2.9658
2 24 23.4593 -10 -6.5407 21.4541 -10 -3.5398
2 24 23.4593 -8.8875 -6.5407 26.4602 -8.6298 -8.5459
2 24 23.4593 -10 -6.5407 26.4602 -10 -8.5459
2 24 20 -6.1245 0 20 -5.5916 2.5
2 24 20 -2.5 0.0096 20 -2.5 2.5
2 24 0 -5.7114 -2.2125 0 -6.1245 0
2 24 0 -9.144 -3.5394 0 -9.25 0
2 24 26.4602 10 8.5459 23.4593 10 6.5407
2 24 26.4602 0 8.5459 23.0684 0 6.125
2 24 30 -8.5227 -9.25 26.4602 -8.6298 -8.5459
2 24 30 -10 -9.25 26.4602 -10 -8.5459
2 24 30 -4.9764 -9.25 26.4602 -5.0904 -8.5459
2 24 18 -2.7891 5.4531 18 -4.1861 4.4453
2 24 22.3089 -3.4282 5.0757 21.4924 -4.8577 3.6303
2 24 41.9976 -1.4356 -29.0216 40.4353 -1.3946 -29.4592
2 24 41.2852 1.6127 -27.3018 39.7233 1.6547 -27.7394
2 24 39.7233 1.6547 -27.7394 38.268 1.7106 -27.8492
2 24 40.4353 -1.3946 -29.4592 38.9804 -1.3377 -29.569
2 24 30 -4.9764 -9.25 33.5398 -5.0752 -8.5459
2 24 0 -9.25 0 0 -9.144 -3.5394
2 24 26.4602 -5.0904 -8.5459 30 -4.9764 -9.25
2 24 22.25 -10 0 22.8399 -10 2.9658
2 24 22.25 -8 0 22.8399 -8 2.9658
2 24 0.2862 -2.4357 -27.5306 0 -4.3149 -23.5082
2 24 0.2861 0.615 -25.8094 0 -1.4563 -21.4424
2 24 22.8399 10 -2.9658 22.25 10 0
2 24 21.4541 10 -3.5398 20.75 10 0
2 24 41.2852 1.6127 -27.3018 39.7233 1.6547 -27.7394
2 24 26.4602 -5.0904 -8.5459 23.4593 -5.3645 -6.5407
2 24 18 -1.3377 -29.569 38.9804 -1.3377 -29.569
2 24 18 1.7106 -27.8492 3.75 1.7107 -27.8492
2 24 18 -1.3377 -29.569 3.75 -1.3377 -29.569
2 24 3.75 1.7107 -27.8492 2.3156 1.571 -27.6002
2 24 3.75 -1.3377 -29.569 2.3156 -1.4773 -29.3201
2 24 2.3156 1.571 -27.6002 1.099 1.1804 -26.8873
2 24 2.3156 -1.4773 -29.3201 1.099 -1.8685 -28.6074
2 24 18 1.7106 -27.8492 3.75 1.7107 -27.8492
2 24 0 9.25 0 0 8.5459 3.5398
2 24 17.5973 0 9.25 26.1685 0 9.25
2 24 26.1685 0 9.25 26.4602 -3.5398 8.5459
2 24 0 -8.5459 3.5398 0 -6.5407 6.5407
2 24 0 6.5408 6.5407 0 3.5398 8.5459
2 24 0 6.5408 -6.5407 0 8.5459 -3.5398
2 24 0 3.4241 -2.6116 0 5.4531 -2.7891
2 24 0 5.4531 -2.7891 18 5.4531 -2.7891
2 24 0 6.1249 0 0 5.4531 -2.7891
2 24 18 6.1249 0 18 5.4531 -2.7891
2 24 18 0 6.125 18 0 7.8685
2 24 23.0684 0 6.125 18 0 6.125
2 24 40.4353 -1.3946 -29.4592 41.9976 -1.4356 -29.0216
2 24 39.7233 1.6547 -27.7394 38.268 1.7106 -27.8492
2 24 39.25 -5.3645 0 39.0723 -5.5124 1.8046
2 24 21.0942 -5.6939 -2.5 21.4541 -5.6374 -3.5398
2 24 20 -5.6939 -2.5 21.0942 -5.6939 -2.5
2 24 18 -4.3154 -2.2125 18 -2.8284 -2.8284
2 24 26.4602 -3.5398 8.5459 23.4593 -6.5407 6.5407
2 24 33.5398 -8.6164 -8.5459 30 -8.5227 -9.25
2 24 30 -4.9764 -9.25 33.5398 -5.0752 -8.5459
2 24 21.4924 -4.8577 3.6303 22.3089 -3.4282 5.0757
2 24 21.4541 10 3.5398 22.3089 10 5.139
2 24 0 -4.9691 -9.2934 0 0 -9.25
2 24 0 -2.2125 -5.7114 0 0 -6.1249
2 24 21.4541 -5.6374 -3.5398 22.3089 -5.5124 -5.139
2 24 22.3089 -5.5124 -5.139 23.4593 -5.3645 -6.5407
2 24 20 -2.5 0.0096 20 -2.5 2.5
2 24 20 -2.5 2.5 21.0942 -2.5 2.5
2 24 20.75 -2.5 0 21.0942 -2.5 2.5
2 24 18 -2.6116 3.4241 18 -2.7891 5.4531
2 24 18 -4.1861 4.4453 18 -2.7891 5.4531
2 24 0 2.6116 -3.4241 0 2.7891 -5.4531
2 24 0 2.7891 -5.4531 18 2.7891 -5.4531
2 24 18 2.6116 -3.4241 18 2.7891 -5.4531
2 24 0 -4.9691 -9.2934 0 -3.6295 -15.2207
2 24 0 -8.3845 -10.0849 0 -6.8563 -16.6622
2 24 0 -1.4563 -21.4424 0 -3.6295 -15.2207
2 24 0 -4.3149 -23.5082 0 -6.8563 -16.6622
2 24 0 2.8284 2.8284 0 4.3154 2.2125
2 24 18 2.8284 2.8284 18 4.3154 2.2125
2 24 21.4924 -4.8577 3.6303 21.0942 -5.5916 2.5
2 24 20 -5.5916 2.5 21.0942 -5.5916 2.5
2 24 18 -2.7891 5.4531 0 -2.7891 5.4531
2 24 0 0 6.1242 0 -2.7891 5.4531
2 24 18 0 6.125 23.0684 0 6.125
2 24 22.8078 -1.839 5.8424 23.0684 0 6.125
2 24 0 8.5459 3.5398 0 6.5408 6.5407
2 24 23.4593 10 6.5407 22.3089 10 5.139
2 24 0 6.1249 0 0 5.4531 -2.7891
2 24 0 9.25 0 0 8.5459 -3.5398
2 24 18 -5.4531 2.7891 18 -4.1861 4.4453
2 24 18 -4.1861 4.4453 18 -5.4531 2.7891
2 24 18 -3.4241 2.6116 18 -5.4531 2.7891
2 24 0 2.6116 -3.4241 0 2.8309 -2.8309
2 24 0 8.5459 3.5398 0 6.5408 6.5407
2 24 0 5.7114 2.2125 0 4.3154 2.2125
2 24 0 3.5398 -8.5459 0 0 -9.25
2 24 0 2.7891 -5.4531 0 0 -6.1249
2 24 0 0 9.25 0 -3.5398 8.5459
2 24 0 0 6.1242 0 -2.7891 5.4531
2 24 0 -3.4241 2.6116 0 -5.4531 2.7891
2 24 0 -5.4531 2.7891 18 -5.4531 2.7891
2 24 18 -3.4241 2.6116 18 -5.4531 2.7891
2 24 0 2.2125 4.3154 0 2.2125 5.7114
2 24 0 2.2125 5.7114 18 2.2125 5.7114
2 24 18 2.2125 4.3154 18 2.2125 5.7114
2 24 18 -4.3154 -2.2125 18 -5.7114 -2.2125
2 24 18 -5.7114 -2.2125 0 -5.7114 -2.2125
2 24 0 -4.3154 -2.2125 0 -5.7114 -2.2125
2 24 0 4.3154 2.2125 0 5.7114 2.2125
2 24 0 5.7114 2.2125 18 5.7114 2.2125
2 24 18 4.3154 2.2125 18 5.7114 2.2125
2 24 18 -4.3154 -2.2125 18 -5.7114 -2.2125
2 24 18 -5.4761 -5.5166 18 -5.7114 -2.2125
2 24 18 -2.6116 3.4241 18 -2.7891 5.4531
2 24 18 -2.7891 5.4531 0 -2.7891 5.4531
2 24 0 -2.6116 3.4241 0 -2.7891 5.4531
2 24 21.4541 -9.1441 -3.5398 23.4593 -8.8875 -6.5407
2 24 21.0942 -2.5 -2.5 20.75 -2.5 0
2 24 20.75 -2.5 0 21.0942 -2.5 2.5
2 24 21.0942 -2.5 -2.5 21.0942 -5.6939 -2.5
2 24 21.4541 -5.6374 -3.5398 21.0942 -5.6939 -2.5
2 24 26.4602 -5.0904 -8.5459 23.4593 -5.3645 -6.5407
2 24 0 -8.5459 3.5398 0 -6.5407 6.5407
2 24 0 0 6.1242 0 2.2125 5.7114
2 24 0 0 9.25 0 3.5398 8.5459
2 24 0 2.8284 2.8284 0 2.2125 4.3154
2 24 18 -5.7114 -2.2125 18 -5.4761 -5.5166
2 24 0 -9.25 0 0 -8.5459 3.5398
2 24 0 -6.1245 0 0 -5.4531 2.7891
2 24 0 4.3154 2.2125 0 2.8284 2.8284
2 24 0 -3.5398 8.5459 0 -6.5407 6.5407
2 24 0 2.2125 5.7114 0 2.2125 4.3154
2 24 0 6.5408 6.5407 0 3.5398 8.5459
2 24 0 -2.7891 5.4531 0 -2.6116 3.4241
2 24 0 -2.8309 2.8309 0 -3.4241 2.6116
2 24 0 -2.6116 3.4241 0 -2.8309 2.8309
2 24 0 -5.4531 2.7891 0 -3.4241 2.6116
2 24 18 -2.8284 -2.8284 18 -2.2125 -4.3154
2 24 0 -2.2125 -4.3154 0 -2.2125 -5.7114
2 24 0 0 -6.1249 0 2.7891 -5.4531
2 24 0 2.7891 -5.4531 18 2.7891 -5.4531
2 24 18 0 -6.1249 18 2.7891 -5.4531
2 24 1.099 1.1804 -26.8873 0.2861 0.615 -25.8094
2 24 0.2861 0.615 -25.8094 0 -1.4563 -21.4424
2 24 0 -4.9691 -9.2934 16.6251 -4.9691 -9.2934
2 24 0 -3.6295 -15.2207 0 -4.9691 -9.2934
2 24 0 -3.6295 -15.2207 0 -1.4563 -21.4424
2 24 0.2862 -2.4357 -27.5306 1.099 -1.8685 -28.6074
2 24 0.2861 0.615 -25.8094 1.099 1.1804 -26.8873
2 24 2.3156 -1.4773 -29.3201 3.75 -1.3377 -29.569
2 24 3.75 1.7107 -27.8492 2.3156 1.571 -27.6002
2 24 1.099 1.1804 -26.8873 2.3156 1.571 -27.6002
2 24 38.268 1.7106 -27.8492 18 1.7106 -27.8492
2 24 38.9804 -1.3377 -29.569 18 -1.3377 -29.569
2 24 18 1.7106 -27.8492 38.268 1.7106 -27.8492
2 24 38.9804 -1.3377 -29.569 40.4353 -1.3946 -29.4592
2 24 23.4593 -6.5407 6.5407 21.4541 -8.5459 3.5398
2 24 0 -9.144 -3.5394 0 -8.8875 -6.5407
2 24 30 -8.5227 -9.25 26.4602 -8.6298 -8.5459
2 24 0 -3.5398 8.5459 0 0 9.25
2 24 18 -1.3377 -29.569 3.75 -1.3377 -29.569
2 24 0 -6.5407 6.5407 0 -3.5398 8.5459
2 24 0 -6.8563 -16.6622 0 -8.3845 -10.0849
2 24 20.75 -9.25 0 21.4541 -8.5459 3.5398
2 24 0 -8.8875 -6.5407 0 -8.3845 -10.0849
2 24 0 -4.3149 -23.5082 0.2862 -2.4357 -27.5306
2 24 0.2862 -2.4357 -27.5306 1.099 -1.8685 -28.6074
2 24 18 -5.152 -7.9307 17.5973 -4.9691 -9.0155
2 24 18 -5.4761 -5.5166 18 -5.152 -7.9307
2 24 18 -2.2125 -4.3154 18 -2.2125 -5.7114
2 24 18 -2.6116 3.4241 18 -2.8309 2.8309
2 24 18 -5.7114 -2.2125 0 -5.7114 -2.2125
2 24 0 -5.7114 -2.2125 0 -6.1245 0
2 24 0 -6.1245 0 0 -5.4531 2.7891
2 24 18 -5.4531 2.7891 0 -5.4531 2.7891
2 24 18 -3.4241 2.6116 18 -2.8309 2.8309
2 24 21.0942 -2.5 2.5 21.0942 -5.5916 2.5
2 24 21.4924 -4.8577 3.6303 21.0942 -5.5916 2.5
2 24 22.3089 -3.4282 5.0757 22.8078 -1.839 5.8424
2 24 23.0684 0 6.125 22.8078 -1.839 5.8424
2 24 26.1685 0 9.25 17.5973 0 9.25
2 24 49.6487 5.7114 22.7777 36.9208 5.7114 10.0498
2 24 49.6487 5.7114 22.7777 51.2132 6.1249 21.2132
2 24 36.9208 5.7114 10.0498 38.4853 6.1249 8.4853
2 24 36.25 -8 0 35.7743 -8 -2.3918
2 24 36.25 8 0 35.7743 8 -2.3918
2 24 35.4801 10 -5.4801 37.1601 10 -2.9658
2 24 35.4801 8 -5.4801 37.1601 8 -2.9658
2 24 54.2647 -2.2125 18.1618 53.2132 -2.8284 19.2132
2 24 41.5367 -2.2125 5.4338 40.4853 -2.8284 6.4853
2 24 53.2132 -2.8284 19.2132 40.4853 -2.8284 6.4853
2 24 36.4835 -2.8309 10.4871 49.2115 -2.8309 23.215
2 24 36.4835 -2.8309 10.4871 36.6386 -3.4241 10.332
2 24 49.2115 -2.8309 23.215 49.3666 -3.4241 23.0599
2 24 32.9658 -10 -7.1601 35.4801 -10 -5.4801
2 24 33.5398 -10 -8.5459 36.5407 -10 -6.5407
2 24 35.4801 -8 5.4801 37.1601 -8 2.9658
2 24 34.4194 -8 4.4194 35.7742 -8 2.3918
2 24 37.75 -10 0 37.1601 -10 -2.9658
2 24 37.75 -8 0 37.1601 -8 -2.9658
2 24 40.4853 -2.8284 6.4853 40.0498 -4.3154 6.9208
2 24 53.2132 -2.8284 19.2132 52.7777 -4.3154 19.6488
2 24 32.3918 8 -5.7742 34.4194 8 -4.4194
2 24 32.3918 -8 -5.7742 34.4194 -8 -4.4194
2 24 35.4801 10 -5.4801 37.1601 10 -2.9658
2 24 36.5407 10 -6.5407 38.5459 10 -3.5398
2 24 30 8 6.25 32.3918 8 5.7742
2 24 30 8 7.75 32.9658 8 7.1601
2 24 51.2132 9.25 21.2132 53.7163 8.5459 18.7102
2 24 27.0342 10 7.1601 30 10 7.75
2 24 27.0342 8 7.1601 30 8 7.75
2 24 51.2132 -9.25 21.2132 48.7102 -8.5459 23.7163
2 24 30 -8 6.25 32.3918 -8 5.7742
2 24 30 8 6.25 32.3918 8 5.7742
2 24 39.25 10 0 38.5459 10 -3.5398
2 24 35.4801 8 5.4801 37.1601 8 2.9658
2 24 35.4801 10 5.4801 37.1601 10 2.9658
2 24 33.5398 -10 8.5459 30 -10 9.25
2 24 33.5398 -8.5459 8.5459 30 -6.5407 9.25
2 24 34.4194 -8 4.4194 35.7742 -8 2.3918
2 24 34.4194 8 4.4194 35.7742 8 2.3918
2 24 36.25 -8 0 35.7742 -8 2.3918
2 24 36.25 8 0 35.7742 8 2.3918
2 24 39.25 10 0 38.5459 10 3.5398
2 24 37.75 10 0 37.1601 10 2.9658
2 24 32.3918 8 5.7742 34.4194 8 4.4194
2 24 32.9658 8 7.1601 35.4801 8 5.4801
2 24 37.1601 -8 -2.9658 35.4801 -8 -5.4801
2 24 35.7743 -8 -2.3918 34.4194 -8 -4.4194
2 24 32.9658 10 7.1601 35.4801 10 5.4801
2 24 33.5398 10 8.5459 36.5407 10 6.5407
2 24 36.25 8 0 35.7743 8 -2.3918
2 24 37.75 8 0 37.1601 8 -2.9658
2 24 37.75 -10 0 37.1601 -10 -2.9658
2 24 39.25 -10 0 38.5459 -10 -3.5398
2 24 27.0342 -8 7.1601 30 -8 7.75
2 24 27.6082 -8 5.7742 30 -8 6.25
2 24 62.9952 -6.8563 9.4312 67.8989 -4.2647 4.5276
2 24 35.4801 -10 -5.4801 37.1601 -10 -2.9658
2 24 36.5407 -10 -6.5407 38.5459 -10 -3.5398
2 24 38.5459 10 -3.5398 36.5407 10 -6.5407
2 24 32.9658 -10 7.1601 30 -10 7.75
2 24 33.5398 -10 8.5459 30 -10 9.25
2 24 52.7777 -4.3154 19.6488 53.2132 -2.8284 19.2132
2 24 32.9658 8 -7.1601 35.4801 8 -5.4801
2 24 32.3918 8 -5.7742 34.4194 8 -4.4194
2 24 38.5459 10 -3.5398 39.25 10 0
2 24 37.1601 10 -2.9658 37.75 10 0
2 24 33.5398 -8.6164 -8.5459 36.5407 -8.5227 -6.5407
2 24 33.5398 -10 -8.5459 36.5407 -10 -6.5407
2 24 27.0342 8 7.1601 30 8 7.75
2 24 27.6082 8 5.7742 30 8 6.25
2 24 32.9658 10 7.1601 30 10 7.75
2 24 31.8046 10 9.0723 30 10 9.25
2 24 38.8388 -2.5 5.3033 37.0643 -2.5 7.0779
2 24 38.6355 -5.7114 5.5066 37.0711 -6.1245 7.0711
2 24 35.4801 8 5.4801 37.1601 8 2.9658
2 24 34.4194 8 4.4194 35.7742 8 2.3918
2 24 42.5239 -2.2125 4.4467 55.2518 -2.2125 17.1746
2 24 42.5239 -2.2125 4.4467 42.8163 0 4.1543
2 24 55.2518 -2.2125 17.1746 55.5442 0 16.8822
2 24 37.1601 10 -2.9658 37.75 10 0
2 24 37.1601 8 -2.9658 37.75 8 0
2 24 53.6345 2.6116 18.792 55.0692 2.7891 17.3573
2 24 55.8382 6.5407 16.5882 57.2561 3.5398 15.1704
2 24 34.4467 2.2125 12.5239 47.1746 2.2125 25.2518
2 24 34.4467 2.2125 12.5239 34.1543 0 12.8163
2 24 47.1746 2.2125 25.2518 46.8827 0 25.5437
2 24 57.2561 3.5398 15.1704 57.754 0 14.6725
2 24 32.9658 10 -7.1601 35.4801 10 -5.4801
2 24 32.9658 8 -7.1601 35.4801 8 -5.4801
2 24 37.75 -8 0 37.1601 -8 2.9658
2 24 37.75 -10 0 37.1601 -10 2.9658
2 24 37.1601 -10 -2.9658 35.4801 -10 -5.4801
2 24 37.1601 -8 -2.9658 35.4801 -8 -5.4801
2 24 32.9658 10 -7.1601 35.4801 10 -5.4801
2 24 33.5398 10 -8.5459 36.5407 10 -6.5407
2 24 51.2132 6.1249 21.2132 49.6487 5.7114 22.7777
2 24 51.2132 9.25 21.2132 48.7102 8.5459 23.7163
2 24 27.0342 -8 7.1601 30 -8 7.75
2 24 27.0342 -10 7.1601 30 -10 7.75
2 24 36.4835 -2.8309 10.4871 36.0641 -2.6116 10.9065
2 24 49.2115 -2.8309 23.215 48.792 -2.6116 23.6345
2 24 53.7163 8.5459 18.7102 55.8382 6.5407 16.5882
2 24 36.4853 2.8284 10.4853 49.2132 2.8284 23.2132
2 24 36.4853 2.8284 10.4853 35.4338 2.2125 11.5367
2 24 49.2132 2.8284 23.2132 48.1618 2.2125 24.2647
2 24 37.0711 -6.1245 7.0711 35.3033 -5.5916 8.8388
2 24 27.6082 8 5.7742 30 8 6.25
2 24 27.6082 -8 5.7742 30 -8 6.25
2 24 30 10 7.75 32.9658 10 7.1601
2 24 30 8 7.75 32.9658 8 7.1601
2 24 53.215 2.8309 19.2115 40.487 2.8309 6.4835
2 24 53.215 2.8309 19.2115 53.6345 2.6116 18.792
2 24 40.487 2.8309 6.4835 40.9065 2.6116 6.0641
2 24 37.0711 -6.1245 7.0711 38.6355 -5.7114 5.5066
2 24 34.5296 -2.5 8.0651 34.5296 -5.5916 8.0651
2 24 34.5296 -2.5 8.0651 35.3033 -2.5 8.8388
2 24 34.5296 -5.5916 8.0651 35.3033 -5.5916 8.8388
2 24 35.3033 -2.5 8.8388 35.3033 -5.5916 8.8388
2 24 55.2518 -2.2125 17.1746 42.5239 -2.2125 4.4467
2 24 54.2647 -2.2125 18.1618 55.2518 -2.2125 17.1746
2 24 41.5367 -2.2125 5.4338 42.5239 -2.2125 4.4467
2 24 38.8388 -5.6939 5.3033 38.0651 -5.6939 4.5296
2 24 38.8388 -5.6939 5.3033 38.8388 -2.5 5.3033
2 24 38.0651 -5.6939 4.5296 38.0651 -2.5 4.5296
2 24 38.8388 -2.5 5.3033 38.0651 -2.5 4.5296
2 24 32.3918 -8 -5.7742 34.4194 -8 -4.4194
2 24 32.9658 -8 -7.1601 35.4801 -8 -5.4801
2 24 35.4801 8 5.4801 32.9658 8 7.1601
2 24 35.4801 10 5.4801 32.9658 10 7.1601
2 24 37.1601 -8 -2.9658 37.75 -8 0
2 24 35.7743 -8 -2.3918 36.25 -8 0
2 24 34.4194 -8 4.4194 32.3918 -8 5.7742
2 24 35.4801 -8 5.4801 32.9658 -8 7.1601
2 24 33.5398 -10 8.5459 36.5407 -10 6.5407
2 24 32.9658 -10 7.1601 35.4801 -10 5.4801
2 24 35.4801 -10 5.4801 37.1601 -10 2.9658
2 24 36.5407 -10 6.5407 38.5459 -10 3.5398
2 24 36.5407 10 6.5407 33.5398 10 8.5459
2 24 33.5398 10 -8.5459 36.5407 10 -6.5407
2 24 36.25 8 0 35.7742 8 2.3918
2 24 37.75 8 0 37.1601 8 2.9658
2 24 39.25 10 0 38.5459 10 3.5398
2 24 26.4602 -10 8.5459 30 -10 9.25
2 24 27.0342 -10 7.1601 30 -10 7.75
2 24 37.1601 -10 2.9658 35.4801 -10 5.4801
2 24 37.1601 -8 2.9658 35.4801 -8 5.4801
2 24 26.4602 -10 8.5459 30 -10 9.25
2 24 26.4602 -3.5398 8.5459 30 -6.5407 9.25
2 24 32.9658 -8 -7.1601 35.4801 -8 -5.4801
2 24 32.9658 -10 -7.1601 35.4801 -10 -5.4801
2 24 36.5407 10 6.5407 38.5459 10 3.5398
2 24 38.5459 -9.1441 3.5398 36.5407 -9.25 6.5407
2 24 38.5459 -10 3.5398 36.5407 -10 6.5407
2 24 37.1601 -8 2.9658 37.75 -8 0
2 24 35.7742 -8 2.3918 36.25 -8 0
2 24 36.5407 -9.25 6.5407 38.5459 -9.1441 3.5398
2 24 37.1601 8 -2.9658 35.4801 8 -5.4801
2 24 35.7743 8 -2.3918 34.4194 8 -4.4194
2 24 38.5459 -10 3.5398 39.25 -10 0
2 24 38.5459 -9.1441 3.5398 39.25 -8.8875 0
2 24 32.3918 8 5.7742 34.4194 8 4.4194
2 24 32.3918 -8 5.7742 34.4194 -8 4.4194
2 24 27.0342 10 7.1601 30 10 7.75
2 24 26.4602 10 8.5459 30 10 9.25
2 24 30 -8 6.25 32.3918 -8 5.7742
2 24 30 -8 7.75 32.9658 -8 7.1601
2 24 33.5398 -10 8.5459 36.5407 -10 6.5407
2 24 33.5398 -8.5459 8.5459 36.5407 -9.25 6.5407
2 24 53.215 2.8309 19.2115 53.0599 3.4241 19.3665
2 24 37.1601 10 2.9658 37.75 10 0
2 24 37.1601 8 2.9658 37.75 8 0
2 24 35.7743 8 -2.3918 34.4194 8 -4.4194
2 24 35.7743 -8 -2.3918 34.4194 -8 -4.4194
2 24 53.1854 5.4531 19.241 40.4575 5.4531 6.5131
2 24 53.1854 5.4531 19.241 53.0599 3.4241 19.3665
2 24 40.4575 5.4531 6.5131 40.332 3.4241 6.6386
2 24 53.2132 -2.8284 19.2132 54.2647 -2.2125 18.1618
2 24 37.0643 -2.5 7.0779 38.8388 -2.5 5.3033
2 24 38.8388 -2.5 5.3033 38.0651 -2.5 4.5296
2 24 36.5407 -2.5 6.5407 38.0651 -2.5 4.5296
2 24 30 -8 7.75 32.9658 -8 7.1601
2 24 30 -10 7.75 32.9658 -10 7.1601
2 24 40.487 2.8309 6.4835 40.332 3.4241 6.6386
2 24 53.215 2.8309 19.2115 53.0599 3.4241 19.3665
2 24 39.25 -10 0 38.5459 -10 3.5398
2 24 37.75 -10 0 37.1601 -10 2.9658
2 24 39.25 -10 0 38.5459 -10 -3.5398
2 24 39.25 -8.8875 0 38.5459 -8.6298 -3.5398
2 24 37.0711 -6.1245 7.0711 35.3033 -5.5916 8.8388
2 24 37.0643 -2.5 7.0779 35.3033 -2.5 8.8388
2 24 51.2132 -6.1245 21.2132 52.7777 -5.7114 19.6488
2 24 51.2132 -9.25 21.2132 53.716 -9.1441 18.7105
2 24 26.4602 0 8.5459 30.5703 0 9.2324
2 24 26.4602 10 8.5459 30 10 9.25
2 24 36.5407 -10 -6.5407 38.5459 -10 -3.5398
2 24 36.5407 -8.5227 -6.5407 38.5459 -8.6298 -3.5398
2 24 36.5407 -4.9764 -6.5407 38.5459 -5.0904 -3.5398
2 24 30.9545 -1.839 9.2169 31.8493 -3.4282 9.0275
2 24 34.6294 -2.7891 12.3412 34.8962 -3.4282 12.0744
2 24 41.9976 -1.4356 -29.0216 43.5148 -1.3445 -28.2725
2 24 41.2852 1.6127 -27.3018 42.8021 1.7048 -26.553
2 24 42.8021 1.7048 -26.553 43.9088 1.7608 -25.6015
2 24 43.5148 -1.3445 -28.2725 44.6212 -1.2876 -27.3214
2 24 33.5398 -5.0752 -8.5459 36.5407 -4.9764 -6.5407
2 24 51.2132 -9.25 21.2132 53.716 -9.1441 18.7105
2 24 38.5459 -5.0904 -3.5398 36.5407 -4.9764 -6.5407
2 24 35.4801 -8 5.4801 32.9658 -8 7.1601
2 24 35.4801 -10 5.4801 32.9658 -10 7.1601
2 24 70.5407 -2.3856 1.481 67.8989 -4.2647 4.5276
2 24 69.3237 0.6652 2.6981 66.7814 -1.1323 5.6451
2 24 38.5459 10 3.5398 36.5407 10 6.5407
2 24 37.1601 10 2.9658 35.4801 10 5.4801
2 24 41.2852 1.6127 -27.3018 42.8021 1.7048 -26.553
2 24 39.25 -5.3645 0 38.5459 -5.0904 -3.5398
2 24 59.4566 -1.2876 -12.486 44.6212 -1.2876 -27.3214
2 24 58.2405 1.7607 -11.2699 68.3167 1.7607 -1.1936
2 24 59.4566 -1.2876 -12.486 69.5328 -1.2876 -2.4097
2 24 68.3167 1.7607 -1.1936 69.1549 1.6211 -0.0033
2 24 69.5328 -1.2876 -2.4097 70.371 -1.4272 -1.2194
2 24 69.1549 1.6211 -0.0033 69.511 1.2305 1.3611
2 24 70.371 -1.4272 -1.2194 70.7274 -1.8184 0.1448
2 24 58.2405 1.7607 -11.2699 68.3167 1.7607 -1.1936
2 24 32.2198 0 15.3013 26.1685 0 9.25
2 24 26.1685 0 9.25 26.4602 -3.5398 8.5459
2 24 48.7102 -8.5459 23.7163 46.5882 -6.5407 25.8382
2 24 45.1703 3.5398 27.2561 46.5882 6.5407 25.8382
2 24 53.0599 3.4241 19.3665 53.1854 5.4531 19.241
2 24 55.8382 6.5407 16.5882 53.7163 8.5459 18.7102
2 24 40.4575 5.4531 6.5131 53.1854 5.4531 19.241
2 24 38.4853 6.1249 8.4853 40.4575 5.4531 6.5131
2 24 51.2132 6.1249 21.2132 53.1854 5.4531 19.241
2 24 32.9214 0 14.0492 34.1543 0 12.8163
2 24 30.5703 0 9.2324 34.1543 0 12.8163
2 24 41.9976 -1.4356 -29.0216 43.5148 -1.3445 -28.2725
2 24 42.8021 1.7048 -26.553 43.9088 1.7608 -25.6015
2 24 39.0723 -5.5124 1.8046 38.5459 -5.6374 3.5398
2 24 42.3861 -5.4761 4.5845 44.0932 -5.152 2.8774
2 24 38.0651 -5.6939 4.5296 38.8388 -5.6939 5.3033
2 24 38.5459 -5.6374 3.5398 38.0651 -5.6939 4.5296
2 24 40.0498 -4.3154 6.9208 40.4853 -2.8284 6.4853
2 24 26.4602 -3.5398 8.5459 30 -6.5407 9.25
2 24 33.5398 -8.6164 -8.5459 36.5407 -8.5227 -6.5407
2 24 33.5398 -5.0752 -8.5459 36.5407 -4.9764 -6.5407
2 24 31.8493 -3.4282 9.0275 32.5606 -4.1861 8.8472
2 24 33.5398 10 8.5459 31.8046 10 9.0723
2 24 57.7846 -4.9691 14.6418 57.754 0 14.6725
2 24 55.2518 -2.2125 17.1746 55.5442 0 16.8822
2 24 38.5459 -5.6374 3.5398 39.0723 -5.5124 1.8046
2 24 39.0723 -5.5124 1.8046 39.25 -5.3645 0
2 24 34.5296 -2.5 8.0651 35.3033 -2.5 8.8388
2 24 36.5407 -2.5 6.5407 34.5296 -2.5 8.0651
2 24 37.0643 -2.5 7.0779 35.3033 -2.5 8.8388
2 24 34.6294 -2.7891 12.3412 36.0641 -2.6116 10.9065
2 24 34.8962 -3.4282 12.0744 34.6294 -2.7891 12.3412
2 24 53.6345 2.6116 18.792 55.0692 2.7891 17.3573
2 24 40.9065 2.6116 6.0641 42.3412 2.7891 4.6294
2 24 55.0692 2.7891 17.3573 42.3412 2.7891 4.6294
2 24 39.25 -8.8875 0 38.5459 -8.6298 -3.5398
2 24 38.8388 -2.5 5.3033 38.8388 -5.6939 5.3033
2 24 38.6355 -5.7114 5.5066 38.8388 -5.6939 5.3033
2 24 57.7846 -4.9691 14.6418 61.9759 -3.6295 10.4506
2 24 58.3443 -8.3845 14.0821 62.9952 -6.8563 9.4312
2 24 66.7814 -1.1323 5.6451 61.9759 -3.6295 10.4506
2 24 67.8989 -4.2647 4.5276 62.9952 -6.8563 9.4312
2 24 36.4853 2.8284 10.4853 36.9208 4.3154 10.0498
2 24 49.2132 2.8284 23.2132 49.6487 4.3154 22.7777
2 24 36.5131 -5.4531 10.4575 35.9183 -4.8577 11.0523
2 24 34.6294 -2.7891 12.3412 47.3573 -2.7891 25.0692
2 24 46.8827 0 25.5437 47.3573 -2.7891 25.0692
2 24 30.9545 -1.839 9.2169 30.5703 0 9.2324
2 24 34.1543 0 12.8163 30.5703 0 9.2324
2 24 30 10 9.25 31.8046 10 9.0723
2 24 51.2132 9.25 21.2132 53.7163 8.5459 18.7102
2 24 51.2132 6.1249 21.2132 53.1854 5.4531 19.241
2 24 34.8962 -3.4282 12.0744 35.342 -4.1861 11.6286
2 24 31.8493 -3.4282 9.0275 32.5606 -4.1861 8.8472
2 24 36.5131 -5.4531 10.4575 35.9183 -4.8577 11.0523
2 24 36.6386 -3.4241 10.332 36.5131 -5.4531 10.4575
2 24 53.6345 2.6116 18.792 53.215 2.8309 19.2115
2 24 49.6487 5.7114 22.7777 49.6487 4.3154 22.7777
2 24 48.7102 8.5459 23.7163 46.5882 6.5407 25.8382
2 24 57.2561 3.5398 15.1704 57.754 0 14.6725
2 24 55.0692 2.7891 17.3573 55.5442 0 16.8822
2 24 47.3573 -2.7891 25.0692 46.8827 0 25.5437
2 24 45.1703 -3.5398 27.2561 44.6725 0 27.754
2 24 49.241 -5.4531 23.1854 36.5131 -5.4531 10.4575
2 24 49.3666 -3.4241 23.0599 49.241 -5.4531 23.1854
2 24 36.6386 -3.4241 10.332 36.5131 -5.4531 10.4575
2 24 47.1746 2.2125 25.2518 34.4467 2.2125 12.5239
2 24 48.1618 2.2125 24.2647 47.1746 2.2125 25.2518
2 24 35.4338 2.2125 11.5367 34.4467 2.2125 12.5239
2 24 40.0498 -5.7114 6.9208 52.7777 -5.7114 19.6488
2 24 40.0498 -4.3154 6.9208 40.0498 -5.7114 6.9208
2 24 52.7777 -4.3154 19.6488 52.7777 -5.7114 19.6488
2 24 49.6487 4.3154 22.7777 49.6487 5.7114 22.7777
2 24 36.9208 4.3154 10.0498 36.9208 5.7114 10.0498
2 24 49.6487 5.7114 22.7777 36.9208 5.7114 10.0498
2 24 40.0498 -4.3154 6.9208 40.0498 -5.7114 6.9208
2 24 42.3861 -5.4761 4.5845 40.0498 -5.7114 6.9208
2 24 34.6294 -2.7891 12.3412 47.3573 -2.7891 25.0692
2 24 36.0641 -2.6116 10.9065 34.6294 -2.7891 12.3412
2 24 48.792 -2.6116 23.6345 47.3573 -2.7891 25.0692
2 24 38.5459 -9.1441 3.5398 39.25 -8.8875 0
2 24 35.9183 -4.8577 11.0523 35.342 -4.1861 11.6286
2 24 32.5606 -4.1861 8.8472 33.4487 -4.8577 8.5828
2 24 36.5407 -2.5 6.5407 38.0651 -2.5 4.5296
2 24 36.5407 -2.5 6.5407 34.5296 -2.5 8.0651
2 24 38.5459 -5.6374 3.5398 38.0651 -5.6939 4.5296
2 24 38.0651 -2.5 4.5296 38.0651 -5.6939 4.5296
2 24 38.5459 -5.0904 -3.5398 39.25 -5.3645 0
2 24 46.5882 -6.5407 25.8382 48.7102 -8.5459 23.7163
2 24 46.8827 0 25.5437 47.1746 2.2125 25.2518
2 24 44.6725 0 27.754 45.1703 3.5398 27.2561
2 24 48.1618 2.2125 24.2647 49.2132 2.8284 23.2132
2 24 38.6355 -5.7114 5.5066 38.8388 -5.6939 5.3033
2 24 40.0498 -5.7114 6.9208 42.3861 -5.4761 4.5845
2 24 51.2132 -6.1245 21.2132 49.241 -5.4531 23.1854
2 24 51.2132 -9.25 21.2132 48.7102 -8.5459 23.7163
2 24 49.6487 4.3154 22.7777 49.2132 2.8284 23.2132
2 24 45.1703 -3.5398 27.2561 46.5882 -6.5407 25.8382
2 24 47.1746 2.2125 25.2518 48.1618 2.2125 24.2647
2 24 46.5882 6.5407 25.8382 45.1703 3.5398 27.2561
2 24 47.3573 -2.7891 25.0692 48.792 -2.6116 23.6345
2 24 49.3666 -3.4241 23.0599 49.2115 -2.8309 23.215
2 24 48.792 -2.6116 23.6345 49.2115 -2.8309 23.215
2 24 40.4853 -2.8284 6.4853 41.5367 -2.2125 5.4338
2 24 55.8382 -8.8875 16.5882 58.3443 -8.3845 14.0821
2 24 42.8163 0 4.1543 42.3412 2.7891 4.6294
2 24 55.5442 0 16.8822 55.0692 2.7891 17.3573
2 24 42.3412 2.7891 4.6294 55.0692 2.7891 17.3573
2 24 66.7814 -1.1323 5.6451 69.3237 0.6652 2.6981
2 24 69.3237 0.6652 2.6981 69.511 1.2305 1.3611
2 24 61.9759 -3.6295 10.4506 57.7846 -4.9691 14.6418
2 24 57.7846 -4.9691 14.6418 46.0289 -4.9691 2.8861
2 24 61.9759 -3.6295 10.4506 66.7814 -1.1323 5.6451
2 24 69.3237 0.6652 2.6981 69.511 1.2305 1.3611
2 24 70.5407 -2.3856 1.481 70.7274 -1.8184 0.1448
2 24 70.371 -1.4272 -1.2194 70.7274 -1.8184 0.1448
2 24 43.9088 1.7608 -25.6015 58.2405 1.7607 -11.2699
2 24 44.6212 -1.2876 -27.3214 59.4566 -1.2876 -12.486
2 24 45.0548 -4.9691 2.4853 46.0289 -4.9691 2.8861
2 24 58.2405 1.7607 -11.2699 43.9088 1.7608 -25.6015
2 24 44.6212 -1.2876 -27.3214 43.5148 -1.3445 -28.2725
2 24 30 -6.5407 9.25 33.5398 -8.5459 8.5459
2 24 53.716 -9.1441 18.7105 55.8382 -8.8875 16.5882
2 24 36.5407 -8.5227 -6.5407 38.5459 -8.6298 -3.5398
2 24 44.6725 0 27.754 45.1703 -3.5398 27.2561
2 24 59.4566 -1.2876 -12.486 69.5328 -1.2876 -2.4097
2 24 46.5882 -6.5407 25.8382 45.1703 -3.5398 27.2561
2 24 62.9952 -6.8563 9.4312 58.3443 -8.3845 14.0821
2 24 36.5407 -9.25 6.5407 33.5398 -8.5459 8.5459
2 24 55.8382 -8.8875 16.5882 58.3443 -8.3845 14.0821
2 24 67.8989 -4.2647 4.5276 70.5407 -2.3856 1.481
2 24 41.5367 -2.2125 5.4338 42.5239 -2.2125 4.4467
2 24 42.3861 -5.4761 4.5845 44.0932 -5.152 2.8774
2 24 34.8962 -3.4282 12.0744 35.342 -4.1861 11.6286
2 24 36.0641 -2.6116 10.9065 36.4835 -2.8309 10.4871
2 24 51.2132 -6.1245 21.2132 52.7777 -5.7114 19.6488
2 24 40.0498 -5.7114 6.9208 52.7777 -5.7114 19.6488
2 24 36.5131 -5.4531 10.4575 49.241 -5.4531 23.1854
2 24 51.2132 -6.1245 21.2132 49.241 -5.4531 23.1854
2 24 36.6386 -3.4241 10.332 36.4835 -2.8309 10.4871
2 24 35.9183 -4.8577 11.0523 35.342 -4.1861 11.6286
2 24 33.4487 -4.8577 8.5828 34.5296 -5.5916 8.0651
2 24 34.5296 -2.5 8.0651 34.5296 -5.5916 8.0651
2 24 30.5703 0 9.2324 30.9545 -1.839 9.2169
2 24 31.8493 -3.4282 9.0275 30.9545 -1.839 9.2169
2 24 26.1685 0 9.25 32.2198 0 15.3013
2 24 23.4593 -5.3645 -6.5407 22.3089 -5.5124 -5.139
2 24 17.5973 0 9.25 18 0 7.8685
2 24 17.5973 0 9.25 17.5973 3.385 8.1721
2 24 18 -5.152 -7.9307 17.5973 -4.9691 -9.0155
2 24 17.5973 -4.9691 -9.0155 17.5973 -0.0215 -8.8475
2 24 17.5973 -4.9691 -9.0155 16.6251 -4.9691 -9.2934
2 24 45.0548 -4.9691 2.4853 45.0261 -0.0215 2.5139
2 24 45.0548 -4.9691 2.4853 46.0289 -4.9691 2.8861
2 24 44.0932 -5.152 2.8774 45.0548 -4.9691 2.4853
2 24 45.0261 -0.0215 2.5139 44.5485 3.385 2.9915
2 24 0 3.5398 -8.5459 0 6.5408 -6.5407
2 24 0 3.5398 8.5459 0 0 9.25
2 24 0 0 -9.25 0 -4.9691 -9.2934
2 24 16.6251 -4.9691 -9.2934 0 -4.9691 -9.2934
2 24 18 0 -6.1249 18 2.7891 -5.4531
2 24 18 2.7891 -5.4531 18 2.6116 -3.4241
2 24 18 -2.2125 -5.7114 18 0 -6.1249
2 24 18 3.4241 -2.6116 18 2.8309 -2.8309
2 24 18 3.4241 -2.6116 18 5.4531 -2.7891
2 24 18 2.6116 -3.4241 18 2.8309 -2.8309
2 24 18 6.1249 0 18 5.7114 2.2125
2 24 18 5.4531 -2.7891 18 6.1249 0
2 24 18 2.2125 4.3154 18 2.2125 5.7114
2 24 18 2.2125 5.7114 18 0 6.125
2 24 18 0 7.8685 18 0 6.125
2 24 57.2561 3.5398 15.1704 55.8382 6.5407 16.5882
2 24 46.5882 6.5407 25.8382 48.7102 8.5459 23.7163
2 24 51.2132 9.25 21.2132 48.7102 8.5459 23.7163
2 24 45.1703 3.5398 27.2561 44.6725 0 27.754
2 24 46.0289 -4.9691 2.8861 57.7846 -4.9691 14.6418
2 24 57.754 0 14.6725 57.7846 -4.9691 14.6418
2 24 42.3412 2.7891 4.6294 42.8163 0 4.1543
2 24 42.3412 2.7891 4.6294 40.9065 2.6116 6.0641
2 24 42.5239 -2.2125 4.4467 42.8163 0 4.1543
2 24 40.487 2.8309 6.4835 40.332 3.4241 6.6386
2 24 40.332 3.4241 6.6386 40.4575 5.4531 6.5131
2 24 40.9065 2.6116 6.0641 40.487 2.8309 6.4835
2 24 36.9208 5.7114 10.0498 38.4853 6.1249 8.4853
2 24 36.9208 5.7114 10.0498 36.9208 4.3154 10.0498
2 24 40.4575 5.4531 6.5131 38.4853 6.1249 8.4853
2 24 36.9208 4.3154 10.0498 36.4853 2.8284 10.4853
2 24 36.4853 2.8284 10.4853 35.4338 2.2125 11.5367
2 24 34.4467 2.2125 12.5239 34.1543 0 12.8163
2 24 32.9214 0 14.0492 34.1543 0 12.8163
2 24 17.5973 6.2546 -6.2546 17.5973 3.385 -8.172
2 24 17.5973 8.1721 3.385 17.5973 8.8454 0
2 24 17.5973 8.8454 0 17.5973 8.1721 -3.385
2 24 17.5973 3.385 8.1721 17.5973 6.2546 6.2546
2 24 17.5973 -0.0215 -8.8475 17.5973 3.385 -8.172
2 24 17.5973 8.1721 3.385 17.5973 6.2546 6.2546
2 24 17.5973 6.2546 -6.2546 17.5973 8.1721 -3.385
2 24 43.1927 6.2546 4.3474 41.1636 8.1721 6.3765
2 24 36.3765 8.1721 11.1636 34.3474 6.2546 13.1927
2 24 36.3765 8.1721 11.1636 38.77 8.8454 8.77
2 24 32.2198 0 15.3013 32.9915 3.385 14.5485
2 24 32.2198 0 15.3013 32.9214 0 14.0492
2 24 44.5485 3.385 2.9915 43.1927 6.2546 4.3474
2 24 34.3474 6.2546 13.1927 32.9915 3.385 14.5485
2 24 41.1636 8.1721 6.3765 38.77 8.8454 8.77
2 24 18 0 7.8685 17.5973 0 9.25
2 24 23.0684 0 6.125 26.4602 0 8.5459
2 24 26.4602 0 8.5459 30.5703 0 9.2324
2 24 32.9214 0 14.0492 32.2198 0 15.3013
2 24 16.6251 -4.9691 -9.2934 17.5973 -4.9691 -9.0155
2 24 18 -5.4761 -5.5166 18 -5.152 -7.9307
2 24 21.4541 -5.6374 -3.5398 22.3089 -5.5124 -5.139
2 24 45.0548 -4.9691 2.4853 44.0932 -5.152 2.8774
2 24 22.8399 10 2.9658 24.5199 10 5.4801
2 24 22.3089 10 5.139 23.4593 10 6.5407
2 24 33.5398 10 8.5459 31.8046 10 9.0723
2 24 22.3089 -3.4282 5.0757 22.8078 -1.839 5.8424
2 24 0 -4.3154 -2.2125 0 -2.8284 -2.8284
2 24 0 -8.8875 -6.5407 0 -8.3845 -10.0849
2 24 2.3156 -1.4773 -29.3201 1.099 -1.8685 -28.6074
2 24 70.7274 -1.8184 0.1448 70.5407 -2.3856 1.481
2 24 70.371 -1.4272 -1.2194 69.5328 -1.2876 -2.4097
2 24 68.3167 1.7607 -1.1936 69.1549 1.6211 -0.0033
2 24 69.511 1.2305 1.3611 69.1549 1.6211 -0.0033
2 24 18 2.2125 4.3154 18 2.8284 2.8284
2 24 18 2.8284 2.8284 18 4.3154 2.2125
2 24 18 5.7114 2.2125 18 4.3154 2.2125
2 24 52.7777 -4.3154 19.6488 52.7777 -5.7114 19.6488
2 24 55.8382 -8.8875 16.5882 53.716 -9.1441 18.7105
2 24 54.2647 -2.2125 18.1618 55.2518 -2.2125 17.1746
2 24 26.4602 -8.6298 -8.5459 23.4593 -8.8875 -6.5407
2 24 49.241 -5.4531 23.1854 49.3666 -3.4241 23.0599
2 24 35.4338 2.2125 11.5367 34.4467 2.2125 12.5239
2 24 32.5606 -4.1861 8.8472 33.4487 -4.8577 8.5828
2 24 35.3033 -5.5916 8.8388 34.5296 -5.5916 8.0651
2 24 33.4487 -4.8577 8.5828 34.5296 -5.5916 8.0651
0 STEP
