0 Minifigure, Weapon Gun, Pistol Revolver - Large Barrel and Hollow Handle
0 Name: bl_77078.dat
0 Author: 
0 BL_Item_No 77078
0 BFC CERTIFY CCW
3 16 1.6788 -11.9991 -3.5828 0.8798 -13.2632 -3.6369 1.6784 -11.9928 -3.7743
3 16 1.6784 -11.9928 -3.7743 0.8798 -13.2632 -3.6369 0.8515 -13.2729 -4.0122
3 16 1.6007 -0.0079 -3.7301 -0.0245 0 0 2.8959 0 -2.77
3 16 -0.0172 0 -4.0743 -0.0245 0 0 1.6007 -0.0079 -3.7301
3 16 -2.04 0 -3.5966 -0.0245 0 0 -0.0172 0 -4.0743
3 16 -3.5149 -0.0084 -2.1574 -0.0245 0 0 -2.04 0 -3.5966
3 16 -4.1249 0 -0.0028 -0.0245 0 0 -3.5149 -0.0084 -2.1574
3 16 3.7131 0 -1.4614 -0.0245 0 0 4.0267 0 0.0008
3 16 3.5189 -11.3455 -1.9889 4.0362 -11.4108 0.0023 3.5076 -11.3665 -1.851
3 16 3.5076 -11.3665 -1.851 4.0362 -11.4108 0.0023 3.9529 -11.4176 0
3 16 3.5076 -11.3665 -1.851 2.5828 -11.5172 -3.0788 3.5189 -11.3455 -1.9889
3 16 3.5189 -11.3455 -1.9889 2.5828 -11.5172 -3.0788 2.5207 -11.5384 -3.2324
3 16 -3.3549 -10.4075 -2.1203 -4.15 -8.6403 -0.0012 -3.5149 -0.0084 -2.1574
3 16 -3.5149 -0.0084 -2.1574 -4.15 -8.6403 -0.0012 -4.1249 0 -0.0028
3 16 -1.8949 -12.2034 -3.5494 -3.3549 -10.4075 -2.1203 -2.04 0 -3.5966
3 16 -2.04 0 -3.5966 -3.3549 -10.4075 -2.1203 -3.5149 -0.0084 -2.1574
3 16 -0.0237 -13.0736 -4.0413 -1.8949 -12.2034 -3.5494 -0.0172 0 -4.0743
3 16 -0.0172 0 -4.0743 -1.8949 -12.2034 -3.5494 -2.04 0 -3.5966
3 16 -0.0237 -13.0736 -4.0413 0.8515 -13.2729 -4.0122 -0.0222 -13.0859 -3.5514
3 16 -0.0222 -13.0859 -3.5514 0.8515 -13.2729 -4.0122 0.8798 -13.2632 -3.6369
3 16 21.9096 -31.5885 -1.6875 18.5812 -32.6538 -1.6875 18.4533 -29.8109 -1.7085
3 16 20.945 -33.291 -1.6875 20.3609 -33.9057 -1.6875 18.5812 -32.6538 -1.6875
3 16 18.5812 -32.6538 -1.6875 20.3609 -33.9057 -1.6875 18.764 -33.4462 -1.6698
3 16 18.764 -33.4462 -1.6698 20.3609 -33.9057 -1.6875 19.4889 -33.938 -1.6859
3 16 21.9096 -31.5885 -1.6875 21.6835 -31.9801 0 20.945 -33.291 -1.6875
3 16 20.945 -33.291 -1.6875 21.6835 -31.9801 0 20.9558 -33.29 0.0114
3 16 21.9096 -31.5885 -1.6875 20.945 -33.291 -1.6875 18.5812 -32.6538 -1.6875
3 16 18.4533 -29.8109 -1.7085 18.5812 -32.6538 -1.6875 18.5645 -30.261 0.0123
3 16 8.0954 -10.6267 -1.25 6.3341 -11.3426 -1.2499 8.0799 -10.6026 -0.0154
3 16 8.0799 -10.6026 -0.0154 6.3341 -11.3426 -1.2499 6.3235 -11.33 0.003
3 16 9.9228 -11.0606 -0.0073 9.9131 -11.0582 -1.241 8.0799 -10.6026 -0.0154
3 16 8.0799 -10.6026 -0.0154 9.9131 -11.0582 -1.241 8.0954 -10.6267 -1.25
3 16 11.4782 -14.3239 -1.25 11.3027 -12.4151 -1.25 11.4862 -14.3326 -0.0213
3 16 11.4862 -14.3326 -0.0213 11.3027 -12.4151 -1.25 11.3095 -12.4037 0.0047
3 16 11.3095 -12.4037 0.0047 11.3027 -12.4151 -1.25 9.9228 -11.0606 -0.0073
3 16 9.9228 -11.0606 -0.0073 11.3027 -12.4151 -1.25 9.9131 -11.0582 -1.241
3 16 5.4638 -12.5735 -1.262 5.5787 -12.4136 -0.0167 6.3341 -11.3426 -1.2499
3 16 6.3341 -11.3426 -1.2499 5.5787 -12.4136 -0.0167 6.3235 -11.33 0.003
3 16 11.4862 -14.3326 -0.0213 11.2158 -15.5266 -0.0161 11.4782 -14.3239 -1.25
3 16 11.4782 -14.3239 -1.25 11.2158 -15.5266 -0.0161 10.8798 -15.6927 -1.25
3 16 6.3341 -11.3426 -1.2499 11.4782 -14.3239 -1.25 5.4638 -12.5735 -1.262
3 16 5.4638 -12.5735 -1.262 11.4782 -14.3239 -1.25 10.8798 -15.6927 -1.25
3 16 8.0954 -10.6267 -1.25 9.9131 -11.0582 -1.241 11.3027 -12.4151 -1.25
3 16 6.3341 -11.3426 -1.2499 8.0954 -10.6267 -1.25 11.4782 -14.3239 -1.25
3 16 11.4782 -14.3239 -1.25 8.0954 -10.6267 -1.25 11.3027 -12.4151 -1.25
3 16 3.6996 -12.736 -1.8547 4.2601 -13.5125 -1.8731 2.5576 -13.6076 -3.2762
3 16 2.5576 -13.6076 -3.2762 4.2601 -13.5125 -1.8731 3.3549 -14.4861 -3.2457
3 16 2.5576 -13.6076 -3.2762 3.3549 -14.4861 -3.2457 1.5038 -14.5495 -3.7045
3 16 1.5038 -14.5495 -3.7045 3.3549 -14.4861 -3.2457 2.1182 -15.8161 -3.7481
3 16 -0.1013 -14.2905 -3.5502 1.5038 -14.5495 -3.7045 -0.4552 -15.9713 -3.2127
3 16 0.7952 -17.1738 -3.1933 -0.1345 -18.2143 -1.9883 -0.4552 -15.9713 -3.2127
3 16 -0.4552 -15.9713 -3.2127 -0.1345 -18.2143 -1.9883 -1.5537 -16.6889 -1.9662
3 16 4.1685 -12.4321 0.0647 4.5915 -13.1562 0 3.6996 -12.736 -1.8547
3 16 3.6996 -12.736 -1.8547 4.5915 -13.1562 0 4.2601 -13.5125 -1.8731
3 16 3.5076 -11.3665 -1.851 3.6996 -12.736 -1.8547 2.5828 -11.5172 -3.0788
3 16 2.5828 -11.5172 -3.0788 3.6996 -12.736 -1.8547 2.5576 -13.6076 -3.2762
3 16 1.6788 -11.9991 -3.5828 2.5576 -13.6076 -3.2762 0.8798 -13.2632 -3.6369
3 16 0.8798 -13.2632 -3.6369 2.5576 -13.6076 -3.2762 1.5038 -14.5495 -3.7045
3 16 2.5576 -13.6076 -3.2762 1.6788 -11.9991 -3.5828 2.5828 -11.5172 -3.0788
3 16 -1.5551 -14.4968 -3.0325 -0.1013 -14.2905 -3.5502 -0.4552 -15.9713 -3.2127
3 16 -2.7629 -14.6552 -1.9422 -1.5551 -14.4968 -3.0325 -1.5537 -16.6889 -1.9662
3 16 -1.5537 -16.6889 -1.9662 -1.5551 -14.4968 -3.0325 -0.4552 -15.9713 -3.2127
3 16 -1.5537 -16.6889 -1.9662 -2.0991 -16.9868 0.007 -2.7629 -14.6552 -1.9422
3 16 -2.7629 -14.6552 -1.9422 -2.0991 -16.9868 0.007 -3.2075 -14.7756 0.0437
3 16 3.5076 -11.3665 -1.851 3.9529 -11.4176 0 3.6996 -12.736 -1.8547
3 16 3.6996 -12.736 -1.8547 3.9529 -11.4176 0 4.1685 -12.4321 0.0647
3 16 -3.2984 -11.0221 -1.4936 -1.8621 -12.2188 -2.8832 -2.7629 -14.6552 -1.9422
3 16 -2.7629 -14.6552 -1.9422 -1.8621 -12.2188 -2.8832 -1.5551 -14.4968 -3.0325
3 16 -2.7629 -14.6552 -1.9422 -3.2075 -14.7756 0.0437 -3.2984 -11.0221 -1.4936
3 16 -3.2984 -11.0221 -1.4936 -3.2075 -14.7756 0.0437 -3.8262 -10.4095 0.0043
3 16 0.7952 -17.1738 -3.1933 2.1845 -18.2533 -3.2457 -0.1345 -18.2143 -1.9883
3 16 -0.1345 -18.2143 -1.9883 2.1845 -18.2533 -3.2457 1.2818 -19.6303 -1.6314
3 16 2.1182 -15.8161 -3.7481 3.122 -16.6295 -3.7481 0.7952 -17.1738 -3.1933
3 16 0.7952 -17.1738 -3.1933 3.122 -16.6295 -3.7481 2.1845 -18.2533 -3.2457
3 16 3.3549 -14.4861 -3.2457 4.0595 -15.0057 -3.2457 2.1182 -15.8161 -3.7481
3 16 2.1182 -15.8161 -3.7481 4.0595 -15.0057 -3.2457 3.122 -16.6295 -3.7481
3 16 4.7458 -13.817 -1.8731 4.0595 -15.0057 -3.2457 4.2601 -13.5125 -1.8731
3 16 4.2601 -13.5125 -1.8731 4.0595 -15.0057 -3.2457 3.3549 -14.4861 -3.2457
3 16 4.9737 -13.4223 0 4.7458 -13.817 -1.8731 4.5915 -13.1562 0
3 16 4.5915 -13.1562 0 4.7458 -13.817 -1.8731 4.2601 -13.5125 -1.8731
3 16 -3.005 -23.2076 -0.0132 -2.9759 -23.216 -1.6846 -2.1835 -23.0601 -0.0132
3 16 -2.1835 -23.0601 -0.0132 -2.9759 -23.216 -1.6846 -2.1507 -23.0488 -1.6846
3 16 -3.7123 -22.8611 0.015 -3.7352 -22.8495 -1.6846 -3.005 -23.2076 -0.0132
3 16 -3.005 -23.2076 -0.0132 -3.7352 -22.8495 -1.6846 -2.9759 -23.216 -1.6846
3 16 -4.1331 -22.0659 -1.6804 -3.7352 -22.8495 -1.6846 -4.1334 -22.0668 0.0154
3 16 -4.1334 -22.0668 0.0154 -3.7352 -22.8495 -1.6846 -3.7123 -22.8611 0.015
3 16 -3.9389 -21.2769 -1.6846 -4.1331 -22.0659 -1.6804 -3.9447 -21.285 0.0092
3 16 -3.9447 -21.285 0.0092 -4.1331 -22.0659 -1.6804 -4.1334 -22.0668 0.0154
3 16 -3.7352 -22.8495 -1.6846 -2.1507 -23.0488 -1.6846 -2.9759 -23.216 -1.6846
3 16 -4.1331 -22.0659 -1.6804 -2.1507 -23.0488 -1.6846 -3.7352 -22.8495 -1.6846
3 16 -3.9389 -21.2769 -1.6846 -2.1507 -23.0488 -1.6846 -4.1331 -22.0659 -1.6804
3 16 0.7882 -20.6718 -1.6904 1.2477 -21.03 -1.7077 -2.1507 -23.0488 -1.6846
3 16 0.7882 -20.6718 -1.6904 -2.1507 -23.0488 -1.6846 -3.9389 -21.2769 -1.6846
3 16 -0.1892 -18.3596 -1.6201 0.7882 -20.6718 -1.6904 -3.9389 -21.2769 -1.6846
3 16 -1.5724 -17.0062 -1.6249 -3.9389 -21.2769 -1.6846 -1.8065 -17.3095 0.0085
3 16 -1.8065 -17.3095 0.0085 -3.9389 -21.2769 -1.6846 -3.9447 -21.285 0.0092
3 16 -2.1835 -23.0601 -0.0132 -2.1507 -23.0488 -1.6846 0.934 -21.1888 -0.0161
3 16 0.934 -21.1888 -0.0161 -2.1507 -23.0488 -1.6846 1.2477 -21.03 -1.7077
3 16 3.1036 -16.6614 -4.9624 2.4216 -17.8426 -4.8108 3.122 -16.6295 -3.7481
3 16 3.122 -16.6295 -3.7481 2.4216 -17.8426 -4.8108 2.1845 -18.2533 -3.2457
3 16 4.3582 -14.4884 -4.3239 4.0003 -15.1084 -4.6655 4.0595 -15.0057 -3.2457
3 16 4.7458 -13.817 -1.8731 4.945 -13.4721 -3.3508 4.0595 -15.0057 -3.2457
3 16 4.0595 -15.0057 -3.2457 4.945 -13.4721 -3.3508 4.6909 -13.9121 -3.8617
3 16 4.7458 -13.817 -1.8731 5.3876 -12.7055 -2.0116 4.945 -13.4721 -3.3508
3 16 5.4638 -12.5735 -1.262 5.3876 -12.7055 -2.0116 4.7458 -13.817 -1.8731
3 16 3.795 -15.464 -4.8046 4.0595 -15.0057 -3.2457 4.0003 -15.1084 -4.6655
3 16 3.1036 -16.6614 -4.9624 3.122 -16.6295 -3.7481 3.795 -15.464 -4.8046
3 16 3.795 -15.464 -4.8046 3.122 -16.6295 -3.7481 4.0595 -15.0057 -3.2457
3 16 6.9988 -14.9147 -3.6078 4.945 -13.4721 -3.3508 5.3876 -12.7055 -2.0116
3 16 5.4638 -12.5735 -1.262 10.8798 -15.6927 -1.25 5.3876 -12.7055 -2.0116
3 16 5.3876 -12.7055 -2.0116 10.8798 -15.6927 -1.25 12.957 -17.0948 -2.0477
3 16 6.0115 -16.6249 -4.0844 5.9492 -16.7327 -4.8108 5.7347 -16.23 -4.1114
3 16 6.1982 -15.39 -3.5688 6.9988 -14.9147 -3.6078 6.7302 -15.3914 -3.3305
3 16 5.8907 -15.7646 -3.7461 6.1982 -15.39 -3.5688 6.3274 -16.0777 -3.3952
3 16 6.3274 -16.0777 -3.3952 6.1982 -15.39 -3.5688 6.7302 -15.3914 -3.3305
3 16 5.7347 -16.23 -4.1114 5.8907 -15.7646 -3.7461 6.0115 -16.6249 -4.0844
3 16 6.0115 -16.6249 -4.0844 5.8907 -15.7646 -3.7461 6.3274 -16.0777 -3.3952
3 16 6.0781 -14.713 -3.8617 6.9988 -14.9147 -3.6078 6.1982 -15.39 -3.5688
3 16 5.9492 -16.7327 -4.8108 5.3713 -15.8897 -4.6602 5.7347 -16.23 -4.1114
3 16 3.8123 -20.3962 -3.4894 3.5371 -20.9106 -3.6078 3.2915 -20.1346 -3.5846
3 16 3.858 -19.1783 -3.9957 4.5867 -19.0926 -4.8108 4.4806 -19.2803 -4.0654
3 16 3.5676 -19.0137 -4.6602 4.5867 -19.0926 -4.8108 3.858 -19.1783 -3.9957
3 16 3.5371 -20.9106 -3.6078 2.902 -20.2141 -3.8617 3.2915 -20.1346 -3.5846
3 16 2.1845 -18.2533 -3.2457 2.4216 -17.8426 -4.8108 2.2055 -18.217 -4.6655
3 16 9.0513 -23.8753 -2.1267 8.8514 -24.3543 -1.2535 8.5598 -24.7049 -2.5888
3 16 8.5598 -24.7049 -2.5888 8.8514 -24.3543 -1.2535 8.2729 -25.1164 -1.574
3 16 3.5371 -20.9106 -3.6078 3.8123 -20.3962 -3.4894 8.9497 -24.0356 -3.6078
3 16 8.9497 -24.0356 -3.6078 3.8123 -20.3962 -3.4894 9.3497 -23.3413 -3.4305
3 16 3.8123 -20.3962 -3.4894 4.1897 -19.7575 -3.3974 9.3497 -23.3413 -3.4305
3 16 9.3497 -23.3413 -3.4305 4.1897 -19.7575 -3.3974 9.6726 -22.8676 -3.6679
3 16 4.1897 -19.7575 -3.3974 4.4806 -19.2803 -4.0654 9.6726 -22.8676 -3.6679
3 16 9.6726 -22.8676 -3.6679 4.4806 -19.2803 -4.0654 9.9229 -22.3538 -4.09
3 16 4.4806 -19.2803 -4.0654 4.5867 -19.0926 -4.8108 9.9229 -22.3538 -4.09
3 16 9.9229 -22.3538 -4.09 4.5867 -19.0926 -4.8108 9.9993 -22.2176 -4.8108
3 16 0.9226 -20.4388 -2.4973 1.2608 -19.8533 -3.3508 1.4697 -20.7095 -2.5098
3 16 1.4697 -20.7095 -2.5098 1.2608 -19.8533 -3.3508 3.5371 -20.9106 -3.6078
3 16 1.5148 -19.4133 -3.8617 2.902 -20.2141 -3.8617 1.2608 -19.8533 -3.3508
3 16 1.2608 -19.8533 -3.3508 2.902 -20.2141 -3.8617 3.5371 -20.9106 -3.6078
3 16 1.8476 -18.837 -4.3239 2.9478 -19.4722 -4.3239 1.5148 -19.4133 -3.8617
3 16 1.5148 -19.4133 -3.8617 2.9478 -19.4722 -4.3239 2.902 -20.2141 -3.8617
3 16 3.5676 -19.0137 -4.6602 2.9478 -19.4722 -4.3239 2.2055 -18.217 -4.6655
3 16 2.2055 -18.217 -4.6655 2.9478 -19.4722 -4.3239 1.8476 -18.837 -4.3239
3 16 4.5867 -19.0926 -4.8108 3.5676 -19.0137 -4.6602 2.4216 -17.8426 -4.8108
3 16 2.4216 -17.8426 -4.8108 3.5676 -19.0137 -4.6602 2.2055 -18.217 -4.6655
3 16 9.9993 -22.2176 -4.8108 4.5867 -19.0926 -4.8108 10.6754 -21.0467 -5.0051
3 16 10.6754 -21.0467 -5.0051 4.5867 -19.0926 -4.8108 5.2434 -17.9245 -5.0071
3 16 3.1036 -16.6614 -4.9624 5.2434 -17.9245 -5.0071 2.4216 -17.8426 -4.8108
3 16 2.4216 -17.8426 -4.8108 5.2434 -17.9245 -5.0071 4.5867 -19.0926 -4.8108
3 16 3.795 -15.464 -4.8046 5.9492 -16.7327 -4.8108 3.1036 -16.6614 -4.9624
3 16 3.1036 -16.6614 -4.9624 5.9492 -16.7327 -4.8108 5.2434 -17.9245 -5.0071
3 16 4.0003 -15.1084 -4.6655 5.3713 -15.8897 -4.6602 3.795 -15.464 -4.8046
3 16 3.795 -15.464 -4.8046 5.3713 -15.8897 -4.6602 5.9492 -16.7327 -4.8108
3 16 4.3582 -14.4884 -4.3239 5.4585 -15.1236 -4.3239 4.0003 -15.1084 -4.6655
3 16 4.0003 -15.1084 -4.6655 5.4585 -15.1236 -4.3239 5.3713 -15.8897 -4.6602
3 16 6.0781 -14.713 -3.8617 5.4585 -15.1236 -4.3239 4.6909 -13.9121 -3.8617
3 16 4.6909 -13.9121 -3.8617 5.4585 -15.1236 -4.3239 4.3582 -14.4884 -4.3239
3 16 6.9988 -14.9147 -3.6078 6.0781 -14.713 -3.8617 4.945 -13.4721 -3.3508
3 16 4.945 -13.4721 -3.3508 6.0781 -14.713 -3.8617 4.6909 -13.9121 -3.8617
3 16 6.0115 -16.6249 -4.0844 11.4176 -19.7653 -4.1375 5.9492 -16.7327 -4.8108
3 16 5.9492 -16.7327 -4.8108 11.4176 -19.7653 -4.1375 11.3619 -19.8577 -4.8108
3 16 6.0115 -16.6249 -4.0844 6.3274 -16.0777 -3.3952 11.4176 -19.7653 -4.1375
3 16 11.4176 -19.7653 -4.1375 6.3274 -16.0777 -3.3952 11.7781 -19.2217 -3.6222
3 16 6.7302 -15.3914 -3.3305 12.0298 -18.6916 -3.3956 6.3274 -16.0777 -3.3952
3 16 6.3274 -16.0777 -3.3952 12.0298 -18.6916 -3.3956 11.7781 -19.2217 -3.6222
3 16 6.9988 -14.9147 -3.6078 12.4115 -18.0397 -3.6078 6.7302 -15.3914 -3.3305
3 16 6.7302 -15.3914 -3.3305 12.4115 -18.0397 -3.6078 12.0298 -18.6916 -3.3956
3 16 10.6754 -21.0467 -5.0051 11.3619 -19.8577 -4.8108 10.6887 -21.0469 -4.0997
3 16 10.6887 -21.0469 -4.0997 11.3619 -19.8577 -4.8108 11.4176 -19.7653 -4.1375
3 16 12.957 -17.0948 -2.0477 12.4115 -18.0397 -3.6078 6.9988 -14.9147 -3.6078
3 16 12.957 -17.0948 -2.0477 6.9988 -14.9147 -3.6078 5.3876 -12.7055 -2.0116
3 16 5.4585 -15.1236 -4.3239 6.0781 -14.713 -3.8617 5.8907 -15.7646 -3.7461
3 16 5.8907 -15.7646 -3.7461 6.0781 -14.713 -3.8617 6.1982 -15.39 -3.5688
3 16 5.4585 -15.1236 -4.3239 5.8907 -15.7646 -3.7461 5.3713 -15.8897 -4.6602
3 16 5.3713 -15.8897 -4.6602 5.8907 -15.7646 -3.7461 5.7347 -16.23 -4.1114
3 16 3.4589 -19.4537 -3.7606 3.858 -19.1783 -3.9957 4.1897 -19.7575 -3.3974
3 16 4.1897 -19.7575 -3.3974 3.858 -19.1783 -3.9957 4.4806 -19.2803 -4.0654
3 16 3.4589 -19.4537 -3.7606 4.1897 -19.7575 -3.3974 3.2915 -20.1346 -3.5846
3 16 3.2915 -20.1346 -3.5846 4.1897 -19.7575 -3.3974 3.8123 -20.3962 -3.4894
3 16 2.9478 -19.4722 -4.3239 3.4589 -19.4537 -3.7606 2.902 -20.2141 -3.8617
3 16 2.902 -20.2141 -3.8617 3.4589 -19.4537 -3.7606 3.2915 -20.1346 -3.5846
3 16 2.9478 -19.4722 -4.3239 3.5676 -19.0137 -4.6602 3.4589 -19.4537 -3.7606
3 16 3.4589 -19.4537 -3.7606 3.5676 -19.0137 -4.6602 3.858 -19.1783 -3.9957
3 16 1.2818 -19.6303 -1.6314 0.9226 -20.4388 -2.4973 0.7882 -20.6718 -1.6904
3 16 2.1845 -18.2533 -3.2457 2.2055 -18.217 -4.6655 1.8476 -18.837 -4.3239
3 16 4.0595 -15.0057 -3.2457 4.6909 -13.9121 -3.8617 4.3582 -14.4884 -4.3239
3 16 1.5148 -19.4133 -3.8617 1.2608 -19.8533 -3.3508 2.1845 -18.2533 -3.2457
3 16 2.1845 -18.2533 -3.2457 1.2608 -19.8533 -3.3508 1.2818 -19.6303 -1.6314
3 16 2.1845 -18.2533 -3.2457 1.8476 -18.837 -4.3239 1.5148 -19.4133 -3.8617
3 16 8.5598 -24.7049 -2.5888 8.9497 -24.0356 -3.6078 9.0513 -23.8753 -2.1267
3 16 9.0513 -23.8753 -2.1267 8.9497 -24.0356 -3.6078 9.3497 -23.3413 -3.4305
3 16 0.7882 -20.6718 -1.6904 0.9226 -20.4388 -2.4973 1.2477 -21.03 -1.7077
3 16 1.2477 -21.03 -1.7077 0.9226 -20.4388 -2.4973 1.4697 -20.7095 -2.5098
3 16 24.6647 -26.8165 -3.4425 25.3922 -25.5564 -1.9875 23.6935 -28.4986 0
3 16 22.0171 -23.6078 -1.9875 12.4018 -18.0564 -1.9875 22.2569 -23.1295 0
3 16 22.2569 -23.1295 0 12.4018 -18.0564 -1.9875 12.6681 -17.5952 0
3 16 19.3189 -28.3501 -3.5246 9.6726 -22.8676 -3.6679 20.2691 -26.5736 -4.0303
3 16 20.2691 -26.5736 -4.0303 9.6726 -22.8676 -3.6679 10.6887 -21.0469 -4.0997
3 16 21.25 -24.865 -3.4476 20.2691 -26.5736 -4.0303 11.7781 -19.2217 -3.6222
3 16 11.7781 -19.2217 -3.6222 20.2691 -26.5736 -4.0303 10.6887 -21.0469 -4.0997
3 16 22.0171 -23.6078 -1.9875 21.25 -24.865 -3.4476 12.4018 -18.0564 -1.9875
3 16 12.4018 -18.0564 -1.9875 21.25 -24.865 -3.4476 11.7781 -19.2217 -3.6222
3 16 23.6935 -28.4986 0 25.3922 -25.5564 -1.9875 25.6585 -25.0952 0
3 16 22.095 -31.2715 -2.3531 22.6772 -30.2589 -3.4425 23.6935 -28.4986 0
3 16 23.6935 -28.4986 0 21.6835 -31.9801 0 21.9096 -31.5885 -1.6875
3 16 23.6935 -28.4986 0 22.6772 -30.2589 -3.4425 23.671 -28.5377 -3.975
3 16 23.6935 -28.4986 0 23.671 -28.5377 -3.975 24.6647 -26.8165 -3.4425
3 16 19.3189 -28.3501 -3.5246 18.6325 -29.4627 -2.3397 9.6726 -22.8676 -3.6679
3 16 9.6726 -22.8676 -3.6679 18.6325 -29.4627 -2.3397 9.0513 -23.8753 -2.1267
3 16 -0.1892 -18.3596 -1.6201 1.2818 -19.6303 -1.6314 0.7882 -20.6718 -1.6904
3 16 -1.5724 -17.0062 -1.6249 -0.1892 -18.3596 -1.6201 -3.9389 -21.2769 -1.6846
3 16 20.3609 -33.9057 -1.6875 20.945 -33.291 -1.6875 20.3727 -33.9071 0.0072
3 16 20.3727 -33.9071 0.0072 20.945 -33.291 -1.6875 20.9558 -33.29 0.0114
3 16 19.4889 -33.938 -1.6859 20.3609 -33.9057 -1.6875 19.5317 -33.9365 0.0075
3 16 19.5317 -33.9365 0.0075 20.3609 -33.9057 -1.6875 20.3727 -33.9071 0.0072
3 16 19.4889 -33.938 -1.6859 19.5317 -33.9365 0.0075 18.764 -33.4462 -1.6698
3 16 18.764 -33.4462 -1.6698 19.5317 -33.9365 0.0075 18.7992 -33.4869 0.043
3 16 18.5812 -32.6538 -1.6875 18.764 -33.4462 -1.6698 18.568 -32.6613 0.0146
3 16 18.568 -32.6613 0.0146 18.764 -33.4462 -1.6698 18.7992 -33.4869 0.043
3 16 18.5812 -32.6538 -1.6875 18.568 -32.6613 0.0146 18.5645 -30.261 0.0123
3 16 -1.8949 -12.2034 -3.5494 -1.8621 -12.2188 -2.8832 -3.3549 -10.4075 -2.1203
3 16 -3.3549 -10.4075 -2.1203 -1.8621 -12.2188 -2.8832 -3.2984 -11.0221 -1.4936
3 16 -0.0237 -13.0736 -4.0413 -0.0222 -13.0859 -3.5514 -1.8949 -12.2034 -3.5494
3 16 -1.8949 -12.2034 -3.5494 -0.0222 -13.0859 -3.5514 -1.8621 -12.2188 -2.8832
3 16 -3.2984 -11.0221 -1.4936 -3.8262 -10.4095 0.0043 -3.3549 -10.4075 -2.1203
3 16 -3.3549 -10.4075 -2.1203 -3.8262 -10.4095 0.0043 -4.15 -8.6403 -0.0012
3 16 13.1806 -16.7076 0 12.6681 -17.5952 0 12.957 -17.0948 -2.0477
3 16 12.957 -17.0948 -2.0477 12.6681 -17.5952 0 12.4018 -18.0564 -1.9875
3 16 11.7781 -19.2217 -3.6222 12.0298 -18.6916 -3.3956 12.4018 -18.0564 -1.9875
3 16 11.4176 -19.7653 -4.1375 11.7781 -19.2217 -3.6222 10.6887 -21.0469 -4.0997
3 16 9.9229 -22.3538 -4.09 10.6887 -21.0469 -4.0997 9.6726 -22.8676 -3.6679
3 16 9.3497 -23.3413 -3.4305 9.6726 -22.8676 -3.6679 9.0513 -23.8753 -2.1267
3 16 18.4533 -29.8109 -1.7085 8.8514 -24.3543 -1.2535 18.6325 -29.4627 -2.3397
3 16 18.6325 -29.4627 -2.3397 8.8514 -24.3543 -1.2535 9.0513 -23.8753 -2.1267
3 16 0.934 -21.1888 -0.0161 1.2477 -21.03 -1.7077 8.1806 -25.3678 0
3 16 8.1806 -25.3678 0 1.2477 -21.03 -1.7077 8.2729 -25.1164 -1.574
3 16 1.2818 -19.6303 -1.6314 1.2608 -19.8533 -3.3508 0.9226 -20.4388 -2.4973
3 16 -1.5537 -16.6889 -1.9662 -0.1345 -18.2143 -1.9883 -1.5724 -17.0062 -1.6249
3 16 -1.5724 -17.0062 -1.6249 -0.1345 -18.2143 -1.9883 -0.1892 -18.3596 -1.6201
3 16 1.2818 -19.6303 -1.6314 -0.1892 -18.3596 -1.6201 -0.1345 -18.2143 -1.9883
3 16 11.2158 -15.5266 -0.0161 13.1806 -16.7076 0 10.8798 -15.6927 -1.25
3 16 10.8798 -15.6927 -1.25 13.1806 -16.7076 0 12.957 -17.0948 -2.0477
3 16 5.5787 -12.4136 -0.0167 5.4638 -12.5735 -1.262 4.9737 -13.4223 0
3 16 4.9737 -13.4223 0 5.4638 -12.5735 -1.262 4.7458 -13.817 -1.8731
3 16 21.9096 -31.5885 -1.6875 22.095 -31.2715 -2.3531 23.6935 -28.4986 0
3 16 -1.5537 -16.6889 -1.9662 -1.5724 -17.0062 -1.6249 -2.0991 -16.9868 0.007
3 16 -2.0991 -16.9868 0.007 -1.5724 -17.0062 -1.6249 -1.8065 -17.3095 0.0085
3 16 1.6831 -11.9964 3.5802 1.6649 -12.0076 3.7783 0.8758 -13.267 3.6376
3 16 0.8758 -13.267 3.6376 1.6649 -12.0076 3.7783 0.8583 -13.2604 4.0115
3 16 -2.0415 0 3.6022 -1.9198 -12.1661 3.5393 -0.0239 0 4.0973
3 16 -0.0239 0 4.0973 -1.9198 -12.1661 3.5393 -0.0218 -13.0681 4.0413
3 16 -3.5197 -0.0237 2.1486 -3.3611 -10.3987 2.0996 -2.0415 0 3.6022
3 16 -2.0415 0 3.6022 -3.3611 -10.3987 2.0996 -1.9198 -12.1661 3.5393
3 16 -4.1249 0 -0.0028 -4.15 -8.6403 -0.0012 -3.5197 -0.0237 2.1486
3 16 -3.5197 -0.0237 2.1486 -4.15 -8.6403 -0.0012 -3.3611 -10.3987 2.0996
3 16 3.5174 -11.3439 1.9933 3.5035 -11.3642 1.8556 4.0362 -11.4108 0.0023
3 16 4.0362 -11.4108 0.0023 3.5035 -11.3642 1.8556 3.9529 -11.4176 0
3 16 1.5902 0 3.7283 2.8973 0 2.7689 -0.0245 0 0
3 16 -0.0239 0 4.0973 1.5902 0 3.7283 -0.0245 0 0
3 16 -2.0415 0 3.6022 -0.0239 0 4.0973 -0.0245 0 0
3 16 -3.5197 -0.0237 2.1486 -2.0415 0 3.6022 -0.0245 0 0
3 16 -4.1249 0 -0.0028 -3.5197 -0.0237 2.1486 -0.0245 0 0
3 16 3.7271 0 1.4664 4.0267 0 0.0008 -0.0245 0 0
3 16 1.6649 -12.0076 3.7783 1.6831 -11.9964 3.5802 2.5172 -11.5242 3.2345
3 16 2.5172 -11.5242 3.2345 1.6831 -11.9964 3.5802 2.6619 -11.4825 2.9268
3 16 21.9096 -31.5885 1.6875 18.4455 -29.8289 1.6573 18.5861 -32.6697 1.6875
3 16 20.947 -33.2966 1.6875 18.5861 -32.6697 1.6875 20.3729 -33.9024 1.6875
3 16 18.5861 -32.6697 1.6875 18.7813 -33.4751 1.6482 20.3729 -33.9024 1.6875
3 16 18.7813 -33.4751 1.6482 19.5007 -33.9276 1.6875 20.3729 -33.9024 1.6875
3 16 21.9096 -31.5885 1.6875 18.5861 -32.6697 1.6875 20.947 -33.2966 1.6875
3 16 18.4455 -29.8289 1.6573 18.5645 -30.261 0.0123 18.5861 -32.6697 1.6875
3 16 10.8798 -15.6927 1.25 11.2158 -15.5266 -0.0161 11.4881 -14.3144 1.25
3 16 11.4881 -14.3144 1.25 11.2158 -15.5266 -0.0161 11.4862 -14.3326 -0.0213
3 16 10.8798 -15.6927 1.25 11.4881 -14.3144 1.25 5.4638 -12.5735 1.262
3 16 5.4638 -12.5735 1.262 11.4881 -14.3144 1.25 6.3242 -11.3393 1.2498
3 16 6.3235 -11.33 0.003 6.3242 -11.3393 1.2498 8.0799 -10.6026 -0.0154
3 16 8.0799 -10.6026 -0.0154 6.3242 -11.3393 1.2498 8.1049 -10.6147 1.25
3 16 8.0799 -10.6026 -0.0154 8.1049 -10.6147 1.25 9.9228 -11.0606 -0.0073
3 16 9.9228 -11.0606 -0.0073 8.1049 -10.6147 1.25 9.9295 -11.0673 1.25
3 16 11.3095 -12.4037 0.0047 11.316 -12.4399 1.2374 11.4862 -14.3326 -0.0213
3 16 11.4862 -14.3326 -0.0213 11.316 -12.4399 1.2374 11.4881 -14.3144 1.25
3 16 9.9228 -11.0606 -0.0073 9.9295 -11.0673 1.25 11.3095 -12.4037 0.0047
3 16 11.3095 -12.4037 0.0047 9.9295 -11.0673 1.25 11.316 -12.4399 1.2374
3 16 6.3242 -11.3393 1.2498 11.4881 -14.3144 1.25 8.1049 -10.6147 1.25
3 16 8.1049 -10.6147 1.25 11.4881 -14.3144 1.25 11.316 -12.4399 1.2374
3 16 6.3235 -11.33 0.003 5.5787 -12.4136 -0.0167 6.3242 -11.3393 1.2498
3 16 6.3242 -11.3393 1.2498 5.5787 -12.4136 -0.0167 5.4638 -12.5735 1.262
3 16 8.1049 -10.6147 1.25 11.316 -12.4399 1.2374 9.9295 -11.0673 1.25
3 16 3.7615 -12.8414 1.8313 2.6267 -13.5844 3.2239 4.2601 -13.5125 1.8731
3 16 4.2601 -13.5125 1.8731 2.6267 -13.5844 3.2239 3.3549 -14.4861 3.2457
3 16 1.4799 -14.5065 3.7027 2.6267 -13.5844 3.2239 0.8758 -13.267 3.6376
3 16 0.8758 -13.267 3.6376 2.6267 -13.5844 3.2239 1.6831 -11.9964 3.5802
3 16 -0.0568 -13.0689 3.5395 -0.1632 -14.1121 3.5368 0.8758 -13.267 3.6376
3 16 0.8758 -13.267 3.6376 -0.1632 -14.1121 3.5368 1.4799 -14.5065 3.7027
3 16 -1.5033 -16.688 1.853 -0.0236 -18.1197 1.8731 -0.3508 -15.993 3.233
3 16 -0.3508 -15.993 3.233 -0.0236 -18.1197 1.8731 0.8982 -17.198 3.2203
3 16 4.1685 -12.4321 0.0647 3.7615 -12.8414 1.8313 4.5915 -13.1562 0
3 16 4.5915 -13.1562 0 3.7615 -12.8414 1.8313 4.2601 -13.5125 1.8731
3 16 3.9529 -11.4176 0 3.5035 -11.3642 1.8556 4.1685 -12.4321 0.0647
3 16 4.1685 -12.4321 0.0647 3.5035 -11.3642 1.8556 3.7615 -12.8414 1.8313
3 16 3.5035 -11.3642 1.8556 2.6619 -11.4825 2.9268 3.7615 -12.8414 1.8313
3 16 3.7615 -12.8414 1.8313 2.6619 -11.4825 2.9268 2.6267 -13.5844 3.2239
3 16 2.6267 -13.5844 3.2239 2.6619 -11.4825 2.9268 1.6831 -11.9964 3.5802
3 16 -1.9107 -12.2005 2.859 -1.4739 -14.3783 3.0642 -0.0568 -13.0689 3.5395
3 16 -0.0568 -13.0689 3.5395 -1.4739 -14.3783 3.0642 -0.1632 -14.1121 3.5368
3 16 -1.4739 -14.3783 3.0642 -1.9107 -12.2005 2.859 -2.7711 -14.5946 1.9448
3 16 -2.7711 -14.5946 1.9448 -1.9107 -12.2005 2.859 -3.3434 -10.9931 1.4386
3 16 -2.7711 -14.5946 1.9448 -3.2075 -14.7756 0.0437 -1.5033 -16.688 1.853
3 16 -1.5033 -16.688 1.853 -3.2075 -14.7756 0.0437 -2.0991 -16.9868 0.007
3 16 -3.8262 -10.4095 0.0043 -3.2075 -14.7756 0.0437 -3.3434 -10.9931 1.4386
3 16 -3.3434 -10.9931 1.4386 -3.2075 -14.7756 0.0437 -2.7711 -14.5946 1.9448
3 16 0.8982 -17.198 3.2203 -0.0236 -18.1197 1.8731 2.112 -18.3425 3.3353
3 16 2.112 -18.3425 3.3353 -0.0236 -18.1197 1.8731 1.2854 -19.6275 1.6395
3 16 2.1182 -15.8161 3.7481 0.8982 -17.198 3.2203 3.122 -16.6295 3.7481
3 16 3.122 -16.6295 3.7481 0.8982 -17.198 3.2203 2.112 -18.3425 3.3353
3 16 3.3549 -14.4861 3.2457 2.1182 -15.8161 3.7481 4.0595 -15.0057 3.2457
3 16 4.0595 -15.0057 3.2457 2.1182 -15.8161 3.7481 3.122 -16.6295 3.7481
3 16 3.3549 -14.4861 3.2457 4.0595 -15.0057 3.2457 4.2601 -13.5125 1.8731
3 16 4.2601 -13.5125 1.8731 4.0595 -15.0057 3.2457 4.7458 -13.817 1.8731
3 16 4.2601 -13.5125 1.8731 4.7458 -13.817 1.8731 4.5915 -13.1562 0
3 16 4.5915 -13.1562 0 4.7458 -13.817 1.8731 4.9737 -13.4223 0
3 16 -3.005 -23.2076 -0.0132 -2.1835 -23.0601 -0.0132 -2.9705 -23.2184 1.6846
3 16 -2.9705 -23.2184 1.6846 -2.1835 -23.0601 -0.0132 -2.1842 -23.0426 1.6846
3 16 -3.005 -23.2076 -0.0132 -2.9705 -23.2184 1.6846 -3.7123 -22.8611 0.015
3 16 -3.7123 -22.8611 0.015 -2.9705 -23.2184 1.6846 -3.7364 -22.8486 1.6846
3 16 -3.7123 -22.8611 0.015 -3.7364 -22.8486 1.6846 -4.1334 -22.0668 0.0154
3 16 -4.1334 -22.0668 0.0154 -3.7364 -22.8486 1.6846 -4.1261 -22.0628 1.6846
3 16 -3.9447 -21.285 0.0092 -4.1334 -22.0668 0.0154 -3.9331 -21.2527 1.6677
3 16 -3.9331 -21.2527 1.6677 -4.1334 -22.0668 0.0154 -4.1261 -22.0628 1.6846
3 16 -3.7364 -22.8486 1.6846 -2.9705 -23.2184 1.6846 -2.1842 -23.0426 1.6846
3 16 -4.1261 -22.0628 1.6846 -3.7364 -22.8486 1.6846 -2.1842 -23.0426 1.6846
3 16 -3.9331 -21.2527 1.6677 -4.1261 -22.0628 1.6846 -2.1842 -23.0426 1.6846
3 16 -3.9447 -21.285 0.0092 -3.9331 -21.2527 1.6677 -1.8065 -17.3095 0.0085
3 16 -1.8065 -17.3095 0.0085 -3.9331 -21.2527 1.6677 -1.5608 -17.0461 1.5903
3 16 0.7882 -20.6718 1.6904 -2.1842 -23.0426 1.6846 1.2402 -21.0427 1.6979
3 16 0.7882 -20.6718 1.6904 -3.9331 -21.2527 1.6677 -2.1842 -23.0426 1.6846
3 16 -0.1844 -18.3604 1.6267 -3.9331 -21.2527 1.6677 0.7882 -20.6718 1.6904
3 16 1.2402 -21.0427 1.6979 -2.1842 -23.0426 1.6846 0.934 -21.1888 -0.0161
3 16 0.934 -21.1888 -0.0161 -2.1842 -23.0426 1.6846 -2.1835 -23.0601 -0.0132
3 16 4.5244 -19.2005 4.0844 9.9252 -22.3498 4.1037 4.5867 -19.0926 4.8108
3 16 4.5867 -19.0926 4.8108 9.9252 -22.3498 4.1037 9.9993 -22.2176 4.8108
3 16 3.5371 -20.9106 3.6078 8.9497 -24.0356 3.6078 3.8156 -20.4397 3.3305
3 16 3.8156 -20.4397 3.3305 8.9497 -24.0356 3.6078 9.358 -23.3203 3.4335
3 16 9.6829 -22.8611 3.673 9.9252 -22.3498 4.1037 4.2085 -19.7477 3.3952
3 16 4.2085 -19.7477 3.3952 9.9252 -22.3498 4.1037 4.5244 -19.2005 4.0844
3 16 3.8156 -20.4397 3.3305 9.358 -23.3203 3.4335 4.2085 -19.7477 3.3952
3 16 4.2085 -19.7477 3.3952 9.358 -23.3203 3.4335 9.6829 -22.8611 3.673
3 16 11.3619 -19.8577 4.8108 11.4152 -19.7686 4.1507 5.9492 -16.7327 4.8108
3 16 5.9492 -16.7327 4.8108 11.4152 -19.7686 4.1507 6.0115 -16.6249 4.0844
3 16 12.0295 -18.7019 3.3871 12.4115 -18.0397 3.6078 6.7302 -15.3914 3.3305
3 16 6.7302 -15.3914 3.3305 12.4115 -18.0397 3.6078 6.9988 -14.9147 3.6078
3 16 6.0115 -16.6249 4.0844 11.4152 -19.7686 4.1507 6.3274 -16.0777 3.3952
3 16 6.3274 -16.0777 3.3952 11.4152 -19.7686 4.1507 11.7928 -19.2221 3.6203
3 16 11.7928 -19.2221 3.6203 12.0295 -18.7019 3.3871 6.3274 -16.0777 3.3952
3 16 6.3274 -16.0777 3.3952 12.0295 -18.7019 3.3871 6.7302 -15.3914 3.3305
3 16 2.112 -18.3425 3.3353 2.4216 -17.8426 4.8108 3.122 -16.6295 3.7481
3 16 3.122 -16.6295 3.7481 2.4216 -17.8426 4.8108 3.1036 -16.6614 4.9624
3 16 4.3582 -14.4884 4.3239 4.0595 -15.0057 3.2457 4.0003 -15.1084 4.6655
3 16 4.7458 -13.817 1.8731 4.0595 -15.0057 3.2457 4.945 -13.4721 3.3508
3 16 4.945 -13.4721 3.3508 4.0595 -15.0057 3.2457 4.6909 -13.9121 3.8617
3 16 4.7458 -13.817 1.8731 4.945 -13.4721 3.3508 5.3876 -12.7055 2.0116
3 16 5.4638 -12.5735 1.262 4.7458 -13.817 1.8731 5.3876 -12.7055 2.0116
3 16 3.795 -15.464 4.8046 4.0003 -15.1084 4.6655 4.0595 -15.0057 3.2457
3 16 3.1036 -16.6614 4.9624 3.795 -15.464 4.8046 3.122 -16.6295 3.7481
3 16 3.122 -16.6295 3.7481 3.795 -15.464 4.8046 4.0595 -15.0057 3.2457
3 16 12.957 -17.0948 2.0477 12.4115 -18.0397 3.6078 12.4018 -18.0564 1.9875
3 16 12.4018 -18.0564 1.9875 12.4115 -18.0397 3.6078 12.0295 -18.7019 3.3871
3 16 1.8476 -18.837 4.3239 2.9478 -19.4722 4.3239 2.2055 -18.217 4.6655
3 16 2.2055 -18.217 4.6655 2.9478 -19.4722 4.3239 3.5676 -19.0137 4.6602
3 16 2.902 -20.2141 3.8617 2.9478 -19.4722 4.3239 1.5148 -19.4133 3.8617
3 16 1.5148 -19.4133 3.8617 2.9478 -19.4722 4.3239 1.8476 -18.837 4.3239
3 16 2.2055 -18.217 4.6655 3.5676 -19.0137 4.6602 2.4216 -17.8426 4.8108
3 16 2.4216 -17.8426 4.8108 3.5676 -19.0137 4.6602 4.5867 -19.0926 4.8108
3 16 2.4216 -17.8426 4.8108 4.5867 -19.0926 4.8108 3.1036 -16.6614 4.9624
3 16 3.1036 -16.6614 4.9624 4.5867 -19.0926 4.8108 5.2951 -17.9359 5.0092
3 16 10.6753 -21.0434 5.0087 11.3619 -19.8577 4.8108 5.2951 -17.9359 5.0092
3 16 5.2951 -17.9359 5.0092 11.3619 -19.8577 4.8108 5.9492 -16.7327 4.8108
3 16 4.6909 -13.9121 3.8617 6.0781 -14.713 3.8617 4.945 -13.4721 3.3508
3 16 4.945 -13.4721 3.3508 6.0781 -14.713 3.8617 6.9988 -14.9147 3.6078
3 16 5.3713 -15.8897 4.6602 5.4585 -15.1236 4.3239 4.0003 -15.1084 4.6655
3 16 4.0003 -15.1084 4.6655 5.4585 -15.1236 4.3239 4.3582 -14.4884 4.3239
3 16 5.9492 -16.7327 4.8108 5.3713 -15.8897 4.6602 3.795 -15.464 4.8046
3 16 3.795 -15.464 4.8046 5.3713 -15.8897 4.6602 4.0003 -15.1084 4.6655
3 16 6.9988 -14.9147 3.6078 5.3876 -12.7055 2.0116 4.945 -13.4721 3.3508
3 16 12.957 -17.0948 2.0477 10.8798 -15.6927 1.25 5.3876 -12.7055 2.0116
3 16 5.3876 -12.7055 2.0116 10.8798 -15.6927 1.25 5.4638 -12.5735 1.262
3 16 0.9264 -20.4471 2.4823 1.4554 -20.7314 2.4739 1.2608 -19.8533 3.3508
3 16 1.2608 -19.8533 3.3508 1.4554 -20.7314 2.4739 3.5371 -20.9106 3.6078
3 16 10.6753 -21.0434 5.0087 9.9993 -22.2176 4.8108 10.676 -21.047 4.0984
3 16 10.676 -21.047 4.0984 9.9993 -22.2176 4.8108 9.9252 -22.3498 4.1037
3 16 6.0115 -16.6249 4.0844 5.5777 -16.3812 4.1857 5.9492 -16.7327 4.8108
3 16 6.2905 -15.1761 3.4096 6.7302 -15.3914 3.3305 6.9988 -14.9147 3.6078
3 16 5.5777 -16.3812 4.1857 6.0115 -16.6249 4.0844 5.7793 -15.7246 3.673
3 16 5.7793 -15.7246 3.673 6.0115 -16.6249 4.0844 6.3274 -16.0777 3.3952
3 16 6.0781 -14.713 3.8617 6.2905 -15.1761 3.4096 6.9988 -14.9147 3.6078
3 16 5.4585 -15.1236 4.3239 5.7793 -15.7246 3.673 6.0781 -14.713 3.8617
3 16 6.0781 -14.713 3.8617 5.7793 -15.7246 3.673 6.2905 -15.1761 3.4096
3 16 5.5777 -16.3812 4.1857 5.7793 -15.7246 3.673 5.3713 -15.8897 4.6602
3 16 5.3713 -15.8897 4.6602 5.7793 -15.7246 3.673 5.4585 -15.1236 4.3239
3 16 5.9492 -16.7327 4.8108 5.5777 -16.3812 4.1857 5.3713 -15.8897 4.6602
3 16 3.8156 -20.4397 3.3305 3.2524 -20.1574 3.4914 3.5371 -20.9106 3.6078
3 16 3.5371 -20.9106 3.6078 2.902 -20.2141 3.8617 1.2608 -19.8533 3.3508
3 16 1.2608 -19.8533 3.3508 2.902 -20.2141 3.8617 1.5148 -19.4133 3.8617
3 16 3.8156 -20.4397 3.3305 4.2085 -19.7477 3.3952 3.2524 -20.1574 3.4914
3 16 3.2524 -20.1574 3.4914 4.2085 -19.7477 3.3952 3.4718 -19.4404 3.7548
3 16 4.2085 -19.7477 3.3952 4.5244 -19.2005 4.0844 3.4718 -19.4404 3.7548
3 16 3.4718 -19.4404 3.7548 4.5244 -19.2005 4.0844 3.9397 -18.9375 4.2676
3 16 3.9397 -18.9375 4.2676 4.5244 -19.2005 4.0844 4.5867 -19.0926 4.8108
3 16 3.5676 -19.0137 4.6602 3.9397 -18.9375 4.2676 4.5867 -19.0926 4.8108
3 16 2.9478 -19.4722 4.3239 3.4718 -19.4404 3.7548 3.5676 -19.0137 4.6602
3 16 3.5676 -19.0137 4.6602 3.4718 -19.4404 3.7548 3.9397 -18.9375 4.2676
3 16 3.2524 -20.1574 3.4914 3.4718 -19.4404 3.7548 2.902 -20.2141 3.8617
3 16 2.902 -20.2141 3.8617 3.4718 -19.4404 3.7548 2.9478 -19.4722 4.3239
3 16 3.5371 -20.9106 3.6078 3.2524 -20.1574 3.4914 2.902 -20.2141 3.8617
3 16 4.3582 -14.4884 4.3239 5.4585 -15.1236 4.3239 4.6909 -13.9121 3.8617
3 16 4.6909 -13.9121 3.8617 5.4585 -15.1236 4.3239 6.0781 -14.713 3.8617
3 16 2.112 -18.3425 3.3353 2.2055 -18.217 4.6655 2.4216 -17.8426 4.8108
3 16 8.27 -25.1827 1.4362 8.7732 -24.3263 1.2268 8.4809 -24.8464 2.3708
3 16 8.4809 -24.8464 2.3708 8.7732 -24.3263 1.2268 8.9523 -24.0365 1.886
3 16 5.2951 -17.9359 5.0092 5.9492 -16.7327 4.8108 3.1036 -16.6614 4.9624
3 16 3.1036 -16.6614 4.9624 5.9492 -16.7327 4.8108 3.795 -15.464 4.8046
3 16 12.957 -17.0948 2.0477 6.9988 -14.9147 3.6078 12.4115 -18.0397 3.6078
3 16 12.957 -17.0948 2.0477 5.3876 -12.7055 2.0116 6.9988 -14.9147 3.6078
3 16 5.7793 -15.7246 3.673 6.3274 -16.0777 3.3952 6.2905 -15.1761 3.4096
3 16 6.2905 -15.1761 3.4096 6.3274 -16.0777 3.3952 6.7302 -15.3914 3.3305
3 16 1.2402 -21.0427 1.6979 1.4554 -20.7314 2.4739 0.7882 -20.6718 1.6904
3 16 0.7882 -20.6718 1.6904 1.4554 -20.7314 2.4739 0.9264 -20.4471 2.4823
3 16 1.2854 -19.6275 1.6395 0.7882 -20.6718 1.6904 0.9264 -20.4471 2.4823
3 16 2.112 -18.3425 3.3353 1.8476 -18.837 4.3239 2.2055 -18.217 4.6655
3 16 4.0595 -15.0057 3.2457 4.3582 -14.4884 4.3239 4.6909 -13.9121 3.8617
3 16 1.2854 -19.6275 1.6395 1.2608 -19.8533 3.3508 2.112 -18.3425 3.3353
3 16 2.112 -18.3425 3.3353 1.2608 -19.8533 3.3508 1.5148 -19.4133 3.8617
3 16 2.112 -18.3425 3.3353 1.5148 -19.4133 3.8617 1.8476 -18.837 4.3239
3 16 24.6647 -26.8165 3.4425 23.6935 -28.4986 0 25.3922 -25.5564 1.9875
3 16 9.6829 -22.8611 3.673 8.9523 -24.0365 1.886 19.22 -28.2941 3.527
3 16 19.22 -28.2941 3.527 8.9523 -24.0365 1.886 18.6717 -29.4959 2.3295
3 16 23.6935 -28.4986 0 25.6585 -25.0952 0 25.3922 -25.5564 1.9875
3 16 22.0903 -31.2797 2.3358 23.6935 -28.4986 0 22.6772 -30.2589 3.4425
3 16 23.6935 -28.4986 0 21.9096 -31.5885 1.6875 21.6835 -31.9801 0
3 16 23.6935 -28.4986 0 23.671 -28.5377 3.975 22.6772 -30.2589 3.4425
3 16 23.6935 -28.4986 0 24.6647 -26.8165 3.4425 23.671 -28.5377 3.975
3 16 19.22 -28.2941 3.527 20.1882 -26.5269 4.0306 9.6829 -22.8611 3.673
3 16 9.6829 -22.8611 3.673 20.1882 -26.5269 4.0306 10.676 -21.047 4.0984
3 16 21.2395 -24.859 3.4476 11.7928 -19.2221 3.6203 20.1882 -26.5269 4.0306
3 16 20.1882 -26.5269 4.0306 11.7928 -19.2221 3.6203 10.676 -21.047 4.0984
3 16 21.2395 -24.859 3.4476 22.011 -23.6043 1.9875 11.7928 -19.2221 3.6203
3 16 11.7928 -19.2221 3.6203 22.011 -23.6043 1.9875 12.4018 -18.0564 1.9875
3 16 22.011 -23.6043 1.9875 22.2569 -23.1295 0 12.4018 -18.0564 1.9875
3 16 12.4018 -18.0564 1.9875 22.2569 -23.1295 0 12.6681 -17.5952 0
3 16 -0.1844 -18.3604 1.6267 0.7882 -20.6718 1.6904 1.2854 -19.6275 1.6395
3 16 -1.5608 -17.0461 1.5903 -3.9331 -21.2527 1.6677 -0.1844 -18.3604 1.6267
3 16 20.9558 -33.29 0.0114 21.6835 -31.9801 0 20.947 -33.2966 1.6875
3 16 20.947 -33.2966 1.6875 21.6835 -31.9801 0 21.9096 -31.5885 1.6875
3 16 20.3729 -33.9024 1.6875 20.3727 -33.9071 0.0072 20.947 -33.2966 1.6875
3 16 20.947 -33.2966 1.6875 20.3727 -33.9071 0.0072 20.9558 -33.29 0.0114
3 16 19.5007 -33.9276 1.6875 19.5317 -33.9365 0.0075 20.3729 -33.9024 1.6875
3 16 20.3729 -33.9024 1.6875 19.5317 -33.9365 0.0075 20.3727 -33.9071 0.0072
3 16 18.7813 -33.4751 1.6482 18.7992 -33.4869 0.043 19.5007 -33.9276 1.6875
3 16 19.5007 -33.9276 1.6875 18.7992 -33.4869 0.043 19.5317 -33.9365 0.0075
3 16 18.7992 -33.4869 0.043 18.7813 -33.4751 1.6482 18.568 -32.6613 0.0146
3 16 18.568 -32.6613 0.0146 18.7813 -33.4751 1.6482 18.5861 -32.6697 1.6875
3 16 18.5861 -32.6697 1.6875 18.5645 -30.261 0.0123 18.568 -32.6613 0.0146
3 16 -1.9198 -12.1661 3.5393 -3.3611 -10.3987 2.0996 -1.9107 -12.2005 2.859
3 16 -1.9107 -12.2005 2.859 -3.3611 -10.3987 2.0996 -3.3434 -10.9931 1.4386
3 16 -4.15 -8.6403 -0.0012 -3.8262 -10.4095 0.0043 -3.3611 -10.3987 2.0996
3 16 -3.3611 -10.3987 2.0996 -3.8262 -10.4095 0.0043 -3.3434 -10.9931 1.4386
3 16 -0.0218 -13.0681 4.0413 -1.9198 -12.1661 3.5393 -0.0568 -13.0689 3.5395
3 16 -0.0568 -13.0689 3.5395 -1.9198 -12.1661 3.5393 -1.9107 -12.2005 2.859
3 16 -0.0568 -13.0689 3.5395 0.8758 -13.267 3.6376 -0.0218 -13.0681 4.0413
3 16 -0.0218 -13.0681 4.0413 0.8758 -13.267 3.6376 0.8583 -13.2604 4.0115
3 16 12.4018 -18.0564 1.9875 12.6681 -17.5952 0 12.957 -17.0948 2.0477
3 16 12.957 -17.0948 2.0477 12.6681 -17.5952 0 13.1806 -16.7076 0
3 16 10.6753 -21.0434 5.0087 10.676 -21.047 4.0984 11.3619 -19.8577 4.8108
3 16 11.3619 -19.8577 4.8108 10.676 -21.047 4.0984 11.4152 -19.7686 4.1507
3 16 9.358 -23.3203 3.4335 8.9523 -24.0365 1.886 9.6829 -22.8611 3.673
3 16 1.2854 -19.6275 1.6395 0.9264 -20.4471 2.4823 1.2608 -19.8533 3.3508
3 16 -1.5033 -16.688 1.853 -1.5608 -17.0461 1.5903 -0.0236 -18.1197 1.8731
3 16 -0.0236 -18.1197 1.8731 -1.5608 -17.0461 1.5903 -0.1844 -18.3604 1.6267
3 16 1.2854 -19.6275 1.6395 -0.0236 -18.1197 1.8731 -0.1844 -18.3604 1.6267
3 16 11.2158 -15.5266 -0.0161 10.8798 -15.6927 1.25 13.1806 -16.7076 0
3 16 13.1806 -16.7076 0 10.8798 -15.6927 1.25 12.957 -17.0948 2.0477
3 16 4.7458 -13.817 1.8731 5.4638 -12.5735 1.262 4.9737 -13.4223 0
3 16 4.9737 -13.4223 0 5.4638 -12.5735 1.262 5.5787 -12.4136 -0.0167
3 16 21.9096 -31.5885 1.6875 23.6935 -28.4986 0 22.0903 -31.2797 2.3358
3 16 -1.5033 -16.688 1.853 -2.0991 -16.9868 0.007 -1.5608 -17.0461 1.5903
3 16 -1.5608 -17.0461 1.5903 -2.0991 -16.9868 0.007 -1.8065 -17.3095 0.0085
3 16 2.8959 0 -2.77 -0.0245 0 0 3.7131 0 -1.4614
3 16 2.5172 -11.5242 3.2345 2.6619 -11.4825 2.9268 3.5174 -11.3439 1.9933
3 16 3.5174 -11.3439 1.9933 2.6619 -11.4825 2.9268 3.5035 -11.3642 1.8556
3 16 -0.0245 0 0 2.8973 0 2.7689 3.7271 0 1.4664
3 16 1.6784 -11.9928 -3.7743 2.5207 -11.5384 -3.2324 1.6788 -11.9991 -3.5828
3 16 1.6788 -11.9991 -3.5828 2.5207 -11.5384 -3.2324 2.5828 -11.5172 -3.0788
3 16 -0.0172 0 -4.0743 1.6007 -0.0079 -3.7301 -0.0237 -13.0736 -4.0413
3 16 -0.0237 -13.0736 -4.0413 1.6007 -0.0079 -3.7301 0.8515 -13.2729 -4.0122
3 16 1.6784 -11.9928 -3.7743 0.8515 -13.2729 -4.0122 1.6007 -0.0079 -3.7301
3 16 2.8959 0 -2.77 2.5207 -11.5384 -3.2324 1.6007 -0.0079 -3.7301
3 16 1.6007 -0.0079 -3.7301 2.5207 -11.5384 -3.2324 1.6784 -11.9928 -3.7743
3 16 2.5207 -11.5384 -3.2324 2.8959 0 -2.77 3.5189 -11.3455 -1.9889
3 16 3.5189 -11.3455 -1.9889 2.8959 0 -2.77 3.7131 0 -1.4614
3 16 3.5189 -11.3455 -1.9889 3.7131 0 -1.4614 4.0362 -11.4108 0.0023
3 16 4.0362 -11.4108 0.0023 3.7131 0 -1.4614 4.0267 0 0.0008
3 16 3.5174 -11.3439 1.9933 4.0362 -11.4108 0.0023 3.7271 0 1.4664
3 16 3.7271 0 1.4664 4.0362 -11.4108 0.0023 4.0267 0 0.0008
3 16 2.5172 -11.5242 3.2345 3.5174 -11.3439 1.9933 2.8973 0 2.7689
3 16 2.8973 0 2.7689 3.5174 -11.3439 1.9933 3.7271 0 1.4664
3 16 1.6649 -12.0076 3.7783 2.5172 -11.5242 3.2345 1.5902 0 3.7283
3 16 1.5902 0 3.7283 2.5172 -11.5242 3.2345 2.8973 0 2.7689
3 16 0.8583 -13.2604 4.0115 1.6649 -12.0076 3.7783 -0.0239 0 4.0973
3 16 -0.0239 0 4.0973 1.6649 -12.0076 3.7783 1.5902 0 3.7283
3 16 -0.0218 -13.0681 4.0413 0.8583 -13.2604 4.0115 -0.0239 0 4.0973
3 16 -2.7711 -14.5946 1.9448 -1.5033 -16.688 1.853 -1.4739 -14.3783 3.0642
3 16 -1.4739 -14.3783 3.0642 -1.5033 -16.688 1.853 -0.3508 -15.993 3.233
3 16 0.8982 -17.198 3.2203 2.1182 -15.8161 3.7481 -0.3508 -15.993 3.233
3 16 -0.3508 -15.993 3.233 2.1182 -15.8161 3.7481 1.4799 -14.5065 3.7027
3 16 2.6267 -13.5844 3.2239 1.4799 -14.5065 3.7027 3.3549 -14.4861 3.2457
3 16 3.3549 -14.4861 3.2457 1.4799 -14.5065 3.7027 2.1182 -15.8161 3.7481
3 16 1.5038 -14.5495 -3.7045 2.1182 -15.8161 -3.7481 -0.4552 -15.9713 -3.2127
3 16 -0.4552 -15.9713 -3.2127 2.1182 -15.8161 -3.7481 0.7952 -17.1738 -3.1933
3 16 10.6753 -21.0434 5.0087 5.2951 -17.9359 5.0092 9.9993 -22.2176 4.8108
3 16 9.9993 -22.2176 4.8108 5.2951 -17.9359 5.0092 4.5867 -19.0926 4.8108
3 16 5.2434 -17.9245 -5.0071 5.9492 -16.7327 -4.8108 10.6754 -21.0467 -5.0051
3 16 10.6754 -21.0467 -5.0051 5.9492 -16.7327 -4.8108 11.3619 -19.8577 -4.8108
3 16 18.6717 -29.4959 2.3295 8.9523 -24.0365 1.886 18.4455 -29.8289 1.6573
3 16 18.4455 -29.8289 1.6573 8.9523 -24.0365 1.886 8.7732 -24.3263 1.2268
3 16 22.0903 -31.2797 2.3358 18.6717 -29.4959 2.3295 21.9096 -31.5885 1.6875
3 16 21.9096 -31.5885 1.6875 18.6717 -29.4959 2.3295 18.4455 -29.8289 1.6573
3 16 19.22 -28.2941 3.527 18.6717 -29.4959 2.3295 22.6772 -30.2589 3.4425
3 16 22.6772 -30.2589 3.4425 18.6717 -29.4959 2.3295 22.0903 -31.2797 2.3358
3 16 22.6772 -30.2589 3.4425 23.671 -28.5377 3.975 19.22 -28.2941 3.527
3 16 19.22 -28.2941 3.527 23.671 -28.5377 3.975 20.1882 -26.5269 4.0306
3 16 24.6647 -26.8165 3.4425 21.2395 -24.859 3.4476 23.671 -28.5377 3.975
3 16 23.671 -28.5377 3.975 21.2395 -24.859 3.4476 20.1882 -26.5269 4.0306
3 16 25.3922 -25.5564 1.9875 22.011 -23.6043 1.9875 24.6647 -26.8165 3.4425
3 16 24.6647 -26.8165 3.4425 22.011 -23.6043 1.9875 21.2395 -24.859 3.4476
3 16 25.3922 -25.5564 1.9875 25.6585 -25.0952 0 22.011 -23.6043 1.9875
3 16 22.011 -23.6043 1.9875 25.6585 -25.0952 0 22.2569 -23.1295 0
3 16 25.3922 -25.5564 -1.9875 22.0171 -23.6078 -1.9875 25.6585 -25.0952 0
3 16 25.6585 -25.0952 0 22.0171 -23.6078 -1.9875 22.2569 -23.1295 0
3 16 21.25 -24.865 -3.4476 22.0171 -23.6078 -1.9875 24.6647 -26.8165 -3.4425
3 16 24.6647 -26.8165 -3.4425 22.0171 -23.6078 -1.9875 25.3922 -25.5564 -1.9875
3 16 20.2691 -26.5736 -4.0303 21.25 -24.865 -3.4476 23.671 -28.5377 -3.975
3 16 23.671 -28.5377 -3.975 21.25 -24.865 -3.4476 24.6647 -26.8165 -3.4425
3 16 22.6772 -30.2589 -3.4425 19.3189 -28.3501 -3.5246 23.671 -28.5377 -3.975
3 16 23.671 -28.5377 -3.975 19.3189 -28.3501 -3.5246 20.2691 -26.5736 -4.0303
3 16 18.6325 -29.4627 -2.3397 19.3189 -28.3501 -3.5246 22.095 -31.2715 -2.3531
3 16 22.095 -31.2715 -2.3531 19.3189 -28.3501 -3.5246 22.6772 -30.2589 -3.4425
3 16 18.4533 -29.8109 -1.7085 18.6325 -29.4627 -2.3397 21.9096 -31.5885 -1.6875
3 16 21.9096 -31.5885 -1.6875 18.6325 -29.4627 -2.3397 22.095 -31.2715 -2.3531
3 16 1.4697 -20.7095 -2.5098 3.5371 -20.9106 -3.6078 8.5598 -24.7049 -2.5888
3 16 8.5598 -24.7049 -2.5888 3.5371 -20.9106 -3.6078 8.9497 -24.0356 -3.6078
3 16 1.2477 -21.03 -1.7077 1.4697 -20.7095 -2.5098 8.2729 -25.1164 -1.574
3 16 8.2729 -25.1164 -1.574 1.4697 -20.7095 -2.5098 8.5598 -24.7049 -2.5888
3 16 1.2402 -21.0427 1.6979 8.27 -25.1827 1.4362 1.4554 -20.7314 2.4739
3 16 1.4554 -20.7314 2.4739 8.27 -25.1827 1.4362 8.4809 -24.8464 2.3708
3 16 8.9497 -24.0356 3.6078 3.5371 -20.9106 3.6078 8.4809 -24.8464 2.3708
3 16 8.4809 -24.8464 2.3708 3.5371 -20.9106 3.6078 1.4554 -20.7314 2.4739
3 16 18.5645 -30.261 0.0123 8.5754 -24.5429 0.0015 18.4533 -29.8109 -1.7085
3 16 18.4533 -29.8109 -1.7085 8.5754 -24.5429 0.0015 8.8514 -24.3543 -1.2535
3 16 8.8514 -24.3543 -1.2535 8.5754 -24.5429 0.0015 8.2729 -25.1164 -1.574
3 16 8.2729 -25.1164 -1.574 8.5754 -24.5429 0.0015 8.1806 -25.3678 0
3 16 8.27 -25.1827 1.4362 1.2402 -21.0427 1.6979 8.1806 -25.3678 0
3 16 8.1806 -25.3678 0 1.2402 -21.0427 1.6979 0.934 -21.1888 -0.0161
3 16 8.7732 -24.3263 1.2268 8.27 -25.1827 1.4362 8.5754 -24.5429 0.0015
3 16 8.5754 -24.5429 0.0015 8.27 -25.1827 1.4362 8.1806 -25.3678 0
3 16 18.5645 -30.261 0.0123 18.4455 -29.8289 1.6573 8.5754 -24.5429 0.0015
3 16 8.5754 -24.5429 0.0015 18.4455 -29.8289 1.6573 8.7732 -24.3263 1.2268
3 16 8.4809 -24.8464 2.3708 8.9523 -24.0365 1.886 8.9497 -24.0356 3.6078
3 16 8.9497 -24.0356 3.6078 8.9523 -24.0365 1.886 9.358 -23.3203 3.4335
3 16 10.676 -21.047 4.0984 9.9252 -22.3498 4.1037 9.6829 -22.8611 3.673
3 16 11.4152 -19.7686 4.1507 10.676 -21.047 4.0984 11.7928 -19.2221 3.6203
3 16 11.7928 -19.2221 3.6203 12.4018 -18.0564 1.9875 12.0295 -18.7019 3.3871
3 16 12.957 -17.0948 -2.0477 12.4018 -18.0564 -1.9875 12.4115 -18.0397 -3.6078
3 16 12.4115 -18.0397 -3.6078 12.4018 -18.0564 -1.9875 12.0298 -18.6916 -3.3956
3 16 10.6754 -21.0467 -5.0051 10.6887 -21.0469 -4.0997 9.9993 -22.2176 -4.8108
3 16 9.9993 -22.2176 -4.8108 10.6887 -21.0469 -4.0997 9.9229 -22.3538 -4.09
3 16 -0.1013 -14.2905 -3.5502 -1.5551 -14.4968 -3.0325 -0.0222 -13.0859 -3.5514
3 16 -0.0222 -13.0859 -3.5514 -1.5551 -14.4968 -3.0325 -1.8621 -12.2188 -2.8832
3 16 1.5038 -14.5495 -3.7045 -0.1013 -14.2905 -3.5502 0.8798 -13.2632 -3.6369
3 16 0.8798 -13.2632 -3.6369 -0.1013 -14.2905 -3.5502 -0.0222 -13.0859 -3.5514
3 16 -0.1632 -14.1121 3.5368 -1.4739 -14.3783 3.0642 -0.3508 -15.993 3.233
3 16 1.4799 -14.5065 3.7027 -0.1632 -14.1121 3.5368 -0.3508 -15.993 3.233
2 24 1.6788 -11.9991 -3.5828 0.8798 -13.2632 -3.6369
2 24 0.8798 -13.2632 -3.6369 0.8515 -13.2729 -4.0122
2 24 1.6784 -11.9928 -3.7743 0.8515 -13.2729 -4.0122
2 24 1.6007 -0.0079 -3.7301 2.8959 0 -2.77
2 24 1.6007 -0.0079 -3.7301 -0.0172 0 -4.0743
2 24 -0.0172 0 -4.0743 -2.04 0 -3.5966
2 24 -2.04 0 -3.5966 -3.5149 -0.0084 -2.1574
2 24 -3.5149 -0.0084 -2.1574 -4.1249 0 -0.0028
2 24 3.7131 0 -1.4614 4.0267 0 0.0008
2 24 3.5189 -11.3455 -1.9889 4.0362 -11.4108 0.0023
2 24 3.5076 -11.3665 -1.851 3.9529 -11.4176 0
2 24 3.5076 -11.3665 -1.851 2.5828 -11.5172 -3.0788
2 24 3.5189 -11.3455 -1.9889 2.5207 -11.5384 -3.2324
2 24 -3.3549 -10.4075 -2.1203 -4.15 -8.6403 -0.0012
2 24 -3.5149 -0.0084 -2.1574 -4.1249 0 -0.0028
2 24 -3.3549 -10.4075 -2.1203 -1.8949 -12.2034 -3.5494
2 24 -3.5149 -0.0084 -2.1574 -2.04 0 -3.5966
2 24 -1.8949 -12.2034 -3.5494 -0.0237 -13.0736 -4.0413
2 24 -2.04 0 -3.5966 -0.0172 0 -4.0743
2 24 0.8515 -13.2729 -4.0122 -0.0237 -13.0736 -4.0413
2 24 0.8798 -13.2632 -3.6369 -0.0222 -13.0859 -3.5514
2 24 18.5812 -32.6538 -1.6875 18.4533 -29.8109 -1.7085
2 24 21.9096 -31.5885 -1.6875 18.4533 -29.8109 -1.7085
2 24 20.945 -33.291 -1.6875 20.3609 -33.9057 -1.6875
2 24 18.5812 -32.6538 -1.6875 18.764 -33.4462 -1.6698
2 24 20.3609 -33.9057 -1.6875 19.4889 -33.938 -1.6859
2 24 18.764 -33.4462 -1.6698 19.4889 -33.938 -1.6859
2 24 21.9096 -31.5885 -1.6875 20.945 -33.291 -1.6875
2 24 21.9096 -31.5885 -1.6875 20.945 -33.291 -1.6875
2 24 18.4533 -29.8109 -1.7085 18.5812 -32.6538 -1.6875
2 24 18.4533 -29.8109 -1.7085 18.5645 -30.261 0.0123
2 24 8.0954 -10.6267 -1.25 6.3341 -11.3426 -1.2499
2 24 8.0954 -10.6267 -1.25 9.9131 -11.0582 -1.241
2 24 11.4782 -14.3239 -1.25 11.3027 -12.4151 -1.25
2 24 9.9131 -11.0582 -1.241 11.3027 -12.4151 -1.25
2 24 6.3341 -11.3426 -1.2499 5.4638 -12.5735 -1.262
2 24 11.2158 -15.5266 -0.0161 10.8798 -15.6927 -1.25
2 24 11.4782 -14.3239 -1.25 10.8798 -15.6927 -1.25
2 24 6.3341 -11.3426 -1.2499 5.4638 -12.5735 -1.262
2 24 11.4782 -14.3239 -1.25 10.8798 -15.6927 -1.25
2 24 5.4638 -12.5735 -1.262 10.8798 -15.6927 -1.25
2 24 9.9131 -11.0582 -1.241 11.3027 -12.4151 -1.25
2 24 8.0954 -10.6267 -1.25 9.9131 -11.0582 -1.241
2 24 6.3341 -11.3426 -1.2499 8.0954 -10.6267 -1.25
2 24 11.4782 -14.3239 -1.25 11.3027 -12.4151 -1.25
2 24 3.5076 -11.3665 -1.851 2.5828 -11.5172 -3.0788
2 24 1.6788 -11.9991 -3.5828 0.8798 -13.2632 -3.6369
2 24 2.5828 -11.5172 -3.0788 1.6788 -11.9991 -3.5828
2 24 3.5076 -11.3665 -1.851 3.9529 -11.4176 0
2 24 -3.2984 -11.0221 -1.4936 -1.8621 -12.2188 -2.8832
2 24 -3.2984 -11.0221 -1.4936 -3.8262 -10.4095 0.0043
2 24 2.1845 -18.2533 -3.2457 1.2818 -19.6303 -1.6314
2 24 2.1845 -18.2533 -3.2457 3.122 -16.6295 -3.7481
2 24 3.122 -16.6295 -3.7481 4.0595 -15.0057 -3.2457
2 24 4.0595 -15.0057 -3.2457 4.7458 -13.817 -1.8731
2 24 4.7458 -13.817 -1.8731 4.9737 -13.4223 0
2 24 -2.9759 -23.216 -1.6846 -2.1507 -23.0488 -1.6846
2 24 -2.9759 -23.216 -1.6846 -3.7352 -22.8495 -1.6846
2 24 -3.7352 -22.8495 -1.6846 -4.1331 -22.0659 -1.6804
2 24 -4.1331 -22.0659 -1.6804 -3.9389 -21.2769 -1.6846
2 24 -2.1507 -23.0488 -1.6846 -2.9759 -23.216 -1.6846
2 24 -3.7352 -22.8495 -1.6846 -2.9759 -23.216 -1.6846
2 24 -3.7352 -22.8495 -1.6846 -4.1331 -22.0659 -1.6804
2 24 -4.1331 -22.0659 -1.6804 -3.9389 -21.2769 -1.6846
2 24 -2.1507 -23.0488 -1.6846 1.2477 -21.03 -1.7077
2 24 0.7882 -20.6718 -1.6904 1.2477 -21.03 -1.7077
2 24 -3.9389 -21.2769 -1.6846 -1.5724 -17.0062 -1.6249
2 24 -1.5724 -17.0062 -1.6249 -1.8065 -17.3095 0.0085
2 24 -2.1507 -23.0488 -1.6846 1.2477 -21.03 -1.7077
2 24 0.934 -21.1888 -0.0161 1.2477 -21.03 -1.7077
2 24 3.1036 -16.6614 -4.9624 2.4216 -17.8426 -4.8108
2 24 3.122 -16.6295 -3.7481 2.1845 -18.2533 -3.2457
2 24 4.3582 -14.4884 -4.3239 4.0003 -15.1084 -4.6655
2 24 4.0595 -15.0057 -3.2457 4.7458 -13.817 -1.8731
2 24 4.945 -13.4721 -3.3508 4.6909 -13.9121 -3.8617
2 24 4.945 -13.4721 -3.3508 5.3876 -12.7055 -2.0116
2 24 5.4638 -12.5735 -1.262 5.3876 -12.7055 -2.0116
2 24 4.0003 -15.1084 -4.6655 3.795 -15.464 -4.8046
2 24 3.1036 -16.6614 -4.9624 3.795 -15.464 -4.8046
2 24 3.122 -16.6295 -3.7481 4.0595 -15.0057 -3.2457
2 24 4.945 -13.4721 -3.3508 5.3876 -12.7055 -2.0116
2 24 5.4638 -12.5735 -1.262 10.8798 -15.6927 -1.25
2 24 5.3876 -12.7055 -2.0116 5.4638 -12.5735 -1.262
2 24 6.9988 -14.9147 -3.6078 6.0781 -14.713 -3.8617
2 24 5.9492 -16.7327 -4.8108 5.3713 -15.8897 -4.6602
2 24 4.5867 -19.0926 -4.8108 3.5676 -19.0137 -4.6602
2 24 3.5371 -20.9106 -3.6078 2.902 -20.2141 -3.8617
2 24 2.4216 -17.8426 -4.8108 2.2055 -18.217 -4.6655
2 24 9.0513 -23.8753 -2.1267 8.8514 -24.3543 -1.2535
2 24 8.5598 -24.7049 -2.5888 8.2729 -25.1164 -1.574
2 24 3.5371 -20.9106 -3.6078 8.9497 -24.0356 -3.6078
2 24 8.9497 -24.0356 -3.6078 9.3497 -23.3413 -3.4305
2 24 9.3497 -23.3413 -3.4305 9.6726 -22.8676 -3.6679
2 24 9.6726 -22.8676 -3.6679 9.9229 -22.3538 -4.09
2 24 4.5867 -19.0926 -4.8108 9.9993 -22.2176 -4.8108
2 24 9.9229 -22.3538 -4.09 9.9993 -22.2176 -4.8108
2 24 0.9226 -20.4388 -2.4973 1.2608 -19.8533 -3.3508
2 24 1.2608 -19.8533 -3.3508 1.5148 -19.4133 -3.8617
2 24 3.5371 -20.9106 -3.6078 2.902 -20.2141 -3.8617
2 24 1.5148 -19.4133 -3.8617 1.8476 -18.837 -4.3239
2 24 2.902 -20.2141 -3.8617 2.9478 -19.4722 -4.3239
2 24 2.9478 -19.4722 -4.3239 3.5676 -19.0137 -4.6602
2 24 1.8476 -18.837 -4.3239 2.2055 -18.217 -4.6655
2 24 3.5676 -19.0137 -4.6602 4.5867 -19.0926 -4.8108
2 24 2.2055 -18.217 -4.6655 2.4216 -17.8426 -4.8108
2 24 4.5867 -19.0926 -4.8108 9.9993 -22.2176 -4.8108
2 24 9.9993 -22.2176 -4.8108 10.6754 -21.0467 -5.0051
2 24 2.4216 -17.8426 -4.8108 3.1036 -16.6614 -4.9624
2 24 3.1036 -16.6614 -4.9624 3.795 -15.464 -4.8046
2 24 3.795 -15.464 -4.8046 4.0003 -15.1084 -4.6655
2 24 5.9492 -16.7327 -4.8108 5.3713 -15.8897 -4.6602
2 24 4.0003 -15.1084 -4.6655 4.3582 -14.4884 -4.3239
2 24 5.3713 -15.8897 -4.6602 5.4585 -15.1236 -4.3239
2 24 5.4585 -15.1236 -4.3239 6.0781 -14.713 -3.8617
2 24 4.3582 -14.4884 -4.3239 4.6909 -13.9121 -3.8617
2 24 6.9988 -14.9147 -3.6078 6.0781 -14.713 -3.8617
2 24 4.945 -13.4721 -3.3508 4.6909 -13.9121 -3.8617
2 24 11.4176 -19.7653 -4.1375 11.3619 -19.8577 -4.8108
2 24 5.9492 -16.7327 -4.8108 11.3619 -19.8577 -4.8108
2 24 11.4176 -19.7653 -4.1375 11.7781 -19.2217 -3.6222
2 24 11.7781 -19.2217 -3.6222 12.0298 -18.6916 -3.3956
2 24 6.9988 -14.9147 -3.6078 12.4115 -18.0397 -3.6078
2 24 12.0298 -18.6916 -3.3956 12.4115 -18.0397 -3.6078
2 24 10.6754 -21.0467 -5.0051 11.3619 -19.8577 -4.8108
2 24 11.3619 -19.8577 -4.8108 11.4176 -19.7653 -4.1375
2 24 6.9988 -14.9147 -3.6078 12.4115 -18.0397 -3.6078
2 24 12.957 -17.0948 -2.0477 12.4115 -18.0397 -3.6078
2 24 6.0781 -14.713 -3.8617 5.4585 -15.1236 -4.3239
2 24 5.3713 -15.8897 -4.6602 5.4585 -15.1236 -4.3239
2 24 2.902 -20.2141 -3.8617 2.9478 -19.4722 -4.3239
2 24 3.5676 -19.0137 -4.6602 2.9478 -19.4722 -4.3239
2 24 0.9226 -20.4388 -2.4973 0.7882 -20.6718 -1.6904
2 24 1.2818 -19.6303 -1.6314 0.7882 -20.6718 -1.6904
2 24 2.2055 -18.217 -4.6655 1.8476 -18.837 -4.3239
2 24 4.3582 -14.4884 -4.3239 4.6909 -13.9121 -3.8617
2 24 1.5148 -19.4133 -3.8617 1.2608 -19.8533 -3.3508
2 24 2.1845 -18.2533 -3.2457 1.2818 -19.6303 -1.6314
2 24 1.8476 -18.837 -4.3239 1.5148 -19.4133 -3.8617
2 24 8.5598 -24.7049 -2.5888 8.9497 -24.0356 -3.6078
2 24 8.9497 -24.0356 -3.6078 9.3497 -23.3413 -3.4305
2 24 0.9226 -20.4388 -2.4973 0.7882 -20.6718 -1.6904
2 24 0.7882 -20.6718 -1.6904 1.2477 -21.03 -1.7077
2 24 24.6647 -26.8165 -3.4425 25.3922 -25.5564 -1.9875
2 24 12.4018 -18.0564 -1.9875 12.6681 -17.5952 0
2 24 9.6726 -22.8676 -3.6679 10.6887 -21.0469 -4.0997
2 24 11.7781 -19.2217 -3.6222 10.6887 -21.0469 -4.0997
2 24 11.7781 -19.2217 -3.6222 12.4018 -18.0564 -1.9875
2 24 25.3922 -25.5564 -1.9875 25.6585 -25.0952 0
2 24 22.095 -31.2715 -2.3531 22.6772 -30.2589 -3.4425
2 24 22.6772 -30.2589 -3.4425 23.671 -28.5377 -3.975
2 24 24.6647 -26.8165 -3.4425 23.671 -28.5377 -3.975
2 24 9.6726 -22.8676 -3.6679 9.0513 -23.8753 -2.1267
2 24 0.7882 -20.6718 -1.6904 1.2818 -19.6303 -1.6314
2 24 -0.1892 -18.3596 -1.6201 1.2818 -19.6303 -1.6314
2 24 -0.1892 -18.3596 -1.6201 -1.5724 -17.0062 -1.6249
2 24 -3.9389 -21.2769 -1.6846 -1.5724 -17.0062 -1.6249
2 24 20.945 -33.291 -1.6875 20.3609 -33.9057 -1.6875
2 24 20.3609 -33.9057 -1.6875 19.4889 -33.938 -1.6859
2 24 19.4889 -33.938 -1.6859 18.764 -33.4462 -1.6698
2 24 18.5812 -32.6538 -1.6875 18.764 -33.4462 -1.6698
2 24 -1.8949 -12.2034 -3.5494 -3.3549 -10.4075 -2.1203
2 24 -1.8621 -12.2188 -2.8832 -3.2984 -11.0221 -1.4936
2 24 -0.0237 -13.0736 -4.0413 -1.8949 -12.2034 -3.5494
2 24 -0.0222 -13.0859 -3.5514 -1.8621 -12.2188 -2.8832
2 24 -3.8262 -10.4095 0.0043 -3.2984 -11.0221 -1.4936
2 24 -3.3549 -10.4075 -2.1203 -4.15 -8.6403 -0.0012
2 24 13.1806 -16.7076 0 12.957 -17.0948 -2.0477
2 24 12.6681 -17.5952 0 12.4018 -18.0564 -1.9875
2 24 11.7781 -19.2217 -3.6222 12.0298 -18.6916 -3.3956
2 24 12.4018 -18.0564 -1.9875 11.7781 -19.2217 -3.6222
2 24 10.6887 -21.0469 -4.0997 11.7781 -19.2217 -3.6222
2 24 11.4176 -19.7653 -4.1375 11.7781 -19.2217 -3.6222
2 24 10.6887 -21.0469 -4.0997 9.6726 -22.8676 -3.6679
2 24 9.9229 -22.3538 -4.09 9.6726 -22.8676 -3.6679
2 24 9.0513 -23.8753 -2.1267 9.6726 -22.8676 -3.6679
2 24 9.3497 -23.3413 -3.4305 9.6726 -22.8676 -3.6679
2 24 9.0513 -23.8753 -2.1267 8.8514 -24.3543 -1.2535
2 24 1.2477 -21.03 -1.7077 0.934 -21.1888 -0.0161
2 24 8.1806 -25.3678 0 8.2729 -25.1164 -1.574
2 24 0.9226 -20.4388 -2.4973 1.2608 -19.8533 -3.3508
2 24 -1.5724 -17.0062 -1.6249 -0.1892 -18.3596 -1.6201
2 24 1.2818 -19.6303 -1.6314 -0.1892 -18.3596 -1.6201
2 24 10.8798 -15.6927 -1.25 11.2158 -15.5266 -0.0161
2 24 12.957 -17.0948 -2.0477 13.1806 -16.7076 0
2 24 4.7458 -13.817 -1.8731 4.9737 -13.4223 0
2 24 21.9096 -31.5885 -1.6875 22.095 -31.2715 -2.3531
2 24 -1.5724 -17.0062 -1.6249 -1.8065 -17.3095 0.0085
2 24 1.6831 -11.9964 3.5802 0.8758 -13.267 3.6376
2 24 1.6649 -12.0076 3.7783 0.8583 -13.2604 4.0115
2 24 0.8758 -13.267 3.6376 0.8583 -13.2604 4.0115
2 24 -2.0415 0 3.6022 -0.0239 0 4.0973
2 24 -1.9198 -12.1661 3.5393 -0.0218 -13.0681 4.0413
2 24 -2.0415 0 3.6022 -3.5197 -0.0237 2.1486
2 24 -1.9198 -12.1661 3.5393 -3.3611 -10.3987 2.0996
2 24 -4.1249 0 -0.0028 -3.5197 -0.0237 2.1486
2 24 -4.15 -8.6403 -0.0012 -3.3611 -10.3987 2.0996
2 24 4.0362 -11.4108 0.0023 3.5174 -11.3439 1.9933
2 24 3.9529 -11.4176 0 3.5035 -11.3642 1.8556
2 24 1.5902 0 3.7283 2.8973 0 2.7689
2 24 1.5902 0 3.7283 -0.0239 0 4.0973
2 24 -0.0239 0 4.0973 -2.0415 0 3.6022
2 24 -2.0415 0 3.6022 -3.5197 -0.0237 2.1486
2 24 -4.1249 0 -0.0028 -3.5197 -0.0237 2.1486
2 24 4.0267 0 0.0008 3.7271 0 1.4664
2 24 1.6649 -12.0076 3.7783 2.5172 -11.5242 3.2345
2 24 1.6831 -11.9964 3.5802 2.6619 -11.4825 2.9268
2 24 18.4455 -29.8289 1.6573 18.5861 -32.6697 1.6875
2 24 21.9096 -31.5885 1.6875 18.4455 -29.8289 1.6573
2 24 20.947 -33.2966 1.6875 20.3729 -33.9024 1.6875
2 24 18.5861 -32.6697 1.6875 18.7813 -33.4751 1.6482
2 24 20.3729 -33.9024 1.6875 19.5007 -33.9276 1.6875
2 24 18.7813 -33.4751 1.6482 19.5007 -33.9276 1.6875
2 24 21.9096 -31.5885 1.6875 20.947 -33.2966 1.6875
2 24 18.5645 -30.261 0.0123 18.4455 -29.8289 1.6573
2 24 18.4455 -29.8289 1.6573 18.5861 -32.6697 1.6875
2 24 11.2158 -15.5266 -0.0161 10.8798 -15.6927 1.25
2 24 10.8798 -15.6927 1.25 11.4881 -14.3144 1.25
2 24 10.8798 -15.6927 1.25 11.4881 -14.3144 1.25
2 24 10.8798 -15.6927 1.25 5.4638 -12.5735 1.262
2 24 5.4638 -12.5735 1.262 6.3242 -11.3393 1.2498
2 24 6.3242 -11.3393 1.2498 8.1049 -10.6147 1.25
2 24 8.1049 -10.6147 1.25 9.9295 -11.0673 1.25
2 24 11.4881 -14.3144 1.25 11.316 -12.4399 1.2374
2 24 9.9295 -11.0673 1.25 11.316 -12.4399 1.2374
2 24 6.3242 -11.3393 1.2498 8.1049 -10.6147 1.25
2 24 11.4881 -14.3144 1.25 11.316 -12.4399 1.2374
2 24 6.3242 -11.3393 1.2498 5.4638 -12.5735 1.262
2 24 11.316 -12.4399 1.2374 9.9295 -11.0673 1.25
2 24 8.1049 -10.6147 1.25 9.9295 -11.0673 1.25
2 24 0.8758 -13.267 3.6376 1.6831 -11.9964 3.5802
2 24 0.8758 -13.267 3.6376 -0.0568 -13.0689 3.5395
2 24 3.9529 -11.4176 0 3.5035 -11.3642 1.8556
2 24 3.5035 -11.3642 1.8556 2.6619 -11.4825 2.9268
2 24 1.6831 -11.9964 3.5802 2.6619 -11.4825 2.9268
2 24 -0.0568 -13.0689 3.5395 -1.9107 -12.2005 2.859
2 24 -1.9107 -12.2005 2.859 -3.3434 -10.9931 1.4386
2 24 -3.8262 -10.4095 0.0043 -3.3434 -10.9931 1.4386
2 24 2.112 -18.3425 3.3353 1.2854 -19.6275 1.6395
2 24 2.112 -18.3425 3.3353 3.122 -16.6295 3.7481
2 24 3.122 -16.6295 3.7481 4.0595 -15.0057 3.2457
2 24 4.0595 -15.0057 3.2457 4.7458 -13.817 1.8731
2 24 4.9737 -13.4223 0 4.7458 -13.817 1.8731
2 24 -2.9705 -23.2184 1.6846 -2.1842 -23.0426 1.6846
2 24 -2.9705 -23.2184 1.6846 -3.7364 -22.8486 1.6846
2 24 -3.7364 -22.8486 1.6846 -4.1261 -22.0628 1.6846
2 24 -4.1261 -22.0628 1.6846 -3.9331 -21.2527 1.6677
2 24 -2.9705 -23.2184 1.6846 -2.1842 -23.0426 1.6846
2 24 -3.7364 -22.8486 1.6846 -2.9705 -23.2184 1.6846
2 24 -3.7364 -22.8486 1.6846 -4.1261 -22.0628 1.6846
2 24 -4.1261 -22.0628 1.6846 -3.9331 -21.2527 1.6677
2 24 -3.9331 -21.2527 1.6677 -1.5608 -17.0461 1.5903
2 24 -1.8065 -17.3095 0.0085 -1.5608 -17.0461 1.5903
2 24 -2.1842 -23.0426 1.6846 1.2402 -21.0427 1.6979
2 24 0.7882 -20.6718 1.6904 1.2402 -21.0427 1.6979
2 24 -2.1842 -23.0426 1.6846 1.2402 -21.0427 1.6979
2 24 0.934 -21.1888 -0.0161 1.2402 -21.0427 1.6979
2 24 9.9252 -22.3498 4.1037 9.9993 -22.2176 4.8108
2 24 4.5867 -19.0926 4.8108 9.9993 -22.2176 4.8108
2 24 3.5371 -20.9106 3.6078 8.9497 -24.0356 3.6078
2 24 8.9497 -24.0356 3.6078 9.358 -23.3203 3.4335
2 24 9.9252 -22.3498 4.1037 9.6829 -22.8611 3.673
2 24 9.358 -23.3203 3.4335 9.6829 -22.8611 3.673
2 24 11.3619 -19.8577 4.8108 11.4152 -19.7686 4.1507
2 24 11.3619 -19.8577 4.8108 5.9492 -16.7327 4.8108
2 24 12.0295 -18.7019 3.3871 12.4115 -18.0397 3.6078
2 24 12.4115 -18.0397 3.6078 6.9988 -14.9147 3.6078
2 24 11.4152 -19.7686 4.1507 11.7928 -19.2221 3.6203
2 24 12.0295 -18.7019 3.3871 11.7928 -19.2221 3.6203
2 24 2.112 -18.3425 3.3353 3.122 -16.6295 3.7481
2 24 2.4216 -17.8426 4.8108 3.1036 -16.6614 4.9624
2 24 4.3582 -14.4884 4.3239 4.0003 -15.1084 4.6655
2 24 4.0595 -15.0057 3.2457 4.7458 -13.817 1.8731
2 24 4.945 -13.4721 3.3508 4.6909 -13.9121 3.8617
2 24 4.945 -13.4721 3.3508 5.3876 -12.7055 2.0116
2 24 5.4638 -12.5735 1.262 5.3876 -12.7055 2.0116
2 24 4.0003 -15.1084 4.6655 3.795 -15.464 4.8046
2 24 3.1036 -16.6614 4.9624 3.795 -15.464 4.8046
2 24 3.122 -16.6295 3.7481 4.0595 -15.0057 3.2457
2 24 12.957 -17.0948 2.0477 12.4115 -18.0397 3.6078
2 24 12.4115 -18.0397 3.6078 12.0295 -18.7019 3.3871
2 24 1.8476 -18.837 4.3239 2.2055 -18.217 4.6655
2 24 2.9478 -19.4722 4.3239 3.5676 -19.0137 4.6602
2 24 2.9478 -19.4722 4.3239 2.902 -20.2141 3.8617
2 24 1.8476 -18.837 4.3239 1.5148 -19.4133 3.8617
2 24 2.2055 -18.217 4.6655 2.4216 -17.8426 4.8108
2 24 3.5676 -19.0137 4.6602 4.5867 -19.0926 4.8108
2 24 2.4216 -17.8426 4.8108 3.1036 -16.6614 4.9624
2 24 10.6753 -21.0434 5.0087 11.3619 -19.8577 4.8108
2 24 11.3619 -19.8577 4.8108 5.9492 -16.7327 4.8108
2 24 4.6909 -13.9121 3.8617 4.945 -13.4721 3.3508
2 24 6.0781 -14.713 3.8617 6.9988 -14.9147 3.6078
2 24 5.3713 -15.8897 4.6602 5.4585 -15.1236 4.3239
2 24 4.0003 -15.1084 4.6655 4.3582 -14.4884 4.3239
2 24 5.9492 -16.7327 4.8108 5.3713 -15.8897 4.6602
2 24 4.0003 -15.1084 4.6655 3.795 -15.464 4.8046
2 24 4.945 -13.4721 3.3508 5.3876 -12.7055 2.0116
2 24 10.8798 -15.6927 1.25 5.4638 -12.5735 1.262
2 24 5.3876 -12.7055 2.0116 5.4638 -12.5735 1.262
2 24 0.9264 -20.4471 2.4823 1.2608 -19.8533 3.3508
2 24 10.6753 -21.0434 5.0087 9.9993 -22.2176 4.8108
2 24 9.9993 -22.2176 4.8108 9.9252 -22.3498 4.1037
2 24 5.5777 -16.3812 4.1857 5.7793 -15.7246 3.673
2 24 6.9988 -14.9147 3.6078 6.0781 -14.713 3.8617
2 24 6.0781 -14.713 3.8617 5.4585 -15.1236 4.3239
2 24 5.5777 -16.3812 4.1857 5.3713 -15.8897 4.6602
2 24 5.4585 -15.1236 4.3239 5.3713 -15.8897 4.6602
2 24 5.9492 -16.7327 4.8108 5.3713 -15.8897 4.6602
2 24 2.902 -20.2141 3.8617 3.5371 -20.9106 3.6078
2 24 1.5148 -19.4133 3.8617 1.2608 -19.8533 3.3508
2 24 3.9397 -18.9375 4.2676 3.5676 -19.0137 4.6602
2 24 4.5867 -19.0926 4.8108 3.5676 -19.0137 4.6602
2 24 3.5676 -19.0137 4.6602 2.9478 -19.4722 4.3239
2 24 3.2524 -20.1574 3.4914 2.902 -20.2141 3.8617
2 24 2.9478 -19.4722 4.3239 2.902 -20.2141 3.8617
2 24 3.5371 -20.9106 3.6078 2.902 -20.2141 3.8617
2 24 4.6909 -13.9121 3.8617 4.3582 -14.4884 4.3239
2 24 6.0781 -14.713 3.8617 5.4585 -15.1236 4.3239
2 24 2.4216 -17.8426 4.8108 2.2055 -18.217 4.6655
2 24 8.27 -25.1827 1.4362 8.4809 -24.8464 2.3708
2 24 8.7732 -24.3263 1.2268 8.9523 -24.0365 1.886
2 24 3.1036 -16.6614 4.9624 3.795 -15.464 4.8046
2 24 6.9988 -14.9147 3.6078 12.4115 -18.0397 3.6078
2 24 12.957 -17.0948 2.0477 12.4115 -18.0397 3.6078
2 24 1.2402 -21.0427 1.6979 0.7882 -20.6718 1.6904
2 24 0.9264 -20.4471 2.4823 0.7882 -20.6718 1.6904
2 24 0.7882 -20.6718 1.6904 0.9264 -20.4471 2.4823
2 24 1.2854 -19.6275 1.6395 0.7882 -20.6718 1.6904
2 24 2.2055 -18.217 4.6655 1.8476 -18.837 4.3239
2 24 4.3582 -14.4884 4.3239 4.6909 -13.9121 3.8617
2 24 2.112 -18.3425 3.3353 1.2854 -19.6275 1.6395
2 24 1.2608 -19.8533 3.3508 1.5148 -19.4133 3.8617
2 24 1.8476 -18.837 4.3239 1.5148 -19.4133 3.8617
2 24 24.6647 -26.8165 3.4425 25.3922 -25.5564 1.9875
2 24 9.6829 -22.8611 3.673 8.9523 -24.0365 1.886
2 24 25.6585 -25.0952 0 25.3922 -25.5564 1.9875
2 24 22.0903 -31.2797 2.3358 22.6772 -30.2589 3.4425
2 24 22.6772 -30.2589 3.4425 23.671 -28.5377 3.975
2 24 24.6647 -26.8165 3.4425 23.671 -28.5377 3.975
2 24 9.6829 -22.8611 3.673 10.676 -21.047 4.0984
2 24 11.7928 -19.2221 3.6203 10.676 -21.047 4.0984
2 24 11.7928 -19.2221 3.6203 12.4018 -18.0564 1.9875
2 24 12.6681 -17.5952 0 12.4018 -18.0564 1.9875
2 24 0.7882 -20.6718 1.6904 1.2854 -19.6275 1.6395
2 24 -0.1844 -18.3604 1.6267 1.2854 -19.6275 1.6395
2 24 -3.9331 -21.2527 1.6677 -1.5608 -17.0461 1.5903
2 24 -0.1844 -18.3604 1.6267 -1.5608 -17.0461 1.5903
2 24 21.9096 -31.5885 1.6875 20.947 -33.2966 1.6875
2 24 20.947 -33.2966 1.6875 20.3729 -33.9024 1.6875
2 24 20.3729 -33.9024 1.6875 19.5007 -33.9276 1.6875
2 24 19.5007 -33.9276 1.6875 18.7813 -33.4751 1.6482
2 24 18.5861 -32.6697 1.6875 18.7813 -33.4751 1.6482
2 24 -1.9198 -12.1661 3.5393 -3.3611 -10.3987 2.0996
2 24 -1.9107 -12.2005 2.859 -3.3434 -10.9931 1.4386
2 24 -4.15 -8.6403 -0.0012 -3.3611 -10.3987 2.0996
2 24 -3.8262 -10.4095 0.0043 -3.3434 -10.9931 1.4386
2 24 -1.9198 -12.1661 3.5393 -0.0218 -13.0681 4.0413
2 24 -1.9107 -12.2005 2.859 -0.0568 -13.0689 3.5395
2 24 0.8758 -13.267 3.6376 -0.0568 -13.0689 3.5395
2 24 0.8583 -13.2604 4.0115 -0.0218 -13.0681 4.0413
2 24 12.6681 -17.5952 0 12.4018 -18.0564 1.9875
2 24 13.1806 -16.7076 0 12.957 -17.0948 2.0477
2 24 10.6753 -21.0434 5.0087 11.3619 -19.8577 4.8108
2 24 11.3619 -19.8577 4.8108 11.4152 -19.7686 4.1507
2 24 8.9523 -24.0365 1.886 9.6829 -22.8611 3.673
2 24 9.358 -23.3203 3.4335 9.6829 -22.8611 3.673
2 24 0.9264 -20.4471 2.4823 1.2608 -19.8533 3.3508
2 24 -1.5608 -17.0461 1.5903 -0.1844 -18.3604 1.6267
2 24 1.2854 -19.6275 1.6395 -0.1844 -18.3604 1.6267
2 24 11.2158 -15.5266 -0.0161 10.8798 -15.6927 1.25
2 24 13.1806 -16.7076 0 12.957 -17.0948 2.0477
2 24 4.9737 -13.4223 0 4.7458 -13.817 1.8731
2 24 22.0903 -31.2797 2.3358 21.9096 -31.5885 1.6875
2 24 -1.8065 -17.3095 0.0085 -1.5608 -17.0461 1.5903
2 24 2.8959 0 -2.77 3.7131 0 -1.4614
2 24 3.5174 -11.3439 1.9933 2.5172 -11.5242 3.2345
2 24 3.5035 -11.3642 1.8556 2.6619 -11.4825 2.9268
2 24 2.8973 0 2.7689 3.7271 0 1.4664
2 24 1.6784 -11.9928 -3.7743 2.5207 -11.5384 -3.2324
2 24 1.6788 -11.9991 -3.5828 2.5828 -11.5172 -3.0788
2 24 -0.0172 0 -4.0743 1.6007 -0.0079 -3.7301
2 24 -0.0237 -13.0736 -4.0413 0.8515 -13.2729 -4.0122
2 24 0.8515 -13.2729 -4.0122 1.6784 -11.9928 -3.7743
2 24 1.6007 -0.0079 -3.7301 2.8959 0 -2.77
2 24 1.6784 -11.9928 -3.7743 2.5207 -11.5384 -3.2324
2 24 2.5207 -11.5384 -3.2324 3.5189 -11.3455 -1.9889
2 24 2.8959 0 -2.77 3.7131 0 -1.4614
2 24 3.5189 -11.3455 -1.9889 4.0362 -11.4108 0.0023
2 24 3.7131 0 -1.4614 4.0267 0 0.0008
2 24 4.0362 -11.4108 0.0023 3.5174 -11.3439 1.9933
2 24 4.0267 0 0.0008 3.7271 0 1.4664
2 24 3.5174 -11.3439 1.9933 2.5172 -11.5242 3.2345
2 24 3.7271 0 1.4664 2.8973 0 2.7689
2 24 2.5172 -11.5242 3.2345 1.6649 -12.0076 3.7783
2 24 2.8973 0 2.7689 1.5902 0 3.7283
2 24 1.6649 -12.0076 3.7783 0.8583 -13.2604 4.0115
2 24 -0.0239 0 4.0973 1.5902 0 3.7283
2 24 -0.0218 -13.0681 4.0413 0.8583 -13.2604 4.0115
2 24 10.6753 -21.0434 5.0087 9.9993 -22.2176 4.8108
2 24 4.5867 -19.0926 4.8108 9.9993 -22.2176 4.8108
2 24 5.9492 -16.7327 -4.8108 11.3619 -19.8577 -4.8108
2 24 10.6754 -21.0467 -5.0051 11.3619 -19.8577 -4.8108
2 24 8.9523 -24.0365 1.886 8.7732 -24.3263 1.2268
2 24 22.0903 -31.2797 2.3358 21.9096 -31.5885 1.6875
2 24 18.4455 -29.8289 1.6573 21.9096 -31.5885 1.6875
2 24 22.0903 -31.2797 2.3358 22.6772 -30.2589 3.4425
2 24 22.6772 -30.2589 3.4425 23.671 -28.5377 3.975
2 24 23.671 -28.5377 3.975 24.6647 -26.8165 3.4425
2 24 24.6647 -26.8165 3.4425 25.3922 -25.5564 1.9875
2 24 25.3922 -25.5564 1.9875 25.6585 -25.0952 0
2 24 25.6585 -25.0952 0 25.3922 -25.5564 -1.9875
2 24 25.3922 -25.5564 -1.9875 24.6647 -26.8165 -3.4425
2 24 24.6647 -26.8165 -3.4425 23.671 -28.5377 -3.975
2 24 23.671 -28.5377 -3.975 22.6772 -30.2589 -3.4425
2 24 22.6772 -30.2589 -3.4425 22.095 -31.2715 -2.3531
2 24 18.4533 -29.8109 -1.7085 21.9096 -31.5885 -1.6875
2 24 22.095 -31.2715 -2.3531 21.9096 -31.5885 -1.6875
2 24 3.5371 -20.9106 -3.6078 8.9497 -24.0356 -3.6078
2 24 8.5598 -24.7049 -2.5888 8.9497 -24.0356 -3.6078
2 24 8.2729 -25.1164 -1.574 8.5598 -24.7049 -2.5888
2 24 8.27 -25.1827 1.4362 8.4809 -24.8464 2.3708
2 24 3.5371 -20.9106 3.6078 8.9497 -24.0356 3.6078
2 24 8.4809 -24.8464 2.3708 8.9497 -24.0356 3.6078
2 24 18.4533 -29.8109 -1.7085 18.5645 -30.261 0.0123
2 24 8.8514 -24.3543 -1.2535 8.5754 -24.5429 0.0015
2 24 8.8514 -24.3543 -1.2535 8.5754 -24.5429 0.0015
2 24 8.2729 -25.1164 -1.574 8.1806 -25.3678 0
2 24 8.1806 -25.3678 0 8.27 -25.1827 1.4362
2 24 0.934 -21.1888 -0.0161 1.2402 -21.0427 1.6979
2 24 8.7732 -24.3263 1.2268 8.5754 -24.5429 0.0015
2 24 8.27 -25.1827 1.4362 8.1806 -25.3678 0
2 24 18.4455 -29.8289 1.6573 18.5645 -30.261 0.0123
2 24 8.7732 -24.3263 1.2268 8.5754 -24.5429 0.0015
2 24 8.4809 -24.8464 2.3708 8.9497 -24.0356 3.6078
2 24 9.358 -23.3203 3.4335 8.9497 -24.0356 3.6078
2 24 9.9252 -22.3498 4.1037 9.6829 -22.8611 3.673
2 24 10.676 -21.047 4.0984 9.6829 -22.8611 3.673
2 24 10.676 -21.047 4.0984 11.7928 -19.2221 3.6203
2 24 11.4152 -19.7686 4.1507 11.7928 -19.2221 3.6203
2 24 12.4018 -18.0564 1.9875 11.7928 -19.2221 3.6203
2 24 12.0295 -18.7019 3.3871 11.7928 -19.2221 3.6203
2 24 12.957 -17.0948 -2.0477 12.4115 -18.0397 -3.6078
2 24 12.0298 -18.6916 -3.3956 12.4115 -18.0397 -3.6078
2 24 10.6754 -21.0467 -5.0051 9.9993 -22.2176 -4.8108
2 24 9.9229 -22.3538 -4.09 9.9993 -22.2176 -4.8108
2 24 -1.8621 -12.2188 -2.8832 -0.0222 -13.0859 -3.5514
2 24 0.8798 -13.2632 -3.6369 -0.0222 -13.0859 -3.5514
0 STEP
