0 Brick, Round Tube 1 x 1 d. 45 degrees Elbow Macaroni Half - Axle Hole
0 Name: bl_7324.dat
0 Author: 
0 BL_Item_No 7324
0 BFC CERTIFY CCW
3 16 -2.8438 -10.5738 8.5459 -5.8197 -10.9604 6.5407 -1.9556 -16.0044 8.5459
3 16 -1.9556 -16.0044 8.5459 -5.8197 -10.9604 6.5407 -4.8996 -16.586 6.5407
3 16 -2.3918 0 -5.7742 -2.7982 -5.25 -5.557 0 0 -6.25
3 16 5.7742 0 -2.3918 6.25 0 0 8.5461 0 -3.5398
3 16 8.5461 0 -3.5398 6.25 0 0 9.25 0 0
3 16 7.587 -24.3586 8.5459 9.4233 -29.2328 8.5459 10.4291 -23.3952 6.5407
3 16 10.4291 -23.3952 6.5407 9.4233 -29.2328 8.5459 12.1959 -28.0848 6.5407
3 16 9.3917 -4.2876 0 9.8395 -8.9263 0 8.689 -4.3321 -3.5398
3 16 8.689 -4.3321 -3.5398 9.8395 -8.9263 0 9.1412 -9.017 -3.5398
3 16 7.1528 -9.2753 6.5407 6.6878 -4.459 6.5407 4.1769 -9.6618 8.5459
3 16 4.1769 -9.6618 8.5459 6.6878 -4.459 6.5407 3.6929 -4.6488 8.5459
3 16 9.0274 -18.764 -6.5407 10.9647 -18.2467 -3.5398 10.4291 -23.3952 -6.5407
3 16 10.4291 -23.3952 -6.5407 10.9647 -18.2467 -3.5398 12.3281 -22.7515 -3.5398
3 16 -3.3725 -5.0966 -8.5459 -6.3674 -5.2864 -6.5407 -3.5396 0 -8.5459
3 16 -3.5396 0 -8.5459 -6.3674 -5.2864 -6.5407 -6.5405 0 -6.5407
3 16 12.3281 -22.7515 3.5398 10.9647 -18.2467 3.5398 10.4291 -23.3952 6.5407
3 16 10.4291 -23.3952 6.5407 10.9647 -18.2467 3.5398 9.0274 -18.764 6.5407
3 16 -5.1011 -18.8593 2.2125 -5.526 -18.8967 -0.0002 -5.7723 -17.1 2.2125
3 16 -5.7723 -17.1 2.2125 -5.526 -18.8967 -0.0002 -6.25 -17.1 0
3 16 0 0 -9.25 -3.5396 0 -8.5459 0 0 -6.25
3 16 0 0 -6.25 -3.5396 0 -8.5459 -2.3918 0 -5.7742
3 16 2.8309 -5.25 2.8309 4.4194 -5.25 4.4194 3.4241 -5.25 2.6116
3 16 -3.859 -28.2385 3.5398 -1.7421 -33.8587 3.5398 -1.96 -27.5948 6.5407
3 16 -1.96 -27.5948 6.5407 -1.7421 -33.8587 3.5398 0.1104 -33.0912 6.5407
3 16 4.4194 0 4.4194 2.3918 0 5.7742 6.541 0 6.5407
3 16 6.541 0 6.5407 2.3918 0 5.7742 3.5401 0 8.5459
3 16 -5.5485 -22.6561 -3.5398 -6.8668 -16.9746 -3.5398 -3.6112 -22.1388 -6.5407
3 16 -3.6112 -22.1388 -6.5407 -6.8668 -16.9746 -3.5398 -4.8996 -16.586 -6.5407
3 16 3.5607 0 -8.5373 0 0 -9.25 2.3918 0 -5.7742
3 16 2.3918 0 -5.7742 0 0 -9.25 0 0 -6.25
3 16 -3.6112 -22.1388 -6.5407 -1.96 -27.5948 -6.5407 -5.5485 -22.6561 -3.5398
3 16 -5.5485 -22.6561 -3.5398 -1.96 -27.5948 -6.5407 -3.859 -28.2385 -3.5398
3 16 -3.859 -28.2385 3.5398 -1.96 -27.5948 6.5407 -5.5485 -22.6561 3.5398
3 16 -5.5485 -22.6561 3.5398 -1.96 -27.5948 6.5407 -3.6112 -22.1388 6.5407
3 16 10.5917 -13.5254 0 9.9009 -13.6619 3.5398 11.645 -18.065 0
3 16 11.645 -18.065 0 9.9009 -13.6619 3.5398 10.9647 -18.2467 3.5398
3 16 0.6665 -10.1178 9.25 0.1602 -4.8727 9.25 -2.8438 -10.5738 8.5459
3 16 -2.8438 -10.5738 8.5459 0.1602 -4.8727 9.25 -3.3725 -5.0966 8.5459
3 16 9.1412 -9.017 3.5398 7.1528 -9.2753 6.5407 9.9009 -13.6619 3.5398
3 16 9.9009 -13.6619 3.5398 7.1528 -9.2753 6.5407 7.9338 -14.0505 6.5407
3 16 -4.4194 0 4.4194 -4.4194 -5.25 4.4194 -5.7742 0 2.3918
3 16 -5.7742 0 2.3918 -4.4194 -5.25 4.4194 -5.7723 -5.25 2.2125
3 16 4.9898 -14.6322 -8.5459 7.9338 -14.0505 -6.5407 6.1281 -19.5382 -8.5459
3 16 6.1281 -19.5382 -8.5459 7.9338 -14.0505 -6.5407 9.0274 -18.764 -6.5407
3 16 0.8821 -26.6314 8.5459 2.8827 -31.9424 8.5459 4.2345 -25.495 9.25
3 16 4.2345 -25.495 9.25 2.8827 -31.9424 8.5459 6.1532 -30.5881 9.25
3 16 0.1602 -4.8727 -9.25 -3.3725 -5.0966 -8.5459 0 0 -9.25
3 16 0 0 -9.25 -3.3725 -5.0966 -8.5459 -3.5396 0 -8.5459
3 16 9.0274 -18.764 6.5407 6.1281 -19.5382 8.5459 10.4291 -23.3952 6.5407
3 16 10.4291 -23.3952 6.5407 6.1281 -19.5382 8.5459 7.587 -24.3586 8.5459
3 16 -6.8668 -16.9746 -3.5398 -7.8082 -11.2187 -3.5398 -4.8996 -16.586 -6.5407
3 16 -4.8996 -16.586 -6.5407 -7.8082 -11.2187 -3.5398 -5.8197 -10.9604 -6.5407
3 16 4.9898 -14.6322 -8.5459 1.5171 -15.3183 -9.25 4.1769 -9.6618 -8.5459
3 16 4.1769 -9.6618 -8.5459 1.5171 -15.3183 -9.25 0.6665 -10.1178 -9.25
3 16 0.5446 -25.5603 -4.4204 1.6299 -32.462 -2.9445 2.2125 -27.7804 -5.0679
3 16 2.2125 -27.7804 -5.0679 1.6299 -32.462 -2.9445 2.2516 -32.2044 -3.8767
3 16 7.1528 -9.2753 6.5407 4.1769 -9.6618 8.5459 7.9338 -14.0505 6.5407
3 16 7.9338 -14.0505 6.5407 4.1769 -9.6618 8.5459 4.9898 -14.6322 8.5459
3 16 -2.9268 -19.7235 2.1637 -1.2567 -26.1245 1.7184 -3.383 -19.725 0
3 16 -3.383 -19.725 0 -1.2567 -26.1245 1.7184 -1.5084 -26.2046 0
3 16 4.4194 0 -4.4194 5.7742 0 -2.3918 6.541 0 -6.5407
3 16 6.541 0 -6.5407 5.7742 0 -2.3918 8.5461 0 -3.5398
3 16 12.9949 -22.5255 0 11.645 -18.065 0 12.3281 -22.7515 3.5398
3 16 12.3281 -22.7515 3.5398 11.645 -18.065 0 10.9647 -18.2467 3.5398
3 16 -4.4194 -5.25 4.4194 -4.3154 -5.25 2.2125 -5.7723 -5.25 2.2125
3 16 -7.8082 -11.2187 -3.5398 -8.3686 -5.4132 -3.5398 -5.8197 -10.9604 -6.5407
3 16 -5.8197 -10.9604 -6.5407 -8.3686 -5.4132 -3.5398 -6.3674 -5.2864 -6.5407
3 16 4.2345 -25.495 -9.25 7.587 -24.3586 -8.5459 6.1532 -30.5881 -9.25
3 16 6.1532 -30.5881 -9.25 7.587 -24.3586 -8.5459 9.4234 -29.2331 -8.5459
3 16 0 0 6.25 0 -17.1 6.25 -2.2125 -5.25 5.7718
3 16 -2.2125 -5.25 5.7718 0 -17.1 6.25 -2.2125 -17.1 5.7718
3 16 -3.3725 -5.0966 -8.5459 0.1602 -4.8727 -9.25 -2.8438 -10.5738 -8.5459
3 16 -2.8438 -10.5738 -8.5459 0.1602 -4.8727 -9.25 0.6665 -10.1178 -9.25
3 16 3.6929 -4.6488 -8.5459 6.6878 -4.459 -6.5407 4.1769 -9.6618 -8.5459
3 16 4.1769 -9.6618 -8.5459 6.6878 -4.459 -6.5407 7.1528 -9.2753 -6.5407
3 16 0 0 9.25 0.1602 -4.8727 9.25 3.5401 0 8.5459
3 16 3.5401 0 8.5459 0.1602 -4.8727 9.25 3.6929 -4.6488 8.5459
3 16 -6.25 0 0 -9.25 0 0 -5.7742 0 2.3918
3 16 -5.7742 0 2.3918 -9.25 0 0 -8.5351 0 3.5652
3 16 1.5171 -15.3183 9.25 4.9898 -14.6322 8.5459 0.6665 -10.1178 9.25
3 16 0.6665 -10.1178 9.25 4.9898 -14.6322 8.5459 4.1769 -9.6618 8.5459
3 16 7.9338 -14.0505 6.5407 9.0274 -18.764 6.5407 9.9009 -13.6619 3.5398
3 16 9.9009 -13.6619 3.5398 9.0274 -18.764 6.5407 10.9647 -18.2467 3.5398
3 16 10.9647 -18.2467 -3.5398 11.645 -18.065 0 12.3281 -22.7515 -3.5398
3 16 12.3281 -22.7515 -3.5398 11.645 -18.065 0 12.9949 -22.5255 0
3 16 -3.5396 0 8.5459 -3.3725 -5.0966 8.5459 0 0 9.25
3 16 0 0 9.25 -3.3725 -5.0966 8.5459 0.1602 -4.8727 9.25
3 16 -2.2125 -19.4299 4.3154 -2.2125 -5.25 4.3154 -2.2125 -18.8575 5.1026
3 16 -2.2125 -5.25 4.3154 -2.2125 -17.1 5.7718 -2.2125 -18.8575 5.1026
3 16 -2.9562 -19.7247 -2.135 -1.7586 -19.619 -3.9438 -2.8309 -19.6975 -2.8309
3 16 -1.7586 -19.619 -3.9438 -2.6116 -19.635 -3.4241 -2.8309 -19.6975 -2.8309
3 16 0 0 6.25 2.3918 0 5.7742 0 -17.1 6.25
3 16 0 -17.1 6.25 2.3918 0 5.7742 2.6018 -17.1 5.6827
3 16 -5.557 -17.1 -2.7982 -4.5026 -19.1425 -2.706 -3.4241 -5.25 -2.6116
3 16 6.541 0 6.5407 6.6878 -4.459 6.5407 8.5461 0 3.5398
3 16 8.5461 0 3.5398 6.6878 -4.459 6.5407 8.689 -4.3321 3.5398
3 16 -4.8996 -16.586 -6.5407 -5.8197 -10.9604 -6.5407 -1.9556 -16.0044 -8.5459
3 16 -1.9556 -16.0044 -8.5459 -5.8197 -10.9604 -6.5407 -2.8438 -10.5738 -8.5459
3 16 0.8755 -32.7739 0 0.9684 -32.736 -1.0263 -1.5084 -26.2046 0
3 16 -1.5084 -26.2046 0 0.9684 -32.736 -1.0263 -1.2736 -26.1306 -1.66
3 16 -8.5457 0 -3.5398 -6.5405 0 -6.5407 -8.3686 -5.4132 -3.5398
3 16 -8.3686 -5.4132 -3.5398 -6.5405 0 -6.5407 -6.3674 -5.2864 -6.5407
3 16 1.5171 -15.3183 9.25 2.7081 -20.4514 9.25 4.9898 -14.6322 8.5459
3 16 4.9898 -14.6322 8.5459 2.7081 -20.4514 9.25 6.1281 -19.5382 8.5459
3 16 4.9898 -14.6322 -8.5459 4.1769 -9.6618 -8.5459 7.9338 -14.0505 -6.5407
3 16 7.9338 -14.0505 -6.5407 4.1769 -9.6618 -8.5459 7.1528 -9.2753 -6.5407
3 16 -3.6112 -22.1388 -6.5407 -4.8996 -16.586 -6.5407 -0.7119 -21.3646 -8.5459
3 16 -0.7119 -21.3646 -8.5459 -4.8996 -16.586 -6.5407 -1.9556 -16.0044 -8.5459
3 16 -5.8197 -10.9604 -6.5407 -6.3674 -5.2864 -6.5407 -2.8438 -10.5738 -8.5459
3 16 -2.8438 -10.5738 -8.5459 -6.3674 -5.2864 -6.5407 -3.3725 -5.0966 -8.5459
3 16 9.8395 -8.9263 0 9.1412 -9.017 3.5398 10.5917 -13.5254 0
3 16 10.5917 -13.5254 0 9.1412 -9.017 3.5398 9.9009 -13.6619 3.5398
3 16 -6.3674 -5.2864 6.5407 -5.8197 -10.9604 6.5407 -3.3725 -5.0966 8.5459
3 16 -3.3725 -5.0966 8.5459 -5.8197 -10.9604 6.5407 -2.8438 -10.5738 8.5459
3 16 -6.2288 -22.8378 0 -7.5575 -17.1111 0 -5.5485 -22.6561 -3.5398
3 16 -5.5485 -22.6561 -3.5398 -7.5575 -17.1111 0 -6.8668 -16.9746 -3.5398
3 16 6.6878 -4.459 -6.5407 8.689 -4.3321 -3.5398 7.1528 -9.2753 -6.5407
3 16 7.1528 -9.2753 -6.5407 8.689 -4.3321 -3.5398 9.1412 -9.017 -3.5398
3 16 2.2125 -17.1 -5.8038 2.2125 -5.25 -5.8038 0 -17.1 -6.249
3 16 0 -17.1 -6.249 2.2125 -5.25 -5.8038 0 0 -6.25
3 16 12.1961 -28.0851 -6.5407 10.4291 -23.3952 -6.5407 14.0486 -27.3179 -3.5398
3 16 14.0486 -27.3179 -3.5398 10.4291 -23.3952 -6.5407 12.3281 -22.7515 -3.5398
3 16 0.8821 -26.6314 8.5459 -1.96 -27.5948 6.5407 2.8827 -31.9424 8.5459
3 16 2.8827 -31.9424 8.5459 -1.96 -27.5948 6.5407 0.1104 -33.0912 6.5407
3 16 2.7081 -20.4514 -9.25 4.2345 -25.495 -9.25 -0.7119 -21.3646 -8.5459
3 16 -0.7119 -21.3646 -8.5459 4.2345 -25.495 -9.25 0.8821 -26.6314 -8.5459
3 16 -1.96 -27.5948 -6.5407 -3.6112 -22.1388 -6.5407 0.8821 -26.6314 -8.5459
3 16 0.8821 -26.6314 -8.5459 -3.6112 -22.1388 -6.5407 -0.7119 -21.3646 -8.5459
3 16 6.1281 -19.5382 -8.5459 9.0274 -18.764 -6.5407 7.587 -24.3586 -8.5459
3 16 7.587 -24.3586 -8.5459 9.0274 -18.764 -6.5407 10.4291 -23.3952 -6.5407
3 16 2.2125 -5.25 -5.8038 4.4194 -5.25 -4.4194 2.3918 0 -5.7742
3 16 2.3918 0 -5.7742 4.4194 -5.25 -4.4194 4.4194 0 -4.4194
3 16 -2.3918 0 -5.7742 -4.4194 0 -4.4194 -2.7982 -5.25 -5.557
3 16 -2.7982 -5.25 -5.557 -4.4194 0 -4.4194 -4.4194 -5.25 -4.4194
3 16 12.3281 -22.7515 -3.5398 12.9949 -22.5255 0 14.0486 -27.3179 -3.5398
3 16 14.0486 -27.3179 -3.5398 12.9949 -22.5255 0 14.6992 -27.0485 0
3 16 -8.5351 0 3.5652 -9.25 0 0 -8.3686 -5.4132 3.5398
3 16 -8.3686 -5.4132 3.5398 -9.25 0 0 -9.0713 -5.4578 0
3 16 -3.3725 -5.0966 8.5459 -3.5396 0 8.5459 -6.3674 -5.2864 6.5407
3 16 -6.3674 -5.2864 6.5407 -3.5396 0 8.5459 -6.5405 0 6.5407
3 16 -6.5405 0 6.5407 -3.5396 0 8.5459 -4.4194 0 4.4194
3 16 -4.4194 0 4.4194 -3.5396 0 8.5459 -2.3918 0 5.7742
3 16 9.1412 -9.017 -3.5398 9.9009 -13.6619 -3.5398 7.1528 -9.2753 -6.5407
3 16 7.1528 -9.2753 -6.5407 9.9009 -13.6619 -3.5398 7.9338 -14.0505 -6.5407
3 16 -3.4241 -19.635 -2.6116 -4.5026 -19.1425 -2.706 -3.383 -19.725 0
3 16 -3.383 -19.725 0 -4.5026 -19.1425 -2.706 -5.526 -18.8967 -0.0002
3 16 -8.5064 -11.3094 0 -9.0713 -5.4578 0 -7.8082 -11.2187 -3.5398
3 16 -7.8082 -11.2187 -3.5398 -9.0713 -5.4578 0 -8.3686 -5.4132 -3.5398
3 16 8.5461 0 -3.5398 9.25 0 0 8.689 -4.3321 -3.5398
3 16 8.689 -4.3321 -3.5398 9.25 0 0 9.3917 -4.2876 0
3 16 -1.7421 -33.8587 3.5398 -3.859 -28.2385 3.5398 -2.3927 -34.128 0
3 16 -2.3927 -34.128 0 -3.859 -28.2385 3.5398 -4.5259 -28.4646 0
3 16 14.0485 -27.3177 3.5398 14.6992 -27.0485 0 12.3281 -22.7515 3.5398
3 16 12.3281 -22.7515 3.5398 14.6992 -27.0485 0 12.9949 -22.5255 0
3 16 2.3918 0 -5.7742 4.4194 0 -4.4194 3.5607 0 -8.5373
3 16 3.5607 0 -8.5373 4.4194 0 -4.4194 6.541 0 -6.5407
3 16 -0.7119 -21.3646 -8.5459 -1.9556 -16.0044 -8.5459 2.7081 -20.4514 -9.25
3 16 2.7081 -20.4514 -9.25 -1.9556 -16.0044 -8.5459 1.5171 -15.3183 -9.25
3 16 0.6665 -10.1178 -9.25 0.1602 -4.8727 -9.25 4.1769 -9.6618 -8.5459
3 16 4.1769 -9.6618 -8.5459 0.1602 -4.8727 -9.25 3.6929 -4.6488 -8.5459
3 16 2.7081 -20.4514 9.25 1.5171 -15.3183 9.25 -0.7119 -21.3646 8.5459
3 16 -0.7119 -21.3646 8.5459 1.5171 -15.3183 9.25 -1.9556 -16.0044 8.5459
3 16 9.1412 -9.017 3.5398 8.689 -4.3321 3.5398 7.1528 -9.2753 6.5407
3 16 7.1528 -9.2753 6.5407 8.689 -4.3321 3.5398 6.6878 -4.459 6.5407
3 16 -1.7089 -19.6157 4.0148 -0.5038 -25.8858 3.2856 -2.9268 -19.7235 2.1637
3 16 -2.9268 -19.7235 2.1637 -0.5038 -25.8858 3.2856 -1.2567 -26.1245 1.7184
3 16 4.2345 -25.495 -9.25 2.7081 -20.4514 -9.25 7.587 -24.3586 -8.5459
3 16 7.587 -24.3586 -8.5459 2.7081 -20.4514 -9.25 6.1281 -19.5382 -8.5459
3 16 1.5171 -15.3183 -9.25 -1.9556 -16.0044 -8.5459 0.6665 -10.1178 -9.25
3 16 0.6665 -10.1178 -9.25 -1.9556 -16.0044 -8.5459 -2.8438 -10.5738 -8.5459
3 16 -5.557 -17.1 -2.7982 -5.557 -5.25 -2.7982 -6.25 -17.1 0
3 16 -6.25 -17.1 0 -5.557 -5.25 -2.7982 -6.25 0 0
3 16 2.8309 -5.25 2.8309 2.6116 -5.25 3.4241 4.4194 -5.25 4.4194
3 16 -8.5457 0 -3.5398 -9.25 0 0 -5.7742 0 -2.3918
3 16 -5.7742 0 -2.3918 -9.25 0 0 -6.25 0 0
3 16 5.7742 0 2.3918 4.4194 0 4.4194 8.5461 0 3.5398
3 16 8.5461 0 3.5398 4.4194 0 4.4194 6.541 0 6.5407
3 16 -6.25 -17.1 0 -5.526 -18.8967 -0.0002 -5.557 -17.1 -2.7982
3 16 -5.557 -17.1 -2.7982 -5.526 -18.8967 -0.0002 -4.5026 -19.1425 -2.706
3 16 -4.4194 0 -4.4194 -2.3918 0 -5.7742 -6.5405 0 -6.5407
3 16 -6.5405 0 -6.5407 -2.3918 0 -5.7742 -3.5396 0 -8.5459
3 16 9.25 0 0 8.5461 0 3.5398 9.3917 -4.2876 0
3 16 9.3917 -4.2876 0 8.5461 0 3.5398 8.689 -4.3321 3.5398
3 16 0.8821 -26.6314 8.5459 -0.7119 -21.3646 8.5459 -1.96 -27.5948 6.5407
3 16 -1.96 -27.5948 6.5407 -0.7119 -21.3646 8.5459 -3.6112 -22.1388 6.5407
3 16 -2.2125 -5.25 5.7718 -4.4194 -5.25 4.4194 -2.3918 0 5.7742
3 16 -2.3918 0 5.7742 -4.4194 -5.25 4.4194 -4.4194 0 4.4194
3 16 2.7081 -20.4514 9.25 -0.7119 -21.3646 8.5459 4.2345 -25.495 9.25
3 16 4.2345 -25.495 9.25 -0.7119 -21.3646 8.5459 0.8821 -26.6314 8.5459
3 16 3.5401 0 8.5459 3.6929 -4.6488 8.5459 6.541 0 6.5407
3 16 6.541 0 6.5407 3.6929 -4.6488 8.5459 6.6878 -4.459 6.5407
3 16 10.4291 -23.3952 -6.5407 12.1961 -28.0851 -6.5407 7.587 -24.3586 -8.5459
3 16 7.587 -24.3586 -8.5459 12.1961 -28.0851 -6.5407 9.4234 -29.2331 -8.5459
3 16 6.541 0 -6.5407 8.5461 0 -3.5398 6.6878 -4.459 -6.5407
3 16 6.6878 -4.459 -6.5407 8.5461 0 -3.5398 8.689 -4.3321 -3.5398
3 16 7.587 -24.3586 8.5459 6.1281 -19.5382 8.5459 4.2345 -25.495 9.25
3 16 4.2345 -25.495 9.25 6.1281 -19.5382 8.5459 2.7081 -20.4514 9.25
3 16 1.5171 -15.3183 -9.25 4.9898 -14.6322 -8.5459 2.7081 -20.4514 -9.25
3 16 2.7081 -20.4514 -9.25 4.9898 -14.6322 -8.5459 6.1281 -19.5382 -8.5459
3 16 4.1769 -9.6618 8.5459 3.6929 -4.6488 8.5459 0.6665 -10.1178 9.25
3 16 0.6665 -10.1178 9.25 3.6929 -4.6488 8.5459 0.1602 -4.8727 9.25
3 16 5.5571 -5.25 2.7982 3.4241 -5.25 2.6116 4.4194 -5.25 4.4194
3 16 4.3154 -5.25 -2.2125 2.8284 -5.25 -2.8284 4.3153 -31.3495 -2.2125
3 16 4.3153 -31.3495 -2.2125 2.8284 -5.25 -2.8284 2.8284 -31.9655 -2.8284
3 16 9.1412 -9.017 -3.5398 9.8395 -8.9263 0 9.9009 -13.6619 -3.5398
3 16 9.9009 -13.6619 -3.5398 9.8395 -8.9263 0 10.5917 -13.5254 0
3 16 -8.3686 -5.4132 3.5398 -7.8082 -11.2187 3.5398 -6.3674 -5.2864 6.5407
3 16 -6.3674 -5.2864 6.5407 -7.8082 -11.2187 3.5398 -5.8197 -10.9604 6.5407
3 16 3.5607 0 -8.5373 3.6929 -4.6488 -8.5459 0 0 -9.25
3 16 0 0 -9.25 3.6929 -4.6488 -8.5459 0.1602 -4.8727 -9.25
3 16 4.4194 -5.25 -4.4194 4.3154 -5.25 -2.2125 5.8287 -5.25 -2.2125
3 16 9.4233 -29.2328 8.5459 7.587 -24.3586 8.5459 6.1532 -30.5881 9.25
3 16 6.1532 -30.5881 9.25 7.587 -24.3586 8.5459 4.2345 -25.495 9.25
3 16 -5.8197 -10.9604 6.5407 -7.8082 -11.2187 3.5398 -4.8996 -16.586 6.5407
3 16 -4.8996 -16.586 6.5407 -7.8082 -11.2187 3.5398 -6.8668 -16.9746 3.5398
3 16 2.2125 -17.8654 -5.7232 -0.0441 -19.1849 -5.218 2.2125 -22.2457 -5.6403
3 16 2.2125 -22.2457 -5.6403 -0.0441 -19.1849 -5.218 0.5446 -25.5603 -4.4204
3 16 -3.859 -28.2385 3.5398 -5.5485 -22.6561 3.5398 -4.5259 -28.4646 0
3 16 -4.5259 -28.4646 0 -5.5485 -22.6561 3.5398 -6.2288 -22.8378 0
3 16 -9.25 0 0 -8.5457 0 -3.5398 -9.0713 -5.4578 0
3 16 -9.0713 -5.4578 0 -8.5457 0 -3.5398 -8.3686 -5.4132 -3.5398
3 16 -6.25 0 0 -5.7723 -5.25 2.2125 -6.25 -17.1 0
3 16 -6.25 -17.1 0 -5.7723 -5.25 2.2125 -5.7723 -17.1 2.2125
3 16 2.3918 0 5.7742 0 0 6.25 3.5401 0 8.5459
3 16 3.5401 0 8.5459 0 0 6.25 0 0 9.25
3 16 0.5446 -25.5603 -4.4204 -0.57 -25.9092 -3.1763 1.6299 -32.462 -2.9445
3 16 1.6299 -32.462 -2.9445 -0.57 -25.9092 -3.1763 1.2202 -32.6317 -2.0186
3 16 9.0274 -18.764 6.5407 7.9338 -14.0505 6.5407 6.1281 -19.5382 8.5459
3 16 6.1281 -19.5382 8.5459 7.9338 -14.0505 6.5407 4.9898 -14.6322 8.5459
3 16 -6.2288 -22.8378 0 -5.5485 -22.6561 -3.5398 -4.5259 -28.4646 0
3 16 -4.5259 -28.4646 0 -5.5485 -22.6561 -3.5398 -3.859 -28.2385 -3.5398
3 16 -5.7742 0 -2.3918 -4.4194 0 -4.4194 -8.5457 0 -3.5398
3 16 -8.5457 0 -3.5398 -4.4194 0 -4.4194 -6.5405 0 -6.5407
3 16 -6.8668 -16.9746 3.5398 -7.5575 -17.1111 0 -5.5485 -22.6561 3.5398
3 16 -5.5485 -22.6561 3.5398 -7.5575 -17.1111 0 -6.2288 -22.8378 0
3 16 -3.4241 -19.635 -2.6116 -3.4241 -5.25 -2.6116 -4.5026 -19.1425 -2.706
3 16 -8.3686 -5.4132 3.5398 -6.3674 -5.2864 6.5407 -8.5351 0 3.5652
3 16 -8.5351 0 3.5652 -6.3674 -5.2864 6.5407 -6.5405 0 6.5407
3 16 0 0 -6.25 2.2125 -5.25 -5.8038 2.3918 0 -5.7742
3 16 6.25 0 0 5.8287 -5.25 -2.2125 6.25 -30.5483 0
3 16 6.25 -30.5483 0 5.8287 -5.25 -2.2125 5.8287 -30.7227 -2.2125
3 16 9.8395 -8.9263 0 9.3917 -4.2876 0 9.1412 -9.017 3.5398
3 16 9.1412 -9.017 3.5398 9.3917 -4.2876 0 8.689 -4.3321 3.5398
3 16 -5.557 -5.25 -2.7982 -3.4241 -5.25 -2.6116 -4.4194 -5.25 -4.4194
3 16 -1.2567 -26.1245 1.7184 0.9857 -32.7288 1.1189 -1.5084 -26.2046 0
3 16 -1.5084 -26.2046 0 0.9857 -32.7288 1.1189 0.8755 -32.7739 0
3 16 -5.7723 -17.1 2.2125 -5.7723 -5.25 2.2125 -4.3154 -5.25 2.2125
3 16 0 0 6.25 -2.2125 -5.25 5.7718 -2.3918 0 5.7742
3 16 5.8899 -35.097 5.3368 2.6891 -32.0232 4.3348 21.5658 -51.0096 3.4241
3 16 -0.57 -25.9092 -3.1763 -1.2736 -26.1306 -1.66 1.2202 -32.6317 -2.0186
3 16 1.2202 -32.6317 -2.0186 -1.2736 -26.1306 -1.66 0.9684 -32.736 -1.0263
3 16 4.4194 -5.25 4.4194 2.8009 -5.25 5.5873 4.4194 0 4.4194
3 16 4.4194 0 4.4194 2.8009 -5.25 5.5873 2.3918 0 5.7742
3 16 5.5571 -30.8352 2.7982 5.5571 -5.25 2.7982 6.25 -30.5483 0
3 16 6.25 -30.5483 0 5.5571 -5.25 2.7982 6.25 0 0
3 16 2.3726 -32.1543 -3.5106 2.8284 -31.9655 -2.8284 2.2125 -27.6478 -4.3154
3 16 2.2125 -27.6478 -4.3154 2.8284 -31.9655 -2.8284 2.8284 -5.25 -2.8284
3 16 -2.2125 -19.4299 4.3154 -1.7089 -19.6157 4.0148 -2.8284 -19.6981 2.8284
3 16 -2.8284 -19.6981 2.8284 -1.7089 -19.6157 4.0148 -2.9268 -19.7235 2.1637
3 16 0.1139 -19.1239 5.2829 0.6959 -25.5015 4.5507 -1.7089 -19.6157 4.0148
3 16 -1.7089 -19.6157 4.0148 0.6959 -25.5015 4.5507 -0.5038 -25.8858 3.2856
3 16 0.6959 -25.5015 4.5507 2.8009 -24.9179 5.5873 2.779 -27.5864 5.3368
3 16 -1.5084 -26.2046 0 -1.2736 -26.1306 -1.66 -3.383 -19.725 0
3 16 -3.383 -19.725 0 -1.2736 -26.1306 -1.66 -2.9562 -19.7247 -2.135
3 16 2.6891 -32.0232 4.3348 1.7784 -32.4014 3.1913 2.779 -27.5864 5.3368
3 16 2.779 -27.5864 5.3368 1.7784 -32.4014 3.1913 0.6959 -25.5015 4.5507
3 16 0.5446 -25.5603 -4.4204 2.2125 -27.7804 -5.0679 2.2125 -22.2457 -5.6403
3 16 -3.6112 -22.1388 6.5407 -4.8996 -16.586 6.5407 -5.5485 -22.6561 3.5398
3 16 -5.5485 -22.6561 3.5398 -4.8996 -16.586 6.5407 -6.8668 -16.9746 3.5398
3 16 2.2125 -5.25 -5.8038 2.2125 -5.25 -4.3154 4.4194 -5.25 -4.4194
3 16 -1.7422 -33.8584 -3.5398 -2.3927 -34.128 0 -3.859 -28.2385 -3.5398
3 16 -3.859 -28.2385 -3.5398 -2.3927 -34.128 0 -4.5259 -28.4646 0
3 16 2.5131 -19.5759 5.7225 2.5852 -22.2457 5.6899 0.1139 -19.1239 5.2829
3 16 0.1139 -19.1239 5.2829 2.5852 -22.2457 5.6899 0.6959 -25.5015 4.5507
3 16 2.779 -27.5864 5.3368 2.6116 -5.25 3.4241 2.6891 -32.0232 4.3348
3 16 5.7742 0 2.3918 5.5571 -5.25 2.7982 4.4194 0 4.4194
3 16 4.4194 0 4.4194 5.5571 -5.25 2.7982 4.4194 -5.25 4.4194
3 16 -5.557 -5.25 -2.7982 -5.557 -17.1 -2.7982 -3.4241 -5.25 -2.6116
3 16 5.8287 -5.25 -2.2125 5.7742 0 -2.3918 4.4194 -5.25 -4.4194
3 16 4.4194 -5.25 -4.4194 5.7742 0 -2.3918 4.4194 0 -4.4194
3 16 1.2896 -32.6028 2.1997 -0.5038 -25.8858 3.2856 1.7784 -32.4014 3.1913
3 16 1.7784 -32.4014 3.1913 -0.5038 -25.8858 3.2856 0.6959 -25.5015 4.5507
3 16 5.5571 -5.25 2.7982 5.7742 0 2.3918 6.25 0 0
3 16 0 0 6.25 -2.3918 0 5.7742 0 0 9.25
3 16 0 0 9.25 -2.3918 0 5.7742 -3.5396 0 8.5459
3 16 -2.7982 -5.25 -5.557 -4.4194 -5.25 -4.4194 -2.6116 -5.25 -3.4241
3 16 -5.7742 0 -2.3918 -5.557 -5.25 -2.7982 -4.4194 0 -4.4194
3 16 -4.4194 0 -4.4194 -5.557 -5.25 -2.7982 -4.4194 -5.25 -4.4194
3 16 -8.5064 -11.3094 0 -7.8082 -11.2187 -3.5398 -7.5575 -17.1111 0
3 16 -7.5575 -17.1111 0 -7.8082 -11.2187 -3.5398 -6.8668 -16.9746 -3.5398
3 16 0 -17.1 -6.249 -2.7982 -17.1 -5.557 -0.0441 -19.1849 -5.218
3 16 -0.0441 -19.1849 -5.218 -2.7982 -17.1 -5.557 -2.7067 -19.1389 -4.5115
3 16 -3.859 -28.2385 -3.5398 -1.96 -27.5948 -6.5407 -1.7422 -33.8584 -3.5398
3 16 -1.7422 -33.8584 -3.5398 -1.96 -27.5948 -6.5407 0.1102 -33.0909 -6.5407
3 16 -0.0441 -19.1849 -5.218 -1.7586 -19.619 -3.9438 0.5446 -25.5603 -4.4204
3 16 0.5446 -25.5603 -4.4204 -1.7586 -19.619 -3.9438 -0.57 -25.9092 -3.1763
3 16 -1.96 -27.5948 -6.5407 0.8821 -26.6314 -8.5459 0.1102 -33.0909 -6.5407
3 16 0.1102 -33.0909 -6.5407 0.8821 -26.6314 -8.5459 2.8826 -31.9421 -8.5459
3 16 -0.5038 -25.8858 3.2856 1.2896 -32.6028 2.1997 -1.2567 -26.1245 1.7184
3 16 -1.2567 -26.1245 1.7184 1.2896 -32.6028 2.1997 0.9857 -32.7288 1.1189
3 16 -4.3154 -19.4219 2.2125 -5.1011 -18.8593 2.2125 -4.3154 -5.25 2.2125
3 16 -2.6116 -5.25 -3.4241 -2.7067 -19.1389 -4.5115 -2.7982 -17.1 -5.557
3 16 -2.8438 -10.5738 8.5459 -1.9556 -16.0044 8.5459 0.6665 -10.1178 9.25
3 16 0.6665 -10.1178 9.25 -1.9556 -16.0044 8.5459 1.5171 -15.3183 9.25
3 16 -2.2125 -5.25 4.3154 -4.4194 -5.25 4.4194 -2.2125 -5.25 5.7718
3 16 -5.7742 0 2.3918 -8.5351 0 3.5652 -4.4194 0 4.4194
3 16 -4.4194 0 4.4194 -8.5351 0 3.5652 -6.5405 0 6.5407
3 16 -2.8309 -5.25 -2.8309 -4.4194 -5.25 -4.4194 -3.4241 -5.25 -2.6116
3 16 -4.3154 -5.25 2.2125 -4.4194 -5.25 4.4194 -2.8284 -5.25 2.8284
3 16 2.6116 -32.0553 3.4241 2.6116 -5.25 3.4241 2.8433 -31.9593 2.8187
3 16 2.8433 -31.9593 2.8187 2.6116 -5.25 3.4241 2.8309 -5.25 2.8309
3 16 6.25 0 0 5.7742 0 -2.3918 5.8287 -5.25 -2.2125
3 16 -2.2125 -19.4299 4.3154 -2.2125 -18.8575 5.1026 -1.7089 -19.6157 4.0148
3 16 -1.7089 -19.6157 4.0148 -2.2125 -18.8575 5.1026 0.1139 -19.1239 5.2829
3 16 -2.6116 -5.25 -3.4241 -2.6116 -19.635 -3.4241 -2.7067 -19.1389 -4.5115
3 16 2.8433 -31.9593 2.8187 2.8309 -5.25 2.8309 3.4238 -31.7181 2.6116
3 16 3.4238 -31.7181 2.6116 2.8309 -5.25 2.8309 3.4241 -5.25 2.6116
3 16 -5.7723 -17.1 2.2125 -4.3154 -5.25 2.2125 -5.1011 -18.8593 2.2125
3 16 -8.3686 -5.4132 3.5398 -9.0713 -5.4578 0 -7.8082 -11.2187 3.5398
3 16 -7.8082 -11.2187 3.5398 -9.0713 -5.4578 0 -8.5064 -11.3094 0
3 16 -1.2736 -26.1306 -1.66 -0.57 -25.9092 -3.1763 -2.9562 -19.7247 -2.135
3 16 -2.9562 -19.7247 -2.135 -0.57 -25.9092 -3.1763 -1.7586 -19.619 -3.9438
3 16 -2.2125 -5.25 4.3154 -2.2125 -5.25 5.7718 -2.2125 -17.1 5.7718
3 16 -3.6112 -22.1388 6.5407 -0.7119 -21.3646 8.5459 -4.8996 -16.586 6.5407
3 16 -4.8996 -16.586 6.5407 -0.7119 -21.3646 8.5459 -1.9556 -16.0044 8.5459
3 16 -2.8284 -5.25 2.8284 -4.4194 -5.25 4.4194 -2.2125 -5.25 4.3154
3 16 -2.8284 -19.6981 2.8284 -4.3154 -19.4219 2.2125 -2.8284 -5.25 2.8284
3 16 -2.8284 -5.25 2.8284 -4.3154 -19.4219 2.2125 -4.3154 -5.25 2.2125
3 16 2.8284 -5.25 -2.8284 4.4194 -5.25 -4.4194 2.2125 -5.25 -4.3154
3 16 -2.7982 -17.1 -5.557 0 -17.1 -6.249 -2.7982 -5.25 -5.557
3 16 -2.7982 -5.25 -5.557 0 -17.1 -6.249 0 0 -6.25
3 16 -2.8309 -19.6975 -2.8309 -2.8309 -5.25 -2.8309 -3.4241 -19.635 -2.6116
3 16 -3.4241 -19.635 -2.6116 -2.8309 -5.25 -2.8309 -3.4241 -5.25 -2.6116
3 16 -2.2125 -17.1 5.7718 0 -17.1 6.25 -2.2125 -18.8575 5.1026
3 16 -2.2125 -18.8575 5.1026 0 -17.1 6.25 0.1139 -19.1239 5.2829
3 16 -2.6116 -5.25 -3.4241 -2.8309 -5.25 -2.8309 -2.6116 -19.635 -3.4241
3 16 -2.6116 -19.635 -3.4241 -2.8309 -5.25 -2.8309 -2.8309 -19.6975 -2.8309
3 16 6.541 0 -6.5407 6.6878 -4.459 -6.5407 3.5607 0 -8.5373
3 16 3.5607 0 -8.5373 6.6878 -4.459 -6.5407 3.6929 -4.6488 -8.5459
3 16 10.9647 -18.2467 -3.5398 9.9009 -13.6619 -3.5398 11.645 -18.065 0
3 16 11.645 -18.065 0 9.9009 -13.6619 -3.5398 10.5917 -13.5254 0
3 16 8.5461 0 3.5398 9.25 0 0 5.7742 0 2.3918
3 16 5.7742 0 2.3918 9.25 0 0 6.25 0 0
3 16 -5.7742 0 2.3918 -5.7723 -5.25 2.2125 -6.25 0 0
3 16 5.5571 -5.25 2.7982 5.5571 -30.8352 2.7982 3.4241 -5.25 2.6116
3 16 3.4241 -5.25 2.6116 5.5571 -30.8352 2.7982 3.4238 -31.7181 2.6116
3 16 -0.0441 -19.1849 -5.218 2.2125 -17.8654 -5.7232 0 -17.1 -6.249
3 16 0 -17.1 -6.249 2.2125 -17.8654 -5.7232 2.2125 -17.1 -5.8038
3 16 -2.8284 -19.6981 2.8284 -2.8284 -5.25 2.8284 -2.2125 -19.4299 4.3154
3 16 -2.2125 -19.4299 4.3154 -2.8284 -5.25 2.8284 -2.2125 -5.25 4.3154
3 16 4.4194 -5.25 -4.4194 2.8284 -5.25 -2.8284 4.3154 -5.25 -2.2125
3 16 2.2125 -27.7804 -5.0679 2.2125 -27.6478 -4.3154 2.2125 -22.2457 -5.6403
3 16 2.2125 -22.2457 -5.6403 2.2125 -27.6478 -4.3154 2.2125 -5.25 -4.3154
3 16 2.5131 -19.5759 5.7225 2.6018 -17.1 5.6827 2.8009 -17.1046 5.5873
3 16 2.2125 -5.25 -4.3154 2.2125 -5.25 -5.8038 2.2125 -17.1 -5.8038
3 16 2.2125 -27.7804 -5.0679 2.2516 -32.2044 -3.8767 2.2125 -27.6478 -4.3154
3 16 2.2125 -27.6478 -4.3154 2.2516 -32.2044 -3.8767 2.3726 -32.1543 -3.5106
3 16 -7.8082 -11.2187 3.5398 -8.5064 -11.3094 0 -6.8668 -16.9746 3.5398
3 16 -6.8668 -16.9746 3.5398 -8.5064 -11.3094 0 -7.5575 -17.1111 0
3 16 2.8009 -5.25 5.5873 4.4194 -5.25 4.4194 2.6116 -5.25 3.4241
3 16 -2.8309 -5.25 -2.8309 -2.6116 -5.25 -3.4241 -4.4194 -5.25 -4.4194
3 16 0.1139 -19.1239 5.2829 0 -17.1 6.25 2.2643 -17.6319 5.7032
3 16 2.2643 -17.6319 5.7032 0 -17.1 6.25 2.6018 -17.1 5.6827
3 16 12.3281 -22.7515 3.5398 10.4291 -23.3952 6.5407 14.0485 -27.3177 3.5398
3 16 14.0485 -27.3177 3.5398 10.4291 -23.3952 6.5407 12.1959 -28.0848 6.5407
3 16 4.3153 -31.3495 -2.2125 5.8287 -30.7227 -2.2125 4.3154 -5.25 -2.2125
3 16 4.3154 -5.25 -2.2125 5.8287 -30.7227 -2.2125 5.8287 -5.25 -2.2125
3 16 -5.557 -5.25 -2.7982 -5.7742 0 -2.3918 -6.25 0 0
3 16 7.9338 -14.0505 -6.5407 9.9009 -13.6619 -3.5398 9.0274 -18.764 -6.5407
3 16 9.0274 -18.764 -6.5407 9.9009 -13.6619 -3.5398 10.9647 -18.2467 -3.5398
3 16 2.2125 -17.8654 -5.7232 2.2125 -22.2457 -5.6403 2.2125 -5.25 -4.3154
3 16 -2.7982 -17.1 -5.557 -2.7982 -5.25 -5.557 -2.6116 -5.25 -3.4241
3 16 -0.0441 -19.1849 -5.218 -2.7067 -19.1389 -4.5115 -1.7586 -19.619 -3.9438
3 16 -1.7586 -19.619 -3.9438 -2.7067 -19.1389 -4.5115 -2.6116 -19.635 -3.4241
3 16 2.8009 -5.25 5.5873 2.6116 -5.25 3.4241 2.8009 -17.1046 5.5873
3 16 2.779 -27.5864 5.3368 2.8009 -24.9179 5.5873 2.6116 -5.25 3.4241
3 16 2.8009 -24.9179 5.5873 2.8009 -17.1046 5.5873 2.6116 -5.25 3.4241
3 16 2.6116 -5.25 3.4241 2.6116 -32.0553 3.4241 2.6891 -32.0232 4.3348
3 16 0.1139 -19.1239 5.2829 2.2643 -17.6319 5.7032 2.5131 -19.5759 5.7225
3 16 2.5131 -19.5759 5.7225 2.2643 -17.6319 5.7032 2.6018 -17.1 5.6827
3 16 2.5131 -19.5759 5.7225 2.8009 -17.1046 5.5873 2.5852 -22.2457 5.6899
3 16 2.5852 -22.2457 5.6899 2.8009 -17.1046 5.5873 2.8009 -24.9179 5.5873
3 16 2.8009 -17.1046 5.5873 2.6018 -17.1 5.6827 2.8009 -5.25 5.5873
3 16 2.8009 -5.25 5.5873 2.6018 -17.1 5.6827 2.3918 0 5.7742
3 16 2.2125 -17.1 -5.8038 2.2125 -17.8654 -5.7232 2.2125 -5.25 -4.3154
3 16 6.1532 -30.5881 -9.25 2.8826 -31.9421 -8.5459 4.2345 -25.495 -9.25
3 16 4.2345 -25.495 -9.25 2.8826 -31.9421 -8.5459 0.8821 -26.6314 -8.5459
3 16 0.6959 -25.5015 4.5507 2.5852 -22.2457 5.6899 2.8009 -24.9179 5.5873
3 16 2.2125 -5.25 -4.3154 2.2125 -27.6478 -4.3154 2.8284 -5.25 -2.8284
3 16 -3.383 -19.725 0 -4.3154 -19.4219 2.2125 -2.9268 -19.7235 2.1637
3 16 -2.9268 -19.7235 2.1637 -4.3154 -19.4219 2.2125 -2.8284 -19.6981 2.8284
3 16 -2.8309 -19.6975 -2.8309 -3.4241 -19.635 -2.6116 -2.9562 -19.7247 -2.135
3 16 -2.9562 -19.7247 -2.135 -3.4241 -19.635 -2.6116 -3.383 -19.725 0
3 16 -3.383 -19.725 0 -5.526 -18.8967 -0.0002 -4.3154 -19.4219 2.2125
3 16 -4.3154 -19.4219 2.2125 -5.526 -18.8967 -0.0002 -5.1011 -18.8593 2.2125
3 16 13.9438 -51.1026 8.5459 10.7318 -46.6346 8.5459 11.5661 -52.9336 6.5407
3 16 11.5661 -52.9336 6.5407 10.7318 -46.6346 8.5459 8.2388 -48.3051 6.5407
3 16 21.7402 -58.2598 -5.7742 23.4315 -56.5685 -6.25 17.7405 -54.8349 -5.557
3 16 27.5145 -52.4855 -2.3918 29.4745 -50.5255 -3.5398 27.8509 -52.1491 0
3 16 27.8509 -52.1491 0 29.4745 -50.5255 -3.5398 29.9722 -50.0278 0
3 16 11.5721 -33.9796 8.5459 14.263 -32.6512 6.5408 9.4233 -29.2328 8.5459
3 16 9.4233 -29.2328 8.5459 14.263 -32.6512 6.5408 12.1959 -28.0848 6.5407
3 16 27.0406 -46.8958 0 26.5122 -47.3612 -3.5398 24.0772 -43.2992 0
3 16 24.0772 -43.2992 0 26.5122 -47.3612 -3.5398 23.5193 -43.7288 -3.5398
3 16 21.9306 -44.9522 6.5407 19.553 -46.7831 8.5459 25.0075 -48.6866 6.5407
3 16 25.0075 -48.6866 6.5407 19.553 -46.7831 8.5459 22.7556 -50.6701 8.5459
3 16 16.5467 -36.917 -6.5407 14.263 -32.6512 -6.5407 18.2823 -35.913 -3.5398
3 16 18.2823 -35.913 -3.5398 14.263 -32.6512 -6.5407 16.061 -31.7635 -3.5398
3 16 18.8066 -61.1934 -6.5407 15.191 -57.333 -6.5407 20.9286 -59.0714 -8.5459
3 16 20.9286 -59.0714 -8.5459 15.191 -57.333 -6.5407 17.4429 -55.3495 -8.5459
3 16 16.061 -31.7635 3.5398 14.263 -32.6512 6.5408 18.2823 -35.913 3.5398
3 16 18.2823 -35.913 3.5398 14.263 -32.6512 6.5408 16.5467 -36.917 6.5408
3 16 6.9205 -48.8964 0 6.162 -47.1141 -0.0002 7.2583 -48.5587 2.2125
3 16 7.2583 -48.5587 2.2125 6.162 -47.1141 -0.0002 6.4889 -46.84 2.2125
3 16 23.4315 -56.5685 -9.25 23.4315 -56.5685 -6.25 20.9286 -59.0714 -8.5459
3 16 20.9286 -59.0714 -8.5459 23.4315 -56.5685 -6.25 21.7402 -58.2598 -5.7742
3 16 21.7209 -50.8545 2.8309 22.1404 -50.435 2.6116 22.8442 -49.7312 4.4194
3 16 0.7351 -39.3296 3.5398 2.5331 -38.442 6.5408 -1.7421 -33.8587 3.5398
3 16 -1.7421 -33.8587 3.5398 2.5331 -38.442 6.5408 0.1104 -33.0912 6.5407
3 16 26.5565 -53.4435 4.4194 28.0566 -51.9434 6.5407 25.1227 -54.8773 5.7742
3 16 25.1227 -54.8773 5.7742 28.0566 -51.9434 6.5407 25.9347 -54.0654 8.5459
3 16 3.4878 -44.4716 -3.5398 5.2234 -43.4675 -6.5407 6.573 -49.4212 -3.5398
3 16 6.573 -49.4212 -3.5398 5.2234 -43.4675 -6.5407 8.2388 -48.305 -6.5407
3 16 25.9493 -54.0507 -8.5373 25.1227 -54.8773 -5.7742 23.4315 -56.5685 -9.25
3 16 23.4315 -56.5685 -9.25 25.1227 -54.8773 -5.7742 23.4315 -56.5685 -6.25
3 16 5.2234 -43.4675 -6.5407 3.4878 -44.4716 -3.5398 2.533 -38.442 -6.5407
3 16 2.533 -38.442 -6.5407 3.4878 -44.4716 -3.5398 0.7351 -39.3296 -3.5398
3 16 0.7351 -39.3296 3.5398 3.4878 -44.4716 3.5398 2.5331 -38.442 6.5408
3 16 2.5331 -38.442 6.5408 3.4878 -44.4716 3.5398 5.2234 -43.4675 6.5408
3 16 21.357 -39.5152 0 18.8918 -35.5604 0 20.772 -39.9072 3.5398
3 16 20.772 -39.9072 3.5398 18.8918 -35.5604 0 18.2823 -35.913 3.5398
3 16 16.7484 -48.9429 9.25 13.9438 -51.1026 8.5459 20.0992 -53.0098 9.25
3 16 20.0992 -53.0098 9.25 13.9438 -51.1026 8.5459 17.4429 -55.3495 8.5459
3 16 23.5193 -43.7288 3.5398 20.772 -39.9072 3.5398 21.9306 -44.9522 6.5407
3 16 21.9306 -44.9522 6.5407 20.772 -39.9072 3.5398 19.1063 -41.0233 6.5407
3 16 15.6375 -56.9379 2.2125 16.5941 -55.9812 4.4194 19.3485 -60.6516 2.3918
3 16 19.3485 -60.6516 2.3918 16.5941 -55.9812 4.4194 20.3065 -59.6935 4.4194
3 16 16.6132 -42.6937 -8.5459 13.9491 -38.4197 -8.5459 19.1063 -41.0233 -6.5407
3 16 19.1063 -41.0233 -6.5407 13.9491 -38.4197 -8.5459 16.5467 -36.917 -6.5407
3 16 8.398 -35.5466 9.25 6.1532 -30.5881 9.25 5.2239 -37.1136 8.5459
3 16 5.2239 -37.1136 8.5459 6.1532 -30.5881 9.25 2.8827 -31.9424 8.5459
3 16 20.9286 -59.0714 -8.5459 17.4429 -55.3495 -8.5459 23.4315 -56.5685 -9.25
3 16 23.4315 -56.5685 -9.25 17.4429 -55.3495 -8.5459 20.0992 -53.0098 -9.25
3 16 16.5467 -36.917 6.5408 14.263 -32.6512 6.5408 13.9491 -38.4197 8.5459
3 16 13.9491 -38.4197 8.5459 14.263 -32.6512 6.5408 11.5721 -33.9796 8.5459
3 16 6.573 -49.4212 -3.5398 8.2388 -48.305 -6.5407 9.9775 -54.1569 -3.5398
3 16 9.9775 -54.1569 -3.5398 8.2388 -48.305 -6.5407 11.5661 -52.9335 -6.5407
3 16 16.6132 -42.6937 -8.5459 19.553 -46.7831 -8.5459 13.6725 -44.6642 -9.25
3 16 13.6725 -44.6642 -9.25 19.553 -46.7831 -8.5459 16.7484 -48.9429 -9.25
3 16 2.2516 -32.2044 -3.8767 1.6299 -32.462 -2.9445 5.3522 -35.3603 -5.0679
3 16 5.3522 -35.3603 -5.0679 1.6299 -32.462 -2.9445 5.7427 -38.1096 -4.4204
3 16 21.9306 -44.9522 6.5407 19.1063 -41.0233 6.5407 19.553 -46.7831 8.5459
3 16 19.553 -46.7831 8.5459 19.1063 -41.0233 6.5407 16.6133 -42.6938 8.5459
3 16 7.4152 -44.6915 2.1637 7.0916 -45.013 0 4.07 -38.9844 1.7184
3 16 4.07 -38.9844 1.7184 7.0916 -45.013 0 3.8354 -39.1057 0
3 16 26.5565 -53.4435 -4.4194 28.0566 -51.9434 -6.5407 27.5145 -52.4855 -2.3918
3 16 27.5145 -52.4855 -2.3918 28.0566 -51.9434 -6.5407 29.4745 -50.5255 -3.5398
3 16 16.6923 -31.4518 0 16.061 -31.7635 3.5398 18.8918 -35.5604 0
3 16 18.8918 -35.5604 0 16.061 -31.7635 3.5398 18.2823 -35.913 3.5398
3 16 16.5941 -55.9812 4.4194 15.6375 -56.9379 2.2125 16.6677 -55.9077 2.2125
3 16 9.9775 -54.1569 -3.5398 11.5661 -52.9335 -6.5407 13.6863 -58.6583 -3.5398
3 16 13.6863 -58.6583 -3.5398 11.5661 -52.9335 -6.5407 15.191 -57.333 -6.5407
3 16 8.398 -35.5466 -9.25 6.1532 -30.5881 -9.25 11.5721 -33.9796 -8.5459
3 16 11.5721 -33.9796 -8.5459 6.1532 -30.5881 -9.25 9.4234 -29.2331 -8.5459
3 16 23.4315 -56.5685 6.25 18.1547 -54.4207 5.7718 11.3399 -44.477 6.25
3 16 11.3399 -44.477 6.25 18.1547 -54.4207 5.7718 9.7755 -46.0415 5.7718
3 16 17.4429 -55.3495 -8.5459 13.9438 -51.1026 -8.5459 20.0992 -53.0098 -9.25
3 16 20.0992 -53.0098 -9.25 13.9438 -51.1026 -8.5459 16.7484 -48.9429 -9.25
3 16 22.7556 -50.6701 -8.5459 19.553 -46.7831 -8.5459 25.0075 -48.6866 -6.5407
3 16 25.0075 -48.6866 -6.5407 19.553 -46.7831 -8.5459 21.9306 -44.9522 -6.5407
3 16 22.7556 -50.6701 8.5459 20.0992 -53.0098 9.25 25.9347 -54.0654 8.5459
3 16 25.9347 -54.0654 8.5459 20.0992 -53.0098 9.25 23.4315 -56.5686 9.25
3 16 17.3962 -62.6038 3.5652 16.8907 -63.1093 0 19.3485 -60.6516 2.3918
3 16 19.3485 -60.6516 2.3918 16.8907 -63.1093 0 19.012 -60.988 0
3 16 13.6725 -44.6642 9.25 16.7484 -48.9429 9.25 16.6133 -42.6938 8.5459
3 16 16.6133 -42.6938 8.5459 16.7484 -48.9429 9.25 19.553 -46.7831 8.5459
3 16 19.1063 -41.0233 6.5407 20.772 -39.9072 3.5398 16.5467 -36.917 6.5408
3 16 16.5467 -36.917 6.5408 20.772 -39.9072 3.5398 18.2823 -35.913 3.5398
3 16 18.2823 -35.913 -3.5398 16.061 -31.7635 -3.5398 18.8918 -35.5604 0
3 16 18.8918 -35.5604 0 16.061 -31.7635 -3.5398 16.6923 -31.4518 0
3 16 20.0992 -53.0098 9.25 17.4429 -55.3495 8.5459 23.4315 -56.5686 9.25
3 16 23.4315 -56.5686 9.25 17.4429 -55.3495 8.5459 20.9286 -59.0714 8.5459
3 16 8.1279 -44.394 4.3154 8.5327 -44.7987 5.1026 18.1547 -54.4207 4.3154
3 16 8.5327 -44.7987 5.1026 9.7755 -46.0415 5.7718 18.1547 -54.4207 4.3154
3 16 7.3937 -44.7115 -2.135 7.5015 -44.6421 -2.8309 8.3152 -43.9393 -3.9438
3 16 7.5015 -44.6421 -2.8309 7.7007 -44.5312 -3.4241 8.3152 -43.9393 -3.9438
3 16 23.4315 -56.5685 6.25 11.3399 -44.477 6.25 25.1227 -54.8773 5.7742
3 16 25.1227 -54.8773 5.7742 11.3399 -44.477 6.25 13.1797 -42.6373 5.6827
3 16 7.4105 -48.4064 -2.7982 17.2979 -55.2775 -2.6116 6.7118 -46.2166 -2.706
3 16 26.5122 -47.3612 3.5398 25.0075 -48.6866 6.5407 29.4745 -50.5255 3.5398
3 16 29.4745 -50.5255 3.5398 25.0075 -48.6866 6.5407 28.0566 -51.9434 6.5407
3 16 8.2388 -48.305 -6.5407 10.7318 -46.6346 -8.5459 11.5661 -52.9335 -6.5407
3 16 11.5661 -52.9335 -6.5407 10.7318 -46.6346 -8.5459 13.9438 -51.1026 -8.5459
3 16 4.0537 -38.992 -1.66 0.9684 -32.736 -1.0263 3.8354 -39.1057 0
3 16 3.8354 -39.1057 0 0.9684 -32.736 -1.0263 0.8755 -32.7739 0
3 16 17.3887 -62.6112 -3.5398 13.6863 -58.6583 -3.5398 18.8066 -61.1934 -6.5407
3 16 18.8066 -61.1934 -6.5407 13.6863 -58.6583 -3.5398 15.191 -57.333 -6.5407
3 16 13.6725 -44.6642 9.25 16.6133 -42.6938 8.5459 10.8851 -40.1923 9.25
3 16 10.8851 -40.1923 9.25 16.6133 -42.6938 8.5459 13.9491 -38.4197 8.5459
3 16 16.6132 -42.6937 -8.5459 19.1063 -41.0233 -6.5407 19.553 -46.7831 -8.5459
3 16 19.553 -46.7831 -8.5459 19.1063 -41.0233 -6.5407 21.9306 -44.9522 -6.5407
3 16 5.2234 -43.4675 -6.5407 7.821 -41.9648 -8.5459 8.2388 -48.305 -6.5407
3 16 8.2388 -48.305 -6.5407 7.821 -41.9648 -8.5459 10.7318 -46.6346 -8.5459
3 16 11.5661 -52.9335 -6.5407 13.9438 -51.1026 -8.5459 15.191 -57.333 -6.5407
3 16 15.191 -57.333 -6.5407 13.9438 -51.1026 -8.5459 17.4429 -55.3495 -8.5459
3 16 24.0772 -43.2992 0 21.357 -39.5152 0 23.5193 -43.7288 3.5398
3 16 23.5193 -43.7288 3.5398 21.357 -39.5152 0 20.772 -39.9072 3.5398
3 16 15.191 -57.333 6.5407 17.4429 -55.3495 8.5459 11.5661 -52.9336 6.5407
3 16 11.5661 -52.9336 6.5407 17.4429 -55.3495 8.5459 13.9438 -51.1026 8.5459
3 16 2.8783 -44.8242 0 3.4878 -44.4716 -3.5398 5.9881 -49.8131 0
3 16 5.9881 -49.8131 0 3.4878 -44.4716 -3.5398 6.573 -49.4212 -3.5398
3 16 25.0075 -48.6866 -6.5407 21.9306 -44.9522 -6.5407 26.5122 -47.3612 -3.5398
3 16 26.5122 -47.3612 -3.5398 21.9306 -44.9522 -6.5407 23.5193 -43.7288 -3.5398
3 16 12.9044 -42.9125 -5.8038 11.34 -44.477 -6.249 21.2836 -51.2918 -5.8038
3 16 21.2836 -51.2918 -5.8038 11.34 -44.477 -6.249 23.4315 -56.5685 -6.25
3 16 12.1961 -28.0851 -6.5407 14.0486 -27.3179 -3.5398 14.263 -32.6512 -6.5407
3 16 14.263 -32.6512 -6.5407 14.0486 -27.3179 -3.5398 16.061 -31.7635 -3.5398
3 16 5.2239 -37.1136 8.5459 2.8827 -31.9424 8.5459 2.5331 -38.442 6.5408
3 16 2.5331 -38.442 6.5408 2.8827 -31.9424 8.5459 0.1104 -33.0912 6.5407
3 16 10.8851 -40.1923 -9.25 7.821 -41.9648 -8.5459 8.398 -35.5466 -9.25
3 16 8.398 -35.5466 -9.25 7.821 -41.9648 -8.5459 5.2239 -37.1136 -8.5459
3 16 2.533 -38.442 -6.5407 5.2239 -37.1136 -8.5459 5.2234 -43.4675 -6.5407
3 16 5.2234 -43.4675 -6.5407 5.2239 -37.1136 -8.5459 7.821 -41.9648 -8.5459
3 16 13.9491 -38.4197 -8.5459 11.5721 -33.9796 -8.5459 16.5467 -36.917 -6.5407
3 16 16.5467 -36.917 -6.5407 11.5721 -33.9796 -8.5459 14.263 -32.6512 -6.5407
3 16 26.5565 -53.4435 -4.4194 22.8442 -49.7312 -4.4194 25.1227 -54.8773 -5.7742
3 16 25.1227 -54.8773 -5.7742 22.8442 -49.7312 -4.4194 21.2836 -51.2918 -5.8038
3 16 16.5941 -55.9812 -4.4194 20.3065 -59.6935 -4.4194 17.7405 -54.8349 -5.557
3 16 17.7405 -54.8349 -5.557 20.3065 -59.6935 -4.4194 21.7402 -58.2598 -5.7742
3 16 16.061 -31.7635 -3.5398 14.0486 -27.3179 -3.5398 16.6923 -31.4518 0
3 16 16.6923 -31.4518 0 14.0486 -27.3179 -3.5398 14.6992 -27.0485 0
3 16 17.3962 -62.6038 3.5652 13.6863 -58.6583 3.5398 16.8907 -63.1093 0
3 16 16.8907 -63.1093 0 13.6863 -58.6583 3.5398 13.1579 -59.1237 0
3 16 17.4429 -55.3495 8.5459 15.191 -57.333 6.5407 20.9286 -59.0714 8.5459
3 16 20.9286 -59.0714 8.5459 15.191 -57.333 6.5407 18.8066 -61.1934 6.5407
3 16 18.8066 -61.1934 6.5407 20.3065 -59.6935 4.4194 20.9286 -59.0714 8.5459
3 16 20.9286 -59.0714 8.5459 20.3065 -59.6935 4.4194 21.7402 -58.2598 5.7742
3 16 23.5193 -43.7288 -3.5398 21.9306 -44.9522 -6.5407 20.772 -39.9072 -3.5398
3 16 20.772 -39.9072 -3.5398 21.9306 -44.9522 -6.5407 19.1063 -41.0233 -6.5407
3 16 6.162 -47.1141 -0.0002 6.7118 -46.2166 -2.706 7.0916 -45.013 0
3 16 7.0916 -45.013 0 6.7118 -46.2166 -2.706 7.1262 -45.1057 -2.6116
3 16 9.4196 -54.5866 0 9.9775 -54.1569 -3.5398 13.1579 -59.1237 0
3 16 13.1579 -59.1237 0 9.9775 -54.1569 -3.5398 13.6863 -58.6583 -3.5398
3 16 29.4745 -50.5255 -3.5398 26.5122 -47.3612 -3.5398 29.9722 -50.0278 0
3 16 29.9722 -50.0278 0 26.5122 -47.3612 -3.5398 27.0406 -46.8958 0
3 16 -1.7421 -33.8587 3.5398 -2.3927 -34.128 0 0.7351 -39.3296 3.5398
3 16 0.7351 -39.3296 3.5398 -2.3927 -34.128 0 0.1037 -39.6413 0
3 16 14.0485 -27.3177 3.5398 16.061 -31.7635 3.5398 14.6992 -27.0485 0
3 16 14.6992 -27.0485 0 16.061 -31.7635 3.5398 16.6923 -31.4518 0
3 16 25.1227 -54.8773 -5.7742 25.9493 -54.0507 -8.5373 26.5565 -53.4435 -4.4194
3 16 26.5565 -53.4435 -4.4194 25.9493 -54.0507 -8.5373 28.0566 -51.9434 -6.5407
3 16 7.821 -41.9648 -8.5459 10.8851 -40.1923 -9.25 10.7318 -46.6346 -8.5459
3 16 10.7318 -46.6346 -8.5459 10.8851 -40.1923 -9.25 13.6725 -44.6642 -9.25
3 16 16.7484 -48.9429 -9.25 19.553 -46.7831 -8.5459 20.0992 -53.0098 -9.25
3 16 20.0992 -53.0098 -9.25 19.553 -46.7831 -8.5459 22.7556 -50.6701 -8.5459
3 16 10.8851 -40.1923 9.25 7.821 -41.9648 8.5459 13.6725 -44.6642 9.25
3 16 13.6725 -44.6642 9.25 7.821 -41.9648 8.5459 10.7318 -46.6346 8.5459
3 16 23.5193 -43.7288 3.5398 21.9306 -44.9522 6.5407 26.5122 -47.3612 3.5398
3 16 26.5122 -47.3612 3.5398 21.9306 -44.9522 6.5407 25.0075 -48.6866 6.5407
3 16 8.3527 -43.9066 4.0148 7.4152 -44.6915 2.1637 4.7712 -38.6208 3.2856
3 16 4.7712 -38.6208 3.2856 7.4152 -44.6915 2.1637 4.07 -38.9844 1.7184
3 16 8.398 -35.5466 -9.25 11.5721 -33.9796 -8.5459 10.8851 -40.1923 -9.25
3 16 10.8851 -40.1923 -9.25 11.5721 -33.9796 -8.5459 13.9491 -38.4197 -8.5459
3 16 13.6725 -44.6642 -9.25 16.7484 -48.9429 -9.25 10.7318 -46.6346 -8.5459
3 16 10.7318 -46.6346 -8.5459 16.7484 -48.9429 -9.25 13.9438 -51.1026 -8.5459
3 16 7.4105 -48.4064 -2.7982 6.9205 -48.8964 0 15.7897 -56.7856 -2.7982
3 16 15.7897 -56.7856 -2.7982 6.9205 -48.8964 0 19.012 -60.988 0
3 16 21.7209 -50.8545 2.8309 22.8442 -49.7312 4.4194 21.5658 -51.0096 3.4241
3 16 17.3887 -62.6112 -3.5398 19.3485 -60.6516 -2.3918 16.8907 -63.1093 0
3 16 16.8907 -63.1093 0 19.3485 -60.6516 -2.3918 19.012 -60.988 0
3 16 27.5145 -52.4855 2.3918 29.4745 -50.5255 3.5398 26.5565 -53.4435 4.4194
3 16 26.5565 -53.4435 4.4194 29.4745 -50.5255 3.5398 28.0566 -51.9434 6.5407
3 16 6.7118 -46.2166 -2.706 6.162 -47.1141 -0.0002 7.4105 -48.4064 -2.7982
3 16 7.4105 -48.4064 -2.7982 6.162 -47.1141 -0.0002 6.9205 -48.8964 0
3 16 20.3065 -59.6935 -4.4194 18.8066 -61.1934 -6.5407 21.7402 -58.2598 -5.7742
3 16 21.7402 -58.2598 -5.7742 18.8066 -61.1934 -6.5407 20.9286 -59.0714 -8.5459
3 16 29.9722 -50.0278 0 27.0406 -46.8958 0 29.4745 -50.5255 3.5398
3 16 29.4745 -50.5255 3.5398 27.0406 -46.8958 0 26.5122 -47.3612 3.5398
3 16 5.2239 -37.1136 8.5459 2.5331 -38.442 6.5408 7.821 -41.9648 8.5459
3 16 7.821 -41.9648 8.5459 2.5331 -38.442 6.5408 5.2234 -43.4675 6.5408
3 16 18.1547 -54.4207 5.7718 21.7402 -58.2598 5.7742 16.5941 -55.9812 4.4194
3 16 16.5941 -55.9812 4.4194 21.7402 -58.2598 5.7742 20.3065 -59.6935 4.4194
3 16 10.8851 -40.1923 9.25 8.398 -35.5466 9.25 7.821 -41.9648 8.5459
3 16 7.821 -41.9648 8.5459 8.398 -35.5466 9.25 5.2239 -37.1136 8.5459
3 16 25.0075 -48.6866 6.5407 22.7556 -50.6701 8.5459 28.0566 -51.9434 6.5407
3 16 28.0566 -51.9434 6.5407 22.7556 -50.6701 8.5459 25.9347 -54.0654 8.5459
3 16 14.263 -32.6512 -6.5407 11.5721 -33.9796 -8.5459 12.1961 -28.0851 -6.5407
3 16 12.1961 -28.0851 -6.5407 11.5721 -33.9796 -8.5459 9.4234 -29.2331 -8.5459
3 16 28.0566 -51.9434 -6.5407 25.0075 -48.6866 -6.5407 29.4745 -50.5255 -3.5398
3 16 29.4745 -50.5255 -3.5398 25.0075 -48.6866 -6.5407 26.5122 -47.3612 -3.5398
3 16 11.5721 -33.9796 8.5459 8.398 -35.5466 9.25 13.9491 -38.4197 8.5459
3 16 13.9491 -38.4197 8.5459 8.398 -35.5466 9.25 10.8851 -40.1923 9.25
3 16 13.6725 -44.6642 -9.25 10.8851 -40.1923 -9.25 16.6132 -42.6937 -8.5459
3 16 16.6132 -42.6937 -8.5459 10.8851 -40.1923 -9.25 13.9491 -38.4197 -8.5459
3 16 19.553 -46.7831 8.5459 16.7484 -48.9429 9.25 22.7556 -50.6701 8.5459
3 16 22.7556 -50.6701 8.5459 16.7484 -48.9429 9.25 20.0992 -53.0098 9.25
3 16 23.6486 -48.9267 2.7982 22.8442 -49.7312 4.4194 22.1404 -50.435 2.6116
3 16 22.7706 -49.8048 -2.2125 4.3153 -31.3495 -2.2125 21.7191 -50.8562 -2.8284
3 16 21.7191 -50.8562 -2.8284 4.3153 -31.3495 -2.2125 2.8284 -31.9655 -2.8284
3 16 23.5193 -43.7288 -3.5398 20.772 -39.9072 -3.5398 24.0772 -43.2992 0
3 16 24.0772 -43.2992 0 20.772 -39.9072 -3.5398 21.357 -39.5152 0
3 16 13.6863 -58.6583 3.5398 15.191 -57.333 6.5407 9.9775 -54.157 3.5398
3 16 9.9775 -54.157 3.5398 15.191 -57.333 6.5407 11.5661 -52.9336 6.5407
3 16 20.0992 -53.0098 -9.25 22.7556 -50.6701 -8.5459 23.4315 -56.5685 -9.25
3 16 23.4315 -56.5685 -9.25 22.7556 -50.6701 -8.5459 25.9493 -54.0507 -8.5373
3 16 22.8442 -49.7312 -4.4194 23.8407 -48.7347 -2.2125 22.7706 -49.8048 -2.2125
3 16 9.4233 -29.2328 8.5459 6.1532 -30.5881 9.25 11.5721 -33.9796 8.5459
3 16 11.5721 -33.9796 8.5459 6.1532 -30.5881 9.25 8.398 -35.5466 9.25
3 16 11.5661 -52.9336 6.5407 8.2388 -48.3051 6.5407 9.9775 -54.157 3.5398
3 16 9.9775 -54.157 3.5398 8.2388 -48.3051 6.5407 6.573 -49.4212 3.5398
3 16 12.3632 -42.3713 -5.7232 9.2659 -39.274 -5.6403 9.8345 -43.0339 -5.218
3 16 9.8345 -43.0339 -5.218 9.2659 -39.274 -5.6403 5.7427 -38.1096 -4.4204
3 16 0.7351 -39.3296 3.5398 0.1037 -39.6413 0 3.4878 -44.4716 3.5398
3 16 3.4878 -44.4716 3.5398 0.1037 -39.6413 0 2.8783 -44.8242 0
3 16 16.8907 -63.1093 0 13.1579 -59.1237 0 17.3887 -62.6112 -3.5398
3 16 17.3887 -62.6112 -3.5398 13.1579 -59.1237 0 13.6863 -58.6583 -3.5398
3 16 19.012 -60.988 0 6.9205 -48.8964 0 15.6375 -56.9379 2.2125
3 16 15.6375 -56.9379 2.2125 6.9205 -48.8964 0 7.2583 -48.5587 2.2125
3 16 25.1227 -54.8773 5.7742 25.9347 -54.0654 8.5459 23.4315 -56.5685 6.25
3 16 23.4315 -56.5685 6.25 25.9347 -54.0654 8.5459 23.4315 -56.5686 9.25
3 16 5.7427 -38.1096 -4.4204 1.6299 -32.462 -2.9445 4.7078 -38.6511 -3.1763
3 16 4.7078 -38.6511 -3.1763 1.6299 -32.462 -2.9445 1.2202 -32.6317 -2.0186
3 16 16.5467 -36.917 6.5408 13.9491 -38.4197 8.5459 19.1063 -41.0233 6.5407
3 16 19.1063 -41.0233 6.5407 13.9491 -38.4197 8.5459 16.6133 -42.6938 8.5459
3 16 2.8783 -44.8242 0 0.1037 -39.6413 0 3.4878 -44.4716 -3.5398
3 16 3.4878 -44.4716 -3.5398 0.1037 -39.6413 0 0.7351 -39.3296 -3.5398
3 16 19.3485 -60.6516 -2.3918 17.3887 -62.6112 -3.5398 20.3065 -59.6935 -4.4194
3 16 20.3065 -59.6935 -4.4194 17.3887 -62.6112 -3.5398 18.8066 -61.1934 -6.5407
3 16 6.573 -49.4212 3.5398 3.4878 -44.4716 3.5398 5.9881 -49.8131 0
3 16 5.9881 -49.8131 0 3.4878 -44.4716 3.5398 2.8783 -44.8242 0
3 16 7.1262 -45.1057 -2.6116 6.7118 -46.2166 -2.706 17.2979 -55.2775 -2.6116
3 16 13.6863 -58.6583 3.5398 17.3962 -62.6038 3.5652 15.191 -57.333 6.5407
3 16 15.191 -57.333 6.5407 17.3962 -62.6038 3.5652 18.8066 -61.1934 6.5407
3 16 23.4315 -56.5685 -6.25 25.1227 -54.8773 -5.7742 21.2836 -51.2918 -5.8038
3 16 5.8287 -30.7227 -2.2125 23.8407 -48.7347 -2.2125 6.25 -30.5483 0
3 16 6.25 -30.5483 0 23.8407 -48.7347 -2.2125 27.8509 -52.1491 0
3 16 24.0772 -43.2992 0 23.5193 -43.7288 3.5398 27.0406 -46.8958 0
3 16 27.0406 -46.8958 0 23.5193 -43.7288 3.5398 26.5122 -47.3612 3.5398
3 16 15.7897 -56.7856 -2.7982 16.5941 -55.9812 -4.4194 17.2979 -55.2775 -2.6116
3 16 4.07 -38.9844 1.7184 3.8354 -39.1057 0 0.9857 -32.7288 1.1189
3 16 0.9857 -32.7288 1.1189 3.8354 -39.1057 0 0.8755 -32.7739 0
3 16 7.2583 -48.5587 2.2125 16.6677 -55.9077 2.2125 15.6375 -56.9379 2.2125
3 16 23.4315 -56.5685 6.25 21.7402 -58.2598 5.7742 18.1547 -54.4207 5.7718
3 16 4.7078 -38.6511 -3.1763 1.2202 -32.6317 -2.0186 4.0537 -38.992 -1.66
3 16 4.0537 -38.992 -1.66 1.2202 -32.6317 -2.0186 0.9684 -32.736 -1.0263
3 16 25.1227 -54.8773 5.7742 21.6997 -50.8757 5.5873 26.5565 -53.4435 4.4194
3 16 26.5565 -53.4435 4.4194 21.6997 -50.8757 5.5873 22.8442 -49.7312 4.4194
3 16 27.8509 -52.1491 0 23.6486 -48.9267 2.7982 6.25 -30.5483 0
3 16 6.25 -30.5483 0 23.6486 -48.9267 2.7982 5.5571 -30.8352 2.7982
3 16 2.3726 -32.1543 -3.5106 5.446 -35.4541 -4.3154 2.8284 -31.9655 -2.8284
3 16 5.446 -35.4541 -4.3154 21.7191 -50.8562 -2.8284 2.8284 -31.9655 -2.8284
3 16 8.1279 -44.394 4.3154 7.5028 -44.6399 2.8284 8.3527 -43.9066 4.0148
3 16 8.3527 -43.9066 4.0148 7.5028 -44.6399 2.8284 7.4152 -44.6915 2.1637
3 16 4.7712 -38.6208 3.2856 5.8913 -38.0442 4.5507 8.3527 -43.9066 4.0148
3 16 8.3527 -43.9066 4.0148 5.8913 -38.0442 4.5507 9.9893 -42.9654 5.2829
3 16 5.8913 -38.0442 4.5507 5.8899 -35.097 5.3368 7.7923 -36.9684 5.5873
3 16 7.3937 -44.7115 -2.135 4.0537 -38.992 -1.66 7.0916 -45.013 0
3 16 7.0916 -45.013 0 4.0537 -38.992 -1.66 3.8354 -39.1057 0
3 16 2.6891 -32.0232 4.3348 5.8899 -35.097 5.3368 1.7784 -32.4014 3.1913
3 16 1.7784 -32.4014 3.1913 5.8899 -35.097 5.3368 5.8913 -38.0442 4.5507
3 16 5.7427 -38.1096 -4.4204 9.2659 -39.274 -5.6403 5.3522 -35.3603 -5.0679
3 16 5.2234 -43.4675 6.5408 3.4878 -44.4716 3.5398 8.2388 -48.3051 6.5407
3 16 8.2388 -48.3051 6.5407 3.4878 -44.4716 3.5398 6.573 -49.4212 3.5398
3 16 21.2836 -51.2918 -5.8038 22.8442 -49.7312 -4.4194 21.2836 -51.2918 -4.3154
3 16 -1.7422 -33.8584 -3.5398 0.7351 -39.3296 -3.5398 -2.3927 -34.128 0
3 16 -2.3927 -34.128 0 0.7351 -39.3296 -3.5398 0.1037 -39.6413 0
3 16 5.8913 -38.0442 4.5507 9.5294 -39.0105 5.6899 9.9893 -42.9654 5.2829
3 16 9.9893 -42.9654 5.2829 9.5294 -39.0105 5.6899 11.3662 -40.9493 5.7225
3 16 22.8442 -49.7312 4.4194 23.6486 -48.9267 2.7982 26.5565 -53.4435 4.4194
3 16 26.5565 -53.4435 4.4194 23.6486 -48.9267 2.7982 27.5145 -52.4855 2.3918
3 16 15.7897 -56.7856 -2.7982 17.2979 -55.2775 -2.6116 7.4105 -48.4064 -2.7982
3 16 23.8407 -48.7347 -2.2125 22.8442 -49.7312 -4.4194 27.5145 -52.4855 -2.3918
3 16 27.5145 -52.4855 -2.3918 22.8442 -49.7312 -4.4194 26.5565 -53.4435 -4.4194
3 16 5.8913 -38.0442 4.5507 4.7712 -38.6208 3.2856 1.7784 -32.4014 3.1913
3 16 1.7784 -32.4014 3.1913 4.7712 -38.6208 3.2856 1.2896 -32.6028 2.1997
3 16 23.6486 -48.9267 2.7982 27.8509 -52.1491 0 27.5145 -52.4855 2.3918
3 16 23.4315 -56.5685 6.25 23.4315 -56.5686 9.25 21.7402 -58.2598 5.7742
3 16 21.7402 -58.2598 5.7742 23.4315 -56.5686 9.25 20.9286 -59.0714 8.5459
3 16 17.7405 -54.8349 -5.557 17.8725 -54.7029 -3.4241 16.5941 -55.9812 -4.4194
3 16 19.3485 -60.6516 -2.3918 20.3065 -59.6935 -4.4194 15.7897 -56.7856 -2.7982
3 16 15.7897 -56.7856 -2.7982 20.3065 -59.6935 -4.4194 16.5941 -55.9812 -4.4194
3 16 9.4196 -54.5866 0 5.9881 -49.8131 0 9.9775 -54.1569 -3.5398
3 16 9.9775 -54.1569 -3.5398 5.9881 -49.8131 0 6.573 -49.4212 -3.5398
3 16 7.9843 -44.9493 -4.5115 9.3613 -46.4557 -5.557 9.8345 -43.0339 -5.218
3 16 9.8345 -43.0339 -5.218 9.3613 -46.4557 -5.557 11.34 -44.477 -6.249
3 16 0.7351 -39.3296 -3.5398 -1.7422 -33.8584 -3.5398 2.533 -38.442 -6.5407
3 16 2.533 -38.442 -6.5407 -1.7422 -33.8584 -3.5398 0.1102 -33.0909 -6.5407
3 16 9.8345 -43.0339 -5.218 5.7427 -38.1096 -4.4204 8.3152 -43.9393 -3.9438
3 16 8.3152 -43.9393 -3.9438 5.7427 -38.1096 -4.4204 4.7078 -38.6511 -3.1763
3 16 2.533 -38.442 -6.5407 0.1102 -33.0909 -6.5407 5.2239 -37.1136 -8.5459
3 16 5.2239 -37.1136 -8.5459 0.1102 -33.0909 -6.5407 2.8826 -31.9421 -8.5459
3 16 4.7712 -38.6208 3.2856 4.07 -38.9844 1.7184 1.2896 -32.6028 2.1997
3 16 1.2896 -32.6028 2.1997 4.07 -38.9844 1.7184 0.9857 -32.7288 1.1189
3 16 6.6467 -45.8867 2.2125 16.6677 -55.9077 2.2125 6.4889 -46.84 2.2125
3 16 17.8725 -54.7029 -3.4241 9.3613 -46.4557 -5.557 7.9843 -44.9493 -4.5115
3 16 13.9438 -51.1026 8.5459 16.7484 -48.9429 9.25 10.7318 -46.6346 8.5459
3 16 10.7318 -46.6346 8.5459 16.7484 -48.9429 9.25 13.6725 -44.6642 9.25
3 16 18.1547 -54.4207 4.3154 18.1547 -54.4207 5.7718 16.5941 -55.9812 4.4194
3 16 19.3485 -60.6516 2.3918 20.3065 -59.6935 4.4194 17.3962 -62.6038 3.5652
3 16 17.3962 -62.6038 3.5652 20.3065 -59.6935 4.4194 18.8066 -61.1934 6.5407
3 16 17.7174 -54.858 -2.8309 17.2979 -55.2775 -2.6116 16.5941 -55.9812 -4.4194
3 16 16.6677 -55.9077 2.2125 17.7191 -54.8562 2.8284 16.5941 -55.9812 4.4194
3 16 2.6116 -32.0553 3.4241 2.8433 -31.9593 2.8187 21.5658 -51.0096 3.4241
3 16 21.5658 -51.0096 3.4241 2.8433 -31.9593 2.8187 21.7209 -50.8545 2.8309
3 16 27.8509 -52.1491 0 23.8407 -48.7347 -2.2125 27.5145 -52.4855 -2.3918
3 16 8.1279 -44.394 4.3154 8.3527 -43.9066 4.0148 8.5327 -44.7987 5.1026
3 16 8.5327 -44.7987 5.1026 8.3527 -43.9066 4.0148 9.9893 -42.9654 5.2829
3 16 17.8725 -54.7029 -3.4241 7.9843 -44.9493 -4.5115 7.7007 -44.5312 -3.4241
3 16 22.1404 -50.435 2.6116 21.7209 -50.8545 2.8309 3.4238 -31.7181 2.6116
3 16 3.4238 -31.7181 2.6116 21.7209 -50.8545 2.8309 2.8433 -31.9593 2.8187
3 16 7.2583 -48.5587 2.2125 6.4889 -46.84 2.2125 16.6677 -55.9077 2.2125
3 16 13.6863 -58.6583 3.5398 9.9775 -54.157 3.5398 13.1579 -59.1237 0
3 16 13.1579 -59.1237 0 9.9775 -54.157 3.5398 9.4196 -54.5866 0
3 16 8.3152 -43.9393 -3.9438 4.7078 -38.6511 -3.1763 7.3937 -44.7115 -2.135
3 16 7.3937 -44.7115 -2.135 4.7078 -38.6511 -3.1763 4.0537 -38.992 -1.66
3 16 18.1547 -54.4207 4.3154 9.7755 -46.0415 5.7718 18.1547 -54.4207 5.7718
3 16 5.2234 -43.4675 6.5408 8.2388 -48.3051 6.5407 7.821 -41.9648 8.5459
3 16 7.821 -41.9648 8.5459 8.2388 -48.3051 6.5407 10.7318 -46.6346 8.5459
3 16 17.7191 -54.8562 2.8284 18.1547 -54.4207 4.3154 16.5941 -55.9812 4.4194
3 16 16.6677 -55.9077 2.2125 6.6467 -45.8867 2.2125 17.7191 -54.8562 2.8284
3 16 17.7191 -54.8562 2.8284 6.6467 -45.8867 2.2125 7.5028 -44.6399 2.8284
3 16 21.7191 -50.8562 -2.8284 21.2836 -51.2918 -4.3154 22.8442 -49.7312 -4.4194
3 16 23.4315 -56.5685 -6.25 11.34 -44.477 -6.249 17.7405 -54.8349 -5.557
3 16 17.7405 -54.8349 -5.557 11.34 -44.477 -6.249 9.3613 -46.4557 -5.557
3 16 7.5015 -44.6421 -2.8309 7.1262 -45.1057 -2.6116 17.7174 -54.858 -2.8309
3 16 17.7174 -54.858 -2.8309 7.1262 -45.1057 -2.6116 17.2979 -55.2775 -2.6116
3 16 9.9893 -42.9654 5.2829 11.3399 -44.477 6.25 8.5327 -44.7987 5.1026
3 16 8.5327 -44.7987 5.1026 11.3399 -44.477 6.25 9.7755 -46.0415 5.7718
3 16 17.8725 -54.7029 -3.4241 7.7007 -44.5312 -3.4241 17.7174 -54.858 -2.8309
3 16 17.7174 -54.858 -2.8309 7.7007 -44.5312 -3.4241 7.5015 -44.6421 -2.8309
3 16 22.7556 -50.6701 -8.5459 25.0075 -48.6866 -6.5407 25.9493 -54.0507 -8.5373
3 16 25.9493 -54.0507 -8.5373 25.0075 -48.6866 -6.5407 28.0566 -51.9434 -6.5407
3 16 18.2823 -35.913 -3.5398 18.8918 -35.5604 0 20.772 -39.9072 -3.5398
3 16 20.772 -39.9072 -3.5398 18.8918 -35.5604 0 21.357 -39.5152 0
3 16 29.4745 -50.5255 3.5398 27.5145 -52.4855 2.3918 29.9722 -50.0278 0
3 16 29.9722 -50.0278 0 27.5145 -52.4855 2.3918 27.8509 -52.1491 0
3 16 19.3485 -60.6516 2.3918 19.012 -60.988 0 15.6375 -56.9379 2.2125
3 16 23.6486 -48.9267 2.7982 22.1404 -50.435 2.6116 5.5571 -30.8352 2.7982
3 16 5.5571 -30.8352 2.7982 22.1404 -50.435 2.6116 3.4238 -31.7181 2.6116
3 16 9.8345 -43.0339 -5.218 11.34 -44.477 -6.249 12.3632 -42.3713 -5.7232
3 16 12.3632 -42.3713 -5.7232 11.34 -44.477 -6.249 12.9044 -42.9125 -5.8038
3 16 7.5028 -44.6399 2.8284 8.1279 -44.394 4.3154 17.7191 -54.8562 2.8284
3 16 17.7191 -54.8562 2.8284 8.1279 -44.394 4.3154 18.1547 -54.4207 4.3154
3 16 22.8442 -49.7312 -4.4194 22.7706 -49.8048 -2.2125 21.7191 -50.8562 -2.8284
3 16 21.2836 -51.2918 -4.3154 5.446 -35.4541 -4.3154 9.2659 -39.274 -5.6403
3 16 9.2659 -39.274 -5.6403 5.446 -35.4541 -4.3154 5.3522 -35.3603 -5.0679
3 16 11.3662 -40.9493 5.7225 13.3172 -42.4933 5.5873 13.1797 -42.6373 5.6827
3 16 21.2836 -51.2918 -4.3154 12.9044 -42.9125 -5.8038 21.2836 -51.2918 -5.8038
3 16 2.3726 -32.1543 -3.5106 2.2516 -32.2044 -3.8767 5.446 -35.4541 -4.3154
3 16 5.446 -35.4541 -4.3154 2.2516 -32.2044 -3.8767 5.3522 -35.3603 -5.0679
3 16 9.9775 -54.157 3.5398 6.573 -49.4212 3.5398 9.4196 -54.5866 0
3 16 9.4196 -54.5866 0 6.573 -49.4212 3.5398 5.9881 -49.8131 0
3 16 21.6997 -50.8757 5.5873 21.5658 -51.0096 3.4241 22.8442 -49.7312 4.4194
3 16 17.7174 -54.858 -2.8309 16.5941 -55.9812 -4.4194 17.8725 -54.7029 -3.4241
3 16 13.1797 -42.6373 5.6827 11.3399 -44.477 6.25 12.5649 -42.4998 5.7032
3 16 12.5649 -42.4998 5.7032 11.3399 -44.477 6.25 9.9893 -42.9654 5.2829
3 16 16.061 -31.7635 3.5398 14.0485 -27.3177 3.5398 14.263 -32.6512 6.5408
3 16 14.263 -32.6512 6.5408 14.0485 -27.3177 3.5398 12.1959 -28.0848 6.5407
3 16 23.8407 -48.7347 -2.2125 5.8287 -30.7227 -2.2125 22.7706 -49.8048 -2.2125
3 16 22.7706 -49.8048 -2.2125 5.8287 -30.7227 -2.2125 4.3153 -31.3495 -2.2125
3 16 15.7897 -56.7856 -2.7982 19.012 -60.988 0 19.3485 -60.6516 -2.3918
3 16 19.1063 -41.0233 -6.5407 16.5467 -36.917 -6.5407 20.772 -39.9072 -3.5398
3 16 20.772 -39.9072 -3.5398 16.5467 -36.917 -6.5407 18.2823 -35.913 -3.5398
3 16 12.3632 -42.3713 -5.7232 21.2836 -51.2918 -4.3154 9.2659 -39.274 -5.6403
3 16 9.3613 -46.4557 -5.557 17.8725 -54.7029 -3.4241 17.7405 -54.8349 -5.557
3 16 7.7007 -44.5312 -3.4241 7.9843 -44.9493 -4.5115 8.3152 -43.9393 -3.9438
3 16 8.3152 -43.9393 -3.9438 7.9843 -44.9493 -4.5115 9.8345 -43.0339 -5.218
3 16 21.6997 -50.8757 5.5873 13.3172 -42.4933 5.5873 21.5658 -51.0096 3.4241
3 16 5.8899 -35.097 5.3368 21.5658 -51.0096 3.4241 7.7923 -36.9684 5.5873
3 16 7.7923 -36.9684 5.5873 21.5658 -51.0096 3.4241 13.3172 -42.4933 5.5873
3 16 2.6891 -32.0232 4.3348 2.6116 -32.0553 3.4241 21.5658 -51.0096 3.4241
3 16 9.9893 -42.9654 5.2829 11.3662 -40.9493 5.7225 12.5649 -42.4998 5.7032
3 16 11.3662 -40.9493 5.7225 13.1797 -42.6373 5.6827 12.5649 -42.4998 5.7032
3 16 7.7923 -36.9684 5.5873 13.3172 -42.4933 5.5873 9.5294 -39.0105 5.6899
3 16 9.5294 -39.0105 5.6899 13.3172 -42.4933 5.5873 11.3662 -40.9493 5.7225
3 16 13.3172 -42.4933 5.5873 21.6997 -50.8757 5.5873 13.1797 -42.6373 5.6827
3 16 13.1797 -42.6373 5.6827 21.6997 -50.8757 5.5873 25.1227 -54.8773 5.7742
3 16 12.9044 -42.9125 -5.8038 21.2836 -51.2918 -4.3154 12.3632 -42.3713 -5.7232
3 16 8.398 -35.5466 -9.25 5.2239 -37.1136 -8.5459 6.1532 -30.5881 -9.25
3 16 6.1532 -30.5881 -9.25 5.2239 -37.1136 -8.5459 2.8826 -31.9421 -8.5459
3 16 5.8913 -38.0442 4.5507 7.7923 -36.9684 5.5873 9.5294 -39.0105 5.6899
3 16 21.2836 -51.2918 -4.3154 21.7191 -50.8562 -2.8284 5.446 -35.4541 -4.3154
3 16 7.5028 -44.6399 2.8284 6.6467 -45.8867 2.2125 7.4152 -44.6915 2.1637
3 16 7.4152 -44.6915 2.1637 6.6467 -45.8867 2.2125 7.0916 -45.013 0
3 16 7.0916 -45.013 0 7.1262 -45.1057 -2.6116 7.3937 -44.7115 -2.135
3 16 7.3937 -44.7115 -2.135 7.1262 -45.1057 -2.6116 7.5015 -44.6421 -2.8309
3 16 7.0916 -45.013 0 6.6467 -45.8867 2.2125 6.162 -47.1141 -0.0002
3 16 6.162 -47.1141 -0.0002 6.6467 -45.8867 2.2125 6.4889 -46.84 2.2125
2 24 -2.3918 0 -5.7742 0 0 -6.25
2 24 5.7742 0 -2.3918 6.25 0 0
2 24 8.5461 0 -3.5398 9.25 0 0
2 24 -3.5396 0 -8.5459 -6.5405 0 -6.5407
2 24 -5.1011 -18.8593 2.2125 -5.7723 -17.1 2.2125
2 24 0 0 -9.25 -3.5396 0 -8.5459
2 24 0 0 -6.25 -2.3918 0 -5.7742
2 24 2.8309 -5.25 2.8309 3.4241 -5.25 2.6116
2 24 4.4194 0 4.4194 2.3918 0 5.7742
2 24 6.541 0 6.5407 3.5401 0 8.5459
2 24 0 0 -9.25 3.5607 0 -8.5373
2 24 0 0 -6.25 2.3918 0 -5.7742
2 24 -4.4194 0 4.4194 -5.7742 0 2.3918
2 24 -4.4194 -5.25 4.4194 -5.7723 -5.25 2.2125
2 24 -3.5396 0 -8.5459 0 0 -9.25
2 24 2.2125 -27.7804 -5.0679 2.2516 -32.2044 -3.8767
2 24 -2.9268 -19.7235 2.1637 -3.383 -19.725 0
2 24 5.7742 0 -2.3918 4.4194 0 -4.4194
2 24 8.5461 0 -3.5398 6.541 0 -6.5407
2 24 -4.3154 -5.25 2.2125 -5.7723 -5.25 2.2125
2 24 -4.4194 -5.25 4.4194 -5.7723 -5.25 2.2125
2 24 -2.2125 -5.25 5.7718 -2.2125 -17.1 5.7718
2 24 0 0 9.25 3.5401 0 8.5459
2 24 -6.25 0 0 -5.7742 0 2.3918
2 24 -9.25 0 0 -8.5351 0 3.5652
2 24 0 0 9.25 -3.5396 0 8.5459
2 24 -2.2125 -19.4299 4.3154 -2.2125 -18.8575 5.1026
2 24 -2.2125 -18.8575 5.1026 -2.2125 -17.1 5.7718
2 24 -2.9562 -19.7247 -2.135 -1.7586 -19.619 -3.9438
2 24 -2.8309 -19.6975 -2.8309 -2.6116 -19.635 -3.4241
2 24 0 0 6.25 2.3918 0 5.7742
2 24 -5.557 -17.1 -2.7982 -4.5026 -19.1425 -2.706
2 24 6.541 0 6.5407 8.5461 0 3.5398
2 24 -6.5405 0 -6.5407 -8.5457 0 -3.5398
2 24 2.2125 -17.1 -5.8038 2.2125 -5.25 -5.8038
2 24 2.2125 -5.25 -5.8038 4.4194 -5.25 -4.4194
2 24 2.3918 0 -5.7742 4.4194 0 -4.4194
2 24 -2.3918 0 -5.7742 -4.4194 0 -4.4194
2 24 -2.7982 -5.25 -5.557 -4.4194 -5.25 -4.4194
2 24 -8.5351 0 3.5652 -9.25 0 0
2 24 -3.5396 0 8.5459 -6.5405 0 6.5407
2 24 -6.5405 0 6.5407 -3.5396 0 8.5459
2 24 -4.4194 0 4.4194 -2.3918 0 5.7742
2 24 -3.4241 -19.635 -2.6116 -4.5026 -19.1425 -2.706
2 24 8.5461 0 -3.5398 9.25 0 0
2 24 2.3918 0 -5.7742 4.4194 0 -4.4194
2 24 3.5607 0 -8.5373 6.541 0 -6.5407
2 24 -2.9268 -19.7235 2.1637 -1.7089 -19.6157 4.0148
2 24 -5.557 -17.1 -2.7982 -5.557 -5.25 -2.7982
2 24 2.8309 -5.25 2.8309 2.6116 -5.25 3.4241
2 24 -9.25 0 0 -8.5457 0 -3.5398
2 24 -6.25 0 0 -5.7742 0 -2.3918
2 24 4.4194 0 4.4194 5.7742 0 2.3918
2 24 6.541 0 6.5407 8.5461 0 3.5398
2 24 -4.5026 -19.1425 -2.706 -5.557 -17.1 -2.7982
2 24 -2.3918 0 -5.7742 -4.4194 0 -4.4194
2 24 -3.5396 0 -8.5459 -6.5405 0 -6.5407
2 24 8.5461 0 3.5398 9.25 0 0
2 24 -4.4194 -5.25 4.4194 -2.2125 -5.25 5.7718
2 24 -4.4194 0 4.4194 -2.3918 0 5.7742
2 24 3.5401 0 8.5459 6.541 0 6.5407
2 24 8.5461 0 -3.5398 6.541 0 -6.5407
2 24 3.4241 -5.25 2.6116 5.5571 -5.25 2.7982
2 24 4.4194 -5.25 4.4194 5.5571 -5.25 2.7982
2 24 4.3154 -5.25 -2.2125 2.8284 -5.25 -2.8284
2 24 2.8284 -5.25 -2.8284 2.8284 -31.9655 -2.8284
2 24 4.3153 -31.3495 -2.2125 2.8284 -31.9655 -2.8284
2 24 0 0 -9.25 3.5607 0 -8.5373
2 24 4.3154 -5.25 -2.2125 5.8287 -5.25 -2.2125
2 24 4.4194 -5.25 -4.4194 5.8287 -5.25 -2.2125
2 24 2.2125 -17.8654 -5.7232 -0.0441 -19.1849 -5.218
2 24 2.2125 -17.8654 -5.7232 2.2125 -22.2457 -5.6403
2 24 -8.5457 0 -3.5398 -9.25 0 0
2 24 -5.7723 -17.1 2.2125 -5.7723 -5.25 2.2125
2 24 2.3918 0 5.7742 0 0 6.25
2 24 3.5401 0 8.5459 0 0 9.25
2 24 -5.7742 0 -2.3918 -4.4194 0 -4.4194
2 24 -8.5457 0 -3.5398 -6.5405 0 -6.5407
2 24 -4.5026 -19.1425 -2.706 -3.4241 -19.635 -2.6116
2 24 -8.5351 0 3.5652 -6.5405 0 6.5407
2 24 0 0 -6.25 2.3918 0 -5.7742
2 24 5.8287 -5.25 -2.2125 5.8287 -30.7227 -2.2125
2 24 6.25 -30.5483 0 5.8287 -30.7227 -2.2125
2 24 -5.557 -5.25 -2.7982 -3.4241 -5.25 -2.6116
2 24 -5.557 -5.25 -2.7982 -4.4194 -5.25 -4.4194
2 24 -5.7723 -5.25 2.2125 -4.3154 -5.25 2.2125
2 24 -5.7723 -17.1 2.2125 -5.7723 -5.25 2.2125
2 24 0 0 6.25 -2.3918 0 5.7742
2 24 5.8899 -35.097 5.3368 2.6891 -32.0232 4.3348
2 24 4.4194 -5.25 4.4194 2.8009 -5.25 5.5873
2 24 2.3918 0 5.7742 4.4194 0 4.4194
2 24 5.5571 -30.8352 2.7982 5.5571 -5.25 2.7982
2 24 6.25 -30.5483 0 5.5571 -30.8352 2.7982
2 24 2.8284 -31.9655 -2.8284 2.3726 -32.1543 -3.5106
2 24 -2.2125 -19.4299 4.3154 -2.8284 -19.6981 2.8284
2 24 -1.7089 -19.6157 4.0148 -2.9268 -19.7235 2.1637
2 24 -1.7089 -19.6157 4.0148 0.1139 -19.1239 5.2829
2 24 2.8009 -24.9179 5.5873 2.779 -27.5864 5.3368
2 24 -3.383 -19.725 0 -2.9562 -19.7247 -2.135
2 24 2.779 -27.5864 5.3368 2.6891 -32.0232 4.3348
2 24 2.2125 -27.7804 -5.0679 2.2125 -22.2457 -5.6403
2 24 2.2125 -5.25 -5.8038 2.2125 -5.25 -4.3154
2 24 4.4194 -5.25 -4.4194 2.2125 -5.25 -5.8038
2 24 2.5131 -19.5759 5.7225 2.5852 -22.2457 5.6899
2 24 2.779 -27.5864 5.3368 2.6891 -32.0232 4.3348
2 24 4.4194 0 4.4194 5.7742 0 2.3918
2 24 4.4194 -5.25 4.4194 5.5571 -5.25 2.7982
2 24 -5.557 -17.1 -2.7982 -5.557 -5.25 -2.7982
2 24 -3.4241 -5.25 -2.6116 -5.557 -5.25 -2.7982
2 24 4.4194 -5.25 -4.4194 5.8287 -5.25 -2.2125
2 24 4.4194 0 -4.4194 5.7742 0 -2.3918
2 24 6.25 0 0 5.7742 0 2.3918
2 24 -2.3918 0 5.7742 0 0 6.25
2 24 -3.5396 0 8.5459 0 0 9.25
2 24 -4.4194 -5.25 -4.4194 -2.7982 -5.25 -5.557
2 24 -2.7982 -5.25 -5.557 -2.6116 -5.25 -3.4241
2 24 -4.4194 0 -4.4194 -5.7742 0 -2.3918
2 24 -4.4194 -5.25 -4.4194 -5.557 -5.25 -2.7982
2 24 -2.7982 -17.1 -5.557 -2.7067 -19.1389 -4.5115
2 24 -0.0441 -19.1849 -5.218 -1.7586 -19.619 -3.9438
2 24 -4.3154 -19.4219 2.2125 -5.1011 -18.8593 2.2125
2 24 -2.7067 -19.1389 -4.5115 -2.7982 -17.1 -5.557
2 24 -4.4194 -5.25 4.4194 -2.2125 -5.25 5.7718
2 24 -2.2125 -5.25 4.3154 -2.2125 -5.25 5.7718
2 24 -5.7742 0 2.3918 -4.4194 0 4.4194
2 24 -8.5351 0 3.5652 -6.5405 0 6.5407
2 24 -3.4241 -5.25 -2.6116 -2.8309 -5.25 -2.8309
2 24 -4.3154 -5.25 2.2125 -2.8284 -5.25 2.8284
2 24 2.6116 -32.0553 3.4241 2.8433 -31.9593 2.8187
2 24 2.6116 -5.25 3.4241 2.8309 -5.25 2.8309
2 24 2.8433 -31.9593 2.8187 2.8309 -5.25 2.8309
2 24 6.25 0 0 5.7742 0 -2.3918
2 24 -2.2125 -19.4299 4.3154 -2.2125 -18.8575 5.1026
2 24 -1.7089 -19.6157 4.0148 0.1139 -19.1239 5.2829
2 24 -2.7067 -19.1389 -4.5115 -2.6116 -19.635 -3.4241
2 24 2.8433 -31.9593 2.8187 3.4238 -31.7181 2.6116
2 24 2.8309 -5.25 2.8309 3.4241 -5.25 2.6116
2 24 -5.7723 -17.1 2.2125 -5.1011 -18.8593 2.2125
2 24 -2.9562 -19.7247 -2.135 -1.7586 -19.619 -3.9438
2 24 -2.2125 -17.1 5.7718 -2.2125 -5.25 5.7718
2 24 -2.2125 -5.25 4.3154 -2.2125 -5.25 5.7718
2 24 -2.2125 -5.25 4.3154 -2.8284 -5.25 2.8284
2 24 -4.3154 -19.4219 2.2125 -2.8284 -19.6981 2.8284
2 24 -2.8284 -19.6981 2.8284 -2.8284 -5.25 2.8284
2 24 -4.3154 -5.25 2.2125 -2.8284 -5.25 2.8284
2 24 2.2125 -5.25 -4.3154 2.8284 -5.25 -2.8284
2 24 -2.7982 -5.25 -5.557 -2.7982 -17.1 -5.557
2 24 -2.8309 -19.6975 -2.8309 -2.8309 -5.25 -2.8309
2 24 -3.4241 -19.635 -2.6116 -2.8309 -19.6975 -2.8309
2 24 -3.4241 -5.25 -2.6116 -2.8309 -5.25 -2.8309
2 24 -2.2125 -17.1 5.7718 -2.2125 -18.8575 5.1026
2 24 -2.6116 -5.25 -3.4241 -2.8309 -5.25 -2.8309
2 24 -2.6116 -19.635 -3.4241 -2.8309 -19.6975 -2.8309
2 24 6.541 0 -6.5407 3.5607 0 -8.5373
2 24 9.25 0 0 8.5461 0 3.5398
2 24 6.25 0 0 5.7742 0 2.3918
2 24 -5.7742 0 2.3918 -6.25 0 0
2 24 5.5571 -5.25 2.7982 5.5571 -30.8352 2.7982
2 24 3.4241 -5.25 2.6116 5.5571 -5.25 2.7982
2 24 -0.0441 -19.1849 -5.218 2.2125 -17.8654 -5.7232
2 24 2.2125 -17.1 -5.8038 2.2125 -17.8654 -5.7232
2 24 -2.2125 -19.4299 4.3154 -2.8284 -19.6981 2.8284
2 24 -2.2125 -5.25 4.3154 -2.8284 -5.25 2.8284
2 24 4.3154 -5.25 -2.2125 2.8284 -5.25 -2.8284
2 24 2.2125 -27.7804 -5.0679 2.2125 -22.2457 -5.6403
2 24 2.6018 -17.1 5.6827 2.5131 -19.5759 5.7225
2 24 2.2125 -5.25 -5.8038 2.2125 -17.1 -5.8038
2 24 2.2125 -5.25 -4.3154 2.2125 -5.25 -5.8038
2 24 2.2125 -27.7804 -5.0679 2.2516 -32.2044 -3.8767
2 24 2.3726 -32.1543 -3.5106 2.2516 -32.2044 -3.8767
2 24 4.4194 -5.25 4.4194 2.8009 -5.25 5.5873
2 24 2.6116 -5.25 3.4241 2.8009 -5.25 5.5873
2 24 -2.6116 -5.25 -3.4241 -2.8309 -5.25 -2.8309
2 24 0.1139 -19.1239 5.2829 2.2643 -17.6319 5.7032
2 24 2.6018 -17.1 5.6827 2.2643 -17.6319 5.7032
2 24 4.3153 -31.3495 -2.2125 5.8287 -30.7227 -2.2125
2 24 5.8287 -30.7227 -2.2125 5.8287 -5.25 -2.2125
2 24 4.3154 -5.25 -2.2125 5.8287 -5.25 -2.2125
2 24 -6.25 0 0 -5.7742 0 -2.3918
2 24 2.2125 -22.2457 -5.6403 2.2125 -17.8654 -5.7232
2 24 -2.6116 -5.25 -3.4241 -2.7982 -5.25 -5.557
2 24 -2.7982 -17.1 -5.557 -2.7982 -5.25 -5.557
2 24 -1.7586 -19.619 -3.9438 -0.0441 -19.1849 -5.218
2 24 -2.6116 -19.635 -3.4241 -2.7067 -19.1389 -4.5115
2 24 2.6116 -5.25 3.4241 2.8009 -5.25 5.5873
2 24 2.8009 -5.25 5.5873 2.8009 -17.1046 5.5873
2 24 2.779 -27.5864 5.3368 2.8009 -24.9179 5.5873
2 24 2.8009 -17.1046 5.5873 2.8009 -24.9179 5.5873
2 24 2.6891 -32.0232 4.3348 2.6116 -32.0553 3.4241
2 24 0.1139 -19.1239 5.2829 2.2643 -17.6319 5.7032
2 24 2.2643 -17.6319 5.7032 2.6018 -17.1 5.6827
2 24 2.5131 -19.5759 5.7225 2.6018 -17.1 5.6827
2 24 2.5131 -19.5759 5.7225 2.5852 -22.2457 5.6899
2 24 2.8009 -17.1046 5.5873 2.8009 -24.9179 5.5873
2 24 2.5852 -22.2457 5.6899 2.8009 -24.9179 5.5873
2 24 2.8009 -5.25 5.5873 2.8009 -17.1046 5.5873
2 24 2.2125 -17.1 -5.8038 2.2125 -17.8654 -5.7232
2 24 2.8009 -24.9179 5.5873 2.5852 -22.2457 5.6899
2 24 2.8284 -5.25 -2.8284 2.2125 -5.25 -4.3154
2 24 -3.383 -19.725 0 -2.9268 -19.7235 2.1637
2 24 -2.8284 -19.6981 2.8284 -4.3154 -19.4219 2.2125
2 24 -2.8309 -19.6975 -2.8309 -3.4241 -19.635 -2.6116
2 24 -2.9562 -19.7247 -2.135 -3.383 -19.725 0
2 24 -5.1011 -18.8593 2.2125 -4.3154 -19.4219 2.2125
2 24 21.7402 -58.2598 -5.7742 23.4315 -56.5685 -6.25
2 24 27.5145 -52.4855 -2.3918 27.8509 -52.1491 0
2 24 29.4745 -50.5255 -3.5398 29.9722 -50.0278 0
2 24 18.8066 -61.1934 -6.5407 20.9286 -59.0714 -8.5459
2 24 7.2583 -48.5587 2.2125 6.4889 -46.84 2.2125
2 24 23.4315 -56.5685 -9.25 20.9286 -59.0714 -8.5459
2 24 23.4315 -56.5685 -6.25 21.7402 -58.2598 -5.7742
2 24 21.7209 -50.8545 2.8309 22.1404 -50.435 2.6116
2 24 26.5565 -53.4435 4.4194 25.1227 -54.8773 5.7742
2 24 28.0566 -51.9434 6.5407 25.9347 -54.0654 8.5459
2 24 23.4315 -56.5685 -9.25 25.9493 -54.0507 -8.5373
2 24 23.4315 -56.5685 -6.25 25.1227 -54.8773 -5.7742
2 24 15.6375 -56.9379 2.2125 16.5941 -55.9812 4.4194
2 24 19.3485 -60.6516 2.3918 20.3065 -59.6935 4.4194
2 24 20.9286 -59.0714 -8.5459 23.4315 -56.5685 -9.25
2 24 2.2516 -32.2044 -3.8767 5.3522 -35.3603 -5.0679
2 24 7.4152 -44.6915 2.1637 7.0916 -45.013 0
2 24 27.5145 -52.4855 -2.3918 26.5565 -53.4435 -4.4194
2 24 29.4745 -50.5255 -3.5398 28.0566 -51.9434 -6.5407
2 24 15.6375 -56.9379 2.2125 16.6677 -55.9077 2.2125
2 24 16.5941 -55.9812 4.4194 15.6375 -56.9379 2.2125
2 24 18.1547 -54.4207 5.7718 9.7755 -46.0415 5.7718
2 24 25.9347 -54.0654 8.5459 23.4315 -56.5686 9.25
2 24 17.3962 -62.6038 3.5652 16.8907 -63.1093 0
2 24 19.3485 -60.6516 2.3918 19.012 -60.988 0
2 24 23.4315 -56.5686 9.25 20.9286 -59.0714 8.5459
2 24 8.1279 -44.394 4.3154 8.5327 -44.7987 5.1026
2 24 8.5327 -44.7987 5.1026 9.7755 -46.0415 5.7718
2 24 7.3937 -44.7115 -2.135 8.3152 -43.9393 -3.9438
2 24 7.5015 -44.6421 -2.8309 7.7007 -44.5312 -3.4241
2 24 23.4315 -56.5685 6.25 25.1227 -54.8773 5.7742
2 24 7.4105 -48.4064 -2.7982 6.7118 -46.2166 -2.706
2 24 29.4745 -50.5255 3.5398 28.0566 -51.9434 6.5407
2 24 18.8066 -61.1934 -6.5407 17.3887 -62.6112 -3.5398
2 24 12.9044 -42.9125 -5.8038 21.2836 -51.2918 -5.8038
2 24 26.5565 -53.4435 -4.4194 25.1227 -54.8773 -5.7742
2 24 21.2836 -51.2918 -5.8038 22.8442 -49.7312 -4.4194
2 24 17.7405 -54.8349 -5.557 16.5941 -55.9812 -4.4194
2 24 21.7402 -58.2598 -5.7742 20.3065 -59.6935 -4.4194
2 24 17.3962 -62.6038 3.5652 16.8907 -63.1093 0
2 24 20.9286 -59.0714 8.5459 18.8066 -61.1934 6.5407
2 24 18.8066 -61.1934 6.5407 20.9286 -59.0714 8.5459
2 24 20.3065 -59.6935 4.4194 21.7402 -58.2598 5.7742
2 24 6.7118 -46.2166 -2.706 7.1262 -45.1057 -2.6116
2 24 29.4745 -50.5255 -3.5398 29.9722 -50.0278 0
2 24 25.1227 -54.8773 -5.7742 26.5565 -53.4435 -4.4194
2 24 25.9493 -54.0507 -8.5373 28.0566 -51.9434 -6.5407
2 24 7.4152 -44.6915 2.1637 8.3527 -43.9066 4.0148
2 24 7.4105 -48.4064 -2.7982 15.7897 -56.7856 -2.7982
2 24 21.7209 -50.8545 2.8309 21.5658 -51.0096 3.4241
2 24 16.8907 -63.1093 0 17.3887 -62.6112 -3.5398
2 24 19.012 -60.988 0 19.3485 -60.6516 -2.3918
2 24 26.5565 -53.4435 4.4194 27.5145 -52.4855 2.3918
2 24 28.0566 -51.9434 6.5407 29.4745 -50.5255 3.5398
2 24 6.7118 -46.2166 -2.706 7.4105 -48.4064 -2.7982
2 24 21.7402 -58.2598 -5.7742 20.3065 -59.6935 -4.4194
2 24 20.9286 -59.0714 -8.5459 18.8066 -61.1934 -6.5407
2 24 29.4745 -50.5255 3.5398 29.9722 -50.0278 0
2 24 16.5941 -55.9812 4.4194 18.1547 -54.4207 5.7718
2 24 20.3065 -59.6935 4.4194 21.7402 -58.2598 5.7742
2 24 25.9347 -54.0654 8.5459 28.0566 -51.9434 6.5407
2 24 29.4745 -50.5255 -3.5398 28.0566 -51.9434 -6.5407
2 24 22.8442 -49.7312 4.4194 23.6486 -48.9267 2.7982
2 24 22.1404 -50.435 2.6116 23.6486 -48.9267 2.7982
2 24 22.7706 -49.8048 -2.2125 21.7191 -50.8562 -2.8284
2 24 4.3153 -31.3495 -2.2125 2.8284 -31.9655 -2.8284
2 24 21.7191 -50.8562 -2.8284 2.8284 -31.9655 -2.8284
2 24 23.4315 -56.5685 -9.25 25.9493 -54.0507 -8.5373
2 24 23.8407 -48.7347 -2.2125 22.7706 -49.8048 -2.2125
2 24 22.8442 -49.7312 -4.4194 23.8407 -48.7347 -2.2125
2 24 12.3632 -42.3713 -5.7232 9.2659 -39.274 -5.6403
2 24 12.3632 -42.3713 -5.7232 9.8345 -43.0339 -5.218
2 24 17.3887 -62.6112 -3.5398 16.8907 -63.1093 0
2 24 7.2583 -48.5587 2.2125 15.6375 -56.9379 2.2125
2 24 25.1227 -54.8773 5.7742 23.4315 -56.5685 6.25
2 24 25.9347 -54.0654 8.5459 23.4315 -56.5686 9.25
2 24 19.3485 -60.6516 -2.3918 20.3065 -59.6935 -4.4194
2 24 17.3887 -62.6112 -3.5398 18.8066 -61.1934 -6.5407
2 24 6.7118 -46.2166 -2.706 7.1262 -45.1057 -2.6116
2 24 17.3962 -62.6038 3.5652 18.8066 -61.1934 6.5407
2 24 23.4315 -56.5685 -6.25 25.1227 -54.8773 -5.7742
2 24 5.8287 -30.7227 -2.2125 23.8407 -48.7347 -2.2125
2 24 5.8287 -30.7227 -2.2125 6.25 -30.5483 0
2 24 15.7897 -56.7856 -2.7982 16.5941 -55.9812 -4.4194
2 24 15.7897 -56.7856 -2.7982 17.2979 -55.2775 -2.6116
2 24 16.6677 -55.9077 2.2125 15.6375 -56.9379 2.2125
2 24 7.2583 -48.5587 2.2125 15.6375 -56.9379 2.2125
2 24 23.4315 -56.5685 6.25 21.7402 -58.2598 5.7742
2 24 25.1227 -54.8773 5.7742 26.5565 -53.4435 4.4194
2 24 21.6997 -50.8757 5.5873 22.8442 -49.7312 4.4194
2 24 23.6486 -48.9267 2.7982 5.5571 -30.8352 2.7982
2 24 6.25 -30.5483 0 5.5571 -30.8352 2.7982
2 24 2.8284 -31.9655 -2.8284 2.3726 -32.1543 -3.5106
2 24 8.1279 -44.394 4.3154 7.5028 -44.6399 2.8284
2 24 8.3527 -43.9066 4.0148 7.4152 -44.6915 2.1637
2 24 8.3527 -43.9066 4.0148 9.9893 -42.9654 5.2829
2 24 5.8899 -35.097 5.3368 7.7923 -36.9684 5.5873
2 24 7.0916 -45.013 0 7.3937 -44.7115 -2.135
2 24 2.6891 -32.0232 4.3348 5.8899 -35.097 5.3368
2 24 5.3522 -35.3603 -5.0679 9.2659 -39.274 -5.6403
2 24 22.8442 -49.7312 -4.4194 21.2836 -51.2918 -5.8038
2 24 21.2836 -51.2918 -5.8038 21.2836 -51.2918 -4.3154
2 24 9.5294 -39.0105 5.6899 11.3662 -40.9493 5.7225
2 24 22.8442 -49.7312 4.4194 23.6486 -48.9267 2.7982
2 24 26.5565 -53.4435 4.4194 27.5145 -52.4855 2.3918
2 24 17.2979 -55.2775 -2.6116 15.7897 -56.7856 -2.7982
2 24 7.4105 -48.4064 -2.7982 15.7897 -56.7856 -2.7982
2 24 22.8442 -49.7312 -4.4194 23.8407 -48.7347 -2.2125
2 24 26.5565 -53.4435 -4.4194 27.5145 -52.4855 -2.3918
2 24 27.8509 -52.1491 0 27.5145 -52.4855 2.3918
2 24 21.7402 -58.2598 5.7742 23.4315 -56.5685 6.25
2 24 20.9286 -59.0714 8.5459 23.4315 -56.5686 9.25
2 24 17.7405 -54.8349 -5.557 17.8725 -54.7029 -3.4241
2 24 16.5941 -55.9812 -4.4194 17.7405 -54.8349 -5.557
2 24 20.3065 -59.6935 -4.4194 19.3485 -60.6516 -2.3918
2 24 16.5941 -55.9812 -4.4194 15.7897 -56.7856 -2.7982
2 24 7.9843 -44.9493 -4.5115 9.3613 -46.4557 -5.557
2 24 9.8345 -43.0339 -5.218 8.3152 -43.9393 -3.9438
2 24 6.6467 -45.8867 2.2125 6.4889 -46.84 2.2125
2 24 9.3613 -46.4557 -5.557 7.9843 -44.9493 -4.5115
2 24 16.5941 -55.9812 4.4194 18.1547 -54.4207 5.7718
2 24 18.1547 -54.4207 4.3154 18.1547 -54.4207 5.7718
2 24 19.3485 -60.6516 2.3918 20.3065 -59.6935 4.4194
2 24 17.3962 -62.6038 3.5652 18.8066 -61.1934 6.5407
2 24 17.2979 -55.2775 -2.6116 17.7174 -54.858 -2.8309
2 24 16.6677 -55.9077 2.2125 17.7191 -54.8562 2.8284
2 24 2.6116 -32.0553 3.4241 2.8433 -31.9593 2.8187
2 24 2.8433 -31.9593 2.8187 21.7209 -50.8545 2.8309
2 24 21.5658 -51.0096 3.4241 21.7209 -50.8545 2.8309
2 24 27.8509 -52.1491 0 27.5145 -52.4855 -2.3918
2 24 8.1279 -44.394 4.3154 8.5327 -44.7987 5.1026
2 24 8.3527 -43.9066 4.0148 9.9893 -42.9654 5.2829
2 24 7.9843 -44.9493 -4.5115 7.7007 -44.5312 -3.4241
2 24 21.7209 -50.8545 2.8309 22.1404 -50.435 2.6116
2 24 3.4238 -31.7181 2.6116 2.8433 -31.9593 2.8187
2 24 7.2583 -48.5587 2.2125 6.4889 -46.84 2.2125
2 24 7.3937 -44.7115 -2.135 8.3152 -43.9393 -3.9438
2 24 9.7755 -46.0415 5.7718 18.1547 -54.4207 5.7718
2 24 18.1547 -54.4207 4.3154 18.1547 -54.4207 5.7718
2 24 18.1547 -54.4207 4.3154 17.7191 -54.8562 2.8284
2 24 16.6677 -55.9077 2.2125 17.7191 -54.8562 2.8284
2 24 6.6467 -45.8867 2.2125 7.5028 -44.6399 2.8284
2 24 17.7191 -54.8562 2.8284 7.5028 -44.6399 2.8284
2 24 21.2836 -51.2918 -4.3154 21.7191 -50.8562 -2.8284
2 24 17.7405 -54.8349 -5.557 9.3613 -46.4557 -5.557
2 24 7.1262 -45.1057 -2.6116 7.5015 -44.6421 -2.8309
2 24 7.5015 -44.6421 -2.8309 17.7174 -54.858 -2.8309
2 24 17.2979 -55.2775 -2.6116 17.7174 -54.858 -2.8309
2 24 9.7755 -46.0415 5.7718 8.5327 -44.7987 5.1026
2 24 17.8725 -54.7029 -3.4241 17.7174 -54.858 -2.8309
2 24 7.7007 -44.5312 -3.4241 7.5015 -44.6421 -2.8309
2 24 28.0566 -51.9434 -6.5407 25.9493 -54.0507 -8.5373
2 24 29.9722 -50.0278 0 29.4745 -50.5255 3.5398
2 24 27.8509 -52.1491 0 27.5145 -52.4855 2.3918
2 24 19.3485 -60.6516 2.3918 19.012 -60.988 0
2 24 22.1404 -50.435 2.6116 23.6486 -48.9267 2.7982
2 24 5.5571 -30.8352 2.7982 23.6486 -48.9267 2.7982
2 24 9.8345 -43.0339 -5.218 12.3632 -42.3713 -5.7232
2 24 12.9044 -42.9125 -5.8038 12.3632 -42.3713 -5.7232
2 24 8.1279 -44.394 4.3154 7.5028 -44.6399 2.8284
2 24 18.1547 -54.4207 4.3154 17.7191 -54.8562 2.8284
2 24 22.7706 -49.8048 -2.2125 21.7191 -50.8562 -2.8284
2 24 9.2659 -39.274 -5.6403 5.3522 -35.3603 -5.0679
2 24 13.1797 -42.6373 5.6827 11.3662 -40.9493 5.7225
2 24 12.9044 -42.9125 -5.8038 21.2836 -51.2918 -5.8038
2 24 21.2836 -51.2918 -4.3154 21.2836 -51.2918 -5.8038
2 24 2.3726 -32.1543 -3.5106 2.2516 -32.2044 -3.8767
2 24 5.3522 -35.3603 -5.0679 2.2516 -32.2044 -3.8767
2 24 21.5658 -51.0096 3.4241 21.6997 -50.8757 5.5873
2 24 22.8442 -49.7312 4.4194 21.6997 -50.8757 5.5873
2 24 17.8725 -54.7029 -3.4241 17.7174 -54.858 -2.8309
2 24 13.1797 -42.6373 5.6827 12.5649 -42.4998 5.7032
2 24 9.9893 -42.9654 5.2829 12.5649 -42.4998 5.7032
2 24 5.8287 -30.7227 -2.2125 23.8407 -48.7347 -2.2125
2 24 22.7706 -49.8048 -2.2125 23.8407 -48.7347 -2.2125
2 24 5.8287 -30.7227 -2.2125 4.3153 -31.3495 -2.2125
2 24 19.012 -60.988 0 19.3485 -60.6516 -2.3918
2 24 9.2659 -39.274 -5.6403 12.3632 -42.3713 -5.7232
2 24 17.8725 -54.7029 -3.4241 17.7405 -54.8349 -5.557
2 24 9.3613 -46.4557 -5.557 17.7405 -54.8349 -5.557
2 24 7.7007 -44.5312 -3.4241 7.9843 -44.9493 -4.5115
2 24 8.3152 -43.9393 -3.9438 9.8345 -43.0339 -5.218
2 24 21.6997 -50.8757 5.5873 13.3172 -42.4933 5.5873
2 24 21.5658 -51.0096 3.4241 21.6997 -50.8757 5.5873
2 24 5.8899 -35.097 5.3368 7.7923 -36.9684 5.5873
2 24 13.3172 -42.4933 5.5873 7.7923 -36.9684 5.5873
2 24 2.6891 -32.0232 4.3348 2.6116 -32.0553 3.4241
2 24 9.9893 -42.9654 5.2829 12.5649 -42.4998 5.7032
2 24 12.5649 -42.4998 5.7032 13.1797 -42.6373 5.6827
2 24 11.3662 -40.9493 5.7225 13.1797 -42.6373 5.6827
2 24 13.3172 -42.4933 5.5873 7.7923 -36.9684 5.5873
2 24 7.7923 -36.9684 5.5873 9.5294 -39.0105 5.6899
2 24 11.3662 -40.9493 5.7225 9.5294 -39.0105 5.6899
2 24 21.6997 -50.8757 5.5873 13.3172 -42.4933 5.5873
2 24 12.9044 -42.9125 -5.8038 12.3632 -42.3713 -5.7232
2 24 7.7923 -36.9684 5.5873 9.5294 -39.0105 5.6899
2 24 21.7191 -50.8562 -2.8284 21.2836 -51.2918 -4.3154
2 24 7.5028 -44.6399 2.8284 6.6467 -45.8867 2.2125
2 24 7.0916 -45.013 0 7.4152 -44.6915 2.1637
2 24 7.3937 -44.7115 -2.135 7.0916 -45.013 0
2 24 7.5015 -44.6421 -2.8309 7.1262 -45.1057 -2.6116
2 24 6.4889 -46.84 2.2125 6.6467 -45.8867 2.2125
0 STEP
