0 Mini Doll, Head Friends Male Large, Plain
0 Name: bl_92240.dat
0 Author: 
0 BL_Item_No 92240
0 BFC CERTIFY CCW
3 16 5.7692 -0.005 2.3897 4.4155 -0.005 4.4155 5.6522 -4.4218 2.3412
3 16 5.6522 -4.4218 2.3412 4.4155 -0.005 4.4155 4.326 -4.4218 4.326
3 16 4.4155 -0.005 4.4155 2.3897 -0.005 5.7692 4.326 -4.4218 4.326
3 16 4.326 -4.4218 4.326 2.3897 -0.005 5.7692 2.3412 -4.4218 5.6522
3 16 2.3897 -0.005 5.7692 0 -0.005 6.2445 2.3412 -4.4218 5.6522
3 16 2.3412 -4.4218 5.6522 0 -0.005 6.2445 0 -4.4218 6.1179
3 16 0 -4.4218 -6.1179 0 -0.005 -6.2445 2.3412 -4.4218 -5.6522
3 16 2.3412 -4.4218 -5.6522 0 -0.005 -6.2445 2.3897 -0.005 -5.7692
3 16 2.3897 -0.005 -5.7692 4.4155 -0.005 -4.4155 2.3412 -4.4218 -5.6522
3 16 2.3412 -4.4218 -5.6522 4.4155 -0.005 -4.4155 4.326 -4.4218 -4.326
3 16 4.4155 -0.005 -4.4155 5.7692 -0.005 -2.3897 4.326 -4.4218 -4.326
3 16 4.326 -4.4218 -4.326 5.7692 -0.005 -2.3897 5.6522 -4.4218 -2.3412
3 16 5.7692 -0.005 -2.3897 6.2445 -0.005 0 5.6522 -4.4218 -2.3412
3 16 5.6522 -4.4218 -2.3412 6.2445 -0.005 0 6.1179 -4.4219 0
3 16 6.2445 -0.005 0 5.7692 -0.005 2.3897 6.1179 -4.4219 0
3 16 6.1179 -4.4219 0 5.7692 -0.005 2.3897 5.6522 -4.4218 2.3412
3 16 5.6522 -4.4218 2.3412 4.326 -4.4218 4.326 3.7408 -4.4218 2.0093
3 16 3.7408 -4.4218 2.0093 4.326 -4.4218 4.326 2.937 -4.4218 2.8613
3 16 2.3412 -4.4218 5.6522 1.9877 -4.4218 3.7408 4.326 -4.4218 4.326
3 16 4.326 -4.4218 4.326 1.9877 -4.4218 3.7408 2.937 -4.4218 2.8613
3 16 0 -4.4218 6.1179 0 -4.4218 4.3579 2.3412 -4.4218 5.6522
3 16 2.3412 -4.4218 5.6522 0 -4.4218 4.3579 1.9877 -4.4218 3.7408
3 16 0 -4.4218 -6.1179 2.3412 -4.4218 -5.6522 0 -4.4218 -4.358
3 16 0 -4.4218 -4.358 2.3412 -4.4218 -5.6522 1.9877 -4.4218 -3.7408
3 16 2.3412 -4.4218 -5.6522 4.326 -4.4218 -4.326 1.9877 -4.4218 -3.7408
3 16 1.9877 -4.4218 -3.7408 4.326 -4.4218 -4.326 2.937 -4.4218 -2.8613
3 16 5.6522 -4.4218 -2.3412 3.7408 -4.4218 -2.0093 4.326 -4.4218 -4.326
3 16 4.326 -4.4218 -4.326 3.7408 -4.4218 -2.0093 2.937 -4.4218 -2.8613
3 16 6.1179 -4.4219 0 4.2607 -4.4219 0 5.6522 -4.4218 -2.3412
3 16 5.6522 -4.4218 -2.3412 4.2607 -4.4219 0 3.7408 -4.4218 -2.0093
3 16 6.1179 -4.4219 0 5.6522 -4.4218 2.3412 4.2607 -4.4219 0
3 16 4.2607 -4.4219 0 5.6522 -4.4218 2.3412 3.7408 -4.4218 2.0093
3 16 -5.7692 -0.005 2.3897 -5.6522 -4.4218 2.3412 -4.4155 -0.005 4.4155
3 16 -4.4155 -0.005 4.4155 -5.6522 -4.4218 2.3412 -4.326 -4.4218 4.326
3 16 -4.4155 -0.005 4.4155 -4.326 -4.4218 4.326 -2.3897 -0.005 5.7692
3 16 -2.3897 -0.005 5.7692 -4.326 -4.4218 4.326 -2.3412 -4.4218 5.6522
3 16 -2.3897 -0.005 5.7692 -2.3412 -4.4218 5.6522 0 -0.005 6.2445
3 16 0 -0.005 6.2445 -2.3412 -4.4218 5.6522 0 -4.4218 6.1179
3 16 0 -4.4218 -6.1179 -2.3412 -4.4218 -5.6522 0 -0.005 -6.2445
3 16 0 -0.005 -6.2445 -2.3412 -4.4218 -5.6522 -2.3897 -0.005 -5.7692
3 16 -2.3897 -0.005 -5.7692 -2.3412 -4.4218 -5.6522 -4.4155 -0.005 -4.4155
3 16 -4.4155 -0.005 -4.4155 -2.3412 -4.4218 -5.6522 -4.326 -4.4218 -4.326
3 16 -4.4155 -0.005 -4.4155 -4.326 -4.4218 -4.326 -5.7692 -0.005 -2.3897
3 16 -5.7692 -0.005 -2.3897 -4.326 -4.4218 -4.326 -5.6522 -4.4218 -2.3412
3 16 -5.7692 -0.005 -2.3897 -5.6522 -4.4218 -2.3412 -6.2445 -0.005 0
3 16 -6.2445 -0.005 0 -5.6522 -4.4218 -2.3412 -6.1179 -4.4219 0
3 16 -6.2445 -0.005 0 -6.1179 -4.4219 0 -5.7692 -0.005 2.3897
3 16 -5.7692 -0.005 2.3897 -6.1179 -4.4219 0 -5.6522 -4.4218 2.3412
3 16 -5.6522 -4.4218 2.3412 -3.7408 -4.4218 2.0093 -4.326 -4.4218 4.326
3 16 -4.326 -4.4218 4.326 -3.7408 -4.4218 2.0093 -2.937 -4.4218 2.8613
3 16 -2.937 -4.4218 2.8613 -1.9877 -4.4218 3.7408 -4.326 -4.4218 4.326
3 16 -4.326 -4.4218 4.326 -1.9877 -4.4218 3.7408 -2.3412 -4.4218 5.6522
3 16 -1.9877 -4.4218 3.7408 0 -4.4218 4.3579 -2.3412 -4.4218 5.6522
3 16 -2.3412 -4.4218 5.6522 0 -4.4218 4.3579 0 -4.4218 6.1179
3 16 -1.9877 -4.4218 -3.7408 -2.3412 -4.4218 -5.6522 0 -4.4218 -4.358
3 16 0 -4.4218 -4.358 -2.3412 -4.4218 -5.6522 0 -4.4218 -6.1179
3 16 -2.3412 -4.4218 -5.6522 -1.9877 -4.4218 -3.7408 -4.326 -4.4218 -4.326
3 16 -4.326 -4.4218 -4.326 -1.9877 -4.4218 -3.7408 -2.937 -4.4218 -2.8613
3 16 -2.937 -4.4218 -2.8613 -3.7408 -4.4218 -2.0093 -4.326 -4.4218 -4.326
3 16 -4.326 -4.4218 -4.326 -3.7408 -4.4218 -2.0093 -5.6522 -4.4218 -2.3412
3 16 -3.7408 -4.4218 -2.0093 -4.2607 -4.4219 0 -5.6522 -4.4218 -2.3412
3 16 -5.6522 -4.4218 -2.3412 -4.2607 -4.4219 0 -6.1179 -4.4219 0
3 16 -6.1179 -4.4219 0 -4.2607 -4.4219 0 -5.6522 -4.4218 2.3412
3 16 -5.6522 -4.4218 2.3412 -4.2607 -4.4219 0 -3.7408 -4.4218 2.0093
3 16 3.4906 0.5532 0 3.3013 0.5611 -0.6452 3.9305 0.5522 0
3 16 3.9305 0.5522 0 3.3013 0.5611 -0.6452 3.5741 0.5522 -1.3865
3 16 2.0772 0.5411 -1.1398 1.8705 0.5471 -0.7 0 0.5522 -3.9625
3 16 1.8705 0.5471 -0.7 0 0.5522 0 0 0.5522 -3.9625
3 16 0 0.5522 -3.9625 1.8163 0.5522 -3.5016 2.0772 0.5411 -1.1398
3 16 2.0772 0.5411 -1.1398 1.8163 0.5522 -3.5016 2.5021 0.5453 -1.2638
3 16 3.1752 5.0009 -0.5773 3.3013 0.5611 -0.6452 3.3515 4.9965 -0.0001
3 16 3.3515 4.9965 -0.0001 3.3013 0.5611 -0.6452 3.4906 0.5532 0
3 16 1.8705 0.5471 -0.7 2.0074 5.0305 -0.6796 2.0609 0.553 0
3 16 2.0609 0.553 0 2.0074 5.0305 -0.6796 2.1972 5.0257 0
3 16 2.0772 0.5411 -1.1398 2.1696 5.0264 -1.0322 1.8705 0.5471 -0.7
3 16 1.8705 0.5471 -0.7 2.1696 5.0264 -1.0322 2.0074 5.0305 -0.6796
3 16 2.5021 0.5453 -1.2638 2.4935 5.0182 -1.1215 2.0772 0.5411 -1.1398
3 16 2.0772 0.5411 -1.1398 2.4935 5.0182 -1.1215 2.1696 5.0264 -1.0322
3 16 2.8581 5.009 -0.9139 2.4935 5.0182 -1.1215 2.9408 0.5589 -1.0247
3 16 2.9408 0.5589 -1.0247 2.4935 5.0182 -1.1215 2.5021 0.5453 -1.2638
3 16 3.3013 0.5611 -0.6452 3.1752 5.0009 -0.5773 2.9408 0.5589 -1.0247
3 16 2.9408 0.5589 -1.0247 3.1752 5.0009 -0.5773 2.8581 5.009 -0.9139
3 16 3.4906 0.5532 0 3.9305 0.5522 0 3.3011 0.5633 0.6451
3 16 3.3011 0.5633 0.6451 3.9305 0.5522 0 3.574 0.5522 1.3864
3 16 2.812 0.5522 2.7477 2.9407 0.5611 1.0246 3.574 0.5522 1.3864
3 16 3.574 0.5522 1.3864 2.9407 0.5611 1.0246 3.3011 0.5633 0.6451
3 16 1.8169 0.5522 3.5011 2.502 0.5474 1.2637 2.812 0.5522 2.7477
3 16 2.812 0.5522 2.7477 2.502 0.5474 1.2637 2.9407 0.5611 1.0246
3 16 3.4906 0.5532 0 3.3011 0.5633 0.6451 3.3515 4.9965 -0.0001
3 16 3.3515 4.9965 -0.0001 3.3011 0.5633 0.6451 3.175 5.001 0.5772
3 16 1.8703 0.5492 0.6999 2.0609 0.553 0 2.0073 5.0306 0.6795
3 16 2.0073 5.0306 0.6795 2.0609 0.553 0 2.1972 5.0257 0
3 16 2.0771 0.5432 1.1397 1.8703 0.5492 0.6999 2.1694 5.0265 1.0321
3 16 2.1694 5.0265 1.0321 1.8703 0.5492 0.6999 2.0073 5.0306 0.6795
3 16 2.502 0.5474 1.2637 2.0771 0.5432 1.1397 2.4934 5.0182 1.1214
3 16 2.4934 5.0182 1.1214 2.0771 0.5432 1.1397 2.1694 5.0265 1.0321
3 16 2.502 0.5474 1.2637 2.4934 5.0182 1.1214 2.9407 0.5611 1.0246
3 16 2.9407 0.5611 1.0246 2.4934 5.0182 1.1214 2.858 5.009 0.9138
3 16 0 0.5522 3.9624 2.0771 0.5432 1.1397 1.8169 0.5522 3.5011
3 16 1.8169 0.5522 3.5011 2.0771 0.5432 1.1397 2.502 0.5474 1.2637
3 16 1.8703 0.5492 0.6999 0 0.5522 0 2.0609 0.553 0
3 16 2.0609 0.553 0 0 0.5522 0 1.8705 0.5471 -0.7
3 16 3.3011 0.5633 0.6451 2.9407 0.5611 1.0246 3.175 5.001 0.5772
3 16 3.175 5.001 0.5772 2.9407 0.5611 1.0246 2.858 5.009 0.9138
3 16 1.7609 15 4.5166 0 15 3.5 1.0166 15 5.2608
3 16 0 15 3.5 0 15 5.5332 1.0166 15 5.2608
3 16 0 15 1.4667 0 15 3.5 1.0166 15 1.7392
3 16 1.0166 15 1.7392 0 15 3.5 1.7609 15 2.4834
3 16 1.7609 15 2.4834 0 15 3.5 2.0333 15 3.5
3 16 2.0333 15 3.5 0 15 3.5 1.7609 15 4.5166
3 16 0 15 5.5332 0 5.0818 5.536 1.0166 15 5.2608
3 16 1.0166 15 5.2608 0 5.0818 5.536 1.0144 5.0558 5.2619
3 16 1.0143 5.0557 1.7382 0 5.0815 1.4641 1.0166 15 1.7392
3 16 1.0166 15 1.7392 0 5.0815 1.4641 0 15 1.4667
3 16 1.7577 5.0369 2.4833 1.0143 5.0557 1.7382 1.7609 15 2.4834
3 16 1.7609 15 2.4834 1.0143 5.0557 1.7382 1.0166 15 1.7392
3 16 2.0297 5.03 3.5 1.7577 5.0369 2.4833 2.0333 15 3.5
3 16 2.0333 15 3.5 1.7577 5.0369 2.4833 1.7609 15 2.4834
3 16 1.7609 15 4.5166 1.7578 5.0369 4.5167 2.0333 15 3.5
3 16 2.0333 15 3.5 1.7578 5.0369 4.5167 2.0297 5.03 3.5
3 16 1.0166 15 5.2608 1.0144 5.0558 5.2619 1.7609 15 4.5166
3 16 1.7609 15 4.5166 1.0144 5.0558 5.2619 1.7578 5.0369 4.5167
3 16 3.4376 25.4979 -1.0755 3.0112 22.7503 -1.4348 3.6169 4.9897 -0.6662
3 16 3.6169 4.9897 -0.6662 3.0112 22.7503 -1.4348 2.8841 5.0083 -1.3755
3 16 0 22.75 -1.45 0 5.0812 -1.3806 3.0112 22.7503 -1.4348
3 16 3.0112 22.7503 -1.4348 0 5.0812 -1.3806 2.8841 5.0083 -1.3755
3 16 0 23.5214 -1.9354 0 23.263 -1.6183 1.9559 23.6042 -2.0092
3 16 1.9559 23.6042 -2.0092 0 23.263 -1.6183 2.7206 23.3104 -1.6269
3 16 0 23.263 -1.6183 0 22.75 -1.45 2.7206 23.3104 -1.6269
3 16 2.7206 23.3104 -1.6269 0 22.75 -1.45 3.0112 22.7503 -1.4348
3 16 4.8049 4.9597 1.9402 3.3682 4.9961 4.4403 4.9209 21.0003 1.8596
3 16 4.9209 21.0003 1.8596 3.3682 4.9961 4.4403 3.4284 21 4.475
3 16 4.2457 21.9482 4.9468 4.2172 23.7287 5.1209 4.6458 21.9318 4.0611
3 16 4.6458 21.9318 4.0611 4.2172 23.7287 5.1209 4.7705 23.9644 3.8934
3 16 4.6458 21.9318 4.0611 4.7705 23.9644 3.8934 4.8907 21.8542 3.0607
3 16 4.8907 21.8542 3.0607 4.7705 23.9644 3.8934 4.9611 24.3423 2.1827
3 16 4.8907 21.8542 3.0607 3.8462 21.7723 4.7051 4.6458 21.9318 4.0611
3 16 4.6458 21.9318 4.0611 3.8462 21.7723 4.7051 4.2457 21.9482 4.9468
3 16 4.942 21.5604 2.2073 3.5837 21.5127 4.5423 4.8907 21.8542 3.0607
3 16 4.8907 21.8542 3.0607 3.5837 21.5127 4.5423 3.8462 21.7723 4.7051
3 16 4.8907 21.8542 3.0607 4.9611 24.3423 2.1827 4.942 21.5604 2.2073
3 16 4.942 21.5604 2.2073 4.9611 24.3423 2.1827 4.6818 24.7221 0.9022
3 16 4.9209 21.0003 1.8596 3.4284 21 4.475 4.942 21.5604 2.2073
3 16 4.942 21.5604 2.2073 3.4284 21 4.475 3.5837 21.5127 4.5423
3 16 4.9209 21.0003 1.8596 4.942 21.5604 2.2073 4.6818 24.7221 0.9022
3 16 2.0297 5.03 3.5 1.7578 5.0369 4.5167 3.3682 4.9961 4.4403
3 16 3.3682 4.9961 4.4403 1.7578 5.0369 4.5167 1.0144 5.0558 5.2619
3 16 3.3682 4.9961 4.4403 1.9228 5.0328 6.9353 3.4284 21 4.475
3 16 3.4284 21 4.475 1.9228 5.0328 6.9353 1.9097 21.0003 7.0752
3 16 3.3682 4.9961 4.4403 1.0144 5.0558 5.2619 1.9228 5.0328 6.9353
3 16 1.9228 5.0328 6.9353 1.0144 5.0558 5.2619 0.957 5.0573 7.2022
3 16 3.8462 21.7723 4.7051 3.5837 21.5127 4.5423 2.9348 21.8542 6.4485
3 16 2.9348 21.8542 6.4485 3.5837 21.5127 4.5423 2.2214 21.5604 6.9196
3 16 3.5837 21.5127 4.5423 3.4284 21 4.475 2.2214 21.5604 6.9196
3 16 2.2214 21.5604 6.9196 3.4284 21 4.475 1.9097 21.0003 7.0752
3 16 3.574 0.5522 1.3864 3.7408 -4.4218 2.0093 2.812 0.5522 2.7477
3 16 2.812 0.5522 2.7477 3.7408 -4.4218 2.0093 2.937 -4.4218 2.8613
3 16 2.812 0.5522 2.7477 2.937 -4.4218 2.8613 1.8169 0.5522 3.5011
3 16 1.8169 0.5522 3.5011 2.937 -4.4218 2.8613 1.9877 -4.4218 3.7408
3 16 1.8169 0.5522 3.5011 1.9877 -4.4218 3.7408 0 0.5522 3.9624
3 16 0 0.5522 3.9624 1.9877 -4.4218 3.7408 0 -4.4218 4.3579
3 16 0 -4.4218 -4.358 1.9877 -4.4218 -3.7408 0 0.5522 -3.9625
3 16 0 0.5522 -3.9625 1.9877 -4.4218 -3.7408 1.8163 0.5522 -3.5016
3 16 1.8163 0.5522 -3.5016 1.9877 -4.4218 -3.7408 2.8112 0.5522 -2.7486
3 16 2.8112 0.5522 -2.7486 1.9877 -4.4218 -3.7408 2.937 -4.4218 -2.8613
3 16 2.937 -4.4218 -2.8613 3.7408 -4.4218 -2.0093 2.8112 0.5522 -2.7486
3 16 2.8112 0.5522 -2.7486 3.7408 -4.4218 -2.0093 3.5741 0.5522 -1.3865
3 16 3.7408 -4.4218 -2.0093 4.2607 -4.4219 0 3.5741 0.5522 -1.3865
3 16 3.5741 0.5522 -1.3865 4.2607 -4.4219 0 3.9305 0.5522 0
3 16 3.9305 0.5522 0 4.2607 -4.4219 0 3.574 0.5522 1.3864
3 16 3.574 0.5522 1.3864 4.2607 -4.4219 0 3.7408 -4.4218 2.0093
3 16 7.8959 0.9612 7.6437 8.9041 2.5849 8.7822 5.6955 0.9612 9.5591
3 16 5.6955 0.9612 9.5591 8.9041 2.5849 8.7822 6.2657 2.5849 10.7747
3 16 2.8962 0.9612 10.6737 3.152 2.5849 12.0581 0 0.9612 11.23
3 16 0 0.9612 11.23 3.152 2.5849 12.0581 0 2.5849 12.5178
3 16 3.1806 2.5849 -12.1021 6.3628 2.5849 -10.8066 2.9273 0.9612 -10.7308
3 16 2.9273 0.9612 -10.7308 6.3628 2.5849 -10.8066 5.723 0.9612 -9.5049
3 16 8.9729 2.5849 -8.7321 10.9191 2.5849 -6.1198 7.9075 0.9612 -7.6724
3 16 7.9075 0.9612 -7.6724 10.9191 2.5849 -6.1198 9.6518 0.9612 -5.3512
3 16 12.0882 2.5849 -3.1208 12.4861 2.5842 0 10.6757 0.9612 -2.716
3 16 10.6757 0.9612 -2.716 12.4861 2.5842 0 11.0732 0.9605 0
3 16 12.0941 2.5849 3.1951 10.8648 2.5849 6.1292 10.6395 0.9612 2.8795
3 16 10.6395 0.9612 2.8795 10.8648 2.5849 6.1292 9.5971 0.9612 5.4375
3 16 9.2191 4.9517 9.0384 6.5289 4.9517 11.1133 8.9041 2.5849 8.7822
3 16 8.9041 2.5849 8.7822 6.5289 4.9517 11.1133 6.2657 2.5849 10.7747
3 16 3.3797 4.9517 12.4312 0 4.9517 12.8804 3.152 2.5849 12.0581
3 16 3.152 2.5849 12.0581 0 4.9517 12.8804 0 2.5849 12.5178
3 16 3.1806 2.5849 -12.1021 3.399 4.9517 -12.4513 6.3628 2.5849 -10.8066
3 16 6.3628 2.5849 -10.8066 3.399 4.9517 -12.4513 6.5891 4.9517 -11.135
3 16 8.9729 2.5849 -8.7321 9.2853 4.9517 -9.0128 10.9191 2.5849 -6.1198
3 16 10.9191 2.5849 -6.1198 9.2853 4.9517 -9.0128 11.2885 4.9517 -6.325
3 16 12.0882 2.5849 -3.1208 12.4851 4.9517 -3.2076 12.4861 2.5842 0
3 16 12.4861 2.5842 0 12.4851 4.9517 -3.2076 12.9146 4.9517 0
3 16 12.0941 2.5849 3.1951 12.4894 4.9517 3.3096 10.8648 2.5849 6.1292
3 16 10.8648 2.5849 6.1292 12.4894 4.9517 3.3096 11.2516 4.9517 6.3671
3 16 6.5658 -0.005 6.1789 4.6503 -0.005 7.6576 4.4155 -0.005 4.4155
3 16 4.4155 -0.005 4.4155 4.6503 -0.005 7.6576 2.3897 -0.005 5.7692
3 16 2.3897 -0.005 5.7692 2.4423 -0.005 8.5814 0 -0.005 6.2445
3 16 0 -0.005 6.2445 2.4423 -0.005 8.5814 0 -0.005 8.9756
3 16 2.3897 -0.005 -5.7692 2.5026 -0.005 -8.756 4.7562 -0.005 -7.7834
3 16 6.6644 -0.005 -6.2824 8.1294 -0.005 -4.3075 4.4155 -0.005 -4.4155
3 16 4.4155 -0.005 -4.4155 8.1294 -0.005 -4.3075 5.7692 -0.005 -2.3897
3 16 5.7692 -0.005 -2.3897 9.0163 -0.005 -2.1989 6.2445 -0.005 0
3 16 6.2445 -0.005 0 9.0163 -0.005 -2.1989 9.3673 -0.005 0
3 16 5.7692 -0.005 2.3897 8.9567 -0.005 2.4039 8.0675 -0.005 4.451
3 16 8.6949 12.5173 8.9013 8.3705 15.3305 8.8334 6.0855 12.3664 10.6776
3 16 6.0855 12.3664 10.6776 8.3705 15.3305 8.8334 5.8201 15.1065 10.4985
3 16 3.1099 12.264 11.6566 2.9568 14.9401 11.3961 0 12.2254 11.9767
3 16 0 12.2254 11.9767 2.9568 14.9401 11.3961 0 14.8815 11.7008
3 16 10.6946 13.5793 -6.1521 8.742 13.8114 -8.6083 10.6337 16.0922 -5.8804
3 16 10.6337 16.0922 -5.8804 8.742 13.8114 -8.6083 8.708 16.3612 -8.4534
3 16 12.0605 13.3281 -2.9493 11.8107 16.3672 -2.6545 12.4227 13.1452 0.2385
3 16 12.4227 13.1452 0.2385 11.8107 16.3672 -2.6545 12.077 16.1327 0.5252
3 16 10.6639 12.6971 6.3956 11.9146 12.9082 3.4263 10.3013 15.5718 6.4136
3 16 10.3013 15.5718 6.4136 11.9146 12.9082 3.4263 11.5094 15.8444 3.5572
3 16 8.0827 17.8258 8.7731 6.7857 20.8759 7.9453 5.5847 17.537 10.3396
3 16 5.5847 17.537 10.3396 6.7857 20.8759 7.9453 4.7138 20.5744 9.3595
3 16 0 17.2374 11.4561 2.8209 17.3137 11.165 0 20.2608 10.4691
3 16 0 20.2608 10.4691 2.8209 17.3137 11.165 2.4018 20.3555 10.16
3 16 6.3142 21.3144 -9.9712 4.173 21.6005 -10.995 6.0871 23.3365 -9.2285
3 16 6.0871 23.3365 -9.2285 4.173 21.6005 -10.995 4.1603 23.6848 -10.266
3 16 8.5757 21.0026 -7.8908 7.9053 22.7046 -6.9582 10.2566 20.5094 -5.0985
3 16 10.2566 20.5094 -5.0985 7.9053 22.7046 -6.9582 9.3681 22.0206 -4.3169
3 16 11.5891 19.0629 -2.3929 9.6583 22.1827 -1.4567 11.7705 18.7827 0.7794
3 16 11.7705 18.7827 0.7794 9.6583 22.1827 -1.4567 9.76 21.6849 1.1113
3 16 11.15 18.4488 3.6733 9.3493 21.3496 3.5405 9.9796 18.1217 6.4295
3 16 9.9796 18.1217 6.4295 9.3493 21.3496 3.5405 8.36 21.1113 5.9163
3 16 2.5897 23.4314 6.7009 3.6079 22.4075 8.0002 3.5263 23.5444 6.0031
3 16 3.5263 23.5444 6.0031 3.6079 22.4075 8.0002 5.1268 22.6477 6.8702
3 16 1.3954 23.2693 7.2597 0 23.2237 7.4678 1.8635 22.2721 8.6747
3 16 1.8635 22.2721 8.6747 0 23.2237 7.4678 0 22.1863 8.9205
3 16 2.3747 25.9133 -1.867 3.6279 26.2135 -4.4142 1.2804 26.1664 -2.3007
3 16 1.2804 26.1664 -2.3007 3.6279 26.2135 -4.4142 2.3354 26.6425 -5.0913
3 16 4.2821 25.0333 -0.0018 5.82 24.7443 -1.5167 3.4376 25.4979 -1.0755
3 16 3.4376 25.4979 -1.0755 5.82 24.7443 -1.5167 4.9455 25.4351 -2.965
3 16 4.9611 24.3423 2.1827 7.261 23.4288 1.5654 4.6818 24.7221 0.9022
3 16 4.6818 24.7221 0.9022 7.261 23.4288 1.5654 7.053 23.9362 -0.3536
3 16 4.2172 23.7287 5.1209 6.2455 22.8481 5.3326 4.7705 23.9644 3.8934
3 16 4.7705 23.9644 3.8934 6.2455 22.8481 5.3326 7.0072 23.0857 3.5256
3 16 6.1149 25.0187 -4.4964 4.9455 25.4351 -2.965 7.0919 24.2421 -2.5478
3 16 7.0919 24.2421 -2.5478 4.9455 25.4351 -2.965 5.82 24.7443 -1.5167
3 16 3.1631 26.413 -7.2867 2.3354 26.6425 -5.0913 4.6505 25.8957 -6.4763
3 16 4.6505 25.8957 -6.4763 2.3354 26.6425 -5.0913 3.6279 26.2135 -4.4142
3 16 8.6779 18.623 -8.316 8.5757 21.0026 -7.8908 10.5797 18.3212 -5.6394
3 16 10.5797 18.3212 -5.6394 8.5757 21.0026 -7.8908 10.2566 20.5094 -5.0985
3 16 8.6949 12.5173 8.9013 6.0855 12.3664 10.6776 9.0324 8.8174 9.0582
3 16 9.0324 8.8174 9.0582 6.0855 12.3664 10.6776 6.3579 8.7511 11.0258
3 16 3.1099 12.264 11.6566 0 12.2254 11.9767 3.2641 8.7002 12.1391
3 16 3.2641 8.7002 12.1391 0 12.2254 11.9767 0 8.6769 12.5074
3 16 8.742 13.8114 -8.6083 10.6946 13.5793 -6.1521 9.0873 9.4743 -8.9142
3 16 9.0873 9.4743 -8.9142 10.6946 13.5793 -6.1521 11.0701 9.3722 -6.3296
3 16 12.0605 13.3281 -2.9493 12.4227 13.1452 0.2385 12.3291 9.2516 -3.1738
3 16 12.3291 9.2516 -3.1738 12.4227 13.1452 0.2385 12.7496 9.1079 0.1139
3 16 11.9146 12.9082 3.4263 10.6639 12.6971 6.3956 12.2814 9.001 3.3629
3 16 12.2814 9.001 3.3629 10.6639 12.6971 6.3956 11.0449 8.9015 6.4187
3 16 9.2191 4.9517 9.0384 9.0324 8.8174 9.0582 6.5289 4.9517 11.1133
3 16 6.5289 4.9517 11.1133 9.0324 8.8174 9.0582 6.3579 8.7511 11.0258
3 16 3.3797 4.9517 12.4312 3.2641 8.7002 12.1391 0 4.9517 12.8804
3 16 0 4.9517 12.8804 3.2641 8.7002 12.1391 0 8.6769 12.5074
3 16 3.399 4.9517 -12.4513 3.1816 10.241 -11.8298 6.5891 4.9517 -11.135
3 16 6.5891 4.9517 -11.135 3.1816 10.241 -11.8298 5.9859 11.0977 -10.7594
3 16 9.0873 9.4743 -8.9142 11.0701 9.3722 -6.3296 9.2853 4.9517 -9.0128
3 16 9.2853 4.9517 -9.0128 11.0701 9.3722 -6.3296 11.2885 4.9517 -6.325
3 16 12.3291 9.2516 -3.1738 12.7496 9.1079 0.1139 12.4851 4.9517 -3.2076
3 16 12.4851 4.9517 -3.2076 12.7496 9.1079 0.1139 12.9146 4.9517 0
3 16 12.4894 4.9517 3.3096 12.2814 9.001 3.3629 11.2516 4.9517 6.3671
3 16 11.2516 4.9517 6.3671 12.2814 9.001 3.3629 11.0449 8.9015 6.4187
3 16 1.8945 12.1688 -11.7697 0.6799 13.3135 -11.7662 3.2944 13.5243 -11.4201
3 16 3.2944 13.5243 -11.4201 0.6799 13.3135 -11.7662 1.5341 15.111 -11.7577
3 16 0 -0.005 -9.1294 2.5026 -0.005 -8.756 0 -0.005 -6.2445
3 16 0 -0.005 -6.2445 2.5026 -0.005 -8.756 2.3897 -0.005 -5.7692
3 16 0 2.5849 -12.523 3.1806 2.5849 -12.1021 0 0.9612 -11.2768
3 16 0 0.9612 -11.2768 3.1806 2.5849 -12.1021 2.9273 0.9612 -10.7308
3 16 3.399 4.9517 -12.4513 3.1806 2.5849 -12.1021 0 4.9517 -12.9559
3 16 0 4.9517 -12.9559 3.1806 2.5849 -12.1021 0 2.5849 -12.523
3 16 3.1816 10.241 -11.8298 3.399 4.9517 -12.4513 -0.0237 10.0396 -12.2117
3 16 -0.0237 10.0396 -12.2117 3.399 4.9517 -12.4513 0 4.9517 -12.9559
3 16 0 11.8884 -11.9546 1.8945 12.1688 -11.7697 -0.0237 10.0396 -12.2117
3 16 -0.0237 10.0396 -12.2117 1.8945 12.1688 -11.7697 3.1816 10.241 -11.8298
3 16 2.0979 21.8451 -11.4682 0 21.9722 -11.6556 2.1003 23.9978 -10.8928
3 16 2.1003 23.9978 -10.8928 0 21.9722 -11.6556 0 24.1413 -11.1255
3 16 1.6962 26.741 -7.7224 0 26.8964 -7.8808 1.2618 26.8809 -5.5217
3 16 1.2618 26.8809 -5.5217 0 26.8964 -7.8808 0 26.9833 -5.6159
3 16 0 26.2721 -2.4679 1.2804 26.1664 -2.3007 1.2618 26.8809 -5.5217
3 16 1.2618 26.8809 -5.5217 1.2804 26.1664 -2.3007 2.3354 26.6425 -5.0913
3 16 6.6644 -0.005 -6.2824 4.4155 -0.005 -4.4155 4.7562 -0.005 -7.7834
3 16 4.7562 -0.005 -7.7834 4.4155 -0.005 -4.4155 2.3897 -0.005 -5.7692
3 16 6.3628 2.5849 -10.8066 8.9729 2.5849 -8.7321 5.723 0.9612 -9.5049
3 16 5.723 0.9612 -9.5049 8.9729 2.5849 -8.7321 7.9075 0.9612 -7.6724
3 16 9.2853 4.9517 -9.0128 8.9729 2.5849 -8.7321 6.5891 4.9517 -11.135
3 16 6.5891 4.9517 -11.135 8.9729 2.5849 -8.7321 6.3628 2.5849 -10.8066
3 16 5.9859 11.0977 -10.7594 9.0873 9.4743 -8.9142 6.5891 4.9517 -11.135
3 16 6.5891 4.9517 -11.135 9.0873 9.4743 -8.9142 9.2853 4.9517 -9.0128
3 16 6.246 14.0574 -10.3769 8.742 13.8114 -8.6083 5.9859 11.0977 -10.7594
3 16 5.9859 11.0977 -10.7594 8.742 13.8114 -8.6083 9.0873 9.4743 -8.9142
3 16 8.742 13.8114 -8.6083 6.246 14.0574 -10.3769 8.708 16.3612 -8.4534
3 16 8.708 16.3612 -8.4534 6.246 14.0574 -10.3769 6.3258 16.6974 -10.3089
3 16 8.6779 18.623 -8.316 6.3965 19.0392 -10.2486 8.5757 21.0026 -7.8908
3 16 8.5757 21.0026 -7.8908 6.3965 19.0392 -10.2486 6.3142 21.3144 -9.9712
3 16 7.9053 22.7046 -6.9582 8.5757 21.0026 -7.8908 6.0871 23.3365 -9.2285
3 16 6.0871 23.3365 -9.2285 8.5757 21.0026 -7.8908 6.3142 21.3144 -9.9712
3 16 4.9455 25.4351 -2.965 6.1149 25.0187 -4.4964 3.6279 26.2135 -4.4142
3 16 3.6279 26.2135 -4.4142 6.1149 25.0187 -4.4964 4.6505 25.8957 -6.4763
3 16 3.4376 25.4979 -1.0755 4.9455 25.4351 -2.965 2.3747 25.9133 -1.867
3 16 2.3747 25.9133 -1.867 4.9455 25.4351 -2.965 3.6279 26.2135 -4.4142
3 16 8.1294 -0.005 -4.3075 9.0163 -0.005 -2.1989 5.7692 -0.005 -2.3897
3 16 10.9191 2.5849 -6.1198 12.0882 2.5849 -3.1208 9.6518 0.9612 -5.3512
3 16 9.6518 0.9612 -5.3512 12.0882 2.5849 -3.1208 10.6757 0.9612 -2.716
3 16 12.4851 4.9517 -3.2076 12.0882 2.5849 -3.1208 11.2885 4.9517 -6.325
3 16 11.2885 4.9517 -6.325 12.0882 2.5849 -3.1208 10.9191 2.5849 -6.1198
3 16 11.0701 9.3722 -6.3296 12.3291 9.2516 -3.1738 11.2885 4.9517 -6.325
3 16 11.2885 4.9517 -6.325 12.3291 9.2516 -3.1738 12.4851 4.9517 -3.2076
3 16 10.6946 13.5793 -6.1521 12.0605 13.3281 -2.9493 11.0701 9.3722 -6.3296
3 16 11.0701 9.3722 -6.3296 12.0605 13.3281 -2.9493 12.3291 9.2516 -3.1738
3 16 11.8107 16.3672 -2.6545 12.0605 13.3281 -2.9493 10.6337 16.0922 -5.8804
3 16 10.6337 16.0922 -5.8804 12.0605 13.3281 -2.9493 10.6946 13.5793 -6.1521
3 16 11.5891 19.0629 -2.3929 10.5797 18.3212 -5.6394 10.2566 20.5094 -5.0985
3 16 11.5891 19.0629 -2.3929 10.2566 20.5094 -5.0985 9.6583 22.1827 -1.4567
3 16 9.6583 22.1827 -1.4567 10.2566 20.5094 -5.0985 9.3681 22.0206 -4.3169
3 16 7.053 23.9362 -0.3536 7.0919 24.2421 -2.5478 5.82 24.7443 -1.5167
3 16 4.2821 25.0333 -0.0018 4.6818 24.7221 0.9022 5.82 24.7443 -1.5167
3 16 5.82 24.7443 -1.5167 4.6818 24.7221 0.9022 7.053 23.9362 -0.3536
3 16 9.3673 -0.005 0 8.9567 -0.005 2.4039 6.2445 -0.005 0
3 16 6.2445 -0.005 0 8.9567 -0.005 2.4039 5.7692 -0.005 2.3897
3 16 12.4861 2.5842 0 12.0941 2.5849 3.1951 11.0732 0.9605 0
3 16 11.0732 0.9605 0 12.0941 2.5849 3.1951 10.6395 0.9612 2.8795
3 16 12.4894 4.9517 3.3096 12.0941 2.5849 3.1951 12.9146 4.9517 0
3 16 12.9146 4.9517 0 12.0941 2.5849 3.1951 12.4861 2.5842 0
3 16 12.2814 9.001 3.3629 12.4894 4.9517 3.3096 12.7496 9.1079 0.1139
3 16 12.7496 9.1079 0.1139 12.4894 4.9517 3.3096 12.9146 4.9517 0
3 16 12.4227 13.1452 0.2385 11.9146 12.9082 3.4263 12.7496 9.1079 0.1139
3 16 12.7496 9.1079 0.1139 11.9146 12.9082 3.4263 12.2814 9.001 3.3629
3 16 11.5094 15.8444 3.5572 11.9146 12.9082 3.4263 12.077 16.1327 0.5252
3 16 12.077 16.1327 0.5252 11.9146 12.9082 3.4263 12.4227 13.1452 0.2385
3 16 9.3493 21.3496 3.5405 11.15 18.4488 3.6733 9.76 21.6849 1.1113
3 16 9.76 21.6849 1.1113 11.15 18.4488 3.6733 11.7705 18.7827 0.7794
3 16 4.7705 23.9644 3.8934 7.0072 23.0857 3.5256 4.9611 24.3423 2.1827
3 16 4.9611 24.3423 2.1827 7.0072 23.0857 3.5256 7.261 23.4288 1.5654
3 16 6.5658 -0.005 6.1789 4.4155 -0.005 4.4155 8.0675 -0.005 4.451
3 16 8.0675 -0.005 4.451 4.4155 -0.005 4.4155 5.7692 -0.005 2.3897
3 16 8.9041 2.5849 8.7822 7.8959 0.9612 7.6437 10.8648 2.5849 6.1292
3 16 10.8648 2.5849 6.1292 7.8959 0.9612 7.6437 9.5971 0.9612 5.4375
3 16 11.2516 4.9517 6.3671 9.2191 4.9517 9.0384 10.8648 2.5849 6.1292
3 16 10.8648 2.5849 6.1292 9.2191 4.9517 9.0384 8.9041 2.5849 8.7822
3 16 9.0324 8.8174 9.0582 9.2191 4.9517 9.0384 11.0449 8.9015 6.4187
3 16 11.0449 8.9015 6.4187 9.2191 4.9517 9.0384 11.2516 4.9517 6.3671
3 16 10.6639 12.6971 6.3956 8.6949 12.5173 8.9013 11.0449 8.9015 6.4187
3 16 11.0449 8.9015 6.4187 8.6949 12.5173 8.9013 9.0324 8.8174 9.0582
3 16 8.3705 15.3305 8.8334 8.6949 12.5173 8.9013 10.3013 15.5718 6.4136
3 16 10.3013 15.5718 6.4136 8.6949 12.5173 8.9013 10.6639 12.6971 6.3956
3 16 6.7857 20.8759 7.9453 8.0827 17.8258 8.7731 8.36 21.1113 5.9163
3 16 8.36 21.1113 5.9163 8.0827 17.8258 8.7731 9.9796 18.1217 6.4295
3 16 3.5263 23.5444 6.0031 5.1268 22.6477 6.8702 4.2172 23.7287 5.1209
3 16 4.2172 23.7287 5.1209 5.1268 22.6477 6.8702 6.2455 22.8481 5.3326
3 16 4.6503 -0.005 7.6576 2.4423 -0.005 8.5814 2.3897 -0.005 5.7692
3 16 3.152 2.5849 12.0581 2.8962 0.9612 10.6737 6.2657 2.5849 10.7747
3 16 6.2657 2.5849 10.7747 2.8962 0.9612 10.6737 5.6955 0.9612 9.5591
3 16 6.5289 4.9517 11.1133 3.3797 4.9517 12.4312 6.2657 2.5849 10.7747
3 16 6.2657 2.5849 10.7747 3.3797 4.9517 12.4312 3.152 2.5849 12.0581
3 16 3.2641 8.7002 12.1391 3.3797 4.9517 12.4312 6.3579 8.7511 11.0258
3 16 6.3579 8.7511 11.0258 3.3797 4.9517 12.4312 6.5289 4.9517 11.1133
3 16 6.0855 12.3664 10.6776 3.1099 12.264 11.6566 6.3579 8.7511 11.0258
3 16 6.3579 8.7511 11.0258 3.1099 12.264 11.6566 3.2641 8.7002 12.1391
3 16 2.9568 14.9401 11.3961 3.1099 12.264 11.6566 5.8201 15.1065 10.4985
3 16 5.8201 15.1065 10.4985 3.1099 12.264 11.6566 6.0855 12.3664 10.6776
3 16 2.4018 20.3555 10.16 2.8209 17.3137 11.165 4.7138 20.5744 9.3595
3 16 4.7138 20.5744 9.3595 2.8209 17.3137 11.165 5.5847 17.537 10.3396
3 16 1.3954 23.2693 7.2597 1.8635 22.2721 8.6747 2.5897 23.4314 6.7009
3 16 2.5897 23.4314 6.7009 1.8635 22.2721 8.6747 3.6079 22.4075 8.0002
3 16 2.4423 -0.005 8.5814 2.8962 0.9612 10.6737 0 -0.005 8.9756
3 16 0 -0.005 8.9756 2.8962 0.9612 10.6737 0 0.9612 11.23
3 16 2.8962 0.9612 10.6737 2.4423 -0.005 8.5814 5.6955 0.9612 9.5591
3 16 5.6955 0.9612 9.5591 2.4423 -0.005 8.5814 4.6503 -0.005 7.6576
3 16 6.5658 -0.005 6.1789 7.8959 0.9612 7.6437 4.6503 -0.005 7.6576
3 16 4.6503 -0.005 7.6576 7.8959 0.9612 7.6437 5.6955 0.9612 9.5591
3 16 7.8959 0.9612 7.6437 6.5658 -0.005 6.1789 9.5971 0.9612 5.4375
3 16 9.5971 0.9612 5.4375 6.5658 -0.005 6.1789 8.0675 -0.005 4.451
3 16 8.9567 -0.005 2.4039 10.6395 0.9612 2.8795 8.0675 -0.005 4.451
3 16 8.0675 -0.005 4.451 10.6395 0.9612 2.8795 9.5971 0.9612 5.4375
3 16 11.0732 0.9605 0 10.6395 0.9612 2.8795 9.3673 -0.005 0
3 16 9.3673 -0.005 0 10.6395 0.9612 2.8795 8.9567 -0.005 2.4039
3 16 10.6757 0.9612 -2.716 11.0732 0.9605 0 9.0163 -0.005 -2.1989
3 16 9.0163 -0.005 -2.1989 11.0732 0.9605 0 9.3673 -0.005 0
3 16 9.6518 0.9612 -5.3512 10.6757 0.9612 -2.716 8.1294 -0.005 -4.3075
3 16 8.1294 -0.005 -4.3075 10.6757 0.9612 -2.716 9.0163 -0.005 -2.1989
3 16 7.9075 0.9612 -7.6724 9.6518 0.9612 -5.3512 6.6644 -0.005 -6.2824
3 16 6.6644 -0.005 -6.2824 9.6518 0.9612 -5.3512 8.1294 -0.005 -4.3075
3 16 5.723 0.9612 -9.5049 7.9075 0.9612 -7.6724 4.7562 -0.005 -7.7834
3 16 4.7562 -0.005 -7.7834 7.9075 0.9612 -7.6724 6.6644 -0.005 -6.2824
3 16 2.9273 0.9612 -10.7308 5.723 0.9612 -9.5049 2.5026 -0.005 -8.756
3 16 2.5026 -0.005 -8.756 5.723 0.9612 -9.5049 4.7562 -0.005 -7.7834
3 16 0 0.9612 -11.2768 2.9273 0.9612 -10.7308 0 -0.005 -9.1294
3 16 0 -0.005 -9.1294 2.9273 0.9612 -10.7308 2.5026 -0.005 -8.756
3 16 1.2804 26.1664 -2.3007 0 26.2721 -2.4679 0.9671 23.6818 -2.2973
3 16 0.9671 23.6818 -2.2973 0 26.2721 -2.4679 0 23.6982 -2.3937
3 16 2.3747 25.9133 -1.867 1.2804 26.1664 -2.3007 1.9559 23.6042 -2.0092
3 16 1.9559 23.6042 -2.0092 1.2804 26.1664 -2.3007 0.9671 23.6818 -2.2973
3 16 2.5897 23.4314 6.7009 3.5263 23.5444 6.0031 2.9348 21.8542 6.4485
3 16 2.9348 21.8542 6.4485 3.5263 23.5444 6.0031 3.6787 21.9318 5.7362
3 16 3.5263 23.5444 6.0031 4.2172 23.7287 5.1209 3.6787 21.9318 5.7362
3 16 3.6787 21.9318 5.7362 4.2172 23.7287 5.1209 4.2457 21.9482 4.9468
3 16 1.3954 23.2693 7.2597 0.9511 21.0239 7.3605 0 23.2237 7.4678
3 16 0 23.2237 7.4678 0.9511 21.0239 7.3605 0 21.0289 7.4677
3 16 1.3954 23.2693 7.2597 2.5897 23.4314 6.7009 2.2214 21.5604 6.9196
3 16 2.2214 21.5604 6.9196 2.5897 23.4314 6.7009 2.9348 21.8542 6.4485
3 16 2.7206 23.3104 -1.6269 3.4376 25.4979 -1.0755 1.9559 23.6042 -2.0092
3 16 1.9559 23.6042 -2.0092 3.4376 25.4979 -1.0755 2.3747 25.9133 -1.867
3 16 1.9097 21.0003 7.0752 0.9511 21.0239 7.3605 2.2214 21.5604 6.9196
3 16 2.2214 21.5604 6.9196 0.9511 21.0239 7.3605 1.3954 23.2693 7.2597
3 16 3.0112 22.7503 -1.4348 3.4376 25.4979 -1.0755 2.7206 23.3104 -1.6269
3 16 0 23.6982 -2.3937 0 23.5214 -1.9354 0.9671 23.6818 -2.2973
3 16 0.9671 23.6818 -2.2973 0 23.5214 -1.9354 1.9559 23.6042 -2.0092
3 16 2.9348 21.8542 6.4485 3.6787 21.9318 5.7362 3.8462 21.7723 4.7051
3 16 3.8462 21.7723 4.7051 3.6787 21.9318 5.7362 4.2457 21.9482 4.9468
3 16 1.9228 5.0328 6.9353 0.957 5.0573 7.2022 1.9097 21.0003 7.0752
3 16 1.9097 21.0003 7.0752 0.957 5.0573 7.2022 0.9511 21.0239 7.3605
3 16 0.957 5.0573 7.2022 0 5.0819 7.3184 0.9511 21.0239 7.3605
3 16 0.9511 21.0239 7.3605 0 5.0819 7.3184 0 21.0289 7.4677
3 16 3.1752 5.0009 -0.5773 3.6169 4.9897 -0.6662 2.8581 5.009 -0.9139
3 16 2.8581 5.009 -0.9139 3.6169 4.9897 -0.6662 2.8841 5.0083 -1.3755
3 16 4.176 4.9756 0.1078 3.6169 4.9897 -0.6662 3.3515 4.9965 -0.0001
3 16 3.3515 4.9965 -0.0001 3.6169 4.9897 -0.6662 3.1752 5.0009 -0.5773
3 16 0 5.0815 1.4641 1.0143 5.0557 1.7382 0 5.0813 0
3 16 1.0144 5.0558 5.2619 0 5.0818 5.536 0.957 5.0573 7.2022
3 16 0.957 5.0573 7.2022 0 5.0818 5.536 0 5.0819 7.3184
3 16 2.4935 5.0182 -1.1215 2.8581 5.009 -0.9139 2.8841 5.0083 -1.3755
3 16 2.0073 5.0306 0.6795 2.1972 5.0257 0 0 5.0813 0
3 16 0 5.0813 0 2.1972 5.0257 0 2.0074 5.0305 -0.6796
3 16 2.1694 5.0265 1.0321 2.0073 5.0306 0.6795 1.0143 5.0557 1.7382
3 16 1.0143 5.0557 1.7382 2.0073 5.0306 0.6795 0 5.0813 0
3 16 2.4934 5.0182 1.1214 3.3682 4.9961 4.4403 2.858 5.009 0.9138
3 16 2.858 5.009 0.9138 3.3682 4.9961 4.4403 4.8049 4.9597 1.9402
3 16 3.175 5.001 0.5772 2.858 5.009 0.9138 4.583 4.9653 1.0127
3 16 4.583 4.9653 1.0127 2.858 5.009 0.9138 4.8049 4.9597 1.9402
3 16 3.3515 4.9965 -0.0001 3.175 5.001 0.5772 4.176 4.9756 0.1078
3 16 4.176 4.9756 0.1078 3.175 5.001 0.5772 4.583 4.9653 1.0127
3 16 1.7577 5.0369 2.4833 2.0297 5.03 3.5 2.4934 5.0182 1.1214
3 16 2.4934 5.0182 1.1214 2.0297 5.03 3.5 3.3682 4.9961 4.4403
3 16 3.3013 0.5611 -0.6452 2.9408 0.5589 -1.0247 3.5741 0.5522 -1.3865
3 16 3.5741 0.5522 -1.3865 2.9408 0.5589 -1.0247 2.8112 0.5522 -2.7486
3 16 2.9408 0.5589 -1.0247 2.5021 0.5453 -1.2638 2.8112 0.5522 -2.7486
3 16 2.8112 0.5522 -2.7486 2.5021 0.5453 -1.2638 1.8163 0.5522 -3.5016
3 16 2.0771 0.5432 1.1397 0 0.5522 3.9624 1.8703 0.5492 0.6999
3 16 1.8703 0.5492 0.6999 0 0.5522 3.9624 0 0.5522 0
3 16 3.4376 25.4979 -1.0755 3.6169 4.9897 -0.6662 4.2821 25.0333 -0.0018
3 16 4.2821 25.0333 -0.0018 3.6169 4.9897 -0.6662 4.176 4.9756 0.1078
3 16 4.583 4.9653 1.0127 4.6818 24.7221 0.9022 4.176 4.9756 0.1078
3 16 4.176 4.9756 0.1078 4.6818 24.7221 0.9022 4.2821 25.0333 -0.0018
3 16 4.8049 4.9597 1.9402 4.9209 21.0003 1.8596 4.583 4.9653 1.0127
3 16 4.583 4.9653 1.0127 4.9209 21.0003 1.8596 4.6818 24.7221 0.9022
3 16 5.9859 11.0977 -10.7594 3.1816 10.241 -11.8298 3.2944 13.5243 -11.4201
3 16 3.2944 13.5243 -11.4201 3.1816 10.241 -11.8298 1.8945 12.1688 -11.7697
3 16 2.0979 21.8451 -11.4682 1.6602 19.6409 -11.8878 0 21.9722 -11.6556
3 16 0 21.9722 -11.6556 1.6602 19.6409 -11.8878 0 19.8046 -12.0033
3 16 6.3142 21.3144 -9.9712 6.3965 19.0392 -10.2486 4.173 21.6005 -10.995
3 16 4.173 21.6005 -10.995 6.3965 19.0392 -10.2486 3.5148 19.3283 -11.4848
3 16 2.2554 17.7544 -11.8781 2.2554 18.6843 -12.053 3.5148 19.3283 -11.4848
3 16 3.5148 19.3283 -11.4848 2.2554 18.6843 -12.053 1.6602 19.6409 -11.8878
3 16 1.9794 16.3861 -11.789 3.4682 15.5148 -11.3717 1.5341 15.111 -11.7577
3 16 1.5341 15.111 -11.7577 3.4682 15.5148 -11.3717 3.2944 13.5243 -11.4201
3 16 3.4682 15.5148 -11.3717 6.246 14.0574 -10.3769 3.2944 13.5243 -11.4201
3 16 3.2944 13.5243 -11.4201 6.246 14.0574 -10.3769 5.9859 11.0977 -10.7594
3 16 6.3258 16.6974 -10.3089 3.5905 17.5301 -11.4696 6.3965 19.0392 -10.2486
3 16 6.3965 19.0392 -10.2486 3.5905 17.5301 -11.4696 3.5148 19.3283 -11.4848
3 16 2.3354 26.6425 -5.0913 3.1631 26.413 -7.2867 1.2618 26.8809 -5.5217
3 16 1.2618 26.8809 -5.5217 3.1631 26.413 -7.2867 1.6962 26.741 -7.7224
3 16 4.173 21.6005 -10.995 2.0979 21.8451 -11.4682 4.1603 23.6848 -10.266
3 16 4.1603 23.6848 -10.266 2.0979 21.8451 -11.4682 2.1003 23.9978 -10.8928
3 16 1.6602 19.6409 -11.8878 2.0979 21.8451 -11.4682 3.5148 19.3283 -11.4848
3 16 3.5148 19.3283 -11.4848 2.0979 21.8451 -11.4682 4.173 21.6005 -10.995
3 16 0 19.8046 -12.0033 1.6602 19.6409 -11.8878 0 18.765 -12.0792
3 16 0 18.765 -12.0792 1.6602 19.6409 -11.8878 2.2554 18.6843 -12.053
3 16 0.6187 15.2576 -12.5995 0.6268 14.4915 -12.2464 0 15.1137 -12.6408
3 16 0 15.1137 -12.6408 0.6268 14.4915 -12.2464 0 14.3197 -12.2787
3 16 0.7476 17.1453 -13.51 0.6199 16.4065 -13.3483 0 17.1625 -13.6117
3 16 0 17.1625 -13.6117 0.6199 16.4065 -13.3483 0 16.4075 -13.4119
3 16 1.304 17.8978 -13.0014 0.7476 17.1453 -13.51 0 17.9357 -13.0679
3 16 0 17.9357 -13.0679 0.7476 17.1453 -13.51 0 17.1625 -13.6117
3 16 1.0686 15.3833 -12.3173 0.6268 14.4915 -12.2464 0.6187 15.2576 -12.5995
3 16 1.5804 17.518 -12.6573 1.4316 16.5911 -12.4931 0.7476 17.1453 -13.51
3 16 0.7476 17.1453 -13.51 1.4316 16.5911 -12.4931 0.6199 16.4065 -13.3483
3 16 0.6799 13.3135 -11.7662 0.6268 14.4915 -12.2464 1.5341 15.111 -11.7577
3 16 1.5341 15.111 -11.7577 0.6268 14.4915 -12.2464 1.0686 15.3833 -12.3173
3 16 0.6268 14.4915 -12.2464 0.6799 13.3135 -11.7662 0 14.3197 -12.2787
3 16 0 14.3197 -12.2787 0.6799 13.3135 -11.7662 0 12.9768 -11.8006
3 16 0 17.9357 -13.0679 0 18.765 -12.0792 1.304 17.8978 -13.0014
3 16 1.304 17.8978 -13.0014 0 18.765 -12.0792 2.2554 18.6843 -12.053
3 16 2.2554 17.7544 -11.8781 1.9794 16.3861 -11.789 1.5804 17.518 -12.6573
3 16 1.5804 17.518 -12.6573 1.9794 16.3861 -11.789 1.4316 16.5911 -12.4931
3 16 1.5341 15.111 -11.7577 1.0686 15.3833 -12.3173 1.9794 16.3861 -11.789
3 16 1.9794 16.3861 -11.789 1.0686 15.3833 -12.3173 1.4316 16.5911 -12.4931
3 16 0.6199 16.4065 -13.3483 0.6187 15.2576 -12.5995 0 16.4075 -13.4119
3 16 0 16.4075 -13.4119 0.6187 15.2576 -12.5995 0 15.1137 -12.6408
3 16 0.6187 15.2576 -12.5995 0.6199 16.4065 -13.3483 1.0686 15.3833 -12.3173
3 16 1.0686 15.3833 -12.3173 0.6199 16.4065 -13.3483 1.4316 16.5911 -12.4931
3 16 0 26.9833 -5.6159 0 26.2721 -2.4679 1.2618 26.8809 -5.5217
3 16 1.9403 25.8676 -9.6385 0 26.0373 -9.8308 1.6962 26.741 -7.7224
3 16 1.6962 26.741 -7.7224 0 26.0373 -9.8308 0 26.8964 -7.8808
3 16 3.8331 25.4447 -9.0288 1.9403 25.8676 -9.6385 3.1631 26.413 -7.2867
3 16 3.1631 26.413 -7.2867 1.9403 25.8676 -9.6385 1.6962 26.741 -7.7224
3 16 5.5869 24.9531 -8.0097 3.8331 25.4447 -9.0288 4.6505 25.8957 -6.4763
3 16 4.6505 25.8957 -6.4763 3.8331 25.4447 -9.0288 3.1631 26.413 -7.2867
3 16 6.1149 25.0187 -4.4964 7.1309 24.1771 -5.8919 4.6505 25.8957 -6.4763
3 16 4.6505 25.8957 -6.4763 7.1309 24.1771 -5.8919 5.5869 24.9531 -8.0097
3 16 7.1309 24.1771 -5.8919 6.1149 25.0187 -4.4964 8.3745 23.3346 -3.4808
3 16 8.3745 23.3346 -3.4808 6.1149 25.0187 -4.4964 7.0919 24.2421 -2.5478
3 16 9.6583 22.1827 -1.4567 8.3745 23.3346 -3.4808 7.053 23.9362 -0.3536
3 16 7.053 23.9362 -0.3536 8.3745 23.3346 -3.4808 7.0919 24.2421 -2.5478
3 16 9.6583 22.1827 -1.4567 7.053 23.9362 -0.3536 9.76 21.6849 1.1113
3 16 9.76 21.6849 1.1113 7.053 23.9362 -0.3536 7.261 23.4288 1.5654
3 16 7.0072 23.0857 3.5256 9.3493 21.3496 3.5405 7.261 23.4288 1.5654
3 16 7.261 23.4288 1.5654 9.3493 21.3496 3.5405 9.76 21.6849 1.1113
3 16 9.3493 21.3496 3.5405 7.0072 23.0857 3.5256 8.36 21.1113 5.9163
3 16 8.36 21.1113 5.9163 7.0072 23.0857 3.5256 6.2455 22.8481 5.3326
3 16 5.1268 22.6477 6.8702 6.7857 20.8759 7.9453 6.2455 22.8481 5.3326
3 16 6.2455 22.8481 5.3326 6.7857 20.8759 7.9453 8.36 21.1113 5.9163
3 16 6.7857 20.8759 7.9453 5.1268 22.6477 6.8702 4.7138 20.5744 9.3595
3 16 4.7138 20.5744 9.3595 5.1268 22.6477 6.8702 3.6079 22.4075 8.0002
3 16 1.8635 22.2721 8.6747 2.4018 20.3555 10.16 3.6079 22.4075 8.0002
3 16 3.6079 22.4075 8.0002 2.4018 20.3555 10.16 4.7138 20.5744 9.3595
3 16 0 20.2608 10.4691 2.4018 20.3555 10.16 0 22.1863 8.9205
3 16 0 22.1863 8.9205 2.4018 20.3555 10.16 1.8635 22.2721 8.6747
3 16 2.1003 23.9978 -10.8928 0 24.1413 -11.1255 1.9403 25.8676 -9.6385
3 16 1.9403 25.8676 -9.6385 0 24.1413 -11.1255 0 26.0373 -9.8308
3 16 4.1603 23.6848 -10.266 2.1003 23.9978 -10.8928 3.8331 25.4447 -9.0288
3 16 3.8331 25.4447 -9.0288 2.1003 23.9978 -10.8928 1.9403 25.8676 -9.6385
3 16 6.0871 23.3365 -9.2285 4.1603 23.6848 -10.266 5.5869 24.9531 -8.0097
3 16 5.5869 24.9531 -8.0097 4.1603 23.6848 -10.266 3.8331 25.4447 -9.0288
3 16 7.1309 24.1771 -5.8919 7.9053 22.7046 -6.9582 5.5869 24.9531 -8.0097
3 16 5.5869 24.9531 -8.0097 7.9053 22.7046 -6.9582 6.0871 23.3365 -9.2285
3 16 8.3745 23.3346 -3.4808 9.3681 22.0206 -4.3169 7.1309 24.1771 -5.8919
3 16 7.1309 24.1771 -5.8919 9.3681 22.0206 -4.3169 7.9053 22.7046 -6.9582
3 16 9.6583 22.1827 -1.4567 9.3681 22.0206 -4.3169 8.3745 23.3346 -3.4808
3 16 2.1696 5.0264 -1.0322 0 5.0812 -1.3806 2.0074 5.0305 -0.6796
3 16 2.0074 5.0305 -0.6796 0 5.0812 -1.3806 0 5.0813 0
3 16 2.8841 5.0083 -1.3755 0 5.0812 -1.3806 2.4935 5.0182 -1.1215
3 16 2.4935 5.0182 -1.1215 0 5.0812 -1.3806 2.1696 5.0264 -1.0322
3 16 1.8945 12.1688 -11.7697 0 11.8884 -11.9546 0.6799 13.3135 -11.7662
3 16 0.6799 13.3135 -11.7662 0 11.8884 -11.9546 0 12.9768 -11.8006
3 16 1.304 17.8978 -13.0014 1.5804 17.518 -12.6573 0.7476 17.1453 -13.51
3 16 1.304 17.8978 -13.0014 2.2554 18.6843 -12.053 1.5804 17.518 -12.6573
3 16 1.5804 17.518 -12.6573 2.2554 18.6843 -12.053 2.2554 17.7544 -11.8781
3 16 2.2554 17.7544 -11.8781 3.5148 19.3283 -11.4848 3.5905 17.5301 -11.4696
3 16 1.0143 5.0557 1.7382 1.7577 5.0369 2.4833 2.1694 5.0265 1.0321
3 16 2.1694 5.0265 1.0321 1.7577 5.0369 2.4833 2.4934 5.0182 1.1214
3 16 -3.4906 0.5532 0 -3.9305 0.5522 0 -3.3013 0.5611 -0.6452
3 16 -3.3013 0.5611 -0.6452 -3.9305 0.5522 0 -3.5741 0.5522 -1.3865
3 16 -2.0772 0.5411 -1.1398 0 0.5522 -3.9625 -1.8705 0.5471 -0.7
3 16 -1.8705 0.5471 -0.7 0 0.5522 -3.9625 0 0.5522 0
3 16 0 0.5522 -3.9625 -2.0772 0.5411 -1.1398 -1.8163 0.5522 -3.5016
3 16 -1.8163 0.5522 -3.5016 -2.0772 0.5411 -1.1398 -2.5021 0.5453 -1.2638
3 16 -3.4906 0.5532 0 -3.3013 0.5611 -0.6452 -3.3515 4.9965 -0.0001
3 16 -3.3515 4.9965 -0.0001 -3.3013 0.5611 -0.6452 -3.1752 5.0009 -0.5773
3 16 -1.8705 0.5471 -0.7 -2.0609 0.553 0 -2.0074 5.0305 -0.6796
3 16 -2.0074 5.0305 -0.6796 -2.0609 0.553 0 -2.1972 5.0257 0
3 16 -2.0772 0.5411 -1.1398 -1.8705 0.5471 -0.7 -2.1696 5.0264 -1.0322
3 16 -2.1696 5.0264 -1.0322 -1.8705 0.5471 -0.7 -2.0074 5.0305 -0.6796
3 16 -2.5021 0.5453 -1.2638 -2.0772 0.5411 -1.1398 -2.4935 5.0182 -1.1215
3 16 -2.4935 5.0182 -1.1215 -2.0772 0.5411 -1.1398 -2.1696 5.0264 -1.0322
3 16 -2.5021 0.5453 -1.2638 -2.4935 5.0182 -1.1215 -2.9408 0.5589 -1.0247
3 16 -2.9408 0.5589 -1.0247 -2.4935 5.0182 -1.1215 -2.8581 5.009 -0.9139
3 16 -3.3013 0.5611 -0.6452 -2.9408 0.5589 -1.0247 -3.1752 5.0009 -0.5773
3 16 -3.1752 5.0009 -0.5773 -2.9408 0.5589 -1.0247 -2.8581 5.009 -0.9139
3 16 -3.4906 0.5532 0 -3.3011 0.5633 0.6451 -3.9305 0.5522 0
3 16 -3.9305 0.5522 0 -3.3011 0.5633 0.6451 -3.574 0.5522 1.3864
3 16 -3.3011 0.5633 0.6451 -2.9407 0.5611 1.0246 -3.574 0.5522 1.3864
3 16 -3.574 0.5522 1.3864 -2.9407 0.5611 1.0246 -2.812 0.5522 2.7477
3 16 -2.9407 0.5611 1.0246 -2.502 0.5474 1.2637 -2.812 0.5522 2.7477
3 16 -2.812 0.5522 2.7477 -2.502 0.5474 1.2637 -1.8169 0.5522 3.5011
3 16 -3.175 5.001 0.5772 -3.3011 0.5633 0.6451 -3.3515 4.9965 -0.0001
3 16 -3.3515 4.9965 -0.0001 -3.3011 0.5633 0.6451 -3.4906 0.5532 0
3 16 -1.8703 0.5492 0.6999 -2.0073 5.0306 0.6795 -2.0609 0.553 0
3 16 -2.0609 0.553 0 -2.0073 5.0306 0.6795 -2.1972 5.0257 0
3 16 -2.0771 0.5432 1.1397 -2.1694 5.0265 1.0321 -1.8703 0.5492 0.6999
3 16 -1.8703 0.5492 0.6999 -2.1694 5.0265 1.0321 -2.0073 5.0306 0.6795
3 16 -2.502 0.5474 1.2637 -2.4934 5.0182 1.1214 -2.0771 0.5432 1.1397
3 16 -2.0771 0.5432 1.1397 -2.4934 5.0182 1.1214 -2.1694 5.0265 1.0321
3 16 -2.858 5.009 0.9138 -2.4934 5.0182 1.1214 -2.9407 0.5611 1.0246
3 16 -2.9407 0.5611 1.0246 -2.4934 5.0182 1.1214 -2.502 0.5474 1.2637
3 16 0 0.5522 3.9624 -1.8169 0.5522 3.5011 -2.0771 0.5432 1.1397
3 16 -2.0771 0.5432 1.1397 -1.8169 0.5522 3.5011 -2.502 0.5474 1.2637
3 16 -1.8705 0.5471 -0.7 0 0.5522 0 -2.0609 0.553 0
3 16 -2.0609 0.553 0 0 0.5522 0 -1.8703 0.5492 0.6999
3 16 -3.3011 0.5633 0.6451 -3.175 5.001 0.5772 -2.9407 0.5611 1.0246
3 16 -2.9407 0.5611 1.0246 -3.175 5.001 0.5772 -2.858 5.009 0.9138
3 16 -1.7609 15 4.5166 -1.0166 15 5.2608 0 15 3.5
3 16 0 15 3.5 -1.0166 15 5.2608 0 15 5.5332
3 16 0 15 1.4667 -1.0166 15 1.7392 0 15 3.5
3 16 -1.0166 15 1.7392 -1.7609 15 2.4834 0 15 3.5
3 16 -1.7609 15 2.4834 -2.0333 15 3.5 0 15 3.5
3 16 -2.0333 15 3.5 -1.7609 15 4.5166 0 15 3.5
3 16 0 15 5.5332 -1.0166 15 5.2608 0 5.0818 5.536
3 16 0 5.0818 5.536 -1.0166 15 5.2608 -1.0144 5.0558 5.2619
3 16 -1.0143 5.0557 1.7382 -1.0166 15 1.7392 0 5.0815 1.4641
3 16 0 5.0815 1.4641 -1.0166 15 1.7392 0 15 1.4667
3 16 -1.7577 5.0369 2.4833 -1.7609 15 2.4834 -1.0143 5.0557 1.7382
3 16 -1.0143 5.0557 1.7382 -1.7609 15 2.4834 -1.0166 15 1.7392
3 16 -2.0297 5.03 3.5 -2.0333 15 3.5 -1.7577 5.0369 2.4833
3 16 -1.7577 5.0369 2.4833 -2.0333 15 3.5 -1.7609 15 2.4834
3 16 -1.7609 15 4.5166 -2.0333 15 3.5 -1.7578 5.0369 4.5167
3 16 -1.7578 5.0369 4.5167 -2.0333 15 3.5 -2.0297 5.03 3.5
3 16 -1.0166 15 5.2608 -1.7609 15 4.5166 -1.0144 5.0558 5.2619
3 16 -1.0144 5.0558 5.2619 -1.7609 15 4.5166 -1.7578 5.0369 4.5167
3 16 -3.4376 25.4979 -1.0755 -3.6169 4.9897 -0.6662 -3.0112 22.7503 -1.4348
3 16 -3.0112 22.7503 -1.4348 -3.6169 4.9897 -0.6662 -2.8841 5.0083 -1.3755
3 16 -2.8841 5.0083 -1.3755 0 5.0812 -1.3806 -3.0112 22.7503 -1.4348
3 16 -3.0112 22.7503 -1.4348 0 5.0812 -1.3806 0 22.75 -1.45
3 16 -2.7206 23.3104 -1.6269 0 23.263 -1.6183 -1.9559 23.6042 -2.0092
3 16 -1.9559 23.6042 -2.0092 0 23.263 -1.6183 0 23.5214 -1.9354
3 16 -3.0112 22.7503 -1.4348 0 22.75 -1.45 -2.7206 23.3104 -1.6269
3 16 -2.7206 23.3104 -1.6269 0 22.75 -1.45 0 23.263 -1.6183
3 16 -4.8049 4.9597 1.9402 -4.9209 21.0003 1.8596 -3.3682 4.9961 4.4403
3 16 -3.3682 4.9961 4.4403 -4.9209 21.0003 1.8596 -3.4284 21 4.475
3 16 -4.7705 23.9644 3.8934 -4.2172 23.7287 5.1209 -4.6458 21.9318 4.0611
3 16 -4.6458 21.9318 4.0611 -4.2172 23.7287 5.1209 -4.2457 21.9482 4.9468
3 16 -4.9611 24.3423 2.1827 -4.7705 23.9644 3.8934 -4.8907 21.8542 3.0607
3 16 -4.8907 21.8542 3.0607 -4.7705 23.9644 3.8934 -4.6458 21.9318 4.0611
3 16 -4.2457 21.9482 4.9468 -3.8462 21.7723 4.7051 -4.6458 21.9318 4.0611
3 16 -4.6458 21.9318 4.0611 -3.8462 21.7723 4.7051 -4.8907 21.8542 3.0607
3 16 -3.8462 21.7723 4.7051 -3.5837 21.5127 4.5423 -4.8907 21.8542 3.0607
3 16 -4.8907 21.8542 3.0607 -3.5837 21.5127 4.5423 -4.942 21.5604 2.2073
3 16 -4.6818 24.7221 0.9022 -4.9611 24.3423 2.1827 -4.942 21.5604 2.2073
3 16 -4.942 21.5604 2.2073 -4.9611 24.3423 2.1827 -4.8907 21.8542 3.0607
3 16 -3.5837 21.5127 4.5423 -3.4284 21 4.475 -4.942 21.5604 2.2073
3 16 -4.942 21.5604 2.2073 -3.4284 21 4.475 -4.9209 21.0003 1.8596
3 16 -4.9209 21.0003 1.8596 -4.6818 24.7221 0.9022 -4.942 21.5604 2.2073
3 16 -1.0144 5.0558 5.2619 -1.7578 5.0369 4.5167 -3.3682 4.9961 4.4403
3 16 -3.3682 4.9961 4.4403 -1.7578 5.0369 4.5167 -2.0297 5.03 3.5
3 16 -1.9097 21.0003 7.0752 -1.9228 5.0328 6.9353 -3.4284 21 4.475
3 16 -3.4284 21 4.475 -1.9228 5.0328 6.9353 -3.3682 4.9961 4.4403
3 16 -0.957 5.0573 7.2022 -1.0144 5.0558 5.2619 -1.9228 5.0328 6.9353
3 16 -1.9228 5.0328 6.9353 -1.0144 5.0558 5.2619 -3.3682 4.9961 4.4403
3 16 -2.2214 21.5604 6.9196 -3.5837 21.5127 4.5423 -2.9348 21.8542 6.4485
3 16 -2.9348 21.8542 6.4485 -3.5837 21.5127 4.5423 -3.8462 21.7723 4.7051
3 16 -1.9097 21.0003 7.0752 -3.4284 21 4.475 -2.2214 21.5604 6.9196
3 16 -2.2214 21.5604 6.9196 -3.4284 21 4.475 -3.5837 21.5127 4.5423
3 16 -3.574 0.5522 1.3864 -2.812 0.5522 2.7477 -3.7408 -4.4218 2.0093
3 16 -3.7408 -4.4218 2.0093 -2.812 0.5522 2.7477 -2.937 -4.4218 2.8613
3 16 -2.812 0.5522 2.7477 -1.8169 0.5522 3.5011 -2.937 -4.4218 2.8613
3 16 -2.937 -4.4218 2.8613 -1.8169 0.5522 3.5011 -1.9877 -4.4218 3.7408
3 16 -1.8169 0.5522 3.5011 0 0.5522 3.9624 -1.9877 -4.4218 3.7408
3 16 -1.9877 -4.4218 3.7408 0 0.5522 3.9624 0 -4.4218 4.3579
3 16 -1.8163 0.5522 -3.5016 -1.9877 -4.4218 -3.7408 0 0.5522 -3.9625
3 16 0 0.5522 -3.9625 -1.9877 -4.4218 -3.7408 0 -4.4218 -4.358
3 16 -1.8163 0.5522 -3.5016 -2.8112 0.5522 -2.7486 -1.9877 -4.4218 -3.7408
3 16 -1.9877 -4.4218 -3.7408 -2.8112 0.5522 -2.7486 -2.937 -4.4218 -2.8613
3 16 -3.5741 0.5522 -1.3865 -3.7408 -4.4218 -2.0093 -2.8112 0.5522 -2.7486
3 16 -2.8112 0.5522 -2.7486 -3.7408 -4.4218 -2.0093 -2.937 -4.4218 -2.8613
3 16 -3.9305 0.5522 0 -4.2607 -4.4219 0 -3.5741 0.5522 -1.3865
3 16 -3.5741 0.5522 -1.3865 -4.2607 -4.4219 0 -3.7408 -4.4218 -2.0093
3 16 -3.9305 0.5522 0 -3.574 0.5522 1.3864 -4.2607 -4.4219 0
3 16 -4.2607 -4.4219 0 -3.574 0.5522 1.3864 -3.7408 -4.4218 2.0093
3 16 -7.8959 0.9612 7.6437 -5.6955 0.9612 9.5591 -8.9041 2.5849 8.7822
3 16 -8.9041 2.5849 8.7822 -5.6955 0.9612 9.5591 -6.2657 2.5849 10.7747
3 16 -2.8962 0.9612 10.6737 0 0.9612 11.23 -3.152 2.5849 12.0581
3 16 -3.152 2.5849 12.0581 0 0.9612 11.23 0 2.5849 12.5178
3 16 -5.723 0.9612 -9.5049 -6.3628 2.5849 -10.8066 -2.9273 0.9612 -10.7308
3 16 -2.9273 0.9612 -10.7308 -6.3628 2.5849 -10.8066 -3.1806 2.5849 -12.1021
3 16 -9.6518 0.9612 -5.3512 -10.9191 2.5849 -6.1198 -7.9075 0.9612 -7.6724
3 16 -7.9075 0.9612 -7.6724 -10.9191 2.5849 -6.1198 -8.9729 2.5849 -8.7321
3 16 -11.0732 0.9605 0 -12.4861 2.5842 0 -10.6757 0.9612 -2.716
3 16 -10.6757 0.9612 -2.716 -12.4861 2.5842 0 -12.0882 2.5849 -3.1208
3 16 -9.5971 0.9612 5.4375 -10.8648 2.5849 6.1292 -10.6395 0.9612 2.8795
3 16 -10.6395 0.9612 2.8795 -10.8648 2.5849 6.1292 -12.0941 2.5849 3.1951
3 16 -6.2657 2.5849 10.7747 -6.5289 4.9517 11.1133 -8.9041 2.5849 8.7822
3 16 -8.9041 2.5849 8.7822 -6.5289 4.9517 11.1133 -9.2191 4.9517 9.0384
3 16 0 2.5849 12.5178 0 4.9517 12.8804 -3.152 2.5849 12.0581
3 16 -3.152 2.5849 12.0581 0 4.9517 12.8804 -3.3797 4.9517 12.4312
3 16 -3.1806 2.5849 -12.1021 -6.3628 2.5849 -10.8066 -3.399 4.9517 -12.4513
3 16 -3.399 4.9517 -12.4513 -6.3628 2.5849 -10.8066 -6.5891 4.9517 -11.135
3 16 -8.9729 2.5849 -8.7321 -10.9191 2.5849 -6.1198 -9.2853 4.9517 -9.0128
3 16 -9.2853 4.9517 -9.0128 -10.9191 2.5849 -6.1198 -11.2885 4.9517 -6.325
3 16 -12.0882 2.5849 -3.1208 -12.4861 2.5842 0 -12.4851 4.9517 -3.2076
3 16 -12.4851 4.9517 -3.2076 -12.4861 2.5842 0 -12.9146 4.9517 0
3 16 -12.0941 2.5849 3.1951 -10.8648 2.5849 6.1292 -12.4894 4.9517 3.3096
3 16 -12.4894 4.9517 3.3096 -10.8648 2.5849 6.1292 -11.2516 4.9517 6.3671
3 16 -2.3897 -0.005 5.7692 -4.6503 -0.005 7.6576 -4.4155 -0.005 4.4155
3 16 -4.4155 -0.005 4.4155 -4.6503 -0.005 7.6576 -6.5658 -0.005 6.1789
3 16 -2.3897 -0.005 5.7692 0 -0.005 6.2445 -2.4423 -0.005 8.5814
3 16 -2.4423 -0.005 8.5814 0 -0.005 6.2445 0 -0.005 8.9756
3 16 -2.3897 -0.005 -5.7692 -4.7562 -0.005 -7.7834 -2.5026 -0.005 -8.756
3 16 -5.7692 -0.005 -2.3897 -8.1294 -0.005 -4.3075 -4.4155 -0.005 -4.4155
3 16 -4.4155 -0.005 -4.4155 -8.1294 -0.005 -4.3075 -6.6644 -0.005 -6.2824
3 16 -5.7692 -0.005 -2.3897 -6.2445 -0.005 0 -9.0163 -0.005 -2.1989
3 16 -9.0163 -0.005 -2.1989 -6.2445 -0.005 0 -9.3673 -0.005 0
3 16 -5.7692 -0.005 2.3897 -8.0675 -0.005 4.451 -8.9567 -0.005 2.4039
3 16 -5.8219 15.1065 10.4977 -8.3719 15.329 8.8322 -6.0893 12.3665 10.676
3 16 -6.0893 12.3665 10.676 -8.3719 15.329 8.8322 -8.6979 12.5142 8.8988
3 16 0 14.8815 11.7008 -2.9588 14.9401 11.3958 0 12.2254 11.9767
3 16 0 12.2254 11.9767 -2.9588 14.9401 11.3958 -3.1142 12.2641 11.6559
3 16 -10.6946 13.5793 -6.1521 -10.6365 16.0874 -5.8828 -8.7676 13.7939 -8.6013
3 16 -8.7676 13.7939 -8.6013 -10.6365 16.0874 -5.8828 -8.7277 16.3503 -8.4593
3 16 -12.077 16.1327 0.5252 -11.8099 16.366 -2.6596 -12.4227 13.1452 0.2385
3 16 -12.4227 13.1452 0.2385 -11.8099 16.366 -2.6596 -12.0589 13.3256 -2.9602
3 16 -10.6657 12.6973 6.3928 -10.3021 15.5719 6.4122 -11.9155 12.9084 3.4236
3 16 -11.9155 12.9084 3.4236 -10.3021 15.5719 6.4122 -11.5098 15.8445 3.5559
3 16 -4.7138 20.5744 9.3595 -6.7857 20.8759 7.9453 -5.5847 17.537 10.3396
3 16 -5.5847 17.537 10.3396 -6.7857 20.8759 7.9453 -8.0827 17.8258 8.7731
3 16 0 17.2374 11.4561 0 20.2608 10.4691 -2.8209 17.3137 11.165
3 16 -2.8209 17.3137 11.165 0 20.2608 10.4691 -2.4018 20.3555 10.16
3 16 -6.3142 21.3144 -9.9712 -6.0871 23.3365 -9.2285 -4.173 21.6005 -10.995
3 16 -4.173 21.6005 -10.995 -6.0871 23.3365 -9.2285 -4.1603 23.6848 -10.266
3 16 -9.3681 22.0206 -4.3169 -7.9053 22.7046 -6.9582 -10.2566 20.5094 -5.0985
3 16 -10.2566 20.5094 -5.0985 -7.9053 22.7046 -6.9582 -8.5757 21.0026 -7.8908
3 16 -9.76 21.6849 1.1113 -9.6583 22.1827 -1.4567 -11.7705 18.7827 0.7794
3 16 -11.7705 18.7827 0.7794 -9.6583 22.1827 -1.4567 -11.5891 19.0629 -2.3929
3 16 -8.36 21.1113 5.9163 -9.3493 21.3496 3.5405 -9.9796 18.1217 6.4295
3 16 -9.9796 18.1217 6.4295 -9.3493 21.3496 3.5405 -11.15 18.4488 3.6733
3 16 -5.1268 22.6477 6.8702 -3.6079 22.4075 8.0002 -3.5263 23.5444 6.0031
3 16 -3.5263 23.5444 6.0031 -3.6079 22.4075 8.0002 -2.5897 23.4314 6.7009
3 16 -1.3954 23.2693 7.2597 -1.8635 22.2721 8.6747 0 23.2237 7.4678
3 16 0 23.2237 7.4678 -1.8635 22.2721 8.6747 0 22.1863 8.9205
3 16 -2.3354 26.6425 -5.0913 -3.6279 26.2135 -4.4142 -1.2804 26.1664 -2.3007
3 16 -1.2804 26.1664 -2.3007 -3.6279 26.2135 -4.4142 -2.3747 25.9133 -1.867
3 16 -4.9455 25.4351 -2.965 -5.82 24.7443 -1.5167 -3.4376 25.4979 -1.0755
3 16 -3.4376 25.4979 -1.0755 -5.82 24.7443 -1.5167 -4.2821 25.0333 -0.0018
3 16 -7.053 23.9362 -0.3536 -7.261 23.4288 1.5654 -4.6818 24.7221 0.9022
3 16 -4.6818 24.7221 0.9022 -7.261 23.4288 1.5654 -4.9611 24.3423 2.1827
3 16 -7.0072 23.0857 3.5256 -6.2455 22.8481 5.3326 -4.7705 23.9644 3.8934
3 16 -4.7705 23.9644 3.8934 -6.2455 22.8481 5.3326 -4.2172 23.7287 5.1209
3 16 -5.82 24.7443 -1.5167 -4.9455 25.4351 -2.965 -7.0919 24.2421 -2.5478
3 16 -7.0919 24.2421 -2.5478 -4.9455 25.4351 -2.965 -6.1149 25.0187 -4.4964
3 16 -3.6279 26.2135 -4.4142 -2.3354 26.6425 -5.0913 -4.6505 25.8957 -6.4763
3 16 -4.6505 25.8957 -6.4763 -2.3354 26.6425 -5.0913 -3.1631 26.413 -7.2867
3 16 -10.2566 20.5094 -5.0985 -8.5757 21.0026 -7.8908 -10.585 18.3121 -5.6438
3 16 -10.585 18.3121 -5.6438 -8.5757 21.0026 -7.8908 -8.6922 18.6178 -8.3333
3 16 -6.3579 8.7511 11.0258 -6.0893 12.3665 10.676 -9.0324 8.8174 9.0582
3 16 -9.0324 8.8174 9.0582 -6.0893 12.3665 10.676 -8.6979 12.5142 8.8988
3 16 0 8.6769 12.5074 0 12.2254 11.9767 -3.2641 8.7002 12.1391
3 16 -3.2641 8.7002 12.1391 0 12.2254 11.9767 -3.1142 12.2641 11.6559
3 16 -11.0701 9.3722 -6.3296 -10.6946 13.5793 -6.1521 -9.0873 9.4743 -8.9142
3 16 -9.0873 9.4743 -8.9142 -10.6946 13.5793 -6.1521 -8.7676 13.7939 -8.6013
3 16 -12.7496 9.1079 0.1139 -12.4227 13.1452 0.2385 -12.3291 9.2516 -3.1738
3 16 -12.3291 9.2516 -3.1738 -12.4227 13.1452 0.2385 -12.0589 13.3256 -2.9602
3 16 -11.0449 8.9015 6.4187 -10.6657 12.6973 6.3928 -12.2814 9.001 3.3629
3 16 -12.2814 9.001 3.3629 -10.6657 12.6973 6.3928 -11.9155 12.9084 3.4236
3 16 -9.2191 4.9517 9.0384 -6.5289 4.9517 11.1133 -9.0324 8.8174 9.0582
3 16 -9.0324 8.8174 9.0582 -6.5289 4.9517 11.1133 -6.3579 8.7511 11.0258
3 16 -3.3797 4.9517 12.4312 0 4.9517 12.8804 -3.2641 8.7002 12.1391
3 16 -3.2641 8.7002 12.1391 0 4.9517 12.8804 0 8.6769 12.5074
3 16 -3.399 4.9517 -12.4513 -6.5891 4.9517 -11.135 -3.1837 10.2415 -11.8294
3 16 -3.1837 10.2415 -11.8294 -6.5891 4.9517 -11.135 -5.9867 11.0955 -10.7593
3 16 -11.2885 4.9517 -6.325 -11.0701 9.3722 -6.3296 -9.2853 4.9517 -9.0128
3 16 -9.2853 4.9517 -9.0128 -11.0701 9.3722 -6.3296 -9.0873 9.4743 -8.9142
3 16 -12.9146 4.9517 0 -12.7496 9.1079 0.1139 -12.4851 4.9517 -3.2076
3 16 -12.4851 4.9517 -3.2076 -12.7496 9.1079 0.1139 -12.3291 9.2516 -3.1738
3 16 -12.4894 4.9517 3.3096 -11.2516 4.9517 6.3671 -12.2814 9.001 3.3629
3 16 -12.2814 9.001 3.3629 -11.2516 4.9517 6.3671 -11.0449 8.9015 6.4187
3 16 -1.8945 12.1688 -11.7697 -3.2944 13.5243 -11.4201 -0.6799 13.3135 -11.7662
3 16 -0.6799 13.3135 -11.7662 -3.2944 13.5243 -11.4201 -1.5341 15.111 -11.7577
3 16 0 -0.005 -9.1294 0 -0.005 -6.2445 -2.5026 -0.005 -8.756
3 16 -2.5026 -0.005 -8.756 0 -0.005 -6.2445 -2.3897 -0.005 -5.7692
3 16 0 2.5849 -12.523 0 0.9612 -11.2768 -3.1806 2.5849 -12.1021
3 16 -3.1806 2.5849 -12.1021 0 0.9612 -11.2768 -2.9273 0.9612 -10.7308
3 16 0 2.5849 -12.523 -3.1806 2.5849 -12.1021 0 4.9517 -12.9559
3 16 0 4.9517 -12.9559 -3.1806 2.5849 -12.1021 -3.399 4.9517 -12.4513
3 16 0 4.9517 -12.9559 -3.399 4.9517 -12.4513 -0.0237 10.0396 -12.2117
3 16 -0.0237 10.0396 -12.2117 -3.399 4.9517 -12.4513 -3.1837 10.2415 -11.8294
3 16 0 11.8884 -11.9546 -0.0237 10.0396 -12.2117 -1.8945 12.1688 -11.7697
3 16 -1.8945 12.1688 -11.7697 -0.0237 10.0396 -12.2117 -3.1837 10.2415 -11.8294
3 16 0 24.1413 -11.1255 0 21.9722 -11.6556 -2.1003 23.9978 -10.8928
3 16 -2.1003 23.9978 -10.8928 0 21.9722 -11.6556 -2.0979 21.8451 -11.4682
3 16 0 26.9833 -5.6159 0 26.8964 -7.8808 -1.2618 26.8809 -5.5217
3 16 -1.2618 26.8809 -5.5217 0 26.8964 -7.8808 -1.6962 26.741 -7.7224
3 16 -2.3354 26.6425 -5.0913 -1.2804 26.1664 -2.3007 -1.2618 26.8809 -5.5217
3 16 -1.2618 26.8809 -5.5217 -1.2804 26.1664 -2.3007 0 26.2721 -2.4679
3 16 -2.3897 -0.005 -5.7692 -4.4155 -0.005 -4.4155 -4.7562 -0.005 -7.7834
3 16 -4.7562 -0.005 -7.7834 -4.4155 -0.005 -4.4155 -6.6644 -0.005 -6.2824
3 16 -6.3628 2.5849 -10.8066 -5.723 0.9612 -9.5049 -8.9729 2.5849 -8.7321
3 16 -8.9729 2.5849 -8.7321 -5.723 0.9612 -9.5049 -7.9075 0.9612 -7.6724
3 16 -6.3628 2.5849 -10.8066 -8.9729 2.5849 -8.7321 -6.5891 4.9517 -11.135
3 16 -6.5891 4.9517 -11.135 -8.9729 2.5849 -8.7321 -9.2853 4.9517 -9.0128
3 16 -5.9867 11.0955 -10.7593 -6.5891 4.9517 -11.135 -9.0873 9.4743 -8.9142
3 16 -9.0873 9.4743 -8.9142 -6.5891 4.9517 -11.135 -9.2853 4.9517 -9.0128
3 16 -6.257 14.0587 -10.3712 -5.9867 11.0955 -10.7593 -8.7676 13.7939 -8.6013
3 16 -8.7676 13.7939 -8.6013 -5.9867 11.0955 -10.7593 -9.0873 9.4743 -8.9142
3 16 -6.3309 16.6981 -10.3062 -6.257 14.0587 -10.3712 -8.7277 16.3503 -8.4593
3 16 -8.7277 16.3503 -8.4593 -6.257 14.0587 -10.3712 -8.7676 13.7939 -8.6013
3 16 -6.3142 21.3144 -9.9712 -6.3965 19.0392 -10.2486 -8.5757 21.0026 -7.8908
3 16 -8.5757 21.0026 -7.8908 -6.3965 19.0392 -10.2486 -8.6922 18.6178 -8.3333
3 16 -7.9053 22.7046 -6.9582 -6.0871 23.3365 -9.2285 -8.5757 21.0026 -7.8908
3 16 -8.5757 21.0026 -7.8908 -6.0871 23.3365 -9.2285 -6.3142 21.3144 -9.9712
3 16 -4.9455 25.4351 -2.965 -3.6279 26.2135 -4.4142 -6.1149 25.0187 -4.4964
3 16 -6.1149 25.0187 -4.4964 -3.6279 26.2135 -4.4142 -4.6505 25.8957 -6.4763
3 16 -3.6279 26.2135 -4.4142 -4.9455 25.4351 -2.965 -2.3747 25.9133 -1.867
3 16 -2.3747 25.9133 -1.867 -4.9455 25.4351 -2.965 -3.4376 25.4979 -1.0755
3 16 -8.1294 -0.005 -4.3075 -5.7692 -0.005 -2.3897 -9.0163 -0.005 -2.1989
3 16 -10.9191 2.5849 -6.1198 -9.6518 0.9612 -5.3512 -12.0882 2.5849 -3.1208
3 16 -12.0882 2.5849 -3.1208 -9.6518 0.9612 -5.3512 -10.6757 0.9612 -2.716
3 16 -10.9191 2.5849 -6.1198 -12.0882 2.5849 -3.1208 -11.2885 4.9517 -6.325
3 16 -11.2885 4.9517 -6.325 -12.0882 2.5849 -3.1208 -12.4851 4.9517 -3.2076
3 16 -11.0701 9.3722 -6.3296 -11.2885 4.9517 -6.325 -12.3291 9.2516 -3.1738
3 16 -12.3291 9.2516 -3.1738 -11.2885 4.9517 -6.325 -12.4851 4.9517 -3.2076
3 16 -10.6946 13.5793 -6.1521 -11.0701 9.3722 -6.3296 -12.0589 13.3256 -2.9602
3 16 -12.0589 13.3256 -2.9602 -11.0701 9.3722 -6.3296 -12.3291 9.2516 -3.1738
3 16 -11.8099 16.366 -2.6596 -10.6365 16.0874 -5.8828 -12.0589 13.3256 -2.9602
3 16 -12.0589 13.3256 -2.9602 -10.6365 16.0874 -5.8828 -10.6946 13.5793 -6.1521
3 16 -11.5891 19.0629 -2.3929 -10.2566 20.5094 -5.0985 -10.585 18.3121 -5.6438
3 16 -9.3681 22.0206 -4.3169 -10.2566 20.5094 -5.0985 -9.6583 22.1827 -1.4567
3 16 -9.6583 22.1827 -1.4567 -10.2566 20.5094 -5.0985 -11.5891 19.0629 -2.3929
3 16 -7.053 23.9362 -0.3536 -5.82 24.7443 -1.5167 -7.0919 24.2421 -2.5478
3 16 -4.2821 25.0333 -0.0018 -5.82 24.7443 -1.5167 -4.6818 24.7221 0.9022
3 16 -4.6818 24.7221 0.9022 -5.82 24.7443 -1.5167 -7.053 23.9362 -0.3536
3 16 -9.3673 -0.005 0 -6.2445 -0.005 0 -8.9567 -0.005 2.4039
3 16 -8.9567 -0.005 2.4039 -6.2445 -0.005 0 -5.7692 -0.005 2.3897
3 16 -12.4861 2.5842 0 -11.0732 0.9605 0 -12.0941 2.5849 3.1951
3 16 -12.0941 2.5849 3.1951 -11.0732 0.9605 0 -10.6395 0.9612 2.8795
3 16 -12.4861 2.5842 0 -12.0941 2.5849 3.1951 -12.9146 4.9517 0
3 16 -12.9146 4.9517 0 -12.0941 2.5849 3.1951 -12.4894 4.9517 3.3096
3 16 -12.9146 4.9517 0 -12.4894 4.9517 3.3096 -12.7496 9.1079 0.1139
3 16 -12.7496 9.1079 0.1139 -12.4894 4.9517 3.3096 -12.2814 9.001 3.3629
3 16 -12.4227 13.1452 0.2385 -12.7496 9.1079 0.1139 -11.9155 12.9084 3.4236
3 16 -11.9155 12.9084 3.4236 -12.7496 9.1079 0.1139 -12.2814 9.001 3.3629
3 16 -11.5098 15.8445 3.5559 -12.077 16.1327 0.5252 -11.9155 12.9084 3.4236
3 16 -11.9155 12.9084 3.4236 -12.077 16.1327 0.5252 -12.4227 13.1452 0.2385
3 16 -9.3493 21.3496 3.5405 -9.76 21.6849 1.1113 -11.15 18.4488 3.6733
3 16 -11.15 18.4488 3.6733 -9.76 21.6849 1.1113 -11.7705 18.7827 0.7794
3 16 -7.261 23.4288 1.5654 -7.0072 23.0857 3.5256 -4.9611 24.3423 2.1827
3 16 -4.9611 24.3423 2.1827 -7.0072 23.0857 3.5256 -4.7705 23.9644 3.8934
3 16 -5.7692 -0.005 2.3897 -4.4155 -0.005 4.4155 -8.0675 -0.005 4.451
3 16 -8.0675 -0.005 4.451 -4.4155 -0.005 4.4155 -6.5658 -0.005 6.1789
3 16 -9.5971 0.9612 5.4375 -7.8959 0.9612 7.6437 -10.8648 2.5849 6.1292
3 16 -10.8648 2.5849 6.1292 -7.8959 0.9612 7.6437 -8.9041 2.5849 8.7822
3 16 -11.2516 4.9517 6.3671 -10.8648 2.5849 6.1292 -9.2191 4.9517 9.0384
3 16 -9.2191 4.9517 9.0384 -10.8648 2.5849 6.1292 -8.9041 2.5849 8.7822
3 16 -11.2516 4.9517 6.3671 -9.2191 4.9517 9.0384 -11.0449 8.9015 6.4187
3 16 -11.0449 8.9015 6.4187 -9.2191 4.9517 9.0384 -9.0324 8.8174 9.0582
3 16 -10.6657 12.6973 6.3928 -11.0449 8.9015 6.4187 -8.6979 12.5142 8.8988
3 16 -8.6979 12.5142 8.8988 -11.0449 8.9015 6.4187 -9.0324 8.8174 9.0582
3 16 -8.3719 15.329 8.8322 -10.3021 15.5719 6.4122 -8.6979 12.5142 8.8988
3 16 -8.6979 12.5142 8.8988 -10.3021 15.5719 6.4122 -10.6657 12.6973 6.3928
3 16 -6.7857 20.8759 7.9453 -8.36 21.1113 5.9163 -8.0827 17.8258 8.7731
3 16 -8.0827 17.8258 8.7731 -8.36 21.1113 5.9163 -9.9796 18.1217 6.4295
3 16 -6.2455 22.8481 5.3326 -5.1268 22.6477 6.8702 -4.2172 23.7287 5.1209
3 16 -4.2172 23.7287 5.1209 -5.1268 22.6477 6.8702 -3.5263 23.5444 6.0031
3 16 -4.6503 -0.005 7.6576 -2.3897 -0.005 5.7692 -2.4423 -0.005 8.5814
3 16 -5.6955 0.9612 9.5591 -2.8962 0.9612 10.6737 -6.2657 2.5849 10.7747
3 16 -6.2657 2.5849 10.7747 -2.8962 0.9612 10.6737 -3.152 2.5849 12.0581
3 16 -6.5289 4.9517 11.1133 -6.2657 2.5849 10.7747 -3.3797 4.9517 12.4312
3 16 -3.3797 4.9517 12.4312 -6.2657 2.5849 10.7747 -3.152 2.5849 12.0581
3 16 -6.5289 4.9517 11.1133 -3.3797 4.9517 12.4312 -6.3579 8.7511 11.0258
3 16 -6.3579 8.7511 11.0258 -3.3797 4.9517 12.4312 -3.2641 8.7002 12.1391
3 16 -6.0893 12.3665 10.676 -6.3579 8.7511 11.0258 -3.1142 12.2641 11.6559
3 16 -3.1142 12.2641 11.6559 -6.3579 8.7511 11.0258 -3.2641 8.7002 12.1391
3 16 -2.9588 14.9401 11.3958 -5.8219 15.1065 10.4977 -3.1142 12.2641 11.6559
3 16 -3.1142 12.2641 11.6559 -5.8219 15.1065 10.4977 -6.0893 12.3665 10.676
3 16 -2.4018 20.3555 10.16 -4.7138 20.5744 9.3595 -2.8209 17.3137 11.165
3 16 -2.8209 17.3137 11.165 -4.7138 20.5744 9.3595 -5.5847 17.537 10.3396
3 16 -3.6079 22.4075 8.0002 -1.8635 22.2721 8.6747 -2.5897 23.4314 6.7009
3 16 -2.5897 23.4314 6.7009 -1.8635 22.2721 8.6747 -1.3954 23.2693 7.2597
3 16 -2.4423 -0.005 8.5814 0 -0.005 8.9756 -2.8962 0.9612 10.6737
3 16 -2.8962 0.9612 10.6737 0 -0.005 8.9756 0 0.9612 11.23
3 16 -4.6503 -0.005 7.6576 -2.4423 -0.005 8.5814 -5.6955 0.9612 9.5591
3 16 -5.6955 0.9612 9.5591 -2.4423 -0.005 8.5814 -2.8962 0.9612 10.6737
3 16 -6.5658 -0.005 6.1789 -4.6503 -0.005 7.6576 -7.8959 0.9612 7.6437
3 16 -7.8959 0.9612 7.6437 -4.6503 -0.005 7.6576 -5.6955 0.9612 9.5591
3 16 -8.0675 -0.005 4.451 -6.5658 -0.005 6.1789 -9.5971 0.9612 5.4375
3 16 -9.5971 0.9612 5.4375 -6.5658 -0.005 6.1789 -7.8959 0.9612 7.6437
3 16 -8.9567 -0.005 2.4039 -8.0675 -0.005 4.451 -10.6395 0.9612 2.8795
3 16 -10.6395 0.9612 2.8795 -8.0675 -0.005 4.451 -9.5971 0.9612 5.4375
3 16 -11.0732 0.9605 0 -9.3673 -0.005 0 -10.6395 0.9612 2.8795
3 16 -10.6395 0.9612 2.8795 -9.3673 -0.005 0 -8.9567 -0.005 2.4039
3 16 -9.3673 -0.005 0 -11.0732 0.9605 0 -9.0163 -0.005 -2.1989
3 16 -9.0163 -0.005 -2.1989 -11.0732 0.9605 0 -10.6757 0.9612 -2.716
3 16 -9.6518 0.9612 -5.3512 -8.1294 -0.005 -4.3075 -10.6757 0.9612 -2.716
3 16 -10.6757 0.9612 -2.716 -8.1294 -0.005 -4.3075 -9.0163 -0.005 -2.1989
3 16 -8.1294 -0.005 -4.3075 -9.6518 0.9612 -5.3512 -6.6644 -0.005 -6.2824
3 16 -6.6644 -0.005 -6.2824 -9.6518 0.9612 -5.3512 -7.9075 0.9612 -7.6724
3 16 -5.723 0.9612 -9.5049 -4.7562 -0.005 -7.7834 -7.9075 0.9612 -7.6724
3 16 -7.9075 0.9612 -7.6724 -4.7562 -0.005 -7.7834 -6.6644 -0.005 -6.2824
3 16 -4.7562 -0.005 -7.7834 -5.723 0.9612 -9.5049 -2.5026 -0.005 -8.756
3 16 -2.5026 -0.005 -8.756 -5.723 0.9612 -9.5049 -2.9273 0.9612 -10.7308
3 16 0 0.9612 -11.2768 0 -0.005 -9.1294 -2.9273 0.9612 -10.7308
3 16 -2.9273 0.9612 -10.7308 0 -0.005 -9.1294 -2.5026 -0.005 -8.756
3 16 0 23.6982 -2.3937 0 26.2721 -2.4679 -0.9671 23.6818 -2.2973
3 16 -0.9671 23.6818 -2.2973 0 26.2721 -2.4679 -1.2804 26.1664 -2.3007
3 16 -0.9671 23.6818 -2.2973 -1.2804 26.1664 -2.3007 -1.9559 23.6042 -2.0092
3 16 -1.9559 23.6042 -2.0092 -1.2804 26.1664 -2.3007 -2.3747 25.9133 -1.867
3 16 -3.6787 21.9318 5.7362 -3.5263 23.5444 6.0031 -2.9348 21.8542 6.4485
3 16 -2.9348 21.8542 6.4485 -3.5263 23.5444 6.0031 -2.5897 23.4314 6.7009
3 16 -4.2457 21.9482 4.9468 -4.2172 23.7287 5.1209 -3.6787 21.9318 5.7362
3 16 -3.6787 21.9318 5.7362 -4.2172 23.7287 5.1209 -3.5263 23.5444 6.0031
3 16 0 21.0289 7.4677 -0.9511 21.0239 7.3605 0 23.2237 7.4678
3 16 0 23.2237 7.4678 -0.9511 21.0239 7.3605 -1.3954 23.2693 7.2597
3 16 -2.9348 21.8542 6.4485 -2.5897 23.4314 6.7009 -2.2214 21.5604 6.9196
3 16 -2.2214 21.5604 6.9196 -2.5897 23.4314 6.7009 -1.3954 23.2693 7.2597
3 16 -2.7206 23.3104 -1.6269 -1.9559 23.6042 -2.0092 -3.4376 25.4979 -1.0755
3 16 -3.4376 25.4979 -1.0755 -1.9559 23.6042 -2.0092 -2.3747 25.9133 -1.867
3 16 -1.9097 21.0003 7.0752 -2.2214 21.5604 6.9196 -0.9511 21.0239 7.3605
3 16 -0.9511 21.0239 7.3605 -2.2214 21.5604 6.9196 -1.3954 23.2693 7.2597
3 16 -3.0112 22.7503 -1.4348 -2.7206 23.3104 -1.6269 -3.4376 25.4979 -1.0755
3 16 -1.9559 23.6042 -2.0092 0 23.5214 -1.9354 -0.9671 23.6818 -2.2973
3 16 -0.9671 23.6818 -2.2973 0 23.5214 -1.9354 0 23.6982 -2.3937
3 16 -4.2457 21.9482 4.9468 -3.6787 21.9318 5.7362 -3.8462 21.7723 4.7051
3 16 -3.8462 21.7723 4.7051 -3.6787 21.9318 5.7362 -2.9348 21.8542 6.4485
3 16 -0.9511 21.0239 7.3605 -0.957 5.0573 7.2022 -1.9097 21.0003 7.0752
3 16 -1.9097 21.0003 7.0752 -0.957 5.0573 7.2022 -1.9228 5.0328 6.9353
3 16 0 21.0289 7.4677 0 5.0819 7.3184 -0.9511 21.0239 7.3605
3 16 -0.9511 21.0239 7.3605 0 5.0819 7.3184 -0.957 5.0573 7.2022
3 16 -3.1752 5.0009 -0.5773 -2.8581 5.009 -0.9139 -3.6169 4.9897 -0.6662
3 16 -3.6169 4.9897 -0.6662 -2.8581 5.009 -0.9139 -2.8841 5.0083 -1.3755
3 16 -3.1752 5.0009 -0.5773 -3.6169 4.9897 -0.6662 -3.3515 4.9965 -0.0001
3 16 -3.3515 4.9965 -0.0001 -3.6169 4.9897 -0.6662 -4.176 4.9756 0.1078
3 16 0 5.0815 1.4641 0 5.0813 0 -1.0143 5.0557 1.7382
3 16 0 5.0819 7.3184 0 5.0818 5.536 -0.957 5.0573 7.2022
3 16 -0.957 5.0573 7.2022 0 5.0818 5.536 -1.0144 5.0558 5.2619
3 16 -2.4935 5.0182 -1.1215 -2.8841 5.0083 -1.3755 -2.8581 5.009 -0.9139
3 16 -2.0074 5.0305 -0.6796 -2.1972 5.0257 0 0 5.0813 0
3 16 0 5.0813 0 -2.1972 5.0257 0 -2.0073 5.0306 0.6795
3 16 0 5.0813 0 -2.0073 5.0306 0.6795 -1.0143 5.0557 1.7382
3 16 -1.0143 5.0557 1.7382 -2.0073 5.0306 0.6795 -2.1694 5.0265 1.0321
3 16 -2.4934 5.0182 1.1214 -2.858 5.009 0.9138 -3.3682 4.9961 4.4403
3 16 -2.858 5.009 0.9138 -4.8049 4.9597 1.9402 -3.3682 4.9961 4.4403
3 16 -3.175 5.001 0.5772 -4.583 4.9653 1.0127 -2.858 5.009 0.9138
3 16 -2.858 5.009 0.9138 -4.583 4.9653 1.0127 -4.8049 4.9597 1.9402
3 16 -3.3515 4.9965 -0.0001 -4.176 4.9756 0.1078 -3.175 5.001 0.5772
3 16 -3.175 5.001 0.5772 -4.176 4.9756 0.1078 -4.583 4.9653 1.0127
3 16 -3.3682 4.9961 4.4403 -2.0297 5.03 3.5 -2.4934 5.0182 1.1214
3 16 -2.4934 5.0182 1.1214 -2.0297 5.03 3.5 -1.7577 5.0369 2.4833
3 16 -2.8112 0.5522 -2.7486 -2.9408 0.5589 -1.0247 -3.5741 0.5522 -1.3865
3 16 -3.5741 0.5522 -1.3865 -2.9408 0.5589 -1.0247 -3.3013 0.5611 -0.6452
3 16 -1.8163 0.5522 -3.5016 -2.5021 0.5453 -1.2638 -2.8112 0.5522 -2.7486
3 16 -2.8112 0.5522 -2.7486 -2.5021 0.5453 -1.2638 -2.9408 0.5589 -1.0247
3 16 -2.0771 0.5432 1.1397 -1.8703 0.5492 0.6999 0 0.5522 3.9624
3 16 -1.8703 0.5492 0.6999 0 0.5522 0 0 0.5522 3.9624
3 16 -4.176 4.9756 0.1078 -3.6169 4.9897 -0.6662 -4.2821 25.0333 -0.0018
3 16 -4.2821 25.0333 -0.0018 -3.6169 4.9897 -0.6662 -3.4376 25.4979 -1.0755
3 16 -4.583 4.9653 1.0127 -4.176 4.9756 0.1078 -4.6818 24.7221 0.9022
3 16 -4.6818 24.7221 0.9022 -4.176 4.9756 0.1078 -4.2821 25.0333 -0.0018
3 16 -4.8049 4.9597 1.9402 -4.583 4.9653 1.0127 -4.9209 21.0003 1.8596
3 16 -4.9209 21.0003 1.8596 -4.583 4.9653 1.0127 -4.6818 24.7221 0.9022
3 16 -5.9867 11.0955 -10.7593 -3.2944 13.5243 -11.4201 -3.1837 10.2415 -11.8294
3 16 -3.1837 10.2415 -11.8294 -3.2944 13.5243 -11.4201 -1.8945 12.1688 -11.7697
3 16 0 21.9722 -11.6556 0 19.8046 -12.0033 -2.0979 21.8451 -11.4682
3 16 -2.0979 21.8451 -11.4682 0 19.8046 -12.0033 -2.1885 19.6409 -11.8878
3 16 -3.5148 19.3283 -11.4848 -6.3965 19.0392 -10.2486 -4.173 21.6005 -10.995
3 16 -4.173 21.6005 -10.995 -6.3965 19.0392 -10.2486 -6.3142 21.3144 -9.9712
3 16 -2.1885 19.6409 -11.8878 -2.2554 18.6843 -12.053 -3.5148 19.3283 -11.4848
3 16 -3.5148 19.3283 -11.4848 -2.2554 18.6843 -12.053 -2.2554 17.7544 -11.8781
3 16 -1.9794 16.3861 -11.789 -1.5341 15.111 -11.7577 -3.4643 15.5131 -11.3727
3 16 -3.4643 15.5131 -11.3727 -1.5341 15.111 -11.7577 -3.2944 13.5243 -11.4201
3 16 -3.4643 15.5131 -11.3727 -3.2944 13.5243 -11.4201 -6.257 14.0587 -10.3712
3 16 -6.257 14.0587 -10.3712 -3.2944 13.5243 -11.4201 -5.9867 11.0955 -10.7593
3 16 -6.257 14.0587 -10.3712 -6.3309 16.6981 -10.3062 -3.4643 15.5131 -11.3727
3 16 -3.4643 15.5131 -11.3727 -6.3309 16.6981 -10.3062 -3.5905 17.5297 -11.4696
3 16 -2.3354 26.6425 -5.0913 -1.2618 26.8809 -5.5217 -3.1631 26.413 -7.2867
3 16 -3.1631 26.413 -7.2867 -1.2618 26.8809 -5.5217 -1.6962 26.741 -7.7224
3 16 -2.1003 23.9978 -10.8928 -2.0979 21.8451 -11.4682 -4.1603 23.6848 -10.266
3 16 -4.1603 23.6848 -10.266 -2.0979 21.8451 -11.4682 -4.173 21.6005 -10.995
3 16 -2.1885 19.6409 -11.8878 -3.5148 19.3283 -11.4848 -2.0979 21.8451 -11.4682
3 16 -2.0979 21.8451 -11.4682 -3.5148 19.3283 -11.4848 -4.173 21.6005 -10.995
3 16 0 19.8046 -12.0033 0 18.765 -12.0792 -2.1885 19.6409 -11.8878
3 16 -2.1885 19.6409 -11.8878 0 18.765 -12.0792 -2.2554 18.6843 -12.053
3 16 0 14.3197 -12.2787 -0.6268 14.4915 -12.2464 0 15.1137 -12.6408
3 16 0 15.1137 -12.6408 -0.6268 14.4915 -12.2464 -0.6187 15.2576 -12.5995
3 16 -0.7476 17.1453 -13.51 0 17.1625 -13.6117 -0.6199 16.4065 -13.3483
3 16 -0.6199 16.4065 -13.3483 0 17.1625 -13.6117 0 16.4075 -13.4119
3 16 -1.304 17.8978 -13.0014 0 17.9357 -13.0679 -0.7476 17.1453 -13.51
3 16 -0.7476 17.1453 -13.51 0 17.9357 -13.0679 0 17.1625 -13.6117
3 16 -1.0686 15.3833 -12.3173 -0.6187 15.2576 -12.5995 -0.6268 14.4915 -12.2464
3 16 -0.6199 16.4065 -13.3483 -1.4316 16.5911 -12.4931 -0.7476 17.1453 -13.51
3 16 -0.7476 17.1453 -13.51 -1.4316 16.5911 -12.4931 -1.5804 17.518 -12.6573
3 16 -0.6799 13.3135 -11.7662 -1.5341 15.111 -11.7577 -0.6268 14.4915 -12.2464
3 16 -0.6268 14.4915 -12.2464 -1.5341 15.111 -11.7577 -1.0686 15.3833 -12.3173
3 16 0 12.9768 -11.8006 -0.6799 13.3135 -11.7662 0 14.3197 -12.2787
3 16 0 14.3197 -12.2787 -0.6799 13.3135 -11.7662 -0.6268 14.4915 -12.2464
3 16 -2.2554 18.6843 -12.053 0 18.765 -12.0792 -1.304 17.8978 -13.0014
3 16 -1.304 17.8978 -13.0014 0 18.765 -12.0792 0 17.9357 -13.0679
3 16 -1.4316 16.5911 -12.4931 -1.9794 16.3861 -11.789 -1.5804 17.518 -12.6573
3 16 -1.5804 17.518 -12.6573 -1.9794 16.3861 -11.789 -2.2554 17.7544 -11.8781
3 16 -1.5341 15.111 -11.7577 -1.9794 16.3861 -11.789 -1.0686 15.3833 -12.3173
3 16 -1.0686 15.3833 -12.3173 -1.9794 16.3861 -11.789 -1.4316 16.5911 -12.4931
3 16 0 15.1137 -12.6408 -0.6187 15.2576 -12.5995 0 16.4075 -13.4119
3 16 0 16.4075 -13.4119 -0.6187 15.2576 -12.5995 -0.6199 16.4065 -13.3483
3 16 -0.6187 15.2576 -12.5995 -1.0686 15.3833 -12.3173 -0.6199 16.4065 -13.3483
3 16 -0.6199 16.4065 -13.3483 -1.0686 15.3833 -12.3173 -1.4316 16.5911 -12.4931
3 16 0 26.9833 -5.6159 -1.2618 26.8809 -5.5217 0 26.2721 -2.4679
3 16 0 26.8964 -7.8808 0 26.0373 -9.8308 -1.6962 26.741 -7.7224
3 16 -1.6962 26.741 -7.7224 0 26.0373 -9.8308 -1.9403 25.8676 -9.6385
3 16 -1.6962 26.741 -7.7224 -1.9403 25.8676 -9.6385 -3.1631 26.413 -7.2867
3 16 -3.1631 26.413 -7.2867 -1.9403 25.8676 -9.6385 -3.8331 25.4447 -9.0288
3 16 -5.5869 24.9531 -8.0097 -4.6505 25.8957 -6.4763 -3.8331 25.4447 -9.0288
3 16 -3.8331 25.4447 -9.0288 -4.6505 25.8957 -6.4763 -3.1631 26.413 -7.2867
3 16 -6.1149 25.0187 -4.4964 -4.6505 25.8957 -6.4763 -7.1309 24.1771 -5.8919
3 16 -7.1309 24.1771 -5.8919 -4.6505 25.8957 -6.4763 -5.5869 24.9531 -8.0097
3 16 -7.0919 24.2421 -2.5478 -6.1149 25.0187 -4.4964 -8.3745 23.3346 -3.4808
3 16 -8.3745 23.3346 -3.4808 -6.1149 25.0187 -4.4964 -7.1309 24.1771 -5.8919
3 16 -7.0919 24.2421 -2.5478 -8.3745 23.3346 -3.4808 -7.053 23.9362 -0.3536
3 16 -7.053 23.9362 -0.3536 -8.3745 23.3346 -3.4808 -9.6583 22.1827 -1.4567
3 16 -7.261 23.4288 1.5654 -7.053 23.9362 -0.3536 -9.76 21.6849 1.1113
3 16 -9.76 21.6849 1.1113 -7.053 23.9362 -0.3536 -9.6583 22.1827 -1.4567
3 16 -7.0072 23.0857 3.5256 -7.261 23.4288 1.5654 -9.3493 21.3496 3.5405
3 16 -9.3493 21.3496 3.5405 -7.261 23.4288 1.5654 -9.76 21.6849 1.1113
3 16 -6.2455 22.8481 5.3326 -7.0072 23.0857 3.5256 -8.36 21.1113 5.9163
3 16 -8.36 21.1113 5.9163 -7.0072 23.0857 3.5256 -9.3493 21.3496 3.5405
3 16 -5.1268 22.6477 6.8702 -6.2455 22.8481 5.3326 -6.7857 20.8759 7.9453
3 16 -6.7857 20.8759 7.9453 -6.2455 22.8481 5.3326 -8.36 21.1113 5.9163
3 16 -3.6079 22.4075 8.0002 -5.1268 22.6477 6.8702 -4.7138 20.5744 9.3595
3 16 -4.7138 20.5744 9.3595 -5.1268 22.6477 6.8702 -6.7857 20.8759 7.9453
3 16 -1.8635 22.2721 8.6747 -3.6079 22.4075 8.0002 -2.4018 20.3555 10.16
3 16 -2.4018 20.3555 10.16 -3.6079 22.4075 8.0002 -4.7138 20.5744 9.3595
3 16 0 20.2608 10.4691 0 22.1863 8.9205 -2.4018 20.3555 10.16
3 16 -2.4018 20.3555 10.16 0 22.1863 8.9205 -1.8635 22.2721 8.6747
3 16 -2.1003 23.9978 -10.8928 -1.9403 25.8676 -9.6385 0 24.1413 -11.1255
3 16 0 24.1413 -11.1255 -1.9403 25.8676 -9.6385 0 26.0373 -9.8308
3 16 -1.9403 25.8676 -9.6385 -2.1003 23.9978 -10.8928 -3.8331 25.4447 -9.0288
3 16 -3.8331 25.4447 -9.0288 -2.1003 23.9978 -10.8928 -4.1603 23.6848 -10.266
3 16 -3.8331 25.4447 -9.0288 -4.1603 23.6848 -10.266 -5.5869 24.9531 -8.0097
3 16 -5.5869 24.9531 -8.0097 -4.1603 23.6848 -10.266 -6.0871 23.3365 -9.2285
3 16 -7.1309 24.1771 -5.8919 -5.5869 24.9531 -8.0097 -7.9053 22.7046 -6.9582
3 16 -7.9053 22.7046 -6.9582 -5.5869 24.9531 -8.0097 -6.0871 23.3365 -9.2285
3 16 -8.3745 23.3346 -3.4808 -7.1309 24.1771 -5.8919 -9.3681 22.0206 -4.3169
3 16 -9.3681 22.0206 -4.3169 -7.1309 24.1771 -5.8919 -7.9053 22.7046 -6.9582
3 16 -9.6583 22.1827 -1.4567 -8.3745 23.3346 -3.4808 -9.3681 22.0206 -4.3169
3 16 -2.1696 5.0264 -1.0322 -2.0074 5.0305 -0.6796 0 5.0812 -1.3806
3 16 0 5.0812 -1.3806 -2.0074 5.0305 -0.6796 0 5.0813 0
3 16 -2.8841 5.0083 -1.3755 -2.4935 5.0182 -1.1215 0 5.0812 -1.3806
3 16 -2.4935 5.0182 -1.1215 -2.1696 5.0264 -1.0322 0 5.0812 -1.3806
3 16 -1.8945 12.1688 -11.7697 -0.6799 13.3135 -11.7662 0 11.8884 -11.9546
3 16 0 11.8884 -11.9546 -0.6799 13.3135 -11.7662 0 12.9768 -11.8006
3 16 -1.304 17.8978 -13.0014 -0.7476 17.1453 -13.51 -1.5804 17.518 -12.6573
3 16 -1.304 17.8978 -13.0014 -1.5804 17.518 -12.6573 -2.2554 18.6843 -12.053
3 16 -2.2554 18.6843 -12.053 -1.5804 17.518 -12.6573 -2.2554 17.7544 -11.8781
3 16 -2.2554 17.7544 -11.8781 -3.5905 17.5297 -11.4696 -3.5148 19.3283 -11.4848
3 16 -1.0143 5.0557 1.7382 -2.1694 5.0265 1.0321 -1.7577 5.0369 2.4833
3 16 -1.7577 5.0369 2.4833 -2.1694 5.0265 1.0321 -2.4934 5.0182 1.1214
3 16 8.708 16.3612 -8.4534 6.3258 16.6974 -10.3089 8.6779 18.623 -8.316
3 16 8.6779 18.623 -8.316 6.3258 16.6974 -10.3089 6.3965 19.0392 -10.2486
3 16 10.6337 16.0922 -5.8804 8.708 16.3612 -8.4534 10.5797 18.3212 -5.6394
3 16 10.5797 18.3212 -5.6394 8.708 16.3612 -8.4534 8.6779 18.623 -8.316
3 16 11.5891 19.0629 -2.3929 11.8107 16.3672 -2.6545 10.5797 18.3212 -5.6394
3 16 10.5797 18.3212 -5.6394 11.8107 16.3672 -2.6545 10.6337 16.0922 -5.8804
3 16 11.8107 16.3672 -2.6545 11.5891 19.0629 -2.3929 12.077 16.1327 0.5252
3 16 12.077 16.1327 0.5252 11.5891 19.0629 -2.3929 11.7705 18.7827 0.7794
3 16 11.5094 15.8444 3.5572 12.077 16.1327 0.5252 11.15 18.4488 3.6733
3 16 11.15 18.4488 3.6733 12.077 16.1327 0.5252 11.7705 18.7827 0.7794
3 16 10.3013 15.5718 6.4136 11.5094 15.8444 3.5572 9.9796 18.1217 6.4295
3 16 9.9796 18.1217 6.4295 11.5094 15.8444 3.5572 11.15 18.4488 3.6733
3 16 8.3705 15.3305 8.8334 10.3013 15.5718 6.4136 8.0827 17.8258 8.7731
3 16 8.0827 17.8258 8.7731 10.3013 15.5718 6.4136 9.9796 18.1217 6.4295
3 16 5.8201 15.1065 10.4985 8.3705 15.3305 8.8334 5.5847 17.537 10.3396
3 16 5.5847 17.537 10.3396 8.3705 15.3305 8.8334 8.0827 17.8258 8.7731
3 16 2.9568 14.9401 11.3961 5.8201 15.1065 10.4985 2.8209 17.3137 11.165
3 16 2.8209 17.3137 11.165 5.8201 15.1065 10.4985 5.5847 17.537 10.3396
3 16 0 14.8815 11.7008 2.9568 14.9401 11.3961 0 17.2374 11.4561
3 16 0 17.2374 11.4561 2.9568 14.9401 11.3961 2.8209 17.3137 11.165
3 16 0 14.8815 11.7008 0 17.2374 11.4561 -2.9588 14.9401 11.3958
3 16 -2.9588 14.9401 11.3958 0 17.2374 11.4561 -2.8209 17.3137 11.165
3 16 -5.5847 17.537 10.3396 -5.8219 15.1065 10.4977 -2.8209 17.3137 11.165
3 16 -2.8209 17.3137 11.165 -5.8219 15.1065 10.4977 -2.9588 14.9401 11.3958
3 16 -5.8219 15.1065 10.4977 -5.5847 17.537 10.3396 -8.3719 15.329 8.8322
3 16 -8.3719 15.329 8.8322 -5.5847 17.537 10.3396 -8.0827 17.8258 8.7731
3 16 -9.9796 18.1217 6.4295 -10.3021 15.5719 6.4122 -8.0827 17.8258 8.7731
3 16 -8.0827 17.8258 8.7731 -10.3021 15.5719 6.4122 -8.3719 15.329 8.8322
3 16 -10.3021 15.5719 6.4122 -9.9796 18.1217 6.4295 -11.5098 15.8445 3.5559
3 16 -11.5098 15.8445 3.5559 -9.9796 18.1217 6.4295 -11.15 18.4488 3.6733
3 16 -11.7705 18.7827 0.7794 -12.077 16.1327 0.5252 -11.15 18.4488 3.6733
3 16 -11.15 18.4488 3.6733 -12.077 16.1327 0.5252 -11.5098 15.8445 3.5559
3 16 -11.8099 16.366 -2.6596 -12.077 16.1327 0.5252 -11.5891 19.0629 -2.3929
3 16 -11.5891 19.0629 -2.3929 -12.077 16.1327 0.5252 -11.7705 18.7827 0.7794
3 16 -11.5891 19.0629 -2.3929 -10.585 18.3121 -5.6438 -11.8099 16.366 -2.6596
3 16 -11.8099 16.366 -2.6596 -10.585 18.3121 -5.6438 -10.6365 16.0874 -5.8828
3 16 -10.6365 16.0874 -5.8828 -10.585 18.3121 -5.6438 -8.7277 16.3503 -8.4593
3 16 -8.7277 16.3503 -8.4593 -10.585 18.3121 -5.6438 -8.6922 18.6178 -8.3333
3 16 -6.3965 19.0392 -10.2486 -6.3309 16.6981 -10.3062 -8.6922 18.6178 -8.3333
3 16 -8.6922 18.6178 -8.3333 -6.3309 16.6981 -10.3062 -8.7277 16.3503 -8.4593
3 16 -6.3309 16.6981 -10.3062 -6.3965 19.0392 -10.2486 -3.5905 17.5297 -11.4696
3 16 -3.5905 17.5297 -11.4696 -6.3965 19.0392 -10.2486 -3.5148 19.3283 -11.4848
3 16 3.5905 17.5301 -11.4696 6.3258 16.6974 -10.3089 3.4682 15.5148 -11.3717
3 16 3.4682 15.5148 -11.3717 6.3258 16.6974 -10.3089 6.246 14.0574 -10.3769
3 16 2.2554 17.7544 -11.8781 3.5905 17.5301 -11.4696 1.9794 16.3861 -11.789
3 16 1.9794 16.3861 -11.789 3.5905 17.5301 -11.4696 3.4682 15.5148 -11.3717
3 16 -2.2554 17.7544 -11.8781 -1.9794 16.3861 -11.789 -3.5905 17.5297 -11.4696
3 16 -3.5905 17.5297 -11.4696 -1.9794 16.3861 -11.789 -3.4643 15.5131 -11.3727
2 24 5.7692 -0.005 2.3897 4.4155 -0.005 4.4155
2 24 5.6522 -4.4218 2.3412 4.326 -4.4218 4.326
2 24 4.4155 -0.005 4.4155 2.3897 -0.005 5.7692
2 24 4.326 -4.4218 4.326 2.3412 -4.4218 5.6522
2 24 2.3897 -0.005 5.7692 0 -0.005 6.2445
2 24 2.3412 -4.4218 5.6522 0 -4.4218 6.1179
2 24 0 -4.4218 -6.1179 2.3412 -4.4218 -5.6522
2 24 0 -0.005 -6.2445 2.3897 -0.005 -5.7692
2 24 2.3897 -0.005 -5.7692 4.4155 -0.005 -4.4155
2 24 2.3412 -4.4218 -5.6522 4.326 -4.4218 -4.326
2 24 4.4155 -0.005 -4.4155 5.7692 -0.005 -2.3897
2 24 4.326 -4.4218 -4.326 5.6522 -4.4218 -2.3412
2 24 5.7692 -0.005 -2.3897 6.2445 -0.005 0
2 24 5.6522 -4.4218 -2.3412 6.1179 -4.4219 0
2 24 5.7692 -0.005 2.3897 6.2445 -0.005 0
2 24 5.6522 -4.4218 2.3412 6.1179 -4.4219 0
2 24 5.6522 -4.4218 2.3412 4.326 -4.4218 4.326
2 24 3.7408 -4.4218 2.0093 2.937 -4.4218 2.8613
2 24 4.326 -4.4218 4.326 2.3412 -4.4218 5.6522
2 24 2.937 -4.4218 2.8613 1.9877 -4.4218 3.7408
2 24 2.3412 -4.4218 5.6522 0 -4.4218 6.1179
2 24 1.9877 -4.4218 3.7408 0 -4.4218 4.3579
2 24 0 -4.4218 -6.1179 2.3412 -4.4218 -5.6522
2 24 0 -4.4218 -4.358 1.9877 -4.4218 -3.7408
2 24 2.3412 -4.4218 -5.6522 4.326 -4.4218 -4.326
2 24 1.9877 -4.4218 -3.7408 2.937 -4.4218 -2.8613
2 24 4.326 -4.4218 -4.326 5.6522 -4.4218 -2.3412
2 24 2.937 -4.4218 -2.8613 3.7408 -4.4218 -2.0093
2 24 5.6522 -4.4218 -2.3412 6.1179 -4.4219 0
2 24 3.7408 -4.4218 -2.0093 4.2607 -4.4219 0
2 24 5.6522 -4.4218 2.3412 6.1179 -4.4219 0
2 24 3.7408 -4.4218 2.0093 4.2607 -4.4219 0
2 24 -5.7692 -0.005 2.3897 -4.4155 -0.005 4.4155
2 24 -5.6522 -4.4218 2.3412 -4.326 -4.4218 4.326
2 24 -4.4155 -0.005 4.4155 -2.3897 -0.005 5.7692
2 24 -4.326 -4.4218 4.326 -2.3412 -4.4218 5.6522
2 24 0 -0.005 6.2445 -2.3897 -0.005 5.7692
2 24 0 -4.4218 6.1179 -2.3412 -4.4218 5.6522
2 24 0 -4.4218 -6.1179 -2.3412 -4.4218 -5.6522
2 24 0 -0.005 -6.2445 -2.3897 -0.005 -5.7692
2 24 -2.3897 -0.005 -5.7692 -4.4155 -0.005 -4.4155
2 24 -2.3412 -4.4218 -5.6522 -4.326 -4.4218 -4.326
2 24 -4.4155 -0.005 -4.4155 -5.7692 -0.005 -2.3897
2 24 -4.326 -4.4218 -4.326 -5.6522 -4.4218 -2.3412
2 24 -5.7692 -0.005 -2.3897 -6.2445 -0.005 0
2 24 -5.6522 -4.4218 -2.3412 -6.1179 -4.4219 0
2 24 -5.7692 -0.005 2.3897 -6.2445 -0.005 0
2 24 -5.6522 -4.4218 2.3412 -6.1179 -4.4219 0
2 24 -5.6522 -4.4218 2.3412 -4.326 -4.4218 4.326
2 24 -3.7408 -4.4218 2.0093 -2.937 -4.4218 2.8613
2 24 -2.937 -4.4218 2.8613 -1.9877 -4.4218 3.7408
2 24 -4.326 -4.4218 4.326 -2.3412 -4.4218 5.6522
2 24 0 -4.4218 4.3579 -1.9877 -4.4218 3.7408
2 24 0 -4.4218 6.1179 -2.3412 -4.4218 5.6522
2 24 0 -4.4218 -4.358 -1.9877 -4.4218 -3.7408
2 24 0 -4.4218 -6.1179 -2.3412 -4.4218 -5.6522
2 24 -2.3412 -4.4218 -5.6522 -4.326 -4.4218 -4.326
2 24 -1.9877 -4.4218 -3.7408 -2.937 -4.4218 -2.8613
2 24 -2.937 -4.4218 -2.8613 -3.7408 -4.4218 -2.0093
2 24 -4.326 -4.4218 -4.326 -5.6522 -4.4218 -2.3412
2 24 -3.7408 -4.4218 -2.0093 -4.2607 -4.4219 0
2 24 -5.6522 -4.4218 -2.3412 -6.1179 -4.4219 0
2 24 -5.6522 -4.4218 2.3412 -6.1179 -4.4219 0
2 24 -3.7408 -4.4218 2.0093 -4.2607 -4.4219 0
2 24 3.4906 0.5532 0 3.3013 0.5611 -0.6452
2 24 3.9305 0.5522 0 3.5741 0.5522 -1.3865
2 24 2.0772 0.5411 -1.1398 1.8705 0.5471 -0.7
2 24 0 0.5522 -3.9625 1.8163 0.5522 -3.5016
2 24 2.0772 0.5411 -1.1398 2.5021 0.5453 -1.2638
2 24 3.1752 5.0009 -0.5773 3.3515 4.9965 -0.0001
2 24 3.3013 0.5611 -0.6452 3.4906 0.5532 0
2 24 1.8705 0.5471 -0.7 2.0609 0.553 0
2 24 2.0074 5.0305 -0.6796 2.1972 5.0257 0
2 24 2.0772 0.5411 -1.1398 2.1696 5.0264 -1.0322
2 24 1.8705 0.5471 -0.7 2.0772 0.5411 -1.1398
2 24 2.0074 5.0305 -0.6796 2.1696 5.0264 -1.0322
2 24 2.5021 0.5453 -1.2638 2.4935 5.0182 -1.1215
2 24 2.0772 0.5411 -1.1398 2.5021 0.5453 -1.2638
2 24 2.1696 5.0264 -1.0322 2.4935 5.0182 -1.1215
2 24 2.4935 5.0182 -1.1215 2.8581 5.009 -0.9139
2 24 2.5021 0.5453 -1.2638 2.9408 0.5589 -1.0247
2 24 3.3013 0.5611 -0.6452 2.9408 0.5589 -1.0247
2 24 3.1752 5.0009 -0.5773 2.8581 5.009 -0.9139
2 24 3.4906 0.5532 0 3.3011 0.5633 0.6451
2 24 3.9305 0.5522 0 3.574 0.5522 1.3864
2 24 3.574 0.5522 1.3864 2.812 0.5522 2.7477
2 24 3.3011 0.5633 0.6451 2.9407 0.5611 1.0246
2 24 2.812 0.5522 2.7477 1.8169 0.5522 3.5011
2 24 2.9407 0.5611 1.0246 2.502 0.5474 1.2637
2 24 3.4906 0.5532 0 3.3011 0.5633 0.6451
2 24 3.3515 4.9965 -0.0001 3.175 5.001 0.5772
2 24 2.0609 0.553 0 1.8703 0.5492 0.6999
2 24 2.1972 5.0257 0 2.0073 5.0306 0.6795
2 24 1.8703 0.5492 0.6999 2.0771 0.5432 1.1397
2 24 2.0771 0.5432 1.1397 2.1694 5.0265 1.0321
2 24 2.0073 5.0306 0.6795 2.1694 5.0265 1.0321
2 24 2.0771 0.5432 1.1397 2.502 0.5474 1.2637
2 24 2.502 0.5474 1.2637 2.4934 5.0182 1.1214
2 24 2.1694 5.0265 1.0321 2.4934 5.0182 1.1214
2 24 2.502 0.5474 1.2637 2.9407 0.5611 1.0246
2 24 2.4934 5.0182 1.1214 2.858 5.009 0.9138
2 24 1.8169 0.5522 3.5011 0 0.5522 3.9624
2 24 2.502 0.5474 1.2637 2.0771 0.5432 1.1397
2 24 1.8703 0.5492 0.6999 2.0609 0.553 0
2 24 1.8705 0.5471 -0.7 2.0609 0.553 0
2 24 3.3011 0.5633 0.6451 2.9407 0.5611 1.0246
2 24 3.175 5.001 0.5772 2.858 5.009 0.9138
2 24 1.7609 15 4.5166 1.0166 15 5.2608
2 24 1.0166 15 5.2608 0 15 5.5332
2 24 0 15 1.4667 1.0166 15 1.7392
2 24 1.0166 15 1.7392 1.7609 15 2.4834
2 24 1.7609 15 2.4834 2.0333 15 3.5
2 24 1.7609 15 4.5166 2.0333 15 3.5
2 24 0 15 5.5332 1.0166 15 5.2608
2 24 0 5.0818 5.536 1.0144 5.0558 5.2619
2 24 1.0143 5.0557 1.7382 0 5.0815 1.4641
2 24 1.0166 15 1.7392 0 15 1.4667
2 24 1.0143 5.0557 1.7382 1.7577 5.0369 2.4833
2 24 1.0166 15 1.7392 1.7609 15 2.4834
2 24 1.7577 5.0369 2.4833 2.0297 5.03 3.5
2 24 1.7609 15 2.4834 2.0333 15 3.5
2 24 2.0333 15 3.5 1.7609 15 4.5166
2 24 2.0297 5.03 3.5 1.7578 5.0369 4.5167
2 24 1.0166 15 5.2608 1.7609 15 4.5166
2 24 1.0144 5.0558 5.2619 1.7578 5.0369 4.5167
2 24 3.0112 22.7503 -1.4348 2.8841 5.0083 -1.3755
2 24 3.6169 4.9897 -0.6662 2.8841 5.0083 -1.3755
2 24 0 5.0812 -1.3806 2.8841 5.0083 -1.3755
2 24 3.0112 22.7503 -1.4348 2.8841 5.0083 -1.3755
2 24 1.9559 23.6042 -2.0092 2.7206 23.3104 -1.6269
2 24 3.0112 22.7503 -1.4348 2.7206 23.3104 -1.6269
2 24 4.8049 4.9597 1.9402 3.3682 4.9961 4.4403
2 24 4.8049 4.9597 1.9402 4.9209 21.0003 1.8596
2 24 4.2457 21.9482 4.9468 4.6458 21.9318 4.0611
2 24 4.2172 23.7287 5.1209 4.7705 23.9644 3.8934
2 24 4.6458 21.9318 4.0611 4.8907 21.8542 3.0607
2 24 4.7705 23.9644 3.8934 4.9611 24.3423 2.1827
2 24 4.8907 21.8542 3.0607 4.6458 21.9318 4.0611
2 24 4.6458 21.9318 4.0611 4.2457 21.9482 4.9468
2 24 4.8907 21.8542 3.0607 4.942 21.5604 2.2073
2 24 4.8907 21.8542 3.0607 4.942 21.5604 2.2073
2 24 4.9611 24.3423 2.1827 4.6818 24.7221 0.9022
2 24 4.9209 21.0003 1.8596 4.942 21.5604 2.2073
2 24 4.942 21.5604 2.2073 4.9209 21.0003 1.8596
2 24 2.0297 5.03 3.5 1.7578 5.0369 4.5167
2 24 1.7578 5.0369 4.5167 1.0144 5.0558 5.2619
2 24 3.3682 4.9961 4.4403 1.9228 5.0328 6.9353
2 24 1.9228 5.0328 6.9353 1.9097 21.0003 7.0752
2 24 3.3682 4.9961 4.4403 1.9228 5.0328 6.9353
2 24 1.9228 5.0328 6.9353 0.957 5.0573 7.2022
2 24 2.9348 21.8542 6.4485 2.2214 21.5604 6.9196
2 24 1.9097 21.0003 7.0752 2.2214 21.5604 6.9196
2 24 3.574 0.5522 1.3864 2.812 0.5522 2.7477
2 24 3.7408 -4.4218 2.0093 2.937 -4.4218 2.8613
2 24 2.812 0.5522 2.7477 1.8169 0.5522 3.5011
2 24 2.937 -4.4218 2.8613 1.9877 -4.4218 3.7408
2 24 1.8169 0.5522 3.5011 0 0.5522 3.9624
2 24 1.9877 -4.4218 3.7408 0 -4.4218 4.3579
2 24 0 -4.4218 -4.358 1.9877 -4.4218 -3.7408
2 24 0 0.5522 -3.9625 1.8163 0.5522 -3.5016
2 24 1.8163 0.5522 -3.5016 2.8112 0.5522 -2.7486
2 24 1.9877 -4.4218 -3.7408 2.937 -4.4218 -2.8613
2 24 2.937 -4.4218 -2.8613 3.7408 -4.4218 -2.0093
2 24 2.8112 0.5522 -2.7486 3.5741 0.5522 -1.3865
2 24 3.7408 -4.4218 -2.0093 4.2607 -4.4219 0
2 24 3.5741 0.5522 -1.3865 3.9305 0.5522 0
2 24 3.574 0.5522 1.3864 3.9305 0.5522 0
2 24 3.7408 -4.4218 2.0093 4.2607 -4.4219 0
2 24 4.4155 -0.005 4.4155 2.3897 -0.005 5.7692
2 24 2.3897 -0.005 5.7692 0 -0.005 6.2445
2 24 4.4155 -0.005 -4.4155 5.7692 -0.005 -2.3897
2 24 5.7692 -0.005 -2.3897 6.2445 -0.005 0
2 24 2.5897 23.4314 6.7009 3.5263 23.5444 6.0031
2 24 1.3954 23.2693 7.2597 0 23.2237 7.4678
2 24 2.3747 25.9133 -1.867 1.2804 26.1664 -2.3007
2 24 4.2821 25.0333 -0.0018 3.4376 25.4979 -1.0755
2 24 4.9611 24.3423 2.1827 4.6818 24.7221 0.9022
2 24 4.2172 23.7287 5.1209 4.7705 23.9644 3.8934
2 24 0.6799 13.3135 -11.7662 1.5341 15.111 -11.7577
2 24 2.3897 -0.005 -5.7692 0 -0.005 -6.2445
2 24 1.2804 26.1664 -2.3007 0 26.2721 -2.4679
2 24 2.3897 -0.005 -5.7692 4.4155 -0.005 -4.4155
2 24 2.3747 25.9133 -1.867 3.4376 25.4979 -1.0755
2 24 4.2821 25.0333 -0.0018 4.6818 24.7221 0.9022
2 24 6.2445 -0.005 0 5.7692 -0.005 2.3897
2 24 4.9611 24.3423 2.1827 4.7705 23.9644 3.8934
2 24 4.4155 -0.005 4.4155 5.7692 -0.005 2.3897
2 24 3.5263 23.5444 6.0031 4.2172 23.7287 5.1209
2 24 2.5897 23.4314 6.7009 1.3954 23.2693 7.2597
2 24 1.2804 26.1664 -2.3007 0 26.2721 -2.4679
2 24 0.9671 23.6818 -2.2973 0 23.6982 -2.3937
2 24 1.2804 26.1664 -2.3007 2.3747 25.9133 -1.867
2 24 0.9671 23.6818 -2.2973 1.9559 23.6042 -2.0092
2 24 2.5897 23.4314 6.7009 3.5263 23.5444 6.0031
2 24 2.9348 21.8542 6.4485 3.6787 21.9318 5.7362
2 24 4.2172 23.7287 5.1209 3.5263 23.5444 6.0031
2 24 4.2457 21.9482 4.9468 3.6787 21.9318 5.7362
2 24 1.3954 23.2693 7.2597 0 23.2237 7.4678
2 24 2.5897 23.4314 6.7009 1.3954 23.2693 7.2597
2 24 2.9348 21.8542 6.4485 2.2214 21.5604 6.9196
2 24 1.9559 23.6042 -2.0092 2.7206 23.3104 -1.6269
2 24 3.4376 25.4979 -1.0755 2.3747 25.9133 -1.867
2 24 2.2214 21.5604 6.9196 1.9097 21.0003 7.0752
2 24 3.0112 22.7503 -1.4348 2.7206 23.3104 -1.6269
2 24 0 23.6982 -2.3937 0.9671 23.6818 -2.2973
2 24 1.9559 23.6042 -2.0092 0.9671 23.6818 -2.2973
2 24 2.9348 21.8542 6.4485 3.6787 21.9318 5.7362
2 24 4.2457 21.9482 4.9468 3.6787 21.9318 5.7362
2 24 1.9228 5.0328 6.9353 0.957 5.0573 7.2022
2 24 1.9097 21.0003 7.0752 1.9228 5.0328 6.9353
2 24 0.957 5.0573 7.2022 0 5.0819 7.3184
2 24 3.1752 5.0009 -0.5773 2.8581 5.009 -0.9139
2 24 3.6169 4.9897 -0.6662 2.8841 5.0083 -1.3755
2 24 3.6169 4.9897 -0.6662 4.176 4.9756 0.1078
2 24 3.1752 5.0009 -0.5773 3.3515 4.9965 -0.0001
2 24 0 5.0815 1.4641 1.0143 5.0557 1.7382
2 24 1.0144 5.0558 5.2619 0 5.0818 5.536
2 24 0.957 5.0573 7.2022 0 5.0819 7.3184
2 24 2.8581 5.009 -0.9139 2.4935 5.0182 -1.1215
2 24 2.0073 5.0306 0.6795 2.1972 5.0257 0
2 24 2.1972 5.0257 0 2.0074 5.0305 -0.6796
2 24 2.0073 5.0306 0.6795 2.1694 5.0265 1.0321
2 24 2.4934 5.0182 1.1214 2.858 5.009 0.9138
2 24 3.3682 4.9961 4.4403 4.8049 4.9597 1.9402
2 24 2.858 5.009 0.9138 3.175 5.001 0.5772
2 24 4.8049 4.9597 1.9402 4.583 4.9653 1.0127
2 24 3.3515 4.9965 -0.0001 3.175 5.001 0.5772
2 24 4.176 4.9756 0.1078 4.583 4.9653 1.0127
2 24 2.0297 5.03 3.5 1.7577 5.0369 2.4833
2 24 3.3013 0.5611 -0.6452 2.9408 0.5589 -1.0247
2 24 3.5741 0.5522 -1.3865 2.8112 0.5522 -2.7486
2 24 2.5021 0.5453 -1.2638 2.9408 0.5589 -1.0247
2 24 1.8163 0.5522 -3.5016 2.8112 0.5522 -2.7486
2 24 2.0771 0.5432 1.1397 1.8703 0.5492 0.6999
2 24 3.4376 25.4979 -1.0755 4.2821 25.0333 -0.0018
2 24 3.6169 4.9897 -0.6662 4.176 4.9756 0.1078
2 24 4.176 4.9756 0.1078 4.583 4.9653 1.0127
2 24 4.6818 24.7221 0.9022 4.2821 25.0333 -0.0018
2 24 4.9209 21.0003 1.8596 4.8049 4.9597 1.9402
2 24 4.583 4.9653 1.0127 4.8049 4.9597 1.9402
2 24 2.2554 17.7544 -11.8781 2.2554 18.6843 -12.053
2 24 1.5341 15.111 -11.7577 1.9794 16.3861 -11.789
2 24 2.2554 18.6843 -12.053 0 18.765 -12.0792
2 24 0.7476 17.1453 -13.51 0 17.1625 -13.6117
2 24 0.7476 17.1453 -13.51 1.304 17.8978 -13.0014
2 24 0.6799 13.3135 -11.7662 1.5341 15.111 -11.7577
2 24 0.6799 13.3135 -11.7662 0 12.9768 -11.8006
2 24 0 18.765 -12.0792 2.2554 18.6843 -12.053
2 24 1.304 17.8978 -13.0014 2.2554 18.6843 -12.053
2 24 2.2554 17.7544 -11.8781 1.9794 16.3861 -11.789
2 24 1.5341 15.111 -11.7577 1.9794 16.3861 -11.789
2 24 2.0074 5.0305 -0.6796 2.1696 5.0264 -1.0322
2 24 2.8841 5.0083 -1.3755 0 5.0812 -1.3806
2 24 2.4935 5.0182 -1.1215 2.1696 5.0264 -1.0322
2 24 0.6799 13.3135 -11.7662 0 12.9768 -11.8006
2 24 2.2554 18.6843 -12.053 2.2554 17.7544 -11.8781
2 24 1.0143 5.0557 1.7382 1.7577 5.0369 2.4833
2 24 2.1694 5.0265 1.0321 2.4934 5.0182 1.1214
2 24 -3.4906 0.5532 0 -3.3013 0.5611 -0.6452
2 24 -3.9305 0.5522 0 -3.5741 0.5522 -1.3865
2 24 -2.0772 0.5411 -1.1398 -1.8705 0.5471 -0.7
2 24 0 0.5522 -3.9625 -1.8163 0.5522 -3.5016
2 24 -2.0772 0.5411 -1.1398 -2.5021 0.5453 -1.2638
2 24 -3.4906 0.5532 0 -3.3013 0.5611 -0.6452
2 24 -3.3515 4.9965 -0.0001 -3.1752 5.0009 -0.5773
2 24 -1.8705 0.5471 -0.7 -2.0609 0.553 0
2 24 -2.0074 5.0305 -0.6796 -2.1972 5.0257 0
2 24 -1.8705 0.5471 -0.7 -2.0772 0.5411 -1.1398
2 24 -2.0772 0.5411 -1.1398 -2.1696 5.0264 -1.0322
2 24 -2.0074 5.0305 -0.6796 -2.1696 5.0264 -1.0322
2 24 -2.0772 0.5411 -1.1398 -2.5021 0.5453 -1.2638
2 24 -2.5021 0.5453 -1.2638 -2.4935 5.0182 -1.1215
2 24 -2.1696 5.0264 -1.0322 -2.4935 5.0182 -1.1215
2 24 -2.5021 0.5453 -1.2638 -2.9408 0.5589 -1.0247
2 24 -2.4935 5.0182 -1.1215 -2.8581 5.009 -0.9139
2 24 -3.3013 0.5611 -0.6452 -2.9408 0.5589 -1.0247
2 24 -3.1752 5.0009 -0.5773 -2.8581 5.009 -0.9139
2 24 -3.4906 0.5532 0 -3.3011 0.5633 0.6451
2 24 -3.9305 0.5522 0 -3.574 0.5522 1.3864
2 24 -3.3011 0.5633 0.6451 -2.9407 0.5611 1.0246
2 24 -3.574 0.5522 1.3864 -2.812 0.5522 2.7477
2 24 -2.9407 0.5611 1.0246 -2.502 0.5474 1.2637
2 24 -2.812 0.5522 2.7477 -1.8169 0.5522 3.5011
2 24 -3.3515 4.9965 -0.0001 -3.175 5.001 0.5772
2 24 -3.4906 0.5532 0 -3.3011 0.5633 0.6451
2 24 -2.0609 0.553 0 -1.8703 0.5492 0.6999
2 24 -2.1972 5.0257 0 -2.0073 5.0306 0.6795
2 24 -2.0771 0.5432 1.1397 -2.1694 5.0265 1.0321
2 24 -1.8703 0.5492 0.6999 -2.0771 0.5432 1.1397
2 24 -2.0073 5.0306 0.6795 -2.1694 5.0265 1.0321
2 24 -2.502 0.5474 1.2637 -2.4934 5.0182 1.1214
2 24 -2.0771 0.5432 1.1397 -2.502 0.5474 1.2637
2 24 -2.1694 5.0265 1.0321 -2.4934 5.0182 1.1214
2 24 -2.4934 5.0182 1.1214 -2.858 5.009 0.9138
2 24 -2.502 0.5474 1.2637 -2.9407 0.5611 1.0246
2 24 0 0.5522 3.9624 -1.8169 0.5522 3.5011
2 24 -2.502 0.5474 1.2637 -2.0771 0.5432 1.1397
2 24 -1.8705 0.5471 -0.7 -2.0609 0.553 0
2 24 -2.0609 0.553 0 -1.8703 0.5492 0.6999
2 24 -3.3011 0.5633 0.6451 -2.9407 0.5611 1.0246
2 24 -3.175 5.001 0.5772 -2.858 5.009 0.9138
2 24 -1.7609 15 4.5166 -1.0166 15 5.2608
2 24 0 15 5.5332 -1.0166 15 5.2608
2 24 0 15 1.4667 -1.0166 15 1.7392
2 24 -1.0166 15 1.7392 -1.7609 15 2.4834
2 24 -1.7609 15 2.4834 -2.0333 15 3.5
2 24 -1.7609 15 4.5166 -2.0333 15 3.5
2 24 0 15 5.5332 -1.0166 15 5.2608
2 24 0 5.0818 5.536 -1.0144 5.0558 5.2619
2 24 0 5.0815 1.4641 -1.0143 5.0557 1.7382
2 24 0 15 1.4667 -1.0166 15 1.7392
2 24 -1.0143 5.0557 1.7382 -1.7577 5.0369 2.4833
2 24 -1.0166 15 1.7392 -1.7609 15 2.4834
2 24 -1.7577 5.0369 2.4833 -2.0297 5.03 3.5
2 24 -1.7609 15 2.4834 -2.0333 15 3.5
2 24 -2.0333 15 3.5 -1.7609 15 4.5166
2 24 -2.0297 5.03 3.5 -1.7578 5.0369 4.5167
2 24 -1.0166 15 5.2608 -1.7609 15 4.5166
2 24 -1.0144 5.0558 5.2619 -1.7578 5.0369 4.5167
2 24 -3.6169 4.9897 -0.6662 -2.8841 5.0083 -1.3755
2 24 -3.0112 22.7503 -1.4348 -2.8841 5.0083 -1.3755
2 24 0 5.0812 -1.3806 -2.8841 5.0083 -1.3755
2 24 -2.8841 5.0083 -1.3755 -3.0112 22.7503 -1.4348
2 24 -2.7206 23.3104 -1.6269 -1.9559 23.6042 -2.0092
2 24 -3.0112 22.7503 -1.4348 -2.7206 23.3104 -1.6269
2 24 -4.8049 4.9597 1.9402 -4.9209 21.0003 1.8596
2 24 -4.8049 4.9597 1.9402 -3.3682 4.9961 4.4403
2 24 -4.7705 23.9644 3.8934 -4.2172 23.7287 5.1209
2 24 -4.6458 21.9318 4.0611 -4.2457 21.9482 4.9468
2 24 -4.7705 23.9644 3.8934 -4.9611 24.3423 2.1827
2 24 -4.6458 21.9318 4.0611 -4.8907 21.8542 3.0607
2 24 -4.2457 21.9482 4.9468 -4.6458 21.9318 4.0611
2 24 -4.6458 21.9318 4.0611 -4.8907 21.8542 3.0607
2 24 -4.8907 21.8542 3.0607 -4.942 21.5604 2.2073
2 24 -4.9611 24.3423 2.1827 -4.6818 24.7221 0.9022
2 24 -4.8907 21.8542 3.0607 -4.942 21.5604 2.2073
2 24 -4.9209 21.0003 1.8596 -4.942 21.5604 2.2073
2 24 -4.942 21.5604 2.2073 -4.9209 21.0003 1.8596
2 24 -1.0144 5.0558 5.2619 -1.7578 5.0369 4.5167
2 24 -1.7578 5.0369 4.5167 -2.0297 5.03 3.5
2 24 -1.9097 21.0003 7.0752 -1.9228 5.0328 6.9353
2 24 -3.3682 4.9961 4.4403 -1.9228 5.0328 6.9353
2 24 -0.957 5.0573 7.2022 -1.9228 5.0328 6.9353
2 24 -3.3682 4.9961 4.4403 -1.9228 5.0328 6.9353
2 24 -2.2214 21.5604 6.9196 -2.9348 21.8542 6.4485
2 24 -1.9097 21.0003 7.0752 -2.2214 21.5604 6.9196
2 24 -3.574 0.5522 1.3864 -2.812 0.5522 2.7477
2 24 -3.7408 -4.4218 2.0093 -2.937 -4.4218 2.8613
2 24 -2.812 0.5522 2.7477 -1.8169 0.5522 3.5011
2 24 -2.937 -4.4218 2.8613 -1.9877 -4.4218 3.7408
2 24 0 0.5522 3.9624 -1.8169 0.5522 3.5011
2 24 0 -4.4218 4.3579 -1.9877 -4.4218 3.7408
2 24 0 0.5522 -3.9625 -1.8163 0.5522 -3.5016
2 24 0 -4.4218 -4.358 -1.9877 -4.4218 -3.7408
2 24 -1.8163 0.5522 -3.5016 -2.8112 0.5522 -2.7486
2 24 -1.9877 -4.4218 -3.7408 -2.937 -4.4218 -2.8613
2 24 -2.8112 0.5522 -2.7486 -3.5741 0.5522 -1.3865
2 24 -2.937 -4.4218 -2.8613 -3.7408 -4.4218 -2.0093
2 24 -3.5741 0.5522 -1.3865 -3.9305 0.5522 0
2 24 -3.7408 -4.4218 -2.0093 -4.2607 -4.4219 0
2 24 -3.574 0.5522 1.3864 -3.9305 0.5522 0
2 24 -3.7408 -4.4218 2.0093 -4.2607 -4.4219 0
2 24 -2.3897 -0.005 5.7692 -4.4155 -0.005 4.4155
2 24 0 -0.005 6.2445 -2.3897 -0.005 5.7692
2 24 -5.7692 -0.005 -2.3897 -4.4155 -0.005 -4.4155
2 24 -5.7692 -0.005 -2.3897 -6.2445 -0.005 0
2 24 -3.5263 23.5444 6.0031 -2.5897 23.4314 6.7009
2 24 0 23.2237 7.4678 -1.3954 23.2693 7.2597
2 24 -1.2804 26.1664 -2.3007 -2.3747 25.9133 -1.867
2 24 -3.4376 25.4979 -1.0755 -4.2821 25.0333 -0.0018
2 24 -4.6818 24.7221 0.9022 -4.9611 24.3423 2.1827
2 24 -4.7705 23.9644 3.8934 -4.2172 23.7287 5.1209
2 24 -0.6799 13.3135 -11.7662 -1.5341 15.111 -11.7577
2 24 0 -0.005 -6.2445 -2.3897 -0.005 -5.7692
2 24 0 26.2721 -2.4679 -1.2804 26.1664 -2.3007
2 24 -2.3897 -0.005 -5.7692 -4.4155 -0.005 -4.4155
2 24 -2.3747 25.9133 -1.867 -3.4376 25.4979 -1.0755
2 24 -4.2821 25.0333 -0.0018 -4.6818 24.7221 0.9022
2 24 -6.2445 -0.005 0 -5.7692 -0.005 2.3897
2 24 -4.9611 24.3423 2.1827 -4.7705 23.9644 3.8934
2 24 -4.4155 -0.005 4.4155 -5.7692 -0.005 2.3897
2 24 -3.5263 23.5444 6.0031 -4.2172 23.7287 5.1209
2 24 -2.5897 23.4314 6.7009 -1.3954 23.2693 7.2597
2 24 0 23.6982 -2.3937 -0.9671 23.6818 -2.2973
2 24 0 26.2721 -2.4679 -1.2804 26.1664 -2.3007
2 24 -0.9671 23.6818 -2.2973 -1.9559 23.6042 -2.0092
2 24 -1.2804 26.1664 -2.3007 -2.3747 25.9133 -1.867
2 24 -3.6787 21.9318 5.7362 -2.9348 21.8542 6.4485
2 24 -3.5263 23.5444 6.0031 -2.5897 23.4314 6.7009
2 24 -4.2457 21.9482 4.9468 -3.6787 21.9318 5.7362
2 24 -4.2172 23.7287 5.1209 -3.5263 23.5444 6.0031
2 24 0 23.2237 7.4678 -1.3954 23.2693 7.2597
2 24 -2.9348 21.8542 6.4485 -2.2214 21.5604 6.9196
2 24 -2.5897 23.4314 6.7009 -1.3954 23.2693 7.2597
2 24 -1.9559 23.6042 -2.0092 -2.7206 23.3104 -1.6269
2 24 -3.4376 25.4979 -1.0755 -2.3747 25.9133 -1.867
2 24 -2.2214 21.5604 6.9196 -1.9097 21.0003 7.0752
2 24 -3.0112 22.7503 -1.4348 -2.7206 23.3104 -1.6269
2 24 -1.9559 23.6042 -2.0092 -0.9671 23.6818 -2.2973
2 24 0 23.6982 -2.3937 -0.9671 23.6818 -2.2973
2 24 -4.2457 21.9482 4.9468 -3.6787 21.9318 5.7362
2 24 -2.9348 21.8542 6.4485 -3.6787 21.9318 5.7362
2 24 -0.957 5.0573 7.2022 -1.9228 5.0328 6.9353
2 24 -1.9097 21.0003 7.0752 -1.9228 5.0328 6.9353
2 24 0 5.0819 7.3184 -0.957 5.0573 7.2022
2 24 -3.1752 5.0009 -0.5773 -2.8581 5.009 -0.9139
2 24 -3.6169 4.9897 -0.6662 -2.8841 5.0083 -1.3755
2 24 -3.1752 5.0009 -0.5773 -3.3515 4.9965 -0.0001
2 24 -3.6169 4.9897 -0.6662 -4.176 4.9756 0.1078
2 24 0 5.0815 1.4641 -1.0143 5.0557 1.7382
2 24 0 5.0819 7.3184 -0.957 5.0573 7.2022
2 24 0 5.0818 5.536 -1.0144 5.0558 5.2619
2 24 -2.8581 5.009 -0.9139 -2.4935 5.0182 -1.1215
2 24 -2.0074 5.0305 -0.6796 -2.1972 5.0257 0
2 24 -2.1972 5.0257 0 -2.0073 5.0306 0.6795
2 24 -2.0073 5.0306 0.6795 -2.1694 5.0265 1.0321
2 24 -2.4934 5.0182 1.1214 -2.858 5.009 0.9138
2 24 -3.3682 4.9961 4.4403 -4.8049 4.9597 1.9402
2 24 -2.858 5.009 0.9138 -3.175 5.001 0.5772
2 24 -4.8049 4.9597 1.9402 -4.583 4.9653 1.0127
2 24 -3.3515 4.9965 -0.0001 -3.175 5.001 0.5772
2 24 -4.176 4.9756 0.1078 -4.583 4.9653 1.0127
2 24 -2.0297 5.03 3.5 -1.7577 5.0369 2.4833
2 24 -3.5741 0.5522 -1.3865 -2.8112 0.5522 -2.7486
2 24 -3.3013 0.5611 -0.6452 -2.9408 0.5589 -1.0247
2 24 -1.8163 0.5522 -3.5016 -2.8112 0.5522 -2.7486
2 24 -2.5021 0.5453 -1.2638 -2.9408 0.5589 -1.0247
2 24 -2.0771 0.5432 1.1397 -1.8703 0.5492 0.6999
2 24 -3.6169 4.9897 -0.6662 -4.176 4.9756 0.1078
2 24 -3.4376 25.4979 -1.0755 -4.2821 25.0333 -0.0018
2 24 -4.176 4.9756 0.1078 -4.583 4.9653 1.0127
2 24 -4.6818 24.7221 0.9022 -4.2821 25.0333 -0.0018
2 24 -4.583 4.9653 1.0127 -4.8049 4.9597 1.9402
2 24 -4.9209 21.0003 1.8596 -4.8049 4.9597 1.9402
2 24 -2.2554 18.6843 -12.053 -2.2554 17.7544 -11.8781
2 24 -1.5341 15.111 -11.7577 -1.9794 16.3861 -11.789
2 24 0 18.765 -12.0792 -2.2554 18.6843 -12.053
2 24 0 17.1625 -13.6117 -0.7476 17.1453 -13.51
2 24 -0.7476 17.1453 -13.51 -1.304 17.8978 -13.0014
2 24 -0.6799 13.3135 -11.7662 -1.5341 15.111 -11.7577
2 24 0 12.9768 -11.8006 -0.6799 13.3135 -11.7662
2 24 0 18.765 -12.0792 -2.2554 18.6843 -12.053
2 24 -1.304 17.8978 -13.0014 -2.2554 18.6843 -12.053
2 24 -1.9794 16.3861 -11.789 -2.2554 17.7544 -11.8781
2 24 -1.5341 15.111 -11.7577 -1.9794 16.3861 -11.789
2 24 -2.0074 5.0305 -0.6796 -2.1696 5.0264 -1.0322
2 24 0 5.0812 -1.3806 -2.8841 5.0083 -1.3755
2 24 -2.4935 5.0182 -1.1215 -2.1696 5.0264 -1.0322
2 24 0 12.9768 -11.8006 -0.6799 13.3135 -11.7662
2 24 -2.2554 18.6843 -12.053 -2.2554 17.7544 -11.8781
2 24 -1.0143 5.0557 1.7382 -1.7577 5.0369 2.4833
2 24 -2.1694 5.0265 1.0321 -2.4934 5.0182 1.1214
2 24 2.2554 17.7544 -11.8781 1.9794 16.3861 -11.789
2 24 -2.2554 17.7544 -11.8781 -1.9794 16.3861 -11.789
0 STEP
