0 ~Minifig Leg Right with Brown Fur - Fur
0 Name: s\3816cpdg7s02.dat
0 Author: Magnus Forsberg [MagFors]
0 !LDRAW_ORG Unofficial_Subpart
0 !LICENSE Licensed under CC BY 4.0 : see CAreadme.txt

0 BFC CERTIFY CCW

0 // front pattern
3 16 -12.971 0 -8.75 -13.013 -.065 -8.737 -13.62 0 -8.75
3 16 -12.166 1.398 -8.472 -12.971 0 -8.75 -12.936 1.167 -8.518
3 16 -14.399 .32 -8.686 -14.784 .936 -8.564 -14.168 .551 -8.64
3 16 -14.168 .551 -8.64 -13.86 1.398 -8.472 -13.321 .628 -8.625
3 16 -13.62 0 -8.75 -14.168 .551 -8.64 -13.321 .628 -8.625
3 16 -13.62 0 -8.75 -13.321 .628 -8.625 -12.971 0 -8.75
3 16 -13.244 .628 -8.625 -12.936 1.167 -8.518 -12.971 0 -8.75
3 16 -13.013 -.065 -8.737 -13.475 -.142 -8.722 -13.62 0 -8.75
3 16 -15.323 -.989 -8.553 -15.246 0 -8.75 -15.169 -.989 -8.553
3 16 -14.591 0 -8.75 -15.169 -.989 -8.553 -15.246 0 -8.75
4 16 -14.784 .936 -8.564 -14.399 .32 -8.686 -14.591 0 -8.75 -15.246 0 -8.75
3 16 -13.321 .628 -8.625 -13.244 .628 -8.625 -12.971 0 -8.75
3 16 -13.86 1.398 -8.472 -14.168 .551 -8.64 -14.322 1.398 -8.472
3 16 -14.322 1.398 -8.472 -14.168 .551 -8.64 -14.784 .936 -8.564
3 16 -12.936 1.167 -8.518 -12.32 1.629 -8.426 -12.166 1.398 -8.472
3 16 -12.089 1.629 -8.426 -12.166 1.398 -8.472 -12.32 1.629 -8.426
3 16 -7.672 4.482 -7.327 -7.854 4.478 -7.329 -8.085 5.171 -6.866
3 16 -7.392 5.556 -6.609 -8.085 5.479 -6.66 -7.469 5.941 -6.351
4 16 -7.672 4.482 -7.327 -8.085 5.171 -6.866 -7.392 5.556 -6.609 -7.546 4.555 -7.278
3 16 -8.085 5.479 -6.66 -7.392 5.556 -6.609 -8.085 5.171 -6.866
3 16 -8.47 5.479 -6.66 -8.162 6.187 -6.187 -8.085 5.479 -6.66
3 16 -7.7 6.187 -6.187 -8.085 5.479 -6.66 -8.162 6.187 -6.187
3 16 -8.393 11.408 -5.75 -8.547 11.408 -5.75 -8.393 11.562 -5.75
3 16 -7.469 5.941 -6.351 -8.085 5.479 -6.66 -7.7 6.187 -6.187
3 16 -8.162 6.187 -6.187 -8.47 5.479 -6.66 -8.701 6.018 -6.3
3 16 -8.932 5.094 -6.918 -8.701 6.018 -6.3 -8.47 5.479 -6.66
3 16 -8.701 6.018 -6.3 -8.932 5.094 -6.918 -9.471 5.248 -6.815
3 16 -8.547 11.408 -5.75 -9.009 11.716 -5.75 -8.393 11.562 -5.75
3 16 -9.394 13.025 -5.75 -9.856 12.486 -5.75 -9.625 13.256 -5.75
3 16 -9.471 4.401 -7.381 -9.625 4.324 -7.432 -9.702 4.478 -7.329
3 16 -9.471 4.401 -7.381 -9.702 4.478 -7.329 -9.471 5.248 -6.815
3 16 -9.471 4.401 -7.381 -9.471 5.248 -6.815 -8.932 5.094 -6.918
3 16 -10.01 13.256 -5.75 -9.856 12.486 -5.75 -10.78 12.178 -5.75
3 16 -10.78 12.178 -5.75 -10.549 11.177 -5.75 -10.857 12.178 -5.75
3 16 -10.241 11.87 -5.75 -10.549 11.177 -5.75 -10.78 12.178 -5.75
3 16 -8.393 11.562 -5.75 -9.009 11.716 -5.75 -9.086 12.486 -5.75
3 16 -13.013 11.023 -5.75 -12.705 10.484 -5.75 -13.09 10.176 -5.75
3 16 -9.625 13.256 -5.75 -9.856 12.486 -5.75 -10.01 13.256 -5.75
3 16 -9.086 12.486 -5.75 -9.856 12.486 -5.75 -9.394 13.025 -5.75
3 16 -11.473 12.871 -5.75 -11.627 12.024 -5.75 -11.935 12.64 -5.75
3 16 -12.32 11.254 -5.75 -12.551 11.947 -5.75 -11.627 12.024 -5.75
3 16 -12.705 10.484 -5.75 -13.013 11.023 -5.75 -12.32 11.254 -5.75
3 16 -13.09 10.176 -5.75 -12.705 10.099 -5.75 -12.936 9.791 -5.75
3 16 -12.705 10.099 -5.75 -13.09 10.176 -5.75 -12.705 10.484 -5.75
3 16 -12.551 11.947 -5.75 -12.32 11.254 -5.75 -13.013 11.023 -5.75
3 16 -11.935 12.64 -5.75 -11.627 12.024 -5.75 -12.551 11.947 -5.75
3 16 -12.782 9.791 -5.75 -12.936 9.791 -5.75 -12.705 10.099 -5.75
3 16 -11.473 12.024 -5.75 -11.627 12.024 -5.75 -10.857 12.178 -5.75
3 16 -10.857 12.178 -5.75 -11.627 12.024 -5.75 -11.165 12.871 -5.75
3 16 -9.856 12.486 -5.75 -9.086 12.486 -5.75 -9.009 11.716 -5.75
3 16 -11.473 12.871 -5.75 -11.165 12.871 -5.75 -11.627 12.024 -5.75
3 16 -11.473 12.024 -5.75 -10.857 12.178 -5.75 -11.011 11.1 -5.75
3 16 -10.241 11.87 -5.75 -10.78 12.178 -5.75 -9.856 12.486 -5.75
3 16 -11.011 11.1 -5.75 -10.857 12.178 -5.75 -10.549 11.177 -5.75

0 // foot
4 16 -13.895 20.964 -11.25 -12.782 21.818 -11.25 -13.234 20.811 -11.25 -13.642 20.811 -11.25
4 16 -14.017 21.248 -11.25 -14.088 21.765 -11.25 -12.782 21.818 -11.25 -13.895 20.964 -11.25
3 16 -14.335 26.854 -11.25 -14.63 27.101 -11.25 -14.63 27.359 -11.25
4 16 -13.234 20.811 -11.25 -12.782 21.818 -11.25 -12.782 21.315 -11.25 -12.936 21.013 -11.25
4 16 -12.551 26.855 -11.25 -12.859 25.848 -11.25 -13.937 25.75 -11.25 -14.335 26.854 -11.25
4 16 -14.088 21.765 -11.25 -13.937 23.027 -11.25 -12.936 23.027 -11.25 -12.782 21.818 -11.25
4 16 -13.937 23.027 -11.25 -13.837 24.428 -11.25 -13.013 24.437 -11.25 -12.936 23.027 -11.25
4 16 -13.837 24.428 -11.25 -13.937 25.75 -11.25 -12.859 25.848 -11.25 -13.013 24.437 -11.25
4 16 -12.243 27.359 -11.25 -12.551 26.855 -11.25 -14.335 26.854 -11.25 -14.63 27.359 -11.25
3 16 -12.243 27.359 -11.25 -12.243 27.157 -11.25 -12.551 26.855 -11.25
4 16 -7.582 20.801 -11.25 -8.034 21.808 -11.25 -6.922 20.954 -11.25 -7.174 20.801 -11.25
4 16 -8.034 21.808 -11.25 -6.728 21.755 -11.25 -6.799 21.238 -11.25 -6.922 20.954 -11.25
3 16 -6.186 27.091 -11.25 -6.481 26.844 -11.25 -6.186 27.349 -11.25
4 16 -8.034 21.305 -11.25 -8.034 21.808 -11.25 -7.582 20.801 -11.25 -7.88 21.003 -11.25
4 16 -6.879 25.74 -11.25 -7.957 25.838 -11.25 -8.265 26.845 -11.25 -6.481 26.844 -11.25
4 16 -7.88 23.017 -11.25 -6.879 23.017 -11.25 -6.728 21.755 -11.25 -8.034 21.808 -11.25
4 16 -7.803 24.427 -11.25 -6.979 24.418 -11.25 -6.879 23.017 -11.25 -7.88 23.017 -11.25
4 16 -7.957 25.838 -11.25 -6.879 25.74 -11.25 -6.979 24.418 -11.25 -7.803 24.427 -11.25
4 16 -6.481 26.844 -11.25 -8.265 26.845 -11.25 -8.573 27.349 -11.25 -6.186 27.349 -11.25
3 16 -8.573 27.147 -11.25 -8.573 27.349 -11.25 -8.265 26.845 -11.25

0 // side pattern
4 16 -18.246 -1.528 3.36 -18.253 -1.312 3.108 -18.251 -1.384 2.712 -18.245 -1.564 2.604
4 16 -18.246 -1.528 3.36 -18.245 -1.564 2.604 -18.218 -2.356 2.964 -18.218 -2.356 3
4 16 -18.179 -3.508 1.74 -18.176 -3.58 1.776 -18.176 -3.58 1.92 -18.183 -3.364 1.848
4 16 -18.201 -2.86 2.136 -18.183 -3.364 1.848 -18.176 -3.58 1.92 -18.197 -2.968 2.532
4 16 -18.201 -2.86 2.136 -18.197 -2.968 2.532 -18.218 -2.356 2.964 -18.223 -2.212 2.424
4 16 -18.336 1.136 -4.524 -18.314 .488 -4.308 -18.314 .488 -3.948 -18.341 1.28 -4.02
3 16 -18.218 -2.356 2.964 -18.245 -1.564 2.604 -18.223 -2.212 2.424
3 16 -18.254 -1.276 2.892 -18.251 -1.384 2.712 -18.253 -1.312 3.108
3 16 -18.195 -3.04 3.324 -18.246 -1.528 3.36 -18.218 -2.356 3
4 16 -18.246 -1.528 3.36 -18.195 -3.04 3.324 -18.21 -2.572 3.864 -18.231 -1.96 3.648
3 16 -18.188 -3.22 3.972 -18.21 -2.572 3.864 -18.195 -3.04 3.324
4 16 -18.195 -3.04 3.324 -18.166 -3.868 3.648 -18.17 -3.76 3.936 -18.188 -3.22 3.972
4 16 -18.166 -3.868 3.648 -18.163 -3.976 3.684 -18.163 -3.976 3.864 -18.17 -3.76 3.936
4 16 -18.336 1.136 -3.336 -18.314 .488 -3.948 -18.301 .092 -3.228 -18.325 .812 -3.228
4 16 -18.28 -.52 -5.424 -18.279 -.556 -5.82 -18.261 -1.06 -5.892 -18.262 -1.06 -5.64
4 16 -18.627 9.668 .624 -18.641 10.1 .192 -18.646 10.244 -.132 -18.619 9.452 -.132
4 16 -18.607 9.092 -1.176 -18.591 8.624 -.996 -18.591 8.624 -.708 -18.597 8.804 -.564
4 16 -18.301 .092 -3.228 -18.28 -.52 -3.768 -18.268 -.88 -3.66 -18.27 -.808 -3.3
3 16 -18.267 -.916 -3.336 -18.27 -.808 -3.3 -18.268 -.88 -3.66
4 16 -18.328 .884 -4.956 -18.311 .38 -5.424 -18.298 .02 -5.064 -18.308 .308 -4.704
3 16 -18.267 -.916 -3.336 -18.268 -.88 -3.66 -18.265 -.952 -3.516
4 16 -18.308 .308 -4.704 -18.314 .488 -4.308 -18.336 1.136 -4.524 -18.328 .884 -4.956
3 16 -18.301 .092 -3.228 -18.314 .488 -3.948 -18.28 -.52 -3.768
4 16 -18.336 1.136 -3.336 -18.34 1.244 -3.444 -18.341 1.28 -4.02 -18.314 .488 -3.948
4 16 -18.28 -.52 -5.424 -18.298 .02 -5.064 -18.311 .38 -5.424 -18.293 -.124 -5.676
3 16 -18.279 -.556 -5.82 -18.28 -.52 -5.424 -18.293 -.124 -5.676
4 16 -18.258 -1.168 -5.712 -18.262 -1.06 -5.64 -18.261 -1.06 -5.892 -18.258 -1.168 -5.82
4 16 -18.594 8.696 1.02 -18.609 9.164 .876 -18.563 7.796 .768 -18.551 7.436 .804
3 16 -18.554 7.544 .768 -18.551 7.436 .804 -18.563 7.796 .768
3 16 -18.581 8.336 .624 -18.609 9.164 .876 -18.597 8.804 .408
3 16 -18.613 9.272 .084 -18.627 9.668 .624 -18.619 9.452 -.132
3 16 -18.598 8.84 -1.176 -18.591 8.624 -.996 -18.607 9.092 -1.176
3 16 -18.612 9.236 -.348 -18.607 9.092 -1.176 -18.597 8.804 -.564
4 16 -18.634 9.884 -.708 -18.625 9.632 -1.32 -18.607 9.092 -1.176 -18.633 9.848 -.672
4 16 -18.655 10.496 -1.86 -18.655 10.496 -1.752 -18.683 11.324 -1.644 -18.682 11.288 -1.824
4 16 -18.641 10.1 -1.536 -18.682 11.288 -1.464 -18.683 11.324 -1.644 -18.655 10.496 -1.752
3 16 -18.644 10.172 -2.688 -18.642 10.136 -2.58 -18.649 10.316 -2.688
4 16 -18.642 10.136 -2.58 -18.645 10.208 -2.436 -18.663 10.748 -2.364 -18.649 10.316 -2.688
4 16 -18.682 11.288 -1.824 -18.663 10.748 -2.364 -18.645 10.208 -2.436 -18.655 10.496 -1.86
4 16 -19.191 26.264 -5.892 -19.189 26.192 -5.208 -19.19 26.228 -5.136 -19.208 26.768 -5.64
4 16 -18.645 10.208 -.816 -18.667 10.856 -1.14 -18.682 11.288 -1.464 -18.641 10.1 -1.536
4 16 -18.646 10.244 -.132 -18.645 10.208 -.312 -18.633 9.848 -.672 -18.619 9.452 -.132
4 16 -18.641 10.1 -1.536 -18.625 9.632 -1.32 -18.634 9.884 -.708 -18.645 10.208 -.816
4 16 -18.619 9.452 -.132 -18.633 9.848 -.672 -18.607 9.092 -1.176 -18.612 9.236 -.348
4 16 -18.627 9.668 .624 -18.613 9.272 .084 -18.597 8.804 .408 -18.609 9.164 .876
3 16 -18.563 7.796 .768 -18.609 9.164 .876 -18.581 8.336 .624
4 16 -18.99 20.36 2.568 -18.99 20.36 2.64 -18.991 20.396 3.324 -19.015 21.08 2.964
4 16 -18.551 7.436 .948 -18.557 7.616 1.02 -18.594 8.696 1.02 -18.551 7.436 .804
4 16 -19.002 20.72 1.308 -18.975 19.928 .876 -18.974 19.892 .912 -18.978 20 1.56
3 16 -18.94 18.884 1.884 -18.947 19.1 1.956 -18.937 18.812 1.74
4 16 -19.001 20.684 .624 -19.002 20.72 1.308 -19.006 20.828 1.164 -19.007 20.864 1.02
4 16 -18.937 18.812 1.488 -18.937 18.812 1.74 -18.947 19.1 1.956 -18.944 18.992 1.344
4 16 -18.99 20.36 2.64 -18.969 19.748 3.144 -18.972 19.82 3.684 -18.991 20.396 3.324
4 16 -19.015 21.08 2.964 -19.021 21.26 2.748 -19.022 21.296 2.604 -19.02 21.224 2.424
4 16 -18.995 20.504 1.884 -18.99 20.36 2.568 -19.015 21.08 2.964 -19.02 21.224 2.424
4 16 -18.969 19.748 3.144 -18.955 19.316 3.648 -18.956 19.352 4.044 -18.972 19.82 3.684
4 16 -18.978 20 1.56 -18.961 19.496 2.064 -18.975 19.928 2.28 -18.978 20 1.596
4 16 -18.951 19.208 4.008 -18.956 19.352 4.044 -18.955 19.316 3.648 -18.95 19.172 3.9
4 16 -18.99 20.36 2.568 -18.995 20.504 1.884 -18.978 20 1.596 -18.975 19.928 2.28
4 16 -18.924 18.416 -.168 -18.928 18.524 -.6 -18.893 17.516 -.6 -18.911 18.02 -.276
4 16 -18.957 19.388 .372 -18.964 19.604 -.204 -18.946 19.064 -.456 -18.942 18.956 .084
4 16 -18.947 19.1 1.956 -18.961 19.496 2.064 -18.978 20 1.56 -18.944 18.992 1.344
3 16 -18.978 20 1.56 -18.974 19.892 .912 -18.944 18.992 1.344
4 16 -19.002 20.72 1.308 -19.001 20.684 .624 -18.985 20.216 .192 -18.975 19.928 .876
4 16 -18.975 19.928 .876 -18.985 20.216 .192 -18.964 19.604 -.204 -18.957 19.388 .372
4 16 -18.928 18.524 -.6 -18.924 18.416 -.168 -18.942 18.956 .084 -18.946 19.064 -.456
4 16 -18.911 18.02 -.276 -18.893 17.516 -.6 -18.889 17.372 -.528 -18.892 17.48 -.312
3 16 -18.889 17.372 -.528 -18.889 17.372 -.384 -18.892 17.48 -.312
4 16 -19.175 25.796 -4.776 -19.164 25.472 -4.524 -19.173 25.724 -3.912 -19.191 26.264 -4.236
4 16 -19.208 26.768 -4.668 -19.19 26.228 -5.136 -19.175 25.796 -4.776 -19.191 26.264 -4.236
3 16 -19.217 27.02 -4.956 -19.19 26.228 -5.136 -19.208 26.768 -4.668
4 16 -19.16 25.364 -5.784 -19.174 25.76 -6.072 -19.155 25.22 -6.108 -19.154 25.184 -6
4 16 -19.16 25.364 -5.784 -19.189 26.192 -5.208 -19.191 26.264 -5.892 -19.174 25.76 -6.072
4 16 -19.217 27.02 -4.956 -19.218 27.056 -5.388 -19.208 26.768 -5.64 -19.19 26.228 -5.136
3 16 -19.219 27.092 -5.136 -19.218 27.056 -5.388 -19.217 27.02 -4.956
4 16 -19.173 25.724 -3.912 -19.164 25.472 -4.524 -19.133 24.572 -3.876 -19.153 25.148 -3.696
4 16 -19.153 25.148 -3.696 -19.133 24.572 -3.876 -19.131 24.5 -3.732 -19.137 24.68 -3.624
3 16 -19.131 24.5 -3.732 -19.131 24.5 -3.696 -19.137 24.68 -3.624
