0 ~Rock  1 x  1 Crystal  6 Point with Axle Hole and Hollow Stud - Quarter
0 Name: s\5686s01.dat
0 Author: Gerald Lasser [GeraldLasser]
0 !LDRAW_ORG Unofficial_Subpart
0 !LICENSE Licensed under CC BY 4.0 : see CAreadme.txt

0 BFC CERTIFY CCW

1 16 0 -24 0 6 0 0 0 1 0 0 0 -6 1-4tang.dat
1 16 0 -24 0 6 0 0 0 1 0 0 0 -6 1-4edge.dat
1 16 0 -5 0 8 0 0 0 -1 0 0 0 -8 1-4tang.dat
1 16 0 -5 0 8 0 0 0 1 0 0 0 -8 1-4edge.dat

3 16 4.913 -19.505 -12.368 5.301 -20.833 -9.181 3.495 -20.693 -10.173
3 16 4.913 -19.505 -12.368 6.59 -19.539 -11.414 5.301 -20.833 -9.181
3 16 5.301 -20.833 -9.181 2.527 -22.112 -8.666 3.495 -20.693 -10.173
3 16 5.301 -20.833 -9.181 4.424 -22.296 -7.663 2.527 -22.112 -8.666
3 16 2.527 -22.112 -8.666 4.424 -22.296 -7.663 3.764 -24 -6.52
3 16 2.527 -22.112 -8.666 3.764 -24 -6.52 1.713 -24 -7.366
3 16 6.59 -19.539 -11.414 4.913 -19.505 -12.368 6.279 -19.047 -14.443
3 16 6.59 -19.539 -11.414 6.279 -19.047 -14.443 7.823 -19.042 -13.551
3 16 5.301 -20.833 -9.181 6.59 -19.539 -11.414 8.255 -19.505 -10.439
3 16 5.301 -20.833 -9.181 8.255 -19.505 -10.439 7.063 -20.693 -8.113
3 16 5.301 -20.833 -9.181 6.242 -22.112 -6.521 4.424 -22.296 -7.663
3 16 5.301 -20.833 -9.181 7.063 -20.693 -8.113 6.242 -22.112 -6.521
3 16 3.764 -24 -6.52 4.424 -22.296 -7.663 6.242 -22.112 -6.521
3 16 6.59 -19.539 -11.414 9.368 -19.047 -12.659 8.255 -19.505 -10.439
3 16 6.59 -19.539 -11.414 7.823 -19.042 -13.551 9.368 -19.047 -12.659
3 16 3.764 -24 -6.52 6.242 -22.112 -6.521 5.522 -24 -5.167
4 16 4.499 -16.172 -11.743 6.279 -19.047 -14.443 4.913 -19.505 -12.368 4.481 -18.651 -11.725
3 16 4.481 -18.651 -11.725 4.913 -19.505 -12.368 3.495 -20.693 -10.173
4 16 4.481 -18.651 -11.725 3.495 -20.693 -10.173 2.527 -22.112 -8.666 3.149 -19.992 -9.682
4 16 3.149 -19.992 -9.682 2.527 -22.112 -8.666 1.713 -24 -7.366 2.125 -21.794 -8.057
3 16 1.713 -24 -7.366 1.423 -24 -6.943 2.125 -21.794 -8.057
3 16 4.499 -16.172 -11.743 6.28 -15.809 -14.442 6.279 -19.047 -14.443
4 16 6.28 -15.809 -14.442 4.499 -16.172 -11.743 3.333 -12.741 -9.926 4.263 -12.499 -11.323
4 16 4.263 -12.499 -11.323 3.333 -12.741 -9.926 2.656 -9.071 -8.815 3.138 -9.028 -9.542
3 16 2.656 -9.071 -8.815 2.611 -5 -8.673 3.138 -9.028 -9.542
3 16 2.656 -9.071 -8.815 2.435 -5 -8.439 2.611 -5 -8.673
3 16 6.057 -12.381 -10.491 6.28 -15.809 -14.442 4.263 -12.499 -11.323
3 16 6.057 -12.381 -10.491 7.823 -15.832 -13.551 6.28 -15.809 -14.442
4 16 6.057 -12.381 -10.491 4.263 -12.499 -11.323 3.138 -9.028 -9.542 5.084 -9.118 -8.806
3 16 4.524 -5 -7.836 5.084 -9.118 -8.806 3.138 -9.028 -9.542
3 16 4.524 -5 -7.836 3.138 -9.028 -9.542 2.611 -5 -8.673
4 16 6.057 -12.381 -10.491 5.084 -9.118 -8.806 6.695 -9.028 -7.489 7.675 -12.499 -9.353
3 16 6.695 -9.028 -7.489 5.084 -9.118 -8.806 4.524 -5 -7.836
3 16 6.695 -9.028 -7.489 4.524 -5 -7.836 6.206 -5 -6.597
3 16 9.367 -15.809 -12.66 6.057 -12.381 -10.491 7.675 -12.499 -9.353
3 16 9.367 -15.809 -12.66 7.823 -15.832 -13.551 6.057 -12.381 -10.491
4 16 6.28 -15.809 -14.442 7.823 -15.832 -13.551 7.823 -19.042 -13.551 6.279 -19.047 -14.443
4 16 7.823 -19.042 -13.551 7.823 -15.832 -13.551 9.367 -15.809 -12.66 9.368 -19.047 -12.659
4 16 8.255 -19.505 -10.439 7.914 -18.651 -9.743 6.81 -19.992 -7.568 7.063 -20.693 -8.113
4 16 5.915 -21.794 -5.868 6.242 -22.112 -6.521 7.063 -20.693 -8.113 6.81 -19.992 -7.568
3 16 5.915 -21.794 -5.868 5.522 -24 -5.167 6.242 -22.112 -6.521
3 16 5.915 -21.794 -5.868 5.301 -24 -4.704 5.522 -24 -5.167
3 16 8.255 -19.505 -10.439 9.368 -19.047 -12.659 7.914 -18.651 -9.743
4 16 7.914 -18.651 -9.743 9.368 -19.047 -12.659 9.367 -15.809 -12.66 7.921 -16.172 -9.768
4 16 9.367 -15.809 -12.66 7.675 -12.499 -9.353 6.93 -12.741 -7.849 7.921 -16.172 -9.768
4 16 7.675 -12.499 -9.353 6.695 -9.028 -7.489 6.306 -9.071 -6.708 6.93 -12.741 -7.849
3 16 6.206 -5 -6.597 6.306 -9.071 -6.708 6.695 -9.028 -7.489
3 16 6.206 -5 -6.597 6.091 -5 -6.328 6.306 -9.071 -6.708
4 16 6.81 -19.992 -7.568 9.959 -19.992 -2.114 8.04 -21.794 -2.188 5.915 -21.794 -5.868
4 16 9.959 -19.992 -2.114 6.81 -19.992 -7.568 7.914 -18.651 -9.743 12.394 -18.651 -1.982
4 16 5.915 -21.794 -5.868 8.04 -21.794 -2.188 6.724 -24 -2.239 5.301 -24 -4.704
4 16 7.921 -16.172 -9.768 6.93 -12.741 -7.849 10.263 -12.741 -2.077 12.419 -16.172 -1.976
4 16 6.93 -12.741 -7.849 6.306 -9.071 -6.708 8.962 -9.071 -2.107 10.263 -12.741 -2.077
4 16 6.306 -9.071 -6.708 6.091 -5 -6.328 8.526 -5 -2.111 8.962 -9.071 -2.107
4 16 12.394 -18.651 -1.982 7.914 -18.651 -9.743 7.921 -16.172 -9.768 12.419 -16.172 -1.976
3 16 13.168 -19.505 -1.929 13.179 -19.539 0 10.602 -20.833 0
3 16 13.168 -19.505 -1.929 10.602 -20.833 0 10.558 -20.693 -2.06
3 16 10.602 -20.833 0 8.769 -22.112 -2.145 10.558 -20.693 -2.06
3 16 10.602 -20.833 0 8.849 -22.296 0 8.769 -22.112 -2.145
3 16 8.769 -22.112 -2.145 8.849 -22.296 0 7.529 -24 0
3 16 8.769 -22.112 -2.145 7.529 -24 0 7.236 -24 -2.199
3 16 13.179 -19.539 0 15.647 -19.047 -1.784 15.647 -19.042 0
3 16 13.179 -19.539 0 13.168 -19.505 -1.929 15.647 -19.047 -1.784
3 16 12.114 -12.381 0 15.647 -15.832 0 15.647 -15.809 -1.782
3 16 12.114 -12.381 0 15.647 -15.809 -1.782 11.938 -12.499 -1.97
4 16 12.114 -12.381 0 11.938 -12.499 -1.97 9.833 -9.028 -2.054 10.168 -9.118 0
3 16 9.049 -5 0 10.168 -9.118 0 9.833 -9.028 -2.054
3 16 9.049 -5 0 9.833 -9.028 -2.054 8.816 -5 -2.076
4 16 15.647 -15.809 -1.782 15.647 -15.832 0 15.647 -19.042 0 15.647 -19.047 -1.784
3 16 15.647 -19.047 -1.784 13.168 -19.505 -1.929 12.394 -18.651 -1.982
4 16 9.959 -19.992 -2.114 12.394 -18.651 -1.982 13.168 -19.505 -1.929 10.558 -20.693 -2.06
4 16 8.04 -21.794 -2.188 9.959 -19.992 -2.114 10.558 -20.693 -2.06 8.769 -22.112 -2.145
3 16 8.04 -21.794 -2.188 8.769 -22.112 -2.145 7.236 -24 -2.199
3 16 8.04 -21.794 -2.188 7.236 -24 -2.199 6.724 -24 -2.239
4 16 15.647 -15.809 -1.782 15.647 -19.047 -1.784 12.394 -18.651 -1.982 12.419 -16.172 -1.976
4 16 10.263 -12.741 -2.077 11.938 -12.499 -1.97 15.647 -15.809 -1.782 12.419 -16.172 -1.976
4 16 11.938 -12.499 -1.97 10.263 -12.741 -2.077 8.962 -9.071 -2.107 9.833 -9.028 -2.054
3 16 8.962 -9.071 -2.107 8.816 -5 -2.076 9.833 -9.028 -2.054
3 16 8.962 -9.071 -2.107 8.526 -5 -2.111 8.816 -5 -2.076
4 16 8 -5 -1.5912 9.049 -5 0 8.816 -5 -2.076 8.526 -5 -2.111

5 24 9.833 -9.028 -2.054 8.962 -9.071 -2.107 8.816 -5 -2.076 11.938 -12.499 -1.97
2 24 7.236 -24 -2.199 6.724 -24 -2.239
5 24 8.04 -21.794 -2.188 7.236 -24 -2.199 6.724 -24 -2.239 8.769 -22.112 -2.145
2 24 6.724 -24 -2.239 8.04 -21.794 -2.188
5 24 8.962 -9.071 -2.107 8.816 -5 -2.076 9.833 -9.028 -2.054 8.526 -5 -2.111
2 24 6.091 -5 -6.328 6.306 -9.071 -6.708
5 24 4.263 -12.499 -11.323 6.057 -12.381 -10.491 6.28 -15.809 -14.442 3.138 -9.028 -9.542
2 24 5.915 -21.794 -5.868 5.301 -24 -4.704
5 24 10.602 -20.833 0 8.769 -22.112 -2.145 10.558 -20.693 -2.06 8.849 -22.296 0
5 24 13.179 -19.539 0 15.647 -19.047 -1.784 15.647 -19.042 0 13.168 -19.505 -1.929
2 24 7.921 -16.172 -9.768 7.914 -18.651 -9.743
2 24 11.938 -12.499 -1.97 9.833 -9.028 -2.054
5 24 4.913 -19.505 -12.368 5.301 -20.833 -9.181 3.495 -20.693 -10.173 6.59 -19.539 -11.414
5 24 3.495 -20.693 -10.173 4.481 -18.651 -11.725 4.913 -19.505 -12.368 2.527 -22.112 -8.666
2 24 8.816 -5 -2.076 9.833 -9.028 -2.054
5 24 9.833 -9.028 -2.054 9.049 -5 0 8.816 -5 -2.076 10.168 -9.118 0
2 24 7.914 -18.651 -9.743 12.394 -18.651 -1.982
5 24 5.084 -9.118 -8.806 3.138 -9.028 -9.542 6.057 -12.381 -10.491 4.524 -5 -7.836
5 24 13.168 -19.505 -1.929 12.394 -18.651 -1.982 10.558 -20.693 -2.06 15.647 -19.047 -1.784
5 24 6.057 -12.381 -10.491 7.675 -12.499 -9.353 9.367 -15.809 -12.66 5.084 -9.118 -8.806
5 24 6.279 -19.047 -14.443 6.59 -19.539 -11.414 7.823 -19.042 -13.551 4.913 -19.505 -12.368
5 24 4.499 -16.172 -11.743 6.28 -15.809 -14.442 3.333 -12.741 -9.926 6.279 -19.047 -14.443
5 24 10.602 -20.833 0 10.558 -20.693 -2.06 8.769 -22.112 -2.145 13.168 -19.505 -1.929
2 24 7.529 -24 0 7.236 -24 -2.199
2 24 6.724 -24 -2.239 5.301 -24 -4.704
2 24 8.962 -9.071 -2.107 8.526 -5 -2.111
2 24 3.764 -24 -6.52 1.713 -24 -7.366
5 24 6.057 -12.381 -10.491 7.823 -15.832 -13.551 9.367 -15.809 -12.66 6.28 -15.809 -14.442
2 24 2.611 -5 -8.673 2.435 -5 -8.439
2 24 9.368 -19.047 -12.659 8.255 -19.505 -10.439
2 24 5.522 -24 -5.167 3.764 -24 -6.52
5 24 4.424 -22.296 -7.663 2.527 -22.112 -8.666 5.301 -20.833 -9.181 3.764 -24 -6.52
2 24 6.206 -5 -6.597 6.695 -9.028 -7.489
5 24 5.301 -20.833 -9.181 3.495 -20.693 -10.173 4.913 -19.505 -12.368 2.527 -22.112 -8.666
5 24 6.59 -19.539 -11.414 5.301 -20.833 -9.181 8.255 -19.505 -10.439 4.913 -19.505 -12.368
5 24 2.656 -9.071 -8.815 2.611 -5 -8.673 2.435 -5 -8.439 3.138 -9.028 -9.542
5 24 6.81 -19.992 -7.568 9.959 -19.992 -2.114 8.04 -21.794 -2.188 7.914 -18.651 -9.743
2 24 9.959 -19.992 -2.114 8.04 -21.794 -2.188
5 24 6.306 -9.071 -6.708 6.695 -9.028 -7.489 6.93 -12.741 -7.849 6.206 -5 -6.597
2 24 15.647 -19.047 -1.784 15.647 -19.042 0
2 24 7.823 -15.832 -13.551 6.28 -15.809 -14.442
2 24 8.255 -19.505 -10.439 7.063 -20.693 -8.113
2 24 7.063 -20.693 -8.113 6.242 -22.112 -6.521
2 24 15.647 -15.809 -1.782 11.938 -12.499 -1.97
2 24 8.769 -22.112 -2.145 10.558 -20.693 -2.06
2 24 9.367 -15.809 -12.66 9.368 -19.047 -12.659
5 24 7.823 -19.042 -13.551 6.59 -19.539 -11.414 9.368 -19.047 -12.659 6.279 -19.047 -14.443
5 24 8.255 -19.505 -10.439 5.301 -20.833 -9.181 6.59 -19.539 -11.414 7.063 -20.693 -8.113
5 24 10.602 -20.833 0 13.168 -19.505 -1.929 13.179 -19.539 0 10.558 -20.693 -2.06
2 24 8.526 -5 -2.111 8.816 -5 -2.076
2 24 3.138 -9.028 -9.542 4.263 -12.499 -11.323
5 24 15.647 -15.809 -1.782 12.114 -12.381 0 11.938 -12.499 -1.97 15.647 -15.832 0
5 24 13.168 -19.505 -1.929 13.179 -19.539 0 10.602 -20.833 0 15.647 -19.047 -1.784
2 24 6.695 -9.028 -7.489 7.675 -12.499 -9.353
5 24 8.04 -21.794 -2.188 5.915 -21.794 -5.868 6.81 -19.992 -7.568 6.724 -24 -2.239
2 24 15.647 -15.832 0 15.647 -15.809 -1.782
5 24 9.367 -15.809 -12.66 6.057 -12.381 -10.491 7.823 -15.832 -13.551 7.675 -12.499 -9.353
2 24 4.524 -5 -7.836 2.611 -5 -8.673
2 24 5.301 -24 -4.704 5.522 -24 -5.167
2 24 6.306 -9.071 -6.708 6.93 -12.741 -7.849
2 24 7.236 -24 -2.199 8.769 -22.112 -2.145
5 24 2.527 -22.112 -8.666 3.149 -19.992 -9.682 1.713 -24 -7.366 4.481 -18.651 -11.725
5 24 7.529 -24 0 8.769 -22.112 -2.145 8.849 -22.296 0 7.236 -24 -2.199
2 24 6.28 -15.809 -14.442 6.279 -19.047 -14.443
2 24 3.495 -20.693 -10.173 4.913 -19.505 -12.368
2 24 1.713 -24 -7.366 2.527 -22.112 -8.666
5 24 7.063 -20.693 -8.113 5.301 -20.833 -9.181 8.255 -19.505 -10.439 6.242 -22.112 -6.521
5 24 6.057 -12.381 -10.491 6.28 -15.809 -14.442 4.263 -12.499 -11.323 7.823 -15.832 -13.551
2 24 10.263 -12.741 -2.077 12.419 -16.172 -1.976
2 24 1.713 -24 -7.366 1.423 -24 -6.943
5 24 4.524 -5 -7.836 5.084 -9.118 -8.806 3.138 -9.028 -9.542 6.695 -9.028 -7.489
5 24 8.849 -22.296 0 8.769 -22.112 -2.145 10.602 -20.833 0 7.529 -24 0
5 24 5.301 -20.833 -9.181 6.242 -22.112 -6.521 4.424 -22.296 -7.663 7.063 -20.693 -8.113
5 24 6.206 -5 -6.597 6.306 -9.071 -6.708 6.695 -9.028 -7.489 6.091 -5 -6.328
5 24 12.394 -18.651 -1.982 15.647 -19.047 -1.784 13.168 -19.505 -1.929 12.419 -16.172 -1.976
5 24 6.59 -19.539 -11.414 9.368 -19.047 -12.659 8.255 -19.505 -10.439 7.823 -19.042 -13.551
2 24 12.419 -16.172 -1.976 12.394 -18.651 -1.982
2 24 7.675 -12.499 -9.353 9.367 -15.809 -12.66
5 24 10.168 -9.118 0 9.833 -9.028 -2.054 9.049 -5 0 12.114 -12.381 0
5 24 6.306 -9.071 -6.708 8.962 -9.071 -2.107 10.263 -12.741 -2.077 6.091 -5 -6.328
5 24 4.524 -5 -7.836 6.695 -9.028 -7.489 6.206 -5 -6.597 5.084 -9.118 -8.806
5 24 5.301 -20.833 -9.181 4.424 -22.296 -7.663 6.242 -22.112 -6.521 2.527 -22.112 -8.666
5 24 12.419 -16.172 -1.976 15.647 -15.809 -1.782 15.647 -19.047 -1.784 10.263 -12.741 -2.077
5 24 4.424 -22.296 -7.663 3.764 -24 -6.52 6.242 -22.112 -6.521 2.527 -22.112 -8.666
2 24 6.28 -15.809 -14.442 4.263 -12.499 -11.323
5 24 6.242 -22.112 -6.521 5.915 -21.794 -5.868 7.063 -20.693 -8.113 5.522 -24 -5.167
5 24 6.242 -22.112 -6.521 3.764 -24 -6.52 4.424 -22.296 -7.663 5.522 -24 -5.167
2 24 10.558 -20.693 -2.06 13.168 -19.505 -1.929
5 24 7.675 -12.499 -9.353 6.93 -12.741 -7.849 6.695 -9.028 -7.489 7.921 -16.172 -9.768
2 24 15.647 -19.047 -1.784 15.647 -15.809 -1.782
5 24 3.138 -9.028 -9.542 4.524 -5 -7.836 5.084 -9.118 -8.806 2.611 -5 -8.673
2 24 4.913 -19.505 -12.368 6.279 -19.047 -14.443
5 24 5.301 -20.833 -9.181 2.527 -22.112 -8.666 3.495 -20.693 -10.173 4.424 -22.296 -7.663
5 24 6.93 -12.741 -7.849 10.263 -12.741 -2.077 6.306 -9.071 -6.708 12.419 -16.172 -1.976
2 24 8.962 -9.071 -2.107 10.263 -12.741 -2.077
5 24 5.915 -21.794 -5.868 5.522 -24 -5.167 6.242 -22.112 -6.521 5.301 -24 -4.704
2 24 9.367 -15.809 -12.66 7.823 -15.832 -13.551
2 24 6.242 -22.112 -6.521 5.522 -24 -5.167
5 24 2.125 -21.794 -8.057 1.713 -24 -7.366 1.423 -24 -6.943 3.149 -19.992 -9.682
5 24 9.368 -19.047 -12.659 7.914 -18.651 -9.743 9.367 -15.809 -12.66 8.255 -19.505 -10.439
5 24 5.084 -9.118 -8.806 6.057 -12.381 -10.491 4.263 -12.499 -11.323 6.695 -9.028 -7.489
2 24 7.914 -18.651 -9.743 6.81 -19.992 -7.568
5 24 3.138 -9.028 -9.542 2.656 -9.071 -8.815 2.611 -5 -8.673 4.263 -12.499 -11.323
2 24 13.168 -19.505 -1.929 15.647 -19.047 -1.784
5 24 6.242 -22.112 -6.521 4.424 -22.296 -7.663 3.764 -24 -6.52 5.301 -20.833 -9.181
2 24 7.823 -19.042 -13.551 9.368 -19.047 -12.659
2 24 12.419 -16.172 -1.976 7.921 -16.172 -9.768
5 24 7.914 -18.651 -9.743 8.255 -19.505 -10.439 9.368 -19.047 -12.659 6.81 -19.992 -7.568
2 24 6.279 -19.047 -14.443 7.823 -19.042 -13.551
2 24 6.93 -12.741 -7.849 7.921 -16.172 -9.768
2 24 6.81 -19.992 -7.568 5.915 -21.794 -5.868
5 24 4.481 -18.651 -11.725 4.913 -19.505 -12.368 3.495 -20.693 -10.173 4.499 -16.172 -11.743
5 24 11.938 -12.499 -1.97 12.114 -12.381 0 9.833 -9.028 -2.054 15.647 -15.809 -1.782
5 24 6.59 -19.539 -11.414 8.255 -19.505 -10.439 9.368 -19.047 -12.659 5.301 -20.833 -9.181
2 24 9.049 -5 0 8.816 -5 -2.076
5 24 6.695 -9.028 -7.489 5.084 -9.118 -8.806 4.524 -5 -7.836 7.675 -12.499 -9.353
5 24 4.913 -19.505 -12.368 6.59 -19.539 -11.414 6.279 -19.047 -14.443 5.301 -20.833 -9.181
2 24 2.527 -22.112 -8.666 3.495 -20.693 -10.173
2 24 2.611 -5 -8.673 3.138 -9.028 -9.542
2 24 12.394 -18.651 -1.982 9.959 -19.992 -2.114
5 24 9.367 -15.809 -12.66 7.921 -16.172 -9.768 7.914 -18.651 -9.743 7.675 -12.499 -9.353
5 24 3.764 -24 -6.52 2.527 -22.112 -8.666 1.713 -24 -7.366 4.424 -22.296 -7.663
2 24 2.435 -5 -8.439 2.656 -9.071 -8.815
2 24 2.656 -9.071 -8.815 3.333 -12.741 -9.926
2 24 3.333 -12.741 -9.926 4.499 -16.172 -11.743
2 24 4.481 -18.651 -11.725 4.499 -16.172 -11.743
2 24 4.481 -18.651 -11.725 3.149 -19.992 -9.682
2 24 3.149 -19.992 -9.682 2.125 -21.794 -8.057
2 24 2.125 -21.794 -8.057 1.423 -24 -6.943
2 24 4.524 -5 -7.836 6.206 -5 -6.597
2 24 6.091 -5 -6.328 6.206 -5 -6.597
2 24 6.091 -5 -6.328 8.526 -5 -2.111
3 16 1.713 -24 -7.366 3.764 -24 -6.52 5.522 -24 -5.167
4 16 5.301 -24 -4.704 1.423 -24 -6.943 1.713 -24 -7.366 5.522 -24 -5.167
3 16 1.1934 -24 -6 0 -24 -6 1.423 -24 -6.943
3 16 2.2962 -24 -5.5434 1.1934 -24 -6 1.423 -24 -6.943
4 16 5.301 -24 -4.704 3.399 -24 -5.0868 2.2962 -24 -5.5434 1.423 -24 -6.943
3 16 3.399 -24 -5.0868 5.301 -24 -4.704 4.2426 -24 -4.2426
4 16 6.724 -24 -2.239 5.0868 -24 -3.399 4.2426 -24 -4.2426 5.301 -24 -4.704
3 16 5.0868 -24 -3.399 6.724 -24 -2.239 5.5434 -24 -2.2962
4 16 7.529 -24 0 6 -24 -1.1934 5.5434 -24 -2.2962 6.724 -24 -2.239
3 16 7.529 -24 0 6.724 -24 -2.239 7.236 -24 -2.199
3 16 6 -24 0 6 -24 -1.1934 7.529 -24 0
3 16 8 -5 0 9.049 -5 0 8 -5 -1.5912
3 16 8 -5 -1.5912 8.526 -5 -2.111 7.3912 -5 -3.0616
4 16 6.091 -5 -6.328 6.7824 -5 -4.532 7.3912 -5 -3.0616 8.526 -5 -2.111
3 16 6.7824 -5 -4.532 6.091 -5 -6.328 5.6568 -5 -5.6568
4 16 6.206 -5 -6.597 4.532 -5 -6.7824 5.6568 -5 -5.6568 6.091 -5 -6.328
4 16 3.0616 -5 -7.3912 4.532 -5 -6.7824 6.206 -5 -6.597 4.524 -5 -7.836
4 16 2.611 -5 -8.673 2.435 -5 -8.439 3.0616 -5 -7.3912 4.524 -5 -7.836
3 16 3.0616 -5 -7.3912 2.435 -5 -8.439 1.5912 -5 -8
3 16 0 -5 -8 1.5912 -5 -8 2.435 -5 -8.439
5 24 13.179 -19.539 0 10.602 -20.833 0 13.168 -19.505 -1.929 13.168 -19.505 1.929
5 24 10.602 -20.833 0 8.849 -22.296 0 8.769 -22.112 -2.145 8.769 -22.112 2.145
5 24 10.168 -9.118 0 12.114 -12.381 0 11.938 -12.499 1.97 11.938 -12.499 -1.97
5 24 9.049 -5 0 10.168 -9.118 0 9.833 -9.028 -2.054 9.833 -9.028 2.054
5 24 15.647 -19.042 0 13.179 -19.539 0 15.647 -19.047 -1.784 15.647 -19.047 1.784
5 24 12.114 -12.381 0 15.647 -15.832 0 15.647 -15.809 -1.782 15.647 -15.809 1.782
5 24 8.849 -22.296 0 7.529 -24 0 8.769 -22.112 -2.145 8.769 -22.112 2.145
