0 Untitled Model
0 Name: Untitled Model
0 Author: 
0 BFC CERTIFY CCW
3 16 -3.4142 8.0594 -12.374 -6.4995 8.0273 -11.0076 -3.0884 10.198 -11.9238
3 16 -3.0884 10.198 -11.9238 -6.4995 8.0273 -11.0076 -6.0091 11.065 -10.8306
3 16 -11.1827 7.9224 -6.3268 -10.9063 10.7793 -6.1047 -9.2021 7.9886 -8.9961
3 16 -9.2021 7.9886 -8.9961 -10.9063 10.7793 -6.1047 -8.9683 10.9516 -8.825
3 16 -12.3276 7.8558 -3.2248 -12.7421 7.7876 0.0669 -12.0558 10.6163 -3.0505
3 16 -12.0558 10.6163 -3.0505 -12.7421 7.7876 0.0669 -12.3686 10.458 0.1625
3 16 -5.723 1.0022 -9.5049 -6.3628 2.6258 -10.8066 -2.9273 0.9609 -10.7308
3 16 -2.9273 0.9609 -10.7308 -6.3628 2.6258 -10.8066 -3.1806 2.5846 -12.1021
3 16 -9.6518 0.9609 -5.3512 -10.9191 2.5846 -6.1198 -8.1885 1.0245 -7.6959
3 16 -8.1885 1.0245 -7.6959 -10.9191 2.5846 -6.1198 -8.9846 2.6258 -8.6906
3 16 -11.0357 0.9609 0 -12.4486 2.5846 0 -10.6757 0.9609 -2.716
3 16 -10.6757 0.9609 -2.716 -12.4486 2.5846 0 -12.0882 2.5846 -3.1208
3 16 -3.1806 2.5846 -12.1021 -6.3628 2.6258 -10.8066 -3.399 4.9772 -12.4513
3 16 -3.399 4.9772 -12.4513 -6.3628 2.6258 -10.8066 -6.5891 4.9772 -11.135
3 16 -10.9191 2.5846 -6.1198 -11.2627 4.9772 -6.3076 -8.9846 2.6258 -8.6906
3 16 -8.9846 2.6258 -8.6906 -11.2627 4.9772 -6.3076 -9.2595 4.9772 -8.9953
3 16 -12.0882 2.5846 -3.1208 -12.4486 2.5846 0 -12.4796 4.9772 -3.2054
3 16 -12.4796 4.9772 -3.2054 -12.4486 2.5846 0 -12.8908 4.9772 0
3 16 -10.5572 18.4382 -5.0393 -9.17 19.0068 -7.9209 -10.9836 16.3363 -5.6259
3 16 -10.9836 16.3363 -5.6259 -9.17 19.0068 -7.9209 -9.1717 16.6683 -8.4403
3 16 -10.9613 17.2547 0.7604 -10.9716 17.7758 -2.0815 -11.5352 15.5071 0.5475
3 16 -11.5352 15.5071 0.5475 -10.9716 17.7758 -2.0815 -11.571 15.8957 -2.4811
3 16 -9.9531 19.4191 -1.5476 -9.9819 18.8162 1.0071 -8.8205 20.479 -1.0376
3 16 -8.8205 20.479 -1.0376 -9.9819 18.8162 1.0071 -8.9588 19.8843 1.2437
3 16 -8.6577 20.9904 -6.9286 -9.5922 20.2146 -4.1782 -7.5382 22.1261 -5.6478
3 16 -7.5382 22.1261 -5.6478 -9.5922 20.2146 -4.1782 -8.3389 21.2636 -3.3187
3 16 -7.8884 20.7553 1.5069 -7.7397 21.3094 -0.5272 -8.9588 19.8843 1.2437
3 16 -8.9588 19.8843 1.2437 -7.7397 21.3094 -0.5272 -8.8205 20.479 -1.0376
3 16 -7.2468 22.0613 -2.5038 -6.3 22.8777 -4.3652 -8.3389 21.2636 -3.3187
3 16 -8.3389 21.2636 -3.3187 -6.3 22.8777 -4.3652 -7.5382 22.1261 -5.6478
3 16 -5.0863 23.8416 -6.0195 -3.6169 24.6567 -7.3928 -6.0134 22.9803 -7.638
3 16 -6.0134 22.9803 -7.638 -3.6169 24.6567 -7.3928 -3.9982 23.6948 -9.0991
3 16 -12.0052 13.0327 0.3352 -11.5352 15.5071 0.5475 -11.8167 13.2866 -2.7974
3 16 -11.8167 13.2866 -2.7974 -11.5352 15.5071 0.5475 -11.571 15.8957 -2.4811
3 16 -10.9836 16.3363 -5.6259 -9.1717 16.6683 -8.4403 -10.9106 13.5621 -5.9223
3 16 -10.9106 13.5621 -5.9223 -9.1717 16.6683 -8.4403 -8.9266 13.826 -8.5535
3 16 -10.9063 10.7793 -6.1047 -10.9106 13.5621 -5.9223 -8.9683 10.9516 -8.825
3 16 -8.9683 10.9516 -8.825 -10.9106 13.5621 -5.9223 -8.9266 13.826 -8.5535
3 16 -12.0558 10.6163 -3.0505 -12.3686 10.458 0.1625 -11.8167 13.2866 -2.7974
3 16 -11.8167 13.2866 -2.7974 -12.3686 10.458 0.1625 -12.0052 13.0327 0.3352
3 16 -6.5891 4.9772 -11.135 -6.4995 8.0273 -11.0076 -3.399 4.9772 -12.4513
3 16 -3.399 4.9772 -12.4513 -6.4995 8.0273 -11.0076 -3.4142 8.0594 -12.374
3 16 -11.2627 4.9772 -6.3076 -11.1827 7.9224 -6.3268 -9.2595 4.9772 -8.9953
3 16 -9.2595 4.9772 -8.9953 -11.1827 7.9224 -6.3268 -9.2021 7.9886 -8.9961
3 16 -12.8908 4.9772 0 -12.7421 7.7876 0.0669 -12.4796 4.9772 -3.2054
3 16 -12.4796 4.9772 -3.2054 -12.7421 7.7876 0.0669 -12.3276 7.8558 -3.2248
3 16 -0.0008 2.5846 -12.523 -0.0008 0.9609 -11.2768 -3.1806 2.5846 -12.1021
3 16 -3.1806 2.5846 -12.1021 -0.0008 0.9609 -11.2768 -2.9273 0.9609 -10.7308
3 16 -0.0008 2.5846 -12.523 -3.1806 2.5846 -12.1021 -0.0008 4.9772 -12.9559
3 16 -0.0008 4.9772 -12.9559 -3.1806 2.5846 -12.1021 -3.399 4.9772 -12.4513
3 16 -0.0008 4.9772 -12.9559 -3.399 4.9772 -12.4513 -0.0009 8.0655 -12.764
3 16 -0.0009 8.0655 -12.764 -3.399 4.9772 -12.4513 -3.4142 8.0594 -12.374
3 16 -0.0293 10.0555 -12.3082 -0.0009 8.0655 -12.764 -3.0884 10.198 -11.9238
3 16 -3.0884 10.198 -11.9238 -0.0009 8.0655 -12.764 -3.4142 8.0594 -12.374
3 16 -2.123 24.1903 -9.8876 -3.9982 23.6948 -9.0991 -1.9455 25.2835 -8.2661
3 16 -1.9455 25.2835 -8.2661 -3.9982 23.6948 -9.0991 -3.6169 24.6567 -7.3928
3 16 -1.4612 25.2948 -5.8209 -2.5494 24.8816 -4.9546 -1.2804 24.5927 -2.3006
3 16 -6.3628 2.6258 -10.8066 -5.723 1.0022 -9.5049 -8.9846 2.6258 -8.6906
3 16 -8.9846 2.6258 -8.6906 -5.723 1.0022 -9.5049 -8.1885 1.0245 -7.6959
3 16 -6.5891 4.9772 -11.135 -6.3628 2.6258 -10.8066 -9.2595 4.9772 -8.9953
3 16 -9.2595 4.9772 -8.9953 -6.3628 2.6258 -10.8066 -8.9846 2.6258 -8.6906
3 16 -6.4995 8.0273 -11.0076 -6.5891 4.9772 -11.135 -9.2021 7.9886 -8.9961
3 16 -9.2021 7.9886 -8.9961 -6.5891 4.9772 -11.135 -9.2595 4.9772 -8.9953
3 16 -6.0091 11.065 -10.8306 -6.4995 8.0273 -11.0076 -8.9683 10.9516 -8.825
3 16 -8.9683 10.9516 -8.825 -6.4995 8.0273 -11.0076 -9.2021 7.9886 -8.9961
3 16 -6.0091 11.065 -10.8306 -8.9683 10.9516 -8.825 -6.2646 14.149 -10.4626
3 16 -6.2646 14.149 -10.4626 -8.9683 10.9516 -8.825 -8.9266 13.826 -8.5535
3 16 -9.1717 16.6683 -8.4403 -6.4678 16.8844 -10.3837 -8.9266 13.826 -8.5535
3 16 -8.9266 13.826 -8.5535 -6.4678 16.8844 -10.3837 -6.2646 14.149 -10.4626
3 16 -9.17 19.0068 -7.9209 -6.6067 19.278 -10.0119 -9.1717 16.6683 -8.4403
3 16 -9.1717 16.6683 -8.4403 -6.6067 19.278 -10.0119 -6.4678 16.8844 -10.3837
3 16 -6.5005 21.4318 -9.109 -8.6577 20.9904 -6.9286 -6.0134 22.9803 -7.638
3 16 -6.0134 22.9803 -7.638 -8.6577 20.9904 -6.9286 -7.5382 22.1261 -5.6478
3 16 -6.3 22.8777 -4.3652 -5.0863 23.8416 -6.0195 -7.5382 22.1261 -5.6478
3 16 -7.5382 22.1261 -5.6478 -5.0863 23.8416 -6.0195 -6.0134 22.9803 -7.638
3 16 -10.9191 2.5846 -6.1198 -9.6518 0.9609 -5.3512 -12.0882 2.5846 -3.1208
3 16 -12.0882 2.5846 -3.1208 -9.6518 0.9609 -5.3512 -10.6757 0.9609 -2.716
3 16 -10.9191 2.5846 -6.1198 -12.0882 2.5846 -3.1208 -11.2627 4.9772 -6.3076
3 16 -11.2627 4.9772 -6.3076 -12.0882 2.5846 -3.1208 -12.4796 4.9772 -3.2054
3 16 -11.1827 7.9224 -6.3268 -11.2627 4.9772 -6.3076 -12.3276 7.8558 -3.2248
3 16 -12.3276 7.8558 -3.2248 -11.2627 4.9772 -6.3076 -12.4796 4.9772 -3.2054
3 16 -10.9063 10.7793 -6.1047 -11.1827 7.9224 -6.3268 -12.0558 10.6163 -3.0505
3 16 -12.0558 10.6163 -3.0505 -11.1827 7.9224 -6.3268 -12.3276 7.8558 -3.2248
3 16 -10.9106 13.5621 -5.9223 -10.9063 10.7793 -6.1047 -11.8167 13.2866 -2.7974
3 16 -11.8167 13.2866 -2.7974 -10.9063 10.7793 -6.1047 -12.0558 10.6163 -3.0505
3 16 -10.9836 16.3363 -5.6259 -10.9106 13.5621 -5.9223 -11.571 15.8957 -2.4811
3 16 -11.571 15.8957 -2.4811 -10.9106 13.5621 -5.9223 -11.8167 13.2866 -2.7974
3 16 -10.9716 17.7758 -2.0815 -10.5572 18.4382 -5.0393 -11.571 15.8957 -2.4811
3 16 -11.571 15.8957 -2.4811 -10.5572 18.4382 -5.0393 -10.9836 16.3363 -5.6259
3 16 -9.5922 20.2146 -4.1782 -9.9531 19.4191 -1.5476 -8.3389 21.2636 -3.3187
3 16 -8.3389 21.2636 -3.3187 -9.9531 19.4191 -1.5476 -8.8205 20.479 -1.0376
3 16 -7.7397 21.3094 -0.5272 -7.2468 22.0613 -2.5038 -8.8205 20.479 -1.0376
3 16 -8.8205 20.479 -1.0376 -7.2468 22.0613 -2.5038 -8.3389 21.2636 -3.3187
3 16 -4.9611 22.4108 2.1827 -4.7377 22.7637 1.1583 -6.5104 21.6738 1.8439
3 16 -6.5104 21.6738 1.8439 -4.7377 22.7637 1.1583 -6.2763 22.1291 0.1683
3 16 -4.7377 22.7637 1.1583 -4.1555 23.3101 -0.1628 -6.2763 22.1291 0.1683
3 16 -6.2763 22.1291 0.1683 -4.1555 23.3101 -0.1628 -5.8107 22.7899 -1.3517
3 16 -4.1555 23.3101 -0.1628 -3.3845 23.8078 -1.1151 -5.8107 22.7899 -1.3517
3 16 -5.8107 22.7899 -1.3517 -3.3845 23.8078 -1.1151 -4.9187 23.5588 -2.8206
3 16 -3.3845 23.8078 -1.1151 -2.3747 24.2798 -1.867 -4.9187 23.5588 -2.8206
3 16 -4.9187 23.5588 -2.8206 -2.3747 24.2798 -1.867 -3.7941 24.2752 -4.0166
3 16 -2.3747 24.2798 -1.867 -1.2804 24.5927 -2.3006 -3.7941 24.2752 -4.0166
3 16 -3.7941 24.2752 -4.0166 -1.2804 24.5927 -2.3006 -2.5494 24.8816 -4.9546
3 16 3.4137 8.0604 -12.3809 3.0878 10.1976 -11.9353 6.4993 8.0272 -11.007
3 16 6.4993 8.0272 -11.007 3.0878 10.1976 -11.9353 6.0047 11.0663 -10.8194
3 16 8.9671 10.9483 -8.8246 10.905 10.7752 -6.1042 9.1838 7.9873 -8.99
3 16 9.1838 7.9873 -8.99 10.905 10.7752 -6.1042 11.1803 7.9182 -6.3262
3 16 12.3251 7.8511 -3.2242 12.0542 10.6118 -3.0499 12.7531 7.7879 0.0669
3 16 12.7531 7.7879 0.0669 12.0542 10.6118 -3.0499 12.3668 10.4533 0.1631
3 16 3.1806 2.5846 -12.1021 6.3628 2.5846 -10.8066 2.9273 0.9609 -10.7308
3 16 2.9273 0.9609 -10.7308 6.3628 2.5846 -10.8066 5.723 0.9609 -9.5049
3 16 8.9729 2.5846 -8.7321 10.9191 2.5846 -6.1198 7.9075 0.9609 -7.6724
3 16 7.9075 0.9609 -7.6724 10.9191 2.5846 -6.1198 9.6518 0.9609 -5.3512
3 16 12.0882 2.5846 -3.1208 12.4861 2.5846 0 10.6757 0.9609 -2.716
3 16 10.6757 0.9609 -2.716 12.4861 2.5846 0 11.0732 0.9609 0
3 16 3.1806 2.5846 -12.1021 3.399 4.9772 -12.4513 6.3628 2.5846 -10.8066
3 16 6.3628 2.5846 -10.8066 3.399 4.9772 -12.4513 6.5891 4.9772 -11.135
3 16 8.9729 2.5846 -8.7321 9.2853 4.9772 -9.0128 10.9191 2.5846 -6.1198
3 16 10.9191 2.5846 -6.1198 9.2853 4.9772 -9.0128 11.2885 4.9772 -6.325
3 16 12.0882 2.5846 -3.1208 12.4851 4.9772 -3.2076 12.4861 2.5846 0
3 16 12.4861 2.5846 0 12.4851 4.9772 -3.2076 12.9146 4.9772 0
3 16 9.1727 16.6649 -8.4398 9.1717 19.0035 -7.9206 10.9843 16.3323 -5.6253
3 16 10.9843 16.3323 -5.6253 9.1717 19.0035 -7.9206 10.5587 18.4343 -5.0388
3 16 11.5714 15.8914 -2.4805 10.9727 17.7717 -2.081 11.5353 15.5028 0.5481
3 16 11.5353 15.5028 0.5481 10.9727 17.7717 -2.081 10.9621 17.2506 0.761
3 16 2.3747 24.2798 -1.867 3.7978 24.2738 -4.0164 1.2804 24.5927 -2.3006
3 16 1.2804 24.5927 -2.3006 3.7978 24.2738 -4.0164 2.5533 24.8806 -4.9544
3 16 4.1977 23.2823 -0.1091 5.8136 22.7877 -1.3514 3.3632 23.8177 -1.1309
3 16 3.3632 23.8177 -1.1309 5.8136 22.7877 -1.3514 4.922 23.5569 -2.8203
3 16 4.9611 22.4108 2.1827 6.5128 21.6714 1.8442 4.7405 22.7593 1.1712
3 16 4.7405 22.7593 1.1712 6.5128 21.6714 1.8442 6.279 22.1267 0.3387
3 16 12.0044 13.0282 0.3358 11.8161 13.2821 -2.7967 11.5353 15.5028 0.5481
3 16 11.5353 15.5028 0.5481 11.8161 13.2821 -2.7967 11.5714 15.8914 -2.4805
3 16 8.9266 13.8226 -8.553 9.1727 16.6649 -8.4398 10.9103 13.558 -5.9217
3 16 10.9103 13.558 -5.9217 9.1727 16.6649 -8.4398 10.9843 16.3323 -5.6253
3 16 8.9266 13.8226 -8.553 10.9103 13.558 -5.9217 8.9671 10.9483 -8.8246
3 16 8.9671 10.9483 -8.8246 10.9103 13.558 -5.9217 10.905 10.7752 -6.1042
3 16 12.0542 10.6118 -3.0499 11.8161 13.2821 -2.7967 12.3668 10.4533 0.1631
3 16 12.3668 10.4533 0.1631 11.8161 13.2821 -2.7967 12.0044 13.0282 0.3358
3 16 3.4137 8.0604 -12.3809 6.4993 8.0272 -11.007 3.399 4.9772 -12.4513
3 16 3.399 4.9772 -12.4513 6.4993 8.0272 -11.007 6.5891 4.9772 -11.135
3 16 9.1838 7.9873 -8.99 11.1803 7.9182 -6.3262 9.2853 4.9772 -9.0128
3 16 9.2853 4.9772 -9.0128 11.1803 7.9182 -6.3262 11.2885 4.9772 -6.325
3 16 12.3251 7.8511 -3.2242 12.7531 7.7879 0.0669 12.4851 4.9772 -3.2076
3 16 12.4851 4.9772 -3.2076 12.7531 7.7879 0.0669 12.9146 4.9772 0
3 16 -0.0008 2.5846 -12.523 3.1806 2.5846 -12.1021 -0.0008 0.9609 -11.2768
3 16 -0.0008 0.9609 -11.2768 3.1806 2.5846 -12.1021 2.9273 0.9609 -10.7308
3 16 3.399 4.9772 -12.4513 3.1806 2.5846 -12.1021 -0.0008 4.9772 -12.9559
3 16 -0.0008 4.9772 -12.9559 3.1806 2.5846 -12.1021 -0.0008 2.5846 -12.523
3 16 3.4137 8.0604 -12.3809 3.399 4.9772 -12.4513 -0.0009 8.0655 -12.764
3 16 -0.0009 8.0655 -12.764 3.399 4.9772 -12.4513 -0.0008 4.9772 -12.9559
3 16 -0.0293 10.0555 -12.3082 3.0878 10.1976 -11.9353 -0.0009 8.0655 -12.764
3 16 -0.0009 8.0655 -12.764 3.0878 10.1976 -11.9353 3.4137 8.0604 -12.3809
3 16 -0.0025 11.8884 -11.9546 2.1174 12.2961 -11.7524 -0.0293 10.0555 -12.3082
3 16 -0.0293 10.0555 -12.3082 2.1174 12.2961 -11.7524 3.0878 10.1976 -11.9353
3 16 1.2804 24.5927 -2.3006 1.4653 25.2943 -5.8208 0 24.7268 -2.4677
3 16 0 24.7268 -2.4677 1.4653 25.2943 -5.8208 0.0021 25.4315 -5.9642
3 16 6.3628 2.5846 -10.8066 8.9729 2.5846 -8.7321 5.723 0.9609 -9.5049
3 16 5.723 0.9609 -9.5049 8.9729 2.5846 -8.7321 7.9075 0.9609 -7.6724
3 16 9.2853 4.9772 -9.0128 8.9729 2.5846 -8.7321 6.5891 4.9772 -11.135
3 16 6.5891 4.9772 -11.135 8.9729 2.5846 -8.7321 6.3628 2.5846 -10.8066
3 16 6.4993 8.0272 -11.007 9.1838 7.9873 -8.99 6.5891 4.9772 -11.135
3 16 6.5891 4.9772 -11.135 9.1838 7.9873 -8.99 9.2853 4.9772 -9.0128
3 16 6.0047 11.0663 -10.8194 8.9671 10.9483 -8.8246 6.4993 8.0272 -11.007
3 16 6.4993 8.0272 -11.007 8.9671 10.9483 -8.8246 9.1838 7.9873 -8.99
3 16 8.9266 13.8226 -8.553 8.9671 10.9483 -8.8246 6.2647 14.1467 -10.4623
3 16 6.2647 14.1467 -10.4623 8.9671 10.9483 -8.8246 6.0047 11.0663 -10.8194
3 16 9.1727 16.6649 -8.4398 8.9266 13.8226 -8.553 6.469 16.882 -10.3833
3 16 6.469 16.882 -10.3833 8.9266 13.8226 -8.553 6.2647 14.1467 -10.4623
3 16 9.1717 19.0035 -7.9206 9.1727 16.6649 -8.4398 6.6087 19.2755 -10.0116
3 16 6.6087 19.2755 -10.0116 9.1727 16.6649 -8.4398 6.469 16.882 -10.3833
3 16 3.3632 23.8177 -1.1309 4.922 23.5569 -2.8203 2.3747 24.2798 -1.867
3 16 2.3747 24.2798 -1.867 4.922 23.5569 -2.8203 3.7978 24.2738 -4.0164
3 16 10.9191 2.5846 -6.1198 12.0882 2.5846 -3.1208 9.6518 0.9609 -5.3512
3 16 9.6518 0.9609 -5.3512 12.0882 2.5846 -3.1208 10.6757 0.9609 -2.716
3 16 12.4851 4.9772 -3.2076 12.0882 2.5846 -3.1208 11.2885 4.9772 -6.325
3 16 11.2885 4.9772 -6.325 12.0882 2.5846 -3.1208 10.9191 2.5846 -6.1198
3 16 11.1803 7.9182 -6.3262 12.3251 7.8511 -3.2242 11.2885 4.9772 -6.325
3 16 11.2885 4.9772 -6.325 12.3251 7.8511 -3.2242 12.4851 4.9772 -3.2076
3 16 10.905 10.7752 -6.1042 12.0542 10.6118 -3.0499 11.1803 7.9182 -6.3262
3 16 11.1803 7.9182 -6.3262 12.0542 10.6118 -3.0499 12.3251 7.8511 -3.2242
3 16 10.9103 13.558 -5.9217 11.8161 13.2821 -2.7967 10.905 10.7752 -6.1042
3 16 10.905 10.7752 -6.1042 11.8161 13.2821 -2.7967 12.0542 10.6118 -3.0499
3 16 11.8161 13.2821 -2.7967 10.9103 13.558 -5.9217 11.5714 15.8914 -2.4805
3 16 11.5714 15.8914 -2.4805 10.9103 13.558 -5.9217 10.9843 16.3323 -5.6253
3 16 10.9727 17.7717 -2.081 11.5714 15.8914 -2.4805 10.5587 18.4343 -5.0388
3 16 10.5587 18.4343 -5.0388 11.5714 15.8914 -2.4805 10.9843 16.3323 -5.6253
3 16 4.7405 22.7593 1.1712 6.279 22.1267 0.3387 4.1977 23.2823 -0.1091
3 16 4.1977 23.2823 -0.1091 6.279 22.1267 0.3387 5.8136 22.7877 -1.3514
3 16 -0.0008 0.9609 -11.2768 -0.0008 -0.005 -9.1294 -2.9273 0.9609 -10.7308
3 16 -2.9273 0.9609 -10.7308 -0.0008 -0.005 -9.1294 -2.5026 -0.005 -8.756
3 16 -4.7562 -0.005 -7.7834 -5.723 1.0022 -9.5049 -2.5026 -0.005 -8.756
3 16 -2.5026 -0.005 -8.756 -5.723 1.0022 -9.5049 -2.9273 0.9609 -10.7308
3 16 -8.1885 1.0245 -7.6959 -5.723 1.0022 -9.5049 -6.6644 -0.005 -6.2824
3 16 -6.6644 -0.005 -6.2824 -5.723 1.0022 -9.5049 -4.7562 -0.005 -7.7834
3 16 -8.1294 -0.005 -4.3075 -9.6518 0.9609 -5.3512 -6.6644 -0.005 -6.2824
3 16 -6.6644 -0.005 -6.2824 -9.6518 0.9609 -5.3512 -8.1885 1.0245 -7.6959
3 16 -9.6518 0.9609 -5.3512 -8.1294 -0.005 -4.3075 -10.6757 0.9609 -2.716
3 16 -10.6757 0.9609 -2.716 -8.1294 -0.005 -4.3075 -9.0163 -0.005 -2.1989
3 16 -9.3485 -0.005 0 -11.0357 0.9609 0 -9.0163 -0.005 -2.1989
3 16 -9.0163 -0.005 -2.1989 -11.0357 0.9609 0 -10.6757 0.9609 -2.716
3 16 10.6757 0.9609 -2.716 11.0732 0.9609 0 9.0163 -0.005 -2.1989
3 16 9.0163 -0.005 -2.1989 11.0732 0.9609 0 9.3673 -0.005 0
3 16 9.6518 0.9609 -5.3512 10.6757 0.9609 -2.716 8.1294 -0.005 -4.3075
3 16 8.1294 -0.005 -4.3075 10.6757 0.9609 -2.716 9.0163 -0.005 -2.1989
3 16 7.9075 0.9609 -7.6724 9.6518 0.9609 -5.3512 6.6644 -0.005 -6.2204
3 16 6.6644 -0.005 -6.2204 9.6518 0.9609 -5.3512 8.1294 -0.005 -4.3075
3 16 5.723 0.9609 -9.5049 7.9075 0.9609 -7.6724 4.7562 -0.005 -7.7834
3 16 4.7562 -0.005 -7.7834 7.9075 0.9609 -7.6724 6.6644 -0.005 -6.2204
3 16 2.9273 0.9609 -10.7308 5.723 0.9609 -9.5049 2.5026 -0.005 -8.756
3 16 2.5026 -0.005 -8.756 5.723 0.9609 -9.5049 4.7562 -0.005 -7.7834
3 16 -0.0008 0.9609 -11.2768 2.9273 0.9609 -10.7308 -0.0008 -0.005 -9.1294
3 16 -0.0008 -0.005 -9.1294 2.9273 0.9609 -10.7308 2.5026 -0.005 -8.756
3 16 -0.0025 11.8884 -11.9546 -0.0293 10.0555 -12.3082 -2.1173 12.2961 -11.7521
3 16 -2.1173 12.2961 -11.7521 -0.0293 10.0555 -12.3082 -3.0884 10.198 -11.9238
3 16 -6.0091 11.065 -10.8306 -3.3021 13.5281 -11.4239 -3.0884 10.198 -11.9238
3 16 -3.0884 10.198 -11.9238 -3.3021 13.5281 -11.4239 -2.1173 12.2961 -11.7521
3 16 6.0047 11.0663 -10.8194 3.0878 10.1976 -11.9353 3.3047 13.5249 -11.4201
3 16 3.3047 13.5249 -11.4201 3.0878 10.1976 -11.9353 2.1174 12.2961 -11.7524
3 16 -3.9836 21.7327 -10.7095 -3.9982 23.6948 -9.0991 -2.0559 22.3717 -11.1682
3 16 -2.0559 22.3717 -11.1682 -3.9982 23.6948 -9.0991 -2.123 24.1903 -9.8876
3 16 -3.9836 21.7327 -10.7095 -6.5005 21.4318 -9.109 -3.9982 23.6948 -9.0991
3 16 -3.9982 23.6948 -9.0991 -6.5005 21.4318 -9.109 -6.0134 22.9803 -7.638
3 16 -3.6725 17.0797 -11.6305 -3.5052 15.0642 -11.5476 -6.4678 16.8844 -10.3837
3 16 -6.4678 16.8844 -10.3837 -3.5052 15.0642 -11.5476 -6.2646 14.149 -10.4626
3 16 3.6707 17.0806 -11.6251 6.469 16.882 -10.3833 3.5056 15.0666 -11.534
3 16 3.5056 15.0666 -11.534 6.469 16.882 -10.3833 6.2647 14.1467 -10.4623
3 16 -3.5052 15.0642 -11.5476 -3.3021 13.5281 -11.4239 -6.2646 14.149 -10.4626
3 16 -6.2646 14.149 -10.4626 -3.3021 13.5281 -11.4239 -6.0091 11.065 -10.8306
3 16 3.5056 15.0666 -11.534 6.2647 14.1467 -10.4623 3.3047 13.5249 -11.4201
3 16 3.3047 13.5249 -11.4201 6.2647 14.1467 -10.4623 6.0047 11.0663 -10.8194
3 16 -3.6725 17.0797 -11.6305 -6.4678 16.8844 -10.3837 -3.5531 19.2538 -11.5948
3 16 -3.5531 19.2538 -11.5948 -6.4678 16.8844 -10.3837 -6.6067 19.278 -10.0119
3 16 3.6707 17.0806 -11.6251 3.5529 19.2537 -11.5949 6.469 16.882 -10.3833
3 16 6.469 16.882 -10.3833 3.5529 19.2537 -11.5949 6.6087 19.2755 -10.0116
3 16 -1.2804 24.5927 -2.3006 0 24.7268 -2.4677 -1.4612 25.2948 -5.8209
3 16 -1.4612 25.2948 -5.8209 0 24.7268 -2.4677 0.0021 25.4315 -5.9642
3 16 -1.9455 25.2835 -8.2661 0.0021 25.4827 -8.5375 -2.123 24.1903 -9.8876
3 16 -2.123 24.1903 -9.8876 0.0021 25.4827 -8.5375 0.0023 24.4404 -10.3618
3 16 0.0004 22.6061 -11.6016 -2.0559 22.3717 -11.1682 0.0023 24.4404 -10.3618
3 16 0.0023 24.4404 -10.3618 -2.0559 22.3717 -11.1682 -2.123 24.1903 -9.8876
3 16 1.4653 25.2943 -5.8208 1.2804 24.5927 -2.3006 2.5533 24.8806 -4.9544
3 16 0.0023 24.4404 -10.3618 0.0021 25.4827 -8.5375 2.1272 24.1899 -9.888
3 16 2.1272 24.1899 -9.888 0.0021 25.4827 -8.5375 1.9497 25.2828 -8.266
3 16 3.6208 24.6553 -7.3926 4.0019 23.6934 -9.099 1.9497 25.2828 -8.266
3 16 1.9497 25.2828 -8.266 4.0019 23.6934 -9.099 2.1272 24.1899 -9.888
3 16 5.0898 23.8397 -6.0192 6.0166 22.9781 -7.6377 3.6208 24.6553 -7.3926
3 16 3.6208 24.6553 -7.3926 6.0166 22.9781 -7.6377 4.0019 23.6934 -9.099
3 16 6.3031 22.8753 -4.3649 7.5411 22.1234 -5.6474 5.0898 23.8397 -6.0192
3 16 5.0898 23.8397 -6.0192 7.5411 22.1234 -5.6474 6.0166 22.9781 -7.6377
3 16 7.2496 22.0585 -2.5034 8.3414 21.2605 -3.3183 6.3031 22.8753 -4.3649
3 16 6.3031 22.8753 -4.3649 8.3414 21.2605 -3.3183 7.5411 22.1234 -5.6474
3 16 7.742 21.3064 -0.5268 8.8225 20.4757 -1.0371 7.2496 22.0585 -2.5034
3 16 7.2496 22.0585 -2.5034 8.8225 20.4757 -1.0371 8.3414 21.2605 -3.3183
3 16 7.8904 20.7523 1.5073 8.9605 19.881 1.2441 7.742 21.3064 -0.5268
3 16 7.742 21.3064 -0.5268 8.9605 19.881 1.2441 8.8225 20.4757 -1.0371
3 16 0.0021 25.4827 -8.5375 -1.9455 25.2835 -8.2661 0.0021 25.4315 -5.9642
3 16 0.0021 25.4315 -5.9642 -1.9455 25.2835 -8.2661 -1.4612 25.2948 -5.8209
3 16 0.0021 25.4827 -8.5375 0.0021 25.4315 -5.9642 1.9497 25.2828 -8.266
3 16 1.9497 25.2828 -8.266 0.0021 25.4315 -5.9642 1.4653 25.2943 -5.8208
3 16 2.5533 24.8806 -4.9544 3.6208 24.6553 -7.3926 1.4653 25.2943 -5.8208
3 16 1.4653 25.2943 -5.8208 3.6208 24.6553 -7.3926 1.9497 25.2828 -8.266
3 16 3.7978 24.2738 -4.0164 5.0898 23.8397 -6.0192 2.5533 24.8806 -4.9544
3 16 2.5533 24.8806 -4.9544 5.0898 23.8397 -6.0192 3.6208 24.6553 -7.3926
3 16 4.922 23.5569 -2.8203 6.3031 22.8753 -4.3649 3.7978 24.2738 -4.0164
3 16 3.7978 24.2738 -4.0164 6.3031 22.8753 -4.3649 5.0898 23.8397 -6.0192
3 16 5.8136 22.7877 -1.3514 7.2496 22.0585 -2.5034 4.922 23.5569 -2.8203
3 16 4.922 23.5569 -2.8203 7.2496 22.0585 -2.5034 6.3031 22.8753 -4.3649
3 16 6.279 22.1267 0.3387 7.742 21.3064 -0.5268 5.8136 22.7877 -1.3514
3 16 5.8136 22.7877 -1.3514 7.742 21.3064 -0.5268 7.2496 22.0585 -2.5034
3 16 6.5128 21.6714 1.8442 7.8904 20.7523 1.5073 6.279 22.1267 0.3387
3 16 6.279 22.1267 0.3387 7.8904 20.7523 1.5073 7.742 21.3064 -0.5268
3 16 -7.7397 21.3094 -0.5272 -7.8884 20.7553 1.5069 -6.2763 22.1291 0.1683
3 16 -6.2763 22.1291 0.1683 -7.8884 20.7553 1.5069 -6.5104 21.6738 1.8439
3 16 -7.2468 22.0613 -2.5038 -7.7397 21.3094 -0.5272 -5.8107 22.7899 -1.3517
3 16 -5.8107 22.7899 -1.3517 -7.7397 21.3094 -0.5272 -6.2763 22.1291 0.1683
3 16 -6.3 22.8777 -4.3652 -7.2468 22.0613 -2.5038 -4.9187 23.5588 -2.8206
3 16 -4.9187 23.5588 -2.8206 -7.2468 22.0613 -2.5038 -5.8107 22.7899 -1.3517
3 16 -5.0863 23.8416 -6.0195 -6.3 22.8777 -4.3652 -3.7941 24.2752 -4.0166
3 16 -3.7941 24.2752 -4.0166 -6.3 22.8777 -4.3652 -4.9187 23.5588 -2.8206
3 16 -3.6169 24.6567 -7.3928 -5.0863 23.8416 -6.0195 -2.5494 24.8816 -4.9546
3 16 -2.5494 24.8816 -4.9546 -5.0863 23.8416 -6.0195 -3.7941 24.2752 -4.0166
3 16 -1.9455 25.2835 -8.2661 -3.6169 24.6567 -7.3928 -1.4612 25.2948 -5.8209
3 16 -1.4612 25.2948 -5.8209 -3.6169 24.6567 -7.3928 -2.5494 24.8816 -4.9546
3 16 0.0012 18.3686 -12.4354 -0.0002 19.365 -12.2492 0.8234 18.1674 -12.3735
3 16 0.8234 18.1674 -12.3735 -0.0002 19.365 -12.2492 1.29 19.1887 -12.1463
3 16 -1.2877 19.1884 -12.1236 -0.0002 19.365 -12.2492 -0.8212 18.1678 -12.3735
3 16 -0.8212 18.1678 -12.3735 -0.0002 19.365 -12.2492 0.0012 18.3686 -12.4354
3 16 0.8234 18.1674 -12.3735 1.29 19.1887 -12.1463 1.4254 17.7321 -12.2879
3 16 1.4254 17.7321 -12.2879 1.29 19.1887 -12.1463 2.2994 18.3624 -12.0648
3 16 -2.2983 18.3628 -12.0485 -1.2877 19.1884 -12.1236 -1.4233 17.7328 -12.2878
3 16 -1.4233 17.7328 -12.2878 -1.2877 19.1884 -12.1236 -0.8212 18.1678 -12.3735
3 16 2.2994 18.3624 -12.0648 2.482 16.9626 -12.0108 1.4254 17.7321 -12.2879
3 16 1.4254 17.7321 -12.2879 2.482 16.9626 -12.0108 1.7549 16.853 -12.1792
3 16 -2.2983 18.3628 -12.0485 -1.4233 17.7328 -12.2878 -2.4808 16.9627 -12.0079
3 16 -2.4808 16.9627 -12.0079 -1.4233 17.7328 -12.2878 -1.7533 16.8538 -12.1792
3 16 2.482 16.9626 -12.0108 2.1322 15.5723 -11.8745 1.7549 16.853 -12.1792
3 16 1.7549 16.853 -12.1792 2.1322 15.5723 -11.8745 1.4181 15.8446 -12.008
3 16 1.4181 15.8446 -12.008 2.1322 15.5723 -11.8745 0.9157 15.2689 -11.9806
3 16 0.9157 15.2689 -11.9806 2.1322 15.5723 -11.8745 1.8202 14.6017 -11.7969
3 16 1.8202 14.6017 -11.7969 0.9564 13.8145 -11.7938 0.9157 15.2689 -11.9806
3 16 0.9157 15.2689 -11.9806 0.9564 13.8145 -11.7938 0.3544 14.8768 -11.9371
3 16 0.9564 13.8145 -11.7938 -0.0006 13.6038 -11.8228 0.3544 14.8768 -11.9371
3 16 0.3544 14.8768 -11.9371 -0.0006 13.6038 -11.8228 0.0003 14.7393 -11.9403
3 16 0.0003 14.7393 -11.9403 -0.0006 13.6038 -11.8228 -0.3537 14.877 -11.9371
3 16 -0.3537 14.877 -11.9371 -0.0006 13.6038 -11.8228 -0.9573 13.8138 -11.8096
3 16 -0.3537 14.877 -11.9371 -0.9573 13.8138 -11.8096 -0.9148 15.2693 -11.9805
3 16 -0.9148 15.2693 -11.9805 -0.9573 13.8138 -11.8096 -1.8187 14.6034 -11.7981
3 16 -1.8187 14.6034 -11.7981 -2.1309 15.5721 -11.8765 -0.9148 15.2693 -11.9805
3 16 -0.9148 15.2693 -11.9805 -2.1309 15.5721 -11.8765 -1.4169 15.8452 -12.0244
3 16 -1.4169 15.8452 -12.0244 -2.1309 15.5721 -11.8765 -1.7533 16.8538 -12.1792
3 16 -1.7533 16.8538 -12.1792 -2.1309 15.5721 -11.8765 -2.4808 16.9627 -12.0079
3 16 -0.0002 19.365 -12.2492 -0.0012 20.7358 -12.0536 1.29 19.1887 -12.1463
3 16 1.29 19.1887 -12.1463 -0.0012 20.7358 -12.0536 1.7293 20.5686 -11.8267
3 16 1.29 19.1887 -12.1463 1.7293 20.5686 -11.8267 2.2994 18.3624 -12.0648
3 16 2.2994 18.3624 -12.0648 1.7293 20.5686 -11.8267 3.5529 19.2537 -11.5949
3 16 2.482 16.9626 -12.0108 2.2994 18.3624 -12.0648 3.6707 17.0806 -11.6251
3 16 3.6707 17.0806 -11.6251 2.2994 18.3624 -12.0648 3.5529 19.2537 -11.5949
3 16 2.482 16.9626 -12.0108 3.6707 17.0806 -11.6251 2.1322 15.5723 -11.8745
3 16 2.1322 15.5723 -11.8745 3.6707 17.0806 -11.6251 3.5056 15.0666 -11.534
3 16 2.1322 15.5723 -11.8745 3.5056 15.0666 -11.534 1.8202 14.6017 -11.7969
3 16 1.8202 14.6017 -11.7969 3.5056 15.0666 -11.534 3.3047 13.5249 -11.4201
3 16 0.9564 13.8145 -11.7938 1.8202 14.6017 -11.7969 2.1174 12.2961 -11.7524
3 16 2.1174 12.2961 -11.7524 1.8202 14.6017 -11.7969 3.3047 13.5249 -11.4201
3 16 -0.0006 13.6038 -11.8228 0.9564 13.8145 -11.7938 -0.0025 11.8884 -11.9546
3 16 -0.0025 11.8884 -11.9546 0.9564 13.8145 -11.7938 2.1174 12.2961 -11.7524
3 16 -0.0006 13.6038 -11.8228 -0.0025 11.8884 -11.9546 -0.9573 13.8138 -11.8096
3 16 -0.9573 13.8138 -11.8096 -0.0025 11.8884 -11.9546 -2.1173 12.2961 -11.7521
3 16 -0.9573 13.8138 -11.8096 -2.1173 12.2961 -11.7521 -1.8187 14.6034 -11.7981
3 16 -1.8187 14.6034 -11.7981 -2.1173 12.2961 -11.7521 -3.3021 13.5281 -11.4239
3 16 -2.1309 15.5721 -11.8765 -1.8187 14.6034 -11.7981 -3.5052 15.0642 -11.5476
3 16 -3.5052 15.0642 -11.5476 -1.8187 14.6034 -11.7981 -3.3021 13.5281 -11.4239
3 16 -2.4808 16.9627 -12.0079 -2.1309 15.5721 -11.8765 -3.6725 17.0797 -11.6305
3 16 -3.6725 17.0797 -11.6305 -2.1309 15.5721 -11.8765 -3.5052 15.0642 -11.5476
3 16 -3.5531 19.2538 -11.5948 -2.2983 18.3628 -12.0485 -3.6725 17.0797 -11.6305
3 16 -3.6725 17.0797 -11.6305 -2.2983 18.3628 -12.0485 -2.4808 16.9627 -12.0079
3 16 -1.2877 19.1884 -12.1236 -2.2983 18.3628 -12.0485 -1.7299 20.5686 -11.8268
3 16 -1.7299 20.5686 -11.8268 -2.2983 18.3628 -12.0485 -3.5531 19.2538 -11.5948
3 16 -0.0002 19.365 -12.2492 -1.2877 19.1884 -12.1236 -0.0012 20.7358 -12.0536
3 16 -0.0012 20.7358 -12.0536 -1.2877 19.1884 -12.1236 -1.7299 20.5686 -11.8268
3 16 -2.0559 22.3717 -11.1682 -1.7299 20.5686 -11.8268 -3.9836 21.7327 -10.7095
3 16 -3.9836 21.7327 -10.7095 -1.7299 20.5686 -11.8268 -3.5531 19.2538 -11.5948
3 16 -6.5005 21.4318 -9.109 -3.9836 21.7327 -10.7095 -6.6067 19.278 -10.0119
3 16 -6.6067 19.278 -10.0119 -3.9836 21.7327 -10.7095 -3.5531 19.2538 -11.5948
3 16 -8.6577 20.9904 -6.9286 -6.5005 21.4318 -9.109 -9.17 19.0068 -7.9209
3 16 -9.17 19.0068 -7.9209 -6.5005 21.4318 -9.109 -6.6067 19.278 -10.0119
3 16 -9.5922 20.2146 -4.1782 -8.6577 20.9904 -6.9286 -10.5572 18.4382 -5.0393
3 16 -10.5572 18.4382 -5.0393 -8.6577 20.9904 -6.9286 -9.17 19.0068 -7.9209
3 16 -9.9531 19.4191 -1.5476 -9.5922 20.2146 -4.1782 -10.9716 17.7758 -2.0815
3 16 -10.9716 17.7758 -2.0815 -9.5922 20.2146 -4.1782 -10.5572 18.4382 -5.0393
3 16 -9.9819 18.8162 1.0071 -9.9531 19.4191 -1.5476 -10.9613 17.2547 0.7604
3 16 -10.9613 17.2547 0.7604 -9.9531 19.4191 -1.5476 -10.9716 17.7758 -2.0815
3 16 10.9727 17.7717 -2.081 9.9548 19.4154 -1.5471 10.9621 17.2506 0.761
3 16 10.9621 17.2506 0.761 9.9548 19.4154 -1.5471 9.9832 18.8124 1.0076
3 16 9.9548 19.4154 -1.5471 10.9727 17.7717 -2.081 9.5943 20.211 -4.1777
3 16 9.5943 20.211 -4.1777 10.9727 17.7717 -2.081 10.5587 18.4343 -5.0388
3 16 9.1717 19.0035 -7.9206 8.6601 20.9873 -6.9284 10.5587 18.4343 -5.0388
3 16 10.5587 18.4343 -5.0388 8.6601 20.9873 -6.9284 9.5943 20.211 -4.1777
3 16 8.6601 20.9873 -6.9284 9.1717 19.0035 -7.9206 6.5033 21.4294 -9.1086
3 16 6.5033 21.4294 -9.1086 9.1717 19.0035 -7.9206 6.6087 19.2755 -10.0116
3 16 6.5033 21.4294 -9.1086 6.6087 19.2755 -10.0116 3.9861 21.7313 -10.7079
3 16 3.9861 21.7313 -10.7079 6.6087 19.2755 -10.0116 3.5529 19.2537 -11.5949
3 16 2.0571 22.3705 -11.1642 3.9861 21.7313 -10.7079 1.7293 20.5686 -11.8267
3 16 1.7293 20.5686 -11.8267 3.9861 21.7313 -10.7079 3.5529 19.2537 -11.5949
3 16 2.0571 22.3705 -11.1642 1.7293 20.5686 -11.8267 0.0004 22.6061 -11.6016
3 16 0.0004 22.6061 -11.6016 1.7293 20.5686 -11.8267 -0.0012 20.7358 -12.0536
3 16 -2.0559 22.3717 -11.1682 0.0004 22.6061 -11.6016 -1.7299 20.5686 -11.8268
3 16 -1.7299 20.5686 -11.8268 0.0004 22.6061 -11.6016 -0.0012 20.7358 -12.0536
3 16 8.9605 19.881 1.2441 9.9832 18.8124 1.0076 8.8225 20.4757 -1.0371
3 16 8.8225 20.4757 -1.0371 9.9832 18.8124 1.0076 9.9548 19.4154 -1.5471
3 16 8.8225 20.4757 -1.0371 9.9548 19.4154 -1.5471 8.3414 21.2605 -3.3183
3 16 8.3414 21.2605 -3.3183 9.9548 19.4154 -1.5471 9.5943 20.211 -4.1777
3 16 8.3414 21.2605 -3.3183 9.5943 20.211 -4.1777 7.5411 22.1234 -5.6474
3 16 7.5411 22.1234 -5.6474 9.5943 20.211 -4.1777 8.6601 20.9873 -6.9284
3 16 7.5411 22.1234 -5.6474 8.6601 20.9873 -6.9284 6.0166 22.9781 -7.6377
3 16 6.0166 22.9781 -7.6377 8.6601 20.9873 -6.9284 6.5033 21.4294 -9.1086
3 16 3.9861 21.7313 -10.7079 4.0019 23.6934 -9.099 6.5033 21.4294 -9.1086
3 16 6.5033 21.4294 -9.1086 4.0019 23.6934 -9.099 6.0166 22.9781 -7.6377
3 16 2.1272 24.1899 -9.888 4.0019 23.6934 -9.099 2.0571 22.3705 -11.1642
3 16 2.0571 22.3705 -11.1642 4.0019 23.6934 -9.099 3.9861 21.7313 -10.7079
3 16 2.1272 24.1899 -9.888 2.0571 22.3705 -11.1642 0.0023 24.4404 -10.3618
3 16 0.0023 24.4404 -10.3618 2.0571 22.3705 -11.1642 0.0004 22.6061 -11.6016
3 16 -9.09 7.5806 9.0611 -6.3803 7.5291 10.9916 -8.8282 10.0983 8.9517
3 16 -8.8282 10.0983 8.9517 -6.3803 7.5291 10.9916 -6.203 9.9938 10.8285
3 16 -0.0005 7.5038 12.633 -0.0008 9.8495 12.2335 -3.3052 7.5195 12.2973
3 16 -3.3052 7.5195 12.2973 -0.0008 9.8495 12.2335 -3.1836 9.9186 11.9611
3 16 -12.2569 7.7079 3.3182 -11.0528 7.6406 6.394 -11.9838 10.3193 3.3715
3 16 -11.9838 10.3193 3.3715 -11.0528 7.6406 6.394 -10.8109 10.205 6.3739
3 16 -7.8959 0.9609 7.6437 -5.6955 0.9609 9.5591 -8.9041 2.5846 8.7822
3 16 -8.9041 2.5846 8.7822 -5.6955 0.9609 9.5591 -6.2657 2.5846 10.7747
3 16 -2.8962 0.9609 10.6737 -0.0008 0.9609 11.23 -3.152 2.5846 12.0581
3 16 -3.152 2.5846 12.0581 -0.0008 0.9609 11.23 -0.0008 2.5846 12.5178
3 16 -9.5971 0.9609 5.4375 -10.8648 2.5846 6.1292 -10.6395 0.9609 2.8795
3 16 -10.6395 0.9609 2.8795 -10.8648 2.5846 6.1292 -12.0941 2.5846 3.1951
3 16 -6.2657 2.5846 10.7747 -6.5467 4.9802 11.1574 -8.9041 2.5846 8.7822
3 16 -8.9041 2.5846 8.7822 -6.5467 4.9802 11.1574 -9.2191 4.9772 9.0384
3 16 -0.0008 2.5846 12.5178 -0.0008 4.9772 12.9544 -3.152 2.5846 12.0581
3 16 -3.152 2.5846 12.0581 -0.0008 4.9772 12.9544 -3.3618 4.9742 12.448
3 16 -12.0941 2.5846 3.1951 -10.8648 2.5846 6.1292 -12.4894 4.9772 3.3096
3 16 -12.4894 4.9772 3.3096 -10.8648 2.5846 6.1292 -11.2516 4.9772 6.3671
3 16 -5.3976 16.2222 10.0712 -7.6873 16.4406 8.3844 -5.6923 14.6013 10.3732
3 16 -5.6923 14.6013 10.3732 -7.6873 16.4406 8.3844 -8.1029 14.803 8.6174
3 16 -0.0005 14.2841 11.4971 0.0003 15.8934 11.1783 -2.873 14.3888 11.2045
3 16 -2.873 14.3888 11.2045 0.0003 15.8934 11.1783 -2.7222 16.0053 10.9044
3 16 -9.3781 16.6323 6.1053 -10.4266 16.878 3.4965 -9.9098 14.9974 6.2418
3 16 -9.9098 14.9974 6.2418 -10.4266 16.878 3.4965 -11.0848 15.218 3.5092
3 16 -9.5683 18.4216 3.4755 -8.6274 18.1629 5.9026 -8.6486 19.5304 3.4827
3 16 -8.6486 19.5304 3.4827 -8.6274 18.1629 5.9026 -7.8099 19.2978 5.6929
3 16 -2.3096 18.8193 9.9079 -2.5235 17.5744 10.4654 -0.0006 18.7159 10.1438
3 16 -0.0006 18.7159 10.1438 -2.5235 17.5744 10.4654 0.0004 17.4594 10.7221
3 16 -7.0871 17.9867 8.0224 -4.9823 17.7752 9.6156 -6.4228 19.1402 7.6185
3 16 -6.4228 19.1402 7.6185 -4.9823 17.7752 9.6156 -4.5268 18.9838 9.1079
3 16 -6.9013 20.1893 5.4964 -7.6566 20.3791 3.5463 -7.8099 19.2978 5.6929
3 16 -7.8099 19.2978 5.6929 -7.6566 20.3791 3.5463 -8.6486 19.5304 3.4827
3 16 -0.002 19.7799 9.4563 -2.0767 19.8461 9.252 -0.0006 18.7159 10.1438
3 16 -0.0006 18.7159 10.1438 -2.0767 19.8461 9.252 -2.3096 18.8193 9.9079
3 16 -4.0241 19.9773 8.5086 -5.6375 20.0455 7.1344 -4.5268 18.9838 9.1079
3 16 -4.5268 18.9838 9.1079 -5.6375 20.0455 7.1344 -6.4228 19.1402 7.6185
3 16 -9.9098 14.9974 6.2418 -11.0848 15.218 3.5092 -10.418 12.673 6.333
3 16 -10.418 12.673 6.333 -11.0848 15.218 3.5092 -11.5229 12.8178 3.4087
3 16 -0.0012 12.1211 11.888 -0.0005 14.2841 11.4971 -3.0322 12.2082 11.5646
3 16 -3.0322 12.2082 11.5646 -0.0005 14.2841 11.4971 -2.873 14.3888 11.2045
3 16 -5.6923 14.6013 10.3732 -8.1029 14.803 8.6174 -5.9698 12.35 10.6078
3 16 -5.9698 12.35 10.6078 -8.1029 14.803 8.6174 -8.4923 12.51 8.7873
3 16 -8.8282 10.0983 8.9517 -6.203 9.9938 10.8285 -8.4923 12.51 8.7873
3 16 -8.4923 12.51 8.7873 -6.203 9.9938 10.8285 -5.9698 12.35 10.6078
3 16 -0.0008 9.8495 12.2335 -0.0012 12.1211 11.888 -3.1836 9.9186 11.9611
3 16 -3.1836 9.9186 11.9611 -0.0012 12.1211 11.888 -3.0322 12.2082 11.5646
3 16 -11.9838 10.3193 3.3715 -10.8109 10.205 6.3739 -11.5229 12.8178 3.4087
3 16 -11.5229 12.8178 3.4087 -10.8109 10.205 6.3739 -10.418 12.673 6.333
3 16 -9.2191 4.9772 9.0384 -6.5467 4.9802 11.1574 -9.09 7.5806 9.0611
3 16 -9.09 7.5806 9.0611 -6.5467 4.9802 11.1574 -6.3803 7.5291 10.9916
3 16 -0.0008 4.9772 12.9544 -0.0005 7.5038 12.633 -3.3618 4.9742 12.448
3 16 -3.3618 4.9742 12.448 -0.0005 7.5038 12.633 -3.3052 7.5195 12.2973
3 16 -12.4894 4.9772 3.3096 -11.2516 4.9772 6.3671 -12.2569 7.7079 3.3182
3 16 -12.2569 7.7079 3.3182 -11.2516 4.9772 6.3671 -11.0528 7.6406 6.394
3 16 -12.4486 2.5846 0 -11.0357 0.9609 0 -12.0941 2.5846 3.1951
3 16 -12.0941 2.5846 3.1951 -11.0357 0.9609 0 -10.6395 0.9609 2.8795
3 16 -12.4486 2.5846 0 -12.0941 2.5846 3.1951 -12.8908 4.9772 0
3 16 -12.8908 4.9772 0 -12.0941 2.5846 3.1951 -12.4894 4.9772 3.3096
3 16 -12.8908 4.9772 0 -12.4894 4.9772 3.3096 -12.7421 7.7876 0.0669
3 16 -12.7421 7.7876 0.0669 -12.4894 4.9772 3.3096 -12.2569 7.7079 3.3182
3 16 -12.7421 7.7876 0.0669 -12.2569 7.7079 3.3182 -12.3686 10.458 0.1625
3 16 -12.3686 10.458 0.1625 -12.2569 7.7079 3.3182 -11.9838 10.3193 3.3715
3 16 -12.3686 10.458 0.1625 -11.9838 10.3193 3.3715 -12.0052 13.0327 0.3352
3 16 -12.0052 13.0327 0.3352 -11.9838 10.3193 3.3715 -11.5229 12.8178 3.4087
3 16 -11.0848 15.218 3.5092 -11.5352 15.5071 0.5475 -11.5229 12.8178 3.4087
3 16 -11.5229 12.8178 3.4087 -11.5352 15.5071 0.5475 -12.0052 13.0327 0.3352
3 16 -10.4266 16.878 3.4965 -10.9613 17.2547 0.7604 -11.0848 15.218 3.5092
3 16 -11.0848 15.218 3.5092 -10.9613 17.2547 0.7604 -11.5352 15.5071 0.5475
3 16 -9.9819 18.8162 1.0071 -9.5683 18.4216 3.4755 -8.9588 19.8843 1.2437
3 16 -8.9588 19.8843 1.2437 -9.5683 18.4216 3.4755 -8.6486 19.5304 3.4827
3 16 -7.6566 20.3791 3.5463 -7.8884 20.7553 1.5069 -8.6486 19.5304 3.4827
3 16 -8.6486 19.5304 3.4827 -7.8884 20.7553 1.5069 -8.9588 19.8843 1.2437
3 16 -9.5971 0.9609 5.4375 -7.8959 0.9609 7.6437 -10.8648 2.5846 6.1292
3 16 -10.8648 2.5846 6.1292 -7.8959 0.9609 7.6437 -8.9041 2.5846 8.7822
3 16 -11.2516 4.9772 6.3671 -10.8648 2.5846 6.1292 -9.2191 4.9772 9.0384
3 16 -9.2191 4.9772 9.0384 -10.8648 2.5846 6.1292 -8.9041 2.5846 8.7822
3 16 -11.2516 4.9772 6.3671 -9.2191 4.9772 9.0384 -11.0528 7.6406 6.394
3 16 -11.0528 7.6406 6.394 -9.2191 4.9772 9.0384 -9.09 7.5806 9.0611
3 16 -11.0528 7.6406 6.394 -9.09 7.5806 9.0611 -10.8109 10.205 6.3739
3 16 -10.8109 10.205 6.3739 -9.09 7.5806 9.0611 -8.8282 10.0983 8.9517
3 16 -10.8109 10.205 6.3739 -8.8282 10.0983 8.9517 -10.418 12.673 6.333
3 16 -10.418 12.673 6.333 -8.8282 10.0983 8.9517 -8.4923 12.51 8.7873
3 16 -8.1029 14.803 8.6174 -9.9098 14.9974 6.2418 -8.4923 12.51 8.7873
3 16 -8.4923 12.51 8.7873 -9.9098 14.9974 6.2418 -10.418 12.673 6.333
3 16 -7.6873 16.4406 8.3844 -9.3781 16.6323 6.1053 -8.1029 14.803 8.6174
3 16 -8.1029 14.803 8.6174 -9.3781 16.6323 6.1053 -9.9098 14.9974 6.2418
3 16 -8.6274 18.1629 5.9026 -7.0871 17.9867 8.0224 -7.8099 19.2978 5.6929
3 16 -7.8099 19.2978 5.6929 -7.0871 17.9867 8.0224 -6.4228 19.1402 7.6185
3 16 -5.6375 20.0455 7.1344 -6.9013 20.1893 5.4964 -6.4228 19.1402 7.6185
3 16 -6.4228 19.1402 7.6185 -6.9013 20.1893 5.4964 -7.8099 19.2978 5.6929
3 16 -5.6955 0.9609 9.5591 -2.8962 0.9609 10.6737 -6.2657 2.5846 10.7747
3 16 -6.2657 2.5846 10.7747 -2.8962 0.9609 10.6737 -3.152 2.5846 12.0581
3 16 -6.5467 4.9802 11.1574 -6.2657 2.5846 10.7747 -3.3618 4.9742 12.448
3 16 -3.3618 4.9742 12.448 -6.2657 2.5846 10.7747 -3.152 2.5846 12.0581
3 16 -6.5467 4.9802 11.1574 -3.3618 4.9742 12.448 -6.3803 7.5291 10.9916
3 16 -6.3803 7.5291 10.9916 -3.3618 4.9742 12.448 -3.3052 7.5195 12.2973
3 16 -6.3803 7.5291 10.9916 -3.3052 7.5195 12.2973 -6.203 9.9938 10.8285
3 16 -6.203 9.9938 10.8285 -3.3052 7.5195 12.2973 -3.1836 9.9186 11.9611
3 16 -5.9698 12.35 10.6078 -6.203 9.9938 10.8285 -3.0322 12.2082 11.5646
3 16 -3.0322 12.2082 11.5646 -6.203 9.9938 10.8285 -3.1836 9.9186 11.9611
3 16 -5.6923 14.6013 10.3732 -5.9698 12.35 10.6078 -2.873 14.3888 11.2045
3 16 -2.873 14.3888 11.2045 -5.9698 12.35 10.6078 -3.0322 12.2082 11.5646
3 16 -2.7222 16.0053 10.9044 -5.3976 16.2222 10.0712 -2.873 14.3888 11.2045
3 16 -2.873 14.3888 11.2045 -5.3976 16.2222 10.0712 -5.6923 14.6013 10.3732
3 16 -4.9823 17.7752 9.6156 -2.5235 17.5744 10.4654 -4.5268 18.9838 9.1079
3 16 -4.5268 18.9838 9.1079 -2.5235 17.5744 10.4654 -2.3096 18.8193 9.9079
3 16 -2.0767 19.8461 9.252 -4.0241 19.9773 8.5086 -2.3096 18.8193 9.9079
3 16 -2.3096 18.8193 9.9079 -4.0241 19.9773 8.5086 -4.5268 18.9838 9.1079
3 16 -4.2172 21.8348 5.1209 -4.7706 22.0181 3.8936 -5.6118 21.0453 5.2497
3 16 -5.6118 21.0453 5.2497 -4.7706 22.0181 3.8936 -6.3096 21.2863 3.7412
3 16 -4.7706 22.0181 3.8936 -4.9611 22.4108 2.1827 -6.3096 21.2863 3.7412
3 16 -6.3096 21.2863 3.7412 -4.9611 22.4108 2.1827 -6.5104 21.6738 1.8439
3 16 -0.0008 21.5431 7.4677 -1.3944 21.515 7.259 -0.0009 20.7531 8.5452
3 16 -0.0009 20.7531 8.5452 -1.3944 21.515 7.259 -1.7412 20.7889 8.292
3 16 -1.3944 21.515 7.259 -2.588 21.589 6.6998 -1.7412 20.7889 8.292
3 16 -1.7412 20.7889 8.292 -2.588 21.589 6.6998 -3.3169 20.8682 7.6357
3 16 -2.588 21.589 6.6998 -3.5244 21.689 6.0019 -3.3169 20.8682 7.6357
3 16 -3.3169 20.8682 7.6357 -3.5244 21.689 6.0019 -4.6363 20.9454 6.5654
3 16 -3.5244 21.689 6.0019 -4.2172 21.8348 5.1209 -4.6363 20.9454 6.5654
3 16 -4.6363 20.9454 6.5654 -4.2172 21.8348 5.1209 -5.6118 21.0453 5.2497
3 16 9.0867 7.5771 9.0616 8.8259 10.095 8.9521 6.3769 7.5267 10.992
3 16 6.3769 7.5267 10.992 8.8259 10.095 8.9521 6.2005 9.9915 10.8288
3 16 3.1811 9.9174 11.9612 -0.0008 9.8495 12.2335 3.3017 7.5183 12.2975
3 16 3.3017 7.5183 12.2975 -0.0008 9.8495 12.2335 -0.0005 7.5038 12.633
3 16 12.2539 7.7033 3.3188 11.9818 10.3148 3.3721 11.0496 7.6364 6.3946
3 16 11.0496 7.6364 6.3946 11.9818 10.3148 3.3721 10.8087 10.2009 6.3745
3 16 7.8959 0.9609 7.6437 8.9041 2.5846 8.7822 5.6955 0.9609 9.5591
3 16 5.6955 0.9609 9.5591 8.9041 2.5846 8.7822 6.2657 2.5846 10.7747
3 16 2.8962 0.9609 10.6737 3.152 2.5846 12.0581 -0.0008 0.9609 11.23
3 16 -0.0008 0.9609 11.23 3.152 2.5846 12.0581 -0.0008 2.5846 12.5178
3 16 12.0941 2.5846 3.1951 10.8648 2.5846 6.1292 10.6395 0.9609 2.8795
3 16 10.6395 0.9609 2.8795 10.8648 2.5846 6.1292 9.5971 0.9609 5.4375
3 16 9.2191 4.9772 9.0384 6.5467 4.9803 11.1574 8.9041 2.5846 8.7822
3 16 8.9041 2.5846 8.7822 6.5467 4.9803 11.1574 6.2657 2.5846 10.7747
3 16 3.3618 4.9742 12.448 -0.0008 4.9772 12.9544 3.152 2.5846 12.0581
3 16 3.152 2.5846 12.0581 -0.0008 4.9772 12.9544 -0.0008 2.5846 12.5178
3 16 12.0941 2.5846 3.1951 12.4894 4.9772 3.3096 10.8648 2.5846 6.1292
3 16 10.8648 2.5846 6.1292 12.4894 4.9772 3.3096 11.2516 4.9772 6.3671
3 16 8.1023 14.8 8.6178 7.6873 16.4377 8.3848 5.6915 14.5992 10.3735
3 16 5.6915 14.5992 10.3735 7.6873 16.4377 8.3848 5.3975 16.2202 10.0715
3 16 -0.0005 14.2841 11.4971 2.8722 14.3877 11.2047 0.0003 15.8934 11.1783
3 16 0.0003 15.8934 11.1783 2.8722 14.3877 11.2047 2.7219 16.0043 10.9045
3 16 11.0846 15.2139 3.5098 10.4271 16.8741 3.497 9.9094 14.9937 6.2423
3 16 9.9094 14.9937 6.2423 10.4271 16.8741 3.497 9.3783 16.6288 6.1057
3 16 2.5871 21.5889 6.6986 3.3187 20.867 7.6359 3.5245 21.6887 6.0019
3 16 3.5245 21.6887 6.0019 3.3187 20.867 7.6359 4.7084 20.9531 6.6275
3 16 -0.0008 21.5431 7.4677 -0.0009 20.7531 8.5452 1.3938 21.5151 7.2579
3 16 1.3938 21.5151 7.2579 -0.0009 20.7531 8.5452 1.7429 20.7882 8.2921
3 16 4.2172 21.8349 5.121 5.6137 21.0432 5.25 4.7706 22.0182 3.8935
3 16 4.7706 22.0182 3.8935 5.6137 21.0432 5.25 6.3118 21.2839 3.6534
3 16 11.5219 12.8135 3.4092 11.0846 15.2139 3.5098 10.4167 12.669 6.3336
3 16 10.4167 12.669 6.3336 11.0846 15.2139 3.5098 9.9094 14.9937 6.2423
3 16 -0.0012 12.1211 11.888 3.0305 12.2071 11.5648 -0.0005 14.2841 11.4971
3 16 -0.0005 14.2841 11.4971 3.0305 12.2071 11.5648 2.8722 14.3877 11.2047
3 16 8.4908 12.5068 8.7878 8.1023 14.8 8.6178 5.9682 12.3478 10.6082
3 16 5.9682 12.3478 10.6082 8.1023 14.8 8.6178 5.6915 14.5992 10.3735
3 16 8.8259 10.095 8.9521 8.4908 12.5068 8.7878 6.2005 9.9915 10.8288
3 16 6.2005 9.9915 10.8288 8.4908 12.5068 8.7878 5.9682 12.3478 10.6082
3 16 3.0305 12.2071 11.5648 -0.0012 12.1211 11.888 3.1811 9.9174 11.9612
3 16 3.1811 9.9174 11.9612 -0.0012 12.1211 11.888 -0.0008 9.8495 12.2335
3 16 11.9818 10.3148 3.3721 11.5219 12.8135 3.4092 10.8087 10.2009 6.3745
3 16 10.8087 10.2009 6.3745 11.5219 12.8135 3.4092 10.4167 12.669 6.3336
3 16 9.2191 4.9772 9.0384 9.0867 7.5771 9.0616 6.5467 4.9803 11.1574
3 16 6.5467 4.9803 11.1574 9.0867 7.5771 9.0616 6.3769 7.5267 10.992
3 16 3.3017 7.5183 12.2975 -0.0005 7.5038 12.633 3.3618 4.9742 12.448
3 16 3.3618 4.9742 12.448 -0.0005 7.5038 12.633 -0.0008 4.9772 12.9544
3 16 12.4894 4.9772 3.3096 12.2539 7.7033 3.3188 11.2516 4.9772 6.3671
3 16 11.2516 4.9772 6.3671 12.2539 7.7033 3.3188 11.0496 7.6364 6.3946
3 16 12.4861 2.5846 0 12.0941 2.5846 3.1951 11.0732 0.9609 0
3 16 11.0732 0.9609 0 12.0941 2.5846 3.1951 10.6395 0.9609 2.8795
3 16 12.4894 4.9772 3.3096 12.0941 2.5846 3.1951 12.9146 4.9772 0
3 16 12.9146 4.9772 0 12.0941 2.5846 3.1951 12.4861 2.5846 0
3 16 12.2539 7.7033 3.3188 12.4894 4.9772 3.3096 12.7531 7.7879 0.0669
3 16 12.7531 7.7879 0.0669 12.4894 4.9772 3.3096 12.9146 4.9772 0
3 16 11.9818 10.3148 3.3721 12.2539 7.7033 3.3188 12.3668 10.4533 0.1631
3 16 12.3668 10.4533 0.1631 12.2539 7.7033 3.3188 12.7531 7.7879 0.0669
3 16 11.5219 12.8135 3.4092 11.9818 10.3148 3.3721 12.0044 13.0282 0.3358
3 16 12.0044 13.0282 0.3358 11.9818 10.3148 3.3721 12.3668 10.4533 0.1631
3 16 11.0846 15.2139 3.5098 11.5219 12.8135 3.4092 11.5353 15.5028 0.5481
3 16 11.5353 15.5028 0.5481 11.5219 12.8135 3.4092 12.0044 13.0282 0.3358
3 16 10.4271 16.8741 3.497 11.0846 15.2139 3.5098 10.9621 17.2506 0.761
3 16 10.9621 17.2506 0.761 11.0846 15.2139 3.5098 11.5353 15.5028 0.5481
3 16 6.5128 21.6714 1.8442 4.9611 22.4108 2.1827 6.3118 21.2839 3.6534
3 16 6.3118 21.2839 3.6534 4.9611 22.4108 2.1827 4.7706 22.0182 3.8935
3 16 8.9041 2.5846 8.7822 7.8959 0.9609 7.6437 10.8648 2.5846 6.1292
3 16 10.8648 2.5846 6.1292 7.8959 0.9609 7.6437 9.5971 0.9609 5.4375
3 16 11.2516 4.9772 6.3671 9.2191 4.9772 9.0384 10.8648 2.5846 6.1292
3 16 10.8648 2.5846 6.1292 9.2191 4.9772 9.0384 8.9041 2.5846 8.7822
3 16 9.0867 7.5771 9.0616 9.2191 4.9772 9.0384 11.0496 7.6364 6.3946
3 16 11.0496 7.6364 6.3946 9.2191 4.9772 9.0384 11.2516 4.9772 6.3671
3 16 8.8259 10.095 8.9521 9.0867 7.5771 9.0616 10.8087 10.2009 6.3745
3 16 10.8087 10.2009 6.3745 9.0867 7.5771 9.0616 11.0496 7.6364 6.3946
3 16 8.4908 12.5068 8.7878 8.8259 10.095 8.9521 10.4167 12.669 6.3336
3 16 10.4167 12.669 6.3336 8.8259 10.095 8.9521 10.8087 10.2009 6.3745
3 16 8.1023 14.8 8.6178 8.4908 12.5068 8.7878 9.9094 14.9937 6.2423
3 16 9.9094 14.9937 6.2423 8.4908 12.5068 8.7878 10.4167 12.669 6.3336
3 16 7.6873 16.4377 8.3848 8.1023 14.8 8.6178 9.3783 16.6288 6.1057
3 16 9.3783 16.6288 6.1057 8.1023 14.8 8.6178 9.9094 14.9937 6.2423
3 16 3.5245 21.6887 6.0019 4.7084 20.9531 6.6275 4.2172 21.8349 5.121
3 16 4.2172 21.8349 5.121 4.7084 20.9531 6.6275 5.6137 21.0432 5.25
3 16 3.152 2.5846 12.0581 2.8962 0.9609 10.6737 6.2657 2.5846 10.7747
3 16 6.2657 2.5846 10.7747 2.8962 0.9609 10.6737 5.6955 0.9609 9.5591
3 16 6.5467 4.9803 11.1574 3.3618 4.9742 12.448 6.2657 2.5846 10.7747
3 16 6.2657 2.5846 10.7747 3.3618 4.9742 12.448 3.152 2.5846 12.0581
3 16 3.3017 7.5183 12.2975 3.3618 4.9742 12.448 6.3769 7.5267 10.992
3 16 6.3769 7.5267 10.992 3.3618 4.9742 12.448 6.5467 4.9803 11.1574
3 16 3.1811 9.9174 11.9612 3.3017 7.5183 12.2975 6.2005 9.9915 10.8288
3 16 6.2005 9.9915 10.8288 3.3017 7.5183 12.2975 6.3769 7.5267 10.992
3 16 5.9682 12.3478 10.6082 3.0305 12.2071 11.5648 6.2005 9.9915 10.8288
3 16 6.2005 9.9915 10.8288 3.0305 12.2071 11.5648 3.1811 9.9174 11.9612
3 16 3.0305 12.2071 11.5648 5.9682 12.3478 10.6082 2.8722 14.3877 11.2047
3 16 2.8722 14.3877 11.2047 5.9682 12.3478 10.6082 5.6915 14.5992 10.3735
3 16 2.7219 16.0043 10.9045 2.8722 14.3877 11.2047 5.3975 16.2202 10.0715
3 16 5.3975 16.2202 10.0715 2.8722 14.3877 11.2047 5.6915 14.5992 10.3735
3 16 1.3938 21.5151 7.2579 1.7429 20.7882 8.2921 2.5871 21.5889 6.6986
3 16 2.5871 21.5889 6.6986 1.7429 20.7882 8.2921 3.3187 20.867 7.6359
3 16 -11.0357 0.9609 0 -9.3485 -0.005 0 -10.6395 0.9609 2.8795
3 16 -10.6395 0.9609 2.8795 -9.3485 -0.005 0 -8.9567 -0.005 2.4039
3 16 -8.9567 -0.005 2.4039 -8.0675 -0.005 4.451 -10.6395 0.9609 2.8795
3 16 -10.6395 0.9609 2.8795 -8.0675 -0.005 4.451 -9.5971 0.9609 5.4375
3 16 -7.8959 0.9609 7.6437 -9.5971 0.9609 5.4375 -6.5658 -0.005 6.1789
3 16 -6.5658 -0.005 6.1789 -9.5971 0.9609 5.4375 -8.0675 -0.005 4.451
3 16 -6.5658 -0.005 6.1789 -4.6503 -0.005 7.6576 -7.8959 0.9609 7.6437
3 16 -7.8959 0.9609 7.6437 -4.6503 -0.005 7.6576 -5.6955 0.9609 9.5591
3 16 -2.8962 0.9609 10.6737 -5.6955 0.9609 9.5591 -2.4423 -0.005 8.5814
3 16 -2.4423 -0.005 8.5814 -5.6955 0.9609 9.5591 -4.6503 -0.005 7.6576
3 16 -2.4423 -0.005 8.5814 -0.0008 -0.005 8.9756 -2.8962 0.9609 10.6737
3 16 -2.8962 0.9609 10.6737 -0.0008 -0.005 8.9756 -0.0008 0.9609 11.23
3 16 2.4423 -0.005 8.5814 2.8962 0.9609 10.6737 -0.0008 -0.005 8.9756
3 16 -0.0008 -0.005 8.9756 2.8962 0.9609 10.6737 -0.0008 0.9609 11.23
3 16 2.8962 0.9609 10.6737 2.4423 -0.005 8.5814 5.6955 0.9609 9.5591
3 16 5.6955 0.9609 9.5591 2.4423 -0.005 8.5814 4.6503 -0.005 7.6576
3 16 6.5658 -0.005 6.1789 7.8959 0.9609 7.6437 4.6503 -0.005 7.6576
3 16 4.6503 -0.005 7.6576 7.8959 0.9609 7.6437 5.6955 0.9609 9.5591
3 16 7.8959 0.9609 7.6437 6.5658 -0.005 6.1789 9.5971 0.9609 5.4375
3 16 9.5971 0.9609 5.4375 6.5658 -0.005 6.1789 8.0675 -0.005 4.451
3 16 8.9567 -0.005 2.4039 10.6395 0.9609 2.8795 8.0675 -0.005 4.451
3 16 8.0675 -0.005 4.451 10.6395 0.9609 2.8795 9.5971 0.9609 5.4375
3 16 11.0732 0.9609 0 10.6395 0.9609 2.8795 9.3673 -0.005 0
3 16 9.3673 -0.005 0 10.6395 0.9609 2.8795 8.9567 -0.005 2.4039
3 16 -0.0008 21.5431 7.4677 1.3938 21.5151 7.2579 0.0014 19.484 7.4451
3 16 0.0014 19.484 7.4451 1.3938 21.5151 7.2579 2.0749 19.4618 6.8991
3 16 -0.0008 21.5431 7.4677 0.0014 19.484 7.4451 -1.3944 21.515 7.259
3 16 -1.3944 21.515 7.259 0.0014 19.484 7.4451 -2.1056 19.4617 6.8821
3 16 2.5871 21.5889 6.6986 2.604 20.1009 6.5766 1.3938 21.5151 7.2579
3 16 1.3938 21.5151 7.2579 2.604 20.1009 6.5766 2.0749 19.4618 6.8991
3 16 2.3747 24.2798 -1.867 2.3383 21.907 -1.8181 3.3632 23.8177 -1.1309
3 16 3.3632 23.8177 -1.1309 2.3383 21.907 -1.8181 2.8026 21.3554 -1.4858
3 16 4.1977 23.2823 -0.1091 4.1278 20.3417 -0.1179 4.7405 22.7593 1.1712
3 16 4.7405 22.7593 1.1712 4.1278 20.3417 -0.1179 4.8879 19.5842 1.9967
3 16 3.3632 23.8177 -1.1309 2.8026 21.3554 -1.4858 4.1977 23.2823 -0.1091
3 16 4.1977 23.2823 -0.1091 2.8026 21.3554 -1.4858 4.1278 20.3417 -0.1179
3 16 4.7405 22.7593 1.1712 4.8879 19.5842 1.9967 4.9611 22.4108 2.1827
3 16 4.9611 22.4108 2.1827 4.8879 19.5842 1.9967 4.9163 20.157 2.634
3 16 7.6583 20.3762 3.5467 8.65 19.5271 3.4831 7.8904 20.7523 1.5073
3 16 7.8904 20.7523 1.5073 8.65 19.5271 3.4831 8.9605 19.881 1.2441
3 16 6.9029 20.1867 5.4967 7.8112 19.2949 5.6933 7.6583 20.3762 3.5467
3 16 7.6583 20.3762 3.5467 7.8112 19.2949 5.6933 8.65 19.5271 3.4831
3 16 5.639 20.0434 7.1347 6.4239 19.1377 7.6189 6.9029 20.1867 5.4967
3 16 6.9029 20.1867 5.4967 6.4239 19.1377 7.6189 7.8112 19.2949 5.6933
3 16 4.0255 19.9758 8.5089 4.5278 18.9821 9.1081 5.639 20.0434 7.1347
3 16 5.639 20.0434 7.1347 4.5278 18.9821 9.1081 6.4239 19.1377 7.6189
3 16 2.078 19.8453 9.2521 2.3105 18.8184 9.908 4.0255 19.9758 8.5089
3 16 4.0255 19.9758 8.5089 2.3105 18.8184 9.908 4.5278 18.9821 9.1081
3 16 -0.002 19.7799 9.4563 -0.0006 18.7159 10.1438 2.078 19.8453 9.2521
3 16 2.078 19.8453 9.2521 -0.0006 18.7159 10.1438 2.3105 18.8184 9.908
3 16 6.3118 21.2839 3.6534 7.6583 20.3762 3.5467 6.5128 21.6714 1.8442
3 16 6.5128 21.6714 1.8442 7.6583 20.3762 3.5467 7.8904 20.7523 1.5073
3 16 5.6137 21.0432 5.25 6.9029 20.1867 5.4967 6.3118 21.2839 3.6534
3 16 6.3118 21.2839 3.6534 6.9029 20.1867 5.4967 7.6583 20.3762 3.5467
3 16 1.7429 20.7882 8.2921 2.078 19.8453 9.2521 3.3187 20.867 7.6359
3 16 3.3187 20.867 7.6359 2.078 19.8453 9.2521 4.0255 19.9758 8.5089
3 16 -0.0009 20.7531 8.5452 -0.002 19.7799 9.4563 1.7429 20.7882 8.2921
3 16 1.7429 20.7882 8.2921 -0.002 19.7799 9.4563 2.078 19.8453 9.2521
3 16 -2.0767 19.8461 9.252 -0.002 19.7799 9.4563 -1.7412 20.7889 8.292
3 16 -1.7412 20.7889 8.292 -0.002 19.7799 9.4563 -0.0009 20.7531 8.5452
3 16 -4.0241 19.9773 8.5086 -2.0767 19.8461 9.252 -3.3169 20.8682 7.6357
3 16 -3.3169 20.8682 7.6357 -2.0767 19.8461 9.252 -1.7412 20.7889 8.292
3 16 -5.6375 20.0455 7.1344 -4.0241 19.9773 8.5086 -4.6363 20.9454 6.5654
3 16 -4.6363 20.9454 6.5654 -4.0241 19.9773 8.5086 -3.3169 20.8682 7.6357
3 16 -6.9013 20.1893 5.4964 -5.6375 20.0455 7.1344 -5.6118 21.0453 5.2497
3 16 -5.6118 21.0453 5.2497 -5.6375 20.0455 7.1344 -4.6363 20.9454 6.5654
3 16 -7.6566 20.3791 3.5463 -6.9013 20.1893 5.4964 -6.3096 21.2863 3.7412
3 16 -6.3096 21.2863 3.7412 -6.9013 20.1893 5.4964 -5.6118 21.0453 5.2497
3 16 -7.8884 20.7553 1.5069 -7.6566 20.3791 3.5463 -6.5104 21.6738 1.8439
3 16 -6.5104 21.6738 1.8439 -7.6566 20.3791 3.5463 -6.3096 21.2863 3.7412
3 16 0.8234 18.1674 -12.3735 0.618 17.8686 -12.7032 0.0012 18.3686 -12.4354
3 16 0.0012 18.3686 -12.4354 0.618 17.8686 -12.7032 -0.006 18.0173 -12.7479
3 16 -0.8212 18.1678 -12.3735 0.0012 18.3686 -12.4354 -0.6217 17.8677 -12.7003
3 16 -0.6217 17.8677 -12.7003 0.0012 18.3686 -12.4354 -0.006 18.0173 -12.7479
3 16 1.4254 17.7321 -12.2879 1.1922 17.4175 -12.6374 0.8234 18.1674 -12.3735
3 16 0.8234 18.1674 -12.3735 1.1922 17.4175 -12.6374 0.618 17.8686 -12.7032
3 16 -1.4233 17.7328 -12.2878 -0.8212 18.1678 -12.3735 -1.1914 17.4189 -12.6372
3 16 -1.1914 17.4189 -12.6372 -0.8212 18.1678 -12.3735 -0.6217 17.8677 -12.7003
3 16 1.4254 17.7321 -12.2879 1.7549 16.853 -12.1792 1.1922 17.4175 -12.6374
3 16 1.1922 17.4175 -12.6374 1.7549 16.853 -12.1792 1.3236 16.7741 -12.6444
3 16 -1.4233 17.7328 -12.2878 -1.1914 17.4189 -12.6372 -1.7533 16.8538 -12.1792
3 16 -1.7533 16.8538 -12.1792 -1.1914 17.4189 -12.6372 -1.322 16.7746 -12.6444
3 16 1.4181 15.8446 -12.008 1.0375 16.0678 -12.5179 1.7549 16.853 -12.1792
3 16 1.7549 16.853 -12.1792 1.0375 16.0678 -12.5179 1.3236 16.7741 -12.6444
3 16 0.9157 15.2689 -11.9806 0.6812 15.5511 -12.3869 1.4181 15.8446 -12.008
3 16 1.4181 15.8446 -12.008 0.6812 15.5511 -12.3869 1.0375 16.0678 -12.5179
3 16 0.3544 14.8768 -11.9371 0.3292 15.2491 -12.301 0.9157 15.2689 -11.9806
3 16 0.9157 15.2689 -11.9806 0.3292 15.2491 -12.301 0.6812 15.5511 -12.3869
3 16 0.0003 14.7393 -11.9403 0.0007 15.1788 -12.2845 0.3544 14.8768 -11.9371
3 16 0.3544 14.8768 -11.9371 0.0007 15.1788 -12.2845 0.3292 15.2491 -12.301
3 16 0.0003 14.7393 -11.9403 -0.3537 14.877 -11.9371 0.0007 15.1788 -12.2845
3 16 0.0007 15.1788 -12.2845 -0.3537 14.877 -11.9371 -0.3282 15.249 -12.3026
3 16 -0.3537 14.877 -11.9371 -0.9148 15.2693 -11.9805 -0.3282 15.249 -12.3026
3 16 -0.3282 15.249 -12.3026 -0.9148 15.2693 -11.9805 -0.6798 15.5514 -12.3876
3 16 -0.9148 15.2693 -11.9805 -1.4169 15.8452 -12.0244 -0.6798 15.5514 -12.3876
3 16 -0.6798 15.5514 -12.3876 -1.4169 15.8452 -12.0244 -1.0227 16.0733 -12.507
3 16 -1.4169 15.8452 -12.0244 -1.7533 16.8538 -12.1792 -1.0227 16.0733 -12.507
3 16 -1.0227 16.0733 -12.507 -1.7533 16.8538 -12.1792 -1.322 16.7746 -12.6444
3 16 0.3292 15.2491 -12.301 0.3086 15.5056 -12.4617 0.6812 15.5511 -12.3869
3 16 0.6812 15.5511 -12.3869 0.3086 15.5056 -12.4617 0.4414 15.797 -12.6454
3 16 0.0014 15.4472 -12.47 -0.3065 15.5059 -12.4623 0.0017 15.813 -12.7053
3 16 0.0017 15.813 -12.7053 -0.3065 15.5059 -12.4623 -0.4395 15.7973 -12.6458
3 16 0.6812 15.5511 -12.3869 0.4414 15.797 -12.6454 1.0375 16.0678 -12.5179
3 16 1.0375 16.0678 -12.5179 0.4414 15.797 -12.6454 0.5551 16.1428 -12.8142
3 16 0.0017 15.813 -12.7053 -0.4395 15.7973 -12.6458 0.0007 16.1561 -12.8907
3 16 0.0007 16.1561 -12.8907 -0.4395 15.7973 -12.6458 -0.5524 16.143 -12.8131
3 16 0.5551 16.1428 -12.8142 0.6446 16.6365 -12.9493 1.0375 16.0678 -12.5179
3 16 1.0375 16.0678 -12.5179 0.6446 16.6365 -12.9493 1.3236 16.7741 -12.6444
3 16 0.0007 16.1561 -12.8907 -0.5524 16.143 -12.8131 0.0008 16.6406 -13.0468
3 16 0.0008 16.6406 -13.0468 -0.5524 16.143 -12.8131 -0.6426 16.6368 -12.949
3 16 0.6446 16.6365 -12.9493 0.6125 17.143 -13.0088 1.3236 16.7741 -12.6444
3 16 1.3236 16.7741 -12.6444 0.6125 17.143 -13.0088 1.1922 17.4175 -12.6374
3 16 -0.6426 16.6368 -12.949 -0.614 17.1426 -13.0075 0.0008 16.6406 -13.0468
3 16 0.0008 16.6406 -13.0468 -0.614 17.1426 -13.0075 -0.0043 17.1316 -13.0886
3 16 -0.614 17.1426 -13.0075 -0.4639 17.5983 -12.9256 -0.0043 17.1316 -13.0886
3 16 -0.0043 17.1316 -13.0886 -0.4639 17.5983 -12.9256 -0.0035 17.6244 -12.9739
3 16 1.1922 17.4175 -12.6374 0.6125 17.143 -13.0088 0.618 17.8686 -12.7032
3 16 0.618 17.8686 -12.7032 0.6125 17.143 -13.0088 0.4595 17.5995 -12.9293
3 16 -0.4395 15.7973 -12.6458 -0.3065 15.5059 -12.4623 -0.6798 15.5514 -12.3876
3 16 -0.6798 15.5514 -12.3876 -0.3065 15.5059 -12.4623 -0.3282 15.249 -12.3026
3 16 -0.5524 16.143 -12.8131 -0.4395 15.7973 -12.6458 -1.0227 16.0733 -12.507
3 16 -1.0227 16.0733 -12.507 -0.4395 15.7973 -12.6458 -0.6798 15.5514 -12.3876
3 16 -0.5524 16.143 -12.8131 -1.0227 16.0733 -12.507 -0.6426 16.6368 -12.949
3 16 -0.6426 16.6368 -12.949 -1.0227 16.0733 -12.507 -1.322 16.7746 -12.6444
3 16 -0.6426 16.6368 -12.949 -1.322 16.7746 -12.6444 -0.614 17.1426 -13.0075
3 16 -0.614 17.1426 -13.0075 -1.322 16.7746 -12.6444 -1.1914 17.4189 -12.6372
3 16 -0.4639 17.5983 -12.9256 -0.614 17.1426 -13.0075 -0.6217 17.8677 -12.7003
3 16 -0.6217 17.8677 -12.7003 -0.614 17.1426 -13.0075 -1.1914 17.4189 -12.6372
3 16 0.0014 15.4472 -12.47 0.0017 15.813 -12.7053 0.3086 15.5056 -12.4617
3 16 0.3086 15.5056 -12.4617 0.0017 15.813 -12.7053 0.4414 15.797 -12.6454
3 16 0.5551 16.1428 -12.8142 0.4414 15.797 -12.6454 0.0007 16.1561 -12.8907
3 16 0.0007 16.1561 -12.8907 0.4414 15.797 -12.6454 0.0017 15.813 -12.7053
3 16 0.6446 16.6365 -12.9493 0.5551 16.1428 -12.8142 0.0008 16.6406 -13.0468
3 16 0.0008 16.6406 -13.0468 0.5551 16.1428 -12.8142 0.0007 16.1561 -12.8907
3 16 0.6446 16.6365 -12.9493 0.0008 16.6406 -13.0468 0.6125 17.143 -13.0088
3 16 0.6125 17.143 -13.0088 0.0008 16.6406 -13.0468 -0.0043 17.1316 -13.0886
3 16 -0.0035 17.6244 -12.9739 0.4595 17.5995 -12.9293 -0.0043 17.1316 -13.0886
3 16 -0.0043 17.1316 -13.0886 0.4595 17.5995 -12.9293 0.6125 17.143 -13.0088
3 16 0.0007 15.1788 -12.2845 0.0014 15.4472 -12.47 0.3292 15.2491 -12.301
3 16 0.3292 15.2491 -12.301 0.0014 15.4472 -12.47 0.3086 15.5056 -12.4617
3 16 0.0007 15.1788 -12.2845 -0.3282 15.249 -12.3026 0.0014 15.4472 -12.47
3 16 0.0014 15.4472 -12.47 -0.3282 15.249 -12.3026 -0.3065 15.5059 -12.4623
3 16 -0.0035 17.6244 -12.9739 -0.4639 17.5983 -12.9256 -0.006 18.0173 -12.7479
3 16 -0.006 18.0173 -12.7479 -0.4639 17.5983 -12.9256 -0.6217 17.8677 -12.7003
3 16 0.618 17.8686 -12.7032 0.4595 17.5995 -12.9293 -0.006 18.0173 -12.7479
3 16 -0.006 18.0173 -12.7479 0.4595 17.5995 -12.9293 -0.0035 17.6244 -12.9739
3 16 -9.5683 18.4216 3.4755 -9.9819 18.8162 1.0071 -10.4266 16.878 3.4965
3 16 -10.4266 16.878 3.4965 -9.9819 18.8162 1.0071 -10.9613 17.2547 0.7604
3 16 -8.6274 18.1629 5.9026 -9.5683 18.4216 3.4755 -9.3781 16.6323 6.1053
3 16 -9.3781 16.6323 6.1053 -9.5683 18.4216 3.4755 -10.4266 16.878 3.4965
3 16 -7.0871 17.9867 8.0224 -8.6274 18.1629 5.9026 -7.6873 16.4406 8.3844
3 16 -7.6873 16.4406 8.3844 -8.6274 18.1629 5.9026 -9.3781 16.6323 6.1053
3 16 -4.9823 17.7752 9.6156 -7.0871 17.9867 8.0224 -5.3976 16.2222 10.0712
3 16 -5.3976 16.2222 10.0712 -7.0871 17.9867 8.0224 -7.6873 16.4406 8.3844
3 16 -2.5235 17.5744 10.4654 -4.9823 17.7752 9.6156 -2.7222 16.0053 10.9044
3 16 -2.7222 16.0053 10.9044 -4.9823 17.7752 9.6156 -5.3976 16.2222 10.0712
3 16 0.0003 15.8934 11.1783 0.0004 17.4594 10.7221 -2.7222 16.0053 10.9044
3 16 -2.7222 16.0053 10.9044 0.0004 17.4594 10.7221 -2.5235 17.5744 10.4654
3 16 0.0003 15.8934 11.1783 2.7219 16.0043 10.9045 0.0004 17.4594 10.7221
3 16 0.0004 17.4594 10.7221 2.7219 16.0043 10.9045 2.5238 17.5734 10.4656
3 16 7.0878 17.984 8.0227 7.6873 16.4377 8.3848 8.6283 18.1596 5.9031
3 16 8.6283 18.1596 5.9031 7.6873 16.4377 8.3848 9.3783 16.6288 6.1057
3 16 10.4271 16.8741 3.497 9.5693 18.418 3.476 9.3783 16.6288 6.1057
3 16 9.3783 16.6288 6.1057 9.5693 18.418 3.476 8.6283 18.1596 5.9031
3 16 9.5693 18.418 3.476 10.4271 16.8741 3.497 9.9832 18.8124 1.0076
3 16 9.9832 18.8124 1.0076 10.4271 16.8741 3.497 10.9621 17.2506 0.761
3 16 2.3105 18.8184 9.908 -0.0006 18.7159 10.1438 2.5238 17.5734 10.4656
3 16 2.5238 17.5734 10.4656 -0.0006 18.7159 10.1438 0.0004 17.4594 10.7221
3 16 6.4239 19.1377 7.6189 7.0878 17.984 8.0227 7.8112 19.2949 5.6933
3 16 7.8112 19.2949 5.6933 7.0878 17.984 8.0227 8.6283 18.1596 5.9031
3 16 7.8112 19.2949 5.6933 8.6283 18.1596 5.9031 8.65 19.5271 3.4831
3 16 8.65 19.5271 3.4831 8.6283 18.1596 5.9031 9.5693 18.418 3.476
3 16 8.65 19.5271 3.4831 9.5693 18.418 3.476 8.9605 19.881 1.2441
3 16 8.9605 19.881 1.2441 9.5693 18.418 3.476 9.9832 18.8124 1.0076
3 16 5.4127 -0.0532 -3.125 3.125 -0.0532 -5.4127 6.6644 -0.005 -6.2204
3 16 6.6644 -0.005 -6.2204 3.125 -0.0532 -5.4127 4.7562 -0.005 -7.7834
3 16 9.0163 -0.005 -2.1989 5.4127 -0.0532 -3.125 8.1294 -0.005 -4.3075
3 16 5.4702 -0.0532 3.1292 6.3177 -0.0532 -0.0336 8.9567 -0.005 2.4039
3 16 8.9567 -0.005 2.4039 6.3177 -0.0532 -0.0336 9.3673 -0.005 0
3 16 6.5658 -0.005 6.1789 5.4702 -0.0532 3.1292 8.0675 -0.005 4.451
3 16 0 -0.0532 6.25 3.125 -0.0532 5.4127 2.4423 -0.005 8.5814
3 16 2.4423 -0.005 8.5814 3.125 -0.0532 5.4127 4.6503 -0.005 7.6576
3 16 -2.4423 -0.005 8.5814 0 -0.0532 6.25 -0.0008 -0.005 8.9756
3 16 -5.4127 -0.0532 3.125 -3.125 -0.0532 5.4127 -6.5658 -0.005 6.1789
3 16 -6.5658 -0.005 6.1789 -3.125 -0.0532 5.4127 -4.6503 -0.005 7.6576
3 16 -8.9567 -0.005 2.4039 -5.4127 -0.0532 3.125 -8.0675 -0.005 4.451
3 16 -5.4127 -0.0532 -3.125 -6.25 -0.0532 0 -9.0163 -0.005 -2.1989
3 16 -9.0163 -0.005 -2.1989 -6.25 -0.0532 0 -9.3485 -0.005 0
3 16 -6.6644 -0.005 -6.2824 -5.4127 -0.0532 -3.125 -8.1294 -0.005 -4.3075
3 16 0 -0.0532 -6.25 -3.125 -0.0532 -5.4127 -2.5026 -0.005 -8.756
3 16 -2.5026 -0.005 -8.756 -3.125 -0.0532 -5.4127 -4.7562 -0.005 -7.7834
3 16 2.5026 -0.005 -8.756 0 -0.0532 -6.25 -0.0008 -0.005 -9.1294
3 16 5.639 20.0434 7.1347 4.7084 20.9531 6.6275 4.0255 19.9758 8.5089
3 16 4.0255 19.9758 8.5089 4.7084 20.9531 6.6275 3.3187 20.867 7.6359
3 16 4.7084 20.9531 6.6275 5.639 20.0434 7.1347 5.6137 21.0432 5.25
3 16 5.6137 21.0432 5.25 5.639 20.0434 7.1347 6.9029 20.1867 5.4967
3 16 4.5278 18.9821 9.1081 4.9072 17.7455 9.6101 6.4239 19.1377 7.6189
3 16 6.4239 19.1377 7.6189 4.9072 17.7455 9.6101 7.0878 17.984 8.0227
3 16 4.9072 17.7455 9.6101 5.3975 16.2202 10.0715 7.0878 17.984 8.0227
3 16 7.0878 17.984 8.0227 5.3975 16.2202 10.0715 7.6873 16.4377 8.3848
3 16 4.9072 17.7455 9.6101 4.5278 18.9821 9.1081 2.5238 17.5734 10.4656
3 16 2.5238 17.5734 10.4656 4.5278 18.9821 9.1081 2.3105 18.8184 9.908
3 16 5.3975 16.2202 10.0715 4.9072 17.7455 9.6101 2.7219 16.0043 10.9045
3 16 2.7219 16.0043 10.9045 4.9072 17.7455 9.6101 2.5238 17.5734 10.4656
3 16 -0.0008 -0.005 -9.1294 0 -0.0532 -6.25 -2.5026 -0.005 -8.756
3 16 -0.0008 -0.005 8.9756 0 -0.0532 6.25 2.4423 -0.005 8.5814
3 16 -8.0675 -0.005 4.451 -5.4127 -0.0532 3.125 -6.5658 -0.005 6.1789
3 16 -8.1294 -0.005 -4.3075 -5.4127 -0.0532 -3.125 -9.0163 -0.005 -2.1989
3 16 5.4702 -0.0532 3.1292 3.125 -0.0532 5.4127 5.4702 -4.4525 3.1292
3 16 5.4702 -4.4525 3.1292 3.125 -0.0532 5.4127 3.125 -4.4525 5.4127
3 16 3.125 -0.0532 5.4127 0 -0.0532 6.25 3.125 -4.4525 5.4127
3 16 3.125 -4.4525 5.4127 0 -0.0532 6.25 0 -4.4525 6.25
3 16 0 -0.0532 6.25 -3.125 -0.0532 5.4127 0 -4.4525 6.25
3 16 0 -4.4525 6.25 -3.125 -0.0532 5.4127 -3.125 -4.4525 5.4127
3 16 -3.125 -0.0532 5.4127 -5.4127 -0.0532 3.125 -3.125 -4.4525 5.4127
3 16 -3.125 -4.4525 5.4127 -5.4127 -0.0532 3.125 -5.4127 -4.4525 3.125
3 16 -5.4127 -0.0532 3.125 -6.25 -0.0532 0 -5.4127 -4.4525 3.125
3 16 -5.4127 -4.4525 3.125 -6.25 -0.0532 0 -6.25 -4.4525 0
3 16 -6.25 -0.0532 0 -5.4127 -0.0532 -3.125 -6.25 -4.4525 0
3 16 -6.25 -4.4525 0 -5.4127 -0.0532 -3.125 -5.4127 -4.4525 -3.125
3 16 -5.4127 -0.0532 -3.125 -3.125 -0.0532 -5.4127 -5.4127 -4.4525 -3.125
3 16 -5.4127 -4.4525 -3.125 -3.125 -0.0532 -5.4127 -3.125 -4.4525 -5.4127
3 16 -3.125 -0.0532 -5.4127 0 -0.0532 -6.25 -3.125 -4.4525 -5.4127
3 16 -3.125 -4.4525 -5.4127 0 -0.0532 -6.25 0 -4.4525 -6.25
3 16 0 -0.0532 -6.25 3.125 -0.0532 -5.4127 0 -4.4525 -6.25
3 16 0 -4.4525 -6.25 3.125 -0.0532 -5.4127 3.125 -4.4525 -5.4127
3 16 3.125 -0.0532 -5.4127 5.4127 -0.0532 -3.125 3.125 -4.4525 -5.4127
3 16 3.125 -4.4525 -5.4127 5.4127 -0.0532 -3.125 5.4127 -4.4525 -3.125
3 16 5.4127 -0.0532 -3.125 6.3177 -0.0532 -0.0336 5.4127 -4.4525 -3.125
3 16 5.4127 -4.4525 -3.125 6.3177 -0.0532 -0.0336 6.3177 -4.4525 -0.0336
3 16 6.3177 -0.0532 -0.0336 5.4702 -0.0532 3.1292 6.3177 -4.4525 -0.0336
3 16 6.3177 -4.4525 -0.0336 5.4702 -0.0532 3.1292 5.4702 -4.4525 3.1292
3 16 5.4702 -4.4525 3.1292 3.125 -4.4525 5.4127 3.4641 -4.4525 2
3 16 3.4641 -4.4525 2 3.125 -4.4525 5.4127 2 -4.4525 3.4641
3 16 3.125 -4.4525 5.4127 0 -4.4525 6.25 2 -4.4525 3.4641
3 16 2 -4.4525 3.4641 0 -4.4525 6.25 0 -4.4525 4
3 16 0 -4.4525 6.25 -3.125 -4.4525 5.4127 0 -4.4525 4
3 16 0 -4.4525 4 -3.125 -4.4525 5.4127 -2 -4.4525 3.4641
3 16 -3.125 -4.4525 5.4127 -5.4127 -4.4525 3.125 -2 -4.4525 3.4641
3 16 -2 -4.4525 3.4641 -5.4127 -4.4525 3.125 -3.4641 -4.4525 2
3 16 -5.4127 -4.4525 3.125 -6.25 -4.4525 0 -3.4641 -4.4525 2
3 16 -3.4641 -4.4525 2 -6.25 -4.4525 0 -4 -4.4525 0
3 16 -6.25 -4.4525 0 -5.4127 -4.4525 -3.125 -4 -4.4525 0
3 16 -4 -4.4525 0 -5.4127 -4.4525 -3.125 -3.4641 -4.4525 -2
3 16 -5.4127 -4.4525 -3.125 -3.125 -4.4525 -5.4127 -3.4641 -4.4525 -2
3 16 -3.4641 -4.4525 -2 -3.125 -4.4525 -5.4127 -2 -4.4525 -3.4641
3 16 -3.125 -4.4525 -5.4127 0 -4.4525 -6.25 -2 -4.4525 -3.4641
3 16 -2 -4.4525 -3.4641 0 -4.4525 -6.25 0 -4.4525 -4
3 16 0 -4.4525 -6.25 3.125 -4.4525 -5.4127 0 -4.4525 -4
3 16 0 -4.4525 -4 3.125 -4.4525 -5.4127 2 -4.4525 -3.4641
3 16 3.125 -4.4525 -5.4127 5.4127 -4.4525 -3.125 2 -4.4525 -3.4641
3 16 2 -4.4525 -3.4641 5.4127 -4.4525 -3.125 3.4641 -4.4525 -2
3 16 6.3177 -4.4525 -0.0336 4 -4.4525 0 5.4127 -4.4525 -3.125
3 16 5.4127 -4.4525 -3.125 4 -4.4525 0 3.4641 -4.4525 -2
3 16 6.3177 -4.4525 -0.0336 5.4702 -4.4525 3.1292 4 -4.4525 0
3 16 4 -4.4525 0 5.4702 -4.4525 3.1292 3.4641 -4.4525 2
3 16 3.4641 -4.4525 2 2 -4.4525 3.4641 3.4641 0.55 2
3 16 3.4641 0.55 2 2 -4.4525 3.4641 2 0.55 3.4641
3 16 2 -4.4525 3.4641 0 -4.4525 4 2 0.55 3.4641
3 16 2 0.55 3.4641 0 -4.4525 4 0 0.55 4
3 16 0 -4.4525 4 -2 -4.4525 3.4641 0 0.55 4
3 16 0 0.55 4 -2 -4.4525 3.4641 -2 0.55 3.4641
3 16 -2 -4.4525 3.4641 -3.4641 -4.4525 2 -2 0.55 3.4641
3 16 -2 0.55 3.4641 -3.4641 -4.4525 2 -3.4641 0.55 2
3 16 -3.4641 -4.4525 2 -4 -4.4525 0 -3.4641 0.55 2
3 16 -3.4641 0.55 2 -4 -4.4525 0 -4 0.55 0
3 16 -4 -4.4525 0 -3.4641 -4.4525 -2 -4 0.55 0
3 16 -4 0.55 0 -3.4641 -4.4525 -2 -3.4641 0.55 -2
3 16 -3.4641 -4.4525 -2 -2 -4.4525 -3.4641 -3.4641 0.55 -2
3 16 -3.4641 0.55 -2 -2 -4.4525 -3.4641 -2 0.55 -3.4641
3 16 -2 -4.4525 -3.4641 0 -4.4525 -4 -2 0.55 -3.4641
3 16 -2 0.55 -3.4641 0 -4.4525 -4 0 0.55 -4
3 16 0 -4.4525 -4 2 -4.4525 -3.4641 0 0.55 -4
3 16 0 0.55 -4 2 -4.4525 -3.4641 2 0.55 -3.4641
3 16 2 -4.4525 -3.4641 3.4641 -4.4525 -2 2 0.55 -3.4641
3 16 2 0.55 -3.4641 3.4641 -4.4525 -2 3.4641 0.55 -2
3 16 3.4641 -4.4525 -2 4 -4.4525 0 3.4641 0.55 -2
3 16 3.4641 0.55 -2 4 -4.4525 0 4 0.55 0
3 16 4 -4.4525 0 3.4641 -4.4525 2 4 0.55 0
3 16 4 0.55 0 3.4641 -4.4525 2 3.4641 0.55 2
3 16 3.4641 0.55 -2 4 0.55 0 3.3013 0.55 -0.6452
3 16 3.3013 0.55 -0.6452 4 0.55 0 3.4906 0.55 0
3 16 1.8705 0.55 -0.7 0 0.55 -0.9488 2.0772 0.55 -1.1398
3 16 0 0.55 -0.9488 0 0.55 -4 2.0772 0.55 -1.1398
3 16 0 0.55 -4 2 0.55 -3.4641 2.0772 0.55 -1.1398
3 16 2.0772 0.55 -1.1398 2 0.55 -3.4641 2.7215 0.55 -1.1443
3 16 3.3515 5 -0.0001 3.1752 5 -0.5773 3.4906 0.55 0
3 16 3.4906 0.55 0 3.1752 5 -0.5773 3.3013 0.55 -0.6452
3 16 2.1972 5 0 2.0609 0.55 0 2.0074 5 -0.6796
3 16 2.0074 5 -0.6796 2.0609 0.55 0 1.8705 0.55 -0.7
3 16 2.1696 5 -1.0322 2.0074 5 -0.6796 2.0772 0.55 -1.1398
3 16 2.0772 0.55 -1.1398 2.0074 5 -0.6796 1.8705 0.55 -0.7
3 16 2.6758 5 -1.0177 2.1696 5 -1.0322 2.7215 0.55 -1.1443
3 16 2.7215 0.55 -1.1443 2.1696 5 -1.0322 2.0772 0.55 -1.1398
3 16 3.3013 0.55 -0.6452 3.1752 5 -0.5773 2.7215 0.55 -1.1443
3 16 2.7215 0.55 -1.1443 3.1752 5 -0.5773 2.6758 5 -1.0177
3 16 3.3011 0.55 0.6451 3.4641 0.55 2 2.7213 0.55 1.1442
3 16 2.7213 0.55 1.1442 3.4641 0.55 2 2 0.55 3.4641
3 16 3.4906 0.55 0 4 0.55 0 3.3011 0.55 0.6451
3 16 3.3011 0.55 0.6451 4 0.55 0 3.4641 0.55 2
3 16 0 0.55 4 2.0771 0.55 1.1397 2 0.55 3.4641
3 16 2 0.55 3.4641 2.0771 0.55 1.1397 2.7213 0.55 1.1442
3 16 2.0609 0.55 0 1.8703 0.55 0.6999 0 0.55 0
3 16 0 0.55 0 1.8703 0.55 0.6999 0 0.55 0.9487
3 16 3.175 5 0.5772 3.3515 5 -0.0001 3.3011 0.55 0.6451
3 16 3.3011 0.55 0.6451 3.3515 5 -0.0001 3.4906 0.55 0
3 16 2.1972 5 0 2.0073 5 0.6795 2.0609 0.55 0
3 16 2.0609 0.55 0 2.0073 5 0.6795 1.8703 0.55 0.6999
3 16 2.0073 5 0.6795 2.1694 5 1.0321 1.8703 0.55 0.6999
3 16 1.8703 0.55 0.6999 2.1694 5 1.0321 2.0771 0.55 1.1397
3 16 2.6757 5 1.0176 2.7213 0.55 1.1442 2.1694 5 1.0321
3 16 2.1694 5 1.0321 2.7213 0.55 1.1442 2.0771 0.55 1.1397
3 16 2.6757 5 1.0176 3.175 5 0.5772 2.7213 0.55 1.1442
3 16 2.7213 0.55 1.1442 3.175 5 0.5772 3.3011 0.55 0.6451
3 16 1.7609 13.45 4.5166 0 13.45 3.5 1.0166 13.45 5.2608
3 16 0 13.45 3.5 0 13.45 5.5332 1.0166 13.45 5.2608
3 16 0 13.45 1.4667 0 13.45 3.5 1.0166 13.45 1.7392
3 16 1.0166 13.45 1.7392 0 13.45 3.5 1.7609 13.45 2.4834
3 16 1.7609 13.45 2.4834 0 13.45 3.5 2.0333 13.45 3.5
3 16 2.0333 13.45 3.5 0 13.45 3.5 1.7609 13.45 4.5166
3 16 3.4488 4.9588 4.5153 1.7578 5 4.5167 2.0589 4.9591 6.8785
3 16 2.0589 4.9591 6.8785 1.7578 5 4.5167 1.0144 5 5.2619
3 16 1.0166 13.45 5.2608 0 13.45 5.5332 1.0144 5 5.2619
3 16 1.0144 5 5.2619 0 13.45 5.5332 0 5 5.536
3 16 0 5 1.4641 0 13.45 1.4667 1.0143 5 1.7382
3 16 1.0143 5 1.7382 0 13.45 1.4667 1.0166 13.45 1.7392
3 16 1.0166 13.45 1.7392 1.7609 13.45 2.4834 1.0143 5 1.7382
3 16 1.0143 5 1.7382 1.7609 13.45 2.4834 1.7577 5 2.4833
3 16 1.7609 13.45 2.4834 2.0333 13.45 3.5 1.7577 5 2.4833
3 16 1.7577 5 2.4833 2.0333 13.45 3.5 2.0297 5 3.5
3 16 2.0333 13.45 3.5 1.7609 13.45 4.5166 2.0297 5 3.5
3 16 2.0297 5 3.5 1.7609 13.45 4.5166 1.7578 5 4.5167
3 16 1.7609 13.45 4.5166 1.0166 13.45 5.2608 1.7578 5 4.5167
3 16 1.7578 5 4.5167 1.0166 13.45 5.2608 1.0144 5 5.2619
3 16 2.8026 21.3554 -1.4858 2.7044 4.9591 -1.4845 4.1278 20.3417 -0.1179
3 16 4.1278 20.3417 -0.1179 2.7044 4.9591 -1.4845 4.0479 5 -0.1031
3 16 -0.0081 4.9591 -1.5012 2.7044 4.9591 -1.4845 -0.0081 21.3551 -1.5012
3 16 -0.0081 21.3551 -1.5012 2.7044 4.9591 -1.4845 2.8026 21.3554 -1.4858
3 16 0 21.8418 -1.7769 -0.0081 21.3551 -1.5012 2.3383 21.907 -1.8181
3 16 2.3383 21.907 -1.8181 -0.0081 21.3551 -1.5012 2.8026 21.3554 -1.4858
3 16 3.4488 4.9588 4.5153 3.4562 19.5835 4.5022 4.8365 4.9591 2.0829
3 16 4.8365 4.9591 2.0829 3.4562 19.5835 4.5022 4.8879 19.5842 1.9967
3 16 4.2456 20.4042 4.9476 4.6459 20.3817 4.0612 3.7007 20.0931 4.6434
3 16 4.6459 20.3817 4.0612 4.9163 20.157 2.634 3.7007 20.0931 4.6434
3 16 4.8879 19.5842 1.9967 3.4562 19.5835 4.5022 4.9163 20.157 2.634
3 16 4.9163 20.157 2.634 3.4562 19.5835 4.5022 3.7007 20.0931 4.6434
3 16 3.4562 19.5835 4.5022 3.4488 4.9588 4.5153 2.0749 19.4618 6.8991
3 16 2.0749 19.4618 6.8991 3.4488 4.9588 4.5153 2.0589 4.9591 6.8785
3 16 3.7007 20.0931 4.6434 3.4562 19.5835 4.5022 2.604 20.1009 6.5766
3 16 2.604 20.1009 6.5766 3.4562 19.5835 4.5022 2.0749 19.4618 6.8991
3 16 0.9671 22.1315 -2.2973 0 21.8418 -1.7769 2.3383 21.907 -1.8181
3 16 0 22.1479 -2.3937 0 21.8418 -1.7769 0.9671 22.1315 -2.2973
3 16 3.6732 20.3939 5.7331 3.7007 20.0931 4.6434 2.604 20.1009 6.5766
3 16 4.2456 20.4042 4.9476 3.7007 20.0931 4.6434 3.6732 20.3939 5.7331
3 16 2.0589 4.9591 6.8785 -0.0014 4.9999 7.421 2.0749 19.4618 6.8991
3 16 2.0749 19.4618 6.8991 -0.0014 4.9999 7.421 0.0014 19.484 7.4451
3 16 3.3515 5 -0.0001 4.0479 5 -0.1031 3.1752 5 -0.5773
3 16 1.0143 5 1.7382 0 5 0 0 5 1.4641
3 16 0 5 0 2.0074 5 -0.6796 -0.0081 4.9591 -1.5012
3 16 -0.0081 4.9591 -1.5012 2.0074 5 -0.6796 2.1696 5 -1.0322
3 16 -0.0081 4.9591 -1.5012 2.1696 5 -1.0322 2.7044 4.9591 -1.4845
3 16 2.7044 4.9591 -1.4845 2.1696 5 -1.0322 2.6758 5 -1.0177
3 16 2.0589 4.9591 6.8785 1.0144 5 5.2619 -0.0014 4.9999 7.421
3 16 -0.0014 4.9999 7.421 1.0144 5 5.2619 0 5 5.536
3 16 0 5 0 2.0073 5 0.6795 2.1972 5 0
3 16 2.1694 5 1.0321 2.0073 5 0.6795 1.0143 5 1.7382
3 16 1.0143 5 1.7382 2.0073 5 0.6795 0 5 0
3 16 3.4488 4.9588 4.5153 4.8365 4.9591 2.0829 2.6757 5 1.0176
3 16 2.6757 5 1.0176 4.8365 4.9591 2.0829 3.175 5 0.5772
3 16 3.175 5 0.5772 4.8365 4.9591 2.0829 4.0479 5 -0.1031
3 16 3.3515 5 -0.0001 3.175 5 0.5772 4.0479 5 -0.1031
3 16 4.0479 5 -0.1031 2.7044 4.9591 -1.4845 3.1752 5 -0.5773
3 16 3.1752 5 -0.5773 2.7044 4.9591 -1.4845 2.6758 5 -1.0177
3 16 1.7578 5 4.5167 3.4488 4.9588 4.5153 2.0297 5 3.5
3 16 2 0.55 -3.4641 3.4641 0.55 -2 2.7215 0.55 -1.1443
3 16 2.7215 0.55 -1.1443 3.4641 0.55 -2 3.3013 0.55 -0.6452
3 16 1.8703 0.55 0.6999 2.0771 0.55 1.1397 0 0.55 0.9487
3 16 2.0771 0.55 1.1397 0 0.55 4 0 0.55 0.9487
3 16 2.0609 0.55 0 0 0.55 0 1.8705 0.55 -0.7
3 16 1.8705 0.55 -0.7 0 0.55 0 0 0.55 -0.9488
3 16 4.8365 4.9591 2.0829 4.8879 19.5842 1.9967 4.0479 5 -0.1031
3 16 4.0479 5 -0.1031 4.8879 19.5842 1.9967 4.1278 20.3417 -0.1179
3 16 0 5 0 2.1972 5 0 2.0074 5 -0.6796
3 16 3.4488 4.9588 4.5153 2.6757 5 1.0176 2.0297 5 3.5
3 16 2.0297 5 3.5 2.6757 5 1.0176 1.7577 5 2.4833
3 16 2.6757 5 1.0176 2.1694 5 1.0321 1.7577 5 2.4833
3 16 1.7577 5 2.4833 2.1694 5 1.0321 1.0143 5 1.7382
3 16 -3.4906 0.55 0 -4 0.55 0 -3.3013 0.55 -0.6452
3 16 -3.3013 0.55 -0.6452 -4 0.55 0 -3.4641 0.55 -2
3 16 -1.8705 0.55 -0.7 -2.0772 0.55 -1.1398 0 0.55 -0.9488
3 16 -2.0772 0.55 -1.1398 0 0.55 -4 0 0.55 -0.9488
3 16 0 0.55 -4 -2.0772 0.55 -1.1398 -2 0.55 -3.4641
3 16 -2 0.55 -3.4641 -2.0772 0.55 -1.1398 -2.7215 0.55 -1.1443
3 16 -3.3515 5 -0.0001 -3.4906 0.55 0 -3.1752 5 -0.5773
3 16 -3.1752 5 -0.5773 -3.4906 0.55 0 -3.3013 0.55 -0.6452
3 16 -1.8705 0.55 -0.7 -2.0609 0.55 0 -2.0074 5 -0.6796
3 16 -2.0074 5 -0.6796 -2.0609 0.55 0 -2.1972 5 0
3 16 -2.1696 5 -1.0322 -2.0772 0.55 -1.1398 -2.0074 5 -0.6796
3 16 -2.0074 5 -0.6796 -2.0772 0.55 -1.1398 -1.8705 0.55 -0.7
3 16 -2.6758 5 -1.0177 -2.7215 0.55 -1.1443 -2.1696 5 -1.0322
3 16 -2.1696 5 -1.0322 -2.7215 0.55 -1.1443 -2.0772 0.55 -1.1398
3 16 -3.3013 0.55 -0.6452 -2.7215 0.55 -1.1443 -3.1752 5 -0.5773
3 16 -3.1752 5 -0.5773 -2.7215 0.55 -1.1443 -2.6758 5 -1.0177
3 16 -2 0.55 3.4641 -3.4641 0.55 2 -2.7213 0.55 1.1442
3 16 -2.7213 0.55 1.1442 -3.4641 0.55 2 -3.3011 0.55 0.6451
3 16 -3.4641 0.55 2 -4 0.55 0 -3.3011 0.55 0.6451
3 16 -3.3011 0.55 0.6451 -4 0.55 0 -3.4906 0.55 0
3 16 0 0.55 4 -2 0.55 3.4641 -2.0771 0.55 1.1397
3 16 -2.0771 0.55 1.1397 -2 0.55 3.4641 -2.7213 0.55 1.1442
3 16 -2.0609 0.55 0 0 0.55 0 -1.8703 0.55 0.6999
3 16 -1.8703 0.55 0.6999 0 0.55 0 0 0.55 0.9487
3 16 -3.175 5 0.5772 -3.3011 0.55 0.6451 -3.3515 5 -0.0001
3 16 -3.3515 5 -0.0001 -3.3011 0.55 0.6451 -3.4906 0.55 0
3 16 -2.1972 5 0 -2.0609 0.55 0 -2.0073 5 0.6795
3 16 -2.0073 5 0.6795 -2.0609 0.55 0 -1.8703 0.55 0.6999
3 16 -2.0073 5 0.6795 -1.8703 0.55 0.6999 -2.1694 5 1.0321
3 16 -2.1694 5 1.0321 -1.8703 0.55 0.6999 -2.0771 0.55 1.1397
3 16 -2.0771 0.55 1.1397 -2.7213 0.55 1.1442 -2.1694 5 1.0321
3 16 -2.1694 5 1.0321 -2.7213 0.55 1.1442 -2.6757 5 1.0176
3 16 -2.6757 5 1.0176 -2.7213 0.55 1.1442 -3.175 5 0.5772
3 16 -3.175 5 0.5772 -2.7213 0.55 1.1442 -3.3011 0.55 0.6451
3 16 -1.7609 13.45 4.5166 -1.0166 13.45 5.2608 0 13.45 3.5
3 16 0 13.45 3.5 -1.0166 13.45 5.2608 0 13.45 5.5332
3 16 0 13.45 1.4667 -1.0166 13.45 1.7392 0 13.45 3.5
3 16 -1.0166 13.45 1.7392 -1.7609 13.45 2.4834 0 13.45 3.5
3 16 -1.7609 13.45 2.4834 -2.0333 13.45 3.5 0 13.45 3.5
3 16 -2.0333 13.45 3.5 -1.7609 13.45 4.5166 0 13.45 3.5
3 16 -3.4652 4.9588 4.5149 -2.0865 4.9591 6.8499 -1.7578 5 4.5167
3 16 -1.7578 5 4.5167 -2.0865 4.9591 6.8499 -1.0144 5 5.2619
3 16 -1.0166 13.45 5.2608 -1.0144 5 5.2619 0 13.45 5.5332
3 16 0 13.45 5.5332 -1.0144 5 5.2619 0 5 5.536
3 16 0 5 1.4641 -1.0143 5 1.7382 0 13.45 1.4667
3 16 0 13.45 1.4667 -1.0143 5 1.7382 -1.0166 13.45 1.7392
3 16 -1.0166 13.45 1.7392 -1.0143 5 1.7382 -1.7609 13.45 2.4834
3 16 -1.7609 13.45 2.4834 -1.0143 5 1.7382 -1.7577 5 2.4833
3 16 -1.7609 13.45 2.4834 -1.7577 5 2.4833 -2.0333 13.45 3.5
3 16 -2.0333 13.45 3.5 -1.7577 5 2.4833 -2.0297 5 3.5
3 16 -2.0333 13.45 3.5 -2.0297 5 3.5 -1.7609 13.45 4.5166
3 16 -1.7609 13.45 4.5166 -2.0297 5 3.5 -1.7578 5 4.5167
3 16 -1.7609 13.45 4.5166 -1.7578 5 4.5167 -1.0166 13.45 5.2608
3 16 -1.0166 13.45 5.2608 -1.7578 5 4.5167 -1.0144 5 5.2619
3 16 -4.0479 5 -0.1031 -2.7206 4.9591 -1.4845 -4.1278 20.3417 -0.1179
3 16 -4.1278 20.3417 -0.1179 -2.7206 4.9591 -1.4845 -2.8187 21.3554 -1.4858
3 16 -2.8187 21.3554 -1.4858 -2.7206 4.9591 -1.4845 -0.0081 21.3551 -1.5012
3 16 -0.0081 21.3551 -1.5012 -2.7206 4.9591 -1.4845 -0.0081 4.9591 -1.5012
3 16 0 21.8418 -1.7769 -2.3383 21.907 -1.8181 -0.0081 21.3551 -1.5012
3 16 -0.0081 21.3551 -1.5012 -2.3383 21.907 -1.8181 -2.8187 21.3554 -1.4858
3 16 -3.4652 4.9588 4.5149 -4.8397 4.9591 2.1054 -3.4725 19.5835 4.502
3 16 -3.4725 19.5835 4.502 -4.8397 4.9591 2.1054 -4.8907 19.5842 2.02
3 16 -4.2456 20.4042 4.9476 -3.7007 20.0931 4.6434 -4.6459 20.3817 4.0612
3 16 -4.6459 20.3817 4.0612 -3.7007 20.0931 4.6434 -4.9163 20.157 2.634
3 16 -3.7007 20.0931 4.6434 -3.4725 19.5835 4.502 -4.9163 20.157 2.634
3 16 -4.9163 20.157 2.634 -3.4725 19.5835 4.502 -4.8907 19.5842 2.02
3 16 -2.0865 4.9591 6.8499 -3.4652 4.9588 4.5149 -2.1056 19.4617 6.8821
3 16 -2.1056 19.4617 6.8821 -3.4652 4.9588 4.5149 -3.4725 19.5835 4.502
3 16 -2.1056 19.4617 6.8821 -3.4725 19.5835 4.502 -2.604 20.1009 6.5766
3 16 -2.604 20.1009 6.5766 -3.4725 19.5835 4.502 -3.7007 20.0931 4.6434
3 16 -4.8397 4.9591 2.1054 -4.0479 5 -0.1031 -4.8907 19.5842 2.02
3 16 -4.8907 19.5842 2.02 -4.0479 5 -0.1031 -4.1278 20.3417 -0.1179
3 16 0.0014 19.484 7.4451 -0.0014 4.9999 7.421 -2.1056 19.4617 6.8821
3 16 -2.1056 19.4617 6.8821 -0.0014 4.9999 7.421 -2.0865 4.9591 6.8499
3 16 -0.9671 22.1315 -2.2973 -2.3383 21.907 -1.8181 0 21.8418 -1.7769
3 16 0 22.1479 -2.3937 -0.9671 22.1315 -2.2973 0 21.8418 -1.7769
3 16 -3.6732 20.3939 5.7331 -2.604 20.1009 6.5766 -3.7007 20.0931 4.6434
3 16 -4.2456 20.4042 4.9476 -3.6732 20.3939 5.7331 -3.7007 20.0931 4.6434
3 16 -3.3515 5 -0.0001 -3.1752 5 -0.5773 -4.0479 5 -0.1031
3 16 -1.0143 5 1.7382 0 5 1.4641 0 5 0
3 16 -2.1696 5 -1.0322 -2.0074 5 -0.6796 -0.0081 4.9591 -1.5012
3 16 -0.0081 4.9591 -1.5012 -2.0074 5 -0.6796 0 5 0
3 16 -2.6758 5 -1.0177 -2.1696 5 -1.0322 -2.7206 4.9591 -1.4845
3 16 -2.7206 4.9591 -1.4845 -2.1696 5 -1.0322 -0.0081 4.9591 -1.5012
3 16 0 5 5.536 -1.0144 5 5.2619 -0.0014 4.9999 7.421
3 16 -0.0014 4.9999 7.421 -1.0144 5 5.2619 -2.0865 4.9591 6.8499
3 16 0 5 0 -2.1972 5 0 -2.0073 5 0.6795
3 16 0 5 0 -2.0073 5 0.6795 -1.0143 5 1.7382
3 16 -1.0143 5 1.7382 -2.0073 5 0.6795 -2.1694 5 1.0321
3 16 -3.4652 4.9588 4.5149 -2.6757 5 1.0176 -4.8397 4.9591 2.1054
3 16 -2.6757 5 1.0176 -3.175 5 0.5772 -4.8397 4.9591 2.1054
3 16 -3.175 5 0.5772 -4.0479 5 -0.1031 -4.8397 4.9591 2.1054
3 16 -3.3515 5 -0.0001 -4.0479 5 -0.1031 -3.175 5 0.5772
3 16 -2.6758 5 -1.0177 -2.7206 4.9591 -1.4845 -3.1752 5 -0.5773
3 16 -3.1752 5 -0.5773 -2.7206 4.9591 -1.4845 -4.0479 5 -0.1031
3 16 -1.7578 5 4.5167 -2.0297 5 3.5 -3.4652 4.9588 4.5149
3 16 -3.3013 0.55 -0.6452 -3.4641 0.55 -2 -2.7215 0.55 -1.1443
3 16 -2.7215 0.55 -1.1443 -3.4641 0.55 -2 -2 0.55 -3.4641
3 16 -1.8703 0.55 0.6999 0 0.55 0.9487 -2.0771 0.55 1.1397
3 16 0 0.55 0.9487 0 0.55 4 -2.0771 0.55 1.1397
3 16 -2.0609 0.55 0 -1.8705 0.55 -0.7 0 0.55 0
3 16 0 0.55 0 -1.8705 0.55 -0.7 0 0.55 -0.9488
3 16 0 5 0 -2.0074 5 -0.6796 -2.1972 5 0
3 16 -3.4652 4.9588 4.5149 -2.0297 5 3.5 -2.6757 5 1.0176
3 16 -2.6757 5 1.0176 -2.0297 5 3.5 -1.7577 5 2.4833
3 16 -1.0143 5 1.7382 -2.1694 5 1.0321 -1.7577 5 2.4833
3 16 -1.7577 5 2.4833 -2.1694 5 1.0321 -2.6757 5 1.0176
3 16 -0.9671 22.1315 -2.2973 0 22.1479 -2.3937 -1.2804 24.5927 -2.3006
3 16 -1.2804 24.5927 -2.3006 0 22.1479 -2.3937 0 24.7268 -2.4677
3 16 0 24.7268 -2.4677 0 22.1479 -2.3937 1.2804 24.5927 -2.3006
3 16 1.2804 24.5927 -2.3006 0 22.1479 -2.3937 0.9671 22.1315 -2.2973
3 16 -2.3383 21.907 -1.8181 -0.9671 22.1315 -2.2973 -2.3747 24.2798 -1.867
3 16 -2.3747 24.2798 -1.867 -0.9671 22.1315 -2.2973 -1.2804 24.5927 -2.3006
3 16 -2.8187 21.3554 -1.4858 -2.3383 21.907 -1.8181 -3.3845 23.8078 -1.1151
3 16 -3.3845 23.8078 -1.1151 -2.3383 21.907 -1.8181 -2.3747 24.2798 -1.867
3 16 1.2804 24.5927 -2.3006 0.9671 22.1315 -2.2973 2.3747 24.2798 -1.867
3 16 2.3747 24.2798 -1.867 0.9671 22.1315 -2.2973 2.3383 21.907 -1.8181
3 16 4.7706 22.0182 3.8935 4.6459 20.3817 4.0612 4.2172 21.8349 5.121
3 16 4.2172 21.8349 5.121 4.6459 20.3817 4.0612 4.2456 20.4042 4.9476
3 16 4.9611 22.4108 2.1827 4.9163 20.157 2.634 4.7706 22.0182 3.8935
3 16 4.7706 22.0182 3.8935 4.9163 20.157 2.634 4.6459 20.3817 4.0612
3 16 4.2456 20.4042 4.9476 3.6732 20.3939 5.7331 4.2172 21.8349 5.121
3 16 4.2172 21.8349 5.121 3.6732 20.3939 5.7331 3.5245 21.6887 6.0019
3 16 3.5245 21.6887 6.0019 3.6732 20.3939 5.7331 2.5871 21.5889 6.6986
3 16 2.5871 21.5889 6.6986 3.6732 20.3939 5.7331 2.604 20.1009 6.5766
3 16 -2.1056 19.4617 6.8821 -2.604 20.1009 6.5766 -1.3944 21.515 7.259
3 16 -1.3944 21.515 7.259 -2.604 20.1009 6.5766 -2.588 21.589 6.6998
3 16 -2.604 20.1009 6.5766 -3.6732 20.3939 5.7331 -2.588 21.589 6.6998
3 16 -2.588 21.589 6.6998 -3.6732 20.3939 5.7331 -3.5244 21.689 6.0019
3 16 -3.5244 21.689 6.0019 -3.6732 20.3939 5.7331 -4.2172 21.8348 5.1209
3 16 -4.2172 21.8348 5.1209 -3.6732 20.3939 5.7331 -4.2456 20.4042 4.9476
3 16 -4.2456 20.4042 4.9476 -4.6459 20.3817 4.0612 -4.2172 21.8348 5.1209
3 16 -4.2172 21.8348 5.1209 -4.6459 20.3817 4.0612 -4.7706 22.0181 3.8936
3 16 -4.6459 20.3817 4.0612 -4.9163 20.157 2.634 -4.7706 22.0181 3.8936
3 16 -4.7706 22.0181 3.8936 -4.9163 20.157 2.634 -4.9611 22.4108 2.1827
3 16 -4.1278 20.3417 -0.1179 -2.8187 21.3554 -1.4858 -4.1555 23.3101 -0.1628
3 16 -4.1555 23.3101 -0.1628 -2.8187 21.3554 -1.4858 -3.3845 23.8078 -1.1151
3 16 -4.8907 19.5842 2.02 -4.1278 20.3417 -0.1179 -4.7377 22.7637 1.1583
3 16 -4.7377 22.7637 1.1583 -4.1278 20.3417 -0.1179 -4.1555 23.3101 -0.1628
3 16 -4.9163 20.157 2.634 -4.8907 19.5842 2.02 -4.9611 22.4108 2.1827
3 16 -4.9611 22.4108 2.1827 -4.8907 19.5842 2.02 -4.7377 22.7637 1.1583
3 16 5.4127 -0.0532 -3.125 9.0163 -0.005 -2.1989 6.3177 -0.0532 -0.0336
3 16 6.3177 -0.0532 -0.0336 9.0163 -0.005 -2.1989 9.3673 -0.005 0
3 16 8.0675 -0.005 4.451 5.4702 -0.0532 3.1292 8.9567 -0.005 2.4039
3 16 5.4127 -0.0532 -3.125 6.6644 -0.005 -6.2204 8.1294 -0.005 -4.3075
3 16 0 -0.0532 -6.25 2.5026 -0.005 -8.756 3.125 -0.0532 -5.4127
3 16 3.125 -0.0532 -5.4127 2.5026 -0.005 -8.756 4.7562 -0.005 -7.7834
3 16 -5.4127 -0.0532 -3.125 -6.6644 -0.005 -6.2824 -3.125 -0.0532 -5.4127
3 16 -3.125 -0.0532 -5.4127 -6.6644 -0.005 -6.2824 -4.7562 -0.005 -7.7834
3 16 -5.4127 -0.0532 3.125 -8.9567 -0.005 2.4039 -6.25 -0.0532 0
3 16 -6.25 -0.0532 0 -8.9567 -0.005 2.4039 -9.3485 -0.005 0
3 16 0 -0.0532 6.25 -2.4423 -0.005 8.5814 -3.125 -0.0532 5.4127
3 16 -3.125 -0.0532 5.4127 -2.4423 -0.005 8.5814 -4.6503 -0.005 7.6576
3 16 5.4702 -0.0532 3.1292 6.5658 -0.005 6.1789 3.125 -0.0532 5.4127
3 16 3.125 -0.0532 5.4127 6.5658 -0.005 6.1789 4.6503 -0.005 7.6576
2 24 -4.9611 22.4108 2.1827 -4.7377 22.7637 1.1583
2 24 -4.7377 22.7637 1.1583 -4.1555 23.3101 -0.1628
2 24 -4.1555 23.3101 -0.1628 -3.3845 23.8078 -1.1151
2 24 -3.3845 23.8078 -1.1151 -2.3747 24.2798 -1.867
2 24 -1.2804 24.5927 -2.3006 -2.3747 24.2798 -1.867
2 24 2.3747 24.2798 -1.867 1.2804 24.5927 -2.3006
2 24 4.1977 23.2823 -0.1091 3.3632 23.8177 -1.1309
2 24 4.9611 22.4108 2.1827 4.7405 22.7593 1.1712
2 24 1.2804 24.5927 -2.3006 0 24.7268 -2.4677
2 24 2.3747 24.2798 -1.867 3.3632 23.8177 -1.1309
2 24 4.1977 23.2823 -0.1091 4.7405 22.7593 1.1712
2 24 -1.2804 24.5927 -2.3006 0 24.7268 -2.4677
2 24 0.0012 18.3686 -12.4354 0.8234 18.1674 -12.3735
2 24 0.0012 18.3686 -12.4354 -0.8212 18.1678 -12.3735
2 24 0.8234 18.1674 -12.3735 1.4254 17.7321 -12.2879
2 24 -0.8212 18.1678 -12.3735 -1.4233 17.7328 -12.2878
2 24 1.4254 17.7321 -12.2879 1.7549 16.853 -12.1792
2 24 -1.4233 17.7328 -12.2878 -1.7533 16.8538 -12.1792
2 24 1.7549 16.853 -12.1792 1.4181 15.8446 -12.008
2 24 1.4181 15.8446 -12.008 0.9157 15.2689 -11.9806
2 24 0.9157 15.2689 -11.9806 0.3544 14.8768 -11.9371
2 24 0.3544 14.8768 -11.9371 0.0003 14.7393 -11.9403
2 24 0.0003 14.7393 -11.9403 -0.3537 14.877 -11.9371
2 24 -0.3537 14.877 -11.9371 -0.9148 15.2693 -11.9805
2 24 -0.9148 15.2693 -11.9805 -1.4169 15.8452 -12.0244
2 24 -1.7533 16.8538 -12.1792 -1.4169 15.8452 -12.0244
2 24 -4.2172 21.8348 5.1209 -4.7706 22.0181 3.8936
2 24 -4.9611 22.4108 2.1827 -4.7706 22.0181 3.8936
2 24 -0.0008 21.5431 7.4677 -1.3944 21.515 7.259
2 24 -1.3944 21.515 7.259 -2.588 21.589 6.6998
2 24 -2.588 21.589 6.6998 -3.5244 21.689 6.0019
2 24 -4.2172 21.8348 5.1209 -3.5244 21.689 6.0019
2 24 2.5871 21.5889 6.6986 3.5245 21.6887 6.0019
2 24 -0.0008 21.5431 7.4677 1.3938 21.5151 7.2579
2 24 4.2172 21.8349 5.121 4.7706 22.0182 3.8935
2 24 4.9611 22.4108 2.1827 4.7706 22.0182 3.8935
2 24 3.5245 21.6887 6.0019 4.2172 21.8349 5.121
2 24 2.5871 21.5889 6.6986 1.3938 21.5151 7.2579
2 24 -0.0008 21.5431 7.4677 1.3938 21.5151 7.2579
2 24 -0.0008 21.5431 7.4677 -1.3944 21.515 7.259
2 24 1.3938 21.5151 7.2579 2.5871 21.5889 6.6986
2 24 2.0749 19.4618 6.8991 2.604 20.1009 6.5766
2 24 2.3747 24.2798 -1.867 3.3632 23.8177 -1.1309
2 24 2.3383 21.907 -1.8181 2.8026 21.3554 -1.4858
2 24 4.1977 23.2823 -0.1091 4.7405 22.7593 1.1712
2 24 3.3632 23.8177 -1.1309 4.1977 23.2823 -0.1091
2 24 4.7405 22.7593 1.1712 4.9611 22.4108 2.1827
2 24 4.8879 19.5842 1.9967 4.9163 20.157 2.634
2 24 0.8234 18.1674 -12.3735 0.0012 18.3686 -12.4354
2 24 0.0012 18.3686 -12.4354 -0.8212 18.1678 -12.3735
2 24 0.8234 18.1674 -12.3735 1.4254 17.7321 -12.2879
2 24 -0.8212 18.1678 -12.3735 -1.4233 17.7328 -12.2878
2 24 1.4254 17.7321 -12.2879 1.7549 16.853 -12.1792
2 24 -1.4233 17.7328 -12.2878 -1.7533 16.8538 -12.1792
2 24 1.7549 16.853 -12.1792 1.4181 15.8446 -12.008
2 24 1.4181 15.8446 -12.008 0.9157 15.2689 -11.9806
2 24 0.9157 15.2689 -11.9806 0.3544 14.8768 -11.9371
2 24 0.3544 14.8768 -11.9371 0.0003 14.7393 -11.9403
2 24 0.0003 14.7393 -11.9403 -0.3537 14.877 -11.9371
2 24 -0.3537 14.877 -11.9371 -0.9148 15.2693 -11.9805
2 24 -0.9148 15.2693 -11.9805 -1.4169 15.8452 -12.0244
2 24 -1.7533 16.8538 -12.1792 -1.4169 15.8452 -12.0244
2 24 5.4127 -0.0532 -3.125 3.125 -0.0532 -5.4127
2 24 5.4702 -0.0532 3.1292 6.3177 -0.0532 -0.0336
2 24 0 -0.0532 6.25 3.125 -0.0532 5.4127
2 24 -5.4127 -0.0532 3.125 -3.125 -0.0532 5.4127
2 24 -5.4127 -0.0532 -3.125 -6.25 -0.0532 0
2 24 0 -0.0532 -6.25 -3.125 -0.0532 -5.4127
2 24 5.4702 -0.0532 3.1292 3.125 -0.0532 5.4127
2 24 5.4702 -4.4525 3.1292 3.125 -4.4525 5.4127
2 24 3.125 -0.0532 5.4127 0 -0.0532 6.25
2 24 3.125 -4.4525 5.4127 0 -4.4525 6.25
2 24 0 -0.0532 6.25 -3.125 -0.0532 5.4127
2 24 0 -4.4525 6.25 -3.125 -4.4525 5.4127
2 24 -3.125 -0.0532 5.4127 -5.4127 -0.0532 3.125
2 24 -3.125 -4.4525 5.4127 -5.4127 -4.4525 3.125
2 24 -5.4127 -0.0532 3.125 -6.25 -0.0532 0
2 24 -5.4127 -4.4525 3.125 -6.25 -4.4525 0
2 24 -6.25 -0.0532 0 -5.4127 -0.0532 -3.125
2 24 -6.25 -4.4525 0 -5.4127 -4.4525 -3.125
2 24 -5.4127 -0.0532 -3.125 -3.125 -0.0532 -5.4127
2 24 -5.4127 -4.4525 -3.125 -3.125 -4.4525 -5.4127
2 24 -3.125 -0.0532 -5.4127 0 -0.0532 -6.25
2 24 -3.125 -4.4525 -5.4127 0 -4.4525 -6.25
2 24 0 -0.0532 -6.25 3.125 -0.0532 -5.4127
2 24 0 -4.4525 -6.25 3.125 -4.4525 -5.4127
2 24 3.125 -0.0532 -5.4127 5.4127 -0.0532 -3.125
2 24 3.125 -4.4525 -5.4127 5.4127 -4.4525 -3.125
2 24 5.4127 -0.0532 -3.125 6.3177 -0.0532 -0.0336
2 24 5.4127 -4.4525 -3.125 6.3177 -4.4525 -0.0336
2 24 5.4702 -0.0532 3.1292 6.3177 -0.0532 -0.0336
2 24 5.4702 -4.4525 3.1292 6.3177 -4.4525 -0.0336
2 24 5.4702 -4.4525 3.1292 3.125 -4.4525 5.4127
2 24 3.4641 -4.4525 2 2 -4.4525 3.4641
2 24 3.125 -4.4525 5.4127 0 -4.4525 6.25
2 24 2 -4.4525 3.4641 0 -4.4525 4
2 24 0 -4.4525 6.25 -3.125 -4.4525 5.4127
2 24 0 -4.4525 4 -2 -4.4525 3.4641
2 24 -3.125 -4.4525 5.4127 -5.4127 -4.4525 3.125
2 24 -2 -4.4525 3.4641 -3.4641 -4.4525 2
2 24 -5.4127 -4.4525 3.125 -6.25 -4.4525 0
2 24 -3.4641 -4.4525 2 -4 -4.4525 0
2 24 -6.25 -4.4525 0 -5.4127 -4.4525 -3.125
2 24 -4 -4.4525 0 -3.4641 -4.4525 -2
2 24 -5.4127 -4.4525 -3.125 -3.125 -4.4525 -5.4127
2 24 -3.4641 -4.4525 -2 -2 -4.4525 -3.4641
2 24 -3.125 -4.4525 -5.4127 0 -4.4525 -6.25
2 24 -2 -4.4525 -3.4641 0 -4.4525 -4
2 24 0 -4.4525 -6.25 3.125 -4.4525 -5.4127
2 24 0 -4.4525 -4 2 -4.4525 -3.4641
2 24 3.125 -4.4525 -5.4127 5.4127 -4.4525 -3.125
2 24 2 -4.4525 -3.4641 3.4641 -4.4525 -2
2 24 5.4127 -4.4525 -3.125 6.3177 -4.4525 -0.0336
2 24 3.4641 -4.4525 -2 4 -4.4525 0
2 24 5.4702 -4.4525 3.1292 6.3177 -4.4525 -0.0336
2 24 3.4641 -4.4525 2 4 -4.4525 0
2 24 3.4641 -4.4525 2 2 -4.4525 3.4641
2 24 3.4641 0.55 2 2 0.55 3.4641
2 24 2 -4.4525 3.4641 0 -4.4525 4
2 24 2 0.55 3.4641 0 0.55 4
2 24 0 -4.4525 4 -2 -4.4525 3.4641
2 24 0 0.55 4 -2 0.55 3.4641
2 24 -2 -4.4525 3.4641 -3.4641 -4.4525 2
2 24 -2 0.55 3.4641 -3.4641 0.55 2
2 24 -3.4641 -4.4525 2 -4 -4.4525 0
2 24 -3.4641 0.55 2 -4 0.55 0
2 24 -4 -4.4525 0 -3.4641 -4.4525 -2
2 24 -4 0.55 0 -3.4641 0.55 -2
2 24 -3.4641 -4.4525 -2 -2 -4.4525 -3.4641
2 24 -3.4641 0.55 -2 -2 0.55 -3.4641
2 24 -2 -4.4525 -3.4641 0 -4.4525 -4
2 24 -2 0.55 -3.4641 0 0.55 -4
2 24 0 -4.4525 -4 2 -4.4525 -3.4641
2 24 0 0.55 -4 2 0.55 -3.4641
2 24 2 -4.4525 -3.4641 3.4641 -4.4525 -2
2 24 2 0.55 -3.4641 3.4641 0.55 -2
2 24 3.4641 -4.4525 -2 4 -4.4525 0
2 24 3.4641 0.55 -2 4 0.55 0
2 24 3.4641 -4.4525 2 4 -4.4525 0
2 24 3.4641 0.55 2 4 0.55 0
2 24 3.4641 0.55 -2 4 0.55 0
2 24 3.3013 0.55 -0.6452 3.4906 0.55 0
2 24 1.8705 0.55 -0.7 2.0772 0.55 -1.1398
2 24 0 0.55 -4 2 0.55 -3.4641
2 24 2.0772 0.55 -1.1398 2.7215 0.55 -1.1443
2 24 3.3515 5 -0.0001 3.1752 5 -0.5773
2 24 3.4906 0.55 0 3.3013 0.55 -0.6452
2 24 2.1972 5 0 2.0074 5 -0.6796
2 24 2.0609 0.55 0 1.8705 0.55 -0.7
2 24 2.0074 5 -0.6796 2.1696 5 -1.0322
2 24 2.1696 5 -1.0322 2.0772 0.55 -1.1398
2 24 1.8705 0.55 -0.7 2.0772 0.55 -1.1398
2 24 2.1696 5 -1.0322 2.6758 5 -1.0177
2 24 2.0772 0.55 -1.1398 2.7215 0.55 -1.1443
2 24 3.3013 0.55 -0.6452 2.7215 0.55 -1.1443
2 24 3.1752 5 -0.5773 2.6758 5 -1.0177
2 24 3.3011 0.55 0.6451 2.7213 0.55 1.1442
2 24 3.4641 0.55 2 2 0.55 3.4641
2 24 3.4906 0.55 0 3.3011 0.55 0.6451
2 24 4 0.55 0 3.4641 0.55 2
2 24 2 0.55 3.4641 0 0.55 4
2 24 2.7213 0.55 1.1442 2.0771 0.55 1.1397
2 24 2.0609 0.55 0 1.8703 0.55 0.6999
2 24 3.3515 5 -0.0001 3.175 5 0.5772
2 24 3.4906 0.55 0 3.3011 0.55 0.6451
2 24 2.1972 5 0 2.0073 5 0.6795
2 24 2.0609 0.55 0 1.8703 0.55 0.6999
2 24 2.0073 5 0.6795 2.1694 5 1.0321
2 24 2.1694 5 1.0321 2.0771 0.55 1.1397
2 24 1.8703 0.55 0.6999 2.0771 0.55 1.1397
2 24 2.1694 5 1.0321 2.6757 5 1.0176
2 24 2.0771 0.55 1.1397 2.7213 0.55 1.1442
2 24 3.175 5 0.5772 2.6757 5 1.0176
2 24 3.3011 0.55 0.6451 2.7213 0.55 1.1442
2 24 1.7609 13.45 4.5166 1.0166 13.45 5.2608
2 24 1.0166 13.45 5.2608 0 13.45 5.5332
2 24 0 13.45 1.4667 1.0166 13.45 1.7392
2 24 1.0166 13.45 1.7392 1.7609 13.45 2.4834
2 24 1.7609 13.45 2.4834 2.0333 13.45 3.5
2 24 1.7609 13.45 4.5166 2.0333 13.45 3.5
2 24 3.4488 4.9588 4.5153 2.0589 4.9591 6.8785
2 24 1.7578 5 4.5167 1.0144 5 5.2619
2 24 1.0166 13.45 5.2608 0 13.45 5.5332
2 24 1.0144 5 5.2619 0 5 5.536
2 24 0 5 1.4641 1.0143 5 1.7382
2 24 0 13.45 1.4667 1.0166 13.45 1.7392
2 24 1.0166 13.45 1.7392 1.7609 13.45 2.4834
2 24 1.0143 5 1.7382 1.7577 5 2.4833
2 24 1.7609 13.45 2.4834 2.0333 13.45 3.5
2 24 1.7577 5 2.4833 2.0297 5 3.5
2 24 2.0333 13.45 3.5 1.7609 13.45 4.5166
2 24 2.0297 5 3.5 1.7578 5 4.5167
2 24 1.0166 13.45 5.2608 1.7609 13.45 4.5166
2 24 1.0144 5 5.2619 1.7578 5 4.5167
2 24 2.8026 21.3554 -1.4858 2.7044 4.9591 -1.4845
2 24 2.7044 4.9591 -1.4845 4.0479 5 -0.1031
2 24 -0.0081 4.9591 -1.5012 2.7044 4.9591 -1.4845
2 24 2.7044 4.9591 -1.4845 2.8026 21.3554 -1.4858
2 24 2.8026 21.3554 -1.4858 2.3383 21.907 -1.8181
2 24 3.4488 4.9588 4.5153 4.8365 4.9591 2.0829
2 24 4.8365 4.9591 2.0829 4.8879 19.5842 1.9967
2 24 4.2456 20.4042 4.9476 4.6459 20.3817 4.0612
2 24 4.6459 20.3817 4.0612 4.9163 20.157 2.634
2 24 4.8879 19.5842 1.9967 4.9163 20.157 2.634
2 24 3.4488 4.9588 4.5153 2.0589 4.9591 6.8785
2 24 2.0749 19.4618 6.8991 2.0589 4.9591 6.8785
2 24 2.0749 19.4618 6.8991 2.604 20.1009 6.5766
2 24 2.3383 21.907 -1.8181 0.9671 22.1315 -2.2973
2 24 0.9671 22.1315 -2.2973 0 22.1479 -2.3937
2 24 2.604 20.1009 6.5766 3.6732 20.3939 5.7331
2 24 4.2456 20.4042 4.9476 3.6732 20.3939 5.7331
2 24 2.0589 4.9591 6.8785 -0.0014 4.9999 7.421
2 24 2.0749 19.4618 6.8991 2.0589 4.9591 6.8785
2 24 3.3515 5 -0.0001 3.1752 5 -0.5773
2 24 1.0143 5 1.7382 0 5 1.4641
2 24 2.0074 5 -0.6796 2.1696 5 -1.0322
2 24 -0.0081 4.9591 -1.5012 2.7044 4.9591 -1.4845
2 24 2.1696 5 -1.0322 2.6758 5 -1.0177
2 24 2.0589 4.9591 6.8785 -0.0014 4.9999 7.421
2 24 1.0144 5 5.2619 0 5 5.536
2 24 2.0073 5 0.6795 2.1972 5 0
2 24 2.0073 5 0.6795 2.1694 5 1.0321
2 24 3.4488 4.9588 4.5153 4.8365 4.9591 2.0829
2 24 2.6757 5 1.0176 3.175 5 0.5772
2 24 4.0479 5 -0.1031 4.8365 4.9591 2.0829
2 24 3.3515 5 -0.0001 3.175 5 0.5772
2 24 4.0479 5 -0.1031 2.7044 4.9591 -1.4845
2 24 3.1752 5 -0.5773 2.6758 5 -1.0177
2 24 1.7578 5 4.5167 2.0297 5 3.5
2 24 3.4641 0.55 -2 2 0.55 -3.4641
2 24 3.3013 0.55 -0.6452 2.7215 0.55 -1.1443
2 24 2.0771 0.55 1.1397 1.8703 0.55 0.6999
2 24 1.8705 0.55 -0.7 2.0609 0.55 0
2 24 4.8879 19.5842 1.9967 4.8365 4.9591 2.0829
2 24 4.0479 5 -0.1031 4.8365 4.9591 2.0829
2 24 2.0074 5 -0.6796 2.1972 5 0
2 24 2.0297 5 3.5 1.7577 5 2.4833
2 24 2.1694 5 1.0321 2.6757 5 1.0176
2 24 1.0143 5 1.7382 1.7577 5 2.4833
2 24 -3.4906 0.55 0 -3.3013 0.55 -0.6452
2 24 -4 0.55 0 -3.4641 0.55 -2
2 24 -1.8705 0.55 -0.7 -2.0772 0.55 -1.1398
2 24 0 0.55 -4 -2 0.55 -3.4641
2 24 -2.0772 0.55 -1.1398 -2.7215 0.55 -1.1443
2 24 -3.3515 5 -0.0001 -3.1752 5 -0.5773
2 24 -3.4906 0.55 0 -3.3013 0.55 -0.6452
2 24 -1.8705 0.55 -0.7 -2.0609 0.55 0
2 24 -2.0074 5 -0.6796 -2.1972 5 0
2 24 -2.1696 5 -1.0322 -2.0772 0.55 -1.1398
2 24 -2.0074 5 -0.6796 -2.1696 5 -1.0322
2 24 -1.8705 0.55 -0.7 -2.0772 0.55 -1.1398
2 24 -2.1696 5 -1.0322 -2.6758 5 -1.0177
2 24 -2.0772 0.55 -1.1398 -2.7215 0.55 -1.1443
2 24 -3.3013 0.55 -0.6452 -2.7215 0.55 -1.1443
2 24 -3.1752 5 -0.5773 -2.6758 5 -1.0177
2 24 -2 0.55 3.4641 -3.4641 0.55 2
2 24 -2.7213 0.55 1.1442 -3.3011 0.55 0.6451
2 24 -4 0.55 0 -3.4641 0.55 2
2 24 -3.4906 0.55 0 -3.3011 0.55 0.6451
2 24 0 0.55 4 -2 0.55 3.4641
2 24 -2.7213 0.55 1.1442 -2.0771 0.55 1.1397
2 24 -2.0609 0.55 0 -1.8703 0.55 0.6999
2 24 -3.3515 5 -0.0001 -3.175 5 0.5772
2 24 -3.4906 0.55 0 -3.3011 0.55 0.6451
2 24 -2.1972 5 0 -2.0073 5 0.6795
2 24 -2.0609 0.55 0 -1.8703 0.55 0.6999
2 24 -2.0073 5 0.6795 -2.1694 5 1.0321
2 24 -1.8703 0.55 0.6999 -2.0771 0.55 1.1397
2 24 -2.1694 5 1.0321 -2.0771 0.55 1.1397
2 24 -2.0771 0.55 1.1397 -2.7213 0.55 1.1442
2 24 -2.1694 5 1.0321 -2.6757 5 1.0176
2 24 -3.175 5 0.5772 -2.6757 5 1.0176
2 24 -3.3011 0.55 0.6451 -2.7213 0.55 1.1442
2 24 -1.7609 13.45 4.5166 -1.0166 13.45 5.2608
2 24 0 13.45 5.5332 -1.0166 13.45 5.2608
2 24 0 13.45 1.4667 -1.0166 13.45 1.7392
2 24 -1.0166 13.45 1.7392 -1.7609 13.45 2.4834
2 24 -1.7609 13.45 2.4834 -2.0333 13.45 3.5
2 24 -1.7609 13.45 4.5166 -2.0333 13.45 3.5
2 24 -3.4652 4.9588 4.5149 -2.0865 4.9591 6.8499
2 24 -1.7578 5 4.5167 -1.0144 5 5.2619
2 24 0 13.45 5.5332 -1.0166 13.45 5.2608
2 24 0 5 5.536 -1.0144 5 5.2619
2 24 0 5 1.4641 -1.0143 5 1.7382
2 24 0 13.45 1.4667 -1.0166 13.45 1.7392
2 24 -1.0166 13.45 1.7392 -1.7609 13.45 2.4834
2 24 -1.0143 5 1.7382 -1.7577 5 2.4833
2 24 -1.7609 13.45 2.4834 -2.0333 13.45 3.5
2 24 -1.7577 5 2.4833 -2.0297 5 3.5
2 24 -2.0333 13.45 3.5 -1.7609 13.45 4.5166
2 24 -2.0297 5 3.5 -1.7578 5 4.5167
2 24 -1.0166 13.45 5.2608 -1.7609 13.45 4.5166
2 24 -1.0144 5 5.2619 -1.7578 5 4.5167
2 24 -4.0479 5 -0.1031 -2.7206 4.9591 -1.4845
2 24 -2.7206 4.9591 -1.4845 -2.8187 21.3554 -1.4858
2 24 -2.8187 21.3554 -1.4858 -2.7206 4.9591 -1.4845
2 24 -0.0081 4.9591 -1.5012 -2.7206 4.9591 -1.4845
2 24 -2.8187 21.3554 -1.4858 -2.3383 21.907 -1.8181
2 24 -3.4652 4.9588 4.5149 -4.8397 4.9591 2.1054
2 24 -4.8397 4.9591 2.1054 -4.8907 19.5842 2.02
2 24 -4.2456 20.4042 4.9476 -4.6459 20.3817 4.0612
2 24 -4.6459 20.3817 4.0612 -4.9163 20.157 2.634
2 24 -4.8907 19.5842 2.02 -4.9163 20.157 2.634
2 24 -3.4652 4.9588 4.5149 -2.0865 4.9591 6.8499
2 24 -2.0865 4.9591 6.8499 -2.1056 19.4617 6.8821
2 24 -2.1056 19.4617 6.8821 -2.604 20.1009 6.5766
2 24 -4.0479 5 -0.1031 -4.8397 4.9591 2.1054
2 24 -4.8397 4.9591 2.1054 -4.8907 19.5842 2.02
2 24 -0.0014 4.9999 7.421 -2.0865 4.9591 6.8499
2 24 -2.1056 19.4617 6.8821 -2.0865 4.9591 6.8499
2 24 -2.3383 21.907 -1.8181 -0.9671 22.1315 -2.2973
2 24 0 22.1479 -2.3937 -0.9671 22.1315 -2.2973
2 24 -2.604 20.1009 6.5766 -3.6732 20.3939 5.7331
2 24 -4.2456 20.4042 4.9476 -3.6732 20.3939 5.7331
2 24 -3.3515 5 -0.0001 -3.1752 5 -0.5773
2 24 0 5 1.4641 -1.0143 5 1.7382
2 24 -2.1696 5 -1.0322 -2.0074 5 -0.6796
2 24 -2.1696 5 -1.0322 -2.6758 5 -1.0177
2 24 -0.0081 4.9591 -1.5012 -2.7206 4.9591 -1.4845
2 24 0 5 5.536 -1.0144 5 5.2619
2 24 -0.0014 4.9999 7.421 -2.0865 4.9591 6.8499
2 24 -2.1972 5 0 -2.0073 5 0.6795
2 24 -2.0073 5 0.6795 -2.1694 5 1.0321
2 24 -3.4652 4.9588 4.5149 -4.8397 4.9591 2.1054
2 24 -2.6757 5 1.0176 -3.175 5 0.5772
2 24 -4.0479 5 -0.1031 -4.8397 4.9591 2.1054
2 24 -3.3515 5 -0.0001 -3.175 5 0.5772
2 24 -3.1752 5 -0.5773 -2.6758 5 -1.0177
2 24 -4.0479 5 -0.1031 -2.7206 4.9591 -1.4845
2 24 -1.7578 5 4.5167 -2.0297 5 3.5
2 24 -3.3013 0.55 -0.6452 -2.7215 0.55 -1.1443
2 24 -3.4641 0.55 -2 -2 0.55 -3.4641
2 24 -2.0771 0.55 1.1397 -1.8703 0.55 0.6999
2 24 -1.8705 0.55 -0.7 -2.0609 0.55 0
2 24 -2.0074 5 -0.6796 -2.1972 5 0
2 24 -2.0297 5 3.5 -1.7577 5 2.4833
2 24 -1.0143 5 1.7382 -1.7577 5 2.4833
2 24 -2.1694 5 1.0321 -2.6757 5 1.0176
2 24 -0.9671 22.1315 -2.2973 0 22.1479 -2.3937
2 24 -1.2804 24.5927 -2.3006 0 24.7268 -2.4677
2 24 0 24.7268 -2.4677 1.2804 24.5927 -2.3006
2 24 0 22.1479 -2.3937 0.9671 22.1315 -2.2973
2 24 -0.9671 22.1315 -2.2973 -2.3383 21.907 -1.8181
2 24 -1.2804 24.5927 -2.3006 -2.3747 24.2798 -1.867
2 24 -2.8187 21.3554 -1.4858 -2.3383 21.907 -1.8181
2 24 -2.3747 24.2798 -1.867 -3.3845 23.8078 -1.1151
2 24 2.3747 24.2798 -1.867 1.2804 24.5927 -2.3006
2 24 2.3383 21.907 -1.8181 0.9671 22.1315 -2.2973
2 24 4.7706 22.0182 3.8935 4.2172 21.8349 5.121
2 24 4.6459 20.3817 4.0612 4.2456 20.4042 4.9476
2 24 4.9611 22.4108 2.1827 4.7706 22.0182 3.8935
2 24 4.9163 20.157 2.634 4.6459 20.3817 4.0612
2 24 4.2456 20.4042 4.9476 3.6732 20.3939 5.7331
2 24 4.2172 21.8349 5.121 3.5245 21.6887 6.0019
2 24 2.5871 21.5889 6.6986 3.5245 21.6887 6.0019
2 24 2.604 20.1009 6.5766 3.6732 20.3939 5.7331
2 24 -2.1056 19.4617 6.8821 -2.604 20.1009 6.5766
2 24 -1.3944 21.515 7.259 -2.588 21.589 6.6998
2 24 -2.604 20.1009 6.5766 -3.6732 20.3939 5.7331
2 24 -2.588 21.589 6.6998 -3.5244 21.689 6.0019
2 24 -3.5244 21.689 6.0019 -4.2172 21.8348 5.1209
2 24 -3.6732 20.3939 5.7331 -4.2456 20.4042 4.9476
2 24 -4.2456 20.4042 4.9476 -4.6459 20.3817 4.0612
2 24 -4.2172 21.8348 5.1209 -4.7706 22.0181 3.8936
2 24 -4.6459 20.3817 4.0612 -4.9163 20.157 2.634
2 24 -4.7706 22.0181 3.8936 -4.9611 22.4108 2.1827
2 24 -3.3845 23.8078 -1.1151 -4.1555 23.3101 -0.1628
2 24 -4.1555 23.3101 -0.1628 -4.7377 22.7637 1.1583
2 24 -4.8907 19.5842 2.02 -4.9163 20.157 2.634
2 24 -4.9611 22.4108 2.1827 -4.7377 22.7637 1.1583
2 24 5.4127 -0.0532 -3.125 6.3177 -0.0532 -0.0336
2 24 3.125 -0.0532 -5.4127 0 -0.0532 -6.25
2 24 -5.4127 -0.0532 -3.125 -3.125 -0.0532 -5.4127
2 24 -5.4127 -0.0532 3.125 -6.25 -0.0532 0
2 24 0 -0.0532 6.25 -3.125 -0.0532 5.4127
2 24 5.4702 -0.0532 3.1292 3.125 -0.0532 5.4127
0 STEP
