0 Untitled Model
0 Name: Untitled Model
0 Author: 
0 BFC CERTIFY CCW
3 16 8.2201 0 -8.2366 8.7484 0 -7.7933 8.5676 -1.25 -8.622
3 16 8.5676 -1.25 -8.622 8.7484 0 -7.7933 9.1019 -1.25 -8.1616
3 16 8.9901 0 -7.0179 9.325 -1.25 -7.4137 8.7484 0 -7.7933
3 16 8.7484 0 -7.7933 9.325 -1.25 -7.4137 9.1019 -1.25 -8.1616
3 16 7.5003 0 -8.3344 8.2201 0 -8.2366 7.7913 -1.25 -8.7258
3 16 7.7913 -1.25 -8.7258 8.2201 0 -8.2366 8.5676 -1.25 -8.622
3 16 9.325 -1.25 -7.4137 8.9901 0 -7.0179 9.3124 -1.25 -1.3206
3 16 9.3124 -1.25 -1.3206 8.9901 0 -7.0179 8.9776 0 -1.2892
3 16 8.9577 0 7.8727 8.6019 0 8.6019 9.2927 -1.25 8.2076
3 16 9.2927 -1.25 8.2076 8.6019 0 8.6019 8.9369 -1.25 8.9369
3 16 5.5849 0 -5.3253 5.9981 0 -5.2032 7.5003 0 -8.3344
3 16 7.5003 0 -8.3344 5.9981 0 -5.2032 8.2201 0 -8.2366
3 16 6.2612 0 -4.8801 8.7484 0 -7.7933 5.9981 0 -5.2032
3 16 5.9981 0 -5.2032 8.7484 0 -7.7933 8.2201 0 -8.2366
3 16 6.2712 0 -3.5889 8.9901 0 -7.0179 6.2612 0 -4.8801
3 16 6.2612 0 -4.8801 8.9901 0 -7.0179 8.7484 0 -7.7933
3 16 7.7913 -1.25 -8.7258 4.1048 -1.25 -7.7783 7.5003 0 -8.3344
3 16 7.5003 0 -8.3344 4.1048 -1.25 -7.7783 4.2469 0 -7.4735
3 16 0.8278 -1.3051 -6.4126 0.5029 -5.25 -6.2146 1.4429 -1.5253 -5.7267
3 16 1.4429 -1.5253 -5.7267 0.5029 -5.25 -6.2146 0.9711 -5.25 -5.8324
3 16 6.2124 0 4.4094 5.5797 0 5.5797 8.9577 0 7.8727
3 16 8.9577 0 7.8727 5.5797 0 5.5797 8.6019 0 8.6019
3 16 3.2538 -5.25 -5.1608 3.8938 -5.2489 -4.6781 3.2538 -0.1112 -5.1608
3 16 3.2538 -0.1112 -5.1608 3.8938 -5.2489 -4.6781 3.8938 0 -4.6781
3 16 2.5628 -5.25 -5.4603 3.2538 -5.25 -5.1608 2.5628 -0.3571 -5.4603
3 16 2.5628 -0.3571 -5.4603 3.2538 -5.25 -5.1608 3.2538 -0.1112 -5.1608
3 16 10 -8 10 10 -8 3.0382 10 -1.25 10
3 16 10 -1.25 10 10 -8 3.0382 10 -1.25 3.0003
3 16 1.8788 -5.25 -5.6117 2.5628 -5.25 -5.4603 1.8788 -0.7051 -5.6117
3 16 1.8788 -0.7051 -5.6117 2.5628 -5.25 -5.4603 2.5628 -0.3571 -5.4603
3 16 2.1909 -1.25 -7.0336 1.2533 -1.2486 -7.9232 0.8278 -1.3051 -6.4126
3 16 0.8278 -1.3051 -6.4126 1.2533 -1.2486 -7.9232 -0.0638 -1.246 -7.2803
3 16 1.3094 -8 -7.8439 -1.5805 -8 -6.2142 -0.3437 -5.25 -7.057
3 16 -0.3437 -5.25 -7.057 -1.5805 -8 -6.2142 -1.5805 -5.25 -6.2142
3 16 1.3094 -8 -7.8439 -0.3437 -5.25 -7.057 1.2533 -1.2486 -7.9232
3 16 1.2533 -1.2486 -7.9232 -0.3437 -5.25 -7.057 -0.0638 -1.246 -7.2803
3 16 -1.5805 -5.25 -6.2142 -1.5805 -8 -6.2142 -4.1421 -5.25 -4.1421
3 16 -4.1421 -5.25 -4.1421 -1.5805 -8 -6.2142 -4.1421 -8 -4.1421
3 16 1.8788 -0.7051 -5.6117 1.3493 -0.6643 -6.4513 1.4429 -1.5253 -5.7267
3 16 1.4429 -1.5253 -5.7267 1.3493 -0.6643 -6.4513 0.8278 -1.3051 -6.4126
3 16 4.8236 -8 -9.3185 1.3094 -8 -7.8439 4.8236 -1.25 -9.3185
3 16 4.8236 -1.25 -9.3185 1.3094 -8 -7.8439 1.2533 -1.2486 -7.9232
3 16 2.5628 -0.3571 -5.4603 2.1488 -0.1928 -6.6776 1.8788 -0.7051 -5.6117
3 16 1.8788 -0.7051 -5.6117 2.1488 -0.1928 -6.6776 1.3493 -0.6643 -6.4513
3 16 6.2712 0 -3.5889 8.9776 0 -1.2892 8.9901 0 -7.0179
3 16 -0.0638 -1.246 -7.2803 -0.3437 -5.25 -7.057 0.8278 -1.3051 -6.4126
3 16 0.8278 -1.3051 -6.4126 -0.3437 -5.25 -7.057 0.5029 -5.25 -6.2146
3 16 2.1909 -1.25 -7.0336 4.1048 -1.25 -7.7783 1.2533 -1.2486 -7.9232
3 16 1.2533 -1.2486 -7.9232 4.1048 -1.25 -7.7783 4.8236 -1.25 -9.3185
3 16 10 -1.25 -10 10 -8 -10 4.8236 -1.25 -9.3185
3 16 4.8236 -1.25 -9.3185 10 -8 -10 4.8236 -8 -9.3185
3 16 7.8446 -8 3.2366 10 -8 3.0382 10 -8 10
3 16 6.7352 -8 3.6885 7.8446 -8 3.2366 10 -8 10
3 16 5.7995 -8 4.2363 6.7352 -8 3.6885 10 -8 10
3 16 10 -8 10 4.9398 -8 4.9551 5.7995 -8 4.2363
3 16 2.1488 -0.1928 -6.6776 2.5628 -0.3571 -5.4603 2.8797 -0.0216 -6.9399
3 16 2.8797 -0.0216 -6.9399 2.5628 -0.3571 -5.4603 3.2538 -0.1112 -5.1608
3 16 2.8797 -0.0216 -6.9399 3.2538 -0.1112 -5.1608 3.6425 0 -7.2505
3 16 3.6425 0 -7.2505 3.2538 -0.1112 -5.1608 3.8938 0 -4.6781
3 16 0.7293 -5.2495 0.7293 2.0815 -5.2499 -0.6228 -4.1421 -5.25 -4.1421
3 16 -4.1421 -5.25 -4.1421 2.0815 -5.2499 -0.6228 -1.5805 -5.25 -6.2142
3 16 4.1048 -1.25 -7.7783 7.7913 -1.25 -8.7258 4.8236 -1.25 -9.3185
3 16 4.8236 -1.25 -9.3185 7.7913 -1.25 -8.7258 10 -1.25 -10
3 16 2.1488 -0.1928 -6.6776 2.1909 -1.25 -7.0336 1.3493 -0.6643 -6.4513
3 16 1.3493 -0.6643 -6.4513 2.1909 -1.25 -7.0336 0.8278 -1.3051 -6.4126
3 16 7.5003 0 -8.3344 4.2469 0 -7.4735 5.5849 0 -5.3253
3 16 5.5849 0 -5.3253 4.2469 0 -7.4735 4.6589 0 -4.9906
3 16 8.5676 -1.25 -8.622 10 -1.25 -10 7.7913 -1.25 -8.7258
3 16 -8.2366 0 8.2201 -8.622 -1.25 8.5676 -7.7933 0 8.7484
3 16 -7.7933 0 8.7484 -8.622 -1.25 8.5676 -8.1616 -1.25 9.1019
3 16 -8.1616 -1.25 9.1019 -7.4137 -1.25 9.325 -7.7933 0 8.7484
3 16 -7.7933 0 8.7484 -7.4137 -1.25 9.325 -7.0179 0 8.9901
3 16 -4.9866 -5.25 4.6589 -4.6781 -5.2489 3.8938 -4.9906 0 4.6589
3 16 -4.9906 0 4.6589 -4.6781 -5.2489 3.8938 -4.6781 0 3.8938
3 16 -8.3344 0 7.5003 -8.7258 -1.25 7.7913 -8.2366 0 8.2201
3 16 -8.2366 0 8.2201 -8.7258 -1.25 7.7913 -8.622 -1.25 8.5676
3 16 -7.4137 -1.25 9.325 -1.3206 -1.25 9.3124 -7.0179 0 8.9901
3 16 -7.0179 0 8.9901 -1.3206 -1.25 9.3124 -1.2892 0 8.9776
3 16 7.8727 0 8.9577 8.2076 -1.25 9.2927 8.6019 0 8.6019
3 16 8.6019 0 8.6019 8.2076 -1.25 9.2927 8.9369 -1.25 8.9369
3 16 -5.3253 0 5.5849 -8.3344 0 7.5003 -5.2032 0 5.9981
3 16 -5.2032 0 5.9981 -8.3344 0 7.5003 -8.2366 0 8.2201
3 16 -4.8801 0 6.2612 -5.2032 0 5.9981 -7.7933 0 8.7484
3 16 -7.7933 0 8.7484 -5.2032 0 5.9981 -8.2366 0 8.2201
3 16 -3.5889 0 6.2712 -4.8801 0 6.2612 -7.0179 0 8.9901
3 16 -7.0179 0 8.9901 -4.8801 0 6.2612 -7.7933 0 8.7484
3 16 -7.4735 0 4.2469 -7.7783 -1.25 4.1048 -8.3344 0 7.5003
3 16 -8.3344 0 7.5003 -7.7783 -1.25 4.1048 -8.7258 -1.25 7.7913
3 16 -6.4126 -1.3051 0.8278 -5.7267 -1.5253 1.4429 -6.2146 -5.25 0.5029
3 16 -6.2146 -5.25 0.5029 -5.7267 -1.5253 1.4429 -5.8324 -5.25 0.9711
3 16 -6.2142 -5.25 -1.5805 -6.2142 -8 -1.5805 -7.057 -5.25 -0.3437
3 16 -7.057 -5.25 -0.3437 -6.2142 -8 -1.5805 -7.8439 -8 1.3094
3 16 -7.8439 -8 1.3094 -7.9232 -1.2486 1.2533 -7.057 -5.25 -0.3437
3 16 -7.057 -5.25 -0.3437 -7.9232 -1.2486 1.2533 -7.2803 -1.246 -0.0638
3 16 -5.1608 -5.25 3.2538 -5.1608 -0.1112 3.2538 -4.6781 -5.2489 3.8938
3 16 -4.6781 -5.2489 3.8938 -5.1608 -0.1112 3.2538 -4.6781 0 3.8938
3 16 -5.4603 -5.25 2.5628 -5.4603 -0.3571 2.5628 -5.1608 -5.25 3.2538
3 16 -5.1608 -5.25 3.2538 -5.4603 -0.3571 2.5628 -5.1608 -0.1112 3.2538
3 16 -10 -8 10 -5.6553 -8 10 -10 -1.25 10
3 16 -10 -1.25 10 -5.6553 -8 10 -5.4927 -1.25 10
3 16 -5.6117 -0.7051 1.8788 -5.6117 -5.25 1.8788 -5.7267 -1.5253 1.4429
3 16 -5.7267 -1.5253 1.4429 -5.6117 -5.25 1.8788 -5.8324 -5.25 0.9711
3 16 -7.2803 -1.246 -0.0638 -7.9232 -1.2486 1.2533 -6.4126 -1.3051 0.8278
3 16 -6.4126 -1.3051 0.8278 -7.9232 -1.2486 1.2533 -7.0336 -1.25 2.1909
3 16 -5.6117 -0.7051 1.8788 -5.7267 -1.5253 1.4429 -6.4513 -0.6643 1.3493
3 16 -6.4513 -0.6643 1.3493 -5.7267 -1.5253 1.4429 -6.4126 -1.3051 0.8278
3 16 -9.3185 -8 4.8236 -9.3185 -1.25 4.8236 -7.8439 -8 1.3094
3 16 -7.8439 -8 1.3094 -9.3185 -1.25 4.8236 -7.9232 -1.2486 1.2533
3 16 -5.4603 -0.3571 2.5628 -5.6117 -0.7051 1.8788 -6.6776 -0.1928 2.1488
3 16 -6.6776 -0.1928 2.1488 -5.6117 -0.7051 1.8788 -6.4513 -0.6643 1.3493
3 16 -7.0179 0 8.9901 -1.2892 0 8.9776 -3.5889 0 6.2712
3 16 -5.4603 -0.3571 2.5628 -5.4603 -5.25 2.5628 -5.6117 -0.7051 1.8788
3 16 -5.6117 -0.7051 1.8788 -5.4603 -5.25 2.5628 -5.6117 -5.25 1.8788
3 16 -7.2803 -1.246 -0.0638 -6.4126 -1.3051 0.8278 -7.057 -5.25 -0.3437
3 16 -7.057 -5.25 -0.3437 -6.4126 -1.3051 0.8278 -6.2146 -5.25 0.5029
3 16 -1.3206 -1.25 9.3124 -1.2336 -1.25 10 3.0003 -1.25 10
3 16 9.3124 -1.25 -1.3206 10 -1.25 -1.2336 10 -1.25 -5.6246
3 16 8.2076 -1.25 9.2927 10 -1.25 10 8.9369 -1.25 8.9369
3 16 8.9369 -1.25 8.9369 10 -1.25 10 9.2927 -1.25 8.2076
3 16 -9.3185 -1.25 4.8236 -7.7783 -1.25 4.1048 -7.9232 -1.2486 1.2533
3 16 -7.9232 -1.2486 1.2533 -7.7783 -1.25 4.1048 -7.0336 -1.25 2.1909
3 16 -9.3185 -8 4.8236 -10 -8 10 -9.3185 -1.25 4.8236
3 16 -9.3185 -1.25 4.8236 -10 -8 10 -10 -1.25 10
3 16 -6.6776 -0.1928 2.1488 -6.9399 -0.0216 2.8797 -5.4603 -0.3571 2.5628
3 16 -5.4603 -0.3571 2.5628 -6.9399 -0.0216 2.8797 -5.1608 -0.1112 3.2538
3 16 -4.6781 0 3.8938 -7.2505 0 3.6425 -4.9906 0 4.6589
3 16 -4.9906 0 4.6589 -7.2505 0 3.6425 -7.4735 0 4.2469
3 16 -10 -1.25 10 -8.7258 -1.25 7.7913 -9.3185 -1.25 4.8236
3 16 -9.3185 -1.25 4.8236 -8.7258 -1.25 7.7913 -7.7783 -1.25 4.1048
3 16 -7.2505 0 3.6425 -7.7783 -1.25 4.1048 -7.4735 0 4.2469
3 16 -4.9906 0 4.6589 -7.4735 0 4.2469 -5.3253 0 5.5849
3 16 -5.3253 0 5.5849 -7.4735 0 4.2469 -8.3344 0 7.5003
3 16 -10 -1.25 10 -7.4137 -1.25 9.325 -8.1616 -1.25 9.1019
3 16 4.1048 -1.25 -7.7783 3.6425 0 -7.2505 4.2469 0 -7.4735
3 16 -6.6776 -0.1928 2.1488 -6.4513 -0.6643 1.3493 -7.0336 -1.25 2.1909
3 16 -7.0336 -1.25 2.1909 -6.4513 -0.6643 1.3493 -6.4126 -1.3051 0.8278
3 16 -6.9399 -0.0216 2.8797 -7.2505 0 3.6425 -5.1608 -0.1112 3.2538
3 16 -5.1608 -0.1112 3.2538 -7.2505 0 3.6425 -4.6781 0 3.8938
3 16 -7.0336 -1.25 2.1909 -7.7783 -1.25 4.1048 -6.9399 -0.0216 2.8797
3 16 -6.9399 -0.0216 2.8797 -7.7783 -1.25 4.1048 -7.2505 0 3.6425
3 16 3.8938 0 -4.6781 4.6589 0 -4.9906 3.6425 0 -7.2505
3 16 3.6425 0 -7.2505 4.6589 0 -4.9906 4.2469 0 -7.4735
3 16 3.8938 -5.2489 -4.6781 4.6589 -5.25 -4.9866 3.8938 0 -4.6781
3 16 3.8938 0 -4.6781 4.6589 -5.25 -4.9866 4.6589 0 -4.9906
3 16 4.6589 -5.25 -4.9866 5.5834 -5.25 -5.3233 4.6589 0 -4.9906
3 16 4.6589 0 -4.9906 5.5834 -5.25 -5.3233 5.5849 0 -5.3253
3 16 5.5834 -5.25 -5.3233 6.0008 -5.2518 -5.2042 5.5849 0 -5.3253
3 16 5.5849 0 -5.3253 6.0008 -5.2518 -5.2042 5.9981 0 -5.2032
3 16 6.2612 -5.2611 -4.8801 6.2612 0 -4.8801 6.0008 -5.2518 -5.2042
3 16 6.0008 -5.2518 -5.2042 6.2612 0 -4.8801 5.9981 0 -5.2032
3 16 6.2612 -5.2611 -4.8801 6.2712 -5.2567 -3.5889 6.2612 0 -4.8801
3 16 6.2612 0 -4.8801 6.2712 -5.2567 -3.5889 6.2712 0 -3.5889
3 16 6.2124 0 4.4094 6.2712 0 -3.5889 6.2041 -5.25 4.0004
3 16 6.2041 -5.25 4.0004 6.2712 0 -3.5889 6.2712 -5.2567 -3.5889
3 16 6.2041 -5.25 4.0004 5.4308 -5.25 5.4308 6.2124 0 4.4094
3 16 6.2124 0 4.4094 5.4308 -5.25 5.4308 5.5797 0 5.5797
3 16 4.0004 -5.25 6.2041 4.4094 0 6.2124 5.4308 -5.25 5.4308
3 16 5.4308 -5.25 5.4308 4.4094 0 6.2124 5.5797 0 5.5797
3 16 -3.5889 -5.2567 6.2712 -3.5889 0 6.2712 4.0004 -5.25 6.2041
3 16 4.0004 -5.25 6.2041 -3.5889 0 6.2712 4.4094 0 6.2124
3 16 -4.8801 -5.2611 6.2612 -4.8801 0 6.2612 -3.5889 -5.2567 6.2712
3 16 -3.5889 -5.2567 6.2712 -4.8801 0 6.2612 -3.5889 0 6.2712
3 16 -4.8801 -5.2611 6.2612 -5.2042 -5.2518 6.0008 -4.8801 0 6.2612
3 16 -4.8801 0 6.2612 -5.2042 -5.2518 6.0008 -5.2032 0 5.9981
3 16 -5.2042 -5.2518 6.0008 -5.3233 -5.25 5.5834 -5.2032 0 5.9981
3 16 -5.2032 0 5.9981 -5.3233 -5.25 5.5834 -5.3253 0 5.5849
3 16 -5.3233 -5.25 5.5834 -4.9866 -5.25 4.6589 -5.3253 0 5.5849
3 16 -5.3253 0 5.5849 -4.9866 -5.25 4.6589 -4.9906 0 4.6589
3 16 2.0815 -5.2499 -0.6228 0.7293 -5.2495 0.7293 6.2041 -5.25 4.0004
3 16 6.2041 -5.25 4.0004 0.7293 -5.2495 0.7293 5.4308 -5.25 5.4308
3 16 6.2612 -5.2611 -4.8801 6.0008 -5.2518 -5.2042 2.0815 -5.2499 -0.6228
3 16 5.5834 -5.25 -5.3233 2.0815 -5.2499 -0.6228 6.0008 -5.2518 -5.2042
3 16 5.5834 -5.25 -5.3233 4.6589 -5.25 -4.9866 2.0815 -5.2499 -0.6228
3 16 3.8938 -5.2489 -4.6781 2.0815 -5.2499 -0.6228 4.6589 -5.25 -4.9866
3 16 3.8938 -5.2489 -4.6781 3.2538 -5.25 -5.1608 2.0815 -5.2499 -0.6228
3 16 2.5628 -5.25 -5.4603 2.0815 -5.2499 -0.6228 3.2538 -5.25 -5.1608
3 16 0.9711 -5.25 -5.8324 0.5029 -5.25 -6.2146 2.0815 -5.2499 -0.6228
3 16 -0.3437 -5.25 -7.057 -1.5805 -5.25 -6.2142 0.5029 -5.25 -6.2146
3 16 0.5029 -5.25 -6.2146 -1.5805 -5.25 -6.2142 2.0815 -5.2499 -0.6228
3 16 -7.057 -5.25 -0.3437 -6.2146 -5.25 0.5029 -6.2142 -5.25 -1.5805
3 16 -6.2142 -5.25 -1.5805 -6.2146 -5.25 0.5029 -0.6228 -5.2499 2.0815
3 16 -6.2146 -5.25 0.5029 -5.8324 -5.25 0.9711 -0.6228 -5.2499 2.0815
3 16 -5.8324 -5.25 0.9711 -5.6117 -5.25 1.8788 -0.6228 -5.2499 2.0815
3 16 -5.4603 -5.25 2.5628 -0.6228 -5.2499 2.0815 -5.6117 -5.25 1.8788
3 16 -5.1608 -5.25 3.2538 -4.6781 -5.2489 3.8938 -0.6228 -5.2499 2.0815
3 16 -5.3233 -5.25 5.5834 -0.6228 -5.2499 2.0815 -4.9866 -5.25 4.6589
3 16 -4.9866 -5.25 4.6589 -0.6228 -5.2499 2.0815 -4.6781 -5.2489 3.8938
3 16 -4.8801 -5.2611 6.2612 -0.6228 -5.2499 2.0815 -5.2042 -5.2518 6.0008
3 16 -5.2042 -5.2518 6.0008 -0.6228 -5.2499 2.0815 -5.3233 -5.25 5.5834
3 16 -6.9399 -0.0216 2.8797 -6.6776 -0.1928 2.1488 -7.0336 -1.25 2.1909
3 16 2.8797 -0.0216 -6.9399 2.1909 -1.25 -7.0336 2.1488 -0.1928 -6.6776
3 16 3.6425 0 -7.2505 4.1048 -1.25 -7.7783 2.8797 -0.0216 -6.9399
3 16 2.8797 -0.0216 -6.9399 4.1048 -1.25 -7.7783 2.1909 -1.25 -7.0336
3 16 6.2612 -5.2611 -4.8801 2.0815 -5.2499 -0.6228 6.2712 -5.2567 -3.5889
3 16 6.2712 -5.2567 -3.5889 2.0815 -5.2499 -0.6228 6.2041 -5.25 4.0004
3 16 -4.8801 -5.2611 6.2612 -3.5889 -5.2567 6.2712 -0.6228 -5.2499 2.0815
3 16 -0.6228 -5.2499 2.0815 -3.5889 -5.2567 6.2712 4.0004 -5.25 6.2041
3 16 -10 -1.25 10 -8.1616 -1.25 9.1019 -8.622 -1.25 8.5676
3 16 -10 -1.25 10 -8.622 -1.25 8.5676 -8.7258 -1.25 7.7913
3 16 10 -1.25 -10 9.1019 -1.25 -8.1616 9.325 -1.25 -7.4137
3 16 9.1019 -1.25 -8.1616 10 -1.25 -10 8.5676 -1.25 -8.622
3 16 -4.1421 -5.25 -4.1421 -4.1421 -8 -4.1421 -6.2142 -5.25 -1.5805
3 16 -6.2142 -5.25 -1.5805 -4.1421 -8 -4.1421 -6.2142 -8 -1.5805
3 16 0.7293 -5.2495 0.7293 -4.1421 -5.25 -4.1421 -0.6228 -5.2499 2.0815
3 16 -0.6228 -5.2499 2.0815 -4.1421 -5.25 -4.1421 -6.2142 -5.25 -1.5805
3 16 8.6019 0 8.6019 5.5797 0 5.5797 7.8727 0 8.9577
3 16 7.8727 0 8.9577 5.5797 0 5.5797 4.4094 0 6.2124
3 16 5.4308 -5.25 5.4308 0.7293 -5.2495 0.7293 4.0004 -5.25 6.2041
3 16 4.0004 -5.25 6.2041 0.7293 -5.2495 0.7293 -0.6228 -5.2499 2.0815
3 16 2.5628 -5.25 -5.4603 1.8788 -5.25 -5.6117 2.0815 -5.2499 -0.6228
3 16 -5.4603 -5.25 2.5628 -5.1608 -5.25 3.2538 -0.6228 -5.2499 2.0815
3 16 0.9711 -5.25 -5.8324 1.8788 -5.25 -5.6117 1.4429 -1.5253 -5.7267
3 16 1.4429 -1.5253 -5.7267 1.8788 -5.25 -5.6117 1.8788 -0.7051 -5.6117
3 16 2.0815 -5.2499 -0.6228 1.8788 -5.25 -5.6117 0.9711 -5.25 -5.8324
3 16 3.0382 -8 10 3.2366 -8 7.8446 10 -8 10
3 16 3.2366 -8 7.8446 3.6302 -8 6.8517 10 -8 10
3 16 3.6302 -8 6.8517 4.2231 -8 5.8156 10 -8 10
3 16 4.2231 -8 5.8156 4.9398 -8 4.9551 10 -8 10
3 16 -10 -8 10 -9.3185 -8 4.8236 -5.6553 -8 10
3 16 -5.6553 -8 10 -9.3185 -8 4.8236 -5.1829 -8 5.7883
3 16 -9.3185 -8 4.8236 -7.8439 -8 1.3094 -5.1829 -8 5.7883
3 16 -5.1829 -8 5.7883 -7.8439 -8 1.3094 -4.2459 -8 3.4244
3 16 -6.2142 -8 -1.5805 -2.8343 -8 0.9575 -7.8439 -8 1.3094
3 16 -7.8439 -8 1.3094 -2.8343 -8 0.9575 -4.2459 -8 3.4244
3 16 -4.1421 -8 -4.1421 -1.1279 -8 -1.0912 -6.2142 -8 -1.5805
3 16 -6.2142 -8 -1.5805 -1.1279 -8 -1.0912 -2.8343 -8 0.9575
3 16 0.9191 -8 -2.8027 -1.1279 -8 -1.0912 -1.5805 -8 -6.2142
3 16 -1.5805 -8 -6.2142 -1.1279 -8 -1.0912 -4.1421 -8 -4.1421
3 16 3.1469 -8 -4.1071 0.9191 -8 -2.8027 1.3094 -8 -7.8439
3 16 1.3094 -8 -7.8439 0.9191 -8 -2.8027 -1.5805 -8 -6.2142
3 16 4.8236 -8 -9.3185 5.7883 -8 -5.1829 1.3094 -8 -7.8439
3 16 1.3094 -8 -7.8439 5.7883 -8 -5.1829 3.1469 -8 -4.1071
3 16 10 -8 -10 10 -8 -5.6553 4.8236 -8 -9.3185
3 16 4.8236 -8 -9.3185 10 -8 -5.6553 5.7883 -8 -5.1829
3 16 10 -1.25 -5.6246 10 -8 -5.6553 10 -1.25 -10
3 16 10 -1.25 -10 10 -8 -5.6553 10 -8 -10
3 16 -5.6553 -8 10 -1.1586 -8 10 -5.4927 -1.25 10
3 16 -5.4927 -1.25 10 -1.1586 -8 10 -1.2336 -1.25 10
3 16 -5.1829 -8 5.7883 -0.828 -8 6.8519 -5.6553 -8 10
3 16 -5.6553 -8 10 -0.828 -8 6.8519 -1.1586 -8 10
3 16 -5.1829 -8 5.7883 -4.2459 -8 3.4244 -0.828 -8 6.8519
3 16 -0.828 -8 6.8519 -4.2459 -8 3.4244 -0.172 -8 5.1972
3 16 -4.2459 -8 3.4244 -2.8343 -8 0.9575 -0.172 -8 5.1972
3 16 -0.172 -8 5.1972 -2.8343 -8 0.9575 0.8161 -8 3.4703
3 16 -2.8343 -8 0.9575 -1.1279 -8 -1.0912 0.8161 -8 3.4703
3 16 0.8161 -8 3.4703 -1.1279 -8 -1.0912 2.0106 -8 2.0362
3 16 3.4435 -8 0.8382 2.0106 -8 2.0362 0.9191 -8 -2.8027
3 16 0.9191 -8 -2.8027 2.0106 -8 2.0362 -1.1279 -8 -1.0912
3 16 3.1469 -8 -4.1071 5.0029 -8 -0.0749 0.9191 -8 -2.8027
3 16 0.9191 -8 -2.8027 5.0029 -8 -0.0749 3.4435 -8 0.8382
3 16 5.7883 -8 -5.1829 6.8519 -8 -0.828 3.1469 -8 -4.1071
3 16 3.1469 -8 -4.1071 6.8519 -8 -0.828 5.0029 -8 -0.0749
3 16 5.7883 -8 -5.1829 10 -8 -5.6553 6.8519 -8 -0.828
3 16 6.8519 -8 -0.828 10 -8 -5.6553 10 -8 -1.1586
3 16 10 -8 -1.1586 10 -8 -5.6553 10 -1.25 -1.2336
3 16 10 -1.25 -1.2336 10 -8 -5.6553 10 -1.25 -5.6246
3 16 -1.2336 -1.25 10 -1.1586 -8 10 3.0003 -1.25 10
3 16 3.0003 -1.25 10 -1.1586 -8 10 3.0382 -8 10
3 16 -0.828 -8 6.8519 3.2366 -8 7.8446 -1.1586 -8 10
3 16 -1.1586 -8 10 3.2366 -8 7.8446 3.0382 -8 10
3 16 -0.828 -8 6.8519 -0.172 -8 5.1972 3.2366 -8 7.8446
3 16 3.2366 -8 7.8446 -0.172 -8 5.1972 3.6302 -8 6.8517
3 16 -0.172 -8 5.1972 0.8161 -8 3.4703 3.6302 -8 6.8517
3 16 3.6302 -8 6.8517 0.8161 -8 3.4703 4.2231 -8 5.8156
3 16 0.8161 -8 3.4703 2.0106 -8 2.0362 4.2231 -8 5.8156
3 16 4.2231 -8 5.8156 2.0106 -8 2.0362 4.9398 -8 4.9551
3 16 5.7995 -8 4.2363 4.9398 -8 4.9551 3.4435 -8 0.8382
3 16 3.4435 -8 0.8382 4.9398 -8 4.9551 2.0106 -8 2.0362
3 16 5.0029 -8 -0.0749 6.7352 -8 3.6885 3.4435 -8 0.8382
3 16 3.4435 -8 0.8382 6.7352 -8 3.6885 5.7995 -8 4.2363
3 16 6.8519 -8 -0.828 7.8446 -8 3.2366 5.0029 -8 -0.0749
3 16 5.0029 -8 -0.0749 7.8446 -8 3.2366 6.7352 -8 3.6885
3 16 6.8519 -8 -0.828 10 -8 -1.1586 7.8446 -8 3.2366
3 16 7.8446 -8 3.2366 10 -8 -1.1586 10 -8 3.0382
3 16 10 -8 3.0382 10 -8 -1.1586 10 -1.25 3.0003
3 16 10 -1.25 3.0003 10 -8 -1.1586 10 -1.25 -1.2336
3 16 3.0003 -1.25 10 3.0382 -8 10 10 -1.25 10
3 16 10 -1.25 10 3.0382 -8 10 10 -8 10
3 16 -1.3206 -1.25 9.3124 3.0003 -1.25 10 8.2076 -1.25 9.2927
3 16 8.2076 -1.25 9.2927 3.0003 -1.25 10 10 -1.25 10
3 16 -10 -1.25 10 -5.4927 -1.25 10 -7.4137 -1.25 9.325
3 16 -7.4137 -1.25 9.325 -5.4927 -1.25 10 -1.3206 -1.25 9.3124
3 16 -1.3206 -1.25 9.3124 -5.4927 -1.25 10 -1.2336 -1.25 10
3 16 -1.2892 0 8.9776 -1.3206 -1.25 9.3124 7.8727 0 8.9577
3 16 7.8727 0 8.9577 -1.3206 -1.25 9.3124 8.2076 -1.25 9.2927
3 16 -3.5889 0 6.2712 -1.2892 0 8.9776 4.4094 0 6.2124
3 16 4.4094 0 6.2124 -1.2892 0 8.9776 7.8727 0 8.9577
3 16 8.9577 0 7.8727 8.9776 0 -1.2892 6.2124 0 4.4094
3 16 6.2124 0 4.4094 8.9776 0 -1.2892 6.2712 0 -3.5889
3 16 8.9776 0 -1.2892 8.9577 0 7.8727 9.3124 -1.25 -1.3206
3 16 9.3124 -1.25 -1.3206 8.9577 0 7.8727 9.2927 -1.25 8.2076
3 16 9.3124 -1.25 -1.3206 10 -1.25 3.0003 10 -1.25 -1.2336
3 16 9.3124 -1.25 -1.3206 10 -1.25 -5.6246 9.325 -1.25 -7.4137
3 16 9.325 -1.25 -7.4137 10 -1.25 -5.6246 10 -1.25 -10
3 16 10 -1.25 10 10 -1.25 3.0003 9.2927 -1.25 8.2076
3 16 9.2927 -1.25 8.2076 10 -1.25 3.0003 9.3124 -1.25 -1.3206
2 24 8.2201 0 -8.2366 8.7484 0 -7.7933
2 24 8.5676 -1.25 -8.622 9.1019 -1.25 -8.1616
2 24 8.7484 0 -7.7933 8.9901 0 -7.0179
2 24 9.1019 -1.25 -8.1616 9.325 -1.25 -7.4137
2 24 8.2201 0 -8.2366 7.5003 0 -8.3344
2 24 8.5676 -1.25 -8.622 7.7913 -1.25 -8.7258
2 24 9.325 -1.25 -7.4137 9.3124 -1.25 -1.3206
2 24 8.9901 0 -7.0179 8.9776 0 -1.2892
2 24 8.9577 0 7.8727 8.6019 0 8.6019
2 24 9.2927 -1.25 8.2076 8.9369 -1.25 8.9369
2 24 5.5849 0 -5.3253 5.9981 0 -5.2032
2 24 7.5003 0 -8.3344 8.2201 0 -8.2366
2 24 5.9981 0 -5.2032 6.2612 0 -4.8801
2 24 8.2201 0 -8.2366 8.7484 0 -7.7933
2 24 6.2612 0 -4.8801 6.2712 0 -3.5889
2 24 8.7484 0 -7.7933 8.9901 0 -7.0179
2 24 7.7913 -1.25 -8.7258 4.1048 -1.25 -7.7783
2 24 7.5003 0 -8.3344 4.2469 0 -7.4735
2 24 0.5029 -5.25 -6.2146 0.9711 -5.25 -5.8324
2 24 1.4429 -1.5253 -5.7267 0.9711 -5.25 -5.8324
2 24 6.2124 0 4.4094 5.5797 0 5.5797
2 24 8.9577 0 7.8727 8.6019 0 8.6019
2 24 3.2538 -5.25 -5.1608 3.8938 -5.2489 -4.6781
2 24 3.8938 -5.2489 -4.6781 3.8938 0 -4.6781
2 24 3.2538 -0.1112 -5.1608 3.8938 0 -4.6781
2 24 3.2538 -5.25 -5.1608 2.5628 -5.25 -5.4603
2 24 3.2538 -0.1112 -5.1608 2.5628 -0.3571 -5.4603
2 24 10 -8 10 10 -8 3.0382
2 24 10 -8 10 10 -1.25 10
2 24 10 -1.25 10 10 -1.25 3.0003
2 24 2.5628 -5.25 -5.4603 1.8788 -5.25 -5.6117
2 24 2.5628 -0.3571 -5.4603 1.8788 -0.7051 -5.6117
2 24 2.1909 -1.25 -7.0336 0.8278 -1.3051 -6.4126
2 24 1.2533 -1.2486 -7.9232 -0.0638 -1.246 -7.2803
2 24 0.8278 -1.3051 -6.4126 -0.0638 -1.246 -7.2803
2 24 1.3094 -8 -7.8439 -1.5805 -8 -6.2142
2 24 -0.3437 -5.25 -7.057 -1.5805 -5.25 -6.2142
2 24 -0.3437 -5.25 -7.057 -0.0638 -1.246 -7.2803
2 24 1.2533 -1.2486 -7.9232 -0.0638 -1.246 -7.2803
2 24 -1.5805 -5.25 -6.2142 -4.1421 -5.25 -4.1421
2 24 -1.5805 -8 -6.2142 -4.1421 -8 -4.1421
2 24 1.4429 -1.5253 -5.7267 1.8788 -0.7051 -5.6117
2 24 0.8278 -1.3051 -6.4126 1.3493 -0.6643 -6.4513
2 24 1.3094 -8 -7.8439 4.8236 -8 -9.3185
2 24 1.2533 -1.2486 -7.9232 4.8236 -1.25 -9.3185
2 24 1.8788 -0.7051 -5.6117 2.5628 -0.3571 -5.4603
2 24 1.3493 -0.6643 -6.4513 2.1488 -0.1928 -6.6776
2 24 8.9901 0 -7.0179 8.9776 0 -1.2892
2 24 -0.0638 -1.246 -7.2803 -0.3437 -5.25 -7.057
2 24 0.8278 -1.3051 -6.4126 -0.0638 -1.246 -7.2803
2 24 0.5029 -5.25 -6.2146 -0.3437 -5.25 -7.057
2 24 2.1909 -1.25 -7.0336 4.1048 -1.25 -7.7783
2 24 1.2533 -1.2486 -7.9232 4.8236 -1.25 -9.3185
2 24 10 -1.25 -10 10 -8 -10
2 24 4.8236 -1.25 -9.3185 10 -1.25 -10
2 24 4.8236 -8 -9.3185 10 -8 -10
2 24 10 -8 3.0382 10 -8 10
2 24 2.1488 -0.1928 -6.6776 2.8797 -0.0216 -6.9399
2 24 2.5628 -0.3571 -5.4603 3.2538 -0.1112 -5.1608
2 24 2.8797 -0.0216 -6.9399 3.6425 0 -7.2505
2 24 3.2538 -0.1112 -5.1608 3.8938 0 -4.6781
2 24 -4.1421 -5.25 -4.1421 -1.5805 -5.25 -6.2142
2 24 4.1048 -1.25 -7.7783 7.7913 -1.25 -8.7258
2 24 4.8236 -1.25 -9.3185 10 -1.25 -10
2 24 2.1488 -0.1928 -6.6776 1.3493 -0.6643 -6.4513
2 24 2.1909 -1.25 -7.0336 0.8278 -1.3051 -6.4126
2 24 1.3493 -0.6643 -6.4513 0.8278 -1.3051 -6.4126
2 24 7.5003 0 -8.3344 4.2469 0 -7.4735
2 24 5.5849 0 -5.3253 4.6589 0 -4.9906
2 24 7.7913 -1.25 -8.7258 8.5676 -1.25 -8.622
2 24 -8.2366 0 8.2201 -7.7933 0 8.7484
2 24 -8.622 -1.25 8.5676 -8.1616 -1.25 9.1019
2 24 -8.1616 -1.25 9.1019 -7.4137 -1.25 9.325
2 24 -7.7933 0 8.7484 -7.0179 0 8.9901
2 24 -4.9866 -5.25 4.6589 -4.6781 -5.2489 3.8938
2 24 -4.6781 -5.2489 3.8938 -4.6781 0 3.8938
2 24 -4.9906 0 4.6589 -4.6781 0 3.8938
2 24 -8.2366 0 8.2201 -8.3344 0 7.5003
2 24 -8.622 -1.25 8.5676 -8.7258 -1.25 7.7913
2 24 -7.4137 -1.25 9.325 -1.3206 -1.25 9.3124
2 24 -7.0179 0 8.9901 -1.2892 0 8.9776
2 24 8.6019 0 8.6019 7.8727 0 8.9577
2 24 8.9369 -1.25 8.9369 8.2076 -1.25 9.2927
2 24 -5.3253 0 5.5849 -5.2032 0 5.9981
2 24 -8.3344 0 7.5003 -8.2366 0 8.2201
2 24 -5.2032 0 5.9981 -4.8801 0 6.2612
2 24 -8.2366 0 8.2201 -7.7933 0 8.7484
2 24 -4.8801 0 6.2612 -3.5889 0 6.2712
2 24 -7.7933 0 8.7484 -7.0179 0 8.9901
2 24 -8.3344 0 7.5003 -7.4735 0 4.2469
2 24 -8.7258 -1.25 7.7913 -7.7783 -1.25 4.1048
2 24 -5.7267 -1.5253 1.4429 -5.8324 -5.25 0.9711
2 24 -6.2146 -5.25 0.5029 -5.8324 -5.25 0.9711
2 24 -6.2142 -5.25 -1.5805 -7.057 -5.25 -0.3437
2 24 -6.2142 -8 -1.5805 -7.8439 -8 1.3094
2 24 -7.9232 -1.2486 1.2533 -7.2803 -1.246 -0.0638
2 24 -7.057 -5.25 -0.3437 -7.2803 -1.246 -0.0638
2 24 -5.1608 -5.25 3.2538 -4.6781 -5.2489 3.8938
2 24 -5.1608 -0.1112 3.2538 -4.6781 0 3.8938
2 24 -4.6781 -5.2489 3.8938 -4.6781 0 3.8938
2 24 -5.1608 -5.25 3.2538 -5.4603 -5.25 2.5628
2 24 -5.1608 -0.1112 3.2538 -5.4603 -0.3571 2.5628
2 24 -10 -8 10 -5.6553 -8 10
2 24 -10 -8 10 -10 -1.25 10
2 24 -10 -1.25 10 -5.4927 -1.25 10
2 24 -5.6117 -0.7051 1.8788 -5.7267 -1.5253 1.4429
2 24 -5.6117 -5.25 1.8788 -5.8324 -5.25 0.9711
2 24 -5.7267 -1.5253 1.4429 -5.8324 -5.25 0.9711
2 24 -7.2803 -1.246 -0.0638 -7.9232 -1.2486 1.2533
2 24 -7.2803 -1.246 -0.0638 -6.4126 -1.3051 0.8278
2 24 -6.4126 -1.3051 0.8278 -7.0336 -1.25 2.1909
2 24 -5.7267 -1.5253 1.4429 -5.6117 -0.7051 1.8788
2 24 -6.4126 -1.3051 0.8278 -6.4513 -0.6643 1.3493
2 24 -7.8439 -8 1.3094 -9.3185 -8 4.8236
2 24 -7.9232 -1.2486 1.2533 -9.3185 -1.25 4.8236
2 24 -5.6117 -0.7051 1.8788 -5.4603 -0.3571 2.5628
2 24 -6.4513 -0.6643 1.3493 -6.6776 -0.1928 2.1488
2 24 -7.0179 0 8.9901 -1.2892 0 8.9776
2 24 -5.4603 -0.3571 2.5628 -5.6117 -0.7051 1.8788
2 24 -5.4603 -5.25 2.5628 -5.6117 -5.25 1.8788
2 24 -6.4126 -1.3051 0.8278 -7.2803 -1.246 -0.0638
2 24 -7.2803 -1.246 -0.0638 -7.057 -5.25 -0.3437
2 24 -6.2146 -5.25 0.5029 -7.057 -5.25 -0.3437
2 24 -1.2336 -1.25 10 3.0003 -1.25 10
2 24 10 -1.25 -1.2336 10 -1.25 -5.6246
2 24 8.2076 -1.25 9.2927 8.9369 -1.25 8.9369
2 24 8.9369 -1.25 8.9369 9.2927 -1.25 8.2076
2 24 -7.9232 -1.2486 1.2533 -9.3185 -1.25 4.8236
2 24 -7.0336 -1.25 2.1909 -7.7783 -1.25 4.1048
2 24 -9.3185 -8 4.8236 -10 -8 10
2 24 -10 -8 10 -10 -1.25 10
2 24 -9.3185 -1.25 4.8236 -10 -1.25 10
2 24 -6.6776 -0.1928 2.1488 -6.9399 -0.0216 2.8797
2 24 -5.4603 -0.3571 2.5628 -5.1608 -0.1112 3.2538
2 24 -4.6781 0 3.8938 -4.9906 0 4.6589
2 24 -7.2505 0 3.6425 -7.4735 0 4.2469
2 24 -9.3185 -1.25 4.8236 -10 -1.25 10
2 24 -7.7783 -1.25 4.1048 -8.7258 -1.25 7.7913
2 24 -7.4735 0 4.2469 -7.2505 0 3.6425
2 24 -5.3253 0 5.5849 -4.9906 0 4.6589
2 24 -8.3344 0 7.5003 -7.4735 0 4.2469
2 24 -7.4137 -1.25 9.325 -8.1616 -1.25 9.1019
2 24 4.2469 0 -7.4735 3.6425 0 -7.2505
2 24 -6.6776 -0.1928 2.1488 -6.4513 -0.6643 1.3493
2 24 -6.4513 -0.6643 1.3493 -6.4126 -1.3051 0.8278
2 24 -7.0336 -1.25 2.1909 -6.4126 -1.3051 0.8278
2 24 -6.9399 -0.0216 2.8797 -7.2505 0 3.6425
2 24 -5.1608 -0.1112 3.2538 -4.6781 0 3.8938
2 24 -7.7783 -1.25 4.1048 -7.0336 -1.25 2.1909
2 24 -7.2505 0 3.6425 -6.9399 -0.0216 2.8797
2 24 3.8938 0 -4.6781 4.6589 0 -4.9906
2 24 3.6425 0 -7.2505 4.2469 0 -7.4735
2 24 3.8938 -5.2489 -4.6781 4.6589 -5.25 -4.9866
2 24 3.8938 -5.2489 -4.6781 3.8938 0 -4.6781
2 24 3.8938 0 -4.6781 4.6589 0 -4.9906
2 24 4.6589 -5.25 -4.9866 5.5834 -5.25 -5.3233
2 24 4.6589 0 -4.9906 5.5849 0 -5.3253
2 24 5.5834 -5.25 -5.3233 6.0008 -5.2518 -5.2042
2 24 5.5849 0 -5.3253 5.9981 0 -5.2032
2 24 6.0008 -5.2518 -5.2042 6.2612 -5.2611 -4.8801
2 24 5.9981 0 -5.2032 6.2612 0 -4.8801
2 24 6.2612 -5.2611 -4.8801 6.2712 -5.2567 -3.5889
2 24 6.2612 0 -4.8801 6.2712 0 -3.5889
2 24 6.2712 0 -3.5889 6.2124 0 4.4094
2 24 6.2712 -5.2567 -3.5889 6.2041 -5.25 4.0004
2 24 6.2041 -5.25 4.0004 5.4308 -5.25 5.4308
2 24 6.2124 0 4.4094 5.5797 0 5.5797
2 24 5.4308 -5.25 5.4308 4.0004 -5.25 6.2041
2 24 5.5797 0 5.5797 4.4094 0 6.2124
2 24 4.0004 -5.25 6.2041 -3.5889 -5.2567 6.2712
2 24 4.4094 0 6.2124 -3.5889 0 6.2712
2 24 -3.5889 -5.2567 6.2712 -4.8801 -5.2611 6.2612
2 24 -3.5889 0 6.2712 -4.8801 0 6.2612
2 24 -4.8801 -5.2611 6.2612 -5.2042 -5.2518 6.0008
2 24 -4.8801 0 6.2612 -5.2032 0 5.9981
2 24 -5.2042 -5.2518 6.0008 -5.3233 -5.25 5.5834
2 24 -5.2032 0 5.9981 -5.3253 0 5.5849
2 24 -4.9866 -5.25 4.6589 -5.3233 -5.25 5.5834
2 24 -4.9906 0 4.6589 -5.3253 0 5.5849
2 24 6.2041 -5.25 4.0004 5.4308 -5.25 5.4308
2 24 6.2612 -5.2611 -4.8801 6.0008 -5.2518 -5.2042
2 24 6.0008 -5.2518 -5.2042 5.5834 -5.25 -5.3233
2 24 5.5834 -5.25 -5.3233 4.6589 -5.25 -4.9866
2 24 4.6589 -5.25 -4.9866 3.8938 -5.2489 -4.6781
2 24 3.8938 -5.2489 -4.6781 3.2538 -5.25 -5.1608
2 24 3.2538 -5.25 -5.1608 2.5628 -5.25 -5.4603
2 24 0.9711 -5.25 -5.8324 0.5029 -5.25 -6.2146
2 24 -1.5805 -5.25 -6.2142 -0.3437 -5.25 -7.057
2 24 0.5029 -5.25 -6.2146 -0.3437 -5.25 -7.057
2 24 -7.057 -5.25 -0.3437 -6.2146 -5.25 0.5029
2 24 -7.057 -5.25 -0.3437 -6.2142 -5.25 -1.5805
2 24 -6.2146 -5.25 0.5029 -5.8324 -5.25 0.9711
2 24 -5.8324 -5.25 0.9711 -5.6117 -5.25 1.8788
2 24 -5.6117 -5.25 1.8788 -5.4603 -5.25 2.5628
2 24 -5.1608 -5.25 3.2538 -4.6781 -5.2489 3.8938
2 24 -5.3233 -5.25 5.5834 -4.9866 -5.25 4.6589
2 24 -4.6781 -5.2489 3.8938 -4.9866 -5.25 4.6589
2 24 -4.8801 -5.2611 6.2612 -5.2042 -5.2518 6.0008
2 24 -5.3233 -5.25 5.5834 -5.2042 -5.2518 6.0008
2 24 -6.6776 -0.1928 2.1488 -6.9399 -0.0216 2.8797
2 24 2.1488 -0.1928 -6.6776 2.8797 -0.0216 -6.9399
2 24 3.6425 0 -7.2505 2.8797 -0.0216 -6.9399
2 24 4.1048 -1.25 -7.7783 2.1909 -1.25 -7.0336
2 24 6.2612 -5.2611 -4.8801 6.2712 -5.2567 -3.5889
2 24 6.2041 -5.25 4.0004 6.2712 -5.2567 -3.5889
2 24 -4.8801 -5.2611 6.2612 -3.5889 -5.2567 6.2712
2 24 -3.5889 -5.2567 6.2712 4.0004 -5.25 6.2041
2 24 -8.1616 -1.25 9.1019 -8.622 -1.25 8.5676
2 24 -8.7258 -1.25 7.7913 -8.622 -1.25 8.5676
2 24 9.1019 -1.25 -8.1616 9.325 -1.25 -7.4137
2 24 8.5676 -1.25 -8.622 9.1019 -1.25 -8.1616
2 24 -4.1421 -5.25 -4.1421 -6.2142 -5.25 -1.5805
2 24 -4.1421 -8 -4.1421 -6.2142 -8 -1.5805
2 24 -4.1421 -5.25 -4.1421 -6.2142 -5.25 -1.5805
2 24 8.6019 0 8.6019 7.8727 0 8.9577
2 24 5.5797 0 5.5797 4.4094 0 6.2124
2 24 5.4308 -5.25 5.4308 4.0004 -5.25 6.2041
2 24 2.5628 -5.25 -5.4603 1.8788 -5.25 -5.6117
2 24 -5.4603 -5.25 2.5628 -5.1608 -5.25 3.2538
2 24 1.8788 -5.25 -5.6117 0.9711 -5.25 -5.8324
2 24 0.9711 -5.25 -5.8324 1.4429 -1.5253 -5.7267
2 24 1.8788 -0.7051 -5.6117 1.4429 -1.5253 -5.7267
2 24 0.9711 -5.25 -5.8324 1.8788 -5.25 -5.6117
2 24 10 -8 10 3.0382 -8 10
2 24 -10 -8 10 -9.3185 -8 4.8236
2 24 -10 -8 10 -5.6553 -8 10
2 24 -9.3185 -8 4.8236 -7.8439 -8 1.3094
2 24 -7.8439 -8 1.3094 -6.2142 -8 -1.5805
2 24 -6.2142 -8 -1.5805 -4.1421 -8 -4.1421
2 24 -4.1421 -8 -4.1421 -1.5805 -8 -6.2142
2 24 -1.5805 -8 -6.2142 1.3094 -8 -7.8439
2 24 1.3094 -8 -7.8439 4.8236 -8 -9.3185
2 24 10 -8 -10 10 -8 -5.6553
2 24 4.8236 -8 -9.3185 10 -8 -10
2 24 10 -1.25 -5.6246 10 -1.25 -10
2 24 10 -8 -5.6553 10 -8 -10
2 24 10 -1.25 -10 10 -8 -10
2 24 -5.6553 -8 10 -1.1586 -8 10
2 24 -5.4927 -1.25 10 -1.2336 -1.25 10
2 24 -5.6553 -8 10 -1.1586 -8 10
2 24 10 -8 -5.6553 10 -8 -1.1586
2 24 10 -8 -5.6553 10 -8 -1.1586
2 24 10 -1.25 -5.6246 10 -1.25 -1.2336
2 24 -1.2336 -1.25 10 3.0003 -1.25 10
2 24 -1.1586 -8 10 3.0382 -8 10
2 24 3.0382 -8 10 -1.1586 -8 10
2 24 10 -8 3.0382 10 -8 -1.1586
2 24 10 -8 3.0382 10 -8 -1.1586
2 24 10 -1.25 3.0003 10 -1.25 -1.2336
2 24 3.0003 -1.25 10 10 -1.25 10
2 24 3.0382 -8 10 10 -8 10
2 24 10 -1.25 10 10 -8 10
2 24 -1.3206 -1.25 9.3124 8.2076 -1.25 9.2927
2 24 3.0003 -1.25 10 10 -1.25 10
2 24 -10 -1.25 10 -5.4927 -1.25 10
2 24 -1.3206 -1.25 9.3124 -7.4137 -1.25 9.325
2 24 -1.2336 -1.25 10 -5.4927 -1.25 10
2 24 -1.2892 0 8.9776 7.8727 0 8.9577
2 24 -1.3206 -1.25 9.3124 8.2076 -1.25 9.2927
2 24 -3.5889 0 6.2712 4.4094 0 6.2124
2 24 -1.2892 0 8.9776 7.8727 0 8.9577
2 24 8.9577 0 7.8727 8.9776 0 -1.2892
2 24 6.2712 0 -3.5889 6.2124 0 4.4094
2 24 8.9776 0 -1.2892 8.9577 0 7.8727
2 24 9.3124 -1.25 -1.3206 9.2927 -1.25 8.2076
2 24 10 -1.25 -1.2336 10 -1.25 3.0003
2 24 9.3124 -1.25 -1.3206 9.325 -1.25 -7.4137
2 24 10 -1.25 -10 10 -1.25 -5.6246
2 24 10 -1.25 10 10 -1.25 3.0003
2 24 9.3124 -1.25 -1.3206 9.2927 -1.25 8.2076
2 24 8.2254 0.0206 -8.2497 8.7604 0.0207 -7.8006
2 24 8.5735 -1.2293 -8.6348 9.1136 -1.2293 -8.1693
2 24 8.7604 0.0207 -7.8006 9.0052 0.0199 -7.0182
2 24 9.1136 -1.2293 -8.1693 9.3401 -1.2301 -7.4143
2 24 8.2254 0.0206 -8.2497 7.4972 0.0198 -8.3494
2 24 8.5735 -1.2293 -8.6348 7.7887 -1.2302 -8.7408
2 24 9.3401 -1.2301 -7.4143 9.3276 -1.2302 -1.3206
2 24 9.0052 0.0199 -7.0182 8.9929 0.0198 -1.2891
2 24 8.9729 0.0199 7.8731 8.612 0.0206 8.612
2 24 9.3078 -1.2301 8.2083 8.9469 -1.2294 8.9469
2 24 5.5876 0.0177 -5.3079 5.9884 0.0177 -5.1884
2 24 7.4972 0.0198 -8.3494 8.2254 0.0206 -8.2497
2 24 5.9884 0.0177 -5.1884 6.2438 0.0177 -4.8772
2 24 8.2254 0.0206 -8.2497 8.7604 0.0207 -7.8006
2 24 6.2438 0.0177 -4.8772 6.2535 0.0177 -3.589
2 24 8.7604 0.0207 -7.8006 9.0052 0.0199 -7.0182
2 24 7.7887 -1.2302 -8.7408 4.1004 -1.2302 -7.7929
2 24 7.4972 0.0198 -8.3494 4.2427 0.0198 -7.4882
2 24 0.4913 -5.2316 -6.2023 0.9613 -5.2381 -5.8127
2 24 1.4301 -1.5232 -5.7053 0.9613 -5.2381 -5.8127
2 24 6.1949 0.0177 4.408 5.5675 0.018 5.5675
2 24 8.9729 0.0199 7.8731 8.612 0.0206 8.612
2 24 3.2448 -5.2323 -5.1456 3.891 -5.2364 -4.6566
2 24 3.891 -5.2364 -4.6566 3.8903 0.0124 -4.6567
2 24 3.2416 -0.0951 -5.1459 3.8903 0.0124 -4.6567
2 24 3.2448 -5.2323 -5.1456 2.5573 -5.2323 -5.4435
2 24 3.2416 -0.0951 -5.1459 2.5517 -0.343 -5.4428
2 24 10.0144 -8.0144 10.0144 10.0177 -8.0177 3.0382
2 24 10.0144 -8.0144 10.0144 10.0144 -1.2356 10.0144
2 24 10.0144 -1.2356 10.0144 10.0177 -1.2323 3.0003
2 24 2.5573 -5.2323 -5.4435 1.8748 -5.2323 -5.5945
2 24 2.5517 -0.343 -5.4428 1.8669 -0.695 -5.5921
2 24 2.1849 -1.23 -7.0474 0.8123 -1.2855 -6.4144
2 24 1.2464 -1.2309 -7.9394 -0.0817 -1.2287 -7.2825
2 24 0.8123 -1.2855 -6.4144 -0.0817 -1.2287 -7.2825
2 24 1.3022 -8.0178 -7.86 -1.5906 -8.0178 -6.2286
2 24 -0.362 -5.2332 -7.0598 -1.5913 -5.2323 -6.2282
2 24 -0.362 -5.2332 -7.0598 -0.0817 -1.2287 -7.2825
2 24 1.2464 -1.2309 -7.9394 -0.0817 -1.2287 -7.2825
2 24 -1.5913 -5.2323 -6.2282 -4.1546 -5.2323 -4.1546
2 24 -1.5906 -8.0178 -6.2286 -4.1546 -8.0177 -4.1546
2 24 1.4301 -1.5232 -5.7053 1.8669 -0.695 -5.5921
2 24 0.8123 -1.2855 -6.4144 1.3316 -0.648 -6.4581
2 24 1.3022 -8.0178 -7.86 4.8194 -8.0177 -9.3357
2 24 1.2464 -1.2309 -7.9394 4.8195 -1.2324 -9.3357
2 24 1.8669 -0.695 -5.5921 2.5517 -0.343 -5.4428
2 24 1.3316 -0.648 -6.4581 2.1375 -0.1731 -6.688
2 24 9.0052 0.0199 -7.0182 8.9929 0.0198 -1.2891
2 24 -0.0817 -1.2287 -7.2825 -0.362 -5.2332 -7.0598
2 24 0.8123 -1.2855 -6.4144 -0.0817 -1.2287 -7.2825
2 24 0.4913 -5.2316 -6.2023 -0.362 -5.2332 -7.0598
2 24 2.1849 -1.23 -7.0474 4.1004 -1.2302 -7.7929
2 24 1.2464 -1.2309 -7.9394 4.8195 -1.2324 -9.3357
2 24 10.0131 -1.2349 -10.015 10.0131 -8.0151 -10.015
2 24 4.8195 -1.2324 -9.3357 10.0131 -1.2349 -10.015
2 24 4.8194 -8.0177 -9.3357 10.0131 -8.0151 -10.015
2 24 10.0177 -8.0177 3.0382 10.0144 -8.0144 10.0144
2 24 2.1375 -0.1731 -6.688 2.8724 -0.0015 -6.9527
2 24 2.5517 -0.343 -5.4428 3.2416 -0.0951 -5.1459
2 24 2.8724 -0.0015 -6.9527 3.6365 0.0198 -7.2646
2 24 3.2416 -0.0951 -5.1459 3.8903 0.0124 -4.6567
2 24 -4.1546 -5.2323 -4.1546 -1.5913 -5.2323 -6.2282
2 24 4.1004 -1.2302 -7.7929 7.7887 -1.2302 -8.7408
2 24 4.8195 -1.2324 -9.3357 10.0131 -1.2349 -10.015
2 24 2.1375 -0.1731 -6.688 1.3316 -0.648 -6.4581
2 24 2.1849 -1.23 -7.0474 0.8123 -1.2855 -6.4144
2 24 1.3316 -0.648 -6.4581 0.8123 -1.2855 -6.4144
2 24 7.4972 0.0198 -8.3494 4.2427 0.0198 -7.4882
2 24 5.5876 0.0177 -5.3079 4.6652 0.0177 -4.9741
2 24 7.7887 -1.2302 -8.7408 8.5735 -1.2293 -8.6348
2 24 -8.2497 0.0206 8.2254 -7.8006 0.0207 8.7604
2 24 -8.6348 -1.2293 8.5735 -8.1693 -1.2293 9.1136
2 24 -8.1693 -1.2293 9.1136 -7.4143 -1.2301 9.3401
2 24 -7.8006 0.0207 8.7604 -7.0182 0.0199 9.0052
2 24 -4.9701 -5.2323 4.6652 -4.6566 -5.2364 3.891
2 24 -4.6566 -5.2364 3.891 -4.6566 0.0124 3.8903
2 24 -4.9741 0.0177 4.6652 -4.6566 0.0124 3.8903
2 24 -8.2497 0.0206 8.2254 -8.3494 0.0198 7.4972
2 24 -8.6348 -1.2293 8.5735 -8.7408 -1.2302 7.7887
2 24 -7.4143 -1.2301 9.3401 -1.3206 -1.2302 9.3276
2 24 -7.0182 0.0199 9.0052 -1.2891 0.0198 8.9929
2 24 8.612 0.0206 8.612 7.8731 0.0199 8.9729
2 24 8.9469 -1.2294 8.9469 8.2083 -1.2301 9.3078
2 24 -5.3079 0.0177 5.5876 -5.1884 0.0177 5.9884
2 24 -8.3494 0.0198 7.4972 -8.2497 0.0206 8.2254
2 24 -5.1884 0.0177 5.9884 -4.8772 0.0177 6.2438
2 24 -8.2497 0.0206 8.2254 -7.8006 0.0207 8.7604
2 24 -4.8772 0.0177 6.2438 -3.589 0.0177 6.2535
2 24 -7.8006 0.0207 8.7604 -7.0182 0.0199 9.0052
2 24 -8.3494 0.0198 7.4972 -7.4882 0.0198 4.2427
2 24 -8.7408 -1.2302 7.7887 -7.7929 -1.2302 4.1004
2 24 -5.7053 -1.5232 1.4301 -5.8127 -5.2381 0.9613
2 24 -6.2023 -5.2316 0.4913 -5.8127 -5.2381 0.9613
2 24 -6.2282 -5.2323 -1.5913 -7.0598 -5.2332 -0.362
2 24 -6.2286 -8.0178 -1.5906 -7.86 -8.0178 1.3022
2 24 -7.9394 -1.2309 1.2464 -7.2825 -1.2287 -0.0817
2 24 -7.0598 -5.2332 -0.362 -7.2825 -1.2287 -0.0817
2 24 -5.1456 -5.2323 3.2448 -4.6566 -5.2364 3.891
2 24 -5.1459 -0.0951 3.2416 -4.6566 0.0124 3.8903
2 24 -4.6566 -5.2364 3.891 -4.6566 0.0124 3.8903
2 24 -5.1456 -5.2323 3.2448 -5.4435 -5.2323 2.5573
2 24 -5.1459 -0.0951 3.2416 -5.4428 -0.343 2.5517
2 24 -10.015 -8.0151 10.0131 -5.6553 -8.0177 10.0177
2 24 -10.015 -8.0151 10.0131 -10.015 -1.2349 10.0131
2 24 -10.015 -1.2349 10.0131 -5.4927 -1.2323 10.0177
2 24 -5.5921 -0.695 1.8669 -5.7053 -1.5232 1.4301
2 24 -5.5945 -5.2323 1.8748 -5.8127 -5.2381 0.9613
2 24 -5.7053 -1.5232 1.4301 -5.8127 -5.2381 0.9613
2 24 -7.2825 -1.2287 -0.0817 -7.9394 -1.2309 1.2464
2 24 -7.2825 -1.2287 -0.0817 -6.4144 -1.2855 0.8123
2 24 -6.4144 -1.2855 0.8123 -7.0474 -1.23 2.1849
2 24 -5.7053 -1.5232 1.4301 -5.5921 -0.695 1.8669
2 24 -6.4144 -1.2855 0.8123 -6.4581 -0.648 1.3316
2 24 -7.86 -8.0178 1.3022 -9.3357 -8.0177 4.8194
2 24 -7.9394 -1.2309 1.2464 -9.3357 -1.2324 4.8195
2 24 -5.5921 -0.695 1.8669 -5.4428 -0.343 2.5517
2 24 -6.4581 -0.648 1.3316 -6.688 -0.1731 2.1375
2 24 -7.0182 0.0199 9.0052 -1.2891 0.0198 8.9929
2 24 -5.4428 -0.343 2.5517 -5.5921 -0.695 1.8669
2 24 -5.4435 -5.2323 2.5573 -5.5945 -5.2323 1.8748
2 24 -6.4144 -1.2855 0.8123 -7.2825 -1.2287 -0.0817
2 24 -7.2825 -1.2287 -0.0817 -7.0598 -5.2332 -0.362
2 24 -6.2023 -5.2316 0.4913 -7.0598 -5.2332 -0.362
2 24 -1.2336 -1.2323 10.0177 3.0003 -1.2323 10.0177
2 24 10.0177 -1.2323 -1.2336 10.0177 -1.2323 -5.6246
2 24 8.2083 -1.2301 9.3078 8.9469 -1.2294 8.9469
2 24 8.9469 -1.2294 8.9469 9.3078 -1.2301 8.2083
2 24 -7.9394 -1.2309 1.2464 -9.3357 -1.2324 4.8195
2 24 -7.0474 -1.23 2.1849 -7.7929 -1.2302 4.1004
2 24 -9.3357 -8.0177 4.8194 -10.015 -8.0151 10.0131
2 24 -10.015 -8.0151 10.0131 -10.015 -1.2349 10.0131
2 24 -9.3357 -1.2324 4.8195 -10.015 -1.2349 10.0131
2 24 -6.688 -0.1731 2.1375 -6.9527 -0.0015 2.8724
2 24 -5.4428 -0.343 2.5517 -5.1459 -0.0951 3.2416
2 24 -4.6566 0.0124 3.8903 -4.9741 0.0177 4.6652
2 24 -7.2646 0.0198 3.6365 -7.4882 0.0198 4.2427
2 24 -9.3357 -1.2324 4.8195 -10.015 -1.2349 10.0131
2 24 -7.7929 -1.2302 4.1004 -8.7408 -1.2302 7.7887
2 24 -7.4882 0.0198 4.2427 -7.2646 0.0198 3.6365
2 24 -5.3079 0.0177 5.5876 -4.9741 0.0177 4.6652
2 24 -8.3494 0.0198 7.4972 -7.4882 0.0198 4.2427
2 24 -7.4143 -1.2301 9.3401 -8.1693 -1.2293 9.1136
2 24 4.2427 0.0198 -7.4882 3.6365 0.0198 -7.2646
2 24 -6.688 -0.1731 2.1375 -6.4581 -0.648 1.3316
2 24 -6.4581 -0.648 1.3316 -6.4144 -1.2855 0.8123
2 24 -7.0474 -1.23 2.1849 -6.4144 -1.2855 0.8123
2 24 -6.9527 -0.0015 2.8724 -7.2646 0.0198 3.6365
2 24 -5.1459 -0.0951 3.2416 -4.6566 0.0124 3.8903
2 24 -7.7929 -1.2302 4.1004 -7.0474 -1.23 2.1849
2 24 -7.2646 0.0198 3.6365 -6.9527 -0.0015 2.8724
2 24 3.8903 0.0124 -4.6567 4.6652 0.0177 -4.9741
2 24 3.6365 0.0198 -7.2646 4.2427 0.0198 -7.4882
2 24 3.891 -5.2364 -4.6566 4.6652 -5.2323 -4.9701
2 24 3.891 -5.2364 -4.6566 3.8903 0.0124 -4.6567
2 24 3.8903 0.0124 -4.6567 4.6652 0.0177 -4.9741
2 24 4.6652 -5.2323 -4.9701 5.5863 -5.2324 -5.3059
2 24 4.6652 0.0177 -4.9741 5.5876 0.0177 -5.3079
2 24 5.5863 -5.2324 -5.3059 5.9913 -5.2341 -5.1893
2 24 5.5876 0.0177 -5.3079 5.9884 0.0177 -5.1884
2 24 5.9913 -5.2341 -5.1893 6.2438 -5.2434 -4.8771
2 24 5.9884 0.0177 -5.1884 6.2438 0.0177 -4.8772
2 24 6.2438 -5.2434 -4.8771 6.2535 -5.239 -3.589
2 24 6.2438 0.0177 -4.8772 6.2535 0.0177 -3.589
2 24 6.2535 0.0177 -3.589 6.1949 0.0177 4.408
2 24 6.2535 -5.239 -3.589 6.1866 -5.2323 3.9989
2 24 6.1866 -5.2323 3.9989 5.4185 -5.232 5.4185
2 24 6.1949 0.0177 4.408 5.5675 0.018 5.5675
2 24 5.4185 -5.232 5.4185 3.9989 -5.2323 6.1866
2 24 5.5675 0.018 5.5675 4.408 0.0177 6.1949
2 24 3.9989 -5.2323 6.1866 -3.589 -5.239 6.2535
2 24 4.408 0.0177 6.1949 -3.589 0.0177 6.2535
2 24 -3.589 -5.239 6.2535 -4.8771 -5.2434 6.2438
2 24 -3.589 0.0177 6.2535 -4.8772 0.0177 6.2438
2 24 -4.8771 -5.2434 6.2438 -5.1893 -5.2341 5.9913
2 24 -4.8772 0.0177 6.2438 -5.1884 0.0177 5.9884
2 24 -5.1893 -5.2341 5.9913 -5.3059 -5.2324 5.5863
2 24 -5.1884 0.0177 5.9884 -5.3079 0.0177 5.5876
2 24 -4.9701 -5.2323 4.6652 -5.3059 -5.2324 5.5863
2 24 -4.9741 0.0177 4.6652 -5.3079 0.0177 5.5876
2 24 6.1866 -5.2323 3.9989 5.4185 -5.232 5.4185
2 24 6.2438 -5.2434 -4.8771 5.9913 -5.2341 -5.1893
2 24 5.9913 -5.2341 -5.1893 5.5863 -5.2324 -5.3059
2 24 5.5863 -5.2324 -5.3059 4.6652 -5.2323 -4.9701
2 24 4.6652 -5.2323 -4.9701 3.891 -5.2364 -4.6566
2 24 3.891 -5.2364 -4.6566 3.2448 -5.2323 -5.1456
2 24 3.2448 -5.2323 -5.1456 2.5573 -5.2323 -5.4435
2 24 0.9613 -5.2381 -5.8127 0.4913 -5.2316 -6.2023
2 24 -1.5913 -5.2323 -6.2282 -0.362 -5.2332 -7.0598
2 24 0.4913 -5.2316 -6.2023 -0.362 -5.2332 -7.0598
2 24 -7.0598 -5.2332 -0.362 -6.2023 -5.2316 0.4913
2 24 -7.0598 -5.2332 -0.362 -6.2282 -5.2323 -1.5913
2 24 -6.2023 -5.2316 0.4913 -5.8127 -5.2381 0.9613
2 24 -5.8127 -5.2381 0.9613 -5.5945 -5.2323 1.8748
2 24 -5.5945 -5.2323 1.8748 -5.4435 -5.2323 2.5573
2 24 -5.1456 -5.2323 3.2448 -4.6566 -5.2364 3.891
2 24 -5.3059 -5.2324 5.5863 -4.9701 -5.2323 4.6652
2 24 -4.6566 -5.2364 3.891 -4.9701 -5.2323 4.6652
2 24 -4.8771 -5.2434 6.2438 -5.1893 -5.2341 5.9913
2 24 -5.3059 -5.2324 5.5863 -5.1893 -5.2341 5.9913
2 24 -6.688 -0.1731 2.1375 -6.9527 -0.0015 2.8724
2 24 2.1375 -0.1731 -6.688 2.8724 -0.0015 -6.9527
2 24 3.6365 0.0198 -7.2646 2.8724 -0.0015 -6.9527
2 24 4.1004 -1.2302 -7.7929 2.1849 -1.23 -7.0474
2 24 6.2438 -5.2434 -4.8771 6.2535 -5.239 -3.589
2 24 6.1866 -5.2323 3.9989 6.2535 -5.239 -3.589
2 24 -4.8771 -5.2434 6.2438 -3.589 -5.239 6.2535
2 24 -3.589 -5.239 6.2535 3.9989 -5.2323 6.1866
2 24 -8.1693 -1.2293 9.1136 -8.6348 -1.2293 8.5735
2 24 -8.7408 -1.2302 7.7887 -8.6348 -1.2293 8.5735
2 24 9.1136 -1.2293 -8.1693 9.3401 -1.2301 -7.4143
2 24 8.5735 -1.2293 -8.6348 9.1136 -1.2293 -8.1693
2 24 -4.1546 -5.2323 -4.1546 -6.2282 -5.2323 -1.5913
2 24 -4.1546 -8.0177 -4.1546 -6.2286 -8.0178 -1.5906
2 24 -4.1546 -5.2323 -4.1546 -6.2282 -5.2323 -1.5913
2 24 8.612 0.0206 8.612 7.8731 0.0199 8.9729
2 24 5.5675 0.018 5.5675 4.408 0.0177 6.1949
2 24 5.4185 -5.232 5.4185 3.9989 -5.2323 6.1866
2 24 2.5573 -5.2323 -5.4435 1.8748 -5.2323 -5.5945
2 24 -5.4435 -5.2323 2.5573 -5.1456 -5.2323 3.2448
2 24 1.8748 -5.2323 -5.5945 0.9613 -5.2381 -5.8127
2 24 0.9613 -5.2381 -5.8127 1.4301 -1.5232 -5.7053
2 24 1.8669 -0.695 -5.5921 1.4301 -1.5232 -5.7053
2 24 0.9613 -5.2381 -5.8127 1.8748 -5.2323 -5.5945
2 24 10.0144 -8.0144 10.0144 3.0382 -8.0177 10.0177
2 24 -10.015 -8.0151 10.0131 -9.3357 -8.0177 4.8194
2 24 -10.015 -8.0151 10.0131 -5.6553 -8.0177 10.0177
2 24 -9.3357 -8.0177 4.8194 -7.86 -8.0178 1.3022
2 24 -7.86 -8.0178 1.3022 -6.2286 -8.0178 -1.5906
2 24 -6.2286 -8.0178 -1.5906 -4.1546 -8.0177 -4.1546
2 24 -4.1546 -8.0177 -4.1546 -1.5906 -8.0178 -6.2286
2 24 -1.5906 -8.0178 -6.2286 1.3022 -8.0178 -7.86
2 24 1.3022 -8.0178 -7.86 4.8194 -8.0177 -9.3357
2 24 10.0131 -8.0151 -10.015 10.0177 -8.0177 -5.6553
2 24 4.8194 -8.0177 -9.3357 10.0131 -8.0151 -10.015
2 24 10.0177 -1.2323 -5.6246 10.0131 -1.2349 -10.015
2 24 10.0177 -8.0177 -5.6553 10.0131 -8.0151 -10.015
2 24 10.0131 -1.2349 -10.015 10.0131 -8.0151 -10.015
2 24 -5.6553 -8.0177 10.0177 -1.1586 -8.0177 10.0177
2 24 -5.4927 -1.2323 10.0177 -1.2336 -1.2323 10.0177
2 24 -5.6553 -8.0177 10.0177 -1.1586 -8.0177 10.0177
2 24 10.0177 -8.0177 -5.6553 10.0177 -8.0177 -1.1586
2 24 10.0177 -8.0177 -5.6553 10.0177 -8.0177 -1.1586
2 24 10.0177 -1.2323 -5.6246 10.0177 -1.2323 -1.2336
2 24 -1.2336 -1.2323 10.0177 3.0003 -1.2323 10.0177
2 24 -1.1586 -8.0177 10.0177 3.0382 -8.0177 10.0177
2 24 3.0382 -8.0177 10.0177 -1.1586 -8.0177 10.0177
2 24 10.0177 -8.0177 3.0382 10.0177 -8.0177 -1.1586
2 24 10.0177 -8.0177 3.0382 10.0177 -8.0177 -1.1586
2 24 10.0177 -1.2323 3.0003 10.0177 -1.2323 -1.2336
2 24 3.0003 -1.2323 10.0177 10.0144 -1.2356 10.0144
2 24 3.0382 -8.0177 10.0177 10.0144 -8.0144 10.0144
2 24 10.0144 -1.2356 10.0144 10.0144 -8.0144 10.0144
2 24 -1.3206 -1.2302 9.3276 8.2083 -1.2301 9.3078
2 24 3.0003 -1.2323 10.0177 10.0144 -1.2356 10.0144
2 24 -10.015 -1.2349 10.0131 -5.4927 -1.2323 10.0177
2 24 -1.3206 -1.2302 9.3276 -7.4143 -1.2301 9.3401
2 24 -1.2336 -1.2323 10.0177 -5.4927 -1.2323 10.0177
2 24 -1.2891 0.0198 8.9929 7.8731 0.0199 8.9729
2 24 -1.3206 -1.2302 9.3276 8.2083 -1.2301 9.3078
2 24 -3.589 0.0177 6.2535 4.408 0.0177 6.1949
2 24 -1.2891 0.0198 8.9929 7.8731 0.0199 8.9729
2 24 8.9729 0.0199 7.8731 8.9929 0.0198 -1.2891
2 24 6.2535 0.0177 -3.589 6.1949 0.0177 4.408
2 24 8.9929 0.0198 -1.2891 8.9729 0.0199 7.8731
2 24 9.3276 -1.2302 -1.3206 9.3078 -1.2301 8.2083
2 24 10.0177 -1.2323 -1.2336 10.0177 -1.2323 3.0003
2 24 9.3276 -1.2302 -1.3206 9.3401 -1.2301 -7.4143
2 24 10.0131 -1.2349 -10.015 10.0177 -1.2323 -5.6246
2 24 10.0144 -1.2356 10.0144 10.0177 -1.2323 3.0003
2 24 9.3276 -1.2302 -1.3206 9.3078 -1.2301 8.2083
0 STEP
