0 Untitled Model
0 Name: Untitled Model
0 Author: 
0 BFC CERTIFY CCW
3 16 7.8665 -1.25 -9.2758 8.8941 -1.25 -8.8975 10 -1.25 -10
3 16 8.8941 -1.25 -8.8975 7.8665 -1.25 -9.2758 8.6326 0 -8.6326
3 16 8.6326 0 -8.6326 7.8665 -1.25 -9.2758 7.5935 0 -9.0002
3 16 -7.8665 -1.25 9.2758 -8.8957 -1.25 8.8975 -10 -1.25 10
3 16 -8.8957 -1.25 8.8975 -7.8665 -1.25 9.2758 -8.6343 0 8.6326
3 16 -8.6343 0 8.6326 -7.8665 -1.25 9.2758 -7.5935 0 9
3 16 9.2758 -1.25 7.8665 8.8975 -1.25 8.8941 10 -1.25 10
3 16 8.8975 -1.25 8.8941 9.2758 -1.25 7.8665 8.6329 0 8.6326
3 16 8.6329 0 8.6326 9.2758 -1.25 7.8665 9 0 7.5944
3 16 -9.2758 -1.25 -7.8665 -8.8975 -1.25 -8.8941 -10 -1.25 -10
3 16 -8.8975 -1.25 -8.8941 -9.2758 -1.25 -7.8665 -8.6326 0 -8.6327
3 16 -8.6326 0 -8.6327 -9.2758 -1.25 -7.8665 -9 0 -7.5942
3 16 8.8941 -1.25 -8.8975 8.6326 0 -8.6326 9.2758 -1.25 -7.8665
3 16 9.2758 -1.25 -7.8665 8.6326 0 -8.6326 9 0 -7.5946
3 16 8.8941 -1.25 -8.8975 9.2758 -1.25 -7.8665 10 -1.25 -10
3 16 -8.8975 -1.25 -8.8941 -8.6326 0 -8.6327 -7.8694 -1.25 -9.2721
3 16 -7.8694 -1.25 -9.2721 -8.6326 0 -8.6327 -7.5936 0 -8.9998
3 16 -8.8975 -1.25 -8.8941 -7.8694 -1.25 -9.2721 -10 -1.25 -10
3 16 8.8975 -1.25 8.8941 8.6329 0 8.6326 7.8694 -1.25 9.2721
3 16 7.8694 -1.25 9.2721 8.6329 0 8.6326 7.5935 0 9
3 16 8.8975 -1.25 8.8941 7.8694 -1.25 9.2721 10 -1.25 10
3 16 -8.8957 -1.25 8.8975 -8.6343 0 8.6326 -9.2758 -1.25 7.8665
3 16 -9.2758 -1.25 7.8665 -8.6343 0 8.6326 -9 0 7.5944
3 16 -8.8957 -1.25 8.8975 -9.2758 -1.25 7.8665 -10 -1.25 10
3 16 -10 -1.25 -10 -10 -8 -10 -10 -1.25 10
3 16 -10 -1.25 10 -10 -8 -10 -10 -8 10
3 16 10 -1.25 -10 10 -8 -10 -10 -1.25 -10
3 16 -10 -1.25 -10 10 -8 -10 -10 -8 -10
3 16 -10 -1.25 10 -10 -8 10 10 -1.25 10
3 16 10 -1.25 10 -10 -8 10 10 -8 10
3 16 10 -1.25 10 10 -8 10 10 -1.25 -10
3 16 10 -1.25 -10 10 -8 10 10 -8 -10
3 16 10 -8 10 -10 -8 10 10 -8 -10
3 16 10 -8 -10 -10 -8 10 -10 -8 -10
3 16 -7.8694 -1.25 -9.2721 -7.5936 0 -8.9998 7.8665 -1.25 -9.2758
3 16 7.8665 -1.25 -9.2758 -7.5936 0 -8.9998 7.5935 0 -9.0002
3 16 -10 -1.25 -10 -7.8694 -1.25 -9.2721 10 -1.25 -10
3 16 10 -1.25 -10 -7.8694 -1.25 -9.2721 7.8665 -1.25 -9.2758
3 16 10 -1.25 10 7.8694 -1.25 9.2721 -10 -1.25 10
3 16 -10 -1.25 10 7.8694 -1.25 9.2721 -7.8665 -1.25 9.2758
3 16 -7.5935 0 9 -7.8665 -1.25 9.2758 7.5935 0 9
3 16 7.5935 0 9 -7.8665 -1.25 9.2758 7.8694 -1.25 9.2721
3 16 -9.2758 -1.25 7.8665 -9 0 7.5944 -9.2758 -1.25 -7.8665
3 16 -9.2758 -1.25 -7.8665 -9 0 7.5944 -9 0 -7.5942
3 16 -10 -1.25 10 -9.2758 -1.25 7.8665 -10 -1.25 -10
3 16 -10 -1.25 -10 -9.2758 -1.25 7.8665 -9.2758 -1.25 -7.8665
3 16 10 -1.25 -10 9.2758 -1.25 -7.8665 10 -1.25 10
3 16 10 -1.25 10 9.2758 -1.25 -7.8665 9.2758 -1.25 7.8665
3 16 9 0 7.5944 9.2758 -1.25 7.8665 9 0 -7.5946
3 16 9 0 -7.5946 9.2758 -1.25 7.8665 9.2758 -1.25 -7.8665
3 16 8.6326 0 -8.6326 7.5935 0 -9.0002 6.25 0 -6.25
3 16 -8.6326 0 -8.6327 -9 0 -7.5942 -6.25 0 -6.25
3 16 -8.6343 0 8.6326 -7.5935 0 9 -6.25 0 6.25
3 16 8.6329 0 8.6326 9 0 7.5942 6.25 0 6.25
3 16 9 0 -7.5946 8.6326 0 -8.6326 6.25 0 -6.25
3 16 -7.5936 0 -8.9998 -8.6326 0 -8.6327 -6.25 0 -6.25
3 16 7.5936 0 8.9998 8.6329 0 8.6326 6.25 0 6.25
3 16 -9 0 7.5944 -8.6343 0 8.6326 -6.25 0 6.25
3 16 7.5935 0 -9.0002 -7.5936 0 -8.9998 6.25 0 -6.25
3 16 6.25 0 -6.25 -7.5936 0 -8.9998 -6.25 0 -6.25
3 16 -7.5935 0 9 7.5936 0 8.9998 -6.25 0 6.25
3 16 -6.25 0 6.25 7.5936 0 8.9998 6.25 0 6.25
3 16 -9 0 -7.5942 -9 0 7.5944 -6.25 0 -6.25
3 16 -6.25 0 -6.25 -9 0 7.5944 -6.25 0 6.25
3 16 9 0 7.5942 9 0 -7.5946 6.25 0 6.25
3 16 6.25 0 6.25 9 0 -7.5946 6.25 0 -6.25
3 16 -6.25 0 -6.25 -6.25 0 6.25 -6.25 -5.25 -6.25
3 16 -6.25 -5.25 -6.25 -6.25 0 6.25 -6.25 -5.25 6.25
3 16 6.25 0 6.25 6.25 0 -6.25 6.25 -5.25 6.25
3 16 6.25 -5.25 6.25 6.25 0 -6.25 6.25 -5.25 -6.25
3 16 -6.25 0 -6.25 -6.25 -5.25 -6.25 6.25 0 -6.25
3 16 6.25 0 -6.25 -6.25 -5.25 -6.25 6.25 -5.25 -6.25
3 16 6.25 0 6.25 6.25 -5.25 6.25 -6.25 0 6.25
3 16 -6.25 0 6.25 6.25 -5.25 6.25 -6.25 -5.25 6.25
3 16 6.25 -5.25 6.25 6.25 -5.25 -6.25 -6.25 -5.25 6.25
3 16 -6.25 -5.25 6.25 6.25 -5.25 -6.25 -6.25 -5.25 -6.25
2 24 7.8665 -1.25 -9.2758 8.8941 -1.25 -8.8975
2 24 8.8941 -1.25 -8.8975 7.8665 -1.25 -9.2758
2 24 8.8941 -1.25 -8.8975 8.6326 0 -8.6326
2 24 8.6326 0 -8.6326 7.5935 0 -9.0002
2 24 -7.8665 -1.25 9.2758 -8.8957 -1.25 8.8975
2 24 -8.8957 -1.25 8.8975 -7.8665 -1.25 9.2758
2 24 -8.8957 -1.25 8.8975 -8.6343 0 8.6326
2 24 -8.6343 0 8.6326 -7.5935 0 9
2 24 9.2758 -1.25 7.8665 8.8975 -1.25 8.8941
2 24 8.8975 -1.25 8.8941 9.2758 -1.25 7.8665
2 24 8.8975 -1.25 8.8941 8.6329 0 8.6326
2 24 8.6329 0 8.6326 9 0 7.5944
2 24 -9.2758 -1.25 -7.8665 -8.8975 -1.25 -8.8941
2 24 -8.8975 -1.25 -8.8941 -9.2758 -1.25 -7.8665
2 24 -8.8975 -1.25 -8.8941 -8.6326 0 -8.6327
2 24 -8.6326 0 -8.6327 -9 0 -7.5942
2 24 8.8941 -1.25 -8.8975 9.2758 -1.25 -7.8665
2 24 8.6326 0 -8.6326 9 0 -7.5946
2 24 8.8941 -1.25 -8.8975 9.2758 -1.25 -7.8665
2 24 -8.8975 -1.25 -8.8941 -7.8694 -1.25 -9.2721
2 24 -8.6326 0 -8.6327 -7.5936 0 -8.9998
2 24 -8.8975 -1.25 -8.8941 -7.8694 -1.25 -9.2721
2 24 8.8975 -1.25 8.8941 7.8694 -1.25 9.2721
2 24 8.6329 0 8.6326 7.5935 0 9
2 24 8.8975 -1.25 8.8941 7.8694 -1.25 9.2721
2 24 -8.8957 -1.25 8.8975 -9.2758 -1.25 7.8665
2 24 -8.6343 0 8.6326 -9 0 7.5944
2 24 -8.8957 -1.25 8.8975 -9.2758 -1.25 7.8665
2 24 -10 -1.25 -10 -10 -8 -10
2 24 -10 -1.25 -10 -10 -1.25 10
2 24 -10 -8 -10 -10 -8 10
2 24 -10 -1.25 10 -10 -8 10
2 24 10 -1.25 -10 10 -8 -10
2 24 10 -1.25 -10 -10 -1.25 -10
2 24 10 -8 -10 -10 -8 -10
2 24 -10 -1.25 -10 -10 -8 -10
2 24 -10 -1.25 10 -10 -8 10
2 24 -10 -1.25 10 10 -1.25 10
2 24 -10 -8 10 10 -8 10
2 24 10 -1.25 10 10 -8 10
2 24 10 -1.25 10 10 -8 10
2 24 10 -1.25 10 10 -1.25 -10
2 24 10 -8 10 10 -8 -10
2 24 10 -1.25 -10 10 -8 -10
2 24 10 -8 10 -10 -8 10
2 24 10 -8 10 10 -8 -10
2 24 -10 -8 10 -10 -8 -10
2 24 10 -8 -10 -10 -8 -10
2 24 7.8665 -1.25 -9.2758 -7.8694 -1.25 -9.2721
2 24 7.5935 0 -9.0002 -7.5936 0 -8.9998
2 24 10 -1.25 -10 -10 -1.25 -10
2 24 7.8665 -1.25 -9.2758 -7.8694 -1.25 -9.2721
2 24 -10 -1.25 10 10 -1.25 10
2 24 -7.8665 -1.25 9.2758 7.8694 -1.25 9.2721
2 24 -7.5935 0 9 7.5935 0 9
2 24 -7.8665 -1.25 9.2758 7.8694 -1.25 9.2721
2 24 -9.2758 -1.25 -7.8665 -9.2758 -1.25 7.8665
2 24 -9 0 -7.5942 -9 0 7.5944
2 24 -10 -1.25 10 -10 -1.25 -10
2 24 -9.2758 -1.25 -7.8665 -9.2758 -1.25 7.8665
2 24 10 -1.25 -10 10 -1.25 10
2 24 9.2758 -1.25 7.8665 9.2758 -1.25 -7.8665
2 24 9 0 7.5944 9 0 -7.5946
2 24 9.2758 -1.25 7.8665 9.2758 -1.25 -7.8665
2 24 8.6326 0 -8.6326 7.5935 0 -9.0002
2 24 -8.6326 0 -8.6327 -9 0 -7.5942
2 24 -8.6343 0 8.6326 -7.5935 0 9
2 24 8.6329 0 8.6326 9 0 7.5942
2 24 8.6326 0 -8.6326 9 0 -7.5946
2 24 -8.6326 0 -8.6327 -7.5936 0 -8.9998
2 24 8.6329 0 8.6326 7.5936 0 8.9998
2 24 -8.6343 0 8.6326 -9 0 7.5944
2 24 7.5935 0 -9.0002 -7.5936 0 -8.9998
2 24 6.25 0 -6.25 -6.25 0 -6.25
2 24 -7.5935 0 9 7.5936 0 8.9998
2 24 -6.25 0 6.25 6.25 0 6.25
2 24 -9 0 -7.5942 -9 0 7.5944
2 24 -6.25 0 -6.25 -6.25 0 6.25
2 24 9 0 7.5942 9 0 -7.5946
2 24 6.25 0 -6.25 6.25 0 6.25
2 24 -6.25 0 -6.25 -6.25 0 6.25
2 24 -6.25 0 -6.25 -6.25 -5.25 -6.25
2 24 -6.25 0 6.25 -6.25 -5.25 6.25
2 24 -6.25 -5.25 -6.25 -6.25 -5.25 6.25
2 24 6.25 0 6.25 6.25 0 -6.25
2 24 6.25 0 6.25 6.25 -5.25 6.25
2 24 6.25 0 -6.25 6.25 -5.25 -6.25
2 24 6.25 -5.25 6.25 6.25 -5.25 -6.25
2 24 -6.25 0 -6.25 -6.25 -5.25 -6.25
2 24 -6.25 0 -6.25 6.25 0 -6.25
2 24 -6.25 -5.25 -6.25 6.25 -5.25 -6.25
2 24 6.25 0 -6.25 6.25 -5.25 -6.25
2 24 6.25 0 6.25 6.25 -5.25 6.25
2 24 6.25 0 6.25 -6.25 0 6.25
2 24 6.25 -5.25 6.25 -6.25 -5.25 6.25
2 24 -6.25 0 6.25 -6.25 -5.25 6.25
2 24 6.25 -5.25 6.25 6.25 -5.25 -6.25
2 24 6.25 -5.25 6.25 -6.25 -5.25 6.25
2 24 6.25 -5.25 -6.25 -6.25 -5.25 -6.25
2 24 -6.25 -5.25 6.25 -6.25 -5.25 -6.25
2 24 8.8941 -1.225 -8.8975 10 -1.225 -10
2 24 7.8669 -1.2305 -9.2914 8.8941 -1.225 -8.8975
2 24 7.8669 -1.2305 -9.2914 10 -1.225 -10
2 24 -7.8698 -1.2305 -9.2877 -10.0177 -1.2323 -10
2 24 -8.8975 -1.225 -8.8941 -7.8698 -1.2305 -9.2877
2 24 -8.8975 -1.225 -8.8941 -10.0177 -1.2323 -10
2 24 8.9081 -1.23 8.9047 8.6498 0.0073 8.6496
2 24 8.9081 -1.23 8.9047 7.8697 -1.2271 9.2822
2 24 8.6498 0.0073 8.6496 7.594 0.0054 9.0244
2 24 7.8697 -1.2271 9.2822 7.594 0.0054 9.0244
2 24 8.9081 -1.23 8.9047 7.8697 -1.2271 9.2822
2 24 8.9081 -1.23 8.9047 10 -1.225 10
2 24 -8.9063 -1.23 8.9081 -8.6512 0.0073 8.6495
2 24 -8.9063 -1.23 8.9081 -9.2914 -1.2305 7.8669
2 24 -8.6512 0.0073 8.6495 -9.0244 0.0055 7.5949
2 24 -9.2914 -1.2305 7.8669 -9.0244 0.0055 7.5949
2 24 -9.2914 -1.2305 7.8669 -10.0177 -1.2323 10
2 24 -8.9063 -1.23 8.9081 -9.2914 -1.2305 7.8669
2 24 -8.9063 -1.23 8.9081 -10.0177 -1.2323 10
2 24 -10.0177 -1.2323 -10 -10.0177 -8.0177 -10
2 24 -10.0177 -1.2323 -10 -10.0177 -1.2323 10
2 24 -10.0177 -8.0177 -10 -10.0177 -8.0177 10
2 24 -10.0177 -1.2323 10 -10.0177 -8.0177 10
2 24 10 -8.025 10 -10.0177 -8.0177 10
2 24 10 -8.025 10 10 -8.025 -10
2 24 -10.0177 -8.0177 10 -10.0177 -8.0177 -10
2 24 10 -8.025 -10 -10.0177 -8.0177 -10
2 24 -7.8698 -1.2305 -9.2877 -7.594 0.0054 -9.0243
2 24 -7.8698 -1.2305 -9.2877 7.8669 -1.2305 -9.2914
2 24 -7.594 0.0054 -9.0243 7.594 0.0055 -9.0245
2 24 7.8669 -1.2305 -9.2914 7.594 0.0055 -9.0245
2 24 10 -1.225 10 -10.0177 -1.2323 10
2 24 7.8697 -1.2271 9.2822 -7.8665 -1.225 9.2758
2 24 -10.0177 -1.2323 10 -7.8665 -1.225 9.2758
0 STEP
