0 Untitled Model
0 Name: Untitled Model
0 Author: 
0 BFC CERTIFY CCW
3 16 0 22.1859 -10.1767 -1.6452 12.6561 -10.1773 1.6452 12.6561 -10.1773 0.318 0.0939 0.3373 0.2008 0.3004 0.2011
3 16 -1.6452 12.6561 -10.1773 0 22.1859 -10.1767 -3.3674 12.0323 -10.1775 0.3373 0.2008 0.318 0.0939 0.3567 0.2076
3 16 -3.3674 12.0323 -10.1775 0 22.1859 -10.1767 -12.8739 19.225 -10.1851 0.3567 0.2076 0.318 0.0939 0.4627 0.126
3 16 3.3674 -12.0323 -10.1775 18.0891 -14.1154 -10.1848 3.746 -10.447 -10.1774 0.2834 0.4785 0.1183 0.5031 0.279 0.4607
3 16 3.746 -10.447 -10.1774 18.0891 -14.1154 -10.1848 22.1254 -12.5728 -10.185 0.279 0.4607 0.1183 0.5031 0.0728 0.4861
3 16 3.746 -10.447 -10.1774 23.4262 -5.2781 -10.185 3.7455 -6.1289 -10.1773 0.279 0.4607 0.0576 0.4046 0.2786 0.4122
3 16 3.7455 -6.1289 -10.1773 23.4262 -5.2781 -10.185 22.1552 1.0693 -10.1847 0.2786 0.4122 0.0576 0.4046 0.0713 0.3332
3 16 7.9746 -7.5719 -15.1941 13.6472 -13.8911 -13.6589 9.7377 -16.0001 -13.5912 0.8107 0.7973 0.8792 0.866 0.8364 0.8924
3 16 0 -10.2614 -15.2781 -6.806 -17.8702 -13.5323 -7.9746 -7.5721 -15.1954 0.7229 0.832 0.6503 0.923 0.632 0.8064
3 16 -7.9746 -7.5721 -15.1954 -6.806 -17.8702 -13.5323 -9.7378 -16.0003 -13.5921 0.632 0.8064 0.6503 0.923 0.616 0.9036
3 16 7.9746 -7.5719 -15.1941 15.9105 -4.6476 -14.7981 13.6472 -13.8911 -13.6589 0.8107 0.7973 0.8978 0.7597 0.8792 0.866
3 16 13.6472 -13.8911 -13.6589 15.9105 -4.6476 -14.7981 17.3037 -12.1856 -13.6959 0.8792 0.866 0.8978 0.7597 0.9191 0.844
3 16 9.7377 -16.0001 -13.5912 6.8063 -17.8708 -13.5347 7.9746 -7.5719 -15.1941 0.8364 0.8924 0.8043 0.9152 0.8107 0.7973
3 16 7.9746 -7.5719 -15.1941 6.8063 -17.8708 -13.5347 0 -10.2614 -15.2781 0.8107 0.7973 0.8043 0.9152 0.7229 0.832
3 16 -7.9746 -7.5721 -15.1954 -9.7378 -16.0003 -13.5921 -13.6472 -13.8911 -13.659 0.632 0.8064 0.616 0.9036 0.5708 0.8816
3 16 -7.9746 -7.5721 -15.1954 -13.6472 -13.8911 -13.659 -15.9104 -4.6476 -14.7969 0.632 0.8064 0.5708 0.8816 0.5415 0.7778
3 16 -15.9104 -4.6476 -14.7969 -13.6472 -13.8911 -13.659 -17.3038 -12.1857 -13.6961 0.5415 0.7778 0.5708 0.8816 0.5289 0.8637
3 16 21.5693 -10.4283 -13.2779 17.3037 -12.1856 -13.6959 21.1381 -5.7687 -13.5632 0.9662 0.8215 0.9191 0.844 0.9585 0.7694
3 16 21.1381 -5.7687 -13.5632 17.3037 -12.1856 -13.6959 15.9105 -4.6476 -14.7981 0.9585 0.7694 0.9191 0.844 0.8978 0.7597
3 16 19.9497 0.2874 -13.5814 21.1381 -5.7687 -13.5632 15.9105 -4.6476 -14.7981 0.9422 0.7018 0.9585 0.7694 0.8978 0.7597
3 16 -21.1352 -5.769 -13.5534 -19.9507 0.2877 -13.5838 -15.9104 -4.6476 -14.7969 0.4822 0.7935 0.4916 0.7246 0.5415 0.7778
3 16 -18.3346 5.2188 -13.5571 -16.3995 9.3608 -13.5799 -12.711 5.0558 -14.7904 0.5067 0.668 0.5262 0.6203 0.5715 0.6672
3 16 14.0424 13.2909 -13.6113 16.4 9.3611 -13.5818 8.9044 11.9047 -14.7462 0.8682 0.5587 0.8972 0.6015 0.8103 0.5781
3 16 8.9044 11.9047 -14.7462 16.4 9.3611 -13.5818 12.7099 5.0552 -14.783 0.8103 0.5781 0.8972 0.6015 0.8569 0.6527
3 16 -18.3346 5.2188 -13.5571 -12.711 5.0558 -14.7904 -19.9507 0.2877 -13.5838 0.5067 0.668 0.5715 0.6672 0.4916 0.7246
3 16 -19.9507 0.2877 -13.5838 -12.711 5.0558 -14.7904 -15.9104 -4.6476 -14.7969 0.4916 0.7246 0.5715 0.6672 0.5415 0.7778
3 16 7.4989 21.2471 -13.5102 11.0949 17.371 -13.5962 3.9502 17.5375 -14.5874 0.7896 0.4731 0.8325 0.5145 0.7514 0.5178
3 16 3.9502 17.5375 -14.5874 11.0949 17.371 -13.5962 8.9044 11.9047 -14.7462 0.7514 0.5178 0.8325 0.5145 0.8103 0.5781
3 16 -12.711 5.0558 -14.7904 -6.2879 2.5502 -15.4078 -15.9104 -4.6476 -14.7969 0.5715 0.6672 0.6452 0.6919 0.5415 0.7778
3 16 -15.9104 -4.6476 -14.7969 -6.2879 2.5502 -15.4078 -7.9746 -7.5721 -15.1954 0.5415 0.7778 0.6452 0.6919 0.632 0.8064
3 16 8.9044 11.9047 -14.7462 12.7099 5.0552 -14.783 4.8918 10.0913 -15.1439 0.8103 0.5781 0.8569 0.6527 0.7662 0.6009
3 16 4.8918 10.0913 -15.1439 12.7099 5.0552 -14.783 6.288 2.5503 -15.4091 0.7662 0.6009 0.8569 0.6527 0.786 0.6847
3 16 -0.0001 20.6837 -14.5184 0 9.9637 -15.4097 -3.9503 17.5376 -14.5879 0.7053 0.485 0.7114 0.6053 0.6628 0.5223
3 16 -3.9503 17.5376 -14.5879 0 9.9637 -15.4097 -4.8916 10.0912 -15.1412 0.6628 0.5223 0.7114 0.6053 0.6565 0.6064
3 16 -7.499 21.2472 -13.5111 -3.9503 17.5376 -14.5879 -11.0945 17.3708 -13.5954 0.6202 0.4816 0.6628 0.5223 0.5818 0.5272
3 16 -11.0945 17.3708 -13.5954 -3.9503 17.5376 -14.5879 -8.9058 11.9055 -14.7553 0.5818 0.5272 0.6628 0.5223 0.6103 0.5882
3 16 -4.8916 10.0912 -15.1412 -8.9058 11.9055 -14.7553 -3.9503 17.5376 -14.5879 0.6565 0.6064 0.6103 0.5882 0.6628 0.5223
3 16 16.4 9.3611 -13.5818 18.3348 5.2189 -13.5581 12.7099 5.0552 -14.783 0.8972 0.6015 0.9214 0.647 0.8569 0.6527
3 16 -8.9058 11.9055 -14.7553 -14.0418 13.2905 -13.6093 -11.0945 17.3708 -13.5954 0.6103 0.5882 0.5507 0.5747 0.5818 0.5272
3 16 18.3348 5.2189 -13.5581 19.9497 0.2874 -13.5814 12.7099 5.0552 -14.783 0.9214 0.647 0.9422 0.7018 0.8569 0.6527
3 16 12.7099 5.0552 -14.783 19.9497 0.2874 -13.5814 15.9105 -4.6476 -14.7981 0.8569 0.6527 0.9422 0.7018 0.8978 0.7597
3 16 7.9746 -7.5719 -15.1941 6.288 2.5503 -15.4091 15.9105 -4.6476 -14.7981 0.8107 0.7973 0.786 0.6847 0.8978 0.7597
3 16 15.9105 -4.6476 -14.7981 6.288 2.5503 -15.4091 12.7099 5.0552 -14.783 0.8978 0.7597 0.786 0.6847 0.8569 0.6527
3 16 0 9.9637 -15.4097 4.8918 10.0913 -15.1439 0 1.9519 -15.7678 0.7114 0.6053 0.7662 0.6009 0.716 0.6951
3 16 0 1.9519 -15.7678 4.8918 10.0913 -15.1439 6.288 2.5503 -15.4091 0.716 0.6951 0.7662 0.6009 0.786 0.6847
3 16 0 9.9637 -15.4097 0 1.9519 -15.7678 -4.8916 10.0912 -15.1412 0.7114 0.6053 0.716 0.6951 0.6565 0.6064
3 16 -4.8916 10.0912 -15.1412 0 1.9519 -15.7678 -6.2879 2.5502 -15.4078 0.6565 0.6064 0.716 0.6951 0.6452 0.6919
3 16 6.288 2.5503 -15.4091 7.9746 -7.5719 -15.1941 0 1.9519 -15.7678 0.786 0.6847 0.8107 0.7973 0.716 0.6951
3 16 0 1.9519 -15.7678 7.9746 -7.5719 -15.1941 0 -10.2614 -15.2781 0.716 0.6951 0.8107 0.7973 0.7229 0.832
3 16 -6.2879 2.5502 -15.4078 0 1.9519 -15.7678 -7.9746 -7.5721 -15.1954 0.6452 0.6919 0.716 0.6951 0.632 0.8064
3 16 -7.9746 -7.5721 -15.1954 0 1.9519 -15.7678 0 -10.2614 -15.2781 0.632 0.8064 0.716 0.6951 0.7229 0.832
3 16 0 22.1859 -10.1767 12.8738 19.225 -10.1851 9.0129 23.3282 -10.1852 0.318 0.0939 0.1738 0.1285 0.2168 0.082
3 16 12.8738 19.225 -10.1851 3.3674 12.0323 -10.1775 15.9852 14.909 -10.1851 0.1738 0.1285 0.2812 0.2083 0.1393 0.1772
3 16 3.7461 10.4472 -10.1775 3.7455 6.4561 -10.1773 18.3102 10.9574 -10.1851 0.2771 0.2261 0.2774 0.2709 0.1136 0.2218
3 16 1.6452 -12.6561 -10.1773 1.7798 -24.2349 -10.1851 4.7964 -21.783 -10.1849 0.3028 0.4853 0.3025 0.6152 0.2684 0.588
3 16 -3.3674 -12.0323 -10.1775 -3.746 -10.447 -10.1775 -18.0891 -14.1153 -10.1847 0.359 0.4778 0.363 0.46 0.5245 0.4997
3 16 -18.0891 -14.1153 -10.1847 -3.746 -10.447 -10.1775 -22.1254 -12.5728 -10.185 0.5245 0.4997 0.363 0.46 0.5697 0.482
3 16 3.3674 -12.0323 -10.1775 10.4884 -18.0065 -10.1848 14.3946 -15.8566 -10.1847 0.2834 0.4785 0.204 0.5461 0.16 0.5223
3 16 -1.6452 -12.6561 -10.1773 -3.3674 -12.0323 -10.1775 -7.5825 -19.806 -10.1848 0.3397 0.485 0.359 0.4778 0.4067 0.5642
3 16 -7.5825 -19.806 -10.1848 -3.3674 -12.0323 -10.1775 -10.4884 -18.0065 -10.1847 0.4067 0.5642 0.359 0.4778 0.4394 0.5441
3 16 7.5826 -19.806 -10.1848 1.6452 -12.6561 -10.1773 4.7964 -21.783 -10.1849 0.2371 0.5656 0.3028 0.4853 0.2684 0.588
3 16 -1.6452 -12.6561 -10.1773 -4.7964 -21.783 -10.1849 1.6452 -12.6561 -10.1773 0.3397 0.485 0.3758 0.5871 0.3028 0.4853
3 16 1.6452 -12.6561 -10.1773 -4.7964 -21.783 -10.1849 -1.7797 -24.2349 -10.1851 0.3028 0.4853 0.3758 0.5871 0.3422 0.6149
3 16 3.3674 -12.0323 -10.1775 14.3946 -15.8566 -10.1847 18.0891 -14.1154 -10.1848 0.2834 0.4785 0.16 0.5223 0.1183 0.5031
3 16 -3.3674 -12.0323 -10.1775 -14.3945 -15.8566 -10.1847 -10.4884 -18.0065 -10.1847 0.359 0.4778 0.4831 0.5196 0.4394 0.5441
3 16 -3.3674 -12.0323 -10.1775 -18.0891 -14.1153 -10.1847 -14.3945 -15.8566 -10.1847 0.359 0.4778 0.5245 0.4997 0.4831 0.5196
3 16 3.3674 12.0323 -10.1775 3.7461 10.4472 -10.1775 15.9852 14.909 -10.1851 0.2812 0.2083 0.2771 0.2261 0.1393 0.1772
3 16 15.9852 14.909 -10.1851 3.7461 10.4472 -10.1775 18.3102 10.9574 -10.1851 0.1393 0.1772 0.2771 0.2261 0.1136 0.2218
3 16 1.6452 12.6561 -10.1773 3.3674 12.0323 -10.1775 0 22.1859 -10.1767 0.3004 0.2011 0.2812 0.2083 0.318 0.0939
3 16 3.3674 12.0323 -10.1775 12.8738 19.225 -10.1851 0 22.1859 -10.1767 0.2812 0.2083 0.1738 0.1285 0.318 0.0939
3 16 7.4344 -19.6578 -12.659 6.8063 -17.8708 -13.5347 10.3666 -17.8579 -12.6588 0.8131 0.9365 0.8043 0.9152 0.8458 0.9151
3 16 10.3666 -17.8579 -12.6588 6.8063 -17.8708 -13.5347 9.7377 -16.0001 -13.5912 0.8458 0.9151 0.8043 0.9152 0.8364 0.8924
3 16 -17.9816 -13.9801 -12.6582 -22.0031 -12.3476 -12.6598 -17.3038 -12.1857 -13.6961 0.5206 0.8869 0.4748 0.8688 0.5289 0.8637
3 16 -17.3038 -12.1857 -13.6961 -22.0031 -12.3476 -12.6598 -21.5693 -10.4282 -13.278 0.5289 0.8637 0.4748 0.8688 0.4797 0.8461
3 16 23.1818 -5.2983 -12.6594 23.5157 -9.8846 -12.6601 21.1381 -5.7687 -13.5632 0.9832 0.7628 0.9888 0.8145 0.9585 0.7694
3 16 21.1381 -5.7687 -13.5632 23.5157 -9.8846 -12.6601 21.5693 -10.4283 -13.2779 0.9585 0.7694 0.9888 0.8145 0.9662 0.8215
3 16 21.9861 1.0379 -12.6592 23.1818 -5.2983 -12.6594 19.9497 0.2874 -13.5814 0.9665 0.6917 0.9832 0.7628 0.9422 0.7018
3 16 19.9497 0.2874 -13.5814 23.1818 -5.2983 -12.6594 21.1381 -5.7687 -13.5632 0.9422 0.7018 0.9832 0.7628 0.9585 0.7694
3 16 -23.4293 -10.7111 -12.6606 -21.5693 -10.4282 -13.278 -23.1642 -11.3707 -12.6563 0.4581 0.8507 0.4797 0.8461 0.4615 0.858
3 16 0.7004 29.2881 -12.661 1.6579 29.0116 -12.661 0 27.4492 -13.2286 0.7083 0.3861 0.7192 0.3886 0.7014 0.408
3 16 0 29.3706 -12.6566 0.7004 29.2881 -12.661 0 27.4492 -13.2286 0.7003 0.3857 0.7083 0.3861 0.7014 0.408
3 16 -0.7009 29.29 -12.661 0 29.3706 -12.6566 0 27.4492 -13.2286 0.6924 0.3869 0.7003 0.3857 0.7014 0.408
3 16 -1.6581 29.0117 -12.661 -0.7009 29.29 -12.661 0 27.4492 -13.2286 0.6818 0.3905 0.6924 0.3869 0.7014 0.408
3 16 -4.3024 24.0603 -13.3996 -5.5102 26.3562 -12.6606 0 27.4492 -13.2286 0.6548 0.4482 0.6395 0.4222 0.7014 0.408
3 16 0 27.4492 -13.2286 -5.5102 26.3562 -12.6606 -1.6581 29.0117 -12.661 0.7014 0.408 0.6395 0.4222 0.6818 0.3905
3 16 -8.7909 23.1187 -12.6602 -7.499 21.2472 -13.5111 -12.6374 19.0508 -12.6598 0.6037 0.4601 0.6202 0.4816 0.5622 0.508
3 16 -12.6374 19.0508 -12.6598 -7.499 21.2472 -13.5111 -11.0945 17.3708 -13.5954 0.5622 0.508 0.6202 0.4816 0.5818 0.5272
3 16 0.6837 -24.437 -12.6615 0 -24.5212 -12.657 0 -22.5297 -13.1446 0.7387 0.993 0.7311 0.9943 0.7299 0.9715
3 16 -0.6839 -24.4379 -12.6615 -1.5143 -24.0457 -12.6615 0 -22.5297 -13.1446 0.7234 0.9938 0.7138 0.99 0.7299 0.9715
3 16 -0.6839 -24.4379 -12.6615 0 -22.5297 -13.1446 0 -24.5212 -12.657 0.7234 0.9938 0.7299 0.9715 0.7311 0.9943
3 16 1.5134 -24.0443 -12.6615 0.6837 -24.437 -12.6615 0 -22.5297 -13.1446 0.7479 0.9883 0.7387 0.993 0.7299 0.9715
3 16 1.5134 -24.0443 -12.6615 0 -22.5297 -13.1446 4.6112 -21.6244 -12.6599 0.7479 0.9883 0.7299 0.9715 0.7822 0.96
3 16 4.6112 -21.6244 -12.6599 0 -22.5297 -13.1446 3.8748 -19.7421 -13.4781 0.7822 0.96 0.7299 0.9715 0.7721 0.9378
3 16 -3.874 -19.7406 -13.4724 0 -22.5297 -13.1446 -4.6127 -21.6266 -12.6599 0.6846 0.9422 0.7299 0.9715 0.6768 0.9654
3 16 -4.6127 -21.6266 -12.6599 0 -22.5297 -13.1446 -1.5143 -24.0457 -12.6615 0.6768 0.9654 0.7299 0.9715 0.7138 0.99
3 16 10.3666 -17.8579 -12.6588 9.7377 -16.0001 -13.5912 14.2907 -15.7274 -12.6584 0.8458 0.9151 0.8364 0.8924 0.8892 0.8888
3 16 14.2907 -15.7274 -12.6584 9.7377 -16.0001 -13.5912 13.6472 -13.8911 -13.6589 0.8892 0.8888 0.8364 0.8924 0.8792 0.866
3 16 -9.7378 -16.0003 -13.5921 -6.806 -17.8702 -13.5323 -10.3769 -17.8742 -12.6587 0.616 0.9036 0.6503 0.923 0.6089 0.9272
3 16 -10.3769 -17.8742 -12.6587 -6.806 -17.8702 -13.5323 -7.4414 -19.6692 -12.659 0.6089 0.9272 0.6503 0.923 0.6436 0.945
3 16 22.6685 -11.9384 -12.6605 22.0047 -12.3509 -12.6598 21.5693 -10.4283 -13.2779 0.9805 0.8382 0.9734 0.8436 0.9662 0.8215
3 16 23.1657 -11.3717 -12.6563 22.6685 -11.9384 -12.6605 21.5693 -10.4283 -13.2779 0.9856 0.8314 0.9805 0.8382 0.9662 0.8215
3 16 -22.669 -11.9391 -12.6605 -23.1642 -11.3707 -12.6563 -21.5693 -10.4282 -13.278 0.4672 0.8642 0.4615 0.858 0.4797 0.8461
3 16 23.4276 -10.7107 -12.6606 23.1657 -11.3717 -12.6563 21.5693 -10.4283 -13.2779 0.9882 0.8239 0.9856 0.8314 0.9662 0.8215
3 16 23.4276 -10.7107 -12.6606 21.5693 -10.4283 -13.2779 23.5157 -9.8846 -12.6601 0.9882 0.8239 0.9662 0.8215 0.9888 0.8145
3 16 -23.4293 -10.7111 -12.6606 -23.5072 -9.8855 -12.6602 -21.5693 -10.4282 -13.278 0.4581 0.8507 0.4566 0.8415 0.4797 0.8461
3 16 -22.0031 -12.3476 -12.6598 -22.669 -11.9391 -12.6605 -21.5693 -10.4282 -13.278 0.4748 0.8688 0.4672 0.8642 0.4797 0.8461
3 16 14.2907 -15.7274 -12.6584 13.6472 -13.8911 -13.6589 17.9753 -13.9665 -12.6582 0.8892 0.8888 0.8792 0.866 0.9297 0.8661
3 16 17.9753 -13.9665 -12.6582 13.6472 -13.8911 -13.6589 17.3037 -12.1856 -13.6959 0.9297 0.8661 0.8792 0.866 0.9191 0.844
3 16 -13.6472 -13.8911 -13.659 -9.7378 -16.0003 -13.5921 -14.2918 -15.7295 -12.6584 0.5708 0.8816 0.616 0.9036 0.5632 0.9053
3 16 -14.2918 -15.7295 -12.6584 -9.7378 -16.0003 -13.5921 -10.3769 -17.8742 -12.6587 0.5632 0.9053 0.616 0.9036 0.6089 0.9272
3 16 -17.3038 -12.1857 -13.6961 -13.6472 -13.8911 -13.659 -17.9816 -13.9801 -12.6582 0.5289 0.8637 0.5708 0.8816 0.5206 0.8869
3 16 -17.9816 -13.9801 -12.6582 -13.6472 -13.8911 -13.659 -14.2918 -15.7295 -12.6584 0.5206 0.8869 0.5708 0.8816 0.5632 0.9053
3 16 20.171 6.2776 -12.6594 21.9861 1.0379 -12.6592 18.3348 5.2189 -13.5581 0.9432 0.6333 0.9665 0.6917 0.9214 0.647
3 16 18.3348 5.2189 -13.5581 21.9861 1.0379 -12.6592 19.9497 0.2874 -13.5814 0.9214 0.647 0.9665 0.6917 0.9422 0.7018
3 16 -21.1352 -5.769 -13.5534 -23.2091 -5.2963 -12.6594 -19.9507 0.2877 -13.5838 0.4822 0.7935 0.4569 0.7893 0.4916 0.7246
3 16 -19.9507 0.2877 -13.5838 -23.2091 -5.2963 -12.6594 -21.9849 1.0378 -12.6592 0.4916 0.7246 0.4569 0.7893 0.4664 0.717
3 16 18.165 10.6403 -12.6595 20.171 6.2776 -12.6594 16.4 9.3611 -13.5818 0.9179 0.5851 0.9432 0.6333 0.8972 0.6015
3 16 16.4 9.3611 -13.5818 20.171 6.2776 -12.6594 18.3348 5.2189 -13.5581 0.8972 0.6015 0.9432 0.6333 0.9214 0.647
3 16 -19.9507 0.2877 -13.5838 -21.9849 1.0378 -12.6592 -18.3346 5.2188 -13.5571 0.4916 0.7246 0.4664 0.717 0.5067 0.668
3 16 -18.3346 5.2188 -13.5571 -21.9849 1.0378 -12.6592 -20.1665 6.2761 -12.6594 0.5067 0.668 0.4664 0.717 0.4837 0.6566
3 16 11.0949 17.371 -13.5962 7.4989 21.2471 -13.5102 12.6361 19.0498 -12.6598 0.8325 0.5145 0.7896 0.4731 0.8501 0.4934
3 16 12.6361 19.0498 -12.6598 7.4989 21.2471 -13.5102 8.7902 23.118 -12.6602 0.8501 0.4934 0.7896 0.4731 0.8039 0.45
3 16 -14.0418 13.2905 -13.6093 -15.7475 14.77 -12.6596 -11.0945 17.3708 -13.5954 0.5507 0.5747 0.5291 0.558 0.5818 0.5272
3 16 -11.0945 17.3708 -13.5954 -15.7475 14.77 -12.6596 -12.6374 19.0508 -12.6598 0.5818 0.5272 0.5291 0.558 0.5622 0.508
3 16 16.4 9.3611 -13.5818 14.0424 13.2909 -13.6113 18.165 10.6403 -12.6595 0.8972 0.6015 0.8682 0.5587 0.9179 0.5851
3 16 18.165 10.6403 -12.6595 14.0424 13.2909 -13.6113 15.747 14.7697 -12.6596 0.9179 0.5851 0.8682 0.5587 0.888 0.5398
3 16 -18.3346 5.2188 -13.5571 -20.1665 6.2761 -12.6594 -16.3995 9.3608 -13.5799 0.5067 0.668 0.4837 0.6566 0.5262 0.6203
3 16 -16.3995 9.3608 -13.5799 -20.1665 6.2761 -12.6594 -18.1621 10.6394 -12.6596 0.5262 0.6203 0.4837 0.6566 0.504 0.6061
3 16 7.4989 21.2471 -13.5102 4.3022 24.06 -13.3981 8.7902 23.118 -12.6602 0.7896 0.4731 0.7519 0.4433 0.8039 0.45
3 16 8.7902 23.118 -12.6602 4.3022 24.06 -13.3981 5.5107 26.3567 -12.6606 0.8039 0.45 0.7519 0.4433 0.7645 0.4159
3 16 3.9502 17.5375 -14.5874 4.3022 24.06 -13.3981 7.4989 21.2471 -13.5102 0.7514 0.5178 0.7519 0.4433 0.7896 0.4731
3 16 -3.9503 17.5376 -14.5879 -4.3024 24.0603 -13.3996 -0.0001 20.6837 -14.5184 0.6628 0.5223 0.6548 0.4482 0.7053 0.485
3 16 -0.0001 20.6837 -14.5184 -4.3024 24.0603 -13.3996 0 27.4492 -13.2286 0.7053 0.485 0.6548 0.4482 0.7014 0.408
3 16 -21.5693 -10.4282 -13.278 -23.5072 -9.8855 -12.6602 -21.1352 -5.769 -13.5534 0.4797 0.8461 0.4566 0.8415 0.4822 0.7935
3 16 -21.1352 -5.769 -13.5534 -23.5072 -9.8855 -12.6602 -23.2091 -5.2963 -12.6594 0.4822 0.7935 0.4566 0.8415 0.4569 0.7893
3 16 17.9753 -13.9665 -12.6582 17.3037 -12.1856 -13.6959 22.0047 -12.3509 -12.6598 0.9297 0.8661 0.9191 0.844 0.9734 0.8436
3 16 22.0047 -12.3509 -12.6598 17.3037 -12.1856 -13.6959 21.5693 -10.4283 -13.2779 0.9734 0.8436 0.9191 0.844 0.9662 0.8215
3 16 -21.5693 -10.4282 -13.278 -21.1352 -5.769 -13.5534 -17.3038 -12.1857 -13.6961 0.4797 0.8461 0.4822 0.7935 0.5289 0.8637
3 16 -17.3038 -12.1857 -13.6961 -21.1352 -5.769 -13.5534 -15.9104 -4.6476 -14.7969 0.5289 0.8637 0.4822 0.7935 0.5415 0.7778
3 16 -7.499 21.2472 -13.5111 -4.3024 24.0603 -13.3996 -3.9503 17.5376 -14.5879 0.6202 0.4816 0.6548 0.4482 0.6628 0.5223
3 16 -7.499 21.2472 -13.5111 -8.7909 23.1187 -12.6602 -4.3024 24.0603 -13.3996 0.6202 0.4816 0.6037 0.4601 0.6548 0.4482
3 16 -4.3024 24.0603 -13.3996 -8.7909 23.1187 -12.6602 -5.5102 26.3562 -12.6606 0.6548 0.4482 0.6037 0.4601 0.6395 0.4222
3 16 -0.0001 20.6837 -14.5184 3.9502 17.5375 -14.5874 0 9.9637 -15.4097 0.7053 0.485 0.7514 0.5178 0.7114 0.6053
3 16 0 9.9637 -15.4097 3.9502 17.5375 -14.5874 4.8918 10.0913 -15.1439 0.7114 0.6053 0.7514 0.5178 0.7662 0.6009
3 16 0 27.4492 -13.2286 4.3022 24.06 -13.3981 -0.0001 20.6837 -14.5184 0.7014 0.408 0.7519 0.4433 0.7053 0.485
3 16 -0.0001 20.6837 -14.5184 4.3022 24.06 -13.3981 3.9502 17.5375 -14.5874 0.7053 0.485 0.7519 0.4433 0.7514 0.5178
3 16 4.3022 24.06 -13.3981 0 27.4492 -13.2286 5.5107 26.3567 -12.6606 0.7519 0.4433 0.7014 0.408 0.7645 0.4159
3 16 5.5107 26.3567 -12.6606 0 27.4492 -13.2286 1.6579 29.0116 -12.661 0.7645 0.4159 0.7014 0.408 0.7192 0.3886
3 16 4.8918 10.0913 -15.1439 3.9502 17.5375 -14.5874 8.9044 11.9047 -14.7462 0.7662 0.6009 0.7514 0.5178 0.8103 0.5781
3 16 -8.9058 11.9055 -14.7553 -4.8916 10.0912 -15.1412 -12.711 5.0558 -14.7904 0.6103 0.5882 0.6565 0.6064 0.5715 0.6672
3 16 -12.711 5.0558 -14.7904 -4.8916 10.0912 -15.1412 -6.2879 2.5502 -15.4078 0.5715 0.6672 0.6565 0.6064 0.6452 0.6919
3 16 -14.0418 13.2905 -13.6093 -8.9058 11.9055 -14.7553 -16.3995 9.3608 -13.5799 0.5507 0.5747 0.6103 0.5882 0.5262 0.6203
3 16 -16.3995 9.3608 -13.5799 -8.9058 11.9055 -14.7553 -12.711 5.0558 -14.7904 0.5262 0.6203 0.6103 0.5882 0.5715 0.6672
3 16 11.0949 17.371 -13.5962 14.0424 13.2909 -13.6113 8.9044 11.9047 -14.7462 0.8325 0.5145 0.8682 0.5587 0.8103 0.5781
3 16 -16.3995 9.3608 -13.5799 -18.1621 10.6394 -12.6596 -14.0418 13.2905 -13.6093 0.5262 0.6203 0.504 0.6061 0.5507 0.5747
3 16 -14.0418 13.2905 -13.6093 -18.1621 10.6394 -12.6596 -15.7475 14.77 -12.6596 0.5507 0.5747 0.504 0.6061 0.5291 0.558
3 16 14.0424 13.2909 -13.6113 11.0949 17.371 -13.5962 15.747 14.7697 -12.6596 0.8682 0.5587 0.8325 0.5145 0.888 0.5398
3 16 15.747 14.7697 -12.6596 11.0949 17.371 -13.5962 12.6361 19.0498 -12.6598 0.888 0.5398 0.8325 0.5145 0.8501 0.4934
3 16 1.818 29.1997 -10.1849 1.6579 29.0116 -12.661 0.7794 29.6322 -10.1852 0.0401 0.0387 0.0124 0.0394 0.0393 0.026
3 16 0.7794 29.6322 -10.1852 1.6579 29.0116 -12.661 0.7004 29.2881 -12.661 0.0393 0.026 0.0124 0.0394 0.0115 0.0282
3 16 1.818 29.1997 -10.1849 0.7794 29.6322 -10.1852 0 22.1859 -10.1767 0.297 0.0154 0.3086 0.0105 0.318 0.0939
3 16 12.8738 19.225 -10.1851 12.6361 19.0498 -12.6598 9.0129 23.3282 -10.1852 0.0452 0.206 0.0174 0.2063 0.0436 0.1429
3 16 9.0129 23.3282 -10.1852 12.6361 19.0498 -12.6598 8.7902 23.118 -12.6602 0.0436 0.1429 0.0174 0.2063 0.0159 0.1435
3 16 0 22.1859 -10.1767 -9.0129 23.3282 -10.1852 -12.8739 19.225 -10.1851 0.318 0.0939 0.4189 0.0803 0.4627 0.126
3 16 -12.8739 19.225 -10.1851 -9.0129 23.3282 -10.1852 -12.6374 19.0508 -12.6598 0.3962 0.9505 0.4593 0.9524 0.3958 0.9782
3 16 -12.6374 19.0508 -12.6598 -9.0129 23.3282 -10.1852 -8.7909 23.1187 -12.6602 0.3958 0.9782 0.4593 0.9524 0.4585 0.9801
3 16 1.7798 -24.2349 -10.1851 0.8075 -24.7689 -10.1853 1.5134 -24.0443 -12.6615 0.0974 0.5786 0.098 0.5661 0.1253 0.5781
3 16 1.5134 -24.0443 -12.6615 0.8075 -24.7689 -10.1853 0.6837 -24.437 -12.6615 0.1253 0.5781 0.098 0.5661 0.1257 0.5677
3 16 0.8075 -24.7689 -10.1853 1.7798 -24.2349 -10.1851 1.6452 -12.6561 -10.1773 0.3134 0.6211 0.3025 0.6152 0.3028 0.4853
3 16 0.8075 -24.7689 -10.1853 0 -24.8796 -10.1932 0.6837 -24.437 -12.6615 0.098 0.5661 0.0986 0.557 0.1257 0.5677
3 16 0.6837 -24.437 -12.6615 0 -24.8796 -10.1932 0 -24.5212 -12.657 0.1257 0.5677 0.0986 0.557 0.1266 0.5601
3 16 0 -24.8796 -10.1932 0.8075 -24.7689 -10.1853 1.6452 -12.6561 -10.1773 0.3224 0.6222 0.3134 0.6211 0.3028 0.4853
3 16 -0.8075 -24.7689 -10.1853 -0.6839 -24.4379 -12.6615 0 -24.8796 -10.1932 0.0341 0.9112 0.0619 0.9101 0.0345 0.9202
3 16 0 -24.8796 -10.1932 -0.6839 -24.4379 -12.6615 0 -24.5212 -12.657 0.0345 0.9202 0.0619 0.9101 0.0626 0.9178
3 16 -0.8075 -24.7689 -10.1853 0 -24.8796 -10.1932 1.6452 -12.6561 -10.1773 0.3314 0.621 0.3224 0.6222 0.3028 0.4853
3 16 -1.7797 -24.2349 -10.1851 -1.5143 -24.0457 -12.6615 -0.8075 -24.7689 -10.1853 0.0338 0.8986 0.0617 0.8997 0.0341 0.9112
3 16 -0.8075 -24.7689 -10.1853 -1.5143 -24.0457 -12.6615 -0.6839 -24.4379 -12.6615 0.0341 0.9112 0.0617 0.8997 0.0619 0.9101
3 16 -1.7797 -24.2349 -10.1851 -0.8075 -24.7689 -10.1853 1.6452 -12.6561 -10.1773 0.3422 0.6149 0.3314 0.621 0.3028 0.4853
3 16 -4.7964 -21.783 -10.1849 -4.6127 -21.6266 -12.6599 -1.7797 -24.2349 -10.1851 0.0338 0.8552 0.0615 0.8556 0.0338 0.8986
3 16 -1.7797 -24.2349 -10.1851 -4.6127 -21.6266 -12.6599 -1.5143 -24.0457 -12.6615 0.0338 0.8986 0.0615 0.8556 0.0617 0.8997
3 16 4.7964 -21.783 -10.1849 1.7798 -24.2349 -10.1851 4.6112 -21.6244 -12.6599 0.0966 0.622 0.0974 0.5786 0.1243 0.6222
3 16 4.6112 -21.6244 -12.6599 1.7798 -24.2349 -10.1851 1.5134 -24.0443 -12.6615 0.1243 0.6222 0.0974 0.5786 0.1253 0.5781
3 16 -7.4414 -19.6692 -12.659 -7.5825 -19.806 -10.1848 -10.3769 -17.8742 -12.6587 0.0612 0.8171 0.0337 0.8168 0.0608 0.7786
3 16 -10.3769 -17.8742 -12.6587 -7.5825 -19.806 -10.1848 -10.4884 -18.0065 -10.1847 0.0608 0.7786 0.0337 0.8168 0.0334 0.7786
3 16 10.4884 -18.0065 -10.1848 7.5826 -19.806 -10.1848 10.3666 -17.8579 -12.6588 0.0946 0.6986 0.0957 0.6604 0.1221 0.6992
3 16 10.3666 -17.8579 -12.6588 7.5826 -19.806 -10.1848 7.4344 -19.6578 -12.659 0.1221 0.6992 0.0957 0.6604 0.1232 0.6607
3 16 -14.3945 -15.8566 -10.1847 -14.2918 -15.7295 -12.6584 -10.4884 -18.0065 -10.1847 0.0327 0.7287 0.0602 0.7287 0.0334 0.7786
3 16 -10.4884 -18.0065 -10.1847 -14.2918 -15.7295 -12.6584 -10.3769 -17.8742 -12.6587 0.0334 0.7786 0.0602 0.7287 0.0608 0.7786
3 16 -18.0891 -14.1153 -10.1847 -17.9816 -13.9801 -12.6582 -14.3945 -15.8566 -10.1847 0.032 0.683 0.0595 0.683 0.0327 0.7287
3 16 -14.3945 -15.8566 -10.1847 -17.9816 -13.9801 -12.6582 -14.2918 -15.7295 -12.6584 0.0327 0.7287 0.0595 0.683 0.0602 0.7287
3 16 -22.1254 -12.5728 -10.185 -22.0031 -12.3476 -12.6598 -18.0891 -14.1153 -10.1847 0.031 0.6346 0.0587 0.6344 0.032 0.683
3 16 -18.0891 -14.1153 -10.1847 -22.0031 -12.3476 -12.6598 -17.9816 -13.9801 -12.6582 0.032 0.683 0.0587 0.6344 0.0595 0.683
3 16 23.4584 -11.4905 -10.1929 22.9123 -12.1439 -10.1852 23.1657 -11.3717 -12.6563 0.0891 0.8622 0.0891 0.8527 0.1171 0.8606
3 16 23.1657 -11.3717 -12.6563 22.9123 -12.1439 -10.1852 22.6685 -11.9384 -12.6605 0.1171 0.8606 0.0891 0.8527 0.1168 0.8521
3 16 22.9123 -12.1439 -10.1852 23.4584 -11.4905 -10.1929 3.746 -10.447 -10.1774 0.064 0.4814 0.0579 0.4742 0.279 0.4607
3 16 22.9123 -12.1439 -10.1852 22.1254 -12.5728 -10.185 22.6685 -11.9384 -12.6605 0.0891 0.8527 0.0893 0.8426 0.1168 0.8521
3 16 22.6685 -11.9384 -12.6605 22.1254 -12.5728 -10.185 22.0047 -12.3509 -12.6598 0.1168 0.8521 0.0893 0.8426 0.117 0.8433
3 16 22.1254 -12.5728 -10.185 22.9123 -12.1439 -10.1852 3.746 -10.447 -10.1774 0.0728 0.4861 0.064 0.4814 0.279 0.4607
3 16 -22.9123 -12.1439 -10.1852 -22.669 -11.9391 -12.6605 -22.1254 -12.5728 -10.185 0.031 0.6245 0.0587 0.6256 0.031 0.6346
3 16 -22.1254 -12.5728 -10.185 -22.669 -11.9391 -12.6605 -22.0031 -12.3476 -12.6598 0.031 0.6346 0.0587 0.6256 0.0587 0.6344
3 16 -22.9123 -12.1439 -10.1852 -22.1254 -12.5728 -10.185 -3.746 -10.447 -10.1775 0.5784 0.4771 0.5697 0.482 0.363 0.46
3 16 -23.4584 -11.4905 -10.1929 -23.1642 -11.3707 -12.6563 -22.9123 -12.1439 -10.1852 0.0311 0.615 0.0591 0.6171 0.031 0.6245
3 16 -22.9123 -12.1439 -10.1852 -23.1642 -11.3707 -12.6563 -22.669 -11.9391 -12.6605 0.031 0.6245 0.0591 0.6171 0.0587 0.6256
3 16 -23.4584 -11.4905 -10.1929 -22.9123 -12.1439 -10.1852 -3.746 -10.447 -10.1775 0.5844 0.4698 0.5784 0.4771 0.363 0.46
3 16 23.7466 -9.7436 -10.185 23.757 -10.6869 -10.1851 23.5157 -9.8846 -12.6601 0.0417 0.5585 0.0412 0.5691 0.014 0.559
3 16 23.5157 -9.8846 -12.6601 23.757 -10.6869 -10.1851 23.4276 -10.7107 -12.6606 0.014 0.559 0.0412 0.5691 0.0135 0.5684
3 16 23.757 -10.6869 -10.1851 23.7466 -9.7436 -10.185 3.746 -10.447 -10.1774 0.0544 0.4653 0.0545 0.4547 0.279 0.4607
3 16 23.4584 -11.4905 -10.1929 23.757 -10.6869 -10.1851 3.746 -10.447 -10.1774 0.0579 0.4742 0.0544 0.4653 0.279 0.4607
3 16 23.757 -10.6869 -10.1851 23.4584 -11.4905 -10.1929 23.4276 -10.7107 -12.6606 0.0412 0.5691 0.0406 0.5786 0.0135 0.5684
3 16 23.4276 -10.7107 -12.6606 23.4584 -11.4905 -10.1929 23.1657 -11.3717 -12.6563 0.0135 0.5684 0.0406 0.5786 0.0127 0.5763
3 16 -23.757 -10.6869 -10.1851 -23.4293 -10.7111 -12.6606 -23.4584 -11.4905 -10.1929 0.0331 0.9524 0.0337 0.98 0.0236 0.9529
3 16 -23.4584 -11.4905 -10.1929 -23.4293 -10.7111 -12.6606 -23.1642 -11.3707 -12.6563 0.0236 0.9529 0.0337 0.98 0.0258 0.9808
3 16 -23.757 -10.6869 -10.1851 -23.4584 -11.4905 -10.1929 -3.746 -10.447 -10.1775 0.5877 0.4608 0.5844 0.4698 0.363 0.46
3 16 -23.7466 -9.7437 -10.185 -23.5072 -9.8855 -12.6602 -23.757 -10.6869 -10.1851 0.0437 0.9519 0.0431 0.9796 0.0331 0.9524
3 16 -23.757 -10.6869 -10.1851 -23.5072 -9.8855 -12.6602 -23.4293 -10.7111 -12.6606 0.0331 0.9524 0.0431 0.9796 0.0337 0.98
3 16 -23.7466 -9.7437 -10.185 -23.757 -10.6869 -10.1851 -3.746 -10.447 -10.1775 0.5875 0.4503 0.5877 0.4608 0.363 0.46
3 16 22.1254 -12.5728 -10.185 18.0891 -14.1154 -10.1848 22.0047 -12.3509 -12.6598 0.0893 0.8426 0.0913 0.7942 0.117 0.8433
3 16 22.0047 -12.3509 -12.6598 18.0891 -14.1154 -10.1848 17.9753 -13.9665 -12.6582 0.117 0.8433 0.0913 0.7942 0.1189 0.7947
3 16 -23.4261 -5.2781 -10.1849 -23.2091 -5.2963 -12.6594 -23.7466 -9.7437 -10.185 0.0939 0.9507 0.0946 0.9783 0.0437 0.9519
3 16 -23.7466 -9.7437 -10.185 -23.2091 -5.2963 -12.6594 -23.5072 -9.8855 -12.6602 0.0437 0.9519 0.0946 0.9783 0.0431 0.9796
3 16 -23.4261 -5.2781 -10.1849 -23.7466 -9.7437 -10.185 -3.746 -10.447 -10.1775 0.5835 0.4002 0.5875 0.4503 0.363 0.46
3 16 23.7466 -9.7436 -10.185 23.4262 -5.2781 -10.185 3.746 -10.447 -10.1774 0.0545 0.4547 0.0576 0.4046 0.279 0.4607
3 16 23.4262 -5.2781 -10.185 23.7466 -9.7436 -10.185 23.1818 -5.2983 -12.6594 0.0432 0.5083 0.0417 0.5585 0.0156 0.5075
3 16 23.1818 -5.2983 -12.6594 23.7466 -9.7436 -10.185 23.5157 -9.8846 -12.6601 0.0156 0.5075 0.0417 0.5585 0.014 0.559
3 16 -23.4261 -5.2781 -10.1849 -22.1552 1.0694 -10.1847 -23.2091 -5.2963 -12.6594 0.0939 0.9507 0.1664 0.9496 0.0946 0.9783
3 16 -23.2091 -5.2963 -12.6594 -22.1552 1.0694 -10.1847 -21.9849 1.0378 -12.6592 0.0946 0.9783 0.1664 0.9496 0.1668 0.9771
3 16 -22.1552 1.0694 -10.1847 -23.4261 -5.2781 -10.1849 -3.7455 -5.8629 -10.1773 0.5686 0.329 0.5835 0.4002 0.3626 0.4085
3 16 -3.7455 -5.8629 -10.1773 -23.4261 -5.2781 -10.1849 -3.746 -10.447 -10.1775 0.3626 0.4085 0.5835 0.4002 0.363 0.46
3 16 -22.1552 1.0694 -10.1847 -20.3922 6.3523 -10.1849 -21.9849 1.0378 -12.6592 0.1664 0.9496 0.2287 0.949 0.1668 0.9771
3 16 -21.9849 1.0378 -12.6592 -20.3922 6.3523 -10.1849 -20.1665 6.2761 -12.6594 0.1668 0.9771 0.2287 0.949 0.229 0.9767
3 16 -20.3922 6.3523 -10.1849 -22.1552 1.0694 -10.1847 -3.7455 -5.8629 -10.1773 0.5483 0.2699 0.5686 0.329 0.3626 0.4085
3 16 -18.3107 10.9576 -10.1851 -18.1621 10.6394 -12.6596 -20.3922 6.3523 -10.1849 0.2853 0.949 0.2828 0.9767 0.2287 0.949
3 16 -20.3922 6.3523 -10.1849 -18.1621 10.6394 -12.6596 -20.1665 6.2761 -12.6594 0.2287 0.949 0.2828 0.9767 0.229 0.9767
3 16 -3.7461 10.4472 -10.1775 -18.3107 10.9576 -10.1851 -3.7455 6.4613 -10.1773 0.3611 0.2254 0.5245 0.2184 0.3615 0.2701
3 16 -15.9853 14.9091 -10.1851 -15.7475 14.77 -12.6596 -18.3107 10.9576 -10.1851 0.3366 0.9494 0.3364 0.9772 0.2853 0.949
3 16 -18.3107 10.9576 -10.1851 -15.7475 14.77 -12.6596 -18.1621 10.6394 -12.6596 0.2853 0.949 0.3364 0.9772 0.2828 0.9767
3 16 -3.3674 12.0323 -10.1775 -15.9853 14.9091 -10.1851 -3.7461 10.4472 -10.1775 0.3567 0.2076 0.498 0.1742 0.3611 0.2254
3 16 -3.7461 10.4472 -10.1775 -15.9853 14.9091 -10.1851 -18.3107 10.9576 -10.1851 0.3611 0.2254 0.498 0.1742 0.5245 0.2184
3 16 0 22.1859 -10.1767 0 29.7027 -10.1932 -0.7794 29.6323 -10.1852 0.318 0.0939 0.3173 0.0097 0.326 0.0104
3 16 -0.7794 29.6323 -10.1852 0 29.7027 -10.1932 -0.7009 29.29 -12.661 0.5761 0.9574 0.5848 0.9581 0.5738 0.9851
3 16 -0.7009 29.29 -12.661 0 29.7027 -10.1932 0 29.3706 -12.6566 0.5738 0.9851 0.5848 0.9581 0.5816 0.986
3 16 0.7794 29.6322 -10.1852 0.7004 29.2881 -12.661 0 29.7027 -10.1932 0.0393 0.026 0.0115 0.0282 0.0386 0.0173
3 16 0 29.7027 -10.1932 0.7004 29.2881 -12.661 0 29.3706 -12.6566 0.0386 0.0173 0.0115 0.0282 0.0107 0.0204
3 16 0 29.7027 -10.1932 0 22.1859 -10.1767 0.7794 29.6322 -10.1852 0.3173 0.0097 0.318 0.0939 0.3086 0.0105
3 16 -1.818 29.1997 -10.1849 -0.7794 29.6323 -10.1852 -1.6581 29.0117 -12.661 0.5635 0.9565 0.5761 0.9574 0.5625 0.9841
3 16 -1.6581 29.0117 -12.661 -0.7794 29.6323 -10.1852 -0.7009 29.29 -12.661 0.5625 0.9841 0.5761 0.9574 0.5738 0.9851
3 16 -0.7794 29.6323 -10.1852 -1.818 29.1997 -10.1849 0 22.1859 -10.1767 0.326 0.0104 0.3376 0.0151 0.318 0.0939
3 16 5.6518 26.4996 -10.1849 5.5107 26.3567 -12.6606 1.818 29.1997 -10.1849 0.0421 0.0912 0.0146 0.0919 0.0401 0.0387
3 16 1.818 29.1997 -10.1849 5.5107 26.3567 -12.6606 1.6579 29.0116 -12.661 0.0401 0.0387 0.0146 0.0919 0.0124 0.0394
3 16 5.6518 26.4996 -10.1849 1.818 29.1997 -10.1849 0 22.1859 -10.1767 0.2542 0.0461 0.297 0.0154 0.318 0.0939
3 16 -1.818 29.1997 -10.1849 -5.6517 26.4995 -10.1849 0 22.1859 -10.1767 0.3376 0.0151 0.3809 0.045 0.318 0.0939
3 16 -5.6517 26.4995 -10.1849 -1.818 29.1997 -10.1849 -5.5102 26.3562 -12.6606 0.511 0.9542 0.5635 0.9565 0.5101 0.9817
3 16 -5.5102 26.3562 -12.6606 -1.818 29.1997 -10.1849 -1.6581 29.0117 -12.661 0.5101 0.9817 0.5635 0.9565 0.5625 0.9841
3 16 14.3946 -15.8566 -10.1847 10.4884 -18.0065 -10.1848 14.2907 -15.7274 -12.6584 0.093 0.7485 0.0946 0.6986 0.1204 0.749
3 16 14.2907 -15.7274 -12.6584 10.4884 -18.0065 -10.1848 10.3666 -17.8579 -12.6588 0.1204 0.749 0.0946 0.6986 0.1221 0.6992
3 16 18.0891 -14.1154 -10.1848 14.3946 -15.8566 -10.1847 17.9753 -13.9665 -12.6582 0.0913 0.7942 0.093 0.7485 0.1189 0.7947
3 16 17.9753 -13.9665 -12.6582 14.3946 -15.8566 -10.1847 14.2907 -15.7274 -12.6584 0.1189 0.7947 0.093 0.7485 0.1204 0.749
3 16 23.4262 -5.2781 -10.185 23.1818 -5.2983 -12.6594 22.1552 1.0693 -10.1847 0.0432 0.5083 0.0156 0.5075 0.0448 0.4359
3 16 22.1552 1.0693 -10.1847 23.1818 -5.2983 -12.6594 21.9861 1.0379 -12.6592 0.0448 0.4359 0.0156 0.5075 0.0173 0.4352
3 16 22.1552 1.0693 -10.1847 20.3917 6.3521 -10.1849 3.7455 -6.1289 -10.1773 0.0713 0.3332 0.0906 0.2737 0.2786 0.4122
3 16 22.1552 1.0693 -10.1847 21.9861 1.0379 -12.6592 20.3917 6.3521 -10.1849 0.0448 0.4359 0.0173 0.4352 0.0456 0.3735
3 16 20.3917 6.3521 -10.1849 21.9861 1.0379 -12.6592 20.171 6.2776 -12.6594 0.0456 0.3735 0.0173 0.4352 0.018 0.3731
3 16 9.0129 23.3282 -10.1852 8.7902 23.118 -12.6602 5.6518 26.4996 -10.1849 0.0436 0.1429 0.0159 0.1435 0.0421 0.0912
3 16 5.6518 26.4996 -10.1849 8.7902 23.118 -12.6602 5.5107 26.3567 -12.6606 0.0421 0.0912 0.0159 0.1435 0.0146 0.0919
3 16 9.0129 23.3282 -10.1852 5.6518 26.4996 -10.1849 0 22.1859 -10.1767 0.2168 0.082 0.2542 0.0461 0.318 0.0939
3 16 15.9852 14.909 -10.1851 15.747 14.7697 -12.6596 12.8738 19.225 -10.1851 0.0459 0.2655 0.0181 0.2656 0.0452 0.206
3 16 12.8738 19.225 -10.1851 15.747 14.7697 -12.6596 12.6361 19.0498 -12.6598 0.0452 0.206 0.0181 0.2656 0.0174 0.2063
3 16 -5.6517 26.4995 -10.1849 -9.0129 23.3282 -10.1852 0 22.1859 -10.1767 0.3809 0.045 0.4189 0.0803 0.318 0.0939
3 16 -9.0129 23.3282 -10.1852 -5.6517 26.4995 -10.1849 -8.7909 23.1187 -12.6602 0.4593 0.9524 0.511 0.9542 0.4585 0.9801
3 16 -8.7909 23.1187 -12.6602 -5.6517 26.4995 -10.1849 -5.5102 26.3562 -12.6606 0.4585 0.9801 0.511 0.9542 0.5101 0.9817
3 16 18.3102 10.9574 -10.1851 20.3917 6.3521 -10.1849 18.165 10.6403 -12.6595 0.046 0.3169 0.0456 0.3735 0.0183 0.3193
3 16 18.165 10.6403 -12.6595 20.3917 6.3521 -10.1849 20.171 6.2776 -12.6594 0.0183 0.3193 0.0456 0.3735 0.018 0.3731
3 16 15.9852 14.909 -10.1851 18.3102 10.9574 -10.1851 15.747 14.7697 -12.6596 0.0459 0.2655 0.046 0.3169 0.0181 0.2656
3 16 15.747 14.7697 -12.6596 18.3102 10.9574 -10.1851 18.165 10.6403 -12.6595 0.0181 0.2656 0.046 0.3169 0.0183 0.3193
3 16 -12.8739 19.225 -10.1851 -15.9853 14.9091 -10.1851 -3.3674 12.0323 -10.1775 0.4627 0.126 0.498 0.1742 0.3567 0.2076
3 16 -15.9853 14.9091 -10.1851 -12.8739 19.225 -10.1851 -15.7475 14.77 -12.6596 0.3366 0.9494 0.3962 0.9505 0.3364 0.9772
3 16 -15.7475 14.77 -12.6596 -12.8739 19.225 -10.1851 -12.6374 19.0508 -12.6598 0.3364 0.9772 0.3962 0.9505 0.3958 0.9782
3 16 -3.9116 0 -0.8151 -3.8936 1.0323 -0.951 3.9116 0 -0.8151 0.9268 0.1105 0.9152 0.1102 0.9275 0.0239
3 16 3.9116 0 -0.8151 -3.8936 1.0323 -0.951 3.8936 1.0323 -0.9511 0.9275 0.0239 0.9152 0.1102 0.9159 0.024
3 16 -3.7699 1.9925 -1.3505 -3.4911 2.8181 -1.986 3.7559 1.9926 -1.3507 0.9036 0.1086 0.892 0.1056 0.9043 0.0254
3 16 3.7559 1.9926 -1.3507 -3.4911 2.8181 -1.986 3.4912 2.8181 -1.986 0.9043 0.0254 0.892 0.1056 0.8926 0.0282
3 16 0 5.4977 -4.0248 0 3.8856 -4.023 -1.0417 5.4979 -3.8877 0.5347 0.18 0.5345 0.1621 0.5466 0.1798
3 16 -1.0417 5.4979 -3.8877 0 3.8856 -4.023 -1.0395 3.8421 -3.8832 0.5466 0.1798 0.5345 0.1621 0.5462 0.1618
3 16 -3.7699 1.9925 -1.3505 3.7559 1.9926 -1.3507 -3.8936 1.0323 -0.951 0.9036 0.1086 0.9043 0.0254 0.9152 0.1102
3 16 -3.8936 1.0323 -0.951 3.7559 1.9926 -1.3507 3.8936 1.0323 -0.9511 0.9152 0.1102 0.9043 0.0254 0.9159 0.024
3 16 -4.0177 7.5176 0.0003 -4.025 0 0.0012 -3.8808 7.5177 1.0399 0.6057 0.1971 0.6039 0.1152 0.6172 0.1968
3 16 -3.8808 7.5177 1.0399 -4.025 0 0.0012 -3.8878 0 1.0417 0.6172 0.1968 0.6039 0.1152 0.6157 0.1152
3 16 -3.4907 7.5177 -2.0083 -3.4911 2.8181 -1.986 -3.8809 7.5176 -1.0395 0.5836 0.1968 0.5811 0.148 0.5947 0.1969
3 16 -3.8809 7.5176 -1.0395 -3.4911 2.8181 -1.986 -3.7699 1.9925 -1.3505 0.5947 0.1969 0.5811 0.148 0.5889 0.1382
3 16 2.6195 5.0212 -8.8768 -2.6195 5.0212 -8.8768 2.6195 -5.0212 -8.8768 0.6615 0.3578 0.6068 0.3561 0.665 0.2451
3 16 2.6195 -5.0212 -8.8768 -2.6195 5.0212 -8.8768 -2.6195 -5.0211 -8.8768 0.665 0.2451 0.6068 0.3561 0.6102 0.2434
3 16 1.5981 11.35 -9.0401 -1.5986 11.3499 -9.04 1.6123 10.2797 -2.0624 0.8886 0.1931 0.888 0.1566 0.968 0.1888
3 16 1.6123 10.2797 -2.0624 -1.5986 11.3499 -9.04 -1.6131 10.2798 -2.0625 0.968 0.1888 0.888 0.1566 0.9674 0.1549
3 16 -2.5177 6.2478 -7.5636 0 6.2406 -4.8441 -1.1238 6.2405 -4.7091 0.2254 0.875 0.1946 0.9025 0.1929 0.8924
3 16 -1.0395 3.8421 -3.8832 0 3.8856 -4.023 -0.0006 3.7175 -3.4733 0.8679 0.0782 0.8665 0.0667 0.8727 0.0668
3 16 -2.8718 6.4017 -9.7732 -2.9086 10.3697 -9.7195 -3.7455 6.4613 -10.1773 0.3594 0.834 0.4039 0.8348 0.3597 0.8443
3 16 -3.7455 6.4613 -10.1773 -2.9086 10.3697 -9.7195 -3.7461 10.4472 -10.1775 0.3597 0.8443 0.4039 0.8348 0.4038 0.846
3 16 -2.5177 6.2478 -7.5636 -1.1238 6.2405 -4.7091 -2.0955 6.2405 -4.4155 0.2254 0.875 0.1929 0.8924 0.1904 0.8827
3 16 -2.5246 9.5086 -2.4592 -2.5165 7.5187 -1.0061 -2.1556 10.1255 -2.1804 0.3964 0.7518 0.3774 0.734 0.4043 0.7486
3 16 -2.1556 10.1255 -2.1804 -2.5165 7.5187 -1.0061 -2.3836 7.5191 0.2895 0.4043 0.7486 0.3774 0.734 0.3775 0.7198
3 16 -2.1556 10.1255 -2.1804 -2.2854 11.0652 -9.0389 -2.5246 9.5086 -2.4592 0.4043 0.7486 0.4126 0.8252 0.3964 0.7518
3 16 -2.5246 9.5086 -2.4592 -2.2854 11.0652 -9.0389 -2.5248 10.3368 -8.9357 0.3964 0.7518 0.4126 0.8252 0.4039 0.8246
3 16 -3.3674 12.0323 -10.1775 -3.7461 10.4472 -10.1775 -2.584 11.3616 -9.7759 0.4216 0.8451 0.4038 0.846 0.4157 0.8339
3 16 -2.584 11.3616 -9.7759 -3.7461 10.4472 -10.1775 -2.9086 10.3697 -9.7195 0.4157 0.8339 0.4038 0.846 0.4039 0.8348
3 16 -1.5969 11.7564 -9.7596 -1.6452 12.6561 -10.1773 -2.584 11.3616 -9.7759 0.8782 0.1569 0.8666 0.1573 0.8803 0.145
3 16 -2.584 11.3616 -9.7759 -1.6452 12.6561 -10.1773 -3.3674 12.0323 -10.1775 0.8803 0.145 0.8666 0.1573 0.8701 0.1374
3 16 -1.6131 10.2798 -2.0625 -1.5986 11.3499 -9.04 -2.1556 10.1255 -2.1804 0.9674 0.1549 0.888 0.1566 0.9664 0.149
3 16 -2.1556 10.1255 -2.1804 -1.5986 11.3499 -9.04 -2.2854 11.0652 -9.0389 0.9664 0.149 0.888 0.1566 0.889 0.1483
3 16 -1.5672 7.5231 0.7512 -1.6131 10.2798 -2.0625 -2.3836 7.5191 0.2895 0.3662 0.9288 0.3667 0.8851 0.3757 0.9247
3 16 -2.3836 7.5191 0.2895 -1.6131 10.2798 -2.0625 -2.1556 10.1255 -2.1804 0.3757 0.9247 0.3667 0.8851 0.3731 0.8853
3 16 -3.8809 7.5176 -1.0395 -2.5165 7.5187 -1.0061 -3.4907 7.5177 -2.0083 0.3523 0.6684 0.3393 0.6672 0.3502 0.6569
3 16 -2.3836 7.5191 0.2895 -2.5165 7.5187 -1.0061 -4.0177 7.5176 0.0003 0.3355 0.6811 0.3393 0.6672 0.3523 0.6787
3 16 -4.0177 7.5176 0.0003 -2.5165 7.5187 -1.0061 -3.8809 7.5176 -1.0395 0.3523 0.6787 0.3393 0.6672 0.3523 0.6684
3 16 -4.0177 7.5176 0.0003 -3.8808 7.5177 1.0399 -2.3836 7.5191 0.2895 0.3523 0.6787 0.3502 0.6901 0.3355 0.6811
3 16 -1.5672 7.5231 0.7512 -2.3836 7.5191 0.2895 -3.4794 7.5177 2.0088 0.3262 0.6861 0.3355 0.6811 0.3461 0.6999
3 16 -3.4794 7.5177 2.0088 -2.3836 7.5191 0.2895 -3.8808 7.5177 1.0399 0.3461 0.6999 0.3355 0.6811 0.3502 0.6901
3 16 -1.5672 7.5231 0.7512 -3.4794 7.5177 2.0088 -2.8409 7.5177 2.8409 0.3262 0.6861 0.3461 0.6999 0.3394 0.7086
3 16 0 7.5232 0.7599 -1.5672 7.5231 0.7512 -1.0399 7.5177 3.8808 0.3085 0.686 0.3262 0.6861 0.3203 0.7196
3 16 -1.0399 7.5177 3.8808 -1.5672 7.5231 0.7512 -2.0088 7.5177 3.4794 0.3203 0.7196 0.3262 0.6861 0.3306 0.7155
3 16 0 7.5177 4.0177 0 7.5232 0.7599 -1.0399 7.5177 3.8808 0.3084 0.7214 0.3085 0.686 0.3203 0.7196
3 16 -2.5188 7.5125 -3.0368 -2.5165 7.5187 -1.0061 -2.5246 9.5086 -2.4592 0.375 0.7573 0.3774 0.734 0.3964 0.7518
3 16 -2.8718 6.4017 -9.7732 -2.8719 -6.0932 -9.7733 -2.6195 5.0212 -8.8768 0.3594 0.834 0.2192 0.8336 0.3438 0.8238
3 16 -2.6195 5.0212 -8.8768 -2.8719 -6.0932 -9.7733 -2.6195 -5.0211 -8.8768 0.3438 0.8238 0.2192 0.8336 0.2314 0.8235
3 16 -1.0417 5.4979 -3.8877 -1.0395 3.8421 -3.8832 -2.0131 5.4994 -3.4853 0.5466 0.1798 0.5462 0.1618 0.5586 0.1792
3 16 -2.0131 5.4994 -3.4853 -1.0395 3.8421 -3.8832 -2.008 3.7264 -3.483 0.5586 0.1792 0.5462 0.1618 0.5576 0.1598
3 16 -2.8472 5.501 -2.8449 -2.5202 6.2045 -3.0467 -2.0131 5.4994 -3.4853 0.5703 0.1783 0.5669 0.1864 0.5586 0.1792
3 16 -2.0131 5.4994 -3.4853 -2.5202 6.2045 -3.0467 -2.1077 6.1458 -3.6731 0.5586 0.1792 0.5669 0.1864 0.559 0.1887
3 16 -1.0417 5.4979 -3.8877 -1.0934 5.961 -4.1315 0 5.4977 -4.0248 0.5466 0.1798 0.5464 0.1865 0.5347 0.18
3 16 0 5.4977 -4.0248 -1.0934 5.961 -4.1315 0 5.9524 -4.2769 0.5347 0.18 0.5464 0.1865 0.5341 0.1859
3 16 -2.1077 6.1458 -3.6731 -1.0934 5.961 -4.1315 -2.0131 5.4994 -3.4853 0.559 0.1887 0.5464 0.1865 0.5586 0.1792
3 16 -2.0131 5.4994 -3.4853 -1.0934 5.961 -4.1315 -1.0417 5.4979 -3.8877 0.5586 0.1792 0.5464 0.1865 0.5466 0.1798
3 16 -1.0934 5.961 -4.1315 -1.1238 6.2405 -4.7091 0 5.9524 -4.2769 0.1843 0.8928 0.1929 0.8924 0.186 0.9024
3 16 0 5.9524 -4.2769 -1.1238 6.2405 -4.7091 0 6.2406 -4.8441 0.186 0.9024 0.1929 0.8924 0.1946 0.9025
3 16 -2.1077 6.1458 -3.6731 -2.0955 6.2405 -4.4155 -1.0934 5.961 -4.1315 0.1803 0.8828 0.1904 0.8827 0.1843 0.8928
3 16 -1.0934 5.961 -4.1315 -2.0955 6.2405 -4.4155 -1.1238 6.2405 -4.7091 0.1843 0.8928 0.1904 0.8827 0.1929 0.8924
3 16 -2.5202 6.2045 -3.0467 -2.5188 7.5125 -3.0368 -2.5181 6.2483 -4.1072 0.3583 0.7636 0.375 0.7573 0.3608 0.77
3 16 -2.5165 7.5187 -1.0061 -2.8415 7.5177 -2.8403 -3.4907 7.5177 -2.0083 0.3393 0.6672 0.3454 0.6483 0.3502 0.6569
3 16 -1.5672 7.5231 0.7512 -2.8409 7.5177 2.8409 -2.0088 7.5177 3.4794 0.3262 0.6861 0.3394 0.7086 0.3306 0.7155
3 16 -2.6195 5.0212 -8.8768 -2.62 5.4504 -8.8019 -2.8718 6.4017 -9.7732 0.3438 0.8238 0.35 0.823 0.3594 0.834
3 16 -2.5181 6.2483 -4.1072 -2.5188 7.5125 -3.0368 -2.5177 6.2478 -7.5636 0.3608 0.77 0.375 0.7573 0.3622 0.8078
3 16 -2.5177 6.2478 -7.5636 -2.5188 7.5125 -3.0368 -2.5248 10.3368 -8.9357 0.3622 0.8078 0.375 0.7573 0.4039 0.8246
3 16 -2.9086 10.3697 -9.7195 -2.5811 5.8326 -8.5757 -2.5248 10.3368 -8.9357 0.4039 0.8348 0.3561 0.8204 0.4039 0.8246
3 16 -2.5248 10.3368 -8.9357 -2.5811 5.8326 -8.5757 -2.5175 6.1124 -8.2328 0.4039 0.8246 0.3561 0.8204 0.3603 0.816
3 16 0 7.5177 4.0177 -1.0399 7.5177 3.8808 0 0 4.025 0.6749 0.1962 0.6625 0.1961 0.6747 0.115
3 16 0 0 4.025 -1.0399 7.5177 3.8808 -1.0417 0 3.8878 0.6747 0.115 0.6625 0.1961 0.6629 0.1151
3 16 -1.0399 7.5177 3.8808 -2.0088 7.5177 3.4794 -1.0417 0 3.8878 0.6625 0.1961 0.651 0.1961 0.6629 0.1151
3 16 -1.0417 0 3.8878 -2.0088 7.5177 3.4794 -2.0125 0 3.4858 0.6629 0.1151 0.651 0.1961 0.6511 0.1151
3 16 -2.0088 7.5177 3.4794 -2.8409 7.5177 2.8409 -2.0125 0 3.4858 0.651 0.1961 0.6395 0.1961 0.6511 0.1151
3 16 -2.0125 0 3.4858 -2.8409 7.5177 2.8409 -2.8461 0 2.8461 0.6511 0.1151 0.6395 0.1961 0.6393 0.1151
3 16 -2.8409 7.5177 2.8409 -3.4794 7.5177 2.0088 -2.8461 0 2.8461 0.6395 0.1961 0.6283 0.1962 0.6393 0.1151
3 16 -2.8461 0 2.8461 -3.4794 7.5177 2.0088 -3.4858 0 2.0125 0.6393 0.1151 0.6283 0.1962 0.6275 0.1151
3 16 -3.4794 7.5177 2.0088 -3.8808 7.5177 1.0399 -3.4858 0 2.0125 0.6283 0.1962 0.6172 0.1968 0.6275 0.1151
3 16 -3.4858 0 2.0125 -3.8808 7.5177 1.0399 -3.8878 0 1.0417 0.6275 0.1151 0.6172 0.1968 0.6157 0.1152
3 16 -3.4911 2.8181 -1.986 -2.864 3.452 -2.8153 3.4912 2.8181 -1.986 0.892 0.1056 0.8805 0.0985 0.8926 0.0282
3 16 3.4912 2.8181 -1.986 -2.864 3.452 -2.8153 2.864 3.4519 -2.8152 0.8926 0.0282 0.8805 0.0985 0.881 0.0351
3 16 -3.8809 7.5176 -1.0395 -3.7699 1.9925 -1.3505 -4.0177 7.5176 0.0003 0.5947 0.1969 0.5889 0.1382 0.6057 0.1971
3 16 -4.0177 7.5176 0.0003 -3.7699 1.9925 -1.3505 -3.8936 1.0323 -0.951 0.6057 0.1971 0.5889 0.1382 0.5934 0.1271
3 16 2.0955 6.2405 -4.4155 2.5177 6.2478 -7.5639 2.5181 6.2483 -4.1072 0.19 0.9236 0.2247 0.9307 0.1865 0.9272
3 16 2.5188 7.5125 -3.0368 2.5249 10.3351 -8.936 2.525 9.5046 -2.4608 0.7435 0.2787 0.7143 0.3458 0.7221 0.2729
3 16 2.1077 6.1458 -3.6731 2.5202 6.2045 -3.0467 2.0131 5.4994 -3.4853 0.7908 0.1881 0.7829 0.1858 0.7912 0.1786
3 16 2.0131 5.4994 -3.4853 2.5202 6.2045 -3.0467 2.8472 5.501 -2.8449 0.7912 0.1786 0.7829 0.1858 0.7794 0.1778
3 16 1.0417 5.4979 -3.8877 0 5.4977 -4.0248 1.0934 5.961 -4.1315 0.8032 0.1792 0.815 0.1793 0.8033 0.1859
3 16 1.0934 5.961 -4.1315 0 5.4977 -4.0248 0 5.9524 -4.2769 0.8033 0.1859 0.815 0.1793 0.8157 0.1852
3 16 2.0131 5.4994 -3.4853 2.8472 5.501 -2.8449 2.008 3.7264 -3.483 0.7912 0.1786 0.7794 0.1778 0.792 0.1592
3 16 2.008 3.7264 -3.483 2.8472 5.501 -2.8449 2.864 3.4519 -2.8152 0.792 0.1592 0.7794 0.1778 0.7801 0.1554
3 16 1.0417 5.4979 -3.8877 2.0131 5.4994 -3.4853 1.0395 3.8421 -3.8832 0.8032 0.1792 0.7912 0.1786 0.8035 0.1611
3 16 1.0395 3.8421 -3.8832 2.0131 5.4994 -3.4853 2.008 3.7264 -3.483 0.8035 0.1611 0.7912 0.1786 0.792 0.1592
3 16 0 5.4977 -4.0248 1.0417 5.4979 -3.8877 0 3.8856 -4.023 0.815 0.1793 0.8032 0.1792 0.8151 0.1614
3 16 0 3.8856 -4.023 1.0417 5.4979 -3.8877 1.0395 3.8421 -3.8832 0.8151 0.1614 0.8032 0.1792 0.8035 0.1611
3 16 2.5138 10.2763 -2.1789 1.6123 10.2797 -2.0624 2.3841 7.5186 0.29 0.324 0.8853 0.3328 0.8854 0.3213 0.9247
3 16 2.3841 7.5186 0.29 1.6123 10.2797 -2.0624 1.5672 7.5231 0.7512 0.3213 0.9247 0.3328 0.8854 0.3311 0.9288
3 16 1.0934 5.961 -4.1315 0 5.9524 -4.2769 1.1236 6.2405 -4.7082 0.1838 0.9134 0.186 0.9024 0.1926 0.9139
3 16 1.1236 6.2405 -4.7082 0 5.9524 -4.2769 0 6.2406 -4.8441 0.1926 0.9139 0.186 0.9024 0.1946 0.9025
3 16 2.5188 7.5125 -3.0368 2.5202 6.2045 -3.0467 2.5181 6.2483 -4.1072 0.7435 0.2787 0.7601 0.285 0.7576 0.2913
3 16 0 7.5232 0.7599 -1.6131 10.2798 -2.0625 -1.5672 7.5231 0.7512 0.3487 0.9287 0.3667 0.8851 0.3662 0.9288
3 16 2.525 9.5046 -2.4608 2.5138 10.2763 -2.1789 2.5174 7.5179 -1.0063 0.7221 0.2729 0.7143 0.2699 0.7412 0.2554
3 16 2.5174 7.5179 -1.0063 2.5138 10.2763 -2.1789 2.3841 7.5186 0.29 0.7412 0.2554 0.7143 0.2699 0.7411 0.2412
3 16 -2.5811 5.8326 -8.5757 2.5811 5.8326 -8.5757 -2.5175 6.1124 -8.2328 0.2384 0.8764 0.2378 0.9295 0.2331 0.8752
3 16 -2.5175 6.1124 -8.2328 2.5811 5.8326 -8.5757 2.5175 6.1123 -8.2328 0.2331 0.8752 0.2378 0.9295 0.2326 0.9304
3 16 -2.5177 6.2478 -7.5636 1.1236 6.2405 -4.7082 0 6.2406 -4.8441 0.2254 0.875 0.1926 0.9139 0.1946 0.9025
3 16 2.864 3.4519 -2.8152 -2.864 3.452 -2.8153 -0.0006 3.7175 -3.4733 0.881 0.0351 0.8805 0.0985 0.8727 0.0668
3 16 -0.0006 3.7175 -3.4733 -2.864 3.452 -2.8153 -2.008 3.7264 -3.483 0.8727 0.0668 0.8805 0.0985 0.8725 0.089
3 16 1.0395 3.8421 -3.8832 -0.0006 3.7175 -3.4733 0 3.8856 -4.023 0.8681 0.0552 0.8727 0.0668 0.8665 0.0667
3 16 2.466 11.1399 -9.0399 2.5138 10.2763 -2.1789 2.5249 10.3351 -8.936 0.7061 0.347 0.7143 0.2699 0.7143 0.3458
3 16 2.5249 10.3351 -8.936 2.5138 10.2763 -2.1789 2.525 9.5046 -2.4608 0.7143 0.3458 0.7143 0.2699 0.7221 0.2729
3 16 2.466 11.1399 -9.0399 1.5981 11.35 -9.0401 2.5138 10.2763 -2.1789 0.889 0.2016 0.8886 0.1931 0.9672 0.1981
3 16 2.5138 10.2763 -2.1789 1.5981 11.35 -9.0401 1.6123 10.2797 -2.0624 0.9672 0.1981 0.8886 0.1931 0.968 0.1888
3 16 3.3674 12.0323 -10.1775 2.5843 11.362 -9.7762 3.7461 10.4472 -10.1775 0.6968 0.3661 0.7027 0.3549 0.7145 0.367
3 16 3.7461 10.4472 -10.1775 2.5843 11.362 -9.7762 2.9087 10.3695 -9.7197 0.7145 0.367 0.7027 0.3549 0.7144 0.3561
3 16 1.597 11.7564 -9.7597 2.5843 11.362 -9.7762 1.6452 12.6561 -10.1773 0.8788 0.1931 0.8813 0.205 0.8672 0.1932
3 16 1.6452 12.6561 -10.1773 2.5843 11.362 -9.7762 3.3674 12.0323 -10.1775 0.8672 0.1932 0.8813 0.205 0.8714 0.2129
3 16 -1.5969 11.7564 -9.7596 1.597 11.7564 -9.7597 -1.6452 12.6561 -10.1773 0.8782 0.1569 0.8788 0.1931 0.8666 0.1573
3 16 -1.6452 12.6561 -10.1773 1.597 11.7564 -9.7597 1.6452 12.6561 -10.1773 0.8666 0.1573 0.8788 0.1931 0.8672 0.1932
3 16 2.8409 7.5177 2.8409 3.4794 7.5177 2.0088 1.5672 7.5231 0.7512 0.2774 0.7085 0.2708 0.6998 0.2907 0.686
3 16 2.5202 6.2045 -3.0467 2.1077 6.1458 -3.6731 2.5181 6.2483 -4.1072 0.1777 0.9264 0.1798 0.922 0.1865 0.9272
3 16 2.5181 6.2483 -4.1072 2.1077 6.1458 -3.6731 2.0955 6.2405 -4.4155 0.1865 0.9272 0.1798 0.922 0.19 0.9236
3 16 4.0177 7.5176 0.0003 2.3841 7.5186 0.29 3.8808 7.5177 1.0399 0.2646 0.6785 0.2815 0.681 0.2667 0.6899
3 16 0 7.5232 0.7599 1.0399 7.5177 3.8808 1.5672 7.5231 0.7512 0.3085 0.686 0.2965 0.7196 0.2907 0.686
3 16 1.5672 7.5231 0.7512 1.0399 7.5177 3.8808 2.0088 7.5177 3.4794 0.2907 0.686 0.2965 0.7196 0.2862 0.7154
3 16 1.0399 7.5177 3.8808 0 7.5232 0.7599 0 7.5177 4.0177 0.2965 0.7196 0.3085 0.686 0.3084 0.7214
3 16 2.5188 7.5125 -3.0368 2.8415 7.5177 -2.8403 2.5202 6.2045 -3.0467 0.7825 0.1962 0.778 0.2 0.7829 0.1858
3 16 2.5202 6.2045 -3.0467 2.8415 7.5177 -2.8403 2.8472 5.501 -2.8449 0.7829 0.1858 0.778 0.2 0.7794 0.1778
3 16 2.3841 7.5186 0.29 4.0177 7.5176 0.0003 2.5174 7.5179 -1.0063 0.2815 0.681 0.2646 0.6785 0.2777 0.6672
3 16 2.5174 7.5179 -1.0063 4.0177 7.5176 0.0003 3.881 7.5176 -1.0395 0.2777 0.6672 0.2646 0.6785 0.2649 0.6682
3 16 3.881 7.5176 -1.0395 3.4907 7.5177 -2.0083 2.5174 7.5179 -1.0063 0.2649 0.6682 0.2668 0.6574 0.2777 0.6672
3 16 2.5174 7.5179 -1.0063 2.8415 7.5177 -2.8403 2.5188 7.5125 -3.0368 0.2777 0.6672 0.2712 0.6477 0.2737 0.647
3 16 1.5672 7.5231 0.7512 2.0088 7.5177 3.4794 2.8409 7.5177 2.8409 0.2907 0.686 0.2862 0.7154 0.2774 0.7085
3 16 3.8808 7.5177 1.0399 2.3841 7.5186 0.29 3.4794 7.5177 2.0088 0.2667 0.6899 0.2815 0.681 0.2708 0.6998
3 16 3.4794 7.5177 2.0088 2.3841 7.5186 0.29 1.5672 7.5231 0.7512 0.2708 0.6998 0.2815 0.681 0.2907 0.686
3 16 2.8715 6.4017 -9.7729 2.62 5.4504 -8.8019 2.6195 5.0212 -8.8768 0.7585 0.3549 0.7682 0.3442 0.7744 0.345
3 16 2.6195 5.0212 -8.8768 2.62 5.4504 -8.8019 -2.6195 5.0212 -8.8768 0.6615 0.3578 0.6612 0.3626 0.6068 0.3561
3 16 -2.6195 5.0212 -8.8768 2.62 5.4504 -8.8019 -2.62 5.4504 -8.8019 0.6068 0.3561 0.6612 0.3626 0.6068 0.3609
3 16 2.62 5.4504 -8.8019 2.8715 6.4017 -9.7729 2.5811 5.8326 -8.5757 0.7682 0.3442 0.7585 0.3549 0.7621 0.3416
3 16 2.5811 5.8326 -8.5757 2.8715 6.4017 -9.7729 2.9087 10.3695 -9.7197 0.7621 0.3416 0.7585 0.3549 0.7144 0.3561
3 16 -2.62 5.4504 -8.8019 2.62 5.4504 -8.8019 -2.5811 5.8326 -8.5757 0.6068 0.3609 0.6612 0.3626 0.6073 0.3688
3 16 -2.5811 5.8326 -8.5757 2.62 5.4504 -8.8019 2.5811 5.8326 -8.5757 0.6073 0.3688 0.6612 0.3626 0.6602 0.3704
3 16 -2.5175 6.1124 -8.2328 2.5175 6.1123 -8.2328 -2.5177 6.2478 -7.5636 0.2331 0.8752 0.2326 0.9304 0.2254 0.875
3 16 -2.5177 6.2478 -7.5636 2.5175 6.1123 -8.2328 2.5177 6.2478 -7.5639 0.2254 0.875 0.2326 0.9304 0.2247 0.9307
3 16 2.5177 6.2478 -7.5639 2.5175 6.1123 -8.2328 2.5249 10.3351 -8.936 0.7561 0.329 0.758 0.3372 0.7143 0.3458
3 16 2.5188 7.5125 -3.0368 2.525 9.5046 -2.4608 2.5174 7.5179 -1.0063 0.7435 0.2787 0.7221 0.2729 0.7412 0.2554
3 16 4.025 0 0.0012 4.0177 7.5176 0.0003 3.8878 0 1.0417 0.7456 0.1148 0.7441 0.1967 0.7337 0.1149
3 16 3.8878 0 1.0417 4.0177 7.5176 0.0003 3.8808 7.5177 1.0399 0.7337 0.1149 0.7441 0.1967 0.7326 0.1965
3 16 3.8936 1.0323 -0.9511 3.7559 1.9926 -1.3507 4.0177 7.5176 0.0003 0.7561 0.1267 0.7607 0.1378 0.7441 0.1967
3 16 4.0177 7.5176 0.0003 3.7559 1.9926 -1.3507 3.881 7.5176 -1.0395 0.7441 0.1967 0.7607 0.1378 0.7555 0.197
3 16 3.4907 7.5177 -2.0083 3.881 7.5176 -1.0395 3.4912 2.8181 -1.986 0.7662 0.1963 0.7555 0.197 0.7685 0.1475
3 16 3.4912 2.8181 -1.986 3.881 7.5176 -1.0395 3.7559 1.9926 -1.3507 0.7685 0.1475 0.7555 0.197 0.7607 0.1378
3 16 -2.5177 6.2478 -7.5636 -2.5248 10.3368 -8.9357 -2.5175 6.1124 -8.2328 0.3622 0.8078 0.4039 0.8246 0.3603 0.816
3 16 3.9116 0 -0.8151 3.8936 1.0323 -0.9511 4.025 0 0.0012 0.7546 0.1148 0.7561 0.1267 0.7456 0.1148
3 16 4.025 0 0.0012 3.8936 1.0323 -0.9511 4.0177 7.5176 0.0003 0.7456 0.1148 0.7561 0.1267 0.7441 0.1967
3 16 2.864 3.4519 -2.8152 2.8472 5.501 -2.8449 3.4912 2.8181 -1.986 0.7801 0.1554 0.7794 0.1778 0.7685 0.1475
3 16 3.4912 2.8181 -1.986 2.8472 5.501 -2.8449 3.4907 7.5177 -2.0083 0.7685 0.1475 0.7794 0.1778 0.7662 0.1963
3 16 -2.8472 5.501 -2.8449 -3.4907 7.5177 -2.0083 -2.8415 7.5177 -2.8403 0.5703 0.1783 0.5836 0.1968 0.5719 0.2006
3 16 -3.9116 0 -0.8151 -4.025 0 0.0012 -3.8936 1.0323 -0.951 0.5949 0.1152 0.6039 0.1152 0.5934 0.1271
3 16 -3.8936 1.0323 -0.951 -4.025 0 0.0012 -4.0177 7.5176 0.0003 0.5934 0.1271 0.6039 0.1152 0.6057 0.1971
3 16 2.8415 7.5177 -2.8403 3.4907 7.5177 -2.0083 2.8472 5.501 -2.8449 0.778 0.2 0.7662 0.1963 0.7794 0.1778
3 16 2.5174 7.5179 -1.0063 3.4907 7.5177 -2.0083 2.8415 7.5177 -2.8403 0.2777 0.6672 0.2668 0.6574 0.2712 0.6477
3 16 -2.5188 7.5125 -3.0368 -2.5202 6.2045 -3.0467 -2.8415 7.5177 -2.8403 0.5673 0.1968 0.5669 0.1864 0.5719 0.2006
3 16 -2.8415 7.5177 -2.8403 -2.5202 6.2045 -3.0467 -2.8472 5.501 -2.8449 0.5719 0.2006 0.5669 0.1864 0.5703 0.1783
3 16 -2.5165 7.5187 -1.0061 -2.5188 7.5125 -3.0368 -2.8415 7.5177 -2.8403 0.3393 0.6672 0.3434 0.6471 0.3454 0.6483
3 16 -3.8936 -1.0323 -0.951 -3.9116 0 -0.8151 3.8936 -1.0323 -0.9511 0.9384 0.1104 0.9268 0.1105 0.9391 0.0242
3 16 3.8936 -1.0323 -0.9511 -3.9116 0 -0.8151 3.9116 0 -0.8151 0.9391 0.0242 0.9268 0.1105 0.9275 0.0239
3 16 -3.7699 -1.9925 -1.3505 3.7559 -1.9926 -1.3507 -3.4911 -2.8181 -1.986 0.95 0.109 0.9507 0.0258 0.9617 0.1061
3 16 -3.4911 -2.8181 -1.986 3.7559 -1.9926 -1.3507 3.4912 -2.8181 -1.986 0.9617 0.1061 0.9507 0.0258 0.9623 0.0288
3 16 -2.864 -3.452 -2.8153 2.864 -3.4519 -2.8152 0.0006 -3.7175 -3.4733 0.9733 0.0993 0.9739 0.0358 0.9816 0.0676
3 16 0.0006 -3.7175 -3.4733 2.864 -3.4519 -2.8152 2.008 -3.7264 -3.483 0.9816 0.0676 0.9739 0.0358 0.9818 0.0454
3 16 -2.008 -3.7264 -3.483 0.0006 -3.7175 -3.4733 -1.0395 -3.8408 -3.8832 0.9815 0.0899 0.9816 0.0676 0.9862 0.0792
3 16 0 -5.4977 -4.0248 -1.0417 -5.4979 -3.8877 0 -3.8856 -4.023 0.5344 0.0508 0.5462 0.0503 0.5343 0.0687
3 16 0 -3.8856 -4.023 -1.0417 -5.4979 -3.8877 -1.0395 -3.8408 -3.8832 0.5343 0.0687 0.5462 0.0503 0.5459 0.0689
3 16 -3.7699 -1.9925 -1.3505 -3.8936 -1.0323 -0.951 3.7559 -1.9926 -1.3507 0.95 0.109 0.9384 0.1104 0.9507 0.0258
3 16 3.7559 -1.9926 -1.3507 -3.8936 -1.0323 -0.951 3.8936 -1.0323 -0.9511 0.9507 0.0258 0.9384 0.1104 0.9391 0.0242
3 16 -3.4907 -7.5177 -2.0083 -3.8809 -7.5176 -1.0395 -3.4911 -2.8181 -1.986 0.5832 0.0337 0.5943 0.0335 0.581 0.0825
3 16 -3.4911 -2.8181 -1.986 -3.8809 -7.5176 -1.0395 -3.7699 -1.9925 -1.3505 0.581 0.0825 0.5943 0.0335 0.5887 0.0922
3 16 -1.5665 -7.5231 0.7512 -1.613 -10.2798 -2.0625 1.5665 -7.5231 0.7512 0.4052 0.6477 0.4046 0.6041 0.4402 0.6477
3 16 1.5665 -7.5231 0.7512 -1.613 -10.2798 -2.0625 1.613 -10.2798 -2.0625 0.4402 0.6477 0.4046 0.6041 0.4408 0.6041
3 16 1.613 -10.2798 -2.0625 -1.613 -10.2798 -2.0625 1.5986 -11.3499 -9.04 0.8706 0.9625 0.8712 0.9262 0.95 0.9637
3 16 1.5986 -11.3499 -9.04 -1.613 -10.2798 -2.0625 -1.5986 -11.3499 -9.04 0.95 0.9637 0.8712 0.9262 0.9506 0.9273
3 16 -2.5177 -6.2478 -7.5636 -1.1238 -6.2405 -4.7091 0 -6.2406 -4.8441 0.1897 0.5978 0.2214 0.6141 0.2207 0.6257
3 16 -1.0395 -3.8408 -3.8832 0.0006 -3.7175 -3.4733 0 -3.8856 -4.023 0.9862 0.0792 0.9816 0.0676 0.9878 0.0677
3 16 -1.5969 -11.7564 -9.7596 -1.6452 -12.6561 -10.1773 1.5969 -11.7564 -9.7596 0.9604 0.9275 0.972 0.9278 0.9598 0.9638
3 16 1.5969 -11.7564 -9.7596 -1.6452 -12.6561 -10.1773 1.6452 -12.6561 -10.1773 0.9598 0.9638 0.972 0.9278 0.9715 0.9638
3 16 -2.5246 -9.5086 -2.4592 -2.1556 -10.1255 -2.1804 -2.5165 -7.5187 -1.0061 0.1791 0.7513 0.1712 0.7481 0.1983 0.7336
3 16 -2.5165 -7.5187 -1.0061 -2.1556 -10.1255 -2.1804 -2.3836 -7.5191 0.2895 0.1983 0.7336 0.1712 0.7481 0.1982 0.7194
3 16 -2.1556 -10.1255 -2.1804 -2.5246 -9.5086 -2.4592 -2.2854 -11.0652 -9.0389 0.1712 0.7481 0.1791 0.7513 0.1626 0.8245
3 16 -2.2854 -11.0652 -9.0389 -2.5246 -9.5086 -2.4592 -2.5248 -10.3368 -8.9357 0.1626 0.8245 0.1791 0.7513 0.1713 0.824
3 16 -3.3674 -12.0323 -10.1775 -2.584 -11.3616 -9.7759 -3.746 -10.447 -10.1775 0.1535 0.8445 0.1594 0.8333 0.1713 0.8454
3 16 -3.746 -10.447 -10.1775 -2.584 -11.3616 -9.7759 -2.9085 -10.3695 -9.7195 0.1713 0.8454 0.1594 0.8333 0.1713 0.8343
3 16 -3.3674 -12.0323 -10.1775 -1.6452 -12.6561 -10.1773 -2.584 -11.3616 -9.7759 0.9684 0.908 0.972 0.9278 0.9583 0.9156
3 16 -2.584 -11.3616 -9.7759 -1.6452 -12.6561 -10.1773 -1.5969 -11.7564 -9.7596 0.9583 0.9156 0.972 0.9278 0.9604 0.9275
3 16 -1.613 -10.2798 -2.0625 -2.1556 -10.1255 -2.1804 -1.5986 -11.3499 -9.04 0.8712 0.9262 0.8722 0.9199 0.9506 0.9273
3 16 -1.5986 -11.3499 -9.04 -2.1556 -10.1255 -2.1804 -2.2854 -11.0652 -9.0389 0.9506 0.9273 0.8722 0.9199 0.9496 0.919
3 16 -2.1556 -10.1255 -2.1804 -1.613 -10.2798 -2.0625 -2.3836 -7.5191 0.2895 0.3981 0.6042 0.4046 0.6041 0.3955 0.6436
3 16 -2.3836 -7.5191 0.2895 -1.613 -10.2798 -2.0625 -1.5665 -7.5231 0.7512 0.3955 0.6436 0.4046 0.6041 0.4052 0.6477
3 16 -3.8809 -7.5176 -1.0395 -3.4907 -7.5177 -2.0083 -2.5165 -7.5187 -1.0061 0.9834 0.4752 0.982 0.4861 0.9704 0.4768
3 16 -2.3836 -7.5191 0.2895 -4.0177 -7.5176 0.0003 -2.5165 -7.5187 -1.0061 0.9667 0.4647 0.9834 0.4647 0.9704 0.4768
3 16 -2.5165 -7.5187 -1.0061 -4.0177 -7.5176 0.0003 -3.8809 -7.5176 -1.0395 0.9704 0.4768 0.9834 0.4647 0.9834 0.4752
3 16 -4.0177 -7.5176 0.0003 -2.3836 -7.5191 0.2895 -3.8808 -7.5177 1.0399 0.9834 0.4647 0.9667 0.4647 0.9815 0.4558
3 16 -3.8808 -7.5177 1.0399 -2.3836 -7.5191 0.2895 -3.4794 -7.5177 2.0088 0.9815 0.4558 0.9667 0.4647 0.9774 0.4459
3 16 -3.4794 -7.5177 2.0088 -2.3836 -7.5191 0.2895 -1.5665 -7.5231 0.7512 0.9774 0.4459 0.9667 0.4647 0.9574 0.4596
3 16 -1.5665 -7.5231 0.7512 -2.8409 -7.5177 2.8409 -3.4794 -7.5177 2.0088 0.9574 0.4596 0.9708 0.4372 0.9774 0.4459
3 16 -2.0088 -7.5177 3.4794 -1.5665 -7.5231 0.7512 -1.0399 -7.5177 3.8808 0.962 0.4303 0.9574 0.4596 0.9517 0.426
3 16 -1.0399 -7.5177 3.8808 -1.5665 -7.5231 0.7512 1.5665 -7.5231 0.7512 0.9517 0.426 0.9574 0.4596 0.9219 0.4595
3 16 0 -7.5177 4.0177 -1.0399 -7.5177 3.8808 1.5665 -7.5231 0.7512 0.94 0.4242 0.9517 0.426 0.9219 0.4595
3 16 -2.5248 -10.3368 -8.9357 -2.5246 -9.5086 -2.4592 -2.5188 -7.5125 -3.0368 0.1713 0.824 0.1791 0.7513 0.2005 0.757
3 16 -2.5188 -7.5125 -3.0368 -2.5246 -9.5086 -2.4592 -2.5165 -7.5187 -1.0061 0.2005 0.757 0.1791 0.7513 0.1983 0.7336
3 16 -2.5177 -6.2478 -7.5636 -2.5181 -6.2483 -4.1072 -2.0955 -6.2405 -4.4155 0.1897 0.5978 0.2285 0.6006 0.2249 0.6045
3 16 -2.581 -5.8326 -8.5757 -2.5175 -6.1123 -8.2328 2.4813 -5.8327 -8.5756 0.1767 0.5989 0.1819 0.5979 0.1765 0.6521
3 16 2.4813 -5.8327 -8.5756 -2.5175 -6.1123 -8.2328 2.5177 -6.1117 -8.2349 0.1765 0.6521 0.1819 0.5979 0.1818 0.6531
3 16 -1.0417 -5.4979 -3.8877 -2.0131 -5.4994 -3.4853 -1.0395 -3.8408 -3.8832 0.5462 0.0503 0.5581 0.0508 0.5459 0.0689
3 16 -1.0395 -3.8408 -3.8832 -2.0131 -5.4994 -3.4853 -2.008 -3.7264 -3.483 0.5459 0.0689 0.5581 0.0508 0.5574 0.0708
3 16 -2.0131 -5.4994 -3.4853 -2.8472 -5.501 -2.8449 -2.008 -3.7264 -3.483 0.5581 0.0508 0.5698 0.0515 0.5574 0.0708
3 16 -2.008 -3.7264 -3.483 -2.8472 -5.501 -2.8449 -2.864 -3.452 -2.8153 0.5574 0.0708 0.5698 0.0515 0.5694 0.0747
3 16 -2.1077 -6.1458 -3.6731 -2.5202 -6.2045 -3.0467 -2.0131 -5.4994 -3.4853 0.5587 0.042 0.5664 0.0436 0.5581 0.0508
3 16 -2.0131 -5.4994 -3.4853 -2.5202 -6.2045 -3.0467 -2.8472 -5.501 -2.8449 0.5581 0.0508 0.5664 0.0436 0.5698 0.0515
3 16 -2.5202 -6.2045 -3.0467 -2.1077 -6.1458 -3.6731 -2.5181 -6.2483 -4.1072 0.2369 0.6025 0.234 0.6059 0.2285 0.6006
3 16 -2.5181 -6.2483 -4.1072 -2.1077 -6.1458 -3.6731 -2.0955 -6.2405 -4.4155 0.2285 0.6006 0.234 0.6059 0.2249 0.6045
3 16 -2.5202 -6.2045 -3.0467 -2.5181 -6.2483 -4.1072 -2.5188 -7.5125 -3.0368 0.2172 0.7633 0.2146 0.7696 0.2005 0.757
3 16 -2.5165 -7.5187 -1.0061 -3.4907 -7.5177 -2.0083 -2.8415 -7.5177 -2.8403 0.9704 0.4768 0.982 0.4861 0.9783 0.4961
3 16 -1.5665 -7.5231 0.7512 -2.0088 -7.5177 3.4794 -2.8409 -7.5177 2.8409 0.9574 0.4596 0.962 0.4303 0.9708 0.4372
3 16 -2.6195 -5.0211 -8.8768 -2.8719 -6.0932 -9.7733 -2.6199 -5.4504 -8.8018 0.2314 0.8235 0.2192 0.8336 0.2252 0.8226
3 16 -2.6195 -5.0211 -8.8768 -2.6199 -5.4504 -8.8018 2.6195 -5.0212 -8.8768 0.6102 0.2434 0.6105 0.2387 0.665 0.2451
3 16 2.6195 -5.0212 -8.8768 -2.6199 -5.4504 -8.8018 2.6196 -5.4518 -8.8011 0.665 0.2451 0.6105 0.2387 0.665 0.2403
3 16 -2.6199 -5.4504 -8.8018 -2.8719 -6.0932 -9.7733 -2.581 -5.8326 -8.5757 0.2252 0.8226 0.2192 0.8336 0.219 0.8201
3 16 -2.581 -5.8326 -8.5757 -2.8719 -6.0932 -9.7733 -2.9085 -10.3695 -9.7195 0.219 0.8201 0.2192 0.8336 0.1713 0.8343
3 16 -2.581 -5.8326 -8.5757 2.4813 -5.8327 -8.5756 -2.6199 -5.4504 -8.8018 0.6115 0.2309 0.6644 0.2325 0.6105 0.2387
3 16 -2.6199 -5.4504 -8.8018 2.4813 -5.8327 -8.5756 2.6196 -5.4518 -8.8011 0.6105 0.2387 0.6644 0.2325 0.665 0.2403
3 16 -2.5175 -6.1123 -8.2328 -2.5177 -6.2478 -7.5636 2.5177 -6.1117 -8.2349 0.1819 0.5979 0.1897 0.5978 0.1818 0.6531
3 16 2.5177 -6.1117 -8.2349 -2.5177 -6.2478 -7.5636 2.5177 -6.2478 -7.5639 0.1818 0.6531 0.1897 0.5978 0.1897 0.6533
3 16 -2.5177 -6.2478 -7.5636 -2.5175 -6.1123 -8.2328 -2.5248 -10.3368 -8.9357 0.2131 0.8074 0.2149 0.8156 0.1713 0.824
3 16 -2.584 -11.3616 -9.7759 -2.2854 -11.0652 -9.0389 -2.9085 -10.3695 -9.7195 0.1594 0.8333 0.1626 0.8245 0.1713 0.8343
3 16 -2.9085 -10.3695 -9.7195 -2.2854 -11.0652 -9.0389 -2.5248 -10.3368 -8.9357 0.1713 0.8343 0.1626 0.8245 0.1713 0.824
3 16 -1.5986 -11.3499 -9.04 -2.2854 -11.0652 -9.0389 -1.5969 -11.7564 -9.7596 0.9506 0.9273 0.9496 0.919 0.9604 0.9275
3 16 -1.5969 -11.7564 -9.7596 -2.2854 -11.0652 -9.0389 -2.584 -11.3616 -9.7759 0.9604 0.9275 0.9496 0.919 0.9583 0.9156
3 16 1.5986 -11.3499 -9.04 -1.5986 -11.3499 -9.04 1.5969 -11.7564 -9.7596 0.95 0.9637 0.9506 0.9273 0.9598 0.9638
3 16 1.5969 -11.7564 -9.7596 -1.5986 -11.3499 -9.04 -1.5969 -11.7564 -9.7596 0.9598 0.9638 0.9506 0.9273 0.9604 0.9275
3 16 -2.9085 -10.3695 -9.7195 -2.5248 -10.3368 -8.9357 -2.581 -5.8326 -8.5757 0.1713 0.8343 0.1713 0.824 0.219 0.8201
3 16 -2.581 -5.8326 -8.5757 -2.5248 -10.3368 -8.9357 -2.5175 -6.1123 -8.2328 0.219 0.8201 0.1713 0.824 0.2149 0.8156
3 16 2.864 -3.4519 -2.8152 -2.864 -3.452 -2.8153 3.4912 -2.8181 -1.986 0.9739 0.0358 0.9733 0.0993 0.9623 0.0288
3 16 3.4912 -2.8181 -1.986 -2.864 -3.452 -2.8153 -3.4911 -2.8181 -1.986 0.9623 0.0288 0.9733 0.0993 0.9617 0.1061
3 16 -3.8936 -1.0323 -0.951 -3.7699 -1.9925 -1.3505 -4.0177 -7.5176 0.0003 0.5934 0.1034 0.5887 0.0922 0.6052 0.0334
3 16 -4.0177 -7.5176 0.0003 -3.7699 -1.9925 -1.3505 -3.8809 -7.5176 -1.0395 0.6052 0.0334 0.5887 0.0922 0.5943 0.0335
3 16 2.6195 5.0212 -8.8768 2.6195 -5.0212 -8.8768 2.8715 6.4017 -9.7729 0.7744 0.345 0.8868 0.3456 0.7585 0.3549
3 16 2.8715 6.4017 -9.7729 2.6195 -5.0212 -8.8768 2.8718 -6.4018 -9.7733 0.7585 0.3549 0.8868 0.3456 0.9025 0.3552
3 16 2.1077 -6.1458 -3.6731 1.0934 -5.961 -4.1315 2.0131 -5.4994 -3.4853 0.7904 0.0414 0.803 0.0435 0.791 0.0502
3 16 2.0131 -5.4994 -3.4853 1.0934 -5.961 -4.1315 1.0417 -5.4979 -3.8877 0.791 0.0502 0.803 0.0435 0.8029 0.0497
3 16 1.0417 -5.4979 -3.8877 1.0934 -5.961 -4.1315 0 -5.4977 -4.0248 0.8029 0.0497 0.803 0.0435 0.8147 0.0501
3 16 0 -5.4977 -4.0248 1.0934 -5.961 -4.1315 0 -5.9524 -4.2769 0.8147 0.0501 0.803 0.0435 0.8154 0.0441
3 16 2.8472 -5.501 -2.8449 2.5202 -6.2045 -3.0467 2.0131 -5.4994 -3.4853 0.7793 0.051 0.7826 0.043 0.791 0.0502
3 16 2.0131 -5.4994 -3.4853 2.5202 -6.2045 -3.0467 2.1077 -6.1458 -3.6731 0.791 0.0502 0.7826 0.043 0.7904 0.0414
3 16 0 7.5177 4.0177 0 0 4.025 1.0399 7.5177 3.8808 0.6749 0.1962 0.6747 0.115 0.6865 0.1961
3 16 1.0399 7.5177 3.8808 0 0 4.025 1.0417 0 3.8878 0.6865 0.1961 0.6747 0.115 0.6865 0.115
3 16 1.0399 7.5177 3.8808 1.0417 0 3.8878 2.0088 7.5177 3.4794 0.6865 0.1961 0.6865 0.115 0.698 0.1961
3 16 2.0088 7.5177 3.4794 1.0417 0 3.8878 2.0125 0 3.4858 0.698 0.1961 0.6865 0.115 0.6983 0.115
3 16 2.0088 7.5177 3.4794 2.0125 0 3.4858 2.8409 7.5177 2.8409 0.698 0.1961 0.6983 0.115 0.7096 0.1961
3 16 2.8409 7.5177 2.8409 2.0125 0 3.4858 2.8461 0 2.8461 0.7096 0.1961 0.6983 0.115 0.7101 0.1149
3 16 2.8409 7.5177 2.8409 2.8461 0 2.8461 3.4794 7.5177 2.0088 0.7096 0.1961 0.7101 0.1149 0.7211 0.1962
3 16 3.4794 7.5177 2.0088 2.8461 0 2.8461 3.4858 0 2.0125 0.7211 0.1962 0.7101 0.1149 0.7219 0.1149
3 16 3.4794 7.5177 2.0088 3.4858 0 2.0125 3.8808 7.5177 1.0399 0.7211 0.1962 0.7219 0.1149 0.7326 0.1965
3 16 3.8808 7.5177 1.0399 3.4858 0 2.0125 3.8878 0 1.0417 0.7326 0.1965 0.7219 0.1149 0.7337 0.1149
3 16 1.0417 -5.4979 -3.8877 1.0395 -3.8408 -3.8832 2.0131 -5.4994 -3.4853 0.8029 0.0497 0.8033 0.0683 0.791 0.0502
3 16 2.0131 -5.4994 -3.4853 1.0395 -3.8408 -3.8832 2.008 -3.7264 -3.483 0.791 0.0502 0.8033 0.0683 0.7918 0.0702
3 16 0 -5.4977 -4.0248 0 -3.8856 -4.023 1.0417 -5.4979 -3.8877 0.8147 0.0501 0.8149 0.068 0.8029 0.0497
3 16 1.0417 -5.4979 -3.8877 0 -3.8856 -4.023 1.0395 -3.8408 -3.8832 0.8029 0.0497 0.8149 0.068 0.8033 0.0683
3 16 2.1557 -10.1254 -2.1805 2.3836 -7.5191 0.2895 1.613 -10.2798 -2.0625 0.4472 0.6042 0.4499 0.6436 0.4408 0.6041
3 16 1.613 -10.2798 -2.0625 2.3836 -7.5191 0.2895 1.5665 -7.5231 0.7512 0.4408 0.6041 0.4499 0.6436 0.4402 0.6477
3 16 1.0934 -5.961 -4.1315 1.1236 -6.2405 -4.7082 0 -5.9524 -4.2769 0.2306 0.6366 0.2213 0.6372 0.2288 0.6257
3 16 0 -5.9524 -4.2769 1.1236 -6.2405 -4.7082 0 -6.2406 -4.8441 0.2288 0.6257 0.2213 0.6372 0.2207 0.6257
3 16 2.5188 -7.5125 -3.0368 2.5181 -6.2483 -4.1072 2.5202 -6.2045 -3.0467 0.9175 0.2788 0.9034 0.2914 0.9009 0.285
3 16 2.3836 -7.5191 0.2895 2.1557 -10.1254 -2.1805 2.5165 -7.5187 -1.0061 0.9199 0.2413 0.9467 0.27 0.9198 0.2555
3 16 2.5165 -7.5187 -1.0061 2.1557 -10.1254 -2.1805 2.5246 -9.5086 -2.4593 0.9198 0.2555 0.9467 0.27 0.9393 0.2734
3 16 -2.5177 -6.2478 -7.5636 0 -6.2406 -4.8441 1.1236 -6.2405 -4.7082 0.1897 0.5978 0.2207 0.6257 0.2213 0.6372
3 16 2.008 -3.7264 -3.483 1.0395 -3.8408 -3.8832 0.0006 -3.7175 -3.4733 0.9818 0.0454 0.9864 0.0561 0.9816 0.0676
3 16 1.0395 -3.8408 -3.8832 0 -3.8856 -4.023 0.0006 -3.7175 -3.4733 0.9864 0.0561 0.9878 0.0677 0.9816 0.0676
3 16 2.2855 -11.0651 -9.0387 2.5247 -10.3368 -8.9356 2.1557 -10.1254 -2.1805 0.9551 0.3463 0.9471 0.3458 0.9467 0.27
3 16 2.1557 -10.1254 -2.1805 2.5247 -10.3368 -8.9356 2.5246 -9.5086 -2.4593 0.9467 0.27 0.9471 0.3458 0.9393 0.2734
3 16 2.2855 -11.0651 -9.0387 2.1557 -10.1254 -2.1805 1.5986 -11.3499 -9.04 0.9489 0.972 0.8715 0.9689 0.95 0.9637
3 16 1.5986 -11.3499 -9.04 2.1557 -10.1254 -2.1805 1.613 -10.2798 -2.0625 0.95 0.9637 0.8715 0.9689 0.8706 0.9625
3 16 2.9086 -10.3693 -9.7195 2.584 -11.3616 -9.7759 3.746 -10.447 -10.1774 0.9466 0.3561 0.9582 0.3551 0.9464 0.3671
3 16 3.746 -10.447 -10.1774 2.584 -11.3616 -9.7759 3.3674 -12.0323 -10.1775 0.9464 0.3671 0.9582 0.3551 0.9641 0.3662
3 16 1.5969 -11.7564 -9.7596 1.6452 -12.6561 -10.1773 2.584 -11.3616 -9.7759 0.9598 0.9638 0.9715 0.9638 0.9574 0.9756
3 16 2.584 -11.3616 -9.7759 1.6452 -12.6561 -10.1773 3.3674 -12.0323 -10.1775 0.9574 0.9756 0.9715 0.9638 0.9673 0.9835
3 16 2.9086 -10.3693 -9.7195 3.746 -10.447 -10.1774 2.8718 -6.4018 -9.7733 0.9466 0.3561 0.9464 0.3671 0.9025 0.3552
3 16 2.8718 -6.4018 -9.7733 3.746 -10.447 -10.1774 3.7455 -6.1289 -10.1773 0.9025 0.3552 0.9464 0.3671 0.8987 0.3654
3 16 2.8715 6.4017 -9.7729 3.7455 6.4561 -10.1773 2.9087 10.3695 -9.7197 0.7585 0.3549 0.7586 0.3654 0.7144 0.3561
3 16 2.9087 10.3695 -9.7197 3.7455 6.4561 -10.1773 3.7461 10.4472 -10.1775 0.7144 0.3561 0.7586 0.3654 0.7145 0.367
3 16 2.8409 -7.5177 2.8409 1.5665 -7.5231 0.7512 3.4794 -7.5177 2.0088 0.9087 0.437 0.9219 0.4595 0.9021 0.4457
3 16 2.1077 -6.1458 -3.6731 2.0955 -6.2405 -4.4155 1.0934 -5.961 -4.1315 0.2339 0.6455 0.2247 0.6469 0.2306 0.6366
3 16 1.0934 -5.961 -4.1315 2.0955 -6.2405 -4.4155 1.1236 -6.2405 -4.7082 0.2306 0.6366 0.2247 0.6469 0.2213 0.6372
3 16 -2.5177 -6.2478 -7.5636 1.1236 -6.2405 -4.7082 2.5177 -6.2478 -7.5639 0.1897 0.5978 0.2213 0.6372 0.1897 0.6533
3 16 2.5177 -6.2478 -7.5639 1.1236 -6.2405 -4.7082 2.0955 -6.2405 -4.4155 0.1897 0.6533 0.2213 0.6372 0.2247 0.6469
3 16 4.0177 -7.5176 0.0003 3.8808 -7.5177 1.0399 2.3836 -7.5191 0.2895 0.8958 0.464 0.8979 0.4555 0.9126 0.4645
3 16 1.5665 -7.5231 0.7512 2.0088 -7.5177 3.4794 1.0399 -7.5177 3.8808 0.9219 0.4595 0.9175 0.4301 0.9279 0.426
3 16 1.0399 -7.5177 3.8808 0 -7.5177 4.0177 1.5665 -7.5231 0.7512 0.9279 0.426 0.94 0.4242 0.9219 0.4595
3 16 2.5188 -7.5125 -3.0368 2.5202 -6.2045 -3.0467 2.8415 -7.5177 -2.8403 0.7821 0.0332 0.7826 0.043 0.7775 0.0295
3 16 2.8415 -7.5177 -2.8403 2.5202 -6.2045 -3.0467 2.8472 -5.501 -2.8449 0.7775 0.0295 0.7826 0.043 0.7793 0.051
3 16 2.3836 -7.5191 0.2895 2.5165 -7.5187 -1.0061 4.0177 -7.5176 0.0003 0.9126 0.4645 0.9087 0.4766 0.8958 0.464
3 16 4.0177 -7.5176 0.0003 2.5165 -7.5187 -1.0061 3.881 -7.5176 -1.0395 0.8958 0.464 0.9087 0.4766 0.8959 0.4746
3 16 3.881 -7.5176 -1.0395 2.5165 -7.5187 -1.0061 3.4907 -7.5177 -2.0083 0.8959 0.4746 0.9087 0.4766 0.8969 0.4856
3 16 2.5165 -7.5187 -1.0061 2.5188 -7.5125 -3.0368 2.8415 -7.5177 -2.8403 0.9087 0.4766 0.9047 0.4985 0.9009 0.4958
3 16 1.5665 -7.5231 0.7512 2.8409 -7.5177 2.8409 2.0088 -7.5177 3.4794 0.9219 0.4595 0.9087 0.437 0.9175 0.4301
3 16 1.5665 -7.5231 0.7512 2.3836 -7.5191 0.2895 3.4794 -7.5177 2.0088 0.9219 0.4595 0.9126 0.4645 0.9021 0.4457
3 16 3.4794 -7.5177 2.0088 2.3836 -7.5191 0.2895 3.8808 -7.5177 1.0399 0.9021 0.4457 0.9126 0.4645 0.8979 0.4555
3 16 2.8718 -6.4018 -9.7733 2.6195 -5.0212 -8.8768 2.6196 -5.4518 -8.8011 0.9025 0.3552 0.8868 0.3456 0.8927 0.3442
3 16 2.5247 -10.3368 -8.9356 2.2855 -11.0651 -9.0387 2.9086 -10.3693 -9.7195 0.9471 0.3458 0.9551 0.3463 0.9466 0.3561
3 16 2.9086 -10.3693 -9.7195 2.2855 -11.0651 -9.0387 2.584 -11.3616 -9.7759 0.9466 0.3561 0.9551 0.3463 0.9582 0.3551
3 16 1.5986 -11.3499 -9.04 1.5969 -11.7564 -9.7596 2.2855 -11.0651 -9.0387 0.95 0.9637 0.9598 0.9638 0.9489 0.972
3 16 2.2855 -11.0651 -9.0387 1.5969 -11.7564 -9.7596 2.584 -11.3616 -9.7759 0.9489 0.972 0.9598 0.9638 0.9574 0.9756
3 16 2.5177 -6.2478 -7.5639 2.5247 -10.3368 -8.9356 2.5177 -6.1117 -8.2349 0.9048 0.3291 0.9471 0.3458 0.9029 0.3372
3 16 2.6196 -5.4518 -8.8011 2.4813 -5.8327 -8.5756 2.8718 -6.4018 -9.7733 0.8927 0.3442 0.8988 0.3417 0.9025 0.3552
3 16 2.4813 -5.8327 -8.5756 2.9086 -10.3693 -9.7195 2.8718 -6.4018 -9.7733 0.8988 0.3417 0.9466 0.3561 0.9025 0.3552
3 16 2.5165 -7.5187 -1.0061 2.5246 -9.5086 -2.4593 2.5188 -7.5125 -3.0368 0.9198 0.2555 0.9393 0.2734 0.9175 0.2788
3 16 2.5188 -7.5125 -3.0368 2.5246 -9.5086 -2.4593 2.5247 -10.3368 -8.9356 0.9175 0.2788 0.9393 0.2734 0.9471 0.3458
3 16 3.8808 -7.5177 1.0399 4.0177 -7.5176 0.0003 3.8878 0 1.0417 0.7322 0.0336 0.7438 0.0331 0.7337 0.1149
3 16 3.8878 0 1.0417 4.0177 -7.5176 0.0003 4.025 0 0.0012 0.7337 0.1149 0.7438 0.0331 0.7456 0.1148
3 16 3.881 -7.5176 -1.0395 3.7559 -1.9926 -1.3507 4.0177 -7.5176 0.0003 0.7547 0.0331 0.7606 0.0918 0.7438 0.0331
3 16 4.0177 -7.5176 0.0003 3.7559 -1.9926 -1.3507 3.8936 -1.0323 -0.9511 0.7438 0.0331 0.7606 0.0918 0.756 0.1029
3 16 3.4907 -7.5177 -2.0083 3.4912 -2.8181 -1.986 3.881 -7.5176 -1.0395 0.7658 0.0332 0.7683 0.082 0.7547 0.0331
3 16 3.881 -7.5176 -1.0395 3.4912 -2.8181 -1.986 3.7559 -1.9926 -1.3507 0.7547 0.0331 0.7683 0.082 0.7606 0.0918
3 16 -2.864 -3.452 -2.8153 -2.8472 -5.501 -2.8449 -3.4911 -2.8181 -1.986 0.5694 0.0747 0.5698 0.0515 0.581 0.0825
3 16 -3.4911 -2.8181 -1.986 -2.8472 -5.501 -2.8449 -3.4907 -7.5177 -2.0083 0.581 0.0825 0.5698 0.0515 0.5832 0.0337
3 16 2.5181 -6.2483 -4.1072 2.5188 -7.5125 -3.0368 2.5177 -6.2478 -7.5639 0.9034 0.2914 0.9175 0.2788 0.9048 0.3291
3 16 2.5177 -6.2478 -7.5639 2.5188 -7.5125 -3.0368 2.5247 -10.3368 -8.9356 0.9048 0.3291 0.9175 0.2788 0.9471 0.3458
3 16 3.9116 0 -0.8151 4.025 0 0.0012 3.8936 -1.0323 -0.9511 0.7546 0.1148 0.7456 0.1148 0.756 0.1029
3 16 4.025 0 0.0012 4.0177 -7.5176 0.0003 3.8936 -1.0323 -0.9511 0.7456 0.1148 0.7438 0.0331 0.756 0.1029
3 16 -2.8472 -5.501 -2.8449 -2.8415 -7.5177 -2.8403 -3.4907 -7.5177 -2.0083 0.5698 0.0515 0.5714 0.03 0.5832 0.0337
3 16 -3.9116 0 -0.8151 -3.8936 -1.0323 -0.951 -4.025 0 0.0012 0.5949 0.1152 0.5934 0.1034 0.6039 0.1152
3 16 -3.8936 -1.0323 -0.951 -4.0177 -7.5176 0.0003 -4.025 0 0.0012 0.5934 0.1034 0.6052 0.0334 0.6039 0.1152
3 16 2.8415 -7.5177 -2.8403 2.8472 -5.501 -2.8449 3.4907 -7.5177 -2.0083 0.7775 0.0295 0.7793 0.051 0.7658 0.0332
3 16 2.5165 -7.5187 -1.0061 2.8415 -7.5177 -2.8403 3.4907 -7.5177 -2.0083 0.9087 0.4766 0.9009 0.4958 0.8969 0.4856
3 16 -2.5188 -7.5125 -3.0368 -2.8415 -7.5177 -2.8403 -2.5202 -6.2045 -3.0467 0.5669 0.0338 0.5714 0.03 0.5664 0.0436
3 16 -2.5202 -6.2045 -3.0467 -2.8415 -7.5177 -2.8403 -2.8472 -5.501 -2.8449 0.5664 0.0436 0.5714 0.03 0.5698 0.0515
3 16 -2.5165 -7.5187 -1.0061 -2.8415 -7.5177 -2.8403 -2.5188 -7.5125 -3.0368 0.9704 0.4768 0.9783 0.4961 0.9737 0.4991
3 16 2.9087 10.3695 -9.7197 2.5249 10.3351 -8.936 2.5811 5.8326 -8.5757 0.7144 0.3561 0.7143 0.3458 0.7621 0.3416
3 16 2.5811 5.8326 -8.5757 2.5249 10.3351 -8.936 2.5175 6.1123 -8.2328 0.7621 0.3416 0.7143 0.3458 0.758 0.3372
3 16 2.5843 11.362 -9.7762 2.466 11.1399 -9.0399 2.9087 10.3695 -9.7197 0.7027 0.3549 0.7061 0.347 0.7144 0.3561
3 16 2.9087 10.3695 -9.7197 2.466 11.1399 -9.0399 2.5249 10.3351 -8.936 0.7144 0.3561 0.7061 0.347 0.7143 0.3458
3 16 1.597 11.7564 -9.7597 1.5981 11.35 -9.0401 2.5843 11.362 -9.7762 0.8788 0.1931 0.8886 0.1931 0.8813 0.205
3 16 2.5843 11.362 -9.7762 1.5981 11.35 -9.0401 2.466 11.1399 -9.0399 0.8813 0.205 0.8886 0.1931 0.889 0.2016
3 16 1.597 11.7564 -9.7597 -1.5969 11.7564 -9.7596 1.5981 11.35 -9.0401 0.8788 0.1931 0.8782 0.1569 0.8886 0.1931
3 16 1.5981 11.35 -9.0401 -1.5969 11.7564 -9.7596 -1.5986 11.3499 -9.04 0.8886 0.1931 0.8782 0.1569 0.888 0.1566
3 16 -1.5986 11.3499 -9.04 -1.5969 11.7564 -9.7596 -2.2854 11.0652 -9.0389 0.888 0.1566 0.8782 0.1569 0.889 0.1483
3 16 -2.2854 11.0652 -9.0389 -1.5969 11.7564 -9.7596 -2.584 11.3616 -9.7759 0.889 0.1483 0.8782 0.1569 0.8803 0.145
3 16 -2.5248 10.3368 -8.9357 -2.2854 11.0652 -9.0389 -2.9086 10.3697 -9.7195 0.4039 0.8246 0.4126 0.8252 0.4039 0.8348
3 16 -2.9086 10.3697 -9.7195 -2.2854 11.0652 -9.0389 -2.584 11.3616 -9.7759 0.4039 0.8348 0.4126 0.8252 0.4157 0.8339
3 16 2.9086 -10.3693 -9.7195 2.4813 -5.8327 -8.5756 2.5247 -10.3368 -8.9356 0.9466 0.3561 0.8988 0.3417 0.9471 0.3458
3 16 2.5247 -10.3368 -8.9356 2.4813 -5.8327 -8.5756 2.5177 -6.1117 -8.2349 0.9471 0.3458 0.8988 0.3417 0.9029 0.3372
3 16 7.5826 -19.806 -10.1848 4.7964 -21.783 -10.1849 7.4344 -19.6578 -12.659 0.0957 0.6604 0.0966 0.622 0.1232 0.6607
3 16 7.4344 -19.6578 -12.659 4.7964 -21.783 -10.1849 4.6112 -21.6244 -12.6599 0.1232 0.6607 0.0966 0.622 0.1243 0.6222
3 16 6.8063 -17.8708 -13.5347 7.4344 -19.6578 -12.659 3.8748 -19.7421 -13.4781 0.8043 0.9152 0.8131 0.9365 0.7721 0.9378
3 16 3.8748 -19.7421 -13.4781 7.4344 -19.6578 -12.659 4.6112 -21.6244 -12.6599 0.7721 0.9378 0.8131 0.9365 0.7822 0.96
3 16 0 -10.2614 -15.2781 6.8063 -17.8708 -13.5347 3.8748 -19.7421 -13.4781 0.7229 0.832 0.8043 0.9152 0.7721 0.9378
3 16 0 -10.2614 -15.2781 3.8748 -19.7421 -13.4781 0 -22.5297 -13.1446 0.7229 0.832 0.7721 0.9378 0.7299 0.9715
3 16 0 -10.2614 -15.2781 0 -22.5297 -13.1446 -3.874 -19.7406 -13.4724 0.7229 0.832 0.7299 0.9715 0.6846 0.9422
3 16 -6.806 -17.8702 -13.5323 0 -10.2614 -15.2781 -3.874 -19.7406 -13.4724 0.6503 0.923 0.7229 0.832 0.6846 0.9422
3 16 -6.806 -17.8702 -13.5323 -3.874 -19.7406 -13.4724 -7.4414 -19.6692 -12.659 0.6503 0.923 0.6846 0.9422 0.6436 0.945
3 16 -7.4414 -19.6692 -12.659 -3.874 -19.7406 -13.4724 -4.6127 -21.6266 -12.6599 0.6436 0.945 0.6846 0.9422 0.6768 0.9654
3 16 -7.5825 -19.806 -10.1848 -7.4414 -19.6692 -12.659 -4.7964 -21.783 -10.1849 0.0337 0.8168 0.0612 0.8171 0.0338 0.8552
3 16 -4.7964 -21.783 -10.1849 -7.4414 -19.6692 -12.659 -4.6127 -21.6266 -12.6599 0.0338 0.8552 0.0612 0.8171 0.0615 0.8556
3 16 -1.6452 -12.6561 -10.1773 -7.5825 -19.806 -10.1848 -4.7964 -21.783 -10.1849 0.3397 0.485 0.4067 0.5642 0.3758 0.5871
3 16 1.6452 -12.6561 -10.1773 7.5826 -19.806 -10.1848 3.3674 -12.0323 -10.1775 0.3028 0.4853 0.2371 0.5656 0.2834 0.4785
3 16 3.3674 -12.0323 -10.1775 7.5826 -19.806 -10.1848 10.4884 -18.0065 -10.1848 0.2834 0.4785 0.2371 0.5656 0.204 0.5461
3 16 -2.008 3.7264 -3.483 -1.0395 3.8421 -3.8832 -0.0006 3.7175 -3.4733 0.8725 0.089 0.8679 0.0782 0.8727 0.0668
3 16 2.008 3.7264 -3.483 -0.0006 3.7175 -3.4733 1.0395 3.8421 -3.8832 0.8729 0.0445 0.8727 0.0668 0.8681 0.0552
3 16 -0.0006 3.7175 -3.4733 2.008 3.7264 -3.483 2.864 3.4519 -2.8152 0.8727 0.0668 0.8729 0.0445 0.881 0.0351
3 16 0.0006 -3.7175 -3.4733 -2.008 -3.7264 -3.483 -2.864 -3.452 -2.8153 0.9816 0.0676 0.9815 0.0899 0.9733 0.0993
3 16 2.5181 6.2483 -4.1072 2.5177 6.2478 -7.5639 2.5188 7.5125 -3.0368 0.7576 0.2913 0.7561 0.329 0.7435 0.2787
3 16 2.5188 7.5125 -3.0368 2.5177 6.2478 -7.5639 2.5249 10.3351 -8.936 0.7435 0.2787 0.7561 0.329 0.7143 0.3458
3 16 -2.5248 10.3368 -8.9357 -2.5188 7.5125 -3.0368 -2.5246 9.5086 -2.4592 0.4039 0.8246 0.375 0.7573 0.3964 0.7518
3 16 -2.5181 -6.2483 -4.1072 -2.5177 -6.2478 -7.5636 -2.5188 -7.5125 -3.0368 0.2146 0.7696 0.2131 0.8074 0.2005 0.757
3 16 -2.5188 -7.5125 -3.0368 -2.5177 -6.2478 -7.5636 -2.5248 -10.3368 -8.9357 0.2005 0.757 0.2131 0.8074 0.1713 0.824
3 16 1.5672 7.5231 0.7512 1.6123 10.2797 -2.0624 0 7.5232 0.7599 0.3311 0.9288 0.3328 0.8854 0.3487 0.9287
3 16 0 7.5232 0.7599 1.6123 10.2797 -2.0624 -1.6131 10.2798 -2.0625 0.3487 0.9287 0.3328 0.8854 0.3667 0.8851
3 16 -2.62 5.4504 -8.8019 -2.5811 5.8326 -8.5757 -2.8718 6.4017 -9.7732 0.35 0.823 0.3561 0.8204 0.3594 0.834
3 16 -2.5811 5.8326 -8.5757 -2.9086 10.3697 -9.7195 -2.8718 6.4017 -9.7732 0.3561 0.8204 0.4039 0.8348 0.3594 0.834
3 16 2.8718 -6.4018 -9.7733 3.7455 -6.1289 -10.1773 2.8715 6.4017 -9.7729 0.9025 0.3552 0.8987 0.3654 0.7585 0.3549
3 16 2.8715 6.4017 -9.7729 3.7455 -6.1289 -10.1773 3.7455 6.4561 -10.1773 0.7585 0.3549 0.8987 0.3654 0.7586 0.3654
3 16 18.3102 10.9574 -10.1851 3.7455 6.4561 -10.1773 20.3917 6.3521 -10.1849 0.1136 0.2218 0.2774 0.2709 0.0906 0.2737
3 16 20.3917 6.3521 -10.1849 3.7455 6.4561 -10.1773 3.7455 -6.1289 -10.1773 0.0906 0.2737 0.2774 0.2709 0.2786 0.4122
3 16 -18.3107 10.9576 -10.1851 -20.3922 6.3523 -10.1849 -3.7455 6.4613 -10.1773 0.5245 0.2184 0.5483 0.2699 0.3615 0.2701
3 16 -3.7455 6.4613 -10.1773 -20.3922 6.3523 -10.1849 -3.7455 -5.8629 -10.1773 0.3615 0.2701 0.5483 0.2699 0.3626 0.4085
3 16 -3.7455 6.4613 -10.1773 -3.7455 -5.8629 -10.1773 -2.8718 6.4017 -9.7732 0.3597 0.8443 0.222 0.8439 0.3594 0.834
3 16 -2.8718 6.4017 -9.7732 -3.7455 -5.8629 -10.1773 -2.8719 -6.0932 -9.7733 0.3594 0.834 0.222 0.8439 0.2192 0.8336
3 16 -3.7455 -5.8629 -10.1773 -3.746 -10.447 -10.1775 -2.8719 -6.0932 -9.7733 0.222 0.8439 0.1713 0.8454 0.2192 0.8336
3 16 -2.8719 -6.0932 -9.7733 -3.746 -10.447 -10.1775 -2.9085 -10.3695 -9.7195 0.2192 0.8336 0.1713 0.8454 0.1713 0.8343
3 16 -2.864 3.452 -2.8153 -2.8472 5.501 -2.8449 -2.008 3.7264 -3.483 0.5696 0.1559 0.5703 0.1783 0.5576 0.1598
3 16 -2.008 3.7264 -3.483 -2.8472 5.501 -2.8449 -2.0131 5.4994 -3.4853 0.5576 0.1598 0.5703 0.1783 0.5586 0.1792
3 16 -2.864 3.452 -2.8153 -3.4911 2.8181 -1.986 -2.8472 5.501 -2.8449 0.5696 0.1559 0.5811 0.148 0.5703 0.1783
3 16 -2.8472 5.501 -2.8449 -3.4911 2.8181 -1.986 -3.4907 7.5177 -2.0083 0.5703 0.1783 0.5811 0.148 0.5836 0.1968
3 16 2.864 -3.4519 -2.8152 2.8472 -5.501 -2.8449 2.008 -3.7264 -3.483 0.7799 0.0741 0.7793 0.051 0.7918 0.0702
3 16 2.008 -3.7264 -3.483 2.8472 -5.501 -2.8449 2.0131 -5.4994 -3.4853 0.7918 0.0702 0.7793 0.051 0.791 0.0502
3 16 2.864 -3.4519 -2.8152 3.4912 -2.8181 -1.986 2.8472 -5.501 -2.8449 0.7799 0.0741 0.7683 0.082 0.7793 0.051
3 16 2.8472 -5.501 -2.8449 3.4912 -2.8181 -1.986 3.4907 -7.5177 -2.0083 0.7793 0.051 0.7683 0.082 0.7658 0.0332
3 16 -3.8808 -7.5177 1.0399 -3.8878 0 1.0417 -4.0177 -7.5176 0.0003 0.6168 0.0338 0.6157 0.1152 0.6052 0.0334
3 16 -4.0177 -7.5176 0.0003 -3.8878 0 1.0417 -4.025 0 0.0012 0.6052 0.0334 0.6157 0.1152 0.6039 0.1152
3 16 -3.4858 0 2.0125 -3.8878 0 1.0417 -3.4794 -7.5177 2.0088 0.6275 0.1151 0.6157 0.1152 0.6283 0.0342
3 16 -3.4794 -7.5177 2.0088 -3.8878 0 1.0417 -3.8808 -7.5177 1.0399 0.6283 0.0342 0.6157 0.1152 0.6168 0.0338
3 16 -2.8461 0 2.8461 -3.4858 0 2.0125 -2.8409 -7.5177 2.8409 0.6393 0.1151 0.6275 0.1151 0.6391 0.0342
3 16 -2.8409 -7.5177 2.8409 -3.4858 0 2.0125 -3.4794 -7.5177 2.0088 0.6391 0.0342 0.6275 0.1151 0.6283 0.0342
3 16 -2.0125 0 3.4858 -2.8461 0 2.8461 -2.0088 -7.5177 3.4794 0.6511 0.1151 0.6393 0.1151 0.6506 0.0341
3 16 -2.0088 -7.5177 3.4794 -2.8461 0 2.8461 -2.8409 -7.5177 2.8409 0.6506 0.0341 0.6393 0.1151 0.6391 0.0342
3 16 -1.0417 0 3.8878 -2.0125 0 3.4858 -1.0399 -7.5177 3.8808 0.6629 0.1151 0.6511 0.1151 0.6621 0.034
3 16 -1.0399 -7.5177 3.8808 -2.0125 0 3.4858 -2.0088 -7.5177 3.4794 0.6621 0.034 0.6511 0.1151 0.6506 0.0341
3 16 0 0 4.025 -1.0417 0 3.8878 0 -7.5177 4.0177 0.6747 0.115 0.6629 0.1151 0.6745 0.0343
3 16 0 -7.5177 4.0177 -1.0417 0 3.8878 -1.0399 -7.5177 3.8808 0.6745 0.0343 0.6629 0.1151 0.6621 0.034
3 16 1.0417 0 3.8878 0 0 4.025 1.0399 -7.5177 3.8808 0.6865 0.115 0.6747 0.115 0.6869 0.0339
3 16 1.0399 -7.5177 3.8808 0 0 4.025 0 -7.5177 4.0177 0.6869 0.0339 0.6747 0.115 0.6745 0.0343
3 16 2.0125 0 3.4858 1.0417 0 3.8878 2.0088 -7.5177 3.4794 0.6983 0.115 0.6865 0.115 0.6984 0.0339
3 16 2.0088 -7.5177 3.4794 1.0417 0 3.8878 1.0399 -7.5177 3.8808 0.6984 0.0339 0.6865 0.115 0.6869 0.0339
3 16 2.8461 0 2.8461 2.0125 0 3.4858 2.8409 -7.5177 2.8409 0.7101 0.1149 0.6983 0.115 0.7099 0.034
3 16 2.8409 -7.5177 2.8409 2.0125 0 3.4858 2.0088 -7.5177 3.4794 0.7099 0.034 0.6983 0.115 0.6984 0.0339
3 16 3.4858 0 2.0125 2.8461 0 2.8461 3.4794 -7.5177 2.0088 0.7219 0.1149 0.7101 0.1149 0.7211 0.0339
3 16 3.4794 -7.5177 2.0088 2.8461 0 2.8461 2.8409 -7.5177 2.8409 0.7211 0.0339 0.7101 0.1149 0.7099 0.034
3 16 3.8878 0 1.0417 3.4858 0 2.0125 3.8808 -7.5177 1.0399 0.7337 0.1149 0.7219 0.1149 0.7322 0.0336
3 16 3.8808 -7.5177 1.0399 3.4858 0 2.0125 3.4794 -7.5177 2.0088 0.7322 0.0336 0.7219 0.1149 0.7211 0.0339
3 16 2.0955 -6.2405 -4.4155 2.1077 -6.1458 -3.6731 2.5181 -6.2483 -4.1072 0.2247 0.6469 0.2339 0.6455 0.2283 0.6506
3 16 2.5181 -6.2483 -4.1072 2.1077 -6.1458 -3.6731 2.5202 -6.2045 -3.0467 0.2283 0.6506 0.2339 0.6455 0.2367 0.6489
3 16 -2.1077 -6.1458 -3.6731 -2.0131 -5.4994 -3.4853 -1.0934 -5.961 -4.1315 0.5587 0.042 0.5581 0.0508 0.5461 0.0441
3 16 -1.0934 -5.961 -4.1315 -2.0131 -5.4994 -3.4853 -1.0417 -5.4979 -3.8877 0.5461 0.0441 0.5581 0.0508 0.5462 0.0503
3 16 -2.1077 -6.1458 -3.6731 -1.0934 -5.961 -4.1315 -2.0955 -6.2405 -4.4155 0.234 0.6059 0.2307 0.6148 0.2249 0.6045
3 16 -2.0955 -6.2405 -4.4155 -1.0934 -5.961 -4.1315 -1.1238 -6.2405 -4.7091 0.2249 0.6045 0.2307 0.6148 0.2214 0.6141
3 16 1.0417 5.4979 -3.8877 1.0934 5.961 -4.1315 2.0131 5.4994 -3.4853 0.8032 0.1792 0.8033 0.1859 0.7912 0.1786
3 16 2.0131 5.4994 -3.4853 1.0934 5.961 -4.1315 2.1077 6.1458 -3.6731 0.7912 0.1786 0.8033 0.1859 0.7908 0.1881
3 16 2.1077 6.1458 -3.6731 1.0934 5.961 -4.1315 2.0955 6.2405 -4.4155 0.1798 0.922 0.1838 0.9134 0.19 0.9236
3 16 2.0955 6.2405 -4.4155 1.0934 5.961 -4.1315 1.1236 6.2405 -4.7082 0.19 0.9236 0.1838 0.9134 0.1926 0.9139
3 16 -2.5177 6.2478 -7.5636 2.5177 6.2478 -7.5639 1.1236 6.2405 -4.7082 0.2254 0.875 0.2247 0.9307 0.1926 0.9139
3 16 1.1236 6.2405 -4.7082 2.5177 6.2478 -7.5639 2.0955 6.2405 -4.4155 0.1926 0.9139 0.2247 0.9307 0.19 0.9236
3 16 -2.5202 6.2045 -3.0467 -2.5181 6.2483 -4.1072 -2.1077 6.1458 -3.6731 0.1782 0.8785 0.1858 0.8778 0.1803 0.8828
3 16 -2.1077 6.1458 -3.6731 -2.5181 6.2483 -4.1072 -2.0955 6.2405 -4.4155 0.1803 0.8828 0.1858 0.8778 0.1904 0.8827
3 16 -2.5177 6.2478 -7.5636 -2.0955 6.2405 -4.4155 -2.5181 6.2483 -4.1072 0.2254 0.875 0.1904 0.8827 0.1858 0.8778
3 16 2.5177 -6.2478 -7.5639 2.0955 -6.2405 -4.4155 2.5181 -6.2483 -4.1072 0.1897 0.6533 0.2247 0.6469 0.2283 0.6506
3 16 -2.5177 -6.2478 -7.5636 -2.0955 -6.2405 -4.4155 -1.1238 -6.2405 -4.7091 0.1897 0.5978 0.2249 0.6045 0.2214 0.6141
3 16 -1.0417 -5.4979 -3.8877 0 -5.4977 -4.0248 -1.0934 -5.961 -4.1315 0.5462 0.0503 0.5344 0.0508 0.5461 0.0441
3 16 -1.0934 -5.961 -4.1315 0 -5.4977 -4.0248 0 -5.9524 -4.2769 0.5461 0.0441 0.5344 0.0508 0.5337 0.0448
3 16 -1.0934 -5.961 -4.1315 0 -5.9524 -4.2769 -1.1238 -6.2405 -4.7091 0.2307 0.6148 0.2288 0.6257 0.2214 0.6141
3 16 -1.1238 -6.2405 -4.7091 0 -5.9524 -4.2769 0 -6.2406 -4.8441 0.2214 0.6141 0.2288 0.6257 0.2207 0.6257
0 STEP
