0 Untitled Model
0 Name: Untitled Model
0 Author: 
0 BFC CERTIFY CCW
3 16 15.4496 8.0177 13.1463 16.0782 8.0177 11.6287 15.4449 5.0317 13.1443 0.5724 0.7902 0.5724 0.809 0.5387 0.79
3 16 15.4449 5.0317 13.1443 16.0782 8.0177 11.6287 16.0738 4.9295 11.6258 0.5387 0.79 0.5724 0.809 0.5374 0.8093
3 16 15.4496 8.0177 13.1463 15.4449 5.0317 13.1443 14.4496 8.0177 14.4495 0.5724 0.7902 0.5387 0.79 0.5724 0.7711
3 16 14.4496 8.0177 14.4495 15.4449 5.0317 13.1443 14.444 4.7019 14.4483 0.5724 0.7711 0.5387 0.79 0.5348 0.771
3 16 14.4496 8.0177 14.4495 14.444 4.7019 14.4483 13.1465 8.0177 15.4495 0.5724 0.7711 0.5348 0.771 0.5724 0.7521
3 16 13.1465 8.0177 15.4495 14.444 4.7019 14.4483 13.1395 3.9226 15.4486 0.5724 0.7521 0.5348 0.771 0.5258 0.7523
3 16 13.1465 8.0177 15.4495 13.1395 3.9226 15.4486 11.6288 8.0177 16.0782 0.5724 0.7521 0.5258 0.7523 0.5724 0.7335
3 16 11.6288 8.0177 16.0782 13.1395 3.9226 15.4486 11.6209 2.8359 16.0768 0.5724 0.7335 0.5258 0.7523 0.513 0.7333
3 16 11.6288 8.0177 16.0782 11.6209 2.8359 16.0768 9.9997 8.0176 16.2925 0.5724 0.7335 0.513 0.7333 0.5722 0.7143
3 16 9.9997 8.0176 16.2925 11.6209 2.8359 16.0768 9.9923 1.6043 16.2906 0.5722 0.7143 0.513 0.7333 0.4988 0.7145
3 16 9.9997 8.0176 16.2925 9.9923 1.6043 16.2906 8.3786 7.8852 16.0518 0.5722 0.7143 0.4988 0.7145 0.5709 0.6953
3 16 8.3786 7.8852 16.0518 9.9923 1.6043 16.2906 8.3692 0.6093 16.0523 0.5709 0.6953 0.4988 0.7145 0.4875 0.6954
3 16 8.3786 7.8852 16.0518 8.3692 0.6093 16.0523 6.8541 8.0175 15.4496 0.5709 0.6953 0.4875 0.6954 0.5722 0.6764
3 16 6.8541 8.0175 15.4496 8.3692 0.6093 16.0523 6.8457 -0.6153 15.446 0.5722 0.6764 0.4875 0.6954 0.4732 0.6766
3 16 6.8541 8.0175 15.4496 6.8457 -0.6153 15.446 5.5505 8.0177 14.4496 0.5722 0.6764 0.4732 0.6766 0.5724 0.6574
3 16 5.5505 8.0177 14.4496 6.8457 -0.6153 15.446 5.5436 -1.4375 14.4465 0.5724 0.6574 0.4732 0.6766 0.4636 0.6576
3 16 5.5505 8.0177 14.4496 5.5436 -1.4375 14.4465 4.55 8.0177 13.1456 0.5724 0.6574 0.4636 0.6576 0.5724 0.6386
3 16 4.55 8.0177 13.1456 5.5436 -1.4375 14.4465 4.5436 -2.0101 13.142 0.5724 0.6386 0.4636 0.6576 0.457 0.6386
3 16 14.4497 8.0177 5.5506 13.1463 8.0177 4.5504 14.4431 1.7809 5.5468 0.5724 0.885 0.5724 0.9038 0.5008 0.8848
3 16 14.4431 1.7809 5.5468 13.1463 8.0177 4.5504 13.1393 0.83 4.5472 0.5008 0.8848 0.5724 0.9038 0.4898 0.9038
3 16 15.4497 8.0177 6.8538 14.4497 8.0177 5.5506 15.4437 2.756 6.8498 0.5724 0.8657 0.5724 0.885 0.512 0.866
3 16 15.4437 2.756 6.8498 14.4497 8.0177 5.5506 14.4431 1.7809 5.5468 0.512 0.866 0.5724 0.885 0.5008 0.8848
3 16 16.0783 8.0177 8.3715 15.4497 8.0177 6.8538 16.073 3.673 8.3675 0.5724 0.8471 0.5724 0.8657 0.5227 0.847
3 16 16.073 3.673 8.3675 15.4497 8.0177 6.8538 15.4437 2.756 6.8498 0.5227 0.847 0.5724 0.8657 0.512 0.866
3 16 16.2926 8.0177 10.0001 16.0783 8.0177 8.3715 16.288 4.4396 9.9965 0.5724 0.828 0.5724 0.8471 0.5317 0.828
3 16 16.288 4.4396 9.9965 16.0783 8.0177 8.3715 16.073 3.673 8.3675 0.5317 0.828 0.5724 0.8471 0.5227 0.847
3 16 16.0782 8.0177 11.6287 16.2926 8.0177 10.0001 16.0738 4.9295 11.6258 0.5724 0.809 0.5724 0.828 0.5374 0.8093
3 16 16.0738 4.9295 11.6258 16.2926 8.0177 10.0001 16.288 4.4396 9.9965 0.5374 0.8093 0.5724 0.828 0.5317 0.828
3 16 7.8818 0.5411 17.86 9.3678 1.7145 18.0566 7.8927 8.0181 17.8633 0.1591 0.6202 0.1455 0.6373 0.0733 0.6196
3 16 7.8927 8.0181 17.8633 9.3678 1.7145 18.0566 9.3779 8.0179 18.0591 0.0733 0.6196 0.1455 0.6373 0.0731 0.6368
3 16 5.9213 -0.8308 17.0467 7.8818 0.5411 17.86 5.9292 8.0177 17.0504 0.1751 0.596 0.1591 0.6202 0.0735 0.5952
3 16 5.9292 8.0177 17.0504 7.8818 0.5411 17.86 7.8927 8.0181 17.8633 0.0735 0.5952 0.1591 0.6202 0.0733 0.6196
3 16 4.2376 -1.8571 15.7534 5.9213 -0.8308 17.0467 4.2432 8.0177 15.7566 0.1871 0.5717 0.1751 0.596 0.0737 0.5709
3 16 4.2432 8.0177 15.7566 5.9213 -0.8308 17.0467 5.9292 8.0177 17.0504 0.0737 0.5709 0.1751 0.596 0.0735 0.5952
3 16 2.9455 -2.562 14.0681 4.2376 -1.8571 15.7534 2.9495 8.0177 14.0706 0.1954 0.5474 0.1871 0.5717 0.0738 0.5465
3 16 2.9495 8.0177 14.0706 4.2376 -1.8571 15.7534 4.2432 8.0177 15.7566 0.0738 0.5465 0.1871 0.5717 0.0737 0.5709
3 16 14.0703 8.0177 2.9493 15.7566 8.0176 4.2431 14.0742 6.4021 2.9431 0.3835 0.6777 0.3835 0.6531 0.4019 0.6776
3 16 14.0742 6.4021 2.9431 15.7566 8.0176 4.2431 15.9292 6.4163 4.4286 0.4019 0.6776 0.3835 0.6531 0.4018 0.6507
3 16 15.7566 8.0176 4.2431 17.0497 8.0177 5.9282 15.9292 6.4163 4.4286 0.3835 0.6531 0.3836 0.6289 0.4018 0.6507
3 16 15.9292 6.4163 4.4286 17.0497 8.0177 5.9282 17.0217 6.4122 5.8729 0.4018 0.6507 0.3836 0.6289 0.4018 0.6298
3 16 10.002 0.0144 -6.2356 9.9962 -1.655 -4.9805 9.996 -1.3961 -2.5467 0.0459 0.7304 0.0605 0.7111 0.0886 0.714
3 16 -0.0972 -3.8482 7.9204 -2.034 -4.1786 7.9205 -0.0959 -3.8554 9.9823 0.3031 0.9624 0.3258 0.9624 0.303 0.9861
3 16 -0.0959 -3.8554 9.9823 -2.034 -4.1786 7.9205 -2.033 -4.1858 9.9823 0.303 0.9861 0.3258 0.9624 0.3258 0.9862
3 16 -0.0972 -3.8482 7.9204 -0.0964 -3.8553 6.3857 -2.034 -4.1786 7.9205 0.3031 0.9624 0.3031 0.9449 0.3258 0.9624
3 16 -2.034 -4.1786 7.9205 -0.0964 -3.8553 6.3857 -2.033 -4.1858 6.372 0.3258 0.9624 0.3031 0.9449 0.3254 0.9444
3 16 1.3286 -3.5054 7.9179 -0.0972 -3.8482 7.9204 1.0792 -3.5128 9.9821 0.2862 0.9624 0.3031 0.9624 0.2889 0.9863
3 16 1.0792 -3.5128 9.9821 -0.0972 -3.8482 7.9204 -0.0959 -3.8554 9.9823 0.2889 0.9863 0.3031 0.9624 0.303 0.9861
3 16 -0.0972 -3.8482 7.9204 1.3286 -3.5054 7.9179 -0.0964 -3.8553 6.3857 0.3031 0.9624 0.2862 0.9624 0.3031 0.9449
3 16 -0.0964 -3.8553 6.3857 1.3286 -3.5054 7.9179 1.5291 -3.5135 6.2131 0.3031 0.9449 0.2862 0.9624 0.2839 0.943
3 16 2.1335 -3.2725 7.894 1.3286 -3.5054 7.9179 1.8929 -3.2361 9.9854 0.2769 0.9622 0.2862 0.9624 0.2789 0.9865
3 16 1.8929 -3.2361 9.9854 1.3286 -3.5054 7.9179 1.0792 -3.5128 9.9821 0.2789 0.9865 0.2862 0.9624 0.2889 0.9863
3 16 7.4199 -2.2853 -2.2278 7.1766 -2.5503 -4.8286 6.0277 -2.7662 -2.0374 0.8935 0.0379 0.9235 0.0413 0.8915 0.0546
3 16 6.0277 -2.7662 -2.0374 7.1766 -2.5503 -4.8286 4.4277 -3.2838 -4.6142 0.8915 0.0546 0.9235 0.0413 0.9212 0.0739
3 16 7.6318 -2.0549 0.032 7.4199 -2.2853 -2.2278 6.4302 -2.4745 0.1417 0.8674 0.0349 0.8935 0.0379 0.8663 0.0494
3 16 6.4302 -2.4745 0.1417 7.4199 -2.2853 -2.2278 6.0277 -2.7662 -2.0374 0.8663 0.0494 0.8935 0.0379 0.8915 0.0546
3 16 7.6318 -2.0549 0.032 6.4302 -2.4745 0.1417 6.2924 -2.3967 2.7978 0.8674 0.0349 0.8663 0.0494 0.8356 0.0509
3 16 6.2924 -2.3967 2.7978 6.4302 -2.4745 0.1417 5.4482 -2.5281 3.2597 0.8356 0.0509 0.8663 0.0494 0.8303 0.0606
3 16 7.4199 -2.2853 -2.2278 9.996 -1.3961 -2.5467 7.1766 -2.5503 -4.8286 0.8935 0.0379 0.8969 0.0063 0.9235 0.0413
3 16 7.1766 -2.5503 -4.8286 9.996 -1.3961 -2.5467 9.9962 -1.655 -4.9805 0.9235 0.0413 0.8969 0.0063 0.925 0.0071
3 16 7.6318 -2.0549 0.032 9.9958 -1.1527 -0.2576 7.4199 -2.2853 -2.2278 0.8674 0.0349 0.8705 0.0056 0.8935 0.0379
3 16 7.4199 -2.2853 -2.2278 9.9958 -1.1527 -0.2576 9.996 -1.3961 -2.5467 0.8935 0.0379 0.8705 0.0056 0.8969 0.0063
3 16 7.8866 -1.8466 2.1367 9.9982 -0.9268 1.8802 7.6318 -2.0549 0.032 0.843 0.0315 0.8457 0.0049 0.8674 0.0349
3 16 7.6318 -2.0549 0.032 9.9982 -0.9268 1.8802 9.9958 -1.1527 -0.2576 0.8674 0.0349 0.8457 0.0049 0.8705 0.0056
3 16 -2.033 -4.1858 6.372 -2.0305 -4.7223 6.372 -6.2409 -4.7192 6.3771 0.6002 0.3549 0.6002 0.3612 0.5509 0.3611
3 16 -0.0964 -3.8553 6.3857 -0.0509 -4.7222 6.3715 -2.033 -4.1858 6.372 0.6225 0.3507 0.6233 0.3612 0.6002 0.3549
3 16 -2.033 -4.1858 6.372 -0.0509 -4.7222 6.3715 -2.0305 -4.7223 6.372 0.6002 0.3549 0.6233 0.3612 0.6002 0.3612
3 16 4.8391 -0.2895 8.4627 2.1361 -0.2899 7.8935 4.6398 -0.2922 9.987 0.1403 0.0158 0.1232 0.042 0.1262 0.0049
3 16 4.6398 -0.2922 9.987 2.1361 -0.2899 7.8935 1.8955 -0.2937 9.9845 0.1262 0.0049 0.1232 0.042 0.1042 0.027
3 16 7.8931 -0.29 2.1361 6.2868 -0.2899 2.8014 8.3956 -0.2896 4.7453 0.2166 0.042 0.1982 0.0496 0.1996 0.017
3 16 8.3956 -0.2896 4.7453 6.2868 -0.2899 2.8014 7.2693 -0.2895 5.2275 0.1996 0.017 0.1982 0.0496 0.1865 0.0223
3 16 6.2924 -2.3967 2.7978 5.4482 -2.5281 3.2597 6.2868 -0.2899 2.8014 0.9473 0.5934 0.9457 0.5825 0.9715 0.593
3 16 6.2868 -0.2899 2.8014 5.4482 -2.5281 3.2597 5.2597 -0.2899 3.4178 0.9715 0.593 0.9457 0.5825 0.9713 0.5793
3 16 2.9961 -4.7286 5.6476 3.0073 -2.909 5.6306 4.2435 -4.7223 4.2431 0.9198 0.5432 0.9406 0.5431 0.9203 0.5649
3 16 4.2435 -4.7223 4.2431 3.0073 -2.909 5.6306 4.2382 -2.5457 4.2381 0.9203 0.5649 0.9406 0.5431 0.9455 0.5645
3 16 -0.0509 -4.7222 6.3715 -0.0964 -3.8553 6.3857 1.5343 -4.7223 6.2126 0.6233 0.3612 0.6225 0.3507 0.6419 0.3612
3 16 1.5343 -4.7223 6.2126 -0.0964 -3.8553 6.3857 1.5291 -3.5135 6.2131 0.6419 0.3612 0.6225 0.3507 0.6418 0.3471
3 16 19.5771 3.2062 10.5461 21.2551 3.2 7.302 21.0782 3.71 7.6197 0.4449 0.1026 0.4865 0.1037 0.4821 0.1093
3 16 23.4465 2.7573 1.6606 21.3619 2.7575 5.9267 19.8923 0.339 1.0299 0.143 0.0584 0.1928 0.0805 0.1339 0.1072
3 16 19.8923 0.339 1.0299 21.3619 2.7575 5.9267 16.9183 0.4588 8.5174 0.1339 0.1072 0.1928 0.0805 0.2209 0.1386
3 16 21.2166 2.8803 6.5414 16.9183 0.4588 8.5174 21.3619 2.7575 5.9267 0.2003 0.0814 0.2209 0.1386 0.1928 0.0805
3 16 21.0153 4.3703 7.7457 20.9354 6.478 7.9054 19.5771 3.2062 10.5461 0.4802 0.1169 0.4774 0.1411 0.4449 0.1026
3 16 20.7068 7.5305 8.3628 19.5771 3.2062 10.5461 20.9354 6.478 7.9054 0.4712 0.1529 0.4449 0.1026 0.4774 0.1411
3 16 28.2854 3.1919 -6.7835 26.8512 4.3735 -3.9256 26.7838 3.6867 -3.7905 0.8267 0.6628 0.8131 0.626 0.8212 0.6245
3 16 27.1372 7.57 -4.5118 28.2854 3.1919 -6.7835 27.523 8.0174 -5.2695 0.7767 0.634 0.8267 0.6628 0.7713 0.6441
3 16 26.9399 6.6603 -4.1031 26.8512 4.3735 -3.9256 28.2854 3.1919 -6.7835 0.7868 0.6291 0.8131 0.626 0.8267 0.6628
3 16 20.208 8.0218 9.3461 19.8104 8.0176 10.1556 19.5771 3.2062 10.5461 0.4591 0.1578 0.4481 0.1577 0.4449 0.1026
3 16 2.9455 -2.562 14.0681 1.2519 -2.0232 26.2313 4.2376 -1.8571 15.7534 0.8063 0.4747 0.8232 0.6152 0.7897 0.4942
3 16 4.2376 -1.8571 15.7534 1.2519 -2.0232 26.2313 2.5433 -1.272 26.2311 0.7897 0.4942 0.8232 0.6152 0.806 0.6156
3 16 2.0281 -3.0623 11.9539 -1.3244 -3.974 11.9549 0.1088 -2.627 26.2317 0.8181 0.4501 0.8581 0.4502 0.838 0.6149
3 16 0.1088 -2.627 26.2317 -1.3244 -3.974 11.9549 -1.3801 -3.2904 26.2319 0.838 0.6149 0.8581 0.4502 0.8567 0.6148
3 16 3.5526 -0.5831 26.2309 5.9213 -0.8308 17.0467 2.5433 -1.272 26.2311 0.792 0.6161 0.7673 0.5095 0.806 0.6156
3 16 2.5433 -1.272 26.2311 5.9213 -0.8308 17.0467 4.2376 -1.8571 15.7534 0.806 0.6156 0.7673 0.5095 0.7897 0.4942
3 16 7.4782 3.0283 26.2326 6.2937 1.7378 26.2303 7.4831 8.0128 26.232 0.6355 0.7749 0.6502 0.7888 0.5782 0.7749
3 16 20.9614 2.7848 0.5148 20.3969 2.7746 0.2396 18.8477 2.7953 4.7861 0.7232 0.3591 0.716 0.3598 0.7231 0.3032
3 16 18.8477 2.7953 4.7861 20.3969 2.7746 0.2396 18.2561 2.775 4.5053 0.7231 0.3032 0.716 0.3598 0.7154 0.3033
3 16 23.7701 8.0177 -10.0177 24.149 8.0207 -6.1515 24.5888 8.0249 -6.0834 0.425 0.9343 0.4294 0.892 0.4345 0.8911
3 16 19.9218 2.7748 0.0113 17.9494 2.775 4.0487 20.3969 2.7746 0.2396 0.9848 0.0813 0.9852 0.0294 0.9908 0.0814
3 16 20.3969 2.7746 0.2396 17.9494 2.775 4.0487 18.2561 2.775 4.5053 0.9908 0.0814 0.9852 0.0294 0.9906 0.0263
3 16 16.9373 2.7724 5.763 17.9494 2.775 4.0487 16.2988 2.7719 4.8755 0.9835 0.0064 0.9852 0.0294 0.9724 0.0122
3 16 16.2988 2.7719 4.8755 17.9494 2.775 4.0487 17.186 2.7732 2.7549 0.9724 0.0122 0.9852 0.0294 0.9708 0.0389
3 16 16.9373 2.7724 5.763 16.2988 2.7719 4.8755 16.9651 3.7769 5.7882 0.4439 0.6314 0.4439 0.6439 0.4321 0.631
3 16 16.9651 3.7769 5.7882 16.2988 2.7719 4.8755 16.1977 3.8751 4.7345 0.4321 0.631 0.4439 0.6439 0.431 0.646
3 16 23.0976 2.7724 -6.2388 20.9788 2.7722 -6.2404 21.8941 2.7745 -4.0262 0.9855 0.1625 0.9636 0.1516 0.9845 0.1333
3 16 21.8941 2.7745 -4.0262 20.9788 2.7722 -6.2404 20.1093 2.7736 -4.1899 0.9845 0.1333 0.9636 0.1516 0.9653 0.1258
3 16 11.9483 -1.1877 -6.2342 16.0806 0.7199 -4.5475 20.9788 2.7722 -6.2404 0.8283 0.7143 0.8844 0.7146 0.9346 0.7545
3 16 20.9788 2.7722 -6.2404 16.0806 0.7199 -4.5475 20.1093 2.7736 -4.1899 0.9346 0.7545 0.8844 0.7146 0.9346 0.7288
3 16 15.9292 6.4163 4.4286 17.0217 6.4122 5.8729 16.1977 3.8751 4.7345 0.4018 0.6507 0.4018 0.6298 0.431 0.646
3 16 16.1977 3.8751 4.7345 17.0217 6.4122 5.8729 16.9651 3.7769 5.7882 0.431 0.646 0.4018 0.6298 0.4321 0.631
3 16 14.0742 6.4021 2.9431 15.9292 6.4163 4.4286 14.0746 3.8442 2.9434 0.4019 0.6776 0.4018 0.6507 0.4313 0.6776
3 16 14.0746 3.8442 2.9434 15.9292 6.4163 4.4286 16.1977 3.8751 4.7345 0.4313 0.6776 0.4018 0.6507 0.431 0.646
3 16 11.9581 3.5633 2.1391 11.9581 6.3923 2.1391 14.0746 3.8442 2.9434 0.4345 0.7039 0.402 0.7039 0.4313 0.6776
3 16 14.0746 3.8442 2.9434 11.9581 6.3923 2.1391 14.0742 6.4021 2.9431 0.4313 0.6776 0.402 0.7039 0.4019 0.6776
3 16 11.9581 6.3923 2.1391 11.9625 6.3992 1.4936 11.9551 8.013 2.1411 0.1207 0.8275 0.1206 0.8339 0.1022 0.8275
3 16 11.9551 8.013 2.1411 11.9625 6.3992 1.4936 11.9483 -1.1877 -6.2342 0.1022 0.8275 0.1206 0.8339 0.208 0.9241
3 16 14.0617 1.021 2.9455 16.2988 2.7719 4.8755 17.186 2.7732 2.7549 0.8968 0.6265 0.9346 0.6156 0.9346 0.6421
3 16 14.0617 1.021 2.9455 14.0746 3.8442 2.9434 16.2988 2.7719 4.8755 0.4637 0.6776 0.4313 0.6776 0.4439 0.6439
3 16 16.2988 2.7719 4.8755 14.0746 3.8442 2.9434 16.1977 3.8751 4.7345 0.4439 0.6439 0.4313 0.6776 0.431 0.646
3 16 19.8104 8.0176 10.1556 20.208 8.0218 9.3461 17.5917 8.025 8.9286 0.3731 0.6996 0.378 0.7088 0.3497 0.7144
3 16 17.5917 8.025 8.9286 20.208 8.0218 9.3461 17.9051 8.0227 7.4257 0.3497 0.7144 0.378 0.7088 0.3537 0.7317
3 16 23.4465 2.7573 1.6606 21.5212 2.801 0.7869 21.3619 2.7575 5.9267 0.7531 0.359 0.7304 0.3591 0.7533 0.3039
3 16 21.3619 2.7575 5.9267 21.5212 2.801 0.7869 19.43 2.8276 5.061 0.7533 0.3039 0.7304 0.3591 0.7307 0.3028
3 16 27.523 8.0174 -5.2695 28.2842 8.0112 -6.784 24.5888 8.0249 -6.0834 0.4672 0.8825 0.4754 0.8992 0.4345 0.8911
3 16 11.9467 1.7797 11.9537 3.9145 -2.4697 11.9479 4.5436 -2.0101 13.142 0.4229 0.801 0.4982 0.7269 0.5014 0.7434
3 16 15.4449 5.0317 13.1443 16.0738 4.9295 11.6258 11.9467 1.7797 11.9537 0.3945 0.8496 0.3781 0.8406 0.4229 0.801
3 16 14.444 4.7019 14.4483 15.4449 5.0317 13.1443 11.9467 1.7797 11.9537 0.4143 0.852 0.3945 0.8496 0.4229 0.801
3 16 11.9467 1.7797 11.9537 13.1395 3.9226 15.4486 14.444 4.7019 14.4483 0.4229 0.801 0.4346 0.8479 0.4143 0.852
3 16 11.6209 2.8359 16.0768 13.1395 3.9226 15.4486 11.9467 1.7797 11.9537 0.4543 0.8379 0.4346 0.8479 0.4229 0.801
3 16 9.9923 1.6043 16.2906 11.6209 2.8359 16.0768 11.9467 1.7797 11.9537 0.4726 0.8227 0.4543 0.8379 0.4229 0.801
3 16 8.3692 0.6093 16.0523 9.9923 1.6043 16.2906 11.9467 1.7797 11.9537 0.4865 0.8054 0.4726 0.8227 0.4229 0.801
3 16 6.8457 -0.6153 15.446 8.3692 0.6093 16.0523 11.9467 1.7797 11.9537 0.4972 0.7843 0.4865 0.8054 0.4229 0.801
3 16 11.9467 1.7797 11.9537 14.4431 1.7809 5.5468 13.1393 0.83 4.5472 0.4229 0.801 0.3517 0.7639 0.3568 0.7425
3 16 16.073 3.673 8.3675 15.4437 2.756 6.8498 11.9467 1.7797 11.9537 0.3558 0.8072 0.3514 0.7859 0.4229 0.801
3 16 16.288 4.4396 9.9965 16.073 3.673 8.3675 11.9467 1.7797 11.9537 0.3647 0.8257 0.3558 0.8072 0.4229 0.801
3 16 11.9467 1.7797 11.9537 16.0738 4.9295 11.6258 16.288 4.4396 9.9965 0.4229 0.801 0.3781 0.8406 0.3647 0.8257
3 16 11.9519 8.0144 11.9519 3.9201 8.0173 11.9469 11.9467 1.7797 11.9537 0.0969 0.9488 0.0049 0.9488 0.0964 0.8766
3 16 11.9467 1.7797 11.9537 3.9201 8.0173 11.9469 3.9145 -2.4697 11.9479 0.0964 0.8766 0.0049 0.9488 0.0049 0.8278
3 16 17.9893 8.0116 13.7518 15.4496 8.0177 13.1463 16.0222 8.0191 14.8257 0.3506 0.6583 0.3236 0.6656 0.3275 0.6461
3 16 16.0222 8.0191 14.8257 15.4496 8.0177 13.1463 14.4496 8.0177 14.4495 0.3275 0.6461 0.3236 0.6656 0.3114 0.6506
3 16 11.5596 8.0243 18.2995 14.2382 8.0194 17.0318 11.6288 8.0177 16.0782 0.2754 0.6064 0.3055 0.6205 0.2779 0.6325
3 16 11.6288 8.0177 16.0782 14.2382 8.0194 17.0318 13.1465 8.0177 15.4495 0.2779 0.6325 0.3055 0.6205 0.2958 0.6393
3 16 13.5438 8.0191 19.7826 14.2382 8.0194 17.0318 11.5596 8.0243 18.2995 0.2959 0.5885 0.3055 0.6205 0.2754 0.6064
3 16 16.0222 8.0191 14.8257 14.4496 8.0177 14.4495 14.2382 8.0194 17.0318 0.3275 0.6461 0.3114 0.6506 0.3055 0.6205
3 16 14.2382 8.0194 17.0318 14.4496 8.0177 14.4495 13.1465 8.0177 15.4495 0.3055 0.6205 0.3114 0.6506 0.2958 0.6393
3 16 -1.0302 -6.5369 22.8851 -2.0173 -6.475 30.0181 -4.9388 -7.4043 22.8876 0.3835 0.3623 0.4654 0.3733 0.3835 0.4084
3 16 -4.9388 -7.4043 22.8876 -2.0173 -6.475 30.0181 -5.4064 -7.3557 30.0178 0.3835 0.4084 0.4654 0.3733 0.4652 0.4137
3 16 2.9041 -3.9811 30.0188 4.7662 -4.0314 22.8945 5.434 -2.0627 30.0193 0.4664 0.31 0.3844 0.2897 0.468 0.2737
3 16 5.434 -2.0627 30.0193 4.7662 -4.0314 22.8945 7.7278 -2.0363 23.2018 0.468 0.2737 0.3844 0.2897 0.3893 0.2488
3 16 -0.3382 -6.5749 17.8998 -1.0302 -6.5369 22.8851 -4.6124 -7.432 17.9022 0.3262 0.3546 0.3835 0.3623 0.3262 0.4048
3 16 -4.6124 -7.432 17.9022 -1.0302 -6.5369 22.8851 -4.9388 -7.4043 22.8876 0.3262 0.4048 0.3835 0.3623 0.3835 0.4084
3 16 4.7662 -4.0314 22.8945 6.0798 -4.0651 17.9241 7.7278 -2.0363 23.2018 0.3844 0.2897 0.327 0.2753 0.3893 0.2488
3 16 7.7278 -2.0363 23.2018 6.0798 -4.0651 17.9241 9.5685 -2.0408 17.9577 0.3893 0.2488 0.327 0.2753 0.3285 0.229
3 16 -4.6124 -7.432 17.9022 -4.9388 -7.4043 22.8876 -10.0167 -7.9956 17.9017 0.3262 0.4048 0.3835 0.4084 0.3263 0.467
3 16 -10.0167 -7.9956 17.9017 -4.9388 -7.4043 22.8876 -10.0166 -7.9953 22.8864 0.3263 0.467 0.3835 0.4084 0.3836 0.4669
3 16 -4.2866 -7.4563 12.9165 -4.6124 -7.432 17.9022 -10.0168 -7.9959 12.9162 0.269 0.4012 0.3262 0.4048 0.2692 0.4671
3 16 -10.0168 -7.9959 12.9162 -4.6124 -7.432 17.9022 -10.0167 -7.9956 17.9017 0.2692 0.4671 0.3262 0.4048 0.3263 0.467
3 16 0.3542 -6.6102 12.9165 -0.3382 -6.5749 17.8998 -4.2866 -7.4563 12.9165 0.2688 0.3469 0.3262 0.3546 0.269 0.4012
3 16 -4.2866 -7.4563 12.9165 -0.3382 -6.5749 17.8998 -4.6124 -7.432 17.9022 0.269 0.4012 0.3262 0.3546 0.3262 0.4048
3 16 6.0798 -4.0651 17.9241 7.4067 -4.1046 12.9136 9.5685 -2.0408 17.9577 0.327 0.2753 0.2692 0.2608 0.3285 0.229
3 16 9.5685 -2.0408 17.9577 7.4067 -4.1046 12.9136 11.4281 -2.0984 12.7743 0.3285 0.229 0.2692 0.2608 0.2683 0.2093
3 16 5.434 -2.0627 30.0193 7.7278 -2.0363 23.2018 7.6546 0.2047 30.0199 0.468 0.2737 0.3893 0.2488 0.4709 0.2375
3 16 7.6546 0.2047 30.0199 7.7278 -2.0363 23.2018 10.4546 0.2062 23.1299 0.4709 0.2375 0.3893 0.2488 0.3908 0.2082
3 16 7.7278 -2.0363 23.2018 9.5685 -2.0408 17.9577 10.4546 0.2062 23.1299 0.3893 0.2488 0.3285 0.229 0.3908 0.2082
3 16 10.4546 0.2062 23.1299 9.5685 -2.0408 17.9577 12.8114 0.3624 17.8972 0.3908 0.2082 0.3285 0.229 0.33 0.1827
3 16 -10.0168 -7.9959 12.9162 -10.0169 -7.9962 8.4981 -4.2866 -7.4563 12.9165 0.2692 0.4671 0.2185 0.4673 0.269 0.4012
3 16 -4.2866 -7.4563 12.9165 -10.0169 -7.9962 8.4981 -3.9987 -7.4736 8.4983 0.269 0.4012 0.2185 0.4673 0.2182 0.3981
3 16 0.9673 -6.637 8.4988 0.3542 -6.6102 12.9165 -3.9987 -7.4736 8.4983 0.218 0.3402 0.2688 0.3469 0.2182 0.3981
3 16 -3.9987 -7.4736 8.4983 0.3542 -6.6102 12.9165 -4.2866 -7.4563 12.9165 0.2182 0.3981 0.2688 0.3469 0.269 0.4012
3 16 7.4067 -4.1046 12.9136 8.581 -4.1307 8.4997 11.4281 -2.0984 12.7743 0.2692 0.2608 0.2182 0.248 0.2683 0.2093
3 16 11.4281 -2.0984 12.7743 8.581 -4.1307 8.4997 12.7635 -2.1209 8.545 0.2683 0.2093 0.2182 0.248 0.2194 0.1947
3 16 2.0067 -6.674 1.0054 0.9673 -6.637 8.4988 -3.5113 -7.4983 1.0077 0.1318 0.3289 0.218 0.3402 0.1321 0.393
3 16 -3.5113 -7.4983 1.0077 0.9673 -6.637 8.4988 -3.9987 -7.4736 8.4983 0.1321 0.393 0.218 0.3402 0.2182 0.3981
3 16 8.581 -4.1307 8.4997 10.5688 -4.1663 1.0274 12.7635 -2.1209 8.545 0.2182 0.248 0.1319 0.2263 0.2194 0.1947
3 16 12.7635 -2.1209 8.545 10.5688 -4.1663 1.0274 15.2207 -2.2017 1.0674 0.2194 0.1947 0.1319 0.2263 0.1329 0.1683
3 16 -3.5113 -7.4983 1.0077 -3.9987 -7.4736 8.4983 -10.017 -7.9966 1.0073 0.1321 0.393 0.2182 0.3981 0.1325 0.4678
3 16 -10.017 -7.9966 1.0073 -3.9987 -7.4736 8.4983 -10.0169 -7.9962 8.4981 0.1325 0.4678 0.2182 0.3981 0.2185 0.4673
3 16 12.7635 -2.1209 8.545 15.2207 -2.2017 1.0674 16.9183 0.4588 8.5174 0.2194 0.1947 0.1329 0.1683 0.2209 0.1386
3 16 16.9183 0.4588 8.5174 15.2207 -2.2017 1.0674 19.8923 0.339 1.0299 0.2209 0.1386 0.1329 0.1683 0.1339 0.1072
3 16 16.9183 0.4588 8.5174 15.0137 0.4623 13.0042 12.7635 -2.1209 8.545 0.2209 0.1386 0.2731 0.1588 0.2194 0.1947
3 16 12.7635 -2.1209 8.545 15.0137 0.4623 13.0042 11.4281 -2.0984 12.7743 0.2194 0.1947 0.2731 0.1588 0.2683 0.2093
3 16 15.0137 0.4623 13.0042 12.8114 0.3624 17.8972 11.4281 -2.0984 12.7743 0.2731 0.1588 0.33 0.1827 0.2683 0.2093
3 16 11.4281 -2.0984 12.7743 12.8114 0.3624 17.8972 9.5685 -2.0408 17.9577 0.2683 0.2093 0.33 0.1827 0.3285 0.229
3 16 -4.9388 -7.4043 22.8876 -5.4064 -7.3557 30.0178 -10.0166 -7.9953 22.8864 0.3835 0.4084 0.4652 0.4137 0.3836 0.4669
3 16 -10.0166 -7.9953 22.8864 -5.4064 -7.3557 30.0178 -10.0131 -7.9911 30.0152 0.3836 0.4669 0.4652 0.4137 0.4653 0.4669
3 16 3.5334 -6.7183 -10.0174 3.0463 -6.7111 -6.4881 -2.7959 -7.5251 -10.0176 0.0052 0.3123 0.0456 0.3176 0.0056 0.3856
3 16 -2.7959 -7.5251 -10.0176 3.0463 -6.7111 -6.4881 -3.0238 -7.5229 -6.4829 0.0056 0.3856 0.0456 0.3176 0.046 0.388
3 16 12.5566 -4.2018 -6.445 13.4833 -4.1977 -10.0169 17.6782 -2.2823 -6.4103 0.0457 0.2046 0.0049 0.1945 0.0464 0.1419
3 16 17.6782 -2.2823 -6.4103 13.4833 -4.1977 -10.0169 18.7787 -2.2852 -10.0165 0.0464 0.1419 0.0049 0.1945 0.005 0.1299
3 16 17.6782 -2.2823 -6.4103 18.7787 -2.2852 -10.0165 22.8669 0.2196 -6.4575 0.0464 0.1419 0.005 0.1299 0.0468 0.0757
3 16 22.8669 0.2196 -6.4575 18.7787 -2.2852 -10.0165 23.9115 0.0296 -10.0159 0.0468 0.0757 0.005 0.1299 0.0058 0.0652
3 16 23.9115 0.0296 -10.0159 18.7787 -2.2852 -10.0165 10.002 8.0144 -10.0144 0.8225 0.0595 0.8479 0.1156 0.7291 0.215
3 16 10.002 8.0144 -10.0144 18.7787 -2.2852 -10.0165 10.002 0.0144 -10.0144 0.7291 0.215 0.8479 0.1156 0.822 0.215
3 16 22.8669 0.2196 -6.4575 23.9115 0.0296 -10.0159 28.2854 3.1919 -6.7835 0.0468 0.0757 0.0058 0.0652 0.0448 0.0049
3 16 28.2854 3.1919 -6.7835 23.9115 0.0296 -10.0159 28.2817 2.2958 -10.0103 0.0448 0.0049 0.0058 0.0652 0.0068 0.0088
3 16 26.0196 2.8893 -3.0663 22.8669 0.2196 -6.4575 26.6092 3.1794 -3.4675 0.0878 0.0303 0.0468 0.0757 0.0835 0.0226
3 16 28.2854 3.1919 -6.7835 26.6092 3.1794 -3.4675 22.8669 0.2196 -6.4575 0.0448 0.0049 0.0835 0.0226 0.0468 0.0757
3 16 28.2817 2.2958 -10.0103 28.2766 8.0144 -10.0144 28.2854 3.1919 -6.7835 0.5386 0.3802 0.4711 0.3802 0.528 0.3444
3 16 28.2854 3.1919 -6.7835 28.2766 8.0144 -10.0144 28.2842 8.0112 -6.784 0.528 0.3444 0.4711 0.3802 0.4711 0.3445
3 16 8.7691 -5.518 -10.0172 3.5334 -6.7183 -10.0174 10.002 0.0144 -10.0144 0.8843 0.23 0.8967 0.2909 0.822 0.215
3 16 10.002 0.0144 -10.0144 3.5334 -6.7183 -10.0174 -10.0144 0.0144 -10.0144 0.822 0.215 0.8967 0.2909 0.822 0.4452
3 16 -2.7959 -7.5251 -10.0176 -3.0238 -7.5229 -6.4829 -10.0138 -7.9938 -10.0148 0.0056 0.3856 0.046 0.388 0.0061 0.4686
3 16 -10.0138 -7.9938 -10.0148 -3.0238 -7.5229 -6.4829 -10.017 -7.9971 -6.4836 0.0061 0.4686 0.046 0.388 0.0465 0.4683
3 16 -10.0144 0.0144 9.9856 -10.0166 -7.9953 22.8864 -10.0131 -7.9911 30.0152 0.4946 0.0971 0.6436 0.0052 0.7235 0.0052
3 16 -10.0144 0.0144 9.9856 -10.0167 -7.9956 17.9017 -10.0166 -7.9953 22.8864 0.4946 0.0971 0.5859 0.0052 0.6436 0.0052
3 16 -10.0168 -7.9959 12.9162 -10.0167 -7.9956 17.9017 -10.0144 0.0144 9.9856 0.5283 0.0052 0.5859 0.0052 0.4946 0.0971
3 16 9.9982 -0.9268 1.8802 10.0009 -0.2937 1.8841 9.9958 -1.1527 -0.2576 0.1398 0.7193 0.1399 0.7266 0.115 0.7168
3 16 10.0009 -0.2937 1.8841 10.002 8.0144 -10.0144 9.9958 -1.1527 -0.2576 0.1399 0.7266 0.0052 0.8229 0.115 0.7168
3 16 10.002 8.0144 -10.0144 10.002 0.0144 -6.2356 9.9958 -1.1527 -0.2576 0.0052 0.8229 0.0459 0.7304 0.115 0.7168
3 16 10.0471 -0.866 4.6359 9.9737 -0.1945 9.9667 10.003 -0.2923 4.6118 0.1713 0.7199 0.2332 0.7275 0.1711 0.7265
3 16 10.002 8.0144 9.9856 10.003 -0.2923 4.6118 9.9737 -0.1945 9.9667 0.2337 0.8222 0.1711 0.7265 0.2332 0.7275
3 16 -10.0144 8.0144 9.9856 -6.2356 0.0144 9.9856 -10.0144 0.0144 9.9856 0.807 0.7695 0.7658 0.6773 0.8068 0.6772
3 16 -6.2335 -4.7212 7.9205 -6.2409 -4.7192 6.3771 -6.2356 0.0144 9.9856 0.9753 0.3232 0.9753 0.3409 0.9208 0.2994
3 16 7.0453 -2.7019 -6.2328 10.002 0.0144 -6.2356 2.0132 -3.8471 -6.2294 0.9342 0.2602 0.9033 0.2944 0.9477 0.2025
3 16 2.0132 -3.8471 -6.2294 10.002 0.0144 -6.2356 -6.2356 0.0144 -6.2356 0.9477 0.2025 0.9033 0.2944 0.9033 0.1073
3 16 -10.0144 0.0144 -10.0144 -10.0144 0.0144 9.9856 -6.2356 0.0144 -6.2356 0.7056 0.4294 0.4711 0.4278 0.6638 0.3871
3 16 -6.2356 0.0144 -6.2356 -10.0144 0.0144 9.9856 -6.2356 0.0144 9.9856 0.6638 0.3871 0.4711 0.4278 0.4714 0.3857
3 16 10.002 0.0144 -10.0144 10.002 0.0144 -6.2356 10.002 8.0144 -10.0144 0.0049 0.7306 0.0459 0.7304 0.0052 0.8229
3 16 9.9962 -1.655 -4.9805 9.9988 -1.7921 -6.2377 7.1766 -2.5503 -4.8286 0.925 0.0071 0.9397 0.0075 0.9235 0.0413
3 16 7.1766 -2.5503 -4.8286 9.9988 -1.7921 -6.2377 7.0453 -2.7019 -6.2328 0.9235 0.0413 0.9397 0.0075 0.9399 0.0432
3 16 10.002 0.0144 -6.2356 9.9988 -1.7921 -6.2377 9.9962 -1.655 -4.9805 0.0459 0.7304 0.0458 0.7096 0.0605 0.7111
3 16 10.002 0.0144 -6.2356 9.996 -1.3961 -2.5467 9.9958 -1.1527 -0.2576 0.0459 0.7304 0.0886 0.714 0.115 0.7168
3 16 7.8931 -0.29 2.1361 7.8866 -1.8466 2.1367 6.2868 -0.2899 2.8014 0.9718 0.6129 0.9539 0.6132 0.9715 0.593
3 16 6.2868 -0.2899 2.8014 7.8866 -1.8466 2.1367 6.2924 -2.3967 2.7978 0.9715 0.593 0.9539 0.6132 0.9473 0.5934
3 16 2.1335 -3.2725 7.894 1.8929 -3.2361 9.9854 2.1361 -0.2899 7.8935 0.9374 0.5153 0.9384 0.491 0.9716 0.516
3 16 2.1361 -0.2899 7.8935 1.8929 -3.2361 9.9854 1.8955 -0.2937 9.9845 0.9716 0.516 0.9384 0.491 0.9722 0.4918
3 16 -6.2368 -4.725 9.9849 -2.033 -4.1858 9.9823 -6.2335 -4.7212 7.9205 0.3749 0.9864 0.3258 0.9862 0.375 0.9624
3 16 -6.2335 -4.7212 7.9205 -2.033 -4.1858 9.9823 -2.034 -4.1786 7.9205 0.375 0.9624 0.3258 0.9862 0.3258 0.9624
3 16 2.0155 -4.7284 -6.2288 4.4309 -4.7223 -4.6126 2.0132 -3.8471 -6.2294 0.7797 0.352 0.7801 0.3185 0.7898 0.3521
3 16 2.0132 -3.8471 -6.2294 4.4309 -4.7223 -4.6126 4.4277 -3.2838 -4.6142 0.7898 0.3521 0.7801 0.3185 0.7966 0.3187
3 16 4.4309 -4.7223 -4.6126 6.0307 -4.7223 -2.0356 4.4277 -3.2838 -4.6142 0.7801 0.3185 0.7805 0.2835 0.7966 0.3187
3 16 4.4277 -3.2838 -4.6142 6.0307 -4.7223 -2.0356 6.0277 -2.7662 -2.0374 0.7966 0.3187 0.7805 0.2835 0.803 0.2838
3 16 6.0307 -4.7223 -2.0356 6.4329 -4.7223 0.1423 6.0277 -2.7662 -2.0374 0.7805 0.2835 0.7808 0.258 0.803 0.2838
3 16 6.0277 -2.7662 -2.0374 6.4329 -4.7223 0.1423 6.4302 -2.4745 0.1417 0.803 0.2838 0.7808 0.258 0.8067 0.2583
3 16 5.4482 -2.5281 3.2597 5.4487 -4.7284 3.2596 4.2382 -2.5457 4.2381 0.9457 0.5825 0.9205 0.5829 0.9455 0.5645
3 16 4.2382 -2.5457 4.2381 5.4487 -4.7284 3.2596 4.2435 -4.7223 4.2431 0.9455 0.5645 0.9205 0.5829 0.9203 0.5649
3 16 1.5343 -4.7223 6.2126 1.5291 -3.5135 6.2131 2.9961 -4.7286 5.6476 0.6419 0.3612 0.6418 0.3471 0.6589 0.3612
3 16 2.9961 -4.7286 5.6476 1.5291 -3.5135 6.2131 3.0073 -2.909 5.6306 0.6589 0.3612 0.6418 0.3471 0.6589 0.3422
3 16 5.4487 -4.7284 3.2596 5.4482 -2.5281 3.2597 6.4329 -4.7223 0.1423 0.7813 0.2199 0.8066 0.2202 0.7808 0.258
3 16 6.4329 -4.7223 0.1423 5.4482 -2.5281 3.2597 6.4302 -2.4745 0.1417 0.7808 0.258 0.8066 0.2202 0.8067 0.2583
3 16 2.0132 -3.8471 -6.2294 4.4277 -3.2838 -4.6142 7.0453 -2.7019 -6.2328 0.9399 0.1024 0.9212 0.0739 0.9399 0.0432
3 16 7.0453 -2.7019 -6.2328 4.4277 -3.2838 -4.6142 7.1766 -2.5503 -4.8286 0.9399 0.0432 0.9212 0.0739 0.9235 0.0413
3 16 -2.034 -4.1786 7.9205 -2.033 -4.1858 6.372 -6.2335 -4.7212 7.9205 0.3258 0.9624 0.3254 0.9444 0.375 0.9624
3 16 -6.2335 -4.7212 7.9205 -2.033 -4.1858 6.372 -6.2409 -4.7192 6.3771 0.375 0.9624 0.3254 0.9444 0.375 0.9447
3 16 5.1915 -0.2893 7.2856 6.0708 -0.2894 6.1523 3.26 -0.2897 5.525 0.1528 0.0225 0.1692 0.0246 0.1515 0.0521
3 16 3.26 -0.2897 5.525 6.0708 -0.2894 6.1523 4.243 -0.29 4.2436 0.1515 0.0521 0.1692 0.0246 0.1699 0.0545
3 16 4.243 -0.29 4.2436 6.0708 -0.2894 6.1523 5.2597 -0.2899 3.4178 0.1699 0.0545 0.1692 0.0246 0.1849 0.053
3 16 5.2597 -0.2899 3.4178 6.0708 -0.2894 6.1523 7.2693 -0.2895 5.2275 0.1849 0.053 0.1692 0.0246 0.1865 0.0223
3 16 7.2693 -0.2895 5.2275 6.2868 -0.2899 2.8014 5.2597 -0.2899 3.4178 0.1865 0.0223 0.1982 0.0496 0.1849 0.053
3 16 3.26 -0.2897 5.525 2.7969 -0.2897 6.2981 5.1915 -0.2893 7.2856 0.1515 0.0521 0.1415 0.0496 0.1528 0.0225
3 16 2.1361 -0.2899 7.8935 4.8391 -0.2895 8.4627 2.7969 -0.2897 6.2981 0.1232 0.042 0.1403 0.0158 0.1415 0.0496
3 16 2.7969 -0.2897 6.2981 4.8391 -0.2895 8.4627 5.1915 -0.2893 7.2856 0.1415 0.0496 0.1403 0.0158 0.1528 0.0225
3 16 4.7209 -2.5007 10.0093 4.6398 -0.2922 9.987 9.9737 -0.1945 9.9667 0.6393 0.6485 0.6404 0.674 0.5785 0.6753
3 16 9.9737 -0.1945 9.9667 4.6398 -0.2922 9.987 10.002 8.0144 9.9856 0.5785 0.6753 0.6404 0.674 0.5784 0.77
3 16 -10.0144 8.0144 9.9856 10.002 8.0144 9.9856 1.8955 -0.2937 9.9845 0.807 0.7695 0.5784 0.77 0.6717 0.674
3 16 10.002 8.0144 9.9856 4.6398 -0.2922 9.987 1.8955 -0.2937 9.9845 0.5784 0.77 0.6404 0.674 0.6717 0.674
3 16 11.9416 0.1235 4.0693 11.948 8.0166 4.0688 11.9467 1.7797 11.9537 0.8675 0.9762 0.7768 0.976 0.8486 0.8856
3 16 11.9467 1.7797 11.9537 11.948 8.0166 4.0688 11.9519 8.0144 11.9519 0.8486 0.8856 0.7768 0.976 0.777 0.8854
3 16 11.6288 8.0177 16.0782 9.9997 8.0176 16.2925 11.5596 8.0243 18.2995 0.2779 0.6325 0.259 0.6306 0.2754 0.6064
3 16 10.3845 8.0109 18.7178 11.5596 8.0243 18.2995 9.9783 8.0176 18.298 0.2615 0.6017 0.2754 0.6064 0.2567 0.6066
3 16 11.5596 8.0243 18.2995 9.9997 8.0176 16.2925 9.9783 8.0176 18.298 0.2754 0.6064 0.259 0.6306 0.2567 0.6066
3 16 9.9997 8.0176 16.2925 8.3786 7.8852 16.0518 9.3779 8.0179 18.0591 0.259 0.6306 0.2404 0.6342 0.2495 0.6094
3 16 9.3779 8.0179 18.0591 8.3786 7.8852 16.0518 7.8927 8.0181 17.8633 0.2495 0.6094 0.2404 0.6342 0.2334 0.6163
3 16 8.3786 7.8852 16.0518 6.8541 8.0175 15.4496 7.8927 8.0181 17.8633 0.2404 0.6342 0.2233 0.6416 0.2334 0.6163
3 16 7.8927 8.0181 17.8633 6.8541 8.0175 15.4496 5.9292 8.0177 17.0504 0.2334 0.6163 0.2233 0.6416 0.2086 0.6211
3 16 6.8541 8.0175 15.4496 5.5505 8.0177 14.4496 5.9292 8.0177 17.0504 0.2233 0.6416 0.2094 0.6542 0.2086 0.6211
3 16 5.9292 8.0177 17.0504 5.5505 8.0177 14.4496 4.2432 8.0177 15.7566 0.2086 0.6211 0.2094 0.6542 0.1981 0.6432
3 16 5.5505 8.0177 14.4496 4.55 8.0177 13.1456 4.2432 8.0177 15.7566 0.2094 0.6542 0.1978 0.6698 0.1981 0.6432
3 16 4.2432 8.0177 15.7566 4.55 8.0177 13.1456 2.9495 8.0177 14.0706 0.1981 0.6432 0.1978 0.6698 0.1839 0.6625
3 16 4.55 8.0177 13.1456 3.9201 8.0173 11.9469 2.9495 8.0177 14.0706 0.1978 0.6698 0.1901 0.6838 0.1839 0.6625
3 16 2.9495 8.0177 14.0706 3.9201 8.0173 11.9469 2.031 8.0128 11.9554 0.1839 0.6625 0.1901 0.6838 0.1646 0.6807
3 16 11.9551 8.013 2.1411 11.948 8.0166 4.0688 14.0703 8.0177 2.9493 0.2857 0.7952 0.2853 0.773 0.3103 0.7851
3 16 14.0703 8.0177 2.9493 11.948 8.0166 4.0688 13.1463 8.0177 4.5504 0.3103 0.7851 0.2853 0.773 0.2993 0.767
3 16 13.1463 8.0177 4.5504 14.4497 8.0177 5.5506 14.0703 8.0177 2.9493 0.2993 0.767 0.3143 0.7549 0.3103 0.7851
3 16 14.0703 8.0177 2.9493 14.4497 8.0177 5.5506 15.7566 8.0176 4.2431 0.3103 0.7851 0.3143 0.7549 0.3296 0.7695
3 16 14.4497 8.0177 5.5506 15.4497 8.0177 6.8538 15.7566 8.0176 4.2431 0.3143 0.7549 0.3256 0.7393 0.3296 0.7695
3 16 15.7566 8.0176 4.2431 15.4497 8.0177 6.8538 17.0497 8.0177 5.9282 0.3296 0.7695 0.3256 0.7393 0.3441 0.7495
3 16 16.0783 8.0177 8.3715 17.3293 8.0122 6.4785 15.4497 8.0177 6.8538 0.3325 0.7214 0.3472 0.7429 0.3256 0.7393
3 16 15.4497 8.0177 6.8538 17.3293 8.0122 6.4785 17.0497 8.0177 5.9282 0.3256 0.7393 0.3472 0.7429 0.3441 0.7495
3 16 16.2926 8.0177 10.0001 17.5917 8.025 8.9286 16.0783 8.0177 8.3715 0.3345 0.7023 0.3497 0.7144 0.3325 0.7214
3 16 17.3293 8.0122 6.4785 16.0783 8.0177 8.3715 17.6152 8.0196 6.9504 0.3472 0.7429 0.3325 0.7214 0.3504 0.7373
3 16 16.0783 8.0177 8.3715 17.5917 8.025 8.9286 17.6152 8.0196 6.9504 0.3325 0.7214 0.3497 0.7144 0.3504 0.7373
3 16 16.2926 8.0177 10.0001 16.0782 8.0177 11.6287 17.5917 8.025 8.9286 0.3345 0.7023 0.3314 0.6832 0.3497 0.7144
3 16 17.5917 8.025 8.9286 16.0782 8.0177 11.6287 17.9893 8.0116 13.7518 0.3497 0.7144 0.3314 0.6832 0.3506 0.6583
3 16 3.9145 -2.4697 11.9479 3.9201 8.0173 11.9469 4.5436 -2.0101 13.142 0.4517 0.6228 0.5724 0.6228 0.457 0.6386
3 16 4.5436 -2.0101 13.142 3.9201 8.0173 11.9469 4.55 8.0177 13.1456 0.457 0.6386 0.5724 0.6228 0.5724 0.6386
3 16 11.9416 0.1235 4.0693 13.1393 0.83 4.5472 11.948 8.0166 4.0688 0.4815 0.919 0.4898 0.9038 0.5724 0.919
3 16 11.948 8.0166 4.0688 13.1393 0.83 4.5472 13.1463 8.0177 4.5504 0.5724 0.919 0.4898 0.9038 0.5724 0.9038
3 16 14.0746 3.8442 2.9434 14.0617 1.021 2.9455 11.9581 3.5633 2.1391 0.4313 0.6776 0.4637 0.6776 0.4345 0.7039
3 16 11.9581 3.5633 2.1391 14.0617 1.021 2.9455 11.9514 -0.1845 2.1374 0.4345 0.7039 0.4637 0.6776 0.4778 0.704
3 16 -10.0144 8.0144 9.9856 2.031 8.0128 11.9554 10.002 8.0144 9.9856 0.0265 0.7048 0.1646 0.6807 0.2612 0.7046
3 16 2.031 8.0128 11.9554 3.9201 8.0173 11.9469 10.002 8.0144 9.9856 0.1646 0.6807 0.1901 0.6838 0.2612 0.7046
3 16 -10.0144 8.0144 30.0144 10.0116 8.0127 30.0182 -6.2356 8.0144 26.2356 0.0243 0.474 0.2535 0.4724 0.0661 0.515
3 16 -6.2356 8.0144 26.2356 10.0116 8.0127 30.0182 7.4831 8.0128 26.232 0.0661 0.515 0.2535 0.4724 0.2265 0.5139
3 16 -6.2356 8.0144 11.9519 -6.2368 -4.6079 11.9526 -1.3244 -3.974 11.9549 0.951 0.7594 0.951 0.9046 0.8945 0.8966
3 16 14.0703 8.0177 2.9493 14.0742 6.4021 2.9431 11.9551 8.013 2.1411 0.3835 0.6777 0.4019 0.6776 0.3835 0.7039
3 16 11.9551 8.013 2.1411 14.0742 6.4021 2.9431 11.9581 6.3923 2.1391 0.3835 0.7039 0.4019 0.6776 0.402 0.7039
3 16 11.948 8.0166 4.0688 10.002 8.0144 9.9856 11.9519 8.0144 11.9519 0.2853 0.773 0.2612 0.7046 0.283 0.6812
3 16 23.1013 8.0177 -6.2323 11.9519 8.0144 -6.2356 20.9788 2.7722 -6.2404 0.8439 0.8805 0.7155 0.8805 0.8196 0.8201
3 16 20.9788 2.7722 -6.2404 11.9519 8.0144 -6.2356 11.9483 -1.1877 -6.2342 0.8196 0.8201 0.7155 0.8805 0.7154 0.7746
3 16 23.1013 8.0177 -6.2323 23.7701 8.0177 -10.0177 11.9519 8.0144 -6.2356 0.4171 0.8929 0.425 0.9343 0.287 0.8932
3 16 11.9519 8.0144 -6.2356 23.7701 8.0177 -10.0177 10.002 8.0144 -10.0144 0.287 0.8932 0.425 0.9343 0.2647 0.9346
3 16 11.9519 8.0144 -6.2356 11.9551 8.013 2.1411 11.9483 -1.1877 -6.2342 0.1022 0.9241 0.1022 0.8275 0.208 0.9241
3 16 11.9581 6.3923 2.1391 11.9581 3.5633 2.1391 11.9625 6.3992 1.4936 0.1207 0.8275 0.1532 0.8275 0.1206 0.8339
3 16 11.9581 3.5633 2.1391 11.9483 -1.1877 -6.2342 11.9625 6.3992 1.4936 0.1532 0.8275 0.208 0.9241 0.1206 0.8339
3 16 11.9513 -0.6802 -2.051 11.9581 3.5633 2.1391 11.9514 -0.1845 2.1374 0.2022 0.8758 0.1532 0.8275 0.1964 0.8275
3 16 23.0976 2.7724 -6.2388 23.0975 4.3663 -6.225 20.9788 2.7722 -6.2404 0.8439 0.8201 0.8439 0.8387 0.8196 0.8201
3 16 23.7701 8.0177 -10.0177 23.1013 8.0177 -6.2323 23.6465 8.0123 -6.2285 0.425 0.9343 0.4171 0.8929 0.4235 0.8929
3 16 20.9788 2.7722 -6.2404 23.0996 6.3047 -6.225 23.1013 8.0177 -6.2323 0.8196 0.8201 0.8439 0.861 0.8439 0.8805
3 16 20.9788 2.7722 -6.2404 23.0975 4.3663 -6.225 23.0996 6.3047 -6.225 0.8196 0.8201 0.8439 0.8387 0.8439 0.861
3 16 14.0617 1.021 2.9455 17.186 2.7732 2.7549 15.0654 0.8734 -0.7938 0.8968 0.6265 0.9346 0.6421 0.8905 0.6703
3 16 15.0654 0.8734 -0.7938 17.186 2.7732 2.7549 18.6473 2.7733 -0.7176 0.8905 0.6703 0.9346 0.6421 0.9346 0.6854
3 16 14.0617 1.021 2.9455 15.0654 0.8734 -0.7938 11.9514 -0.1845 2.1374 0.8968 0.6265 0.8905 0.6703 0.867 0.625
3 16 11.9514 -0.1845 2.1374 15.0654 0.8734 -0.7938 11.9513 -0.6802 -2.051 0.867 0.625 0.8905 0.6703 0.8477 0.6697
3 16 17.9494 2.775 4.0487 19.9218 2.7748 0.0113 17.186 2.7732 2.7549 0.9852 0.0294 0.9848 0.0813 0.9708 0.0389
3 16 17.186 2.7732 2.7549 19.9218 2.7748 0.0113 18.6473 2.7733 -0.7176 0.9708 0.0389 0.9848 0.0813 0.968 0.0823
3 16 19.8104 8.0176 10.1556 17.5917 8.025 8.9286 17.9893 8.0116 13.7518 0.3731 0.6996 0.3497 0.7144 0.3506 0.6583
3 16 28.2854 3.1919 -6.7835 28.2842 8.0112 -6.784 27.523 8.0174 -5.2695 0.8267 0.6628 0.7709 0.6628 0.7713 0.6441
3 16 17.9893 8.0116 13.7518 16.0782 8.0177 11.6287 15.4496 8.0177 13.1463 0.3506 0.6583 0.3314 0.6832 0.3236 0.6656
3 16 9.3678 1.7145 18.0566 7.8818 0.5411 17.86 6.2937 1.7378 26.2303 0.7186 0.5229 0.7402 0.5197 0.7507 0.6183
3 16 6.2937 1.7378 26.2303 7.8818 0.5411 17.86 4.8354 0.4015 26.2307 0.7507 0.6183 0.7402 0.5197 0.7734 0.6169
3 16 7.8818 0.5411 17.86 5.9213 -0.8308 17.0467 4.8354 0.4015 26.2307 0.7402 0.5197 0.7673 0.5095 0.7734 0.6169
3 16 4.8354 0.4015 26.2307 5.9213 -0.8308 17.0467 3.5526 -0.5831 26.2309 0.7734 0.6169 0.7673 0.5095 0.792 0.6161
3 16 2.0281 -3.0623 11.9539 0.1088 -2.627 26.2317 2.9455 -2.562 14.0681 0.8181 0.4501 0.838 0.6149 0.8063 0.4747
3 16 2.9455 -2.562 14.0681 0.1088 -2.627 26.2317 1.2519 -2.0232 26.2313 0.8063 0.4747 0.838 0.6149 0.8232 0.6152
3 16 -1.3244 -3.974 11.9549 2.0281 -3.0623 11.9539 2.031 8.0128 11.9554 0.8945 0.8966 0.8556 0.8868 0.8556 0.7594
3 16 -1.3801 -3.2904 26.2319 -1.3244 -3.974 11.9549 -6.2381 -4.6078 26.2339 0.8567 0.6148 0.8581 0.4502 0.9147 0.6149
3 16 -6.2381 -4.6078 26.2339 -1.3244 -3.974 11.9549 -6.2368 -4.6079 11.9526 0.9147 0.6149 0.8581 0.4502 0.9152 0.4505
3 16 2.0281 -3.0623 11.9539 2.9455 -2.562 14.0681 2.031 8.0128 11.9554 0.2013 0.5209 0.1954 0.5474 0.074 0.5199
3 16 2.031 8.0128 11.9554 2.9455 -2.562 14.0681 2.9495 8.0177 14.0706 0.074 0.5199 0.1954 0.5474 0.0738 0.5465
3 16 -6.2356 8.0144 11.9519 -1.3244 -3.974 11.9549 2.031 8.0128 11.9554 0.951 0.7594 0.8945 0.8966 0.8556 0.7594
3 16 -6.2381 -4.6078 26.2339 -6.2368 -4.6079 11.9526 -6.2356 8.0144 26.2356 0.4818 0.1945 0.6463 0.1945 0.4819 0.3395
3 16 -6.2356 8.0144 26.2356 -6.2368 -4.6079 11.9526 -6.2356 8.0144 11.9519 0.4819 0.3395 0.6463 0.1945 0.6463 0.3395
3 16 -6.2381 -4.6078 26.2339 -6.2356 8.0144 26.2356 -1.3801 -3.2904 26.2319 0.7234 0.933 0.5782 0.933 0.7076 0.8771
3 16 0.1088 -2.627 26.2317 -1.3801 -3.2904 26.2319 -6.2356 8.0144 26.2356 0.7005 0.8598 0.7076 0.8771 0.5782 0.933
3 16 1.2519 -2.0232 26.2313 0.1088 -2.627 26.2317 -6.2356 8.0144 26.2356 0.6936 0.8466 0.7005 0.8598 0.5782 0.933
3 16 4.8354 0.4015 26.2307 3.5526 -0.5831 26.2309 7.4831 8.0128 26.232 0.6655 0.8055 0.677 0.8202 0.5782 0.7749
3 16 6.2937 1.7378 26.2303 4.8354 0.4015 26.2307 7.4831 8.0128 26.232 0.6502 0.7888 0.6655 0.8055 0.5782 0.7749
3 16 2.5433 -1.272 26.2311 -6.2356 8.0144 26.2356 3.5526 -0.5831 26.2309 0.6849 0.8318 0.5782 0.933 0.677 0.8202
3 16 -6.2356 8.0144 26.2356 7.4831 8.0128 26.232 3.5526 -0.5831 26.2309 0.5782 0.933 0.5782 0.7749 0.677 0.8202
3 16 23.7701 8.0177 -10.0177 24.5888 8.0249 -6.0834 28.2766 8.0144 -10.0144 0.425 0.9343 0.4345 0.8911 0.4754 0.9343
3 16 28.2766 8.0144 -10.0144 24.5888 8.0249 -6.0834 28.2842 8.0112 -6.784 0.4754 0.9343 0.4345 0.8911 0.4754 0.8992
3 16 28.2817 2.2958 -10.0103 23.9115 0.0296 -10.0159 23.7701 8.0177 -10.0177 0.7952 0.0049 0.8225 0.0595 0.7291 0.0552
3 16 23.7701 8.0177 -10.0177 23.9115 0.0296 -10.0159 10.002 8.0144 -10.0144 0.7291 0.0552 0.8225 0.0595 0.7291 0.215
3 16 -6.2356 8.0144 26.2356 2.5433 -1.272 26.2311 1.2519 -2.0232 26.2313 0.5782 0.933 0.6849 0.8318 0.6936 0.8466
3 16 8.3956 -0.2896 4.7453 10.003 -0.2923 4.6118 7.8931 -0.29 2.1361 0.1996 0.017 0.2139 0.0049 0.2166 0.042
3 16 7.8931 -0.29 2.1361 10.003 -0.2923 4.6118 10.0009 -0.2937 1.8841 0.2166 0.042 0.2139 0.0049 0.2359 0.0268
3 16 2.0155 -4.7284 -6.2288 2.0132 -3.8471 -6.2294 -6.2356 -4.7256 -6.2356 0.9578 0.2025 0.9477 0.2025 0.9578 0.1073
3 16 -6.2356 -4.7256 -6.2356 2.0132 -3.8471 -6.2294 -6.2356 0.0144 -6.2356 0.9578 0.1073 0.9477 0.2025 0.9033 0.1073
3 16 7.8866 -1.8466 2.1367 7.8931 -0.29 2.1361 9.9982 -0.9268 1.8802 0.9539 0.6132 0.9718 0.6129 0.9649 0.6375
3 16 9.9982 -0.9268 1.8802 7.8931 -0.29 2.1361 10.0009 -0.2937 1.8841 0.9649 0.6375 0.9718 0.6129 0.9721 0.6374
3 16 16.9373 2.7724 5.763 16.9651 3.7769 5.7882 17.2223 2.7693 6.3073 0.4439 0.6314 0.4321 0.631 0.4439 0.6243
3 16 17.2223 2.7693 6.3073 16.9651 3.7769 5.7882 17.2509 3.781 6.3362 0.4439 0.6243 0.4321 0.631 0.4321 0.6239
3 16 17.3005 6.4082 6.4223 17.2509 3.781 6.3362 17.0217 6.4122 5.8729 0.402 0.6227 0.4321 0.6239 0.4018 0.6298
3 16 17.0217 6.4122 5.8729 17.2509 3.781 6.3362 16.9651 3.7769 5.7882 0.4018 0.6298 0.4321 0.6239 0.4321 0.631
3 16 17.0217 6.4122 5.8729 17.0497 8.0177 5.9282 17.3005 6.4082 6.4223 0.4018 0.6298 0.3836 0.6289 0.402 0.6227
3 16 17.3005 6.4082 6.4223 17.0497 8.0177 5.9282 17.3293 8.0122 6.4785 0.402 0.6227 0.3836 0.6289 0.3836 0.622
3 16 21.2551 3.2 7.302 18.8441 3.1734 6.1316 21.0782 3.71 7.6197 0.7603 0.29 0.7307 0.2867 0.7614 0.2832
3 16 21.0782 3.71 7.6197 18.8441 3.1734 6.1316 18.672 3.6896 6.4521 0.7614 0.2832 0.7307 0.2867 0.732 0.2784
3 16 21.0153 4.3703 7.7457 21.0782 3.71 7.6197 18.6095 4.3708 6.5776 0.763 0.2758 0.7614 0.2832 0.7342 0.2697
3 16 18.6095 4.3708 6.5776 21.0782 3.71 7.6197 18.672 3.6896 6.4521 0.7342 0.2697 0.7614 0.2832 0.732 0.2784
3 16 21.0153 4.3703 7.7457 18.6095 4.3708 6.5776 20.9354 6.478 7.9054 0.763 0.2758 0.7342 0.2697 0.7687 0.252
3 16 20.9354 6.478 7.9054 18.6095 4.3708 6.5776 18.5299 6.4792 6.7375 0.7687 0.252 0.7342 0.2697 0.7404 0.2455
3 16 20.9354 6.478 7.9054 18.5299 6.4792 6.7375 20.7068 7.5305 8.3628 0.7687 0.252 0.7404 0.2455 0.7718 0.2388
3 16 20.7068 7.5305 8.3628 18.5299 6.4792 6.7375 18.3095 7.5285 7.1942 0.7718 0.2388 0.7404 0.2455 0.743 0.2324
3 16 17.9051 8.0227 7.4257 20.208 8.0218 9.3461 18.3095 7.5285 7.1942 0.7413 0.2249 0.775 0.2259 0.743 0.2324
3 16 18.3095 7.5285 7.1942 20.208 8.0218 9.3461 20.7068 7.5305 8.3628 0.743 0.2324 0.775 0.2259 0.7718 0.2388
3 16 26.7838 3.6867 -3.7905 24.4154 3.7305 -4.8873 26.6092 3.1794 -3.4675 0.7628 0.4333 0.7342 0.4404 0.761 0.4268
3 16 26.6092 3.1794 -3.4675 24.4154 3.7305 -4.8873 24.2359 3.2813 -4.5685 0.761 0.4268 0.7342 0.4404 0.7325 0.4327
3 16 26.7838 3.6867 -3.7905 26.8512 4.3735 -3.9256 24.4154 3.7305 -4.8873 0.7628 0.4333 0.7647 0.4408 0.7342 0.4404
3 16 24.4154 3.7305 -4.8873 26.8512 4.3735 -3.9256 24.4813 4.3741 -5.0225 0.7342 0.4404 0.7647 0.4408 0.737 0.4486
3 16 26.9399 6.6603 -4.1031 24.5705 6.6617 -5.1995 26.8512 4.3735 -3.9256 0.7729 0.4658 0.746 0.4743 0.7647 0.4408
3 16 26.8512 4.3735 -3.9256 24.5705 6.6617 -5.1995 24.4813 4.3741 -5.0225 0.7647 0.4408 0.746 0.4743 0.737 0.4486
3 16 27.1372 7.57 -4.5118 24.7794 7.5668 -5.6029 26.9399 6.6603 -4.1031 0.7765 0.4771 0.749 0.4855 0.7729 0.4658
3 16 26.9399 6.6603 -4.1031 24.7794 7.5668 -5.6029 24.5705 6.6617 -5.1995 0.7729 0.4658 0.749 0.4855 0.746 0.4743
3 16 27.1372 7.57 -4.5118 27.523 8.0174 -5.2695 24.7794 7.5668 -5.6029 0.462 0.8718 0.4672 0.8825 0.4363 0.8835
3 16 24.7794 7.5668 -5.6029 27.523 8.0174 -5.2695 24.5888 8.0249 -6.0834 0.4363 0.8835 0.4672 0.8825 0.4345 0.8911
3 16 23.6122 2.7745 -3.4868 25.5316 2.757 -2.6067 23.9094 2.9467 -4.0347 0.7306 0.4155 0.7528 0.414 0.731 0.4235
3 16 23.9094 2.9467 -4.0347 25.5316 2.757 -2.6067 26.0196 2.8893 -3.0663 0.731 0.4235 0.7528 0.414 0.7559 0.4204
3 16 23.9094 2.9467 -4.0347 26.0196 2.8893 -3.0663 24.2359 3.2813 -4.5685 0.731 0.4235 0.7559 0.4204 0.7325 0.4327
3 16 24.2359 3.2813 -4.5685 26.0196 2.8893 -3.0663 26.6092 3.1794 -3.4675 0.7325 0.4327 0.7559 0.4204 0.761 0.4268
3 16 19.43 2.8276 5.061 19.1703 2.918 5.5651 21.3619 2.7575 5.9267 0.7307 0.3028 0.7306 0.2957 0.7533 0.3039
3 16 21.3619 2.7575 5.9267 19.1703 2.918 5.5651 21.2166 2.8803 6.5414 0.7533 0.3039 0.7306 0.2957 0.7552 0.2973
3 16 19.1703 2.918 5.5651 18.8441 3.1734 6.1316 21.2166 2.8803 6.5414 0.7306 0.2957 0.7307 0.2867 0.7552 0.2973
3 16 21.2166 2.8803 6.5414 18.8441 3.1734 6.1316 21.2551 3.2 7.302 0.7552 0.2973 0.7307 0.2867 0.7603 0.29
3 16 23.1013 8.0177 -6.2323 23.0996 6.3047 -6.225 23.6465 8.0123 -6.2285 0.8439 0.8805 0.8439 0.861 0.8502 0.8805
3 16 23.6465 8.0123 -6.2285 23.0996 6.3047 -6.225 23.6409 6.2996 -6.2267 0.8502 0.8805 0.8439 0.861 0.8501 0.8608
3 16 23.6395 4.372 -6.2273 23.0975 4.3663 -6.225 23.6376 2.7688 -6.239 0.8501 0.8386 0.8439 0.8387 0.8494 0.8201
3 16 23.6376 2.7688 -6.239 23.0975 4.3663 -6.225 23.0976 2.7724 -6.2388 0.8494 0.8201 0.8439 0.8387 0.8439 0.8201
3 16 23.6409 6.2996 -6.2267 23.0996 6.3047 -6.225 23.6395 4.372 -6.2273 0.8501 0.8608 0.8439 0.861 0.8501 0.8386
3 16 23.6395 4.372 -6.2273 23.0996 6.3047 -6.225 23.0975 4.3663 -6.225 0.8501 0.8386 0.8439 0.861 0.8439 0.8387
3 16 17.3005 6.4082 6.4223 17.3293 8.0122 6.4785 17.8526 6.4437 6.8314 0.7247 0.2414 0.7288 0.2234 0.7328 0.243
3 16 17.8526 6.4437 6.8314 17.3293 8.0122 6.4785 17.6152 8.0196 6.9504 0.7328 0.243 0.7288 0.2234 0.7351 0.2243
3 16 17.2509 3.781 6.3362 17.3005 6.4082 6.4223 17.896 3.7339 6.6449 0.7158 0.2701 0.7247 0.2414 0.7238 0.2733
3 16 17.896 3.7339 6.6449 17.3005 6.4082 6.4223 17.8526 6.4437 6.8314 0.7238 0.2733 0.7247 0.2414 0.7328 0.243
3 16 17.2509 3.781 6.3362 17.896 3.7339 6.6449 17.2223 2.7693 6.3073 0.7158 0.2701 0.7238 0.2733 0.7115 0.2806
3 16 17.2223 2.7693 6.3073 17.896 3.7339 6.6449 18.1196 2.8431 6.1941 0.7115 0.2806 0.7238 0.2733 0.7214 0.2848
3 16 17.9051 8.0227 7.4257 18.3095 7.5285 7.1942 17.6152 8.0196 6.9504 0.7413 0.2249 0.743 0.2324 0.7351 0.2243
3 16 17.6152 8.0196 6.9504 18.3095 7.5285 7.1942 17.8526 6.4437 6.8314 0.7351 0.2243 0.743 0.2324 0.7328 0.243
3 16 17.896 3.7339 6.6449 17.8526 6.4437 6.8314 18.6095 4.3708 6.5776 0.7238 0.2733 0.7328 0.243 0.7342 0.2697
3 16 18.6095 4.3708 6.5776 17.8526 6.4437 6.8314 18.5299 6.4792 6.7375 0.7342 0.2697 0.7328 0.243 0.7404 0.2455
3 16 17.896 3.7339 6.6449 18.6095 4.3708 6.5776 18.672 3.6896 6.4521 0.7238 0.2733 0.7342 0.2697 0.732 0.2784
3 16 17.896 3.7339 6.6449 18.672 3.6896 6.4521 18.1196 2.8431 6.1941 0.7238 0.2733 0.732 0.2784 0.7214 0.2848
3 16 19.1703 2.918 5.5651 18.1196 2.8431 6.1941 18.8441 3.1734 6.1316 0.7306 0.2957 0.7214 0.2848 0.7307 0.2867
3 16 18.672 3.6896 6.4521 18.8441 3.1734 6.1316 18.1196 2.8431 6.1941 0.732 0.2784 0.7307 0.2867 0.7214 0.2848
3 16 17.6152 8.0196 6.9504 17.5917 8.025 8.9286 17.9051 8.0227 7.4257 0.3504 0.7373 0.3497 0.7144 0.3537 0.7317
3 16 24.1963 6.4802 -5.83 24.5705 6.6617 -5.1995 24.7794 7.5668 -5.6029 0.7375 0.476 0.746 0.4743 0.749 0.4855
3 16 24.5705 6.6617 -5.1995 24.1963 6.4802 -5.83 24.4813 4.3741 -5.0225 0.746 0.4743 0.7375 0.476 0.737 0.4486
3 16 24.4813 4.3741 -5.0225 24.1963 6.4802 -5.83 24.1494 4.3739 -5.7447 0.737 0.4486 0.7375 0.476 0.7287 0.4529
3 16 24.4813 4.3741 -5.0225 24.1494 4.3739 -5.7447 24.4154 3.7305 -4.8873 0.737 0.4486 0.7287 0.4529 0.7342 0.4404
3 16 24.4154 3.7305 -4.8873 24.1494 4.3739 -5.7447 23.8662 2.857 -5.2541 0.7342 0.4404 0.7287 0.4529 0.7222 0.4349
3 16 24.2359 3.2813 -4.5685 24.4154 3.7305 -4.8873 23.8662 2.857 -5.2541 0.7325 0.4327 0.7342 0.4404 0.7222 0.4349
3 16 23.9094 2.9467 -4.0347 24.2359 3.2813 -4.5685 23.8662 2.857 -5.2541 0.731 0.4235 0.7325 0.4327 0.7222 0.4349
3 16 23.6409 6.2996 -6.2267 24.1963 6.4802 -5.83 23.6465 8.0123 -6.2285 0.7293 0.477 0.7375 0.476 0.7358 0.4958
3 16 23.6465 8.0123 -6.2285 24.1963 6.4802 -5.83 24.149 8.0207 -6.1515 0.7358 0.4958 0.7375 0.476 0.7415 0.4941
3 16 24.1963 6.4802 -5.83 23.6409 6.2996 -6.2267 24.1494 4.3739 -5.7447 0.7375 0.476 0.7293 0.477 0.7287 0.4529
3 16 24.1494 4.3739 -5.7447 23.6409 6.2996 -6.2267 23.6395 4.372 -6.2273 0.7287 0.4529 0.7293 0.477 0.7211 0.4564
3 16 23.8662 2.857 -5.2541 24.1494 4.3739 -5.7447 23.6376 2.7688 -6.239 0.7222 0.4349 0.7287 0.4529 0.7124 0.4415
3 16 23.6376 2.7688 -6.239 24.1494 4.3739 -5.7447 23.6395 4.372 -6.2273 0.7124 0.4415 0.7287 0.4529 0.7211 0.4564
3 16 23.6465 8.0123 -6.2285 24.149 8.0207 -6.1515 23.7701 8.0177 -10.0177 0.4235 0.8929 0.4294 0.892 0.425 0.9343
3 16 17.9494 2.775 4.0487 16.9373 2.7724 5.763 18.2561 2.775 4.5053 0.9852 0.0294 0.9835 0.0064 0.9906 0.0263
3 16 18.2561 2.775 4.5053 16.9373 2.7724 5.763 17.2223 2.7693 6.3073 0.9906 0.0263 0.9835 0.0064 0.9894 0.0049
3 16 23.6376 2.7688 -6.239 23.0976 2.7724 -6.2388 22.5375 2.7742 -4.0261 0.991 0.1631 0.9855 0.1625 0.9911 0.1366
3 16 22.5375 2.7742 -4.0261 23.0976 2.7724 -6.2388 21.8941 2.7745 -4.0262 0.9911 0.1366 0.9855 0.1625 0.9845 0.1333
3 16 23.6122 2.7745 -3.4868 23.9094 2.9467 -4.0347 23.0746 2.7744 -3.7566 0.7306 0.4155 0.731 0.4235 0.7234 0.415
3 16 23.0746 2.7744 -3.7566 23.9094 2.9467 -4.0347 23.8662 2.857 -5.2541 0.7234 0.415 0.731 0.4235 0.7222 0.4349
3 16 21.5212 2.801 0.7869 20.9614 2.7848 0.5148 19.43 2.8276 5.061 0.7304 0.3591 0.7232 0.3591 0.7307 0.3028
3 16 19.43 2.8276 5.061 20.9614 2.7848 0.5148 18.8477 2.7953 4.7861 0.7307 0.3028 0.7232 0.3591 0.7231 0.3032
3 16 23.6376 2.7688 -6.239 22.5375 2.7742 -4.0261 23.8662 2.857 -5.2541 0.7124 0.4415 0.7164 0.4149 0.7222 0.4349
3 16 23.8662 2.857 -5.2541 22.5375 2.7742 -4.0261 23.0746 2.7744 -3.7566 0.7222 0.4349 0.7164 0.4149 0.7234 0.415
3 16 3.26 -0.2897 5.525 3.0073 -2.909 5.6306 2.7969 -0.2897 6.2981 0.9711 0.5459 0.9406 0.5431 0.9712 0.5357
3 16 2.7969 -0.2897 6.2981 3.0073 -2.909 5.6306 2.703 -3.0614 6.339 0.9712 0.5357 0.9406 0.5431 0.9394 0.5344
3 16 2.1335 -3.2725 7.894 2.1361 -0.2899 7.8935 2.703 -3.0614 6.339 0.9374 0.5153 0.9716 0.516 0.9394 0.5344
3 16 2.703 -3.0614 6.339 2.1361 -0.2899 7.8935 2.7969 -0.2897 6.2981 0.9394 0.5344 0.9716 0.516 0.9712 0.5357
3 16 2.703 -3.0614 6.339 1.3286 -3.5054 7.9179 2.1335 -3.2725 7.894 0.2697 0.9442 0.2862 0.9624 0.2769 0.9622
3 16 4.9631 -2.5913 8.4998 4.8391 -0.2895 8.4627 4.7209 -2.5007 10.0093 0.9902 0.1858 0.9636 0.1859 0.9891 0.168
3 16 4.7209 -2.5007 10.0093 4.8391 -0.2895 8.4627 4.6398 -0.2922 9.987 0.9891 0.168 0.9636 0.1859 0.9637 0.168
3 16 4.9631 -2.5913 8.4998 5.3511 -2.5741 7.3346 4.8391 -0.2895 8.4627 0.9902 0.1858 0.99 0.2 0.9636 0.1859
3 16 4.8391 -0.2895 8.4627 5.3511 -2.5741 7.3346 5.1915 -0.2893 7.2856 0.9636 0.1859 0.99 0.2 0.9637 0.2
3 16 5.3511 -2.5741 7.3346 6.2101 -2.3466 6.1959 5.1915 -0.2893 7.2856 0.99 0.2 0.9879 0.2165 0.9637 0.2
3 16 5.1915 -0.2893 7.2856 6.2101 -2.3466 6.1959 6.0708 -0.2894 6.1523 0.9637 0.2 0.9879 0.2165 0.9642 0.2166
3 16 6.2101 -2.3466 6.1959 7.3701 -1.9603 5.2598 6.0708 -0.2894 6.1523 0.9879 0.2165 0.9842 0.2339 0.9642 0.2166
3 16 6.0708 -0.2894 6.1523 7.3701 -1.9603 5.2598 7.2693 -0.2895 5.2275 0.9642 0.2166 0.9842 0.2339 0.965 0.234
3 16 10.003 -0.2923 4.6118 8.3956 -0.2896 4.7453 10.0471 -0.866 4.6359 0.9672 0.267 0.9658 0.2481 0.9737 0.267
3 16 10.0471 -0.866 4.6359 8.3956 -0.2896 4.7453 8.4844 -1.5344 4.7736 0.9737 0.267 0.9658 0.2481 0.9801 0.2482
3 16 7.3701 -1.9603 5.2598 8.4844 -1.5344 4.7736 7.2693 -0.2895 5.2275 0.9842 0.2339 0.9801 0.2482 0.965 0.234
3 16 7.2693 -0.2895 5.2275 8.4844 -1.5344 4.7736 8.3956 -0.2896 4.7453 0.965 0.234 0.9801 0.2482 0.9658 0.2481
3 16 9.9737 -0.1945 9.9667 10.0471 -0.866 4.6359 8.4844 -1.5344 4.7736 0.6804 0.4344 0.6784 0.4964 0.6587 0.4949
3 16 9.9737 -0.1945 9.9667 6.2101 -2.3466 6.1959 5.3511 -2.5741 7.3346 0.6804 0.4344 0.6308 0.4786 0.6206 0.4654
3 16 9.9737 -0.1945 9.9667 4.9631 -2.5913 8.4998 4.7209 -2.5007 10.0093 0.6804 0.4344 0.6164 0.4518 0.6142 0.4342
3 16 9.9737 -0.1945 9.9667 7.3701 -1.9603 5.2598 6.2101 -2.3466 6.1959 0.6804 0.4344 0.6449 0.4893 0.6308 0.4786
3 16 9.9737 -0.1945 9.9667 8.4844 -1.5344 4.7736 7.3701 -1.9603 5.2598 0.6804 0.4344 0.6587 0.4949 0.6449 0.4893
3 16 9.9737 -0.1945 9.9667 5.3511 -2.5741 7.3346 4.9631 -2.5913 8.4998 0.6804 0.4344 0.6206 0.4654 0.6164 0.4518
3 16 14.0944 4.8155 20.2862 13.5438 8.0191 19.7826 13.869 5.8427 21.9512 0.1691 0.9571 0.1738 0.9948 0.1499 0.9687
3 16 13.869 5.8427 21.9512 13.5438 8.0191 19.7826 13.8666 8.0115 21.9739 0.1499 0.9687 0.1738 0.9948 0.1487 0.9937
3 16 10.4546 0.2062 23.1299 12.8114 0.3624 17.8972 14.0467 3.2467 21.6597 0.3908 0.2082 0.33 0.1827 0.3778 0.1532
3 16 14.0467 3.2467 21.6597 12.8114 0.3624 17.8972 15.6143 2.7348 17.6832 0.3778 0.1532 0.33 0.1827 0.3302 0.1406
3 16 19.5771 3.2062 10.5461 17.9924 5.8389 13.7525 17.8781 3.4692 13.9885 0.4449 0.1026 0.4026 0.1314 0.4017 0.1066
3 16 12.8114 0.3624 17.8972 15.0137 0.4623 13.0042 15.6143 2.7348 17.6832 0.33 0.1827 0.2731 0.1588 0.3302 0.1406
3 16 15.6143 2.7348 17.6832 15.0137 0.4623 13.0042 17.8781 3.4692 13.9885 0.3302 0.1406 0.2731 0.1588 0.2875 0.1142
3 16 14.0467 3.2467 21.6597 13.869 5.8427 21.9512 10.0165 3.1938 30.0177 0.9774 0.9109 0.9739 0.9408 0.8725 0.9099
3 16 10.0165 3.1938 30.0177 13.869 5.8427 21.9512 10.0116 8.0127 30.0182 0.8725 0.9099 0.9739 0.9408 0.8724 0.9657
3 16 14.0467 3.2467 21.6597 14.0944 4.8155 20.2862 13.869 5.8427 21.9512 0.1546 0.9384 0.1691 0.9571 0.1499 0.9687
3 16 17.9893 8.0116 13.7518 16.0222 8.0191 14.8257 17.9924 5.8389 13.7525 0.2665 0.9888 0.2407 0.9921 0.2635 0.9639
3 16 17.9924 5.8389 13.7525 16.0222 8.0191 14.8257 16.9936 4.8987 14.7235 0.2635 0.9639 0.2407 0.9921 0.2461 0.9546
3 16 17.9893 8.0116 13.7518 17.9924 5.8389 13.7525 19.8104 8.0176 10.1556 0.4019 0.1563 0.4026 0.1314 0.4481 0.1577
3 16 19.8104 8.0176 10.1556 17.9924 5.8389 13.7525 19.5771 3.2062 10.5461 0.4481 0.1577 0.4026 0.1314 0.4449 0.1026
3 16 16.9183 0.4588 8.5174 19.5771 3.2062 10.5461 15.0137 0.4623 13.0042 0.2209 0.1386 0.2475 0.0965 0.2731 0.1588
3 16 15.0137 0.4623 13.0042 19.5771 3.2062 10.5461 17.8781 3.4692 13.9885 0.2731 0.1588 0.2475 0.0965 0.2875 0.1142
3 16 16.9936 4.8987 14.7235 17.8781 3.4692 13.9885 17.9924 5.8389 13.7525 0.2461 0.9546 0.2573 0.9387 0.2635 0.9639
3 16 9.9783 8.0176 18.298 9.9997 8.0176 16.2925 9.3779 8.0179 18.0591 0.2567 0.6066 0.259 0.6306 0.2495 0.6094
3 16 10.457 8.0174 19.3487 10.3845 8.0109 18.7178 10.4962 3.2617 19.333 0.5785 0.9951 0.571 0.9951 0.5781 0.9405
3 16 10.4962 3.2617 19.333 10.3845 8.0109 18.7178 10.4191 2.9205 18.678 0.5781 0.9405 0.571 0.9951 0.5704 0.9367
3 16 10.3845 8.0109 18.7178 9.9783 8.0176 18.298 10.4191 2.9205 18.678 0.073 0.6511 0.0731 0.6443 0.1315 0.6518
3 16 10.4191 2.9205 18.678 9.9783 8.0176 18.298 10.0018 2.2649 18.2913 0.1315 0.6518 0.0731 0.6443 0.1391 0.6452
3 16 10.1796 8.0175 19.9955 10.2142 3.2402 19.9813 7.4831 8.0128 26.232 0.5866 0.9951 0.5863 0.9403 0.6648 0.9951
3 16 7.4831 8.0128 26.232 10.2142 3.2402 19.9813 7.4782 3.0283 26.2326 0.6648 0.9951 0.5863 0.9403 0.6648 0.9379
3 16 9.9783 8.0176 18.298 9.3779 8.0179 18.0591 10.0018 2.2649 18.2913 0.0731 0.6443 0.0731 0.6368 0.1391 0.6452
3 16 10.0018 2.2649 18.2913 9.3779 8.0179 18.0591 9.3678 1.7145 18.0566 0.1391 0.6452 0.0731 0.6368 0.1455 0.6373
3 16 13.5438 8.0191 19.7826 11.5596 8.0243 18.2995 10.457 8.0174 19.3487 0.2959 0.5885 0.2754 0.6064 0.2622 0.5942
3 16 10.457 8.0174 19.3487 11.5596 8.0243 18.2995 10.3845 8.0109 18.7178 0.2622 0.5942 0.2754 0.6064 0.2615 0.6017
3 16 10.457 8.0174 19.3487 10.4962 3.2617 19.333 10.1796 8.0175 19.9955 0.5785 0.9951 0.5781 0.9405 0.5866 0.9951
3 16 10.1796 8.0175 19.9955 10.4962 3.2617 19.333 10.2142 3.2402 19.9813 0.5866 0.9951 0.5781 0.9405 0.5863 0.9403
3 16 13.5438 8.0191 19.7826 10.457 8.0174 19.3487 10.1796 8.0175 19.9955 0.2959 0.5885 0.2622 0.5942 0.2588 0.5866
3 16 10.002 8.0144 -10.0144 10.0009 -0.2937 1.8841 10.002 8.0144 9.9856 0.0052 0.8229 0.1399 0.7266 0.2337 0.8222
3 16 10.002 8.0144 9.9856 10.0009 -0.2937 1.8841 10.003 -0.2923 4.6118 0.2337 0.8222 0.1399 0.7266 0.1711 0.7265
3 16 -10.0144 0.0144 -10.0144 -6.2356 0.0144 -6.2356 10.002 0.0144 -10.0144 0.7056 0.4294 0.6638 0.3871 0.7072 0.1948
3 16 10.002 0.0144 -10.0144 -6.2356 0.0144 -6.2356 10.002 0.0144 -6.2356 0.7072 0.1948 0.6638 0.3871 0.6652 0.1945
3 16 -6.2356 8.0144 11.9519 2.031 8.0128 11.9554 -10.0144 8.0144 9.9856 0.0677 0.6819 0.1646 0.6807 0.0265 0.7048
3 16 -10.0131 -7.9911 30.0152 -10.0144 8.0144 30.0144 -10.0144 0.0144 9.9856 0.7235 0.0052 0.7235 0.1896 0.4946 0.0971
3 16 -10.0144 0.0144 9.9856 -10.0144 8.0144 30.0144 -10.0144 8.0144 9.9856 0.4946 0.0971 0.7235 0.1896 0.4946 0.1896
3 16 24.1963 6.4802 -5.83 24.7794 7.5668 -5.6029 24.149 8.0207 -6.1515 0.7375 0.476 0.749 0.4855 0.7415 0.4941
3 16 24.149 8.0207 -6.1515 24.7794 7.5668 -5.6029 24.5888 8.0249 -6.0834 0.7415 0.4941 0.749 0.4855 0.7464 0.4928
3 16 18.3095 7.5285 7.1942 18.5299 6.4792 6.7375 17.8526 6.4437 6.8314 0.743 0.2324 0.7404 0.2455 0.7328 0.243
3 16 27.1372 7.57 -4.5118 26.9399 6.6603 -4.1031 28.2854 3.1919 -6.7835 0.7767 0.634 0.7868 0.6291 0.8267 0.6628
3 16 28.2854 3.1919 -6.7835 26.7838 3.6867 -3.7905 26.6092 3.1794 -3.4675 0.8267 0.6628 0.8212 0.6245 0.8267 0.6201
3 16 22.8669 0.2196 -6.4575 26.0196 2.8893 -3.0663 25.5316 2.757 -2.6067 0.0468 0.0757 0.0878 0.0303 0.0932 0.0362
3 16 21.2166 2.8803 6.5414 21.2551 3.2 7.302 16.9183 0.4588 8.5174 0.2003 0.0814 0.2094 0.0794 0.2209 0.1386
3 16 21.2551 3.2 7.302 19.5771 3.2062 10.5461 16.9183 0.4588 8.5174 0.2094 0.0794 0.2475 0.0965 0.2209 0.1386
3 16 19.5771 3.2062 10.5461 21.0782 3.71 7.6197 21.0153 4.3703 7.7457 0.4449 0.1026 0.4821 0.1093 0.4802 0.1169
3 16 20.7068 7.5305 8.3628 20.208 8.0218 9.3461 19.5771 3.2062 10.5461 0.4712 0.1529 0.4591 0.1578 0.4449 0.1026
3 16 7.6546 0.2047 30.0199 10.4546 0.2062 23.1299 10.0165 3.1938 30.0177 0.4709 0.2375 0.3908 0.2082 0.4758 0.1944
3 16 10.0165 3.1938 30.0177 10.4546 0.2062 23.1299 14.0467 3.2467 21.6597 0.4758 0.1944 0.3908 0.2082 0.3778 0.1532
3 16 3.9201 8.0173 11.9469 11.9519 8.0144 11.9519 10.002 8.0144 9.9856 0.1901 0.6838 0.283 0.6812 0.2612 0.7046
3 16 10.002 8.0144 -10.0144 10.002 8.0144 9.9856 11.9551 8.013 2.1411 0.2647 0.9346 0.2612 0.7046 0.2857 0.7952
3 16 10.002 8.0144 9.9856 11.948 8.0166 4.0688 11.9551 8.013 2.1411 0.2612 0.7046 0.2853 0.773 0.2857 0.7952
3 16 11.9519 8.0144 -6.2356 10.002 8.0144 -10.0144 11.9551 8.013 2.1411 0.287 0.8932 0.2647 0.9346 0.2857 0.7952
3 16 6.2924 -2.3967 2.7978 7.8866 -1.8466 2.1367 7.6318 -2.0549 0.032 0.8356 0.0509 0.843 0.0315 0.8674 0.0349
3 16 3.0073 -2.909 5.6306 1.5291 -3.5135 6.2131 2.703 -3.0614 6.339 0.2667 0.9395 0.2839 0.943 0.2697 0.9442
3 16 2.703 -3.0614 6.339 1.5291 -3.5135 6.2131 1.3286 -3.5054 7.9179 0.2697 0.9442 0.2839 0.943 0.2862 0.9624
3 16 3.0073 -2.909 5.6306 3.26 -0.2897 5.525 4.2382 -2.5457 4.2381 0.9406 0.5431 0.9711 0.5459 0.9455 0.5645
3 16 4.2382 -2.5457 4.2381 3.26 -0.2897 5.525 4.243 -0.29 4.2436 0.9455 0.5645 0.9711 0.5459 0.9712 0.5643
3 16 5.4482 -2.5281 3.2597 4.2382 -2.5457 4.2381 5.2597 -0.2899 3.4178 0.9457 0.5825 0.9455 0.5645 0.9713 0.5793
3 16 5.2597 -0.2899 3.4178 4.2382 -2.5457 4.2381 4.243 -0.29 4.2436 0.9713 0.5793 0.9455 0.5645 0.9712 0.5643
3 16 -6.2356 0.0144 9.9856 -6.2409 -4.7192 6.3771 -6.2356 0.0144 -6.2356 0.9208 0.2994 0.9753 0.3409 0.9208 0.4861
3 16 -6.2356 0.0144 -6.2356 -6.2409 -4.7192 6.3771 -6.2356 -4.7256 -6.2356 0.9208 0.4861 0.9753 0.3409 0.9753 0.4861
3 16 -6.2335 -4.7212 7.9205 -6.2356 0.0144 9.9856 -6.2368 -4.725 9.9849 0.9753 0.3232 0.9208 0.2994 0.9753 0.2993
3 16 7.0453 -2.7019 -6.2328 9.9988 -1.7921 -6.2377 10.002 0.0144 -6.2356 0.9342 0.2602 0.9241 0.2944 0.9033 0.2944
3 16 13.4833 -4.1977 -10.0169 10.002 0.0144 -10.0144 18.7787 -2.2852 -10.0165 0.8682 0.1756 0.822 0.215 0.8479 0.1156
3 16 -10.0144 0.0144 -10.0144 -2.7959 -7.5251 -10.0176 -10.0138 -7.9938 -10.0148 0.822 0.4452 0.9078 0.3626 0.9144 0.4452
3 16 23.7701 8.0177 -10.0177 28.2766 8.0144 -10.0144 28.2817 2.2958 -10.0103 0.7291 0.0552 0.7291 0.0049 0.7952 0.0049
3 16 17.2223 2.7693 6.3073 18.1196 2.8431 6.1941 18.2561 2.775 4.5053 0.7115 0.2806 0.7214 0.2848 0.7154 0.3033
3 16 18.2561 2.775 4.5053 18.1196 2.8431 6.1941 18.8477 2.7953 4.7861 0.7154 0.3033 0.7214 0.2848 0.7231 0.3032
3 16 18.1196 2.8431 6.1941 19.1703 2.918 5.5651 18.8477 2.7953 4.7861 0.7214 0.2848 0.7306 0.2957 0.7231 0.3032
3 16 18.8477 2.7953 4.7861 19.1703 2.918 5.5651 19.43 2.8276 5.061 0.7231 0.3032 0.7306 0.2957 0.7307 0.3028
3 16 11.9467 1.7797 11.9537 13.1393 0.83 4.5472 11.9416 0.1235 4.0693 0.4229 0.801 0.3568 0.7425 0.3642 0.7269
3 16 11.9467 1.7797 11.9537 15.4437 2.756 6.8498 14.4431 1.7809 5.5468 0.4229 0.801 0.3514 0.7859 0.3517 0.7639
3 16 11.9467 1.7797 11.9537 5.5436 -1.4375 14.4465 6.8457 -0.6153 15.446 0.4229 0.801 0.5019 0.7636 0.4972 0.7843
3 16 11.9467 1.7797 11.9537 4.5436 -2.0101 13.142 5.5436 -1.4375 14.4465 0.4229 0.801 0.5014 0.7434 0.5019 0.7636
3 16 -6.2356 8.0144 11.9519 -10.0144 8.0144 9.9856 -6.2356 8.0144 26.2356 0.0677 0.6819 0.0265 0.7048 0.0661 0.515
3 16 -6.2356 8.0144 26.2356 -10.0144 8.0144 9.9856 -10.0144 8.0144 30.0144 0.0661 0.515 0.0265 0.7048 0.0243 0.474
3 16 7.4782 3.0283 26.2326 10.2142 3.2402 19.9813 6.2937 1.7378 26.2303 0.7306 0.6201 0.701 0.5474 0.7507 0.6183
3 16 6.0307 -4.7223 -2.0356 4.2435 -4.7223 4.2431 6.4329 -4.7223 0.1423 0.3074 0.5202 0.3279 0.5926 0.3027 0.5453
3 16 6.4329 -4.7223 0.1423 4.2435 -4.7223 4.2431 5.4487 -4.7284 3.2596 0.3027 0.5453 0.3279 0.5926 0.314 0.5813
3 16 2.9961 -4.7286 5.6476 4.4309 -4.7223 -4.6126 1.5343 -4.7223 6.2126 0.3423 0.6088 0.3258 0.4905 0.3592 0.6153
3 16 1.5343 -4.7223 6.2126 4.4309 -4.7223 -4.6126 2.0155 -4.7284 -6.2288 0.3592 0.6153 0.3258 0.4905 0.3536 0.4719
3 16 4.4309 -4.7223 -4.6126 2.9961 -4.7286 5.6476 6.0307 -4.7223 -2.0356 0.3258 0.4905 0.3423 0.6088 0.3074 0.5202
3 16 6.0307 -4.7223 -2.0356 2.9961 -4.7286 5.6476 4.2435 -4.7223 4.2431 0.3074 0.5202 0.3423 0.6088 0.3279 0.5926
3 16 -2.0305 -4.7223 6.372 -6.2356 -4.7256 -6.2356 -6.2409 -4.7192 6.3771 0.4002 0.6171 0.4487 0.4719 0.4486 0.6171
3 16 1.5343 -4.7223 6.2126 2.0155 -4.7284 -6.2288 -0.0509 -4.7222 6.3715 0.3592 0.6153 0.3536 0.4719 0.3774 0.6171
3 16 -0.0509 -4.7222 6.3715 2.0155 -4.7284 -6.2288 -6.2356 -4.7256 -6.2356 0.3774 0.6171 0.3536 0.4719 0.4487 0.4719
3 16 -0.0509 -4.7222 6.3715 -6.2356 -4.7256 -6.2356 -2.0305 -4.7223 6.372 0.3774 0.6171 0.4487 0.4719 0.4002 0.6171
3 16 6.2937 1.7378 26.2303 10.4962 3.2617 19.333 10.4191 2.9205 18.678 0.7507 0.6183 0.6979 0.5398 0.7006 0.5316
3 16 6.2937 1.7378 26.2303 10.2142 3.2402 19.9813 10.4962 3.2617 19.333 0.7507 0.6183 0.701 0.5474 0.6979 0.5398
3 16 6.2937 1.7378 26.2303 10.0018 2.2649 18.2913 9.3678 1.7145 18.0566 0.7507 0.6183 0.709 0.5261 0.7186 0.5229
3 16 6.2937 1.7378 26.2303 10.4191 2.9205 18.678 10.0018 2.2649 18.2913 0.7507 0.6183 0.7006 0.5316 0.709 0.5261
3 16 10.0116 8.0127 30.0182 13.8666 8.0115 21.9739 7.4831 8.0128 26.232 0.2535 0.4724 0.2983 0.5635 0.2265 0.5139
3 16 7.4831 8.0128 26.232 13.8666 8.0115 21.9739 10.1796 8.0175 19.9955 0.2265 0.5139 0.2983 0.5635 0.2588 0.5866
3 16 10.1796 8.0175 19.9955 13.8666 8.0115 21.9739 13.5438 8.0191 19.7826 0.2588 0.5866 0.2983 0.5635 0.2959 0.5885
3 16 14.8714 4.6438 17.3413 14.0944 4.8155 20.2862 15.6143 2.7348 17.6832 0.2065 0.9552 0.1691 0.9571 0.205 0.929
3 16 15.6143 2.7348 17.6832 14.0944 4.8155 20.2862 14.0467 3.2467 21.6597 0.205 0.929 0.1691 0.9571 0.1546 0.9384
3 16 14.2382 8.0194 17.0318 13.5438 8.0191 19.7826 14.8714 4.6438 17.3413 0.2073 0.9948 0.1738 0.9948 0.2065 0.9552
3 16 14.8714 4.6438 17.3413 13.5438 8.0191 19.7826 14.0944 4.8155 20.2862 0.2065 0.9552 0.1738 0.9948 0.1691 0.9571
3 16 16.9936 4.8987 14.7235 16.0222 8.0191 14.8257 14.8714 4.6438 17.3413 0.2461 0.9546 0.2407 0.9921 0.2065 0.9552
3 16 14.8714 4.6438 17.3413 16.0222 8.0191 14.8257 14.2382 8.0194 17.0318 0.2065 0.9552 0.2407 0.9921 0.2073 0.9948
3 16 17.8781 3.4692 13.9885 16.9936 4.8987 14.7235 15.6143 2.7348 17.6832 0.2573 0.9387 0.2461 0.9546 0.205 0.929
3 16 15.6143 2.7348 17.6832 16.9936 4.8987 14.7235 14.8714 4.6438 17.3413 0.205 0.929 0.2461 0.9546 0.2065 0.9552
3 16 3.0463 -6.7111 -6.4881 3.5334 -6.7183 -10.0174 8.0704 -5.5077 -6.4767 0.0456 0.3176 0.0052 0.3123 0.0455 0.2583
3 16 8.0704 -5.5077 -6.4767 3.5334 -6.7183 -10.0174 8.7691 -5.518 -10.0172 0.0455 0.2583 0.0052 0.3123 0.0049 0.2507
3 16 0.9673 -6.637 8.4988 2.0067 -6.674 1.0054 4.9949 -5.4331 8.4998 0.218 0.3402 0.1318 0.3289 0.218 0.2919
3 16 4.9949 -5.4331 8.4998 2.0067 -6.674 1.0054 6.5326 -5.4704 1.0115 0.218 0.2919 0.1318 0.3289 0.1317 0.2751
3 16 0.3542 -6.6102 12.9165 0.9673 -6.637 8.4988 4.0876 -5.4059 12.9185 0.2688 0.3469 0.218 0.3402 0.2689 0.3019
3 16 4.0876 -5.4059 12.9185 0.9673 -6.637 8.4988 4.9949 -5.4331 8.4998 0.2689 0.3019 0.218 0.3402 0.218 0.2919
3 16 -0.3382 -6.5749 17.8998 0.3542 -6.6102 12.9165 3.0633 -5.3708 17.9056 0.3262 0.3546 0.2688 0.3469 0.3264 0.3131
3 16 3.0633 -5.3708 17.9056 0.3542 -6.6102 12.9165 4.0876 -5.4059 12.9185 0.3264 0.3131 0.2688 0.3469 0.2689 0.3019
3 16 -1.0302 -6.5369 22.8851 -0.3382 -6.5749 17.8998 2.0395 -5.3359 22.8953 0.3835 0.3623 0.3262 0.3546 0.3839 0.3244
3 16 2.0395 -5.3359 22.8953 -0.3382 -6.5749 17.8998 3.0633 -5.3708 17.9056 0.3839 0.3244 0.3262 0.3546 0.3264 0.3131
3 16 -2.0173 -6.475 30.0181 -1.0302 -6.5369 22.8851 0.6106 -5.2731 30.0184 0.4654 0.3733 0.3835 0.3623 0.4657 0.3402
3 16 0.6106 -5.2731 30.0184 -1.0302 -6.5369 22.8851 2.0395 -5.3359 22.8953 0.4657 0.3402 0.3835 0.3623 0.3839 0.3244
3 16 4.7662 -4.0314 22.8945 2.9041 -3.9811 30.0188 2.0395 -5.3359 22.8953 0.3844 0.2897 0.4664 0.31 0.3839 0.3244
3 16 2.0395 -5.3359 22.8953 2.9041 -3.9811 30.0188 0.6106 -5.2731 30.0184 0.3839 0.3244 0.4664 0.31 0.4657 0.3402
3 16 6.0798 -4.0651 17.9241 4.7662 -4.0314 22.8945 3.0633 -5.3708 17.9056 0.327 0.2753 0.3844 0.2897 0.3264 0.3131
3 16 3.0633 -5.3708 17.9056 4.7662 -4.0314 22.8945 2.0395 -5.3359 22.8953 0.3264 0.3131 0.3844 0.2897 0.3839 0.3244
3 16 7.4067 -4.1046 12.9136 6.0798 -4.0651 17.9241 4.0876 -5.4059 12.9185 0.2692 0.2608 0.327 0.2753 0.2689 0.3019
3 16 4.0876 -5.4059 12.9185 6.0798 -4.0651 17.9241 3.0633 -5.3708 17.9056 0.2689 0.3019 0.327 0.2753 0.3264 0.3131
3 16 8.581 -4.1307 8.4997 7.4067 -4.1046 12.9136 4.9949 -5.4331 8.4998 0.2182 0.248 0.2692 0.2608 0.218 0.2919
3 16 4.9949 -5.4331 8.4998 7.4067 -4.1046 12.9136 4.0876 -5.4059 12.9185 0.218 0.2919 0.2692 0.2608 0.2689 0.3019
3 16 10.5688 -4.1663 1.0274 8.581 -4.1307 8.4997 6.5326 -5.4704 1.0115 0.1319 0.2263 0.2182 0.248 0.1317 0.2751
3 16 6.5326 -5.4704 1.0115 8.581 -4.1307 8.4997 4.9949 -5.4331 8.4998 0.1317 0.2751 0.2182 0.248 0.218 0.2919
3 16 13.4833 -4.1977 -10.0169 12.5566 -4.2018 -6.445 8.7691 -5.518 -10.0172 0.0049 0.1945 0.0457 0.2046 0.0049 0.2507
3 16 8.7691 -5.518 -10.0172 12.5566 -4.2018 -6.445 8.0704 -5.5077 -6.4767 0.0049 0.2507 0.0457 0.2046 0.0455 0.2583
3 16 -10.0144 0.0144 -10.0144 3.5334 -6.7183 -10.0174 -2.7959 -7.5251 -10.0176 0.822 0.4452 0.8967 0.2909 0.9078 0.3626
3 16 8.7691 -5.518 -10.0172 10.002 0.0144 -10.0144 13.4833 -4.1977 -10.0169 0.8843 0.23 0.822 0.215 0.8682 0.1756
3 16 -5.4064 -7.3557 30.0178 -10.0144 8.0144 30.0144 -10.0131 -7.9911 30.0152 0.5217 0.44 0.471 0.6178 0.4701 0.433
3 16 -2.0173 -6.475 30.0181 0.6106 -5.2731 30.0184 -10.0144 8.0144 30.0144 0.56 0.4508 0.5908 0.4637 0.471 0.6178
3 16 -2.0173 -6.475 30.0181 -10.0144 8.0144 30.0144 -5.4064 -7.3557 30.0178 0.56 0.4508 0.471 0.6178 0.5217 0.44
3 16 -10.0144 8.0144 30.0144 2.9041 -3.9811 30.0188 5.434 -2.0627 30.0193 0.471 0.6178 0.6169 0.4793 0.6452 0.4996
3 16 -10.0144 8.0144 30.0144 0.6106 -5.2731 30.0184 2.9041 -3.9811 30.0188 0.471 0.6178 0.5908 0.4637 0.6169 0.4793
3 16 -10.0144 8.0144 30.0144 7.6546 0.2047 30.0199 10.0165 3.1938 30.0177 0.471 0.6178 0.6678 0.5234 0.6983 0.5612
3 16 -10.0144 8.0144 30.0144 5.434 -2.0627 30.0193 7.6546 0.2047 30.0199 0.471 0.6178 0.6452 0.4996 0.6678 0.5234
3 16 -10.0144 8.0144 30.0144 10.0165 3.1938 30.0177 10.0116 8.0127 30.0182 0.471 0.6178 0.6983 0.5612 0.6985 0.6168
3 16 -10.017 -7.9971 -6.4836 -10.0144 0.0144 -10.0144 -10.0138 -7.9938 -10.0148 0.3041 0.0052 0.2658 0.0971 0.2657 0.0052
3 16 -10.017 -7.9966 1.0073 -10.0144 0.0144 -10.0144 -10.017 -7.9971 -6.4836 0.3907 0.0052 0.2658 0.0971 0.3041 0.0052
3 16 -10.0168 -7.9959 12.9162 -10.0144 0.0144 9.9856 -10.0169 -7.9962 8.4981 0.5283 0.0052 0.4946 0.0971 0.4772 0.0052
3 16 -10.0169 -7.9962 8.4981 -10.0144 0.0144 9.9856 -10.0144 0.0144 -10.0144 0.4772 0.0052 0.4946 0.0971 0.2658 0.0971
3 16 10.0116 8.0127 30.0182 13.869 5.8427 21.9512 13.8666 8.0115 21.9739 0.8724 0.9657 0.9739 0.9408 0.9736 0.9657
3 16 -6.2356 0.0144 9.9856 -0.0959 -3.8554 9.9823 -2.033 -4.1858 9.9823 0.7658 0.6773 0.6947 0.6328 0.7171 0.6289
3 16 -6.2356 0.0144 9.9856 -2.033 -4.1858 9.9823 -6.2368 -4.725 9.9849 0.7658 0.6773 0.7171 0.6289 0.7657 0.6226
3 16 1.8929 -3.2361 9.9854 1.0792 -3.5128 9.9821 -10.0144 8.0144 9.9856 0.6716 0.64 0.6811 0.6368 0.807 0.7695
3 16 -10.0144 8.0144 9.9856 1.0792 -3.5128 9.9821 -6.2356 0.0144 9.9856 0.807 0.7695 0.6811 0.6368 0.7658 0.6773
3 16 -6.2356 0.0144 9.9856 1.0792 -3.5128 9.9821 -0.0959 -3.8554 9.9823 0.7658 0.6773 0.6811 0.6368 0.6947 0.6328
3 16 1.8929 -3.2361 9.9854 -10.0144 8.0144 9.9856 1.8955 -0.2937 9.9845 0.6716 0.64 0.807 0.7695 0.6717 0.674
3 16 -3.0238 -7.5229 -6.4829 -3.5113 -7.4983 1.0077 -10.017 -7.9971 -6.4836 0.046 0.388 0.1321 0.393 0.0465 0.4683
3 16 -10.017 -7.9971 -6.4836 -3.5113 -7.4983 1.0077 -10.017 -7.9966 1.0073 0.0465 0.4683 0.1321 0.393 0.1325 0.4678
3 16 3.0463 -6.7111 -6.4881 2.0067 -6.674 1.0054 -3.0238 -7.5229 -6.4829 0.0456 0.3176 0.1318 0.3289 0.046 0.388
3 16 -3.0238 -7.5229 -6.4829 2.0067 -6.674 1.0054 -3.5113 -7.4983 1.0077 0.046 0.388 0.1318 0.3289 0.1321 0.393
3 16 2.0067 -6.674 1.0054 3.0463 -6.7111 -6.4881 6.5326 -5.4704 1.0115 0.1318 0.3289 0.0456 0.3176 0.1317 0.2751
3 16 6.5326 -5.4704 1.0115 3.0463 -6.7111 -6.4881 8.0704 -5.5077 -6.4767 0.1317 0.2751 0.0456 0.3176 0.0455 0.2583
3 16 12.5566 -4.2018 -6.445 10.5688 -4.1663 1.0274 8.0704 -5.5077 -6.4767 0.0457 0.2046 0.1319 0.2263 0.0455 0.2583
3 16 8.0704 -5.5077 -6.4767 10.5688 -4.1663 1.0274 6.5326 -5.4704 1.0115 0.0455 0.2583 0.1319 0.2263 0.1317 0.2751
3 16 10.5688 -4.1663 1.0274 12.5566 -4.2018 -6.445 15.2207 -2.2017 1.0674 0.1319 0.2263 0.0457 0.2046 0.1329 0.1683
3 16 15.2207 -2.2017 1.0674 12.5566 -4.2018 -6.445 17.6782 -2.2823 -6.4103 0.1329 0.1683 0.0457 0.2046 0.0464 0.1419
3 16 15.2207 -2.2017 1.0674 17.6782 -2.2823 -6.4103 19.8923 0.339 1.0299 0.1329 0.1683 0.0464 0.1419 0.1339 0.1072
3 16 19.8923 0.339 1.0299 17.6782 -2.2823 -6.4103 22.8669 0.2196 -6.4575 0.1339 0.1072 0.0464 0.1419 0.0468 0.0757
3 16 22.8669 0.2196 -6.4575 25.5316 2.757 -2.6067 19.8923 0.339 1.0299 0.0468 0.0757 0.0932 0.0362 0.1339 0.1072
3 16 19.8923 0.339 1.0299 25.5316 2.757 -2.6067 23.4465 2.7573 1.6606 0.1339 0.1072 0.0932 0.0362 0.143 0.0584
3 16 21.5212 2.801 0.7869 23.4465 2.7573 1.6606 23.6122 2.7745 -3.4868 0.7304 0.3591 0.7531 0.359 0.7306 0.4155
3 16 23.6122 2.7745 -3.4868 23.4465 2.7573 1.6606 25.5316 2.757 -2.6067 0.7306 0.4155 0.7531 0.359 0.7528 0.414
3 16 23.0746 2.7744 -3.7566 20.9614 2.7848 0.5148 23.6122 2.7745 -3.4868 0.7234 0.415 0.7232 0.3591 0.7306 0.4155
3 16 23.6122 2.7745 -3.4868 20.9614 2.7848 0.5148 21.5212 2.801 0.7869 0.7306 0.4155 0.7232 0.3591 0.7304 0.3591
3 16 23.0746 2.7744 -3.7566 22.5375 2.7742 -4.0261 20.9614 2.7848 0.5148 0.7234 0.415 0.7164 0.4149 0.7232 0.3591
3 16 20.9614 2.7848 0.5148 22.5375 2.7742 -4.0261 20.3969 2.7746 0.2396 0.7232 0.3591 0.7164 0.4149 0.716 0.3598
3 16 22.5375 2.7742 -4.0261 21.8941 2.7745 -4.0262 20.3969 2.7746 0.2396 0.9911 0.1366 0.9845 0.1333 0.9908 0.0814
3 16 20.3969 2.7746 0.2396 21.8941 2.7745 -4.0262 19.9218 2.7748 0.0113 0.9908 0.0814 0.9845 0.1333 0.9848 0.0813
3 16 18.6473 2.7733 -0.7176 19.9218 2.7748 0.0113 20.1093 2.7736 -4.1899 0.968 0.0823 0.9848 0.0813 0.9653 0.1258
3 16 20.1093 2.7736 -4.1899 19.9218 2.7748 0.0113 21.8941 2.7745 -4.0262 0.9653 0.1258 0.9848 0.0813 0.9845 0.1333
3 16 15.0654 0.8734 -0.7938 18.6473 2.7733 -0.7176 16.0806 0.7199 -4.5475 0.8905 0.6703 0.9346 0.6854 0.8844 0.7146
3 16 16.0806 0.7199 -4.5475 18.6473 2.7733 -0.7176 20.1093 2.7736 -4.1899 0.8844 0.7146 0.9346 0.6854 0.9346 0.7288
3 16 15.0654 0.8734 -0.7938 16.0806 0.7199 -4.5475 11.9513 -0.6802 -2.051 0.8905 0.6703 0.8844 0.7146 0.8477 0.6697
3 16 11.9513 -0.6802 -2.051 16.0806 0.7199 -4.5475 11.9483 -1.1877 -6.2342 0.8477 0.6697 0.8844 0.7146 0.8283 0.7143
3 16 11.9483 -1.1877 -6.2342 11.9581 3.5633 2.1391 11.9513 -0.6802 -2.051 0.208 0.9241 0.1532 0.8275 0.2022 0.8758
3 16 -10.0169 -7.9962 8.4981 -10.0144 0.0144 -10.0144 -10.017 -7.9966 1.0073 0.4772 0.0052 0.2658 0.0971 0.3907 0.0052
0 STEP
