0 Untitled Model
0 Name: Untitled Model
0 Author: 
0 BFC CERTIFY CCW
3 16 15.4649 8 -13.1552 15.4649 5.0214 -13.1552 16.0953 8 -11.6332
3 16 16.0953 8 -11.6332 15.4649 5.0214 -13.1552 16.0953 4.9192 -11.6332
3 16 14.4621 4.6915 -14.4621 15.4649 5.0214 -13.1552 14.4621 8 -14.4621
3 16 14.4621 8 -14.4621 15.4649 5.0214 -13.1552 15.4649 8 -13.1552
3 16 13.1552 3.9119 -15.4649 14.4621 4.6915 -14.4621 13.1552 8 -15.4649
3 16 13.1552 8 -15.4649 14.4621 4.6915 -14.4621 14.4621 8 -14.4621
3 16 11.6332 2.8245 -16.0953 13.1552 3.9119 -15.4649 11.6332 8 -16.0953
3 16 11.6332 8 -16.0953 13.1552 3.9119 -15.4649 13.1552 8 -15.4649
3 16 10 1.591 -16.3103 11.6332 2.8245 -16.0953 10 8 -16.3103
3 16 10 8 -16.3103 11.6332 2.8245 -16.0953 11.6332 8 -16.0953
3 16 8.373 0.5953 -16.0726 10 1.591 -16.3103 8.3735 7.868 -16.0692
3 16 8.3735 7.868 -16.0692 10 1.591 -16.3103 10 8 -16.3103
3 16 6.8449 -0.6317 -15.4649 8.373 0.5953 -16.0726 6.8449 8 -15.4649
3 16 6.8449 8 -15.4649 8.373 0.5953 -16.0726 8.3735 7.868 -16.0692
3 16 5.538 -1.4562 -14.4621 6.8449 -0.6317 -15.4649 5.538 8 -14.4621
3 16 5.538 8 -14.4621 6.8449 -0.6317 -15.4649 6.8449 8 -15.4649
3 16 4.5351 -2.0296 -13.1552 5.538 -1.4562 -14.4621 4.5351 8 -13.1552
3 16 4.5351 8 -13.1552 5.538 -1.4562 -14.4621 5.538 8 -14.4621
3 16 14.4621 8 -5.538 14.4621 1.7672 -5.538 13.1552 8 -4.5351
3 16 13.1552 8 -4.5351 14.4621 1.7672 -5.538 13.1552 0.815 -4.5351
3 16 15.4649 8 -6.8449 15.4649 2.7436 -6.8449 14.4621 8 -5.538
3 16 14.4621 8 -5.538 15.4649 2.7436 -6.8449 14.4621 1.7672 -5.538
3 16 16.0953 8 -8.3668 16.0953 3.6617 -8.3668 15.4649 8 -6.8449
3 16 15.4649 8 -6.8449 16.0953 3.6617 -8.3668 15.4649 2.7436 -6.8449
3 16 16.3103 8 -10 16.3103 4.429 -10 16.0953 8 -8.3668
3 16 16.0953 8 -8.3668 16.3103 4.429 -10 16.0953 3.6617 -8.3668
3 16 16.0953 8 -11.6332 16.0953 4.9192 -11.6332 16.3103 8 -10
3 16 16.3103 8 -10 16.0953 4.9192 -11.6332 16.3103 4.429 -10
3 16 7.8975 0.5268 -17.8468 7.8975 8 -17.8468 9.3819 1.6998 -18.0422
3 16 9.3819 1.6998 -18.0422 7.8975 8 -17.8468 9.3819 8 -18.0422
3 16 5.9382 -0.8452 -17.0352 5.9382 8 -17.0352 7.8975 0.5268 -17.8468
3 16 7.8975 0.5268 -17.8468 5.9382 8 -17.0352 7.8975 8 -17.8468
3 16 4.2558 -1.8716 -15.7442 4.2558 8 -15.7442 5.9382 -0.8452 -17.0352
3 16 5.9382 -0.8452 -17.0352 4.2558 8 -15.7442 5.9382 8 -17.0352
3 16 2.9648 -2.5766 -14.0618 2.9648 8 -14.0618 4.2558 -1.8716 -15.7442
3 16 4.2558 -1.8716 -15.7442 2.9648 8 -14.0618 4.2558 8 -15.7442
3 16 14.0618 8 -2.9648 14.0618 6.4022 -2.9648 15.7442 8 -4.2558
3 16 15.7442 8 -4.2558 14.0618 6.4022 -2.9648 15.9115 6.4165 -4.4463
3 16 15.7442 8 -4.2558 15.9115 6.4165 -4.4463 17.0352 8 -5.9382
3 16 17.0352 8 -5.9382 15.9115 6.4165 -4.4463 17.001 6.4121 -5.887
3 16 10.0164 0 6.25 10.0164 -1.4105 2.5453 10.0164 -1.6696 4.9789
3 16 -0.0922 -3.8727 -7.9205 -0.0922 -3.8727 -10 -2.0305 -4.2033 -7.9205
3 16 -2.0305 -4.2033 -7.9205 -0.0922 -3.8727 -10 -2.0305 -4.2033 -10
3 16 -2.0305 -4.2033 -6.3897 -0.0922 -3.8727 -6.4033 -2.0305 -4.2033 -7.9205
3 16 -2.0305 -4.2033 -7.9205 -0.0922 -3.8727 -6.4033 -0.0922 -3.8727 -7.9205
3 16 1.3351 -3.5296 -7.9186 1.0842 -3.5296 -10 -0.0922 -3.8727 -7.9205
3 16 -0.0922 -3.8727 -7.9205 1.0842 -3.5296 -10 -0.0922 -3.8727 -10
3 16 -0.0922 -3.8727 -7.9205 -0.0922 -3.8727 -6.4033 1.3351 -3.5296 -7.9186
3 16 1.3351 -3.5296 -7.9186 -0.0922 -3.8727 -6.4033 1.5385 -3.5296 -6.2298
3 16 1.0842 -3.5296 -10 1.3351 -3.5296 -7.9186 1.9094 -3.2481 -10
3 16 1.9094 -3.2481 -10 1.3351 -3.5296 -7.9186 2.1533 -3.2875 -7.8975
3 16 7.4284 -2.3087 2.226 6.047 -2.7812 2.0423 7.1839 -2.5741 4.8269
3 16 7.1839 -2.5741 4.8269 6.047 -2.7812 2.0423 4.4438 -3.2998 4.6248
3 16 7.6408 -2.0782 -0.0336 6.4504 -2.4891 -0.1443 7.4284 -2.3087 2.226
3 16 7.4284 -2.3087 2.226 6.4504 -2.4891 -0.1443 6.047 -2.7812 2.0423
3 16 5.467 -2.5389 -3.2721 6.4504 -2.4891 -0.1443 6.3036 -2.4126 -2.8135
3 16 6.3036 -2.4126 -2.8135 6.4504 -2.4891 -0.1443 7.6408 -2.0782 -0.0336
3 16 10.0164 -1.6696 4.9789 10.0164 -1.4105 2.5453 7.1839 -2.5741 4.8269
3 16 7.1839 -2.5741 4.8269 10.0164 -1.4105 2.5453 7.4284 -2.3087 2.226
3 16 10.0164 -1.4105 2.5453 10.0164 -1.1668 0.2563 7.4284 -2.3087 2.226
3 16 7.4284 -2.3087 2.226 10.0164 -1.1668 0.2563 7.6408 -2.0782 -0.0336
3 16 7.8975 -1.8619 -2.1533 7.6408 -2.0782 -0.0336 10.0164 -0.938 -1.8932
3 16 10.0164 -0.938 -1.8932 7.6408 -2.0782 -0.0336 10.0164 -1.1668 0.2563
3 16 -2.0305 -4.2033 -6.3897 -6.25 -4.74 -6.3875 -2.0305 -4.74 -6.3897
3 16 -2.0305 -4.74 -6.3897 -0.0501 -4.74 -6.3891 -2.0305 -4.2033 -6.3897
3 16 -2.0305 -4.2033 -6.3897 -0.0501 -4.74 -6.3891 -0.0922 -3.8727 -6.4033
3 16 1.9094 -0.3077 -10 2.1533 -0.3077 -7.8975 4.625 -0.3077 -10
3 16 4.625 -0.3077 -10 2.1533 -0.3077 -7.8975 4.8224 -0.3077 -8.4591
3 16 7.8975 -0.3077 -2.1533 8.3916 -0.3077 -4.7284 6.2946 -0.3077 -2.8172
3 16 6.2946 -0.3077 -2.8172 8.3916 -0.3077 -4.7284 7.2603 -0.3077 -5.2129
3 16 6.3036 -2.4126 -2.8135 6.2946 -0.3077 -2.8172 5.467 -2.5389 -3.2721
3 16 5.467 -2.5389 -3.2721 6.2946 -0.3077 -2.8172 5.27 -0.3077 -3.4321
3 16 4.2558 -2.5459 -4.2558 3.0236 -2.9192 -5.6466 4.2558 -4.74 -4.2558
3 16 4.2558 -4.74 -4.2558 3.0236 -2.9192 -5.6466 3.0089 -4.74 -5.6658
3 16 1.5385 -3.5296 -6.2298 -0.0922 -3.8727 -6.4033 1.5385 -4.74 -6.2298
3 16 1.5385 -4.74 -6.2298 -0.0922 -3.8727 -6.4033 -0.0501 -4.74 -6.3891
3 16 19.5567 3.2166 -10.5359 21.0552 3.7027 -7.6263 21.2303 3.2 -7.2996
3 16 23.425 2.75 -1.6502 19.8802 0.3603 -1.0248 21.3396 2.75 -5.9182
3 16 21.3396 2.75 -5.9182 19.8802 0.3603 -1.0248 16.905 0.4793 -8.5119
3 16 21.1922 2.8746 -6.5422 21.3396 2.75 -5.9182 16.905 0.4793 -8.5119
3 16 20.9916 4.3683 -7.7535 19.5567 3.2166 -10.5359 20.9119 6.4743 -7.913
3 16 20.6855 7.5178 -8.3658 20.9119 6.4743 -7.913 19.5567 3.2166 -10.5359
3 16 28.2621 3.2 6.7875 26.7748 3.68 3.8129 26.8429 4.3715 3.9491
3 16 27.134 7.5546 4.5312 27.5082 8 5.2797 28.2621 3.2 6.7875
3 16 26.9316 6.6568 4.1264 28.2621 3.2 6.7875 26.8429 4.3715 3.9491
3 16 20.1959 8 -9.3451 19.5567 3.2166 -10.5359 19.7946 8 -10.1476
3 16 2.5518 -1.2861 -26.25 1.2598 -2.0379 -26.25 4.2558 -1.8716 -15.7442
3 16 4.2558 -1.8716 -15.7442 1.2598 -2.0379 -26.25 2.9648 -2.5766 -14.0618
3 16 2.0427 -3.0741 -11.9375 0.1156 -2.6426 -26.25 -1.3208 -3.9916 -11.9375
3 16 -1.3208 -3.9916 -11.9375 0.1156 -2.6426 -26.25 -1.375 -3.3069 -26.25
3 16 3.5621 -0.5961 -26.25 2.5518 -1.2861 -26.25 5.9382 -0.8452 -17.0352
3 16 5.9382 -0.8452 -17.0352 2.5518 -1.2861 -26.25 4.2558 -1.8716 -15.7442
3 16 7.4949 3.0217 -26.25 7.4949 8 -26.25 6.3043 1.7266 -26.25
3 16 20.9619 2.7599 -0.5151 18.8486 2.7703 -4.7869 20.3971 2.7496 -0.2398
3 16 20.3971 2.7496 -0.2398 18.8486 2.7703 -4.7869 18.2566 2.75 -4.5056
3 16 23.7701 8 10 24.5906 8.0022 6.0936 24.1546 8.0012 6.1661
3 16 19.9218 2.7498 -0.0113 20.3971 2.7496 -0.2398 17.9494 2.75 -4.0487
3 16 17.9494 2.75 -4.0487 20.3971 2.7496 -0.2398 18.2566 2.75 -4.5056
3 16 17.1947 2.75 -2.7583 17.9494 2.75 -4.0487 16.2989 2.75 -4.8876
3 16 16.2989 2.75 -4.8876 17.9494 2.75 -4.0487 16.9279 2.75 -5.7691
3 16 16.9279 2.75 -5.7691 16.9442 3.7769 -5.802 16.2989 2.75 -4.8876
3 16 16.2989 2.75 -4.8876 16.9442 3.7769 -5.802 16.18 3.8754 -4.7521
3 16 23.0976 2.75 6.25 21.8941 2.7495 4.0262 20.985 2.75 6.25
3 16 20.985 2.75 6.25 21.8941 2.7495 4.0262 20.1169 2.75 4.1867
3 16 20.1169 2.75 4.1867 16.0908 0.6973 4.5448 20.985 2.75 6.25
3 16 20.985 2.75 6.25 16.0908 0.6973 4.5448 11.9375 -1.2038 6.25
3 16 15.9115 6.4165 -4.4463 16.18 3.8754 -4.7521 17.001 6.4121 -5.887
3 16 17.001 6.4121 -5.887 16.18 3.8754 -4.7521 16.9442 3.7769 -5.802
3 16 14.0618 6.4022 -2.9648 14.0618 3.8443 -2.9648 15.9115 6.4165 -4.4463
3 16 15.9115 6.4165 -4.4463 14.0618 3.8443 -2.9648 16.18 3.8754 -4.7521
3 16 11.9375 3.5633 -2.1533 14.0618 3.8443 -2.9648 11.9375 6.3923 -2.1533
3 16 11.9375 6.3923 -2.1533 14.0618 3.8443 -2.9648 14.0618 6.4022 -2.9648
3 16 11.9375 -1.2038 6.25 11.9375 6.3992 -1.4936 11.9375 8 -2.1533
3 16 11.9375 8 -2.1533 11.9375 6.3992 -1.4936 11.9375 6.3923 -2.1533
3 16 14.0618 1.0051 -2.9648 17.1947 2.75 -2.7583 16.2989 2.75 -4.8876
3 16 16.18 3.8754 -4.7521 14.0618 3.8443 -2.9648 16.2989 2.75 -4.8876
3 16 16.2989 2.75 -4.8876 14.0618 3.8443 -2.9648 14.0618 1.0051 -2.9648
3 16 17.8971 8 -7.4323 20.1959 8 -9.3451 17.5917 8 -8.9286
3 16 17.5917 8 -8.9286 20.1959 8 -9.3451 19.7946 8 -10.1476
3 16 19.4296 2.8026 -5.0614 21.5211 2.7761 -0.7869 21.3396 2.75 -5.9182
3 16 21.3396 2.75 -5.9182 21.5211 2.7761 -0.7869 23.425 2.75 -1.6502
3 16 27.5082 8 5.2797 24.5906 8.0022 6.0936 28.2621 8 6.7875
3 16 11.9375 1.7631 -11.9375 4.5351 -2.0296 -13.1552 3.9047 -2.4902 -11.9375
3 16 15.4649 5.0214 -13.1552 11.9375 1.7631 -11.9375 16.0953 4.9192 -11.6332
3 16 14.4621 4.6915 -14.4621 11.9375 1.7631 -11.9375 15.4649 5.0214 -13.1552
3 16 11.9375 1.7631 -11.9375 14.4621 4.6915 -14.4621 13.1552 3.9119 -15.4649
3 16 11.6332 2.8245 -16.0953 11.9375 1.7631 -11.9375 13.1552 3.9119 -15.4649
3 16 10 1.591 -16.3103 11.9375 1.7631 -11.9375 11.6332 2.8245 -16.0953
3 16 8.373 0.5953 -16.0726 11.9375 1.7631 -11.9375 10 1.591 -16.3103
3 16 6.8449 -0.6317 -15.4649 11.9375 1.7631 -11.9375 8.373 0.5953 -16.0726
3 16 11.9375 1.7631 -11.9375 13.1552 0.815 -4.5351 14.4621 1.7672 -5.538
3 16 16.0953 3.6617 -8.3668 11.9375 1.7631 -11.9375 15.4649 2.7436 -6.8449
3 16 16.3103 4.429 -10 11.9375 1.7631 -11.9375 16.0953 3.6617 -8.3668
3 16 11.9375 1.7631 -11.9375 16.3103 4.429 -10 16.0953 4.9192 -11.6332
3 16 3.9047 -2.4902 -11.9375 3.9047 8 -11.9375 11.9375 1.7631 -11.9375
3 16 11.9375 1.7631 -11.9375 3.9047 8 -11.9375 11.9375 8 -11.9375
3 16 17.9733 8 -13.7364 16.0107 8 -14.8145 15.4649 8 -13.1552
3 16 15.4649 8 -13.1552 16.0107 8 -14.8145 14.4621 8 -14.4621
3 16 11.5596 7.9993 -18.2995 11.6332 8 -16.0953 14.2241 8 -17.0247
3 16 14.2241 8 -17.0247 11.6332 8 -16.0953 13.1552 8 -15.4649
3 16 13.5279 8 -19.7802 11.5596 7.9993 -18.2995 14.2241 8 -17.0247
3 16 13.1552 8 -15.4649 14.4621 8 -14.4621 14.2241 8 -17.0247
3 16 14.2241 8 -17.0247 14.4621 8 -14.4621 16.0107 8 -14.8145
3 16 -1.0373 -6.5129 -22.8838 -4.9428 -7.3796 -22.8872 -2.0227 -6.4586 -30
3 16 -2.0227 -6.4586 -30 -4.9428 -7.3796 -22.8872 -5.4096 -7.3384 -30
3 16 7.7133 -2.0167 -23.1967 4.7539 -4.0099 -22.891 5.4239 -2.0506 -30
3 16 5.4239 -2.0506 -30 4.7539 -4.0099 -22.891 2.8952 -3.9672 -30
3 16 -0.3446 -6.5507 -17.8987 -4.616 -7.4072 -17.9018 -1.0373 -6.5129 -22.8838
3 16 -1.0373 -6.5129 -22.8838 -4.616 -7.4072 -17.9018 -4.9428 -7.3796 -22.8872
3 16 9.5551 -2.0203 -17.9528 6.0685 -4.0431 -17.9208 7.7133 -2.0167 -23.1967
3 16 7.7133 -2.0167 -23.1967 6.0685 -4.0431 -17.9208 4.7539 -4.0099 -22.891
3 16 -10 -7.9766 -22.8863 -4.9428 -7.3796 -22.8872 -10 -7.977 -17.9016
3 16 -10 -7.977 -17.9016 -4.9428 -7.3796 -22.8872 -4.616 -7.4072 -17.9018
3 16 -10 -7.977 -17.9016 -4.616 -7.4072 -17.9018 -10 -7.9774 -12.9162
3 16 -10 -7.9774 -12.9162 -4.616 -7.4072 -17.9018 -4.2899 -7.4315 -12.9162
3 16 -4.616 -7.4072 -17.9018 -0.3446 -6.5507 -17.8987 -4.2899 -7.4315 -12.9162
3 16 -4.2899 -7.4315 -12.9162 -0.3446 -6.5507 -17.8987 0.3482 -6.586 -12.9155
3 16 6.0685 -4.0431 -17.9208 9.5551 -2.0203 -17.9528 7.3964 -4.0821 -12.9105
3 16 7.3964 -4.0821 -12.9105 9.5551 -2.0203 -17.9528 11.4155 -2.0773 -12.7698
3 16 10.438 0.2235 -23.1228 7.7133 -2.0167 -23.1967 7.6435 0.215 -30
3 16 7.6435 0.215 -30 7.7133 -2.0167 -23.1967 5.4239 -2.0506 -30
3 16 12.7962 0.3811 -17.8907 9.5551 -2.0203 -17.9528 10.438 0.2235 -23.1228
3 16 10.438 0.2235 -23.1228 9.5551 -2.0203 -17.9528 7.7133 -2.0167 -23.1967
3 16 -10 -7.9774 -12.9162 -4.2899 -7.4315 -12.9162 -10 -7.9777 -8.4981
3 16 -10 -7.9777 -8.4981 -4.2899 -7.4315 -12.9162 -4.0018 -7.4488 -8.4981
3 16 -4.2899 -7.4315 -12.9162 0.3482 -6.586 -12.9155 -4.0018 -7.4488 -8.4981
3 16 -4.0018 -7.4488 -8.4981 0.3482 -6.586 -12.9155 0.9618 -6.6126 -8.4979
3 16 7.3964 -4.0821 -12.9105 11.4155 -2.0773 -12.7698 8.5714 -4.1078 -8.4971
3 16 8.5714 -4.1078 -8.4971 11.4155 -2.0773 -12.7698 12.7518 -2.0992 -8.541
3 16 2.0018 -6.6495 -1.0045 -3.514 -7.4734 -1.0074 0.9618 -6.6126 -8.4979
3 16 0.9618 -6.6126 -8.4979 -3.514 -7.4734 -1.0074 -4.0018 -7.4488 -8.4981
3 16 15.21 -2.1794 -1.0636 10.56 -4.143 -1.0248 12.7518 -2.0992 -8.541
3 16 12.7518 -2.0992 -8.541 10.56 -4.143 -1.0248 8.5714 -4.1078 -8.4971
3 16 -3.514 -7.4734 -1.0074 -10 -7.9783 -1.0072 -4.0018 -7.4488 -8.4981
3 16 -4.0018 -7.4488 -8.4981 -10 -7.9783 -1.0072 -10 -7.9777 -8.4981
3 16 12.7518 -2.0992 -8.541 16.905 0.4793 -8.5119 15.21 -2.1794 -1.0636
3 16 15.21 -2.1794 -1.0636 16.905 0.4793 -8.5119 19.8802 0.3603 -1.0248
3 16 11.4155 -2.0773 -12.7698 14.9991 0.4816 -12.998 12.7518 -2.0992 -8.541
3 16 12.7518 -2.0992 -8.541 14.9991 0.4816 -12.998 16.905 0.4793 -8.5119
3 16 9.5551 -2.0203 -17.9528 12.7962 0.3811 -17.8907 11.4155 -2.0773 -12.7698
3 16 11.4155 -2.0773 -12.7698 12.7962 0.3811 -17.8907 14.9991 0.4816 -12.998
3 16 -10 -7.9761 -30 -5.4096 -7.3384 -30 -10 -7.9766 -22.8863
3 16 -10 -7.9766 -22.8863 -5.4096 -7.3384 -30 -4.9428 -7.3796 -22.8872
3 16 3.5302 -6.7006 10 -2.7977 -7.5074 10 3.0417 -6.6865 6.4889
3 16 3.0417 -6.6865 6.4889 -2.7977 -7.5074 10 -3.0263 -7.498 6.4832
3 16 18.7713 -2.2679 10 13.4775 -4.1802 10 17.6682 -2.2597 6.4138
3 16 17.6682 -2.2597 6.4138 13.4775 -4.1802 10 12.5486 -4.1782 6.4474
3 16 23.9028 0.0468 10 18.7713 -2.2679 10 22.8555 0.2414 6.4622
3 16 22.8555 0.2414 6.4622 18.7713 -2.2679 10 17.6682 -2.2597 6.4138
3 16 23.9028 0.0468 10 10.0164 8 10 18.7713 -2.2679 10
3 16 18.7713 -2.2679 10 10.0164 8 10 10.0164 0 10
3 16 28.2621 2.3075 10 23.9028 0.0468 10 28.2621 3.2 6.7875
3 16 28.2621 3.2 6.7875 23.9028 0.0468 10 22.8555 0.2414 6.4622
3 16 26.0059 2.8862 3.087 26.5929 3.1813 3.4864 22.8555 0.2414 6.4622
3 16 28.2621 3.2 6.7875 22.8555 0.2414 6.4622 26.5929 3.1813 3.4864
3 16 28.2621 8 6.7875 28.2621 8 10 28.2621 3.2 6.7875
3 16 28.2621 3.2 6.7875 28.2621 8 10 28.2621 2.3075 10
3 16 8.7645 -5.5004 10 10.0164 0 10 3.5302 -6.7006 10
3 16 3.5302 -6.7006 10 10.0164 0 10 -10 0 10
3 16 -10 -7.9788 6.4836 -3.0263 -7.498 6.4832 -10 -7.9791 10
3 16 -10 -7.9791 10 -3.0263 -7.498 6.4832 -2.7977 -7.5074 10
3 16 -10 0 -10 -10 -7.9761 -30 -10 -7.9766 -22.8863
3 16 -10 0 -10 -10 -7.9766 -22.8863 -10 -7.977 -17.9016
3 16 -10 -7.9774 -12.9162 -10 0 -10 -10 -7.977 -17.9016
3 16 10.0164 -0.938 -1.8932 10.0164 -1.1668 0.2563 10.0164 -0.3077 -1.8979
3 16 10.0164 -0.3077 -1.8979 10.0164 -1.1668 0.2563 10.0164 8 10
3 16 10.0164 -1.1668 0.2563 10.0164 0 6.25 10.0164 8 10
3 16 10.0654 -0.878 -4.6238 10.0164 -0.3077 -4.5974 9.9911 -0.2058 -9.9807
3 16 10.0164 8 -10 9.9911 -0.2058 -9.9807 10.0164 -0.3077 -4.5974
3 16 -10 8 -10 -10 0 -10 -6.25 0 -10
3 16 -6.25 -4.74 -7.9205 -6.25 0 -10 -6.25 -4.74 -6.3875
3 16 7.0501 -2.7194 6.25 2.022 -3.8582 6.25 10.0164 0 6.25
3 16 10.0164 0 6.25 2.022 -3.8582 6.25 -6.25 0 6.25
3 16 -6.25 0 -10 -10 0 -10 -6.25 0 6.25
3 16 -6.25 0 6.25 -10 0 -10 -10 0 10
3 16 10.0164 0 10 10.0164 8 10 10.0164 0 6.25
3 16 7.0501 -2.7194 6.25 10.0164 -1.805 6.25 7.1839 -2.5741 4.8269
3 16 7.1839 -2.5741 4.8269 10.0164 -1.805 6.25 10.0164 -1.6696 4.9789
3 16 10.0164 0 6.25 10.0164 -1.6696 4.9789 10.0164 -1.805 6.25
3 16 10.0164 0 6.25 10.0164 -1.1668 0.2563 10.0164 -1.4105 2.5453
3 16 7.8975 -0.3077 -2.1533 6.2946 -0.3077 -2.8172 7.8975 -1.8619 -2.1533
3 16 7.8975 -1.8619 -2.1533 6.2946 -0.3077 -2.8172 6.3036 -2.4126 -2.8135
3 16 1.9094 -0.3077 -10 1.9094 -3.2481 -10 2.1533 -0.3077 -7.8975
3 16 2.1533 -0.3077 -7.8975 1.9094 -3.2481 -10 2.1533 -3.2875 -7.8975
3 16 -6.25 -4.74 -10 -6.25 -4.74 -7.9205 -2.0305 -4.2033 -10
3 16 -2.0305 -4.2033 -10 -6.25 -4.74 -7.9205 -2.0305 -4.2033 -7.9205
3 16 2.022 -4.74 6.25 2.022 -3.8582 6.25 4.4438 -4.74 4.6248
3 16 4.4438 -4.74 4.6248 2.022 -3.8582 6.25 4.4438 -3.2998 4.6248
3 16 6.047 -2.7812 2.0423 6.047 -4.74 2.0423 4.4438 -3.2998 4.6248
3 16 4.4438 -3.2998 4.6248 6.047 -4.74 2.0423 4.4438 -4.74 4.6248
3 16 6.047 -4.74 2.0423 6.047 -2.7812 2.0423 6.4504 -4.74 -0.1443
3 16 6.4504 -4.74 -0.1443 6.047 -2.7812 2.0423 6.4504 -2.4891 -0.1443
3 16 4.2558 -4.74 -4.2558 5.467 -4.74 -3.2721 4.2558 -2.5459 -4.2558
3 16 4.2558 -2.5459 -4.2558 5.467 -4.74 -3.2721 5.467 -2.5389 -3.2721
3 16 3.0236 -2.9192 -5.6466 1.5385 -3.5296 -6.2298 3.0089 -4.74 -5.6658
3 16 3.0089 -4.74 -5.6658 1.5385 -3.5296 -6.2298 1.5385 -4.74 -6.2298
3 16 6.4504 -2.4891 -0.1443 5.467 -2.5389 -3.2721 6.4504 -4.74 -0.1443
3 16 6.4504 -4.74 -0.1443 5.467 -2.5389 -3.2721 5.467 -4.74 -3.2721
3 16 7.1839 -2.5741 4.8269 4.4438 -3.2998 4.6248 7.0501 -2.7194 6.25
3 16 7.0501 -2.7194 6.25 4.4438 -3.2998 4.6248 2.022 -3.8582 6.25
3 16 -2.0305 -4.2033 -7.9205 -6.25 -4.74 -7.9205 -2.0305 -4.2033 -6.3897
3 16 -2.0305 -4.2033 -6.3897 -6.25 -4.74 -7.9205 -6.25 -4.74 -6.3875
3 16 5.1764 -0.3077 -7.2777 3.274 -0.3077 -5.5353 6.0586 -0.3077 -6.1403
3 16 6.0586 -0.3077 -6.1403 3.274 -0.3077 -5.5353 4.2558 -0.3077 -4.2558
3 16 7.2603 -0.3077 -5.2129 6.0586 -0.3077 -6.1403 5.27 -0.3077 -3.4321
3 16 5.27 -0.3077 -3.4321 6.0586 -0.3077 -6.1403 4.2558 -0.3077 -4.2558
3 16 7.2603 -0.3077 -5.2129 5.27 -0.3077 -3.4321 6.2946 -0.3077 -2.8172
3 16 3.274 -0.3077 -5.5353 5.1764 -0.3077 -7.2777 2.8127 -0.3077 -6.3054
3 16 5.1764 -0.3077 -7.2777 4.8224 -0.3077 -8.4591 2.8127 -0.3077 -6.3054
3 16 2.8127 -0.3077 -6.3054 4.8224 -0.3077 -8.4591 2.1533 -0.3077 -7.8975
3 16 4.711 -2.5167 -10.0258 9.9911 -0.2058 -9.9807 4.625 -0.3077 -10
3 16 4.625 -0.3077 -10 9.9911 -0.2058 -9.9807 10.0164 8 -10
3 16 -10 8 -10 1.9094 -0.3077 -10 10.0164 8 -10
3 16 10.0164 8 -10 1.9094 -0.3077 -10 4.625 -0.3077 -10
3 16 11.9375 8 -11.9375 11.9375 8 -4.0533 11.9375 1.7631 -11.9375
3 16 11.9375 1.7631 -11.9375 11.9375 8 -4.0533 11.9375 0.1047 -4.0533
3 16 11.6332 8 -16.0953 11.5596 7.9993 -18.2995 10 8 -16.3103
3 16 10.4049 7.9999 -18.7083 9.9878 7.9999 -18.283 11.5596 7.9993 -18.2995
3 16 11.5596 7.9993 -18.2995 9.9878 7.9999 -18.283 10 8 -16.3103
3 16 10 8 -16.3103 9.3819 8 -18.0422 8.3735 7.868 -16.0692
3 16 8.3735 7.868 -16.0692 9.3819 8 -18.0422 7.8975 8 -17.8468
3 16 8.3735 7.868 -16.0692 7.8975 8 -17.8468 6.8449 8 -15.4649
3 16 6.8449 8 -15.4649 7.8975 8 -17.8468 5.9382 8 -17.0352
3 16 6.8449 8 -15.4649 5.9382 8 -17.0352 5.538 8 -14.4621
3 16 5.538 8 -14.4621 5.9382 8 -17.0352 4.2558 8 -15.7442
3 16 5.538 8 -14.4621 4.2558 8 -15.7442 4.5351 8 -13.1552
3 16 4.5351 8 -13.1552 4.2558 8 -15.7442 2.9648 8 -14.0618
3 16 4.5351 8 -13.1552 2.9648 8 -14.0618 3.9047 8 -11.9375
3 16 3.9047 8 -11.9375 2.9648 8 -14.0618 2.0427 8 -11.9375
3 16 13.1552 8 -4.5351 11.9375 8 -4.0533 14.0618 8 -2.9648
3 16 14.0618 8 -2.9648 11.9375 8 -4.0533 11.9375 8 -2.1533
3 16 13.1552 8 -4.5351 14.0618 8 -2.9648 14.4621 8 -5.538
3 16 14.4621 8 -5.538 14.0618 8 -2.9648 15.7442 8 -4.2558
3 16 14.4621 8 -5.538 15.7442 8 -4.2558 15.4649 8 -6.8449
3 16 15.4649 8 -6.8449 15.7442 8 -4.2558 17.0352 8 -5.9382
3 16 17.0352 8 -5.9382 17.3109 8 -6.4902 15.4649 8 -6.8449
3 16 15.4649 8 -6.8449 17.3109 8 -6.4902 16.0953 8 -8.3668
3 16 16.3103 8 -10 16.0953 8 -8.3668 17.5917 8 -8.9286
3 16 17.3109 8 -6.4902 17.604 8 -6.9613 16.0953 8 -8.3668
3 16 16.0953 8 -8.3668 17.604 8 -6.9613 17.5917 8 -8.9286
3 16 16.3103 8 -10 17.5917 8 -8.9286 16.0953 8 -11.6332
3 16 16.0953 8 -11.6332 17.5917 8 -8.9286 17.9733 8 -13.7364
3 16 3.9047 -2.4902 -11.9375 4.5351 -2.0296 -13.1552 3.9047 8 -11.9375
3 16 3.9047 8 -11.9375 4.5351 -2.0296 -13.1552 4.5351 8 -13.1552
3 16 13.1552 8 -4.5351 13.1552 0.815 -4.5351 11.9375 8 -4.0533
3 16 11.9375 8 -4.0533 13.1552 0.815 -4.5351 11.9375 0.1047 -4.0533
3 16 11.9375 -0.1979 -2.1533 14.0618 1.0051 -2.9648 11.9375 3.5633 -2.1533
3 16 11.9375 3.5633 -2.1533 14.0618 1.0051 -2.9648 14.0618 3.8443 -2.9648
3 16 -10 8 -10 10.0164 8 -10 2.0427 8 -11.9375
3 16 2.0427 8 -11.9375 10.0164 8 -10 3.9047 8 -11.9375
3 16 7.4949 8 -26.25 10.0001 8 -30 -6.25 8 -26.25
3 16 -6.25 8 -26.25 10.0001 8 -30 -10 8 -30
3 16 -6.25 8 -11.9375 -1.3208 -3.9916 -11.9375 -6.25 -4.6228 -11.9375
3 16 14.0618 8 -2.9648 11.9375 8 -2.1533 14.0618 6.4022 -2.9648
3 16 14.0618 6.4022 -2.9648 11.9375 8 -2.1533 11.9375 6.3923 -2.1533
3 16 11.9375 8 -4.0533 11.9375 8 -11.9375 10.0164 8 -10
3 16 23.1013 8 6.25 20.985 2.75 6.25 11.9375 8 6.25
3 16 11.9375 8 6.25 20.985 2.75 6.25 11.9375 -1.2038 6.25
3 16 10.0164 8 10 23.7701 8 10 11.9375 8 6.25
3 16 11.9375 8 6.25 23.7701 8 10 23.1013 8 6.25
3 16 11.9375 8 6.25 11.9375 -1.2038 6.25 11.9375 8 -2.1533
3 16 11.9375 6.3923 -2.1533 11.9375 6.3992 -1.4936 11.9375 3.5633 -2.1533
3 16 11.9375 3.5633 -2.1533 11.9375 6.3992 -1.4936 11.9375 -1.2038 6.25
3 16 11.9375 -1.2038 6.25 11.9375 -0.7009 2.0484 11.9375 3.5633 -2.1533
3 16 23.0976 2.75 6.25 20.985 2.75 6.25 23.0975 4.3663 6.25
3 16 23.7701 8 10 23.6499 8 6.25 23.1013 8 6.25
3 16 20.985 2.75 6.25 23.1013 8 6.25 23.0996 6.3047 6.25
3 16 20.985 2.75 6.25 23.0996 6.3047 6.25 23.0975 4.3663 6.25
3 16 14.0618 1.0051 -2.9648 15.0763 0.8512 0.79 17.1947 2.75 -2.7583
3 16 17.1947 2.75 -2.7583 15.0763 0.8512 0.79 18.6558 2.75 0.7142
3 16 11.9375 -0.7009 2.0484 15.0763 0.8512 0.79 11.9375 -0.1979 -2.1533
3 16 11.9375 -0.1979 -2.1533 15.0763 0.8512 0.79 14.0618 1.0051 -2.9648
3 16 18.6558 2.75 0.7142 19.9218 2.7498 -0.0113 17.1947 2.75 -2.7583
3 16 17.1947 2.75 -2.7583 19.9218 2.7498 -0.0113 17.9494 2.75 -4.0487
3 16 19.7946 8 -10.1476 17.9733 8 -13.7364 17.5917 8 -8.9286
3 16 28.2621 3.2 6.7875 27.5082 8 5.2797 28.2621 8 6.7875
3 16 17.9733 8 -13.7364 15.4649 8 -13.1552 16.0953 8 -11.6332
3 16 9.3819 1.6998 -18.0422 6.3043 1.7266 -26.25 7.8975 0.5268 -17.8468
3 16 7.8975 0.5268 -17.8468 6.3043 1.7266 -26.25 4.8454 0.3892 -26.25
3 16 7.8975 0.5268 -17.8468 4.8454 0.3892 -26.25 5.9382 -0.8452 -17.0352
3 16 5.9382 -0.8452 -17.0352 4.8454 0.3892 -26.25 3.5621 -0.5961 -26.25
3 16 2.0427 -3.0741 -11.9375 2.9648 -2.5766 -14.0618 0.1156 -2.6426 -26.25
3 16 0.1156 -2.6426 -26.25 2.9648 -2.5766 -14.0618 1.2598 -2.0379 -26.25
3 16 -1.3208 -3.9916 -11.9375 2.0427 8 -11.9375 2.0427 -3.0741 -11.9375
3 16 -1.375 -3.3069 -26.25 -6.25 -4.6228 -26.25 -1.3208 -3.9916 -11.9375
3 16 -1.3208 -3.9916 -11.9375 -6.25 -4.6228 -26.25 -6.25 -4.6228 -11.9375
3 16 2.0427 -3.0741 -11.9375 2.0427 8 -11.9375 2.9648 -2.5766 -14.0618
3 16 2.9648 -2.5766 -14.0618 2.0427 8 -11.9375 2.9648 8 -14.0618
3 16 -6.25 8 -11.9375 2.0427 8 -11.9375 -1.3208 -3.9916 -11.9375
3 16 -6.25 -4.6228 -26.25 -6.25 8 -26.25 -6.25 -4.6228 -11.9375
3 16 -6.25 -4.6228 -11.9375 -6.25 8 -26.25 -6.25 8 -11.9375
3 16 -6.25 -4.6228 -26.25 -1.375 -3.3069 -26.25 -6.25 8 -26.25
3 16 0.1156 -2.6426 -26.25 -6.25 8 -26.25 -1.375 -3.3069 -26.25
3 16 1.2598 -2.0379 -26.25 -6.25 8 -26.25 0.1156 -2.6426 -26.25
3 16 4.8454 0.3892 -26.25 7.4949 8 -26.25 3.5621 -0.5961 -26.25
3 16 6.3043 1.7266 -26.25 7.4949 8 -26.25 4.8454 0.3892 -26.25
3 16 2.5518 -1.2861 -26.25 3.5621 -0.5961 -26.25 -6.25 8 -26.25
3 16 -6.25 8 -26.25 3.5621 -0.5961 -26.25 7.4949 8 -26.25
3 16 23.7701 8 10 28.2621 8 10 24.5906 8.0022 6.0936
3 16 24.5906 8.0022 6.0936 28.2621 8 10 28.2621 8 6.7875
3 16 10.0164 8 10 23.9028 0.0468 10 23.7701 8 10
3 16 23.7701 8 10 23.9028 0.0468 10 28.2621 2.3075 10
3 16 -6.25 8 -26.25 1.2598 -2.0379 -26.25 2.5518 -1.2861 -26.25
3 16 10.0164 -0.3077 -1.8979 10.0164 -0.3077 -4.5974 7.8975 -0.3077 -2.1533
3 16 7.8975 -0.3077 -2.1533 10.0164 -0.3077 -4.5974 8.3916 -0.3077 -4.7284
3 16 2.022 -4.74 6.25 -6.25 -4.74 6.25 2.022 -3.8582 6.25
3 16 2.022 -3.8582 6.25 -6.25 -4.74 6.25 -6.25 0 6.25
3 16 10.0164 -0.3077 -1.8979 7.8975 -0.3077 -2.1533 10.0164 -0.938 -1.8932
3 16 10.0164 -0.938 -1.8932 7.8975 -0.3077 -2.1533 7.8975 -1.8619 -2.1533
3 16 17.234 3.7807 -6.3546 16.9442 3.7769 -5.802 17.2152 2.75 -6.3215
3 16 17.2152 2.75 -6.3215 16.9442 3.7769 -5.802 16.9279 2.75 -5.7691
3 16 16.9442 3.7769 -5.802 17.234 3.7807 -6.3546 17.001 6.4121 -5.887
3 16 17.001 6.4121 -5.887 17.234 3.7807 -6.3546 17.2819 6.4077 -6.439
3 16 17.3109 8 -6.4902 17.0352 8 -5.9382 17.2819 6.4077 -6.439
3 16 17.2819 6.4077 -6.439 17.0352 8 -5.9382 17.001 6.4121 -5.887
3 16 18.6698 3.6802 -6.4751 18.8451 3.155 -6.1485 21.0552 3.7027 -7.6263
3 16 21.0552 3.7027 -7.6263 18.8451 3.155 -6.1485 21.2303 3.2 -7.2996
3 16 20.9916 4.3683 -7.7535 18.6059 4.3683 -6.6023 21.0552 3.7027 -7.6263
3 16 21.0552 3.7027 -7.6263 18.6059 4.3683 -6.6023 18.6698 3.6802 -6.4751
3 16 18.5262 6.4743 -6.7618 18.6059 4.3683 -6.6023 20.9119 6.4743 -7.913
3 16 20.9119 6.4743 -7.913 18.6059 4.3683 -6.6023 20.9916 4.3683 -7.7535
3 16 18.2998 7.5178 -7.2146 18.5262 6.4743 -6.7618 20.6855 7.5178 -8.3658
3 16 20.6855 7.5178 -8.3658 18.5262 6.4743 -6.7618 20.9119 6.4743 -7.913
3 16 17.8971 8 -7.4323 18.2998 7.5178 -7.2146 20.1959 8 -9.3451
3 16 20.1959 8 -9.3451 18.2998 7.5178 -7.2146 20.6855 7.5178 -8.3658
3 16 24.2502 3.2627 4.5772 24.4314 3.7207 4.9038 26.5929 3.1813 3.4864
3 16 26.5929 3.1813 3.4864 24.4314 3.7207 4.9038 26.7748 3.68 3.8129
3 16 26.7748 3.68 3.8129 24.4314 3.7207 4.9038 26.8429 4.3715 3.9491
3 16 26.8429 4.3715 3.9491 24.4314 3.7207 4.9038 24.4988 4.3715 5.0401
3 16 24.4988 4.3715 5.0401 24.5874 6.6568 5.2173 26.8429 4.3715 3.9491
3 16 26.8429 4.3715 3.9491 24.5874 6.6568 5.2173 26.9316 6.6568 4.1264
3 16 24.5874 6.6568 5.2173 24.7898 7.5547 5.6221 26.9316 6.6568 4.1264
3 16 26.9316 6.6568 4.1264 24.7898 7.5547 5.6221 27.134 7.5546 4.5312
3 16 27.134 7.5546 4.5312 24.7898 7.5547 5.6221 27.5082 8 5.2797
3 16 27.5082 8 5.2797 24.7898 7.5547 5.6221 24.5906 8.0022 6.0936
3 16 26.0059 2.8862 3.087 25.5104 2.75 2.6178 23.9215 2.9249 4.0374
3 16 23.9215 2.9249 4.0374 25.5104 2.75 2.6178 23.6125 2.7495 3.4875
3 16 23.9215 2.9249 4.0374 24.2502 3.2627 4.5772 26.0059 2.8862 3.087
3 16 26.0059 2.8862 3.087 24.2502 3.2627 4.5772 26.5929 3.1813 3.4864
3 16 21.1922 2.8746 -6.5422 19.1734 2.8945 -5.5731 21.3396 2.75 -5.9182
3 16 21.3396 2.75 -5.9182 19.1734 2.8945 -5.5731 19.4296 2.8026 -5.0614
3 16 21.2303 3.2 -7.2996 18.8451 3.155 -6.1485 21.1922 2.8746 -6.5422
3 16 21.1922 2.8746 -6.5422 18.8451 3.155 -6.1485 19.1734 2.8945 -5.5731
3 16 23.6499 6.2993 6.25 23.0996 6.3047 6.25 23.6499 8 6.25
3 16 23.6499 8 6.25 23.0996 6.3047 6.25 23.1013 8 6.25
3 16 23.6499 4.372 6.25 23.6499 2.75 6.25 23.0975 4.3663 6.25
3 16 23.0975 4.3663 6.25 23.6499 2.75 6.25 23.0976 2.75 6.25
3 16 23.6499 6.2993 6.25 23.6499 4.372 6.25 23.0996 6.3047 6.25
3 16 23.0996 6.3047 6.25 23.6499 4.372 6.25 23.0975 4.3663 6.25
3 16 17.604 8 -6.9613 17.3109 8 -6.4902 17.8446 6.441 -6.8549
3 16 17.8446 6.441 -6.8549 17.3109 8 -6.4902 17.2819 6.4077 -6.439
3 16 17.234 3.7807 -6.3546 17.8925 3.7305 -6.6694 17.2819 6.4077 -6.439
3 16 17.2819 6.4077 -6.439 17.8925 3.7305 -6.6694 17.8446 6.441 -6.8549
3 16 18.1238 2.8223 -6.2072 17.8925 3.7305 -6.6694 17.2152 2.75 -6.3215
3 16 17.2152 2.75 -6.3215 17.8925 3.7305 -6.6694 17.234 3.7807 -6.3546
3 16 17.8446 6.441 -6.8549 18.2998 7.5178 -7.2146 17.604 8 -6.9613
3 16 17.604 8 -6.9613 18.2998 7.5178 -7.2146 17.8971 8 -7.4323
3 16 17.8925 3.7305 -6.6694 18.6059 4.3683 -6.6023 17.8446 6.441 -6.8549
3 16 17.8446 6.441 -6.8549 18.6059 4.3683 -6.6023 18.5262 6.4743 -6.7618
3 16 17.8925 3.7305 -6.6694 18.6698 3.6802 -6.4751 18.6059 4.3683 -6.6023
3 16 17.8925 3.7305 -6.6694 18.1238 2.8223 -6.2072 18.6698 3.6802 -6.4751
3 16 19.1734 2.8945 -5.5731 18.8451 3.155 -6.1485 18.1238 2.8223 -6.2072
3 16 18.1238 2.8223 -6.2072 18.8451 3.155 -6.1485 18.6698 3.6802 -6.4751
3 16 17.604 8 -6.9613 17.8971 8 -7.4323 17.5917 8 -8.9286
3 16 24.2145 6.478 5.8471 24.7898 7.5547 5.6221 24.5874 6.6568 5.2173
3 16 24.1702 4.3717 5.7584 24.2145 6.478 5.8471 24.4988 4.3715 5.0401
3 16 24.4988 4.3715 5.0401 24.2145 6.478 5.8471 24.5874 6.6568 5.2173
3 16 23.8815 2.8375 5.2571 24.1702 4.3717 5.7584 24.4314 3.7207 4.9038
3 16 24.4314 3.7207 4.9038 24.1702 4.3717 5.7584 24.4988 4.3715 5.0401
3 16 24.2502 3.2627 4.5772 23.8815 2.8375 5.2571 24.4314 3.7207 4.9038
3 16 23.9215 2.9249 4.0374 23.8815 2.8375 5.2571 24.2502 3.2627 4.5772
3 16 24.1546 8.0012 6.1661 24.2145 6.478 5.8471 23.6499 8 6.25
3 16 23.6499 8 6.25 24.2145 6.478 5.8471 23.6499 6.2993 6.25
3 16 23.6499 4.372 6.25 23.6499 6.2993 6.25 24.1702 4.3717 5.7584
3 16 24.1702 4.3717 5.7584 23.6499 6.2993 6.25 24.2145 6.478 5.8471
3 16 23.8815 2.8375 5.2571 23.6499 2.75 6.25 24.1702 4.3717 5.7584
3 16 24.1702 4.3717 5.7584 23.6499 2.75 6.25 23.6499 4.372 6.25
3 16 23.6499 8 6.25 23.7701 8 10 24.1546 8.0012 6.1661
3 16 17.2152 2.75 -6.3215 16.9279 2.75 -5.7691 18.2566 2.75 -4.5056
3 16 18.2566 2.75 -4.5056 16.9279 2.75 -5.7691 17.9494 2.75 -4.0487
3 16 23.6499 2.75 6.25 22.5377 2.7492 4.0261 23.0976 2.75 6.25
3 16 23.0976 2.75 6.25 22.5377 2.7492 4.0261 21.8941 2.7495 4.0262
3 16 23.6125 2.7495 3.4875 23.0751 2.7494 3.7568 23.9215 2.9249 4.0374
3 16 23.9215 2.9249 4.0374 23.0751 2.7494 3.7568 23.8815 2.8375 5.2571
3 16 21.5211 2.7761 -0.7869 19.4296 2.8026 -5.0614 20.9619 2.7599 -0.5151
3 16 20.9619 2.7599 -0.5151 19.4296 2.8026 -5.0614 18.8486 2.7703 -4.7869
3 16 23.0751 2.7494 3.7568 22.5377 2.7492 4.0261 23.8815 2.8375 5.2571
3 16 23.8815 2.8375 5.2571 22.5377 2.7492 4.0261 23.6499 2.75 6.25
3 16 3.274 -0.3077 -5.5353 2.8127 -0.3077 -6.3054 3.0236 -2.9192 -5.6466
3 16 3.0236 -2.9192 -5.6466 2.8127 -0.3077 -6.3054 2.7226 -3.0759 -6.3445
3 16 2.8127 -0.3077 -6.3054 2.1533 -0.3077 -7.8975 2.7226 -3.0759 -6.3445
3 16 2.7226 -3.0759 -6.3445 2.1533 -0.3077 -7.8975 2.1533 -3.2875 -7.8975
3 16 2.7226 -3.0759 -6.3445 2.1533 -3.2875 -7.8975 1.3351 -3.5296 -7.9186
3 16 4.9504 -2.6127 -8.4975 4.711 -2.5167 -10.0258 4.8224 -0.3077 -8.4591
3 16 4.8224 -0.3077 -8.4591 4.711 -2.5167 -10.0258 4.625 -0.3077 -10
3 16 4.9504 -2.6127 -8.4975 4.8224 -0.3077 -8.4591 5.3406 -2.5955 -7.3269
3 16 5.3406 -2.5955 -7.3269 4.8224 -0.3077 -8.4591 5.1764 -0.3077 -7.2777
3 16 5.3406 -2.5955 -7.3269 5.1764 -0.3077 -7.2777 6.2033 -2.3674 -6.1837
3 16 6.2033 -2.3674 -6.1837 5.1764 -0.3077 -7.2777 6.0586 -0.3077 -6.1403
3 16 6.2033 -2.3674 -6.1837 6.0586 -0.3077 -6.1403 7.3672 -1.9802 -5.2449
3 16 7.3672 -1.9802 -5.2449 6.0586 -0.3077 -6.1403 7.2603 -0.3077 -5.2129
3 16 8.4872 -1.5529 -4.7571 8.3916 -0.3077 -4.7284 10.0654 -0.878 -4.6238
3 16 10.0654 -0.878 -4.6238 8.3916 -0.3077 -4.7284 10.0164 -0.3077 -4.5974
3 16 7.3672 -1.9802 -5.2449 7.2603 -0.3077 -5.2129 8.4872 -1.5529 -4.7571
3 16 8.4872 -1.5529 -4.7571 7.2603 -0.3077 -5.2129 8.3916 -0.3077 -4.7284
3 16 9.9911 -0.2058 -9.9807 8.4872 -1.5529 -4.7571 10.0654 -0.878 -4.6238
3 16 9.9911 -0.2058 -9.9807 5.3406 -2.5955 -7.3269 6.2033 -2.3674 -6.1837
3 16 9.9911 -0.2058 -9.9807 4.711 -2.5167 -10.0258 4.9504 -2.6127 -8.4975
3 16 9.9911 -0.2058 -9.9807 6.2033 -2.3674 -6.1837 7.3672 -1.9802 -5.2449
3 16 9.9911 -0.2058 -9.9807 7.3672 -1.9802 -5.2449 8.4872 -1.5529 -4.7571
3 16 9.9911 -0.2058 -9.9807 4.9504 -2.6127 -8.4975 5.3406 -2.5955 -7.3269
3 16 14.0705 4.8102 -20.2809 13.8447 5.8413 -21.9456 13.5279 8 -19.7802
3 16 13.5279 8 -19.7802 13.8447 5.8413 -21.9456 13.8447 8 -21.9705
3 16 10.438 0.2235 -23.1228 14.0238 3.2508 -21.6506 12.7962 0.3811 -17.8907
3 16 12.7962 0.3811 -17.8907 14.0238 3.2508 -21.6506 15.5924 2.7404 -17.6724
3 16 19.5567 3.2166 -10.5359 17.8568 3.474 -13.9762 17.9733 5.8378 -13.7364
3 16 17.8568 3.474 -13.9762 14.9991 0.4816 -12.998 15.5924 2.7404 -17.6724
3 16 15.5924 2.7404 -17.6724 14.9991 0.4816 -12.998 12.7962 0.3811 -17.8907
3 16 10.0001 8 -30 13.8447 5.8413 -21.9456 10 3.2 -30
3 16 10 3.2 -30 13.8447 5.8413 -21.9456 14.0238 3.2508 -21.6506
3 16 14.0238 3.2508 -21.6506 13.8447 5.8413 -21.9456 14.0705 4.8102 -20.2809
3 16 16.9751 4.8935 -14.7075 16.0107 8 -14.8145 17.9733 5.8378 -13.7364
3 16 17.9733 5.8378 -13.7364 16.0107 8 -14.8145 17.9733 8 -13.7364
3 16 19.5567 3.2166 -10.5359 17.9733 5.8378 -13.7364 19.7946 8 -10.1476
3 16 19.7946 8 -10.1476 17.9733 5.8378 -13.7364 17.9733 8 -13.7364
3 16 17.8568 3.474 -13.9762 19.5567 3.2166 -10.5359 14.9991 0.4816 -12.998
3 16 14.9991 0.4816 -12.998 19.5567 3.2166 -10.5359 16.905 0.4793 -8.5119
3 16 16.9751 4.8935 -14.7075 17.9733 5.8378 -13.7364 17.8568 3.474 -13.9762
3 16 9.9878 7.9999 -18.283 9.3819 8 -18.0422 10 8 -16.3103
3 16 10.4745 7.9998 -19.3516 10.5189 3.2526 -19.3381 10.4049 7.9999 -18.7083
3 16 10.4049 7.9999 -18.7083 10.5189 3.2526 -19.3381 10.4419 2.9144 -18.6697
3 16 10.4049 7.9999 -18.7083 10.4419 2.9144 -18.6697 9.9878 7.9999 -18.283
3 16 9.9878 7.9999 -18.283 10.4419 2.9144 -18.6697 10.0205 2.2526 -18.2801
3 16 10.1958 7.9999 -20.0025 7.4949 8 -26.25 10.2358 3.2316 -19.9904
3 16 10.2358 3.2316 -19.9904 7.4949 8 -26.25 7.4949 3.0217 -26.25
3 16 9.3819 1.6998 -18.0422 9.3819 8 -18.0422 10.0205 2.2526 -18.2801
3 16 10.0205 2.2526 -18.2801 9.3819 8 -18.0422 9.9878 7.9999 -18.283
3 16 10.4049 7.9999 -18.7083 11.5596 7.9993 -18.2995 10.4745 7.9998 -19.3516
3 16 10.4745 7.9998 -19.3516 11.5596 7.9993 -18.2995 13.5279 8 -19.7802
3 16 10.4745 7.9998 -19.3516 10.1958 7.9999 -20.0025 10.5189 3.2526 -19.3381
3 16 10.5189 3.2526 -19.3381 10.1958 7.9999 -20.0025 10.2358 3.2316 -19.9904
3 16 13.5279 8 -19.7802 10.1958 7.9999 -20.0025 10.4745 7.9998 -19.3516
3 16 10.0164 8 10 10.0164 8 -10 10.0164 -0.3077 -1.8979
3 16 10.0164 8 -10 10.0164 -0.3077 -4.5974 10.0164 -0.3077 -1.8979
3 16 10.0164 0 6.25 -6.25 0 6.25 10.0164 0 10
3 16 10.0164 0 10 -6.25 0 6.25 -10 0 10
3 16 -6.25 8 -11.9375 -10 8 -10 2.0427 8 -11.9375
3 16 -10 8 -10 -10 8 -30 -10 0 -10
3 16 -10 0 -10 -10 8 -30 -10 -7.9761 -30
3 16 24.2145 6.478 5.8471 24.1546 8.0012 6.1661 24.7898 7.5547 5.6221
3 16 24.7898 7.5547 5.6221 24.1546 8.0012 6.1661 24.5906 8.0022 6.0936
3 16 18.2998 7.5178 -7.2146 17.8446 6.441 -6.8549 18.5262 6.4743 -6.7618
3 16 27.134 7.5546 4.5312 28.2621 3.2 6.7875 26.9316 6.6568 4.1264
3 16 28.2621 3.2 6.7875 26.5929 3.1813 3.4864 26.7748 3.68 3.8129
3 16 22.8555 0.2414 6.4622 25.5104 2.75 2.6178 26.0059 2.8862 3.087
3 16 21.1922 2.8746 -6.5422 16.905 0.4793 -8.5119 21.2303 3.2 -7.2996
3 16 21.2303 3.2 -7.2996 16.905 0.4793 -8.5119 19.5567 3.2166 -10.5359
3 16 19.5567 3.2166 -10.5359 20.9916 4.3683 -7.7535 21.0552 3.7027 -7.6263
3 16 20.6855 7.5178 -8.3658 19.5567 3.2166 -10.5359 20.1959 8 -9.3451
3 16 7.6435 0.215 -30 10 3.2 -30 10.438 0.2235 -23.1228
3 16 10.438 0.2235 -23.1228 10 3.2 -30 14.0238 3.2508 -21.6506
3 16 3.9047 8 -11.9375 10.0164 8 -10 11.9375 8 -11.9375
3 16 10.0164 8 10 11.9375 8 -2.1533 10.0164 8 -10
3 16 11.9375 8 -2.1533 11.9375 8 -4.0533 10.0164 8 -10
3 16 11.9375 8 6.25 11.9375 8 -2.1533 10.0164 8 10
3 16 6.3036 -2.4126 -2.8135 7.6408 -2.0782 -0.0336 7.8975 -1.8619 -2.1533
3 16 1.3351 -3.5296 -7.9186 1.5385 -3.5296 -6.2298 2.7226 -3.0759 -6.3445
3 16 2.7226 -3.0759 -6.3445 1.5385 -3.5296 -6.2298 3.0236 -2.9192 -5.6466
3 16 4.2558 -0.3077 -4.2558 3.274 -0.3077 -5.5353 4.2558 -2.5459 -4.2558
3 16 4.2558 -2.5459 -4.2558 3.274 -0.3077 -5.5353 3.0236 -2.9192 -5.6466
3 16 4.2558 -0.3077 -4.2558 4.2558 -2.5459 -4.2558 5.27 -0.3077 -3.4321
3 16 5.27 -0.3077 -3.4321 4.2558 -2.5459 -4.2558 5.467 -2.5389 -3.2721
3 16 -6.25 0 -10 -6.25 0 6.25 -6.25 -4.74 -6.3875
3 16 -6.25 -4.74 -6.3875 -6.25 0 6.25 -6.25 -4.74 6.25
3 16 -6.25 -4.74 -7.9205 -6.25 -4.74 -10 -6.25 0 -10
3 16 7.0501 -2.7194 6.25 10.0164 0 6.25 10.0164 -1.805 6.25
3 16 13.4775 -4.1802 10 18.7713 -2.2679 10 10.0164 0 10
3 16 -10 0 10 -10 -7.9791 10 -2.7977 -7.5074 10
3 16 23.7701 8 10 28.2621 2.3075 10 28.2621 8 10
3 16 18.8486 2.7703 -4.7869 18.1238 2.8223 -6.2072 18.2566 2.75 -4.5056
3 16 18.2566 2.75 -4.5056 18.1238 2.8223 -6.2072 17.2152 2.75 -6.3215
3 16 18.1238 2.8223 -6.2072 18.8486 2.7703 -4.7869 19.1734 2.8945 -5.5731
3 16 19.1734 2.8945 -5.5731 18.8486 2.7703 -4.7869 19.4296 2.8026 -5.0614
3 16 11.9375 1.7631 -11.9375 11.9375 0.1047 -4.0533 13.1552 0.815 -4.5351
3 16 11.9375 1.7631 -11.9375 14.4621 1.7672 -5.538 15.4649 2.7436 -6.8449
3 16 11.9375 1.7631 -11.9375 6.8449 -0.6317 -15.4649 5.538 -1.4562 -14.4621
3 16 11.9375 1.7631 -11.9375 5.538 -1.4562 -14.4621 4.5351 -2.0296 -13.1552
3 16 -6.25 8 -11.9375 -6.25 8 -26.25 -10 8 -10
3 16 -10 8 -10 -6.25 8 -26.25 -10 8 -30
3 16 7.4949 3.0217 -26.25 6.3043 1.7266 -26.25 10.2358 3.2316 -19.9904
3 16 6.047 -4.74 2.0423 6.4504 -4.74 -0.1443 4.2558 -4.74 -4.2558
3 16 4.2558 -4.74 -4.2558 6.4504 -4.74 -0.1443 5.467 -4.74 -3.2721
3 16 3.0089 -4.74 -5.6658 1.5385 -4.74 -6.2298 4.4438 -4.74 4.6248
3 16 4.4438 -4.74 4.6248 1.5385 -4.74 -6.2298 2.022 -4.74 6.25
3 16 4.2558 -4.74 -4.2558 3.0089 -4.74 -5.6658 6.047 -4.74 2.0423
3 16 6.047 -4.74 2.0423 3.0089 -4.74 -5.6658 4.4438 -4.74 4.6248
3 16 -2.0305 -4.74 -6.3897 -6.25 -4.74 -6.3875 -6.25 -4.74 6.25
3 16 1.5385 -4.74 -6.2298 -0.0501 -4.74 -6.3891 2.022 -4.74 6.25
3 16 2.022 -4.74 6.25 -0.0501 -4.74 -6.3891 -6.25 -4.74 6.25
3 16 -0.0501 -4.74 -6.3891 -2.0305 -4.74 -6.3897 -6.25 -4.74 6.25
3 16 6.3043 1.7266 -26.25 10.4419 2.9144 -18.6697 10.5189 3.2526 -19.3381
3 16 6.3043 1.7266 -26.25 10.5189 3.2526 -19.3381 10.2358 3.2316 -19.9904
3 16 6.3043 1.7266 -26.25 9.3819 1.6998 -18.0422 10.0205 2.2526 -18.2801
3 16 6.3043 1.7266 -26.25 10.0205 2.2526 -18.2801 10.4419 2.9144 -18.6697
3 16 10.0001 8 -30 7.4949 8 -26.25 13.8447 8 -21.9705
3 16 7.4949 8 -26.25 10.1958 7.9999 -20.0025 13.8447 8 -21.9705
3 16 13.8447 8 -21.9705 10.1958 7.9999 -20.0025 13.5279 8 -19.7802
3 16 14.8501 4.6368 -17.3303 15.5924 2.7404 -17.6724 14.0705 4.8102 -20.2809
3 16 14.0705 4.8102 -20.2809 15.5924 2.7404 -17.6724 14.0238 3.2508 -21.6506
3 16 14.0705 4.8102 -20.2809 13.5279 8 -19.7802 14.8501 4.6368 -17.3303
3 16 14.8501 4.6368 -17.3303 13.5279 8 -19.7802 14.2241 8 -17.0247
3 16 16.9751 4.8935 -14.7075 14.8501 4.6368 -17.3303 16.0107 8 -14.8145
3 16 16.0107 8 -14.8145 14.8501 4.6368 -17.3303 14.2241 8 -17.0247
3 16 14.8501 4.6368 -17.3303 16.9751 4.8935 -14.7075 15.5924 2.7404 -17.6724
3 16 15.5924 2.7404 -17.6724 16.9751 4.8935 -14.7075 17.8568 3.474 -13.9762
3 16 8.7645 -5.5004 10 3.5302 -6.7006 10 8.064 -5.4836 6.4782
3 16 8.064 -5.4836 6.4782 3.5302 -6.7006 10 3.0417 -6.6865 6.4889
3 16 6.5256 -5.4465 -1.01 2.0018 -6.6495 -1.0045 4.9872 -5.4094 -8.4981
3 16 4.9872 -5.4094 -8.4981 2.0018 -6.6495 -1.0045 0.9618 -6.6126 -8.4979
3 16 0.3482 -6.586 -12.9155 4.0793 -5.3824 -12.9166 0.9618 -6.6126 -8.4979
3 16 0.9618 -6.6126 -8.4979 4.0793 -5.3824 -12.9166 4.9872 -5.4094 -8.4981
3 16 -0.3446 -6.5507 -17.8987 3.0543 -5.3476 -17.9036 0.3482 -6.586 -12.9155
3 16 0.3482 -6.586 -12.9155 3.0543 -5.3476 -17.9036 4.0793 -5.3824 -12.9166
3 16 3.0543 -5.3476 -17.9036 -0.3446 -6.5507 -17.8987 2.0296 -5.313 -22.8931
3 16 2.0296 -5.313 -22.8931 -0.3446 -6.5507 -17.8987 -1.0373 -6.5129 -22.8838
3 16 2.0296 -5.313 -22.8931 -1.0373 -6.5129 -22.8838 0.6032 -5.2579 -30
3 16 0.6032 -5.2579 -30 -1.0373 -6.5129 -22.8838 -2.0227 -6.4586 -30
3 16 4.7539 -4.0099 -22.891 2.0296 -5.313 -22.8931 2.8952 -3.9672 -30
3 16 2.8952 -3.9672 -30 2.0296 -5.313 -22.8931 0.6032 -5.2579 -30
3 16 6.0685 -4.0431 -17.9208 3.0543 -5.3476 -17.9036 4.7539 -4.0099 -22.891
3 16 4.7539 -4.0099 -22.891 3.0543 -5.3476 -17.9036 2.0296 -5.313 -22.8931
3 16 3.0543 -5.3476 -17.9036 6.0685 -4.0431 -17.9208 4.0793 -5.3824 -12.9166
3 16 4.0793 -5.3824 -12.9166 6.0685 -4.0431 -17.9208 7.3964 -4.0821 -12.9105
3 16 4.0793 -5.3824 -12.9166 7.3964 -4.0821 -12.9105 4.9872 -5.4094 -8.4981
3 16 4.9872 -5.4094 -8.4981 7.3964 -4.0821 -12.9105 8.5714 -4.1078 -8.4971
3 16 10.56 -4.143 -1.0248 6.5256 -5.4465 -1.01 8.5714 -4.1078 -8.4971
3 16 8.5714 -4.1078 -8.4971 6.5256 -5.4465 -1.01 4.9872 -5.4094 -8.4981
3 16 13.4775 -4.1802 10 8.7645 -5.5004 10 12.5486 -4.1782 6.4474
3 16 12.5486 -4.1782 6.4474 8.7645 -5.5004 10 8.064 -5.4836 6.4782
3 16 -10 0 10 -2.7977 -7.5074 10 3.5302 -6.7006 10
3 16 8.7645 -5.5004 10 13.4775 -4.1802 10 10.0164 0 10
3 16 -5.4096 -7.3384 -30 -10 -7.9761 -30 -10 8 -30
3 16 -2.0227 -6.4586 -30 -10 8 -30 0.6032 -5.2579 -30
3 16 -2.0227 -6.4586 -30 -5.4096 -7.3384 -30 -10 8 -30
3 16 -10 8 -30 5.4239 -2.0506 -30 2.8952 -3.9672 -30
3 16 -10 8 -30 2.8952 -3.9672 -30 0.6032 -5.2579 -30
3 16 -10 8 -30 10 3.2 -30 7.6435 0.215 -30
3 16 -10 8 -30 7.6435 0.215 -30 5.4239 -2.0506 -30
3 16 -10 8 -30 10.0001 8 -30 10 3.2 -30
3 16 -10 -7.9788 6.4836 -10 -7.9791 10 -10 0 10
3 16 -10 -7.9777 -8.4981 -10 -7.9783 -1.0072 -10 0 10
3 16 -10 0 10 -10 0 -10 -10 -7.9777 -8.4981
3 16 -10 -7.9777 -8.4981 -10 0 -10 -10 -7.9774 -12.9162
3 16 10.0001 8 -30 13.8447 8 -21.9705 13.8447 5.8413 -21.9456
3 16 -6.25 0 -10 -2.0305 -4.2033 -10 -0.0922 -3.8727 -10
3 16 -6.25 0 -10 -6.25 -4.74 -10 -2.0305 -4.2033 -10
3 16 1.9094 -3.2481 -10 -10 8 -10 1.0842 -3.5296 -10
3 16 -10 8 -10 -6.25 0 -10 1.0842 -3.5296 -10
3 16 1.0842 -3.5296 -10 -6.25 0 -10 -0.0922 -3.8727 -10
3 16 1.9094 -3.2481 -10 1.9094 -0.3077 -10 -10 8 -10
3 16 15.0763 0.8512 0.79 11.9375 -0.7009 2.0484 16.0908 0.6973 4.5448
3 16 16.0908 0.6973 4.5448 11.9375 -0.7009 2.0484 11.9375 -1.2038 6.25
3 16 15.0763 0.8512 0.79 16.0908 0.6973 4.5448 18.6558 2.75 0.7142
3 16 18.6558 2.75 0.7142 16.0908 0.6973 4.5448 20.1169 2.75 4.1867
3 16 18.6558 2.75 0.7142 20.1169 2.75 4.1867 19.9218 2.7498 -0.0113
3 16 19.9218 2.7498 -0.0113 20.1169 2.75 4.1867 21.8941 2.7495 4.0262
3 16 22.5377 2.7492 4.0261 20.3971 2.7496 -0.2398 21.8941 2.7495 4.0262
3 16 21.8941 2.7495 4.0262 20.3971 2.7496 -0.2398 19.9218 2.7498 -0.0113
3 16 23.0751 2.7494 3.7568 20.9619 2.7599 -0.5151 22.5377 2.7492 4.0261
3 16 22.5377 2.7492 4.0261 20.9619 2.7599 -0.5151 20.3971 2.7496 -0.2398
3 16 23.0751 2.7494 3.7568 23.6125 2.7495 3.4875 20.9619 2.7599 -0.5151
3 16 20.9619 2.7599 -0.5151 23.6125 2.7495 3.4875 21.5211 2.7761 -0.7869
3 16 21.5211 2.7761 -0.7869 23.6125 2.7495 3.4875 23.425 2.75 -1.6502
3 16 23.425 2.75 -1.6502 23.6125 2.7495 3.4875 25.5104 2.75 2.6178
3 16 22.8555 0.2414 6.4622 19.8802 0.3603 -1.0248 25.5104 2.75 2.6178
3 16 25.5104 2.75 2.6178 19.8802 0.3603 -1.0248 23.425 2.75 -1.6502
3 16 15.21 -2.1794 -1.0636 19.8802 0.3603 -1.0248 17.6682 -2.2597 6.4138
3 16 17.6682 -2.2597 6.4138 19.8802 0.3603 -1.0248 22.8555 0.2414 6.4622
3 16 10.56 -4.143 -1.0248 15.21 -2.1794 -1.0636 12.5486 -4.1782 6.4474
3 16 12.5486 -4.1782 6.4474 15.21 -2.1794 -1.0636 17.6682 -2.2597 6.4138
3 16 12.5486 -4.1782 6.4474 8.064 -5.4836 6.4782 10.56 -4.143 -1.0248
3 16 10.56 -4.143 -1.0248 8.064 -5.4836 6.4782 6.5256 -5.4465 -1.01
3 16 2.0018 -6.6495 -1.0045 6.5256 -5.4465 -1.01 3.0417 -6.6865 6.4889
3 16 3.0417 -6.6865 6.4889 6.5256 -5.4465 -1.01 8.064 -5.4836 6.4782
3 16 3.0417 -6.6865 6.4889 -3.0263 -7.498 6.4832 2.0018 -6.6495 -1.0045
3 16 2.0018 -6.6495 -1.0045 -3.0263 -7.498 6.4832 -3.514 -7.4734 -1.0074
3 16 -10 -7.9783 -1.0072 -3.514 -7.4734 -1.0074 -10 -7.9788 6.4836
3 16 -10 -7.9788 6.4836 -3.514 -7.4734 -1.0074 -3.0263 -7.498 6.4832
3 16 -10 0 10 -10 -7.9783 -1.0072 -10 -7.9788 6.4836
3 16 11.9375 3.5633 -2.1533 11.9375 -0.7009 2.0484 11.9375 -0.1979 -2.1533
2 24 15.4649 8 -13.1552 16.0953 8 -11.6332
2 24 15.4649 5.0214 -13.1552 16.0953 4.9192 -11.6332
2 24 15.4649 5.0214 -13.1552 14.4621 4.6915 -14.4621
2 24 15.4649 8 -13.1552 14.4621 8 -14.4621
2 24 14.4621 4.6915 -14.4621 13.1552 3.9119 -15.4649
2 24 14.4621 8 -14.4621 13.1552 8 -15.4649
2 24 13.1552 3.9119 -15.4649 11.6332 2.8245 -16.0953
2 24 13.1552 8 -15.4649 11.6332 8 -16.0953
2 24 11.6332 2.8245 -16.0953 10 1.591 -16.3103
2 24 11.6332 8 -16.0953 10 8 -16.3103
2 24 10 1.591 -16.3103 8.373 0.5953 -16.0726
2 24 10 8 -16.3103 8.3735 7.868 -16.0692
2 24 8.373 0.5953 -16.0726 6.8449 -0.6317 -15.4649
2 24 8.3735 7.868 -16.0692 6.8449 8 -15.4649
2 24 6.8449 -0.6317 -15.4649 5.538 -1.4562 -14.4621
2 24 6.8449 8 -15.4649 5.538 8 -14.4621
2 24 5.538 -1.4562 -14.4621 4.5351 -2.0296 -13.1552
2 24 5.538 8 -14.4621 4.5351 8 -13.1552
2 24 14.4621 8 -5.538 13.1552 8 -4.5351
2 24 14.4621 1.7672 -5.538 13.1552 0.815 -4.5351
2 24 14.4621 8 -5.538 15.4649 8 -6.8449
2 24 14.4621 1.7672 -5.538 15.4649 2.7436 -6.8449
2 24 15.4649 8 -6.8449 16.0953 8 -8.3668
2 24 15.4649 2.7436 -6.8449 16.0953 3.6617 -8.3668
2 24 16.0953 8 -8.3668 16.3103 8 -10
2 24 16.0953 3.6617 -8.3668 16.3103 4.429 -10
2 24 16.0953 8 -11.6332 16.3103 8 -10
2 24 16.0953 4.9192 -11.6332 16.3103 4.429 -10
2 24 7.8975 0.5268 -17.8468 9.3819 1.6998 -18.0422
2 24 7.8975 8 -17.8468 9.3819 8 -18.0422
2 24 7.8975 0.5268 -17.8468 5.9382 -0.8452 -17.0352
2 24 7.8975 8 -17.8468 5.9382 8 -17.0352
2 24 5.9382 -0.8452 -17.0352 4.2558 -1.8716 -15.7442
2 24 5.9382 8 -17.0352 4.2558 8 -15.7442
2 24 4.2558 -1.8716 -15.7442 2.9648 -2.5766 -14.0618
2 24 4.2558 8 -15.7442 2.9648 8 -14.0618
2 24 14.0618 8 -2.9648 15.7442 8 -4.2558
2 24 15.7442 8 -4.2558 17.0352 8 -5.9382
2 24 10.0164 -1.4105 2.5453 10.0164 -1.6696 4.9789
2 24 -0.0922 -3.8727 -10 -2.0305 -4.2033 -10
2 24 -2.0305 -4.2033 -6.3897 -0.0922 -3.8727 -6.4033
2 24 -0.0922 -3.8727 -10 1.0842 -3.5296 -10
2 24 -0.0922 -3.8727 -6.4033 1.5385 -3.5296 -6.2298
2 24 1.0842 -3.5296 -10 1.9094 -3.2481 -10
2 24 1.9094 -3.2481 -10 2.1533 -3.2875 -7.8975
2 24 6.047 -2.7812 2.0423 4.4438 -3.2998 4.6248
2 24 6.047 -2.7812 2.0423 6.4504 -2.4891 -0.1443
2 24 6.4504 -2.4891 -0.1443 5.467 -2.5389 -3.2721
2 24 5.467 -2.5389 -3.2721 6.3036 -2.4126 -2.8135
2 24 10.0164 -1.6696 4.9789 10.0164 -1.4105 2.5453
2 24 10.0164 -1.4105 2.5453 10.0164 -1.1668 0.2563
2 24 7.8975 -1.8619 -2.1533 10.0164 -0.938 -1.8932
2 24 10.0164 -1.1668 0.2563 10.0164 -0.938 -1.8932
2 24 -6.25 -4.74 -6.3875 -2.0305 -4.74 -6.3897
2 24 -2.0305 -4.2033 -6.3897 -6.25 -4.74 -6.3875
2 24 -2.0305 -4.74 -6.3897 -0.0501 -4.74 -6.3891
2 24 -2.0305 -4.2033 -6.3897 -0.0922 -3.8727 -6.4033
2 24 1.9094 -0.3077 -10 2.1533 -0.3077 -7.8975
2 24 1.9094 -0.3077 -10 4.625 -0.3077 -10
2 24 4.625 -0.3077 -10 4.8224 -0.3077 -8.4591
2 24 7.8975 -0.3077 -2.1533 6.2946 -0.3077 -2.8172
2 24 8.3916 -0.3077 -4.7284 7.2603 -0.3077 -5.2129
2 24 6.3036 -2.4126 -2.8135 5.467 -2.5389 -3.2721
2 24 6.2946 -0.3077 -2.8172 5.27 -0.3077 -3.4321
2 24 3.0236 -2.9192 -5.6466 3.0089 -4.74 -5.6658
2 24 4.2558 -4.74 -4.2558 3.0089 -4.74 -5.6658
2 24 -0.0922 -3.8727 -6.4033 1.5385 -3.5296 -6.2298
2 24 -0.0501 -4.74 -6.3891 1.5385 -4.74 -6.2298
2 24 21.0552 3.7027 -7.6263 21.2303 3.2 -7.2996
2 24 19.5567 3.2166 -10.5359 21.2303 3.2 -7.2996
2 24 23.425 2.75 -1.6502 21.3396 2.75 -5.9182
2 24 21.3396 2.75 -5.9182 21.1922 2.8746 -6.5422
2 24 20.9916 4.3683 -7.7535 20.9119 6.4743 -7.913
2 24 20.9119 6.4743 -7.913 20.6855 7.5178 -8.3658
2 24 26.7748 3.68 3.8129 26.8429 4.3715 3.9491
2 24 27.134 7.5546 4.5312 27.5082 8 5.2797
2 24 26.8429 4.3715 3.9491 26.9316 6.6568 4.1264
2 24 20.1959 8 -9.3451 19.7946 8 -10.1476
2 24 2.5518 -1.2861 -26.25 1.2598 -2.0379 -26.25
2 24 4.2558 -1.8716 -15.7442 2.9648 -2.5766 -14.0618
2 24 2.0427 -3.0741 -11.9375 -1.3208 -3.9916 -11.9375
2 24 0.1156 -2.6426 -26.25 -1.375 -3.3069 -26.25
2 24 2.5518 -1.2861 -26.25 3.5621 -0.5961 -26.25
2 24 4.2558 -1.8716 -15.7442 5.9382 -0.8452 -17.0352
2 24 7.4949 3.0217 -26.25 7.4949 8 -26.25
2 24 7.4949 3.0217 -26.25 6.3043 1.7266 -26.25
2 24 24.5906 8.0022 6.0936 24.1546 8.0012 6.1661
2 24 16.2989 2.75 -4.8876 16.9279 2.75 -5.7691
2 24 16.9279 2.75 -5.7691 16.2989 2.75 -4.8876
2 24 23.0976 2.75 6.25 20.985 2.75 6.25
2 24 20.985 2.75 6.25 11.9375 -1.2038 6.25
2 24 11.9375 3.5633 -2.1533 11.9375 6.3923 -2.1533
2 24 11.9375 8 -2.1533 11.9375 6.3923 -2.1533
2 24 16.2989 2.75 -4.8876 14.0618 1.0051 -2.9648
2 24 16.2989 2.75 -4.8876 14.0618 1.0051 -2.9648
2 24 17.8971 8 -7.4323 20.1959 8 -9.3451
2 24 20.1959 8 -9.3451 19.7946 8 -10.1476
2 24 21.3396 2.75 -5.9182 23.425 2.75 -1.6502
2 24 24.5906 8.0022 6.0936 27.5082 8 5.2797
2 24 27.5082 8 5.2797 28.2621 8 6.7875
2 24 4.5351 -2.0296 -13.1552 3.9047 -2.4902 -11.9375
2 24 11.9375 1.7631 -11.9375 3.9047 -2.4902 -11.9375
2 24 15.4649 5.0214 -13.1552 16.0953 4.9192 -11.6332
2 24 15.4649 5.0214 -13.1552 14.4621 4.6915 -14.4621
2 24 14.4621 4.6915 -14.4621 13.1552 3.9119 -15.4649
2 24 13.1552 3.9119 -15.4649 11.6332 2.8245 -16.0953
2 24 11.6332 2.8245 -16.0953 10 1.591 -16.3103
2 24 10 1.591 -16.3103 8.373 0.5953 -16.0726
2 24 8.373 0.5953 -16.0726 6.8449 -0.6317 -15.4649
2 24 13.1552 0.815 -4.5351 14.4621 1.7672 -5.538
2 24 16.0953 3.6617 -8.3668 15.4649 2.7436 -6.8449
2 24 16.0953 3.6617 -8.3668 16.3103 4.429 -10
2 24 16.0953 4.9192 -11.6332 16.3103 4.429 -10
2 24 3.9047 -2.4902 -11.9375 3.9047 8 -11.9375
2 24 3.9047 -2.4902 -11.9375 11.9375 1.7631 -11.9375
2 24 3.9047 8 -11.9375 11.9375 8 -11.9375
2 24 11.9375 1.7631 -11.9375 11.9375 8 -11.9375
2 24 17.9733 8 -13.7364 16.0107 8 -14.8145
2 24 15.4649 8 -13.1552 14.4621 8 -14.4621
2 24 11.6332 8 -16.0953 13.1552 8 -15.4649
2 24 14.2241 8 -17.0247 13.5279 8 -19.7802
2 24 14.4621 8 -14.4621 13.1552 8 -15.4649
2 24 16.0107 8 -14.8145 14.2241 8 -17.0247
2 24 -2.0227 -6.4586 -30 -5.4096 -7.3384 -30
2 24 5.4239 -2.0506 -30 2.8952 -3.9672 -30
2 24 -10 -7.9766 -22.8863 -10 -7.977 -17.9016
2 24 -10 -7.977 -17.9016 -10 -7.9774 -12.9162
2 24 5.4239 -2.0506 -30 7.6435 0.215 -30
2 24 -10 -7.9774 -12.9162 -10 -7.9777 -8.4981
2 24 -10 -7.9777 -8.4981 -10 -7.9783 -1.0072
2 24 -5.4096 -7.3384 -30 -10 -7.9761 -30
2 24 -10 -7.9766 -22.8863 -10 -7.9761 -30
2 24 3.5302 -6.7006 10 -2.7977 -7.5074 10
2 24 18.7713 -2.2679 10 13.4775 -4.1802 10
2 24 18.7713 -2.2679 10 23.9028 0.0468 10
2 24 23.9028 0.0468 10 18.7713 -2.2679 10
2 24 10.0164 8 10 10.0164 0 10
2 24 23.9028 0.0468 10 28.2621 2.3075 10
2 24 28.2621 2.3075 10 28.2621 3.2 6.7875
2 24 26.0059 2.8862 3.087 26.5929 3.1813 3.4864
2 24 28.2621 3.2 6.7875 26.5929 3.1813 3.4864
2 24 28.2621 8 6.7875 28.2621 8 10
2 24 28.2621 8 10 28.2621 2.3075 10
2 24 28.2621 3.2 6.7875 28.2621 2.3075 10
2 24 8.7645 -5.5004 10 3.5302 -6.7006 10
2 24 10.0164 0 10 -10 0 10
2 24 -10 -7.9788 6.4836 -10 -7.9791 10
2 24 -2.7977 -7.5074 10 -10 -7.9791 10
2 24 -10 -7.9761 -30 -10 -7.9766 -22.8863
2 24 -10 -7.9766 -22.8863 -10 -7.977 -17.9016
2 24 -10 -7.977 -17.9016 -10 -7.9774 -12.9162
2 24 10.0164 -0.938 -1.8932 10.0164 -1.1668 0.2563
2 24 10.0164 -0.938 -1.8932 10.0164 -0.3077 -1.8979
2 24 10.0654 -0.878 -4.6238 10.0164 -0.3077 -4.5974
2 24 10.0654 -0.878 -4.6238 9.9911 -0.2058 -9.9807
2 24 9.9911 -0.2058 -9.9807 10.0164 8 -10
2 24 -10 0 -10 -6.25 0 -10
2 24 -10 8 -10 -10 0 -10
2 24 -6.25 -4.74 -7.9205 -6.25 -4.74 -6.3875
2 24 7.0501 -2.7194 6.25 2.022 -3.8582 6.25
2 24 10.0164 0 6.25 -6.25 0 6.25
2 24 -6.25 0 -10 -10 0 -10
2 24 -6.25 0 -10 -6.25 0 6.25
2 24 -10 0 -10 -10 0 10
2 24 10.0164 8 10 10.0164 0 10
2 24 10.0164 0 6.25 10.0164 0 10
2 24 7.0501 -2.7194 6.25 10.0164 -1.805 6.25
2 24 10.0164 -1.6696 4.9789 10.0164 -1.805 6.25
2 24 10.0164 -1.6696 4.9789 10.0164 -1.805 6.25
2 24 10.0164 0 6.25 10.0164 -1.805 6.25
2 24 10.0164 -1.4105 2.5453 10.0164 -1.1668 0.2563
2 24 6.2946 -0.3077 -2.8172 7.8975 -0.3077 -2.1533
2 24 6.3036 -2.4126 -2.8135 7.8975 -1.8619 -2.1533
2 24 1.9094 -0.3077 -10 1.9094 -3.2481 -10
2 24 1.9094 -0.3077 -10 2.1533 -0.3077 -7.8975
2 24 1.9094 -3.2481 -10 2.1533 -3.2875 -7.8975
2 24 -6.25 -4.74 -10 -6.25 -4.74 -7.9205
2 24 -2.0305 -4.2033 -10 -6.25 -4.74 -10
2 24 2.022 -4.74 6.25 2.022 -3.8582 6.25
2 24 2.022 -4.74 6.25 4.4438 -4.74 4.6248
2 24 2.022 -3.8582 6.25 4.4438 -3.2998 4.6248
2 24 4.4438 -3.2998 4.6248 6.047 -2.7812 2.0423
2 24 4.4438 -4.74 4.6248 6.047 -4.74 2.0423
2 24 6.047 -4.74 2.0423 6.4504 -4.74 -0.1443
2 24 6.047 -2.7812 2.0423 6.4504 -2.4891 -0.1443
2 24 4.2558 -4.74 -4.2558 5.467 -4.74 -3.2721
2 24 5.467 -2.5389 -3.2721 5.467 -4.74 -3.2721
2 24 1.5385 -3.5296 -6.2298 3.0236 -2.9192 -5.6466
2 24 3.0236 -2.9192 -5.6466 3.0089 -4.74 -5.6658
2 24 1.5385 -4.74 -6.2298 3.0089 -4.74 -5.6658
2 24 6.4504 -2.4891 -0.1443 5.467 -2.5389 -3.2721
2 24 5.467 -2.5389 -3.2721 5.467 -4.74 -3.2721
2 24 6.4504 -4.74 -0.1443 5.467 -4.74 -3.2721
2 24 4.4438 -3.2998 4.6248 2.022 -3.8582 6.25
2 24 7.0501 -2.7194 6.25 2.022 -3.8582 6.25
2 24 -6.25 -4.74 -7.9205 -6.25 -4.74 -6.3875
2 24 -2.0305 -4.2033 -6.3897 -6.25 -4.74 -6.3875
2 24 5.1764 -0.3077 -7.2777 6.0586 -0.3077 -6.1403
2 24 3.274 -0.3077 -5.5353 4.2558 -0.3077 -4.2558
2 24 7.2603 -0.3077 -5.2129 6.0586 -0.3077 -6.1403
2 24 4.2558 -0.3077 -4.2558 5.27 -0.3077 -3.4321
2 24 6.2946 -0.3077 -2.8172 5.27 -0.3077 -3.4321
2 24 3.274 -0.3077 -5.5353 2.8127 -0.3077 -6.3054
2 24 4.8224 -0.3077 -8.4591 5.1764 -0.3077 -7.2777
2 24 2.1533 -0.3077 -7.8975 2.8127 -0.3077 -6.3054
2 24 4.711 -2.5167 -10.0258 9.9911 -0.2058 -9.9807
2 24 4.711 -2.5167 -10.0258 4.625 -0.3077 -10
2 24 9.9911 -0.2058 -9.9807 10.0164 8 -10
2 24 -10 8 -10 10.0164 8 -10
2 24 4.625 -0.3077 -10 1.9094 -0.3077 -10
2 24 11.9375 8 -11.9375 11.9375 8 -4.0533
2 24 11.9375 8 -11.9375 11.9375 1.7631 -11.9375
2 24 11.9375 8 -4.0533 11.9375 0.1047 -4.0533
2 24 11.9375 1.7631 -11.9375 11.9375 0.1047 -4.0533
2 24 11.6332 8 -16.0953 10 8 -16.3103
2 24 10.4049 7.9999 -18.7083 9.9878 7.9999 -18.283
2 24 10 8 -16.3103 8.3735 7.868 -16.0692
2 24 9.3819 8 -18.0422 7.8975 8 -17.8468
2 24 8.3735 7.868 -16.0692 6.8449 8 -15.4649
2 24 7.8975 8 -17.8468 5.9382 8 -17.0352
2 24 6.8449 8 -15.4649 5.538 8 -14.4621
2 24 5.9382 8 -17.0352 4.2558 8 -15.7442
2 24 5.538 8 -14.4621 4.5351 8 -13.1552
2 24 4.2558 8 -15.7442 2.9648 8 -14.0618
2 24 4.5351 8 -13.1552 3.9047 8 -11.9375
2 24 2.9648 8 -14.0618 2.0427 8 -11.9375
2 24 13.1552 8 -4.5351 11.9375 8 -4.0533
2 24 14.0618 8 -2.9648 11.9375 8 -2.1533
2 24 13.1552 8 -4.5351 14.4621 8 -5.538
2 24 14.0618 8 -2.9648 15.7442 8 -4.2558
2 24 14.4621 8 -5.538 15.4649 8 -6.8449
2 24 15.7442 8 -4.2558 17.0352 8 -5.9382
2 24 17.0352 8 -5.9382 17.3109 8 -6.4902
2 24 15.4649 8 -6.8449 16.0953 8 -8.3668
2 24 16.0953 8 -8.3668 16.3103 8 -10
2 24 17.3109 8 -6.4902 17.604 8 -6.9613
2 24 16.3103 8 -10 16.0953 8 -11.6332
2 24 4.5351 -2.0296 -13.1552 3.9047 -2.4902 -11.9375
2 24 3.9047 -2.4902 -11.9375 3.9047 8 -11.9375
2 24 4.5351 8 -13.1552 3.9047 8 -11.9375
2 24 13.1552 8 -4.5351 11.9375 8 -4.0533
2 24 13.1552 0.815 -4.5351 11.9375 0.1047 -4.0533
2 24 11.9375 8 -4.0533 11.9375 0.1047 -4.0533
2 24 14.0618 1.0051 -2.9648 11.9375 -0.1979 -2.1533
2 24 11.9375 3.5633 -2.1533 11.9375 -0.1979 -2.1533
2 24 -10 8 -10 10.0164 8 -10
2 24 7.4949 8 -26.25 -6.25 8 -26.25
2 24 10.0001 8 -30 -10 8 -30
2 24 -1.3208 -3.9916 -11.9375 -6.25 -4.6228 -11.9375
2 24 -6.25 8 -11.9375 -6.25 -4.6228 -11.9375
2 24 14.0618 8 -2.9648 11.9375 8 -2.1533
2 24 11.9375 6.3923 -2.1533 11.9375 8 -2.1533
2 24 11.9375 8 -4.0533 11.9375 8 -11.9375
2 24 23.1013 8 6.25 11.9375 8 6.25
2 24 20.985 2.75 6.25 11.9375 -1.2038 6.25
2 24 11.9375 8 6.25 11.9375 -1.2038 6.25
2 24 23.7701 8 10 10.0164 8 10
2 24 11.9375 8 6.25 23.1013 8 6.25
2 24 11.9375 -1.2038 6.25 11.9375 8 6.25
2 24 11.9375 8 -2.1533 11.9375 8 6.25
2 24 11.9375 6.3923 -2.1533 11.9375 3.5633 -2.1533
2 24 11.9375 -1.2038 6.25 11.9375 -0.7009 2.0484
2 24 20.985 2.75 6.25 23.0976 2.75 6.25
2 24 23.1013 8 6.25 23.6499 8 6.25
2 24 11.9375 -0.7009 2.0484 11.9375 -0.1979 -2.1533
2 24 14.0618 1.0051 -2.9648 11.9375 -0.1979 -2.1533
2 24 19.7946 8 -10.1476 17.9733 8 -13.7364
2 24 27.5082 8 5.2797 28.2621 8 6.7875
2 24 15.4649 8 -13.1552 16.0953 8 -11.6332
2 24 9.3819 1.6998 -18.0422 7.8975 0.5268 -17.8468
2 24 6.3043 1.7266 -26.25 4.8454 0.3892 -26.25
2 24 5.9382 -0.8452 -17.0352 7.8975 0.5268 -17.8468
2 24 3.5621 -0.5961 -26.25 4.8454 0.3892 -26.25
2 24 2.9648 -2.5766 -14.0618 2.0427 -3.0741 -11.9375
2 24 1.2598 -2.0379 -26.25 0.1156 -2.6426 -26.25
2 24 2.0427 8 -11.9375 2.0427 -3.0741 -11.9375
2 24 -1.3208 -3.9916 -11.9375 2.0427 -3.0741 -11.9375
2 24 -1.375 -3.3069 -26.25 -6.25 -4.6228 -26.25
2 24 -6.25 -4.6228 -26.25 -6.25 -4.6228 -11.9375
2 24 -1.3208 -3.9916 -11.9375 -6.25 -4.6228 -11.9375
2 24 2.0427 -3.0741 -11.9375 2.0427 8 -11.9375
2 24 2.9648 -2.5766 -14.0618 2.0427 -3.0741 -11.9375
2 24 2.9648 8 -14.0618 2.0427 8 -11.9375
2 24 -6.25 8 -11.9375 2.0427 8 -11.9375
2 24 -6.25 -4.6228 -26.25 -6.25 8 -26.25
2 24 -6.25 -4.6228 -26.25 -6.25 -4.6228 -11.9375
2 24 -6.25 8 -26.25 -6.25 8 -11.9375
2 24 -6.25 -4.6228 -11.9375 -6.25 8 -11.9375
2 24 -6.25 -4.6228 -26.25 -1.375 -3.3069 -26.25
2 24 -6.25 -4.6228 -26.25 -6.25 8 -26.25
2 24 -1.375 -3.3069 -26.25 0.1156 -2.6426 -26.25
2 24 0.1156 -2.6426 -26.25 1.2598 -2.0379 -26.25
2 24 4.8454 0.3892 -26.25 3.5621 -0.5961 -26.25
2 24 6.3043 1.7266 -26.25 4.8454 0.3892 -26.25
2 24 3.5621 -0.5961 -26.25 2.5518 -1.2861 -26.25
2 24 7.4949 8 -26.25 -6.25 8 -26.25
2 24 23.7701 8 10 28.2621 8 10
2 24 28.2621 8 6.7875 28.2621 8 10
2 24 10.0164 8 10 23.7701 8 10
2 24 23.9028 0.0468 10 28.2621 2.3075 10
2 24 1.2598 -2.0379 -26.25 2.5518 -1.2861 -26.25
2 24 10.0164 -0.3077 -1.8979 10.0164 -0.3077 -4.5974
2 24 7.8975 -0.3077 -2.1533 10.0164 -0.3077 -1.8979
2 24 8.3916 -0.3077 -4.7284 10.0164 -0.3077 -4.5974
2 24 2.022 -4.74 6.25 -6.25 -4.74 6.25
2 24 2.022 -3.8582 6.25 2.022 -4.74 6.25
2 24 -6.25 0 6.25 -6.25 -4.74 6.25
2 24 7.8975 -0.3077 -2.1533 10.0164 -0.3077 -1.8979
2 24 10.0164 -0.3077 -1.8979 10.0164 -0.938 -1.8932
2 24 7.8975 -1.8619 -2.1533 10.0164 -0.938 -1.8932
2 24 16.9279 2.75 -5.7691 17.2152 2.75 -6.3215
2 24 17.0352 8 -5.9382 17.3109 8 -6.4902
2 24 18.6698 3.6802 -6.4751 18.8451 3.155 -6.1485
2 24 21.0552 3.7027 -7.6263 21.2303 3.2 -7.2996
2 24 21.0552 3.7027 -7.6263 20.9916 4.3683 -7.7535
2 24 18.6698 3.6802 -6.4751 18.6059 4.3683 -6.6023
2 24 18.6059 4.3683 -6.6023 18.5262 6.4743 -6.7618
2 24 20.9916 4.3683 -7.7535 20.9119 6.4743 -7.913
2 24 18.5262 6.4743 -6.7618 18.2998 7.5178 -7.2146
2 24 20.9119 6.4743 -7.913 20.6855 7.5178 -8.3658
2 24 17.8971 8 -7.4323 18.2998 7.5178 -7.2146
2 24 20.1959 8 -9.3451 20.6855 7.5178 -8.3658
2 24 24.2502 3.2627 4.5772 24.4314 3.7207 4.9038
2 24 26.5929 3.1813 3.4864 26.7748 3.68 3.8129
2 24 26.7748 3.68 3.8129 26.8429 4.3715 3.9491
2 24 24.4314 3.7207 4.9038 24.4988 4.3715 5.0401
2 24 24.4988 4.3715 5.0401 24.5874 6.6568 5.2173
2 24 26.8429 4.3715 3.9491 26.9316 6.6568 4.1264
2 24 24.5874 6.6568 5.2173 24.7898 7.5547 5.6221
2 24 26.9316 6.6568 4.1264 27.134 7.5546 4.5312
2 24 27.5082 8 5.2797 27.134 7.5546 4.5312
2 24 24.5906 8.0022 6.0936 24.7898 7.5547 5.6221
2 24 26.0059 2.8862 3.087 25.5104 2.75 2.6178
2 24 24.2502 3.2627 4.5772 23.9215 2.9249 4.0374
2 24 26.5929 3.1813 3.4864 26.0059 2.8862 3.087
2 24 21.3396 2.75 -5.9182 21.1922 2.8746 -6.5422
2 24 19.4296 2.8026 -5.0614 19.1734 2.8945 -5.5731
2 24 21.2303 3.2 -7.2996 21.1922 2.8746 -6.5422
2 24 18.8451 3.155 -6.1485 19.1734 2.8945 -5.5731
2 24 23.1013 8 6.25 23.6499 8 6.25
2 24 23.0976 2.75 6.25 23.6499 2.75 6.25
2 24 17.3109 8 -6.4902 17.604 8 -6.9613
2 24 17.8446 6.441 -6.8549 17.8925 3.7305 -6.6694
2 24 17.2152 2.75 -6.3215 18.1238 2.8223 -6.2072
2 24 17.604 8 -6.9613 18.2998 7.5178 -7.2146
2 24 18.2998 7.5178 -7.2146 17.8971 8 -7.4323
2 24 17.604 8 -6.9613 17.8971 8 -7.4323
2 24 18.6059 4.3683 -6.6023 18.5262 6.4743 -6.7618
2 24 18.6059 4.3683 -6.6023 18.6698 3.6802 -6.4751
2 24 19.1734 2.8945 -5.5731 18.8451 3.155 -6.1485
2 24 18.1238 2.8223 -6.2072 19.1734 2.8945 -5.5731
2 24 18.6698 3.6802 -6.4751 18.8451 3.155 -6.1485
2 24 17.8971 8 -7.4323 17.604 8 -6.9613
2 24 24.7898 7.5547 5.6221 24.5874 6.6568 5.2173
2 24 24.5874 6.6568 5.2173 24.4988 4.3715 5.0401
2 24 24.4988 4.3715 5.0401 24.4314 3.7207 4.9038
2 24 24.4314 3.7207 4.9038 24.2502 3.2627 4.5772
2 24 23.8815 2.8375 5.2571 23.9215 2.9249 4.0374
2 24 24.2502 3.2627 4.5772 23.9215 2.9249 4.0374
2 24 23.6499 8 6.25 24.1546 8.0012 6.1661
2 24 23.6499 2.75 6.25 23.8815 2.8375 5.2571
2 24 24.1546 8.0012 6.1661 23.6499 8 6.25
2 24 16.9279 2.75 -5.7691 17.2152 2.75 -6.3215
2 24 23.0976 2.75 6.25 23.6499 2.75 6.25
2 24 23.9215 2.9249 4.0374 23.8815 2.8375 5.2571
2 24 23.6499 2.75 6.25 23.8815 2.8375 5.2571
2 24 3.274 -0.3077 -5.5353 2.8127 -0.3077 -6.3054
2 24 3.0236 -2.9192 -5.6466 2.7226 -3.0759 -6.3445
2 24 2.1533 -0.3077 -7.8975 2.8127 -0.3077 -6.3054
2 24 2.1533 -3.2875 -7.8975 2.7226 -3.0759 -6.3445
2 24 2.1533 -3.2875 -7.8975 2.7226 -3.0759 -6.3445
2 24 4.9504 -2.6127 -8.4975 4.711 -2.5167 -10.0258
2 24 4.711 -2.5167 -10.0258 4.625 -0.3077 -10
2 24 4.8224 -0.3077 -8.4591 4.625 -0.3077 -10
2 24 4.9504 -2.6127 -8.4975 5.3406 -2.5955 -7.3269
2 24 4.8224 -0.3077 -8.4591 5.1764 -0.3077 -7.2777
2 24 5.3406 -2.5955 -7.3269 6.2033 -2.3674 -6.1837
2 24 5.1764 -0.3077 -7.2777 6.0586 -0.3077 -6.1403
2 24 6.2033 -2.3674 -6.1837 7.3672 -1.9802 -5.2449
2 24 6.0586 -0.3077 -6.1403 7.2603 -0.3077 -5.2129
2 24 8.4872 -1.5529 -4.7571 10.0654 -0.878 -4.6238
2 24 8.3916 -0.3077 -4.7284 10.0164 -0.3077 -4.5974
2 24 10.0654 -0.878 -4.6238 10.0164 -0.3077 -4.5974
2 24 7.3672 -1.9802 -5.2449 8.4872 -1.5529 -4.7571
2 24 7.2603 -0.3077 -5.2129 8.3916 -0.3077 -4.7284
2 24 8.4872 -1.5529 -4.7571 10.0654 -0.878 -4.6238
2 24 9.9911 -0.2058 -9.9807 10.0654 -0.878 -4.6238
2 24 5.3406 -2.5955 -7.3269 6.2033 -2.3674 -6.1837
2 24 4.711 -2.5167 -10.0258 4.9504 -2.6127 -8.4975
2 24 9.9911 -0.2058 -9.9807 4.711 -2.5167 -10.0258
2 24 6.2033 -2.3674 -6.1837 7.3672 -1.9802 -5.2449
2 24 8.4872 -1.5529 -4.7571 7.3672 -1.9802 -5.2449
2 24 5.3406 -2.5955 -7.3269 4.9504 -2.6127 -8.4975
2 24 13.8447 5.8413 -21.9456 13.8447 8 -21.9705
2 24 13.5279 8 -19.7802 13.8447 8 -21.9705
2 24 14.0238 3.2508 -21.6506 15.5924 2.7404 -17.6724
2 24 17.8568 3.474 -13.9762 17.9733 5.8378 -13.7364
2 24 19.5567 3.2166 -10.5359 17.8568 3.474 -13.9762
2 24 15.5924 2.7404 -17.6724 17.8568 3.474 -13.9762
2 24 10.0001 8 -30 10 3.2 -30
2 24 13.8447 5.8413 -21.9456 14.0238 3.2508 -21.6506
2 24 10 3.2 -30 14.0238 3.2508 -21.6506
2 24 13.8447 5.8413 -21.9456 14.0238 3.2508 -21.6506
2 24 16.0107 8 -14.8145 17.9733 8 -13.7364
2 24 17.9733 5.8378 -13.7364 17.9733 8 -13.7364
2 24 17.9733 5.8378 -13.7364 17.9733 8 -13.7364
2 24 19.7946 8 -10.1476 17.9733 8 -13.7364
2 24 17.8568 3.474 -13.9762 19.5567 3.2166 -10.5359
2 24 17.9733 5.8378 -13.7364 17.8568 3.474 -13.9762
2 24 9.9878 7.9999 -18.283 9.3819 8 -18.0422
2 24 10.4745 7.9998 -19.3516 10.4049 7.9999 -18.7083
2 24 10.5189 3.2526 -19.3381 10.4419 2.9144 -18.6697
2 24 10.4049 7.9999 -18.7083 9.9878 7.9999 -18.283
2 24 10.4419 2.9144 -18.6697 10.0205 2.2526 -18.2801
2 24 10.1958 7.9999 -20.0025 7.4949 8 -26.25
2 24 7.4949 8 -26.25 7.4949 3.0217 -26.25
2 24 10.2358 3.2316 -19.9904 7.4949 3.0217 -26.25
2 24 9.3819 1.6998 -18.0422 10.0205 2.2526 -18.2801
2 24 9.3819 8 -18.0422 9.9878 7.9999 -18.283
2 24 10.4049 7.9999 -18.7083 10.4745 7.9998 -19.3516
2 24 10.4745 7.9998 -19.3516 10.1958 7.9999 -20.0025
2 24 10.5189 3.2526 -19.3381 10.2358 3.2316 -19.9904
2 24 10.4745 7.9998 -19.3516 10.1958 7.9999 -20.0025
2 24 10.0164 8 10 10.0164 8 -10
2 24 10.0164 -0.3077 -1.8979 10.0164 -0.3077 -4.5974
2 24 -6.25 0 6.25 10.0164 0 6.25
2 24 10.0164 0 6.25 10.0164 0 10
2 24 -10 0 10 10.0164 0 10
2 24 2.0427 8 -11.9375 -6.25 8 -11.9375
2 24 -10 8 -10 -10 8 -30
2 24 -10 0 -10 -10 8 -10
2 24 -10 -7.9761 -30 -10 8 -30
2 24 24.1546 8.0012 6.1661 24.5906 8.0022 6.0936
2 24 24.7898 7.5547 5.6221 24.5906 8.0022 6.0936
2 24 18.2998 7.5178 -7.2146 18.5262 6.4743 -6.7618
2 24 27.134 7.5546 4.5312 26.9316 6.6568 4.1264
2 24 26.7748 3.68 3.8129 26.5929 3.1813 3.4864
2 24 28.2621 3.2 6.7875 26.5929 3.1813 3.4864
2 24 26.0059 2.8862 3.087 25.5104 2.75 2.6178
2 24 21.1922 2.8746 -6.5422 21.2303 3.2 -7.2996
2 24 19.5567 3.2166 -10.5359 21.2303 3.2 -7.2996
2 24 21.0552 3.7027 -7.6263 20.9916 4.3683 -7.7535
2 24 20.6855 7.5178 -8.3658 20.1959 8 -9.3451
2 24 7.6435 0.215 -30 10 3.2 -30
2 24 14.0238 3.2508 -21.6506 10 3.2 -30
2 24 3.9047 8 -11.9375 11.9375 8 -11.9375
2 24 10.0164 8 -10 10.0164 8 10
2 24 11.9375 8 -2.1533 11.9375 8 6.25
2 24 6.3036 -2.4126 -2.8135 7.8975 -1.8619 -2.1533
2 24 1.5385 -3.5296 -6.2298 3.0236 -2.9192 -5.6466
2 24 2.7226 -3.0759 -6.3445 3.0236 -2.9192 -5.6466
2 24 3.274 -0.3077 -5.5353 4.2558 -0.3077 -4.2558
2 24 5.27 -0.3077 -3.4321 4.2558 -0.3077 -4.2558
2 24 -6.25 0 -10 -6.25 0 6.25
2 24 -6.25 0 6.25 -6.25 -4.74 6.25
2 24 -6.25 -4.74 -6.3875 -6.25 -4.74 6.25
2 24 -6.25 0 -10 -6.25 -4.74 -10
2 24 -6.25 -4.74 -7.9205 -6.25 -4.74 -10
2 24 10.0164 0 6.25 10.0164 -1.805 6.25
2 24 7.0501 -2.7194 6.25 10.0164 -1.805 6.25
2 24 18.7713 -2.2679 10 13.4775 -4.1802 10
2 24 -10 -7.9791 10 -2.7977 -7.5074 10
2 24 -10 0 10 -10 -7.9791 10
2 24 28.2621 2.3075 10 28.2621 8 10
2 24 23.7701 8 10 28.2621 8 10
2 24 17.2152 2.75 -6.3215 18.1238 2.8223 -6.2072
2 24 18.1238 2.8223 -6.2072 19.1734 2.8945 -5.5731
2 24 19.4296 2.8026 -5.0614 19.1734 2.8945 -5.5731
2 24 13.1552 0.815 -4.5351 11.9375 0.1047 -4.0533
2 24 11.9375 1.7631 -11.9375 11.9375 0.1047 -4.0533
2 24 14.4621 1.7672 -5.538 15.4649 2.7436 -6.8449
2 24 6.8449 -0.6317 -15.4649 5.538 -1.4562 -14.4621
2 24 4.5351 -2.0296 -13.1552 5.538 -1.4562 -14.4621
2 24 -6.25 8 -26.25 -6.25 8 -11.9375
2 24 -10 8 -10 -10 8 -30
2 24 6.3043 1.7266 -26.25 7.4949 3.0217 -26.25
2 24 7.4949 3.0217 -26.25 10.2358 3.2316 -19.9904
2 24 6.047 -4.74 2.0423 6.4504 -4.74 -0.1443
2 24 6.4504 -4.74 -0.1443 5.467 -4.74 -3.2721
2 24 4.2558 -4.74 -4.2558 5.467 -4.74 -3.2721
2 24 3.0089 -4.74 -5.6658 1.5385 -4.74 -6.2298
2 24 4.4438 -4.74 4.6248 2.022 -4.74 6.25
2 24 4.2558 -4.74 -4.2558 3.0089 -4.74 -5.6658
2 24 6.047 -4.74 2.0423 4.4438 -4.74 4.6248
2 24 -6.25 -4.74 -6.3875 -6.25 -4.74 6.25
2 24 -2.0305 -4.74 -6.3897 -6.25 -4.74 -6.3875
2 24 1.5385 -4.74 -6.2298 -0.0501 -4.74 -6.3891
2 24 2.022 -4.74 6.25 -6.25 -4.74 6.25
2 24 -2.0305 -4.74 -6.3897 -0.0501 -4.74 -6.3891
2 24 10.4419 2.9144 -18.6697 10.5189 3.2526 -19.3381
2 24 10.2358 3.2316 -19.9904 10.5189 3.2526 -19.3381
2 24 9.3819 1.6998 -18.0422 10.0205 2.2526 -18.2801
2 24 10.4419 2.9144 -18.6697 10.0205 2.2526 -18.2801
2 24 10.0001 8 -30 13.8447 8 -21.9705
2 24 7.4949 8 -26.25 10.1958 7.9999 -20.0025
2 24 13.5279 8 -19.7802 13.8447 8 -21.9705
2 24 14.0238 3.2508 -21.6506 15.5924 2.7404 -17.6724
2 24 13.5279 8 -19.7802 14.2241 8 -17.0247
2 24 16.0107 8 -14.8145 14.2241 8 -17.0247
2 24 17.8568 3.474 -13.9762 15.5924 2.7404 -17.6724
2 24 3.5302 -6.7006 10 8.7645 -5.5004 10
2 24 -2.0227 -6.4586 -30 0.6032 -5.2579 -30
2 24 2.8952 -3.9672 -30 0.6032 -5.2579 -30
2 24 13.4775 -4.1802 10 8.7645 -5.5004 10
2 24 3.5302 -6.7006 10 -2.7977 -7.5074 10
2 24 8.7645 -5.5004 10 13.4775 -4.1802 10
2 24 -10 -7.9761 -30 -10 8 -30
2 24 -5.4096 -7.3384 -30 -10 -7.9761 -30
2 24 -2.0227 -6.4586 -30 0.6032 -5.2579 -30
2 24 -5.4096 -7.3384 -30 -2.0227 -6.4586 -30
2 24 5.4239 -2.0506 -30 2.8952 -3.9672 -30
2 24 0.6032 -5.2579 -30 2.8952 -3.9672 -30
2 24 10 3.2 -30 7.6435 0.215 -30
2 24 5.4239 -2.0506 -30 7.6435 0.215 -30
2 24 10 3.2 -30 10.0001 8 -30
2 24 -10 8 -30 10.0001 8 -30
2 24 -10 -7.9791 10 -10 0 10
2 24 -10 -7.9788 6.4836 -10 -7.9791 10
2 24 -10 -7.9777 -8.4981 -10 -7.9783 -1.0072
2 24 -10 0 -10 -10 0 10
2 24 -10 -7.9774 -12.9162 -10 -7.9777 -8.4981
2 24 13.8447 5.8413 -21.9456 13.8447 8 -21.9705
2 24 10.0001 8 -30 13.8447 8 -21.9705
2 24 -2.0305 -4.2033 -10 -0.0922 -3.8727 -10
2 24 -2.0305 -4.2033 -10 -6.25 -4.74 -10
2 24 -6.25 0 -10 -6.25 -4.74 -10
2 24 1.9094 -3.2481 -10 1.0842 -3.5296 -10
2 24 -0.0922 -3.8727 -10 1.0842 -3.5296 -10
2 24 1.9094 -0.3077 -10 1.9094 -3.2481 -10
2 24 11.9375 -1.2038 6.25 11.9375 -0.7009 2.0484
2 24 23.425 2.75 -1.6502 25.5104 2.75 2.6178
2 24 23.425 2.75 -1.6502 25.5104 2.75 2.6178
2 24 -10 -7.9783 -1.0072 -10 -7.9788 6.4836
2 24 -10 -7.9788 6.4836 -10 -7.9783 -1.0072
2 24 11.9375 -0.7009 2.0484 11.9375 -0.1979 -2.1533
2 24 11.9375 3.5633 -2.1533 11.9375 -0.1979 -2.1533
2 24 15.4496 8.0177 -13.1463 16.0782 8.0177 -11.6287
2 24 15.4449 5.0317 -13.1443 16.0738 4.9295 -11.6258
2 24 15.4449 5.0317 -13.1443 14.444 4.7019 -14.4483
2 24 15.4496 8.0177 -13.1463 14.4496 8.0177 -14.4495
2 24 14.444 4.7019 -14.4483 13.1395 3.9226 -15.4486
2 24 14.4496 8.0177 -14.4495 13.1465 8.0177 -15.4495
2 24 13.1395 3.9226 -15.4486 11.6209 2.8359 -16.0768
2 24 13.1465 8.0177 -15.4495 11.6288 8.0177 -16.0782
2 24 11.6209 2.8359 -16.0768 9.9923 1.6043 -16.2906
2 24 11.6288 8.0177 -16.0782 9.9997 8.0176 -16.2925
2 24 9.9923 1.6043 -16.2906 8.3692 0.6093 -16.0523
2 24 9.9997 8.0176 -16.2925 8.3786 7.8852 -16.0518
2 24 8.3692 0.6093 -16.0523 6.8457 -0.6153 -15.446
2 24 8.3786 7.8852 -16.0518 6.8541 8.0175 -15.4496
2 24 6.8457 -0.6153 -15.446 5.5436 -1.4375 -14.4465
2 24 6.8541 8.0175 -15.4496 5.5505 8.0177 -14.4496
2 24 5.5436 -1.4375 -14.4465 4.5436 -2.0101 -13.142
2 24 5.5505 8.0177 -14.4496 4.55 8.0177 -13.1456
2 24 14.4497 8.0177 -5.5506 13.1463 8.0177 -4.5504
2 24 14.4431 1.7809 -5.5468 13.1393 0.83 -4.5472
2 24 14.4497 8.0177 -5.5506 15.4497 8.0177 -6.8538
2 24 14.4431 1.7809 -5.5468 15.4437 2.756 -6.8498
2 24 15.4497 8.0177 -6.8538 16.0783 8.0177 -8.3715
2 24 15.4437 2.756 -6.8498 16.073 3.673 -8.3675
2 24 16.0783 8.0177 -8.3715 16.2926 8.0177 -10.0001
2 24 16.073 3.673 -8.3675 16.288 4.4396 -9.9965
2 24 16.0782 8.0177 -11.6287 16.2926 8.0177 -10.0001
2 24 16.0738 4.9295 -11.6258 16.288 4.4396 -9.9965
2 24 7.8818 0.5411 -17.86 9.3678 1.7145 -18.0566
2 24 7.8927 8.0181 -17.8633 9.3779 8.0179 -18.0591
2 24 7.8818 0.5411 -17.86 5.9213 -0.8308 -17.0467
2 24 7.8927 8.0181 -17.8633 5.9292 8.0177 -17.0504
2 24 5.9213 -0.8308 -17.0467 4.2376 -1.8571 -15.7534
2 24 5.9292 8.0177 -17.0504 4.2432 8.0177 -15.7566
2 24 4.2376 -1.8571 -15.7534 2.9455 -2.562 -14.0681
2 24 4.2432 8.0177 -15.7566 2.9495 8.0177 -14.0706
2 24 14.0703 8.0177 -2.9493 15.7566 8.0176 -4.2431
2 24 15.7566 8.0176 -4.2431 17.0497 8.0177 -5.9282
2 24 9.996 -1.3961 2.5467 9.9962 -1.655 4.9805
2 24 -0.0959 -3.8554 -9.9823 -2.033 -4.1858 -9.9823
2 24 -2.033 -4.1858 -6.372 -0.0964 -3.8553 -6.3857
2 24 -0.0959 -3.8554 -9.9823 1.0792 -3.5128 -9.9821
2 24 -0.0964 -3.8553 -6.3857 1.5291 -3.5135 -6.2131
2 24 1.0792 -3.5128 -9.9821 1.8929 -3.2361 -9.9854
2 24 1.8929 -3.2361 -9.9854 2.1335 -3.2725 -7.894
2 24 6.0277 -2.7662 2.0374 4.4277 -3.2838 4.6142
2 24 6.0277 -2.7662 2.0374 6.4302 -2.4745 -0.1417
2 24 6.4302 -2.4745 -0.1417 5.4482 -2.5281 -3.2597
2 24 5.4482 -2.5281 -3.2597 6.2924 -2.3967 -2.7978
2 24 9.9962 -1.655 4.9805 9.996 -1.3961 2.5467
2 24 9.996 -1.3961 2.5467 9.9958 -1.1527 0.2576
2 24 7.8866 -1.8466 -2.1367 9.9982 -0.9268 -1.8802
2 24 9.9958 -1.1527 0.2576 9.9982 -0.9268 -1.8802
2 24 -6.2409 -4.7192 -6.3771 -2.0305 -4.7223 -6.372
2 24 -2.033 -4.1858 -6.372 -6.2409 -4.7192 -6.3771
2 24 -2.0305 -4.7223 -6.372 -0.0509 -4.7222 -6.3715
2 24 -2.033 -4.1858 -6.372 -0.0964 -3.8553 -6.3857
2 24 1.8955 -0.2937 -9.9845 2.1361 -0.2899 -7.8935
2 24 1.8955 -0.2937 -9.9845 4.6398 -0.2922 -9.987
2 24 4.6398 -0.2922 -9.987 4.8391 -0.2895 -8.4627
2 24 7.8931 -0.29 -2.1361 6.2868 -0.2899 -2.8014
2 24 8.3956 -0.2896 -4.7453 7.2693 -0.2895 -5.2275
2 24 6.2924 -2.3967 -2.7978 5.4482 -2.5281 -3.2597
2 24 6.2868 -0.2899 -2.8014 5.2597 -0.2899 -3.4178
2 24 3.0073 -2.909 -5.6306 2.9961 -4.7286 -5.6476
2 24 4.2435 -4.7223 -4.2431 2.9961 -4.7286 -5.6476
2 24 -0.0964 -3.8553 -6.3857 1.5291 -3.5135 -6.2131
2 24 -0.0509 -4.7222 -6.3715 1.5343 -4.7223 -6.2126
2 24 21.0782 3.71 -7.6197 21.2551 3.2 -7.302
2 24 19.5771 3.2062 -10.5461 21.2551 3.2 -7.302
2 24 23.4465 2.7573 -1.6606 21.3619 2.7575 -5.9267
2 24 21.3619 2.7575 -5.9267 21.2166 2.8803 -6.5414
2 24 21.0153 4.3703 -7.7457 20.9354 6.478 -7.9054
2 24 20.9354 6.478 -7.9054 20.7068 7.5305 -8.3628
2 24 26.7838 3.6867 3.7905 26.8512 4.3735 3.9256
2 24 27.1372 7.57 4.5118 27.523 8.0174 5.2695
2 24 26.8512 4.3735 3.9256 26.9399 6.6603 4.1031
2 24 20.208 8.0218 -9.3461 19.8104 8.0176 -10.1556
2 24 2.5433 -1.272 -26.2311 1.2519 -2.0232 -26.2313
2 24 4.2376 -1.8571 -15.7534 2.9455 -2.562 -14.0681
2 24 2.0281 -3.0623 -11.9539 -1.3244 -3.974 -11.9549
2 24 0.1088 -2.627 -26.2317 -1.3801 -3.2904 -26.2319
2 24 2.5433 -1.272 -26.2311 3.5526 -0.5831 -26.2309
2 24 4.2376 -1.8571 -15.7534 5.9213 -0.8308 -17.0467
2 24 7.4782 3.0283 -26.2326 7.4831 8.0128 -26.232
2 24 7.4782 3.0283 -26.2326 6.2937 1.7378 -26.2303
2 24 24.5888 8.0249 6.0834 24.149 8.0207 6.1515
2 24 16.2988 2.7719 -4.8755 16.9373 2.7724 -5.763
2 24 16.9373 2.7724 -5.763 16.2988 2.7719 -4.8755
2 24 23.0976 2.7724 6.2388 20.9788 2.7722 6.2404
2 24 20.9788 2.7722 6.2404 11.9483 -1.1877 6.2342
2 24 11.9581 3.5633 -2.1391 11.9581 6.3923 -2.1391
2 24 11.9551 8.013 -2.1411 11.9581 6.3923 -2.1391
2 24 16.2988 2.7719 -4.8755 14.0617 1.021 -2.9455
2 24 16.2988 2.7719 -4.8755 14.0617 1.021 -2.9455
2 24 17.9051 8.0227 -7.4257 20.208 8.0218 -9.3461
2 24 20.208 8.0218 -9.3461 19.8104 8.0176 -10.1556
2 24 21.3619 2.7575 -5.9267 23.4465 2.7573 -1.6606
2 24 24.5888 8.0249 6.0834 27.523 8.0174 5.2695
2 24 27.523 8.0174 5.2695 28.2842 8.0112 6.784
2 24 4.5436 -2.0101 -13.142 3.9145 -2.4697 -11.9479
2 24 11.9467 1.7797 -11.9537 3.9145 -2.4697 -11.9479
2 24 15.4449 5.0317 -13.1443 16.0738 4.9295 -11.6258
2 24 15.4449 5.0317 -13.1443 14.444 4.7019 -14.4483
2 24 14.444 4.7019 -14.4483 13.1395 3.9226 -15.4486
2 24 13.1395 3.9226 -15.4486 11.6209 2.8359 -16.0768
2 24 11.6209 2.8359 -16.0768 9.9923 1.6043 -16.2906
2 24 9.9923 1.6043 -16.2906 8.3692 0.6093 -16.0523
2 24 8.3692 0.6093 -16.0523 6.8457 -0.6153 -15.446
2 24 13.1393 0.83 -4.5472 14.4431 1.7809 -5.5468
2 24 16.073 3.673 -8.3675 15.4437 2.756 -6.8498
2 24 16.073 3.673 -8.3675 16.288 4.4396 -9.9965
2 24 16.0738 4.9295 -11.6258 16.288 4.4396 -9.9965
2 24 3.9145 -2.4697 -11.9479 3.9201 8.0173 -11.9469
2 24 3.9145 -2.4697 -11.9479 11.9467 1.7797 -11.9537
2 24 3.9201 8.0173 -11.9469 11.9519 8.0144 -11.9519
2 24 11.9467 1.7797 -11.9537 11.9519 8.0144 -11.9519
2 24 17.9893 8.0116 -13.7518 16.0222 8.0191 -14.8257
2 24 15.4496 8.0177 -13.1463 14.4496 8.0177 -14.4495
2 24 11.6288 8.0177 -16.0782 13.1465 8.0177 -15.4495
2 24 14.2382 8.0194 -17.0318 13.5438 8.0191 -19.7826
2 24 14.4496 8.0177 -14.4495 13.1465 8.0177 -15.4495
2 24 16.0222 8.0191 -14.8257 14.2382 8.0194 -17.0318
2 24 -2.0173 -6.475 -30.0181 -5.4064 -7.3557 -30.0178
2 24 5.434 -2.0627 -30.0193 2.9041 -3.9811 -30.0188
2 24 -10.0166 -7.9953 -22.8864 -10.0167 -7.9956 -17.9017
2 24 -10.0167 -7.9956 -17.9017 -10.0168 -7.9959 -12.9162
2 24 5.434 -2.0627 -30.0193 7.6546 0.2047 -30.0199
2 24 -10.0168 -7.9959 -12.9162 -10.0169 -7.9962 -8.4981
2 24 -10.0169 -7.9962 -8.4981 -10.017 -7.9966 -1.0073
2 24 -5.4064 -7.3557 -30.0178 -10.0131 -7.9911 -30.0152
2 24 -10.0166 -7.9953 -22.8864 -10.0131 -7.9911 -30.0152
2 24 3.5334 -6.7183 10.0174 -2.7959 -7.5251 10.0176
2 24 18.7787 -2.2852 10.0165 13.4833 -4.1977 10.0169
2 24 18.7787 -2.2852 10.0165 23.9115 0.0296 10.0159
2 24 23.9115 0.0296 10.0159 18.7787 -2.2852 10.0165
2 24 10.002 8.0144 10.0144 10.002 0.0144 10.0144
2 24 23.9115 0.0296 10.0159 28.2817 2.2958 10.0103
2 24 28.2817 2.2958 10.0103 28.2854 3.1919 6.7835
2 24 26.0196 2.8893 3.0663 26.6092 3.1794 3.4675
2 24 28.2854 3.1919 6.7835 26.6092 3.1794 3.4675
2 24 28.2842 8.0112 6.784 28.2766 8.0144 10.0144
2 24 28.2766 8.0144 10.0144 28.2817 2.2958 10.0103
2 24 28.2854 3.1919 6.7835 28.2817 2.2958 10.0103
2 24 8.7691 -5.518 10.0172 3.5334 -6.7183 10.0174
2 24 10.002 0.0144 10.0144 -10.0144 0.0144 10.0144
2 24 -10.017 -7.9971 6.4836 -10.0138 -7.9938 10.0148
2 24 -2.7959 -7.5251 10.0176 -10.0138 -7.9938 10.0148
2 24 -10.0131 -7.9911 -30.0152 -10.0166 -7.9953 -22.8864
2 24 -10.0166 -7.9953 -22.8864 -10.0167 -7.9956 -17.9017
2 24 -10.0167 -7.9956 -17.9017 -10.0168 -7.9959 -12.9162
2 24 9.9982 -0.9268 -1.8802 9.9958 -1.1527 0.2576
2 24 9.9982 -0.9268 -1.8802 10.0009 -0.2937 -1.8841
2 24 10.0471 -0.866 -4.6359 10.003 -0.2923 -4.6118
2 24 10.0471 -0.866 -4.6359 9.9737 -0.1945 -9.9667
2 24 9.9737 -0.1945 -9.9667 10.002 8.0144 -9.9856
2 24 -10.0144 0.0144 -9.9856 -6.2356 0.0144 -9.9856
2 24 -10.0144 8.0144 -9.9856 -10.0144 0.0144 -9.9856
2 24 -6.2335 -4.7212 -7.9205 -6.2409 -4.7192 -6.3771
2 24 7.0453 -2.7019 6.2328 2.0132 -3.8471 6.2294
2 24 10.002 0.0144 6.2356 -6.2356 0.0144 6.2356
2 24 -6.2356 0.0144 -9.9856 -10.0144 0.0144 -9.9856
2 24 -6.2356 0.0144 -9.9856 -6.2356 0.0144 6.2356
2 24 -10.0144 0.0144 -9.9856 -10.0144 0.0144 10.0144
2 24 10.002 8.0144 10.0144 10.002 0.0144 10.0144
2 24 10.002 0.0144 6.2356 10.002 0.0144 10.0144
2 24 7.0453 -2.7019 6.2328 9.9988 -1.7921 6.2377
2 24 9.9962 -1.655 4.9805 9.9988 -1.7921 6.2377
2 24 9.9962 -1.655 4.9805 9.9988 -1.7921 6.2377
2 24 10.002 0.0144 6.2356 9.9988 -1.7921 6.2377
2 24 9.996 -1.3961 2.5467 9.9958 -1.1527 0.2576
2 24 6.2868 -0.2899 -2.8014 7.8931 -0.29 -2.1361
2 24 6.2924 -2.3967 -2.7978 7.8866 -1.8466 -2.1367
2 24 1.8955 -0.2937 -9.9845 1.8929 -3.2361 -9.9854
2 24 1.8955 -0.2937 -9.9845 2.1361 -0.2899 -7.8935
2 24 1.8929 -3.2361 -9.9854 2.1335 -3.2725 -7.894
2 24 -6.2368 -4.725 -9.9849 -6.2335 -4.7212 -7.9205
2 24 -2.033 -4.1858 -9.9823 -6.2368 -4.725 -9.9849
2 24 2.0155 -4.7284 6.2288 2.0132 -3.8471 6.2294
2 24 2.0155 -4.7284 6.2288 4.4309 -4.7223 4.6126
2 24 2.0132 -3.8471 6.2294 4.4277 -3.2838 4.6142
2 24 4.4277 -3.2838 4.6142 6.0277 -2.7662 2.0374
2 24 4.4309 -4.7223 4.6126 6.0307 -4.7223 2.0356
2 24 6.0307 -4.7223 2.0356 6.4329 -4.7223 -0.1423
2 24 6.0277 -2.7662 2.0374 6.4302 -2.4745 -0.1417
2 24 4.2435 -4.7223 -4.2431 5.4487 -4.7284 -3.2596
2 24 5.4482 -2.5281 -3.2597 5.4487 -4.7284 -3.2596
2 24 1.5291 -3.5135 -6.2131 3.0073 -2.909 -5.6306
2 24 3.0073 -2.909 -5.6306 2.9961 -4.7286 -5.6476
2 24 1.5343 -4.7223 -6.2126 2.9961 -4.7286 -5.6476
2 24 6.4302 -2.4745 -0.1417 5.4482 -2.5281 -3.2597
2 24 5.4482 -2.5281 -3.2597 5.4487 -4.7284 -3.2596
2 24 6.4329 -4.7223 -0.1423 5.4487 -4.7284 -3.2596
2 24 4.4277 -3.2838 4.6142 2.0132 -3.8471 6.2294
2 24 7.0453 -2.7019 6.2328 2.0132 -3.8471 6.2294
2 24 -6.2335 -4.7212 -7.9205 -6.2409 -4.7192 -6.3771
2 24 -2.033 -4.1858 -6.372 -6.2409 -4.7192 -6.3771
2 24 5.1915 -0.2893 -7.2856 6.0708 -0.2894 -6.1523
2 24 3.26 -0.2897 -5.525 4.243 -0.29 -4.2436
2 24 7.2693 -0.2895 -5.2275 6.0708 -0.2894 -6.1523
2 24 4.243 -0.29 -4.2436 5.2597 -0.2899 -3.4178
2 24 6.2868 -0.2899 -2.8014 5.2597 -0.2899 -3.4178
2 24 3.26 -0.2897 -5.525 2.7969 -0.2897 -6.2981
2 24 4.8391 -0.2895 -8.4627 5.1915 -0.2893 -7.2856
2 24 2.1361 -0.2899 -7.8935 2.7969 -0.2897 -6.2981
2 24 4.7209 -2.5007 -10.0093 9.9737 -0.1945 -9.9667
2 24 4.7209 -2.5007 -10.0093 4.6398 -0.2922 -9.987
2 24 9.9737 -0.1945 -9.9667 10.002 8.0144 -9.9856
2 24 -10.0144 8.0144 -9.9856 10.002 8.0144 -9.9856
2 24 4.6398 -0.2922 -9.987 1.8955 -0.2937 -9.9845
2 24 11.9519 8.0144 -11.9519 11.948 8.0166 -4.0688
2 24 11.9519 8.0144 -11.9519 11.9467 1.7797 -11.9537
2 24 11.948 8.0166 -4.0688 11.9416 0.1235 -4.0693
2 24 11.9467 1.7797 -11.9537 11.9416 0.1235 -4.0693
2 24 11.6288 8.0177 -16.0782 9.9997 8.0176 -16.2925
2 24 10.3845 8.0109 -18.7178 9.9783 8.0176 -18.298
2 24 9.9997 8.0176 -16.2925 8.3786 7.8852 -16.0518
2 24 9.3779 8.0179 -18.0591 7.8927 8.0181 -17.8633
2 24 8.3786 7.8852 -16.0518 6.8541 8.0175 -15.4496
2 24 7.8927 8.0181 -17.8633 5.9292 8.0177 -17.0504
2 24 6.8541 8.0175 -15.4496 5.5505 8.0177 -14.4496
2 24 5.9292 8.0177 -17.0504 4.2432 8.0177 -15.7566
2 24 5.5505 8.0177 -14.4496 4.55 8.0177 -13.1456
2 24 4.2432 8.0177 -15.7566 2.9495 8.0177 -14.0706
2 24 4.55 8.0177 -13.1456 3.9201 8.0173 -11.9469
2 24 2.9495 8.0177 -14.0706 2.031 8.0128 -11.9554
2 24 13.1463 8.0177 -4.5504 11.948 8.0166 -4.0688
2 24 14.0703 8.0177 -2.9493 11.9551 8.013 -2.1411
2 24 13.1463 8.0177 -4.5504 14.4497 8.0177 -5.5506
2 24 14.0703 8.0177 -2.9493 15.7566 8.0176 -4.2431
2 24 14.4497 8.0177 -5.5506 15.4497 8.0177 -6.8538
2 24 15.7566 8.0176 -4.2431 17.0497 8.0177 -5.9282
2 24 17.0497 8.0177 -5.9282 17.3293 8.0122 -6.4785
2 24 15.4497 8.0177 -6.8538 16.0783 8.0177 -8.3715
2 24 16.0783 8.0177 -8.3715 16.2926 8.0177 -10.0001
2 24 17.3293 8.0122 -6.4785 17.6152 8.0196 -6.9504
2 24 16.2926 8.0177 -10.0001 16.0782 8.0177 -11.6287
2 24 4.5436 -2.0101 -13.142 3.9145 -2.4697 -11.9479
2 24 3.9145 -2.4697 -11.9479 3.9201 8.0173 -11.9469
2 24 4.55 8.0177 -13.1456 3.9201 8.0173 -11.9469
2 24 13.1463 8.0177 -4.5504 11.948 8.0166 -4.0688
2 24 13.1393 0.83 -4.5472 11.9416 0.1235 -4.0693
2 24 11.948 8.0166 -4.0688 11.9416 0.1235 -4.0693
2 24 14.0617 1.021 -2.9455 11.9514 -0.1845 -2.1374
2 24 11.9581 3.5633 -2.1391 11.9514 -0.1845 -2.1374
2 24 -10.0144 8.0144 -9.9856 10.002 8.0144 -9.9856
2 24 7.4831 8.0128 -26.232 -6.2356 8.0144 -26.2356
2 24 10.0116 8.0127 -30.0182 -10.0144 8.0144 -30.0144
2 24 -1.3244 -3.974 -11.9549 -6.2368 -4.6079 -11.9526
2 24 -6.2356 8.0144 -11.9519 -6.2368 -4.6079 -11.9526
2 24 14.0703 8.0177 -2.9493 11.9551 8.013 -2.1411
2 24 11.9581 6.3923 -2.1391 11.9551 8.013 -2.1411
2 24 11.948 8.0166 -4.0688 11.9519 8.0144 -11.9519
2 24 23.1013 8.0177 6.2323 11.9519 8.0144 6.2356
2 24 20.9788 2.7722 6.2404 11.9483 -1.1877 6.2342
2 24 11.9519 8.0144 6.2356 11.9483 -1.1877 6.2342
2 24 23.7701 8.0177 10.0177 10.002 8.0144 10.0144
2 24 11.9519 8.0144 6.2356 23.1013 8.0177 6.2323
2 24 11.9483 -1.1877 6.2342 11.9519 8.0144 6.2356
2 24 11.9551 8.013 -2.1411 11.9519 8.0144 6.2356
2 24 11.9581 6.3923 -2.1391 11.9581 3.5633 -2.1391
2 24 11.9483 -1.1877 6.2342 11.9513 -0.6802 2.051
2 24 20.9788 2.7722 6.2404 23.0976 2.7724 6.2388
2 24 23.1013 8.0177 6.2323 23.6465 8.0123 6.2285
2 24 11.9513 -0.6802 2.051 11.9514 -0.1845 -2.1374
2 24 14.0617 1.021 -2.9455 11.9514 -0.1845 -2.1374
2 24 19.8104 8.0176 -10.1556 17.9893 8.0116 -13.7518
2 24 27.523 8.0174 5.2695 28.2842 8.0112 6.784
2 24 15.4496 8.0177 -13.1463 16.0782 8.0177 -11.6287
2 24 9.3678 1.7145 -18.0566 7.8818 0.5411 -17.86
2 24 6.2937 1.7378 -26.2303 4.8354 0.4015 -26.2307
2 24 5.9213 -0.8308 -17.0467 7.8818 0.5411 -17.86
2 24 3.5526 -0.5831 -26.2309 4.8354 0.4015 -26.2307
2 24 2.9455 -2.562 -14.0681 2.0281 -3.0623 -11.9539
2 24 1.2519 -2.0232 -26.2313 0.1088 -2.627 -26.2317
2 24 2.031 8.0128 -11.9554 2.0281 -3.0623 -11.9539
2 24 -1.3244 -3.974 -11.9549 2.0281 -3.0623 -11.9539
2 24 -1.3801 -3.2904 -26.2319 -6.2381 -4.6078 -26.2339
2 24 -6.2381 -4.6078 -26.2339 -6.2368 -4.6079 -11.9526
2 24 -1.3244 -3.974 -11.9549 -6.2368 -4.6079 -11.9526
2 24 2.0281 -3.0623 -11.9539 2.031 8.0128 -11.9554
2 24 2.9455 -2.562 -14.0681 2.0281 -3.0623 -11.9539
2 24 2.9495 8.0177 -14.0706 2.031 8.0128 -11.9554
2 24 -6.2356 8.0144 -11.9519 2.031 8.0128 -11.9554
2 24 -6.2381 -4.6078 -26.2339 -6.2356 8.0144 -26.2356
2 24 -6.2381 -4.6078 -26.2339 -6.2368 -4.6079 -11.9526
2 24 -6.2356 8.0144 -26.2356 -6.2356 8.0144 -11.9519
2 24 -6.2368 -4.6079 -11.9526 -6.2356 8.0144 -11.9519
2 24 -6.2381 -4.6078 -26.2339 -1.3801 -3.2904 -26.2319
2 24 -6.2381 -4.6078 -26.2339 -6.2356 8.0144 -26.2356
2 24 -1.3801 -3.2904 -26.2319 0.1088 -2.627 -26.2317
2 24 0.1088 -2.627 -26.2317 1.2519 -2.0232 -26.2313
2 24 4.8354 0.4015 -26.2307 3.5526 -0.5831 -26.2309
2 24 6.2937 1.7378 -26.2303 4.8354 0.4015 -26.2307
2 24 3.5526 -0.5831 -26.2309 2.5433 -1.272 -26.2311
2 24 7.4831 8.0128 -26.232 -6.2356 8.0144 -26.2356
2 24 23.7701 8.0177 10.0177 28.2766 8.0144 10.0144
2 24 28.2842 8.0112 6.784 28.2766 8.0144 10.0144
2 24 10.002 8.0144 10.0144 23.7701 8.0177 10.0177
2 24 23.9115 0.0296 10.0159 28.2817 2.2958 10.0103
2 24 1.2519 -2.0232 -26.2313 2.5433 -1.272 -26.2311
2 24 10.0009 -0.2937 -1.8841 10.003 -0.2923 -4.6118
2 24 7.8931 -0.29 -2.1361 10.0009 -0.2937 -1.8841
2 24 8.3956 -0.2896 -4.7453 10.003 -0.2923 -4.6118
2 24 2.0155 -4.7284 6.2288 -6.2356 -4.7256 6.2356
2 24 2.0132 -3.8471 6.2294 2.0155 -4.7284 6.2288
2 24 -6.2356 0.0144 6.2356 -6.2356 -4.7256 6.2356
2 24 7.8931 -0.29 -2.1361 10.0009 -0.2937 -1.8841
2 24 10.0009 -0.2937 -1.8841 9.9982 -0.9268 -1.8802
2 24 7.8866 -1.8466 -2.1367 9.9982 -0.9268 -1.8802
2 24 16.9373 2.7724 -5.763 17.2223 2.7693 -6.3073
2 24 17.0497 8.0177 -5.9282 17.3293 8.0122 -6.4785
2 24 18.672 3.6896 -6.4521 18.8441 3.1734 -6.1316
2 24 21.0782 3.71 -7.6197 21.2551 3.2 -7.302
2 24 21.0782 3.71 -7.6197 21.0153 4.3703 -7.7457
2 24 18.672 3.6896 -6.4521 18.6095 4.3708 -6.5776
2 24 18.6095 4.3708 -6.5776 18.5299 6.4792 -6.7375
2 24 21.0153 4.3703 -7.7457 20.9354 6.478 -7.9054
2 24 18.5299 6.4792 -6.7375 18.3095 7.5285 -7.1942
2 24 20.9354 6.478 -7.9054 20.7068 7.5305 -8.3628
2 24 17.9051 8.0227 -7.4257 18.3095 7.5285 -7.1942
2 24 20.208 8.0218 -9.3461 20.7068 7.5305 -8.3628
2 24 24.2359 3.2813 4.5685 24.4154 3.7305 4.8873
2 24 26.6092 3.1794 3.4675 26.7838 3.6867 3.7905
2 24 26.7838 3.6867 3.7905 26.8512 4.3735 3.9256
2 24 24.4154 3.7305 4.8873 24.4813 4.3741 5.0225
2 24 24.4813 4.3741 5.0225 24.5705 6.6617 5.1995
2 24 26.8512 4.3735 3.9256 26.9399 6.6603 4.1031
2 24 24.5705 6.6617 5.1995 24.7794 7.5668 5.6029
2 24 26.9399 6.6603 4.1031 27.1372 7.57 4.5118
2 24 27.523 8.0174 5.2695 27.1372 7.57 4.5118
2 24 24.5888 8.0249 6.0834 24.7794 7.5668 5.6029
2 24 26.0196 2.8893 3.0663 25.5316 2.757 2.6067
2 24 24.2359 3.2813 4.5685 23.9094 2.9467 4.0347
2 24 26.6092 3.1794 3.4675 26.0196 2.8893 3.0663
2 24 21.3619 2.7575 -5.9267 21.2166 2.8803 -6.5414
2 24 19.43 2.8276 -5.061 19.1703 2.918 -5.5651
2 24 21.2551 3.2 -7.302 21.2166 2.8803 -6.5414
2 24 18.8441 3.1734 -6.1316 19.1703 2.918 -5.5651
2 24 23.1013 8.0177 6.2323 23.6465 8.0123 6.2285
2 24 23.0976 2.7724 6.2388 23.6376 2.7688 6.239
2 24 17.3293 8.0122 -6.4785 17.6152 8.0196 -6.9504
2 24 17.8526 6.4437 -6.8314 17.896 3.7339 -6.6449
2 24 17.2223 2.7693 -6.3073 18.1196 2.8431 -6.1941
2 24 17.6152 8.0196 -6.9504 18.3095 7.5285 -7.1942
2 24 18.3095 7.5285 -7.1942 17.9051 8.0227 -7.4257
2 24 17.6152 8.0196 -6.9504 17.9051 8.0227 -7.4257
2 24 18.6095 4.3708 -6.5776 18.5299 6.4792 -6.7375
2 24 18.6095 4.3708 -6.5776 18.672 3.6896 -6.4521
2 24 19.1703 2.918 -5.5651 18.8441 3.1734 -6.1316
2 24 18.1196 2.8431 -6.1941 19.1703 2.918 -5.5651
2 24 18.672 3.6896 -6.4521 18.8441 3.1734 -6.1316
2 24 17.9051 8.0227 -7.4257 17.6152 8.0196 -6.9504
2 24 24.7794 7.5668 5.6029 24.5705 6.6617 5.1995
2 24 24.5705 6.6617 5.1995 24.4813 4.3741 5.0225
2 24 24.4813 4.3741 5.0225 24.4154 3.7305 4.8873
2 24 24.4154 3.7305 4.8873 24.2359 3.2813 4.5685
2 24 23.8662 2.857 5.2541 23.9094 2.9467 4.0347
2 24 24.2359 3.2813 4.5685 23.9094 2.9467 4.0347
2 24 23.6465 8.0123 6.2285 24.149 8.0207 6.1515
2 24 23.6376 2.7688 6.239 23.8662 2.857 5.2541
2 24 24.149 8.0207 6.1515 23.6465 8.0123 6.2285
2 24 16.9373 2.7724 -5.763 17.2223 2.7693 -6.3073
2 24 23.0976 2.7724 6.2388 23.6376 2.7688 6.239
2 24 23.9094 2.9467 4.0347 23.8662 2.857 5.2541
2 24 23.6376 2.7688 6.239 23.8662 2.857 5.2541
2 24 3.26 -0.2897 -5.525 2.7969 -0.2897 -6.2981
2 24 3.0073 -2.909 -5.6306 2.703 -3.0614 -6.339
2 24 2.1361 -0.2899 -7.8935 2.7969 -0.2897 -6.2981
2 24 2.1335 -3.2725 -7.894 2.703 -3.0614 -6.339
2 24 2.1335 -3.2725 -7.894 2.703 -3.0614 -6.339
2 24 4.9631 -2.5913 -8.4998 4.7209 -2.5007 -10.0093
2 24 4.7209 -2.5007 -10.0093 4.6398 -0.2922 -9.987
2 24 4.8391 -0.2895 -8.4627 4.6398 -0.2922 -9.987
2 24 4.9631 -2.5913 -8.4998 5.3511 -2.5741 -7.3346
2 24 4.8391 -0.2895 -8.4627 5.1915 -0.2893 -7.2856
2 24 5.3511 -2.5741 -7.3346 6.2101 -2.3466 -6.1959
2 24 5.1915 -0.2893 -7.2856 6.0708 -0.2894 -6.1523
2 24 6.2101 -2.3466 -6.1959 7.3701 -1.9603 -5.2598
2 24 6.0708 -0.2894 -6.1523 7.2693 -0.2895 -5.2275
2 24 8.4844 -1.5344 -4.7736 10.0471 -0.866 -4.6359
2 24 8.3956 -0.2896 -4.7453 10.003 -0.2923 -4.6118
2 24 10.0471 -0.866 -4.6359 10.003 -0.2923 -4.6118
2 24 7.3701 -1.9603 -5.2598 8.4844 -1.5344 -4.7736
2 24 7.2693 -0.2895 -5.2275 8.3956 -0.2896 -4.7453
2 24 8.4844 -1.5344 -4.7736 10.0471 -0.866 -4.6359
2 24 9.9737 -0.1945 -9.9667 10.0471 -0.866 -4.6359
2 24 5.3511 -2.5741 -7.3346 6.2101 -2.3466 -6.1959
2 24 4.7209 -2.5007 -10.0093 4.9631 -2.5913 -8.4998
2 24 9.9737 -0.1945 -9.9667 4.7209 -2.5007 -10.0093
2 24 6.2101 -2.3466 -6.1959 7.3701 -1.9603 -5.2598
2 24 8.4844 -1.5344 -4.7736 7.3701 -1.9603 -5.2598
2 24 5.3511 -2.5741 -7.3346 4.9631 -2.5913 -8.4998
2 24 13.869 5.8427 -21.9512 13.8666 8.0115 -21.9739
2 24 13.5438 8.0191 -19.7826 13.8666 8.0115 -21.9739
2 24 14.0467 3.2467 -21.6597 15.6143 2.7348 -17.6832
2 24 17.8781 3.4692 -13.9885 17.9924 5.8389 -13.7525
2 24 19.5771 3.2062 -10.5461 17.8781 3.4692 -13.9885
2 24 15.6143 2.7348 -17.6832 17.8781 3.4692 -13.9885
2 24 10.0116 8.0127 -30.0182 10.0165 3.1938 -30.0177
2 24 13.869 5.8427 -21.9512 14.0467 3.2467 -21.6597
2 24 10.0165 3.1938 -30.0177 14.0467 3.2467 -21.6597
2 24 13.869 5.8427 -21.9512 14.0467 3.2467 -21.6597
2 24 16.0222 8.0191 -14.8257 17.9893 8.0116 -13.7518
2 24 17.9924 5.8389 -13.7525 17.9893 8.0116 -13.7518
2 24 17.9924 5.8389 -13.7525 17.9893 8.0116 -13.7518
2 24 19.8104 8.0176 -10.1556 17.9893 8.0116 -13.7518
2 24 17.8781 3.4692 -13.9885 19.5771 3.2062 -10.5461
2 24 17.9924 5.8389 -13.7525 17.8781 3.4692 -13.9885
2 24 9.9783 8.0176 -18.298 9.3779 8.0179 -18.0591
2 24 10.457 8.0174 -19.3487 10.3845 8.0109 -18.7178
2 24 10.4962 3.2617 -19.333 10.4191 2.9205 -18.678
2 24 10.3845 8.0109 -18.7178 9.9783 8.0176 -18.298
2 24 10.4191 2.9205 -18.678 10.0018 2.2649 -18.2913
2 24 10.1796 8.0175 -19.9955 7.4831 8.0128 -26.232
2 24 7.4831 8.0128 -26.232 7.4782 3.0283 -26.2326
2 24 10.2142 3.2402 -19.9813 7.4782 3.0283 -26.2326
2 24 9.3678 1.7145 -18.0566 10.0018 2.2649 -18.2913
2 24 9.3779 8.0179 -18.0591 9.9783 8.0176 -18.298
2 24 10.3845 8.0109 -18.7178 10.457 8.0174 -19.3487
2 24 10.457 8.0174 -19.3487 10.1796 8.0175 -19.9955
2 24 10.4962 3.2617 -19.333 10.2142 3.2402 -19.9813
2 24 10.457 8.0174 -19.3487 10.1796 8.0175 -19.9955
2 24 10.002 8.0144 10.0144 10.002 8.0144 -9.9856
2 24 10.0009 -0.2937 -1.8841 10.003 -0.2923 -4.6118
2 24 -6.2356 0.0144 6.2356 10.002 0.0144 6.2356
2 24 10.002 0.0144 6.2356 10.002 0.0144 10.0144
2 24 -10.0144 0.0144 10.0144 10.002 0.0144 10.0144
2 24 2.031 8.0128 -11.9554 -6.2356 8.0144 -11.9519
2 24 -10.0144 8.0144 -9.9856 -10.0144 8.0144 -30.0144
2 24 -10.0144 0.0144 -9.9856 -10.0144 8.0144 -9.9856
2 24 -10.0131 -7.9911 -30.0152 -10.0144 8.0144 -30.0144
2 24 24.149 8.0207 6.1515 24.5888 8.0249 6.0834
2 24 24.7794 7.5668 5.6029 24.5888 8.0249 6.0834
2 24 18.3095 7.5285 -7.1942 18.5299 6.4792 -6.7375
2 24 27.1372 7.57 4.5118 26.9399 6.6603 4.1031
2 24 26.7838 3.6867 3.7905 26.6092 3.1794 3.4675
2 24 28.2854 3.1919 6.7835 26.6092 3.1794 3.4675
2 24 26.0196 2.8893 3.0663 25.5316 2.757 2.6067
2 24 21.2166 2.8803 -6.5414 21.2551 3.2 -7.302
2 24 19.5771 3.2062 -10.5461 21.2551 3.2 -7.302
2 24 21.0782 3.71 -7.6197 21.0153 4.3703 -7.7457
2 24 20.7068 7.5305 -8.3628 20.208 8.0218 -9.3461
2 24 7.6546 0.2047 -30.0199 10.0165 3.1938 -30.0177
2 24 14.0467 3.2467 -21.6597 10.0165 3.1938 -30.0177
2 24 3.9201 8.0173 -11.9469 11.9519 8.0144 -11.9519
2 24 10.002 8.0144 -9.9856 10.002 8.0144 10.0144
2 24 11.9551 8.013 -2.1411 11.9519 8.0144 6.2356
2 24 6.2924 -2.3967 -2.7978 7.8866 -1.8466 -2.1367
2 24 1.5291 -3.5135 -6.2131 3.0073 -2.909 -5.6306
2 24 2.703 -3.0614 -6.339 3.0073 -2.909 -5.6306
2 24 3.26 -0.2897 -5.525 4.243 -0.29 -4.2436
2 24 5.2597 -0.2899 -3.4178 4.243 -0.29 -4.2436
2 24 -6.2356 0.0144 -9.9856 -6.2356 0.0144 6.2356
2 24 -6.2356 0.0144 6.2356 -6.2356 -4.7256 6.2356
2 24 -6.2409 -4.7192 -6.3771 -6.2356 -4.7256 6.2356
2 24 -6.2356 0.0144 -9.9856 -6.2368 -4.725 -9.9849
2 24 -6.2335 -4.7212 -7.9205 -6.2368 -4.725 -9.9849
2 24 10.002 0.0144 6.2356 9.9988 -1.7921 6.2377
2 24 7.0453 -2.7019 6.2328 9.9988 -1.7921 6.2377
2 24 18.7787 -2.2852 10.0165 13.4833 -4.1977 10.0169
2 24 -10.0138 -7.9938 10.0148 -2.7959 -7.5251 10.0176
2 24 -10.0144 0.0144 10.0144 -10.0138 -7.9938 10.0148
2 24 28.2817 2.2958 10.0103 28.2766 8.0144 10.0144
2 24 23.7701 8.0177 10.0177 28.2766 8.0144 10.0144
2 24 17.2223 2.7693 -6.3073 18.1196 2.8431 -6.1941
2 24 18.1196 2.8431 -6.1941 19.1703 2.918 -5.5651
2 24 19.43 2.8276 -5.061 19.1703 2.918 -5.5651
2 24 13.1393 0.83 -4.5472 11.9416 0.1235 -4.0693
2 24 11.9467 1.7797 -11.9537 11.9416 0.1235 -4.0693
2 24 14.4431 1.7809 -5.5468 15.4437 2.756 -6.8498
2 24 6.8457 -0.6153 -15.446 5.5436 -1.4375 -14.4465
2 24 4.5436 -2.0101 -13.142 5.5436 -1.4375 -14.4465
2 24 -6.2356 8.0144 -26.2356 -6.2356 8.0144 -11.9519
2 24 -10.0144 8.0144 -9.9856 -10.0144 8.0144 -30.0144
2 24 6.2937 1.7378 -26.2303 7.4782 3.0283 -26.2326
2 24 7.4782 3.0283 -26.2326 10.2142 3.2402 -19.9813
2 24 6.0307 -4.7223 2.0356 6.4329 -4.7223 -0.1423
2 24 6.4329 -4.7223 -0.1423 5.4487 -4.7284 -3.2596
2 24 4.2435 -4.7223 -4.2431 5.4487 -4.7284 -3.2596
2 24 2.9961 -4.7286 -5.6476 1.5343 -4.7223 -6.2126
2 24 4.4309 -4.7223 4.6126 2.0155 -4.7284 6.2288
2 24 4.2435 -4.7223 -4.2431 2.9961 -4.7286 -5.6476
2 24 6.0307 -4.7223 2.0356 4.4309 -4.7223 4.6126
2 24 -6.2409 -4.7192 -6.3771 -6.2356 -4.7256 6.2356
2 24 -2.0305 -4.7223 -6.372 -6.2409 -4.7192 -6.3771
2 24 1.5343 -4.7223 -6.2126 -0.0509 -4.7222 -6.3715
2 24 2.0155 -4.7284 6.2288 -6.2356 -4.7256 6.2356
2 24 -2.0305 -4.7223 -6.372 -0.0509 -4.7222 -6.3715
2 24 10.4191 2.9205 -18.678 10.4962 3.2617 -19.333
2 24 10.2142 3.2402 -19.9813 10.4962 3.2617 -19.333
2 24 9.3678 1.7145 -18.0566 10.0018 2.2649 -18.2913
2 24 10.4191 2.9205 -18.678 10.0018 2.2649 -18.2913
2 24 10.0116 8.0127 -30.0182 13.8666 8.0115 -21.9739
2 24 7.4831 8.0128 -26.232 10.1796 8.0175 -19.9955
2 24 13.5438 8.0191 -19.7826 13.8666 8.0115 -21.9739
2 24 14.0467 3.2467 -21.6597 15.6143 2.7348 -17.6832
2 24 13.5438 8.0191 -19.7826 14.2382 8.0194 -17.0318
2 24 16.0222 8.0191 -14.8257 14.2382 8.0194 -17.0318
2 24 17.8781 3.4692 -13.9885 15.6143 2.7348 -17.6832
2 24 3.5334 -6.7183 10.0174 8.7691 -5.518 10.0172
2 24 -2.0173 -6.475 -30.0181 0.6106 -5.2731 -30.0184
2 24 2.9041 -3.9811 -30.0188 0.6106 -5.2731 -30.0184
2 24 13.4833 -4.1977 10.0169 8.7691 -5.518 10.0172
2 24 3.5334 -6.7183 10.0174 -2.7959 -7.5251 10.0176
2 24 8.7691 -5.518 10.0172 13.4833 -4.1977 10.0169
2 24 -10.0131 -7.9911 -30.0152 -10.0144 8.0144 -30.0144
2 24 -5.4064 -7.3557 -30.0178 -10.0131 -7.9911 -30.0152
2 24 -2.0173 -6.475 -30.0181 0.6106 -5.2731 -30.0184
2 24 -5.4064 -7.3557 -30.0178 -2.0173 -6.475 -30.0181
2 24 5.434 -2.0627 -30.0193 2.9041 -3.9811 -30.0188
2 24 0.6106 -5.2731 -30.0184 2.9041 -3.9811 -30.0188
2 24 10.0165 3.1938 -30.0177 7.6546 0.2047 -30.0199
2 24 5.434 -2.0627 -30.0193 7.6546 0.2047 -30.0199
2 24 10.0165 3.1938 -30.0177 10.0116 8.0127 -30.0182
2 24 -10.0144 8.0144 -30.0144 10.0116 8.0127 -30.0182
2 24 -10.0138 -7.9938 10.0148 -10.0144 0.0144 10.0144
2 24 -10.017 -7.9971 6.4836 -10.0138 -7.9938 10.0148
2 24 -10.0169 -7.9962 -8.4981 -10.017 -7.9966 -1.0073
2 24 -10.0144 0.0144 -9.9856 -10.0144 0.0144 10.0144
2 24 -10.0168 -7.9959 -12.9162 -10.0169 -7.9962 -8.4981
2 24 13.869 5.8427 -21.9512 13.8666 8.0115 -21.9739
2 24 10.0116 8.0127 -30.0182 13.8666 8.0115 -21.9739
2 24 -2.033 -4.1858 -9.9823 -0.0959 -3.8554 -9.9823
2 24 -2.033 -4.1858 -9.9823 -6.2368 -4.725 -9.9849
2 24 -6.2356 0.0144 -9.9856 -6.2368 -4.725 -9.9849
2 24 1.8929 -3.2361 -9.9854 1.0792 -3.5128 -9.9821
2 24 -0.0959 -3.8554 -9.9823 1.0792 -3.5128 -9.9821
2 24 1.8955 -0.2937 -9.9845 1.8929 -3.2361 -9.9854
2 24 11.9483 -1.1877 6.2342 11.9513 -0.6802 2.051
2 24 23.4465 2.7573 -1.6606 25.5316 2.757 2.6067
2 24 23.4465 2.7573 -1.6606 25.5316 2.757 2.6067
2 24 -10.017 -7.9966 -1.0073 -10.017 -7.9971 6.4836
2 24 -10.017 -7.9971 6.4836 -10.017 -7.9966 -1.0073
2 24 11.9513 -0.6802 2.051 11.9514 -0.1845 -2.1374
2 24 11.9581 3.5633 -2.1391 11.9514 -0.1845 -2.1374
0 STEP
