0 Untitled Model
0 Name: Untitled Model
0 Author: 
0 BFC CERTIFY CCW
3 16 37.3276 0.0182 34.2307 35.5244 0.0182 33.1894 34.2304 0.0182 37.3278 0.7994 0.8527 0.8105 0.8497 0.8117 0.8739
3 16 34.2304 0.0182 37.3278 35.5244 0.0182 33.1894 33.1897 0.0182 35.5242 0.8117 0.8739 0.8105 0.8497 0.8198 0.8658
3 16 34.2304 0.0182 37.3278 33.1897 0.0182 35.5242 29.9997 0.0182 38.4612 0.8117 0.8739 0.8198 0.8658 0.8329 0.8861
3 16 29.9997 0.0182 38.4612 33.1897 0.0182 35.5242 30.0003 0.0182 36.379 0.8329 0.8861 0.8198 0.8658 0.8358 0.8751
3 16 29.9997 0.0182 38.4612 30.0003 0.0182 36.379 25.7692 0.0182 37.3276 0.8329 0.8861 0.8358 0.8751 0.8573 0.8861
3 16 25.7692 0.0182 37.3276 30.0003 0.0182 36.379 26.8107 0.0182 35.5244 0.8573 0.8861 0.8358 0.8751 0.8544 0.8751
3 16 25.7692 0.0182 37.3276 26.8107 0.0182 35.5244 22.6723 0.0182 34.2305 0.8573 0.8861 0.8544 0.8751 0.8785 0.8739
3 16 22.6723 0.0182 34.2305 26.8107 0.0182 35.5244 24.4757 0.0182 33.1896 0.8785 0.8739 0.8544 0.8751 0.8704 0.8658
3 16 22.6723 0.0182 34.2305 24.4757 0.0182 33.1896 21.5341 0.0117 30 0.8785 0.8739 0.8704 0.8658 0.8908 0.8527
3 16 21.5341 0.0117 30 24.4757 0.0182 33.1896 23.6257 0.0117 30 0.8908 0.8527 0.8704 0.8658 0.8797 0.8497
3 16 21.5341 0.0117 30 23.6257 0.0117 30 22.6723 0.0182 25.7696 0.8908 0.8527 0.8797 0.8497 0.8908 0.8282
3 16 22.6723 0.0182 25.7696 23.6257 0.0117 30 24.4757 0.0182 26.8104 0.8908 0.8282 0.8797 0.8497 0.8797 0.8312
3 16 22.6723 0.0182 25.7696 24.4757 0.0182 26.8104 25.7692 0.0182 22.6725 0.8908 0.8282 0.8797 0.8312 0.8785 0.807
3 16 25.7692 0.0182 22.6725 24.4757 0.0182 26.8104 26.8107 0.0182 24.4756 0.8785 0.807 0.8797 0.8312 0.8704 0.8151
3 16 25.7692 0.0182 22.6725 26.8107 0.0182 24.4756 29.9997 0.0182 21.5388 0.8785 0.807 0.8704 0.8151 0.8573 0.7948
3 16 29.9997 0.0182 21.5388 26.8107 0.0182 24.4756 30.0003 0.0182 23.6211 0.8573 0.7948 0.8704 0.8151 0.8544 0.8059
3 16 29.9997 0.0182 21.5388 30.0003 0.0182 23.6211 34.2304 0.0182 22.6722 0.8573 0.7948 0.8544 0.8059 0.8329 0.7948
3 16 34.2304 0.0182 22.6722 30.0003 0.0182 23.6211 33.1897 0.0182 24.4758 0.8329 0.7948 0.8544 0.8059 0.8358 0.8059
3 16 34.2304 0.0182 22.6722 33.1897 0.0182 24.4758 37.3276 0.0182 25.7693 0.8329 0.7948 0.8358 0.8059 0.8117 0.807
3 16 37.3276 0.0182 25.7693 33.1897 0.0182 24.4758 35.5244 0.0182 26.8106 0.8117 0.807 0.8358 0.8059 0.8198 0.8151
3 16 37.3276 0.0182 25.7693 35.5244 0.0182 26.8106 38.4612 0.0182 30 0.8117 0.807 0.8198 0.8151 0.7994 0.8282
3 16 38.4612 0.0182 30 35.5244 0.0182 26.8106 36.379 0.0182 30 0.7994 0.8282 0.8198 0.8151 0.8105 0.8312
3 16 38.4612 0.0182 30 36.379 0.0182 30 37.3276 0.0182 34.2307 0.7994 0.8282 0.8105 0.8312 0.7994 0.8527
3 16 37.3276 0.0182 34.2307 36.379 0.0182 30 35.5244 0.0182 33.1894 0.7994 0.8527 0.8105 0.8312 0.8105 0.8497
3 16 35.5244 0.0182 33.1894 35.5195 -9.2496 33.1904 33.1897 0.0182 35.5242 0.1691 0.806 0.1691 0.8578 0.1505 0.806
3 16 33.1897 0.0182 35.5242 35.5195 -9.2496 33.1904 33.1833 -10.761 35.5252 0.1505 0.806 0.1691 0.8578 0.1505 0.8663
3 16 33.1897 0.0182 35.5242 33.1833 -10.761 35.5252 30.0003 0.0182 36.379 0.1505 0.806 0.1505 0.8663 0.132 0.806
3 16 30.0003 0.0182 36.379 33.1833 -10.761 35.5252 29.9934 -12.5991 36.3786 0.132 0.806 0.1505 0.8663 0.132 0.8766
3 16 30.0003 0.0182 36.379 29.9934 -12.5991 36.3786 26.8107 0.0182 35.5244 0.132 0.806 0.132 0.8766 0.1134 0.806
3 16 26.8107 0.0182 35.5244 29.9934 -12.5991 36.3786 26.805 -14.0658 35.5232 0.1134 0.806 0.132 0.8766 0.1134 0.8848
3 16 26.8107 0.0182 35.5244 26.805 -14.0658 35.5232 24.4757 0.0182 33.1896 0.1134 0.806 0.1134 0.8848 0.0949 0.806
3 16 24.4757 0.0182 33.1896 26.805 -14.0658 35.5232 24.4714 -14.9367 33.1885 0.0949 0.806 0.1134 0.8848 0.0949 0.8897
3 16 24.4757 0.0182 33.1896 24.4714 -14.9367 33.1885 23.6257 0.0117 30 0.0949 0.806 0.0949 0.8897 0.0764 0.806
3 16 23.6257 0.0117 30 24.4714 -14.9367 33.1885 23.6251 -15.2751 30 0.0764 0.806 0.0949 0.8897 0.0764 0.8916
3 16 24.4757 0.0182 26.8104 23.6257 0.0117 30 24.4714 -14.9289 26.8116 0.2803 0.806 0.2988 0.806 0.2803 0.8897
3 16 24.4714 -14.9289 26.8116 23.6257 0.0117 30 23.6251 -15.2751 30 0.2803 0.8897 0.2988 0.806 0.2988 0.8916
3 16 26.8107 0.0182 24.4756 24.4757 0.0182 26.8104 26.805 -14.0657 24.4768 0.2618 0.806 0.2803 0.806 0.2618 0.8848
3 16 26.805 -14.0657 24.4768 24.4757 0.0182 26.8104 24.4714 -14.9289 26.8116 0.2618 0.8848 0.2803 0.806 0.2803 0.8897
3 16 30.0003 0.0182 23.6211 26.8107 0.0182 24.4756 29.9934 -12.5991 23.6214 0.2432 0.806 0.2618 0.806 0.2432 0.8766
3 16 29.9934 -12.5991 23.6214 26.8107 0.0182 24.4756 26.805 -14.0657 24.4768 0.2432 0.8766 0.2618 0.806 0.2618 0.8848
3 16 33.1897 0.0182 24.4758 30.0003 0.0182 23.6211 33.1833 -10.761 24.4748 0.2247 0.806 0.2432 0.806 0.2247 0.8663
3 16 33.1833 -10.761 24.4748 30.0003 0.0182 23.6211 29.9934 -12.5991 23.6214 0.2247 0.8663 0.2432 0.806 0.2432 0.8766
3 16 35.5244 0.0182 26.8106 33.1897 0.0182 24.4758 35.5195 -9.2496 26.8096 0.2061 0.806 0.2247 0.806 0.2061 0.8578
3 16 35.5195 -9.2496 26.8096 33.1897 0.0182 24.4758 33.1833 -10.761 24.4748 0.2061 0.8578 0.2247 0.806 0.2247 0.8663
3 16 36.379 0.0182 30 35.5244 0.0182 26.8106 36.3748 -8.6537 30 0.1876 0.806 0.2061 0.806 0.1876 0.8545
3 16 36.3748 -8.6537 30 35.5244 0.0182 26.8106 35.5195 -9.2496 26.8096 0.1876 0.8545 0.2061 0.806 0.2061 0.8578
3 16 36.379 0.0182 30 36.3748 -8.6537 30 35.5244 0.0182 33.1894 0.1876 0.806 0.1876 0.8545 0.1691 0.806
3 16 35.5244 0.0182 33.1894 36.3748 -8.6537 30 35.5195 -9.2496 33.1904 0.1691 0.806 0.1876 0.8545 0.1691 0.8578
3 16 45.5076 -4.4002 42.9078 44.6082 -4.98 44.2012 46.2297 -3.9245 48.0772 0.1306 0.3844 0.1236 0.3905 0.1017 0.3797
3 16 46.2297 -3.9245 48.0772 44.6082 -4.98 44.2012 43.0324 -5.9733 48.2899 0.1017 0.3797 0.1236 0.3905 0.1006 0.4008
3 16 46.0522 -4.0399 41.4717 45.5076 -4.4002 42.9078 46.2297 -3.9245 48.0772 0.1386 0.3807 0.1306 0.3844 0.1017 0.3797
3 16 46.2281 -3.9225 40 46.0522 -4.0399 41.4717 46.2297 -3.9245 48.0772 0.1468 0.3795 0.1386 0.3807 0.1017 0.3797
3 16 45.9516 -4.9818 38.382 46.1649 -4.9817 39.8167 46.0525 -4.0395 38.5335 0.8416 0.2265 0.8498 0.2266 0.8425 0.2318
3 16 46.0525 -4.0395 38.5335 46.1649 -4.9817 39.8167 46.2281 -3.9225 40 0.8425 0.2318 0.8498 0.2266 0.8508 0.2325
3 16 45.6316 -4.9822 42.6696 44.6082 -4.98 44.2012 45.5076 -4.4002 42.9078 0.8662 0.2264 0.8765 0.2262 0.8677 0.2296
3 16 45.6315 -4.9824 37.3306 45.5074 -4.4001 37.0906 44.6083 -4.98 35.7989 0.8354 0.2264 0.8339 0.2296 0.8251 0.2262
3 16 46.1649 -4.9817 39.8167 45.9516 -4.9818 38.382 44.6158 -4.9758 40.0001 0.5343 0.4282 0.5424 0.4294 0.5333 0.437
3 16 44.6158 -4.9758 40.0001 45.9516 -4.9818 38.382 45.6315 -4.9824 37.3306 0.5333 0.437 0.5424 0.4294 0.5483 0.4312
3 16 45.6315 -4.9824 37.3306 45.9516 -4.9818 38.382 45.5074 -4.4001 37.0906 0.8354 0.2264 0.8416 0.2265 0.8339 0.2296
3 16 45.5074 -4.4001 37.0906 45.9516 -4.9818 38.382 46.0525 -4.0395 38.5335 0.8339 0.2296 0.8416 0.2265 0.8425 0.2318
3 16 46.0525 -4.0395 38.5335 46.1378 -3.9828 30 45.5074 -4.4001 37.0906 0.156 0.3807 0.2027 0.382 0.1636 0.3847
3 16 45.5074 -4.4001 37.0906 46.1378 -3.9828 30 45.5144 -4.3917 30 0.1636 0.3847 0.2027 0.382 0.2027 0.3862
3 16 44.6096 -4.9784 30 44.6083 -4.98 35.7989 45.5144 -4.3917 30 0.2027 0.3921 0.1703 0.3911 0.2027 0.3862
3 16 45.5144 -4.3917 30 44.6083 -4.98 35.7989 45.5074 -4.4001 37.0906 0.2027 0.3862 0.1703 0.3911 0.1636 0.3847
3 16 44.6082 -4.98 44.2012 37.1765 -9.2789 45.8616 43.0324 -5.9733 48.2899 0.1236 0.3905 0.1139 0.4381 0.1006 0.4008
3 16 43.0324 -5.9733 48.2899 37.1765 -9.2789 45.8616 37.8313 -8.9574 48.32 0.1006 0.4008 0.1139 0.4381 0.1 0.4334
3 16 34.1497 -10.7552 42.8376 37.1765 -9.2789 45.8616 34.2214 -10.7573 37.3301 0.1308 0.4573 0.1139 0.4381 0.1591 0.4576
3 16 34.2214 -10.7573 37.3301 37.1765 -9.2789 45.8616 37.3203 -9.0927 34.2344 0.1591 0.4576 0.1139 0.4381 0.1779 0.4349
3 16 30.0184 -12.7095 41.7281 29.9924 -12.5992 38.4613 25.8852 -14.2893 42.8425 0.1377 0.4834 0.1534 0.4837 0.1301 0.5095
3 16 25.8852 -14.2893 42.8425 29.9924 -12.5992 38.4613 25.7635 -13.9113 37.3262 0.1301 0.5095 0.1534 0.4837 0.1589 0.5088
3 16 30.0184 -12.7095 41.7281 34.1497 -10.7552 42.8376 29.9924 -12.5992 38.4613 0.1377 0.4834 0.1308 0.4573 0.1534 0.4837
3 16 29.9924 -12.5992 38.4613 34.1497 -10.7552 42.8376 34.2214 -10.7573 37.3301 0.1534 0.4837 0.1308 0.4573 0.1591 0.4576
3 16 25.8852 -14.2893 42.8425 25.7635 -13.9113 37.3262 22.8618 -15.4508 45.8668 0.1301 0.5095 0.1589 0.5088 0.1129 0.5286
3 16 22.8618 -15.4508 45.8668 25.7635 -13.9113 37.3262 22.6689 -15.2515 34.2292 0.1129 0.5286 0.1589 0.5088 0.1773 0.5293
3 16 44.6083 -4.98 35.7989 44.6096 -4.9784 30 38.4562 -8.4949 30 0.1703 0.3911 0.2027 0.3921 0.2026 0.4298
3 16 44.6082 -4.98 44.2012 44.6158 -4.9758 40.0001 37.1765 -9.2789 45.8616 0.1236 0.3905 0.147 0.391 0.1139 0.4381
3 16 37.1765 -9.2789 45.8616 44.6158 -4.9758 40.0001 37.3203 -9.0927 34.2344 0.1139 0.4381 0.147 0.391 0.1779 0.4349
3 16 46.1649 -4.9817 39.8167 46.0582 -4.9819 41.2676 46.2281 -3.9225 40 0.8498 0.2266 0.8579 0.2265 0.8508 0.2325
3 16 46.2281 -3.9225 40 46.0582 -4.9819 41.2676 46.0522 -4.0399 41.4717 0.8508 0.2325 0.8579 0.2265 0.8591 0.2318
3 16 46.0582 -4.9819 41.2676 45.6316 -4.9822 42.6696 46.0522 -4.0399 41.4717 0.8579 0.2265 0.8662 0.2264 0.8591 0.2318
3 16 46.0522 -4.0399 41.4717 45.6316 -4.9822 42.6696 45.5076 -4.4002 42.9078 0.8591 0.2318 0.8662 0.2264 0.8677 0.2296
3 16 45.6316 -4.9822 42.6696 46.0582 -4.9819 41.2676 44.6158 -4.9758 40.0001 0.5183 0.4312 0.5262 0.4288 0.5333 0.437
3 16 44.6158 -4.9758 40.0001 46.0582 -4.9819 41.2676 46.1649 -4.9817 39.8167 0.5333 0.437 0.5262 0.4288 0.5343 0.4282
3 16 44.6158 -4.9758 40.0001 44.6082 -4.98 44.2012 45.6316 -4.9822 42.6696 0.5333 0.437 0.5097 0.437 0.5183 0.4312
3 16 44.6158 -4.9758 40.0001 45.6315 -4.9824 37.3306 44.6083 -4.98 35.7989 0.5333 0.437 0.5483 0.4312 0.5568 0.437
3 16 46.0525 -4.0395 38.5335 46.2281 -3.9225 40 46.1378 -3.9828 30 0.156 0.3807 0.1483 0.3793 0.2027 0.382
3 16 44.6158 -4.9758 40.0001 44.6083 -4.98 35.7989 37.3203 -9.0927 34.2344 0.147 0.391 0.1703 0.3911 0.1779 0.4349
3 16 37.3203 -9.0927 34.2344 44.6083 -4.98 35.7989 38.4562 -8.4949 30 0.1779 0.4349 0.1703 0.3911 0.2026 0.4298
3 16 22.1747 -15.7146 48.439 22.8618 -15.4508 45.8668 13.0075 -18.3314 48.5211 0.0985 0.535 0.1129 0.5286 0.1014 0.587
3 16 22.8618 -15.4508 45.8668 13.0149 -18.3326 30 13.0075 -18.3314 48.5211 0.1129 0.5286 0.2026 0.5834 0.1014 0.587
3 16 13.0149 -18.3326 30 22.6689 -15.2515 34.2292 21.5334 -15.7691 30 0.2026 0.5834 0.1773 0.5293 0.2023 0.5359
3 16 22.6689 -15.2515 34.2292 13.0149 -18.3326 30 22.8618 -15.4508 45.8668 0.1773 0.5293 0.2026 0.5834 0.1129 0.5286
3 16 45.5076 -4.4002 17.0922 46.2297 -3.9245 11.9228 44.6082 -4.98 15.7988 0.2743 0.3846 0.3031 0.3796 0.2814 0.3906
3 16 44.6082 -4.98 15.7988 46.2297 -3.9245 11.9228 43.0324 -5.9733 11.7101 0.2814 0.3906 0.3031 0.3796 0.3044 0.4008
3 16 46.0522 -4.0399 18.5284 46.2297 -3.9245 11.9228 45.5076 -4.4002 17.0922 0.2663 0.3809 0.3031 0.3796 0.2743 0.3846
3 16 46.2281 -3.9225 20 46.2297 -3.9245 11.9228 46.0522 -4.0399 18.5284 0.2581 0.3798 0.3031 0.3796 0.2663 0.3809
3 16 45.9516 -4.9818 21.618 46.0525 -4.0395 21.4665 46.1649 -4.9817 20.1833 0.7458 0.4856 0.7467 0.4802 0.754 0.4855
3 16 46.1649 -4.9817 20.1833 46.0525 -4.0395 21.4665 46.2281 -3.9225 20 0.754 0.4855 0.7467 0.4802 0.755 0.4795
3 16 45.6316 -4.9822 17.3304 45.5076 -4.4002 17.0922 44.6082 -4.98 15.7988 0.7704 0.4857 0.7719 0.4824 0.7807 0.4859
3 16 45.6315 -4.9824 22.6694 44.6083 -4.98 24.2012 45.5074 -4.4001 22.9095 0.7397 0.4857 0.7293 0.4859 0.7381 0.4824
3 16 45.6315 -4.9824 22.6694 45.9516 -4.9818 21.618 44.6158 -4.9758 19.9999 0.7332 0.4401 0.7391 0.4383 0.7482 0.4459
3 16 44.6158 -4.9758 19.9999 45.9516 -4.9818 21.618 46.1649 -4.9817 20.1833 0.7482 0.4459 0.7391 0.4383 0.7472 0.4371
3 16 45.6315 -4.9824 22.6694 45.5074 -4.4001 22.9095 45.9516 -4.9818 21.618 0.7397 0.4857 0.7381 0.4824 0.7458 0.4856
3 16 45.9516 -4.9818 21.618 45.5074 -4.4001 22.9095 46.0525 -4.0395 21.4665 0.7458 0.4856 0.7381 0.4824 0.7467 0.4802
3 16 46.0525 -4.0395 21.4665 45.5074 -4.4001 22.9095 46.1378 -3.9828 30 0.2493 0.381 0.2417 0.385 0.2027 0.382
3 16 46.1378 -3.9828 30 45.5074 -4.4001 22.9095 45.5144 -4.3917 30 0.2027 0.382 0.2417 0.385 0.2027 0.3862
3 16 44.6096 -4.9784 30 45.5144 -4.3917 30 44.6083 -4.98 24.2012 0.2027 0.3921 0.2027 0.3862 0.2349 0.3914
3 16 44.6083 -4.98 24.2012 45.5144 -4.3917 30 45.5074 -4.4001 22.9095 0.2349 0.3914 0.2027 0.3862 0.2417 0.385
3 16 37.8313 -8.9574 11.68 37.1769 -9.2787 14.1379 43.0324 -5.9733 11.7101 0.3051 0.4333 0.2911 0.4381 0.3044 0.4008
3 16 43.0324 -5.9733 11.7101 37.1769 -9.2787 14.1379 44.6082 -4.98 15.7988 0.3044 0.4008 0.2911 0.4381 0.2814 0.3906
3 16 34.1497 -10.7552 17.1624 34.2214 -10.7573 22.6699 37.1769 -9.2787 14.1379 0.2743 0.4574 0.246 0.4578 0.2911 0.4381
3 16 37.1769 -9.2787 14.1379 34.2214 -10.7573 22.6699 37.3203 -9.0927 25.7656 0.2911 0.4381 0.246 0.4578 0.2272 0.4352
3 16 25.7635 -13.9113 22.6738 29.9924 -12.5992 21.5387 25.8852 -14.2893 17.1575 0.2459 0.5089 0.2516 0.4838 0.2747 0.5097
3 16 25.8852 -14.2893 17.1575 29.9924 -12.5992 21.5387 30.0184 -12.7095 18.2719 0.2747 0.5097 0.2516 0.4838 0.2673 0.4835
3 16 30.0184 -12.7095 18.2719 29.9924 -12.5992 21.5387 34.1497 -10.7552 17.1624 0.2673 0.4835 0.2516 0.4838 0.2743 0.4574
3 16 34.1497 -10.7552 17.1624 29.9924 -12.5992 21.5387 34.2214 -10.7573 22.6699 0.2743 0.4574 0.2516 0.4838 0.246 0.4578
3 16 22.6689 -15.2436 25.7708 25.7635 -13.9113 22.6738 22.8618 -15.4508 14.1332 0.2272 0.5291 0.2459 0.5089 0.2918 0.5287
3 16 22.8618 -15.4508 14.1332 25.7635 -13.9113 22.6738 25.8852 -14.2893 17.1575 0.2918 0.5287 0.2459 0.5089 0.2747 0.5097
3 16 44.6083 -4.98 24.2012 38.4562 -8.4949 30 44.6096 -4.9784 30 0.2349 0.3914 0.2026 0.4298 0.2027 0.3921
3 16 37.3203 -9.0927 25.7656 44.6158 -4.9758 19.9999 37.1769 -9.2787 14.1379 0.2272 0.4352 0.258 0.3912 0.2911 0.4381
3 16 37.1769 -9.2787 14.1379 44.6158 -4.9758 19.9999 44.6082 -4.98 15.7988 0.2911 0.4381 0.258 0.3912 0.2814 0.3906
3 16 46.1649 -4.9817 20.1833 46.2281 -3.9225 20 46.0582 -4.9819 18.7324 0.754 0.4855 0.755 0.4795 0.7621 0.4856
3 16 46.0582 -4.9819 18.7324 46.2281 -3.9225 20 46.0522 -4.0399 18.5284 0.7621 0.4856 0.755 0.4795 0.7633 0.4803
3 16 45.5076 -4.4002 17.0922 45.6316 -4.9822 17.3304 46.0522 -4.0399 18.5284 0.7719 0.4824 0.7704 0.4857 0.7633 0.4803
3 16 46.0522 -4.0399 18.5284 45.6316 -4.9822 17.3304 46.0582 -4.9819 18.7324 0.7633 0.4803 0.7704 0.4857 0.7621 0.4856
3 16 45.6316 -4.9822 17.3304 44.6158 -4.9758 19.9999 46.0582 -4.9819 18.7324 0.7632 0.4401 0.7482 0.4459 0.7553 0.4377
3 16 46.0582 -4.9819 18.7324 44.6158 -4.9758 19.9999 46.1649 -4.9817 20.1833 0.7553 0.4377 0.7482 0.4459 0.7472 0.4371
3 16 44.6158 -4.9758 19.9999 45.6316 -4.9822 17.3304 44.6082 -4.98 15.7988 0.7482 0.4459 0.7632 0.4401 0.7718 0.4459
3 16 44.6158 -4.9758 19.9999 44.6083 -4.98 24.2012 45.6315 -4.9824 22.6694 0.7482 0.4459 0.7247 0.4459 0.7332 0.4401
3 16 46.0525 -4.0395 21.4665 46.1378 -3.9828 30 46.2281 -3.9225 20 0.2493 0.381 0.2027 0.382 0.257 0.3796
3 16 38.4562 -8.4949 30 44.6083 -4.98 24.2012 37.3203 -9.0927 25.7656 0.2026 0.4298 0.2349 0.3914 0.2272 0.4352
3 16 37.3203 -9.0927 25.7656 44.6083 -4.98 24.2012 44.6158 -4.9758 19.9999 0.2272 0.4352 0.2349 0.3914 0.258 0.3912
3 16 22.1747 -15.7146 11.561 13.0075 -18.3314 11.4789 22.8618 -15.4508 14.1332 0.3062 0.535 0.3033 0.5869 0.2918 0.5287
3 16 22.8618 -15.4508 14.1332 13.0075 -18.3314 11.4789 13.0149 -18.3326 30 0.2918 0.5287 0.3033 0.5869 0.2026 0.5834
3 16 13.0149 -18.3326 30 21.5334 -15.7691 30 22.6689 -15.2436 25.7708 0.2026 0.5834 0.2023 0.5359 0.2272 0.5291
3 16 22.6689 -15.2436 25.7708 22.8618 -15.4508 14.1332 13.0149 -18.3326 30 0.2272 0.5291 0.2918 0.5287 0.2026 0.5834
3 16 37.3203 -9.0927 34.2344 38.4562 -8.4949 30 37.3276 0.0182 34.2307 0.5586 0.8411 0.5328 0.8373 0.5558 0.7854
3 16 37.3276 0.0182 34.2307 38.4562 -8.4949 30 38.4612 0.0182 30 0.5558 0.7854 0.5328 0.8373 0.5332 0.7856
3 16 34.2214 -10.7573 37.3301 37.3203 -9.0927 34.2344 34.2304 0.0182 37.3278 0.5871 0.8455 0.5586 0.8411 0.5779 0.7825
3 16 34.2304 0.0182 37.3278 37.3203 -9.0927 34.2344 37.3276 0.0182 34.2307 0.5779 0.7825 0.5586 0.8411 0.5558 0.7854
3 16 29.9924 -12.5992 38.4613 34.2214 -10.7573 37.3301 29.9997 0.0182 38.4612 0.6161 0.8503 0.5871 0.8455 0.6005 0.778
3 16 29.9997 0.0182 38.4612 34.2214 -10.7573 37.3301 34.2304 0.0182 37.3278 0.6005 0.778 0.5871 0.8455 0.5779 0.7825
3 16 25.7635 -13.9113 37.3262 29.9924 -12.5992 38.4613 25.7692 0.0182 37.3276 0.6436 0.8518 0.6161 0.8503 0.6234 0.7727
3 16 25.7692 0.0182 37.3276 29.9924 -12.5992 38.4613 29.9997 0.0182 38.4612 0.6234 0.7727 0.6161 0.8503 0.6005 0.778
3 16 22.6689 -15.2515 34.2292 25.7635 -13.9113 37.3262 22.6723 0.0182 34.2305 0.6686 0.8488 0.6436 0.8518 0.6463 0.7671
3 16 22.6723 0.0182 34.2305 25.7635 -13.9113 37.3262 25.7692 0.0182 37.3276 0.6463 0.7671 0.6436 0.8518 0.6234 0.7727
3 16 21.5334 -15.7691 30 22.6689 -15.2515 34.2292 21.5341 0.0117 30 0.6939 0.8426 0.6686 0.8488 0.6693 0.7615
3 16 21.5341 0.0117 30 22.6689 -15.2515 34.2292 22.6723 0.0182 34.2305 0.6693 0.7615 0.6686 0.8488 0.6463 0.7671
3 16 38.4612 0.0182 30 38.4562 -8.4949 30 37.3276 0.0182 25.7693 0.5332 0.7856 0.5328 0.8373 0.5107 0.7849
3 16 37.3276 0.0182 25.7693 38.4562 -8.4949 30 37.3203 -9.0927 25.7656 0.5107 0.7849 0.5328 0.8373 0.507 0.8405
3 16 37.3276 0.0182 25.7693 37.3203 -9.0927 25.7656 34.2304 0.0182 22.6722 0.5107 0.7849 0.507 0.8405 0.4884 0.7815
3 16 34.2304 0.0182 22.6722 37.3203 -9.0927 25.7656 34.2214 -10.7573 22.6699 0.4884 0.7815 0.507 0.8405 0.4787 0.8444
3 16 34.2304 0.0182 22.6722 34.2214 -10.7573 22.6699 29.9997 0.0182 21.5388 0.4884 0.7815 0.4787 0.8444 0.4654 0.7767
3 16 29.9997 0.0182 21.5388 34.2214 -10.7573 22.6699 29.9924 -12.5992 21.5387 0.4654 0.7767 0.4787 0.8444 0.4501 0.849
3 16 29.9997 0.0182 21.5388 29.9924 -12.5992 21.5387 25.7692 0.0182 22.6725 0.4654 0.7767 0.4501 0.849 0.4422 0.7714
3 16 25.7692 0.0182 22.6725 29.9924 -12.5992 21.5387 25.7635 -13.9113 22.6738 0.4422 0.7714 0.4501 0.849 0.423 0.8507
3 16 25.7692 0.0182 22.6725 25.7635 -13.9113 22.6738 22.6723 0.0182 25.7696 0.4422 0.7714 0.423 0.8507 0.419 0.7662
3 16 22.6723 0.0182 25.7696 25.7635 -13.9113 22.6738 22.6689 -15.2436 25.7708 0.419 0.7662 0.423 0.8507 0.3985 0.8482
3 16 22.6723 0.0182 25.7696 22.6689 -15.2436 25.7708 21.5341 0.0117 30 0.419 0.7662 0.3985 0.8482 0.3957 0.7615
3 16 21.5341 0.0117 30 22.6689 -15.2436 25.7708 21.5334 -15.7691 30 0.3957 0.7615 0.3985 0.8482 0.3731 0.843
3 16 29.9911 -12.6155 29.995 24.4714 -14.9289 26.8116 23.6251 -15.2751 30 0.3442 0.9207 0.3073 0.9301 0.3065 0.9115
3 16 36.3748 -8.6537 30 29.9911 -12.6155 29.995 35.5195 -9.2496 33.1904 0.3851 0.9306 0.3442 0.9207 0.3837 0.9118
3 16 35.5195 -9.2496 26.8096 29.9911 -12.6155 29.995 36.3748 -8.6537 30 0.3752 0.9466 0.3442 0.9207 0.3851 0.9306
3 16 33.1833 -10.761 24.4748 29.9911 -12.6155 29.995 35.5195 -9.2496 26.8096 0.357 0.9557 0.3442 0.9207 0.3752 0.9466
3 16 29.9934 -12.5991 23.6214 29.9911 -12.6155 29.995 33.1833 -10.761 24.4748 0.3357 0.9555 0.3442 0.9207 0.357 0.9557
3 16 26.805 -14.0657 24.4768 29.9911 -12.6155 29.995 29.9934 -12.5991 23.6214 0.3177 0.9461 0.3442 0.9207 0.3357 0.9555
3 16 24.4714 -14.9289 26.8116 29.9911 -12.6155 29.995 26.805 -14.0657 24.4768 0.3073 0.9301 0.3442 0.9207 0.3177 0.9461
3 16 24.4714 -14.9367 33.1885 29.9911 -12.6155 29.995 23.6251 -15.2751 30 0.3157 0.8953 0.3442 0.9207 0.3065 0.9115
3 16 26.805 -14.0658 35.5232 29.9911 -12.6155 29.995 24.4714 -14.9367 33.1885 0.3324 0.8858 0.3442 0.9207 0.3157 0.8953
3 16 29.9934 -12.5991 36.3786 29.9911 -12.6155 29.995 26.805 -14.0658 35.5232 0.3527 0.8858 0.3442 0.9207 0.3324 0.8858
3 16 33.1833 -10.761 35.5252 29.9911 -12.6155 29.995 29.9934 -12.5991 36.3786 0.3716 0.8954 0.3442 0.9207 0.3527 0.8858
3 16 35.5195 -9.2496 33.1904 29.9911 -12.6155 29.995 33.1833 -10.761 35.5252 0.3837 0.9118 0.3442 0.9207 0.3716 0.8954
3 16 9.9823 0.0177 30 9.9871 -17.1668 10.0203 9.9852 -18.9866 11.4469 0.7491 0.6404 0.861 0.7366 0.853 0.7469
3 16 9.9856 0.0144 10.0144 1.4988 -18.8122 10.0234 5.7662 -18.0808 10.0235 0.7223 0.1316 0.7691 0.235 0.7459 0.2314
3 16 26.4025 -4.9955 57.89 34.2767 -5.0062 55.2666 26.3991 0.0126 57.8866 0.9306 0.3729 0.8842 0.373 0.9305 0.3449
3 16 34.2767 -5.0062 55.2666 42.1421 -5.0058 52.6449 26.3991 0.0126 57.8866 0.8842 0.373 0.8378 0.3731 0.9305 0.3449
3 16 26.3991 0.0126 57.8866 42.1421 -5.0058 52.6449 50.0173 0.0131 50.0124 0.9305 0.3449 0.8378 0.3731 0.7913 0.3453
3 16 42.1421 -5.0058 52.6449 50.0174 -5.0104 50.0146 50.0173 0.0131 50.0124 0.8378 0.3731 0.7913 0.3733 0.7913 0.3453
3 16 42.1421 -5.0058 52.6449 42.9043 -7.1838 51.2713 50.0174 -5.0104 50.0146 0.3844 0.2966 0.3779 0.3101 0.338 0.2963
3 16 42.9043 -7.1838 51.2713 44.2716 -8.7534 50.0121 50.0174 -5.0104 50.0146 0.3779 0.3101 0.3692 0.3186 0.338 0.2963
3 16 -10.0144 0.0144 49.9856 -10.0144 -7.9856 49.9856 -10.0111 0.0162 70.0154 0.3577 0.0098 0.3577 0.0546 0.2457 0.0098
3 16 -10.0144 -7.9856 49.9856 -10.0164 -14.5134 60.0132 -10.0111 0.0162 70.0154 0.3577 0.0546 0.3018 0.0909 0.2457 0.0098
3 16 -10.0164 -14.5134 60.0132 -10.0063 -5.0097 70.0222 -10.0111 0.0162 70.0154 0.3018 0.0909 0.2457 0.0378 0.2457 0.0098
3 16 -2.2542 -14.3638 58.7681 -3.9109 -4.996 67.9929 -10.0164 -14.5134 60.0132 0.6314 0.3664 0.656 0.2964 0.6751 0.3714
3 16 -10.0164 -14.5134 60.0132 -3.9109 -4.996 67.9929 -10.0063 -5.0097 70.0222 0.6751 0.3714 0.656 0.2964 0.6919 0.296
3 16 -10.0164 -14.5134 60.0132 -10.0144 -7.9856 49.9856 -10.0109 -24.0207 50.0087 0.3018 0.0909 0.3577 0.0546 0.3577 0.1442
3 16 -0.8758 -23.6229 50.0101 -2.2542 -14.3638 58.7681 -10.0109 -24.0207 50.0087 0.6092 0.4346 0.6314 0.3664 0.6588 0.4468
3 16 -10.0109 -24.0207 50.0087 -2.2542 -14.3638 58.7681 -10.0164 -14.5134 60.0132 0.6588 0.4468 0.6314 0.3664 0.6751 0.3714
3 16 8.73 -22.3157 50.0107 7.509 -13.769 57.0949 -0.8758 -23.6229 50.0101 0.5574 0.4184 0.5763 0.3588 0.6092 0.4346
3 16 -0.8758 -23.6229 50.0101 7.509 -13.769 57.0949 -2.2542 -14.3638 58.7681 0.6092 0.4346 0.5763 0.3588 0.6314 0.3664
3 16 35.3529 -13.634 50.0119 44.2716 -8.7534 50.0121 34.8111 -9.3185 52.6218 0.4156 0.3516 0.3692 0.3186 0.4232 0.3243
3 16 34.8111 -9.3185 52.6218 44.2716 -8.7534 50.0121 42.9043 -7.1838 51.2713 0.4232 0.3243 0.3692 0.3186 0.3779 0.3101
3 16 34.8111 -9.3185 52.6218 25.936 -11.7064 53.6955 35.3529 -13.634 50.0119 0.4232 0.3243 0.4722 0.341 0.4156 0.3516
3 16 35.3529 -13.634 50.0119 25.936 -11.7064 53.6955 26.8898 -17.325 50.0117 0.4156 0.3516 0.4722 0.341 0.4605 0.3771
3 16 25.936 -11.7064 53.6955 34.8111 -9.3185 52.6218 26.4025 -4.9955 57.89 0.4722 0.341 0.4232 0.3243 0.4772 0.2971
3 16 26.4025 -4.9955 57.89 34.8111 -9.3185 52.6218 34.2767 -5.0062 55.2666 0.4772 0.2971 0.4232 0.3243 0.4309 0.2969
3 16 15.3903 -12.9172 55.7745 18.1771 -20.1213 50.0111 25.936 -11.7064 53.6955 0.532 0.351 0.5069 0.3987 0.4722 0.341
3 16 25.936 -11.7064 53.6955 18.1771 -20.1213 50.0111 26.8898 -17.325 50.0117 0.4722 0.341 0.5069 0.3987 0.4605 0.3771
3 16 25.936 -11.7064 53.6955 26.4025 -4.9955 57.89 15.3903 -12.9172 55.7745 0.4722 0.341 0.4772 0.2971 0.532 0.351
3 16 15.3903 -12.9172 55.7745 26.4025 -4.9955 57.89 13.0165 -4.9956 62.3516 0.532 0.351 0.4772 0.2971 0.5563 0.2972
3 16 18.1771 -20.1213 50.0111 15.3903 -12.9172 55.7745 8.73 -22.3157 50.0107 0.5069 0.3987 0.532 0.351 0.5574 0.4184
3 16 8.73 -22.3157 50.0107 15.3903 -12.9172 55.7745 7.509 -13.769 57.0949 0.5574 0.4184 0.532 0.351 0.5763 0.3588
3 16 15.3903 -12.9172 55.7745 13.0165 -4.9956 62.3516 7.509 -13.769 57.0949 0.532 0.351 0.5563 0.2972 0.5763 0.3588
3 16 7.509 -13.769 57.0949 13.0165 -4.9956 62.3516 7.9243 -4.9956 64.0477 0.5763 0.3588 0.5563 0.2972 0.5861 0.2974
3 16 7.509 -13.769 57.0949 7.9243 -4.9956 64.0477 -2.2542 -14.3638 58.7681 0.5763 0.3588 0.5861 0.2974 0.6314 0.3664
3 16 -2.2542 -14.3638 58.7681 7.9243 -4.9956 64.0477 -3.9109 -4.996 67.9929 0.6314 0.3664 0.5861 0.2974 0.656 0.2964
3 16 50.0173 0.0131 50.0124 46.2327 0.0131 48.0753 26.3991 0.0126 57.8866 0.5856 0.7498 0.5749 0.7288 0.6291 0.6175
3 16 46.2327 0.0131 48.0753 38.0669 0.0181 50.8068 26.3991 0.0126 57.8866 0.5749 0.7288 0.5902 0.6829 0.6291 0.6175
3 16 38.0669 0.0181 50.8068 35.8431 0.0123 51.5365 26.3991 0.0126 57.8866 0.5902 0.6829 0.5943 0.6706 0.6291 0.6175
3 16 26.3991 0.0126 57.8866 35.8431 0.0123 51.5365 26.2483 0.0137 54.7362 0.6291 0.6175 0.5943 0.6706 0.6122 0.6168
3 16 35.841 -2.1039 51.5341 26.2483 0.0137 54.7362 35.8431 0.0123 51.5365 0.9292 0.1402 0.9862 0.1519 0.9293 0.152
3 16 35.8137 -9.936 48.3424 24.6246 -7.6043 53.1054 36.2534 -6.8632 49.9897 0.6881 0.9283 0.7011 0.8626 0.7075 0.9269
3 16 36.2534 -6.8632 49.9897 24.6246 -7.6043 53.1054 25.8145 -5.1135 54.3021 0.7075 0.9269 0.7011 0.8626 0.7241 0.8673
3 16 30.6592 -12.4522 48.3723 24.2002 -14.9381 48.4258 23.7915 -12.7722 49.9857 0.6726 0.9001 0.6537 0.8662 0.6659 0.8622
3 16 46.2281 -3.9225 40 46.2297 -3.9245 48.0772 46.2327 0.0131 48.0753 0.5549 0.9349 0.6002 0.9349 0.6002 0.9569
3 16 -3.911 0.0144 67.9856 -10.0111 0.0162 70.0154 -3.9109 -4.996 67.9929 0.338 0.449 0.3739 0.449 0.3368 0.477
3 16 -3.9109 -4.996 67.9929 -10.0111 0.0162 70.0154 -10.0063 -5.0097 70.0222 0.3368 0.477 0.3739 0.449 0.3739 0.477
3 16 -10.0111 0.0162 70.0154 -6.2389 0.0162 65.5723 -10.0144 0.0144 49.9856 0.6937 0.1558 0.669 0.1768 0.5817 0.1558
3 16 -6.2389 0.0162 65.5723 -6.2356 0.0144 53.0144 -10.0144 0.0144 49.9856 0.669 0.1768 0.5985 0.1768 0.5817 0.1558
3 16 -4.8688 0.0144 65.1121 -6.2389 0.0162 65.5723 -3.911 0.0144 67.9856 0.6664 0.1845 0.669 0.1768 0.6824 0.1898
3 16 -6.2389 0.0162 65.5723 -10.0111 0.0162 70.0154 -3.911 0.0144 67.9856 0.669 0.1768 0.6937 0.1558 0.6824 0.1898
3 16 -10.0144 0.0144 49.9856 -6.2356 0.0144 53.0144 9.9856 0.0144 49.9856 0.5817 0.1558 0.5985 0.1768 0.5817 0.2678
3 16 -6.2356 0.0144 53.0144 9.9856 0.0144 53.0144 9.9856 0.0144 49.9856 0.5985 0.1768 0.5985 0.2678 0.5817 0.2678
3 16 9.9856 0.0144 49.9856 9.9856 0.0144 53.0144 13.0173 0.0131 62.3458 0.5817 0.2678 0.5985 0.2678 0.6508 0.2846
3 16 9.9856 0.0144 53.0144 9.9827 0.0131 60.1586 13.0173 0.0131 62.3458 0.5985 0.2678 0.6387 0.2678 0.6508 0.2846
3 16 -3.9109 -4.996 67.9929 -4.8731 -3.8356 65.1072 -3.911 0.0144 67.9856 0.3228 0.2167 0.3164 0.2347 0.2948 0.2169
3 16 -4.8731 -3.8356 65.1072 -4.8688 0.0144 65.1121 -3.911 0.0144 67.9856 0.3164 0.2347 0.2948 0.2337 0.2948 0.2169
3 16 -4.8688 0.0144 65.1121 -4.8731 -3.8356 65.1072 -6.2389 0.0162 65.5723 0.6948 0.2363 0.6941 0.2131 0.7029 0.2364
3 16 -4.8731 -3.8356 65.1072 -6.2476 -3.8115 65.5662 -6.2389 0.0162 65.5723 0.6941 0.2131 0.7024 0.2133 0.7029 0.2364
3 16 -6.2389 0.0162 65.5723 -6.2476 -3.8115 65.5662 -6.2356 0.0144 53.0144 0.866 0.7826 0.8675 0.7595 0.9365 0.7826
3 16 -6.2476 -3.8115 65.5662 -6.2395 -16.6154 52.9926 -6.2356 0.0144 53.0144 0.8675 0.7595 0.9365 0.6894 0.9365 0.7826
3 16 9.9827 0.0131 60.1586 9.9856 0.0144 53.0144 9.9837 -4.0226 60.1531 0.6942 0.0917 0.6942 0.1319 0.6717 0.0924
3 16 9.9856 0.0144 53.0144 9.9785 -13.3212 53.0045 9.9837 -4.0226 60.1531 0.6942 0.1319 0.6195 0.1318 0.6717 0.0924
3 16 13.0173 0.0131 62.3458 9.9827 0.0131 60.1586 7.9201 0.0144 64.0418 0.6508 0.2846 0.6387 0.2678 0.6602 0.2562
3 16 9.9827 0.0131 60.1586 6.9623 0.0144 61.1684 7.9201 0.0144 64.0418 0.6387 0.2678 0.6443 0.2509 0.6602 0.2562
3 16 9.9837 -4.0226 60.1531 6.9629 -3.9876 61.1613 9.9827 0.0131 60.1586 0.4481 0.6242 0.4448 0.6445 0.425 0.6203
3 16 6.9629 -3.9876 61.1613 6.9623 0.0144 61.1684 9.9827 0.0131 60.1586 0.4448 0.6445 0.4221 0.6379 0.425 0.6203
3 16 7.9243 -4.9956 64.0477 7.9201 0.0144 64.0418 6.9629 -3.9876 61.1613 0.0547 0.3793 0.0828 0.3806 0.058 0.3967
3 16 7.9201 0.0144 64.0418 6.9623 0.0144 61.1684 6.9629 -3.9876 61.1613 0.0828 0.3806 0.0815 0.3974 0.058 0.3967
3 16 13.0173 0.0131 62.3458 7.9201 0.0144 64.0418 13.0165 -4.9956 62.3516 0.2919 0.4599 0.3219 0.4599 0.2901 0.4879
3 16 13.0165 -4.9956 62.3516 7.9201 0.0144 64.0418 7.9243 -4.9956 64.0477 0.2901 0.4879 0.3219 0.4599 0.3247 0.4879
3 16 13.0165 -4.9956 62.3516 13.0098 -4.9794 58.4726 13.0173 0.0131 62.3458 0.0104 0.7664 0.032 0.7661 0.0098 0.7945
3 16 22.1747 -15.7146 48.439 13.0075 -18.3314 48.5211 13.0157 -11.1965 53.8784 0.0985 0.535 0.1014 0.587 0.0522 0.5791
3 16 13.0157 -11.1965 53.8784 22.3492 -9.9911 52.2124 21.7564 -13.5674 49.985 0.0522 0.5791 0.0596 0.5282 0.0824 0.5343
3 16 23.4491 -4.979 55.1463 13.0165 -4.9956 62.3516 26.4025 -4.9955 57.89 0.6187 0.2171 0.6818 0.2362 0.6102 0.2366
3 16 13.0165 -4.9956 62.3516 23.4491 -4.979 55.1463 13.0098 -4.9794 58.4726 0.6818 0.2362 0.6187 0.2171 0.6767 0.2176
3 16 -5.2107 -4.9804 64.1109 -3.9109 -4.996 67.9929 6.7248 -4.9798 60.4465 0.8251 0.2145 0.8253 0.194 0.888 0.2145
3 16 -3.9109 -4.996 67.9929 7.9243 -4.9956 64.0477 6.7248 -4.9798 60.4465 0.8253 0.194 0.8882 0.1936 0.888 0.2145
3 16 6.9629 -3.9876 61.1613 6.7248 -4.9798 60.4465 7.9243 -4.9956 64.0477 0.058 0.3967 0.0525 0.4012 0.0547 0.3793
3 16 13.0098 -4.9794 58.4726 23.4491 -4.979 55.1463 13.0157 -11.1965 53.8784 0.0098 0.5709 0.0294 0.5168 0.0522 0.5791
3 16 22.8558 -6.8298 54.1219 22.3492 -9.9911 52.2124 13.0157 -11.1965 53.8784 0.0397 0.5221 0.0596 0.5282 0.0522 0.5791
3 16 -5.2107 -4.9804 64.1109 -4.8731 -3.8356 65.1072 -3.9109 -4.996 67.9929 0.3234 0.2402 0.3164 0.2347 0.3228 0.2167
3 16 -6.2476 -3.8115 65.5662 -4.8731 -3.8356 65.1072 -5.2107 -4.9804 64.1109 0.7024 0.2133 0.6941 0.2131 0.6928 0.2056
3 16 -6.2476 -3.8115 65.5662 -5.2107 -4.9804 64.1109 -6.2395 -16.6154 52.9926 0.8675 0.7595 0.8739 0.7479 0.9365 0.6894
3 16 -5.2107 -4.9804 64.1109 6.7248 -4.9798 60.4465 -6.2395 -16.6154 52.9926 0.4442 0.7136 0.4558 0.6434 0.5299 0.7136
3 16 -6.2395 -16.6154 52.9926 6.7248 -4.9798 60.4465 9.9785 -13.3212 53.0045 0.5299 0.7136 0.4558 0.6434 0.5128 0.6223
3 16 6.9629 -3.9876 61.1613 9.9837 -4.0226 60.1531 6.7248 -4.9798 60.4465 0.4448 0.6445 0.4481 0.6242 0.4558 0.6434
3 16 9.9837 -4.0226 60.1531 9.9785 -13.3212 53.0045 6.7248 -4.9798 60.4465 0.4481 0.6242 0.5128 0.6223 0.4558 0.6434
3 16 23.7915 -12.7722 49.9857 24.6246 -7.6043 53.1054 30.6592 -12.4522 48.3723 0.6659 0.8622 0.7011 0.8626 0.6726 0.9001
3 16 30.6592 -12.4522 48.3723 24.6246 -7.6043 53.1054 35.8137 -9.936 48.3424 0.6726 0.9001 0.7011 0.8626 0.6881 0.9283
3 16 35.9998 -3.7914 50.9411 26.2483 0.0137 54.7362 35.841 -2.1039 51.5341 0.9291 0.131 0.9862 0.1519 0.9292 0.1402
3 16 36.0619 -5.6331 50.7193 25.8145 -5.1135 54.3021 35.9998 -3.7914 50.9411 0.9291 0.1281 0.984 0.1285 0.9291 0.131
3 16 35.9998 -3.7914 50.9411 25.8145 -5.1135 54.3021 26.2483 0.0137 54.7362 0.9291 0.131 0.984 0.1285 0.9862 0.1519
3 16 25.8145 -5.1135 54.3021 36.0619 -5.6331 50.7193 36.2534 -6.8632 49.9897 0.7241 0.8673 0.7241 0.9222 0.7075 0.9269
3 16 -10.0144 0.0144 49.9856 9.9856 0.0144 49.9856 -10.0144 -7.9856 49.9856 0.818 0.1199 0.706 0.1198 0.818 0.0751
3 16 9.9856 0.0144 49.9856 -6.2356 -7.9856 49.9856 -10.0144 -7.9856 49.9856 0.706 0.1198 0.797 0.0751 0.818 0.0751
3 16 26.2483 0.0137 54.7362 23.8756 0.0177 55.5538 26.3991 0.0126 57.8866 0.6122 0.6168 0.6147 0.6041 0.6291 0.6175
3 16 26.2483 0.0137 54.7362 25.8145 -5.1135 54.3021 24.628 0.0177 53.1176 0.0098 0.4099 0.0333 0.4091 0.0098 0.4223
3 16 24.628 0.0177 53.1176 25.8145 -5.1135 54.3021 24.6246 -7.6043 53.1054 0.0098 0.4223 0.0333 0.4091 0.0525 0.4225
3 16 36.2534 -6.8632 49.9897 35.4184 -10.1306 46.884 35.8137 -9.936 48.3424 0.0685 0.9125 0.0502 0.9303 0.0514 0.9216
3 16 36.2573 0.0177 50.0033 35.4223 0.0177 46.8844 36.2534 -6.8632 49.9897 0.1069 0.9122 0.1069 0.9303 0.0685 0.9125
3 16 36.2534 -6.8632 49.9897 35.4223 0.0177 46.8844 35.4184 -10.1306 46.884 0.0685 0.9125 0.1069 0.9303 0.0502 0.9303
3 16 35.4223 0.0177 46.8844 33.141 0.0177 44.6028 35.4184 -10.1306 46.884 0.1069 0.9303 0.1069 0.9486 0.0502 0.9303
3 16 35.4184 -10.1306 46.884 33.141 0.0177 44.6028 33.1352 -11.2465 44.6017 0.0502 0.9303 0.1069 0.9486 0.0443 0.9488
3 16 23.7923 0.0177 50.0008 24.6272 0.0177 46.884 21.757 0.0177 49.9984 0.5856 0.603 0.5681 0.6077 0.5856 0.5918
3 16 21.757 0.0177 49.9984 24.6272 0.0177 46.884 22.8648 0.0177 45.8659 0.5856 0.5918 0.5681 0.6077 0.5625 0.598
3 16 24.628 0.0177 53.1176 23.7923 0.0177 50.0008 22.8589 0.0113 54.1324 0.6031 0.6077 0.5856 0.603 0.6087 0.598
3 16 22.8589 0.0113 54.1324 23.7923 0.0177 50.0008 21.757 0.0177 49.9984 0.6087 0.598 0.5856 0.603 0.5856 0.5918
3 16 24.6272 0.0177 46.884 26.9084 0.0178 44.6026 22.8648 0.0177 45.8659 0.5681 0.6077 0.5553 0.6205 0.5625 0.598
3 16 22.8648 0.0177 45.8659 26.9084 0.0178 44.6026 25.8906 0.0177 42.8401 0.5625 0.598 0.5553 0.6205 0.5456 0.6149
3 16 30.0252 0.0114 43.7722 33.141 0.0177 44.6028 30.0243 0.0112 41.7276 0.55 0.6381 0.5553 0.6555 0.5394 0.638
3 16 30.0243 0.0112 41.7276 33.141 0.0177 44.6028 34.1583 0.0177 42.8399 0.5394 0.638 0.5553 0.6555 0.5456 0.6611
3 16 26.9084 0.0178 44.6026 30.0252 0.0114 43.7722 25.8906 0.0177 42.8401 0.5553 0.6205 0.55 0.6381 0.5456 0.6149
3 16 25.8906 0.0177 42.8401 30.0252 0.0114 43.7722 30.0243 0.0112 41.7276 0.5456 0.6149 0.55 0.6381 0.5394 0.638
3 16 33.141 0.0177 44.6028 35.4223 0.0177 46.8844 34.1583 0.0177 42.8399 0.5553 0.6555 0.5681 0.6683 0.5456 0.6611
3 16 34.1583 0.0177 42.8399 35.4223 0.0177 46.8844 37.1847 0.0177 45.8662 0.5456 0.6611 0.5681 0.6683 0.5625 0.678
3 16 35.4223 0.0177 46.8844 36.2573 0.0177 50.0033 37.1847 0.0177 45.8662 0.5681 0.6683 0.5856 0.673 0.5625 0.678
3 16 37.1847 0.0177 45.8662 36.2573 0.0177 50.0033 38.292 0.0176 49.9964 0.5625 0.678 0.5856 0.673 0.5856 0.6842
3 16 38.292 0.0176 49.9964 36.2573 0.0177 50.0033 38.0669 0.0181 50.8068 0.5856 0.6842 0.5856 0.673 0.5902 0.6829
3 16 38.0669 0.0181 50.8068 36.2573 0.0177 50.0033 35.8431 0.0123 51.5365 0.5902 0.6829 0.5856 0.673 0.5943 0.6706
3 16 24.6224 -14.7804 46.8861 24.6272 0.0177 46.884 23.7915 -12.7722 49.9857 0.0917 0.4579 0.0099 0.4583 0.0814 0.4403
3 16 23.7915 -12.7722 49.9857 24.6272 0.0177 46.884 23.7923 0.0177 50.0008 0.0814 0.4403 0.0099 0.4583 0.0099 0.4401
3 16 24.6224 -14.7804 46.8861 23.7915 -12.7722 49.9857 24.2002 -14.9381 48.4258 0.0917 0.4579 0.0814 0.4403 0.093 0.449
3 16 30.0252 0.0114 43.7722 26.9084 0.0178 44.6026 30.6651 -12.4619 43.945 0.01 0.4951 0.01 0.4766 0.0814 0.495
3 16 30.6651 -12.4619 43.945 26.9084 0.0178 44.6026 26.9025 -13.9027 44.6042 0.0814 0.495 0.01 0.4766 0.0869 0.4762
3 16 36.2534 -6.8632 49.9897 36.0619 -5.6331 50.7193 36.2573 0.0177 50.0033 0.0685 0.9125 0.0753 0.9082 0.1069 0.9122
3 16 36.0619 -5.6331 50.7193 35.9998 -3.7914 50.9411 36.2573 0.0177 50.0033 0.0753 0.9082 0.083 0.9033 0.1069 0.9122
3 16 35.9998 -3.7914 50.9411 35.841 -2.1039 51.5341 36.2573 0.0177 50.0033 0.083 0.9033 0.0951 0.9034 0.1069 0.9122
3 16 35.8431 0.0123 51.5365 36.2573 0.0177 50.0033 35.841 -2.1039 51.5341 0.1069 0.9037 0.1069 0.9122 0.0951 0.9034
3 16 22.8589 0.0113 54.1324 23.8756 0.0177 55.5538 24.628 0.0177 53.1176 0.6087 0.598 0.6147 0.6041 0.6031 0.6077
3 16 24.628 0.0177 53.1176 23.8756 0.0177 55.5538 26.2483 0.0137 54.7362 0.6031 0.6077 0.6147 0.6041 0.6122 0.6168
3 16 24.628 0.0177 53.1176 24.6246 -7.6043 53.1054 23.7923 0.0177 50.0008 0.0098 0.4223 0.0525 0.4225 0.0099 0.4401
3 16 23.7923 0.0177 50.0008 24.6246 -7.6043 53.1054 23.7915 -12.7722 49.9857 0.0099 0.4401 0.0525 0.4225 0.0814 0.4403
3 16 26.9084 0.0178 44.6026 24.6272 0.0177 46.884 26.9025 -13.9027 44.6042 0.01 0.4766 0.0099 0.4583 0.0869 0.4762
3 16 26.9025 -13.9027 44.6042 24.6272 0.0177 46.884 24.6224 -14.7804 46.8861 0.0869 0.4762 0.0099 0.4583 0.0917 0.4579
3 16 30.6651 -12.4619 43.945 33.1352 -11.2465 44.6017 30.0252 0.0114 43.7722 0.0355 0.9672 0.0443 0.9488 0.1069 0.967
3 16 30.0252 0.0114 43.7722 33.1352 -11.2465 44.6017 33.141 0.0177 44.6028 0.1069 0.967 0.0443 0.9488 0.1069 0.9486
3 16 34.1583 0.0177 42.8399 34.1497 -10.7552 42.8376 30.0243 0.0112 41.7276 0.1731 0.943 0.1733 0.8833 0.1982 0.943
3 16 30.0243 0.0112 41.7276 34.1497 -10.7552 42.8376 30.0184 -12.7095 41.7281 0.1982 0.943 0.1733 0.8833 0.1983 0.8716
3 16 21.7564 -13.5674 49.985 22.3492 -9.9911 52.2124 21.757 0.0177 49.9984 0.3911 0.3614 0.4038 0.3816 0.3912 0.4373
3 16 22.8589 0.0113 54.1324 21.757 0.0177 49.9984 22.8558 -6.8298 54.1219 0.4155 0.4373 0.3912 0.4373 0.4149 0.3993
3 16 22.8558 -6.8298 54.1219 21.757 0.0177 49.9984 22.3492 -9.9911 52.2124 0.4149 0.3993 0.3912 0.4373 0.4038 0.3816
3 16 34.1497 -10.7552 42.8376 34.1583 0.0177 42.8399 37.1765 -9.2789 45.8616 0.1733 0.8833 0.1731 0.943 0.1486 0.8915
3 16 37.1765 -9.2789 45.8616 34.1583 0.0177 42.8399 37.1847 0.0177 45.8662 0.1486 0.8915 0.1731 0.943 0.1484 0.943
3 16 38.292 0.0176 49.9964 38.0669 0.0181 50.8068 38.2523 -4.4861 50.0942 0.1239 0.943 0.1196 0.943 0.1196 0.919
3 16 38.2523 -4.4861 50.0942 38.0669 0.0181 50.8068 38.0724 -2.4904 50.8014 0.1196 0.919 0.1196 0.943 0.1196 0.929
3 16 38.292 0.0176 49.9964 37.1765 -9.2789 45.8616 37.1847 0.0177 45.8662 0.1239 0.943 0.1486 0.8915 0.1484 0.943
3 16 37.1765 -9.2789 45.8616 38.1075 -5.734 50.0131 37.8313 -8.9574 48.32 0.1486 0.8915 0.124 0.9111 0.1337 0.8934
3 16 37.1765 -9.2789 45.8616 38.292 0.0176 49.9964 38.1075 -5.734 50.0131 0.1486 0.8915 0.1239 0.943 0.124 0.9111
3 16 38.1075 -5.734 50.0131 38.292 0.0176 49.9964 38.2523 -4.4861 50.0942 0.124 0.9111 0.1239 0.943 0.1196 0.919
3 16 22.8618 -15.4508 45.8668 22.1747 -15.7146 48.439 22.8648 0.0177 45.8659 0.3667 0.351 0.3821 0.3492 0.3666 0.4373
3 16 21.757 0.0177 49.9984 22.8648 0.0177 45.8659 21.7564 -13.5674 49.985 0.3912 0.4373 0.3666 0.4373 0.3911 0.3614
3 16 21.7564 -13.5674 49.985 22.8648 0.0177 45.8659 22.1747 -15.7146 48.439 0.3911 0.3614 0.3666 0.4373 0.3821 0.3492
3 16 25.8852 -14.2893 42.8425 25.8906 0.0177 42.8401 30.0184 -12.7095 41.7281 0.3421 0.3577 0.342 0.4373 0.317 0.366
3 16 30.0184 -12.7095 41.7281 25.8906 0.0177 42.8401 30.0243 0.0112 41.7276 0.317 0.366 0.342 0.4373 0.3174 0.4374
3 16 23.8756 0.0177 55.5538 22.8589 0.0113 54.1324 23.4491 -4.979 55.1463 0.9513 0.3444 0.9554 0.3444 0.9537 0.3725
3 16 23.4491 -4.979 55.1463 22.8589 0.0113 54.1324 22.8558 -6.8298 54.1219 0.9537 0.3725 0.9554 0.3444 0.9554 0.3725
3 16 22.8618 -15.4508 45.8668 22.8648 0.0177 45.8659 25.8852 -14.2893 42.8425 0.3667 0.351 0.3666 0.4373 0.3421 0.3577
3 16 25.8852 -14.2893 42.8425 22.8648 0.0177 45.8659 25.8906 0.0177 42.8401 0.3421 0.3577 0.3666 0.4373 0.342 0.4373
3 16 26.3991 0.0126 57.8866 23.8756 0.0177 55.5538 26.4025 -4.9955 57.89 0.9305 0.3449 0.9513 0.3444 0.9306 0.3729
3 16 26.4025 -4.9955 57.89 23.8756 0.0177 55.5538 23.4491 -4.979 55.1463 0.9306 0.3729 0.9513 0.3444 0.9537 0.3725
3 16 -10.0109 -24.0207 50.0087 -10.0144 -7.9856 49.9856 -10.0172 -24.0181 30 0.3577 0.1442 0.3577 0.0546 0.4697 0.1442
3 16 -10.0172 -24.0181 30 -10.0144 -7.9856 49.9856 -10.0177 -7.9823 30 0.4697 0.1442 0.3577 0.0546 0.4697 0.0546
3 16 -0.8758 -23.6229 50.0101 -10.0109 -24.0207 50.0087 -0.9145 -23.5617 30 0.2337 0.3164 0.2337 0.3676 0.1218 0.3166
3 16 -0.9145 -23.5617 30 -10.0109 -24.0207 50.0087 -10.0172 -24.0181 30 0.1218 0.3166 0.2337 0.3676 0.1218 0.3676
3 16 50.0174 -5.0104 50.0146 44.2716 -8.7534 50.0121 50.022 -5.0119 30 0.2337 0.0098 0.2337 0.0481 0.1218 0.0098
3 16 50.022 -5.0119 30 44.2716 -8.7534 50.0121 44.2731 -8.7561 30 0.1218 0.0098 0.2337 0.0481 0.1218 0.0481
3 16 50.0177 0.0177 30 50.0173 0.0131 50.0124 50.022 -5.0119 30 0.5014 0.8906 0.3894 0.8906 0.5014 0.8626
3 16 50.022 -5.0119 30 50.0173 0.0131 50.0124 50.0174 -5.0104 50.0146 0.5014 0.8626 0.3894 0.8906 0.3894 0.8626
3 16 46.2325 0.0178 30 46.2327 0.0131 48.0753 50.0177 0.0177 30 0.4736 0.7288 0.5749 0.7288 0.4736 0.7498
3 16 50.0177 0.0177 30 46.2327 0.0131 48.0753 50.0173 0.0131 50.0124 0.4736 0.7498 0.5749 0.7288 0.5856 0.7498
3 16 46.1378 -3.9828 30 46.2281 -3.9225 40 46.2325 0.0178 30 0.4989 0.9349 0.5549 0.9349 0.4989 0.9569
3 16 46.2325 0.0178 30 46.2281 -3.9225 40 46.2327 0.0131 48.0753 0.4989 0.9569 0.5549 0.9349 0.6002 0.9569
3 16 35.8137 -9.936 48.3424 35.4184 -10.1306 46.884 30.6592 -12.4522 48.3723 0.6881 0.9283 0.6832 0.9301 0.6726 0.9001
3 16 35.4184 -10.1306 46.884 33.1352 -11.2465 44.6017 30.6592 -12.4522 48.3723 0.6832 0.9301 0.6616 0.924 0.6726 0.9001
3 16 30.6651 -12.4619 43.945 30.6592 -12.4522 48.3723 33.1352 -11.2465 44.6017 0.6503 0.9127 0.6726 0.9001 0.6616 0.924
3 16 24.2002 -14.9381 48.4258 30.6592 -12.4522 48.3723 24.6224 -14.7804 46.8861 0.6537 0.8662 0.6726 0.9001 0.648 0.8729
3 16 24.6224 -14.7804 46.8861 30.6592 -12.4522 48.3723 26.9025 -13.9027 44.6042 0.648 0.8729 0.6726 0.9001 0.6432 0.8909
3 16 30.6592 -12.4522 48.3723 30.6651 -12.4619 43.945 26.9025 -13.9027 44.6042 0.6726 0.9001 0.6503 0.9127 0.6432 0.8909
3 16 9.9823 0.0177 30 9.9856 0.0144 49.9856 13.0177 0.0177 30 0.4697 0.2678 0.5817 0.2678 0.4697 0.2846
3 16 13.0177 0.0177 30 9.9856 0.0144 49.9856 13.0173 0.0131 62.3458 0.4697 0.2846 0.5817 0.2678 0.6508 0.2846
3 16 9.9871 -17.1668 49.9797 9.9823 0.0177 30 9.9852 -18.9866 48.5531 0.6371 0.7366 0.7491 0.6404 0.6451 0.7469
3 16 38.1075 -5.734 50.0131 43.0324 -5.9733 48.2899 37.8313 -8.9574 48.32 0.3896 0.2075 0.3864 0.2354 0.3696 0.2072
3 16 43.0324 -5.9733 48.2899 38.1075 -5.734 50.0131 38.2523 -4.4861 50.0942 0.3864 0.2354 0.3896 0.2075 0.3967 0.2063
3 16 46.2297 -3.9245 48.0772 43.0324 -5.9733 48.2899 38.0724 -2.4904 50.8014 0.398 0.2534 0.3864 0.2354 0.4086 0.2064
3 16 38.0724 -2.4904 50.8014 43.0324 -5.9733 48.2899 38.2523 -4.4861 50.0942 0.4086 0.2064 0.3864 0.2354 0.3967 0.2063
3 16 46.2297 -3.9245 48.0772 38.0724 -2.4904 50.8014 46.2327 0.0131 48.0753 0.398 0.2534 0.4086 0.2064 0.42 0.2546
3 16 46.2327 0.0131 48.0753 38.0724 -2.4904 50.8014 38.0669 0.0181 50.8068 0.42 0.2546 0.4086 0.2064 0.4225 0.207
3 16 22.8558 -6.8298 54.1219 13.0157 -11.1965 53.8784 23.4491 -4.979 55.1463 0.0397 0.5221 0.0522 0.5791 0.0294 0.5168
3 16 -6.2395 -16.6154 52.9926 9.9785 -13.3212 53.0045 -6.2356 0.0144 53.0144 0.7991 0.7585 0.7806 0.8495 0.706 0.7585
3 16 -6.2356 0.0144 53.0144 9.9785 -13.3212 53.0045 9.9856 0.0144 53.0144 0.706 0.7585 0.7806 0.8495 0.706 0.8495
3 16 13.0157 -11.1965 53.8784 13.0177 0.0177 30 13.0098 -4.9794 58.4726 0.0573 0.7317 0.1908 0.7943 0.032 0.7661
3 16 26.4025 -4.9955 2.11 26.3991 0.0126 2.1134 34.2767 -5.0062 4.7334 0.3698 0.0378 0.3698 0.0098 0.4162 0.0378
3 16 34.2767 -5.0062 4.7334 26.3991 0.0126 2.1134 42.1421 -5.0058 7.3551 0.4162 0.0378 0.3698 0.0098 0.4626 0.0378
3 16 42.1421 -5.0058 7.3551 26.3991 0.0126 2.1134 50.0173 0.0131 9.9876 0.4626 0.0378 0.3698 0.0098 0.509 0.0098
3 16 42.1421 -5.0058 7.3551 50.0173 0.0131 9.9876 50.0174 -5.0104 9.9854 0.4626 0.0378 0.509 0.0098 0.509 0.0378
3 16 42.1421 -5.0058 7.3551 50.0174 -5.0104 9.9854 42.9043 -7.1838 8.7287 0.6933 0.4583 0.7398 0.458 0.6999 0.4718
3 16 42.9043 -7.1838 8.7287 50.0174 -5.0104 9.9854 44.2716 -8.7534 9.9879 0.6999 0.4718 0.7398 0.458 0.7086 0.4802
3 16 -10.0144 0.0144 10.0144 -10.0111 0.0162 -10.0154 -10.0144 -7.9856 10.0144 0.5817 0.0098 0.6937 0.0098 0.5817 0.0546
3 16 -10.0144 -7.9856 10.0144 -10.0111 0.0162 -10.0154 -10.0164 -14.5134 -0.0132 0.5817 0.0546 0.6937 0.0098 0.6376 0.0909
3 16 -10.0164 -14.5134 -0.0132 -10.0111 0.0162 -10.0154 -10.0063 -5.0097 -10.0222 0.6376 0.0909 0.6937 0.0098 0.6937 0.0378
3 16 -10.0164 -14.5134 -0.0132 -2.2542 -14.3638 1.2319 -10.0109 -24.0207 9.9913 0.4027 0.5333 0.4464 0.5283 0.4191 0.6087
3 16 -10.0109 -24.0207 9.9913 -2.2542 -14.3638 1.2319 -0.8758 -23.6229 9.9899 0.4191 0.6087 0.4464 0.5283 0.4687 0.5965
3 16 -10.0164 -14.5134 -0.0132 -10.0109 -24.0207 9.9913 -10.0144 -7.9856 10.0144 0.6376 0.0909 0.5817 0.1442 0.5817 0.0546
3 16 -10.0063 -5.0097 -10.0222 -3.9109 -4.996 -7.9929 -10.0164 -14.5134 -0.0132 0.3859 0.4579 0.4217 0.4583 0.4027 0.5333
3 16 -10.0164 -14.5134 -0.0132 -3.9109 -4.996 -7.9929 -2.2542 -14.3638 1.2319 0.4027 0.5333 0.4217 0.4583 0.4464 0.5283
3 16 34.2767 -5.0062 4.7334 42.1421 -5.0058 7.3551 34.8098 -9.3147 7.3754 0.6469 0.4586 0.6933 0.4583 0.6546 0.486
3 16 34.8098 -9.3147 7.3754 42.1421 -5.0058 7.3551 42.9043 -7.1838 8.7287 0.6546 0.486 0.6933 0.4583 0.6999 0.4718
3 16 26.8898 -17.325 9.9883 18.1771 -20.1213 9.9889 25.7326 -11.712 6.2481 0.6174 0.5389 0.5709 0.5605 0.6044 0.5029
3 16 25.7326 -11.712 6.2481 18.1771 -20.1213 9.9889 15.3055 -12.8482 4.1514 0.6044 0.5029 0.5709 0.5605 0.5452 0.5123
3 16 35.3529 -13.634 9.9881 34.8098 -9.3147 7.3754 44.2716 -8.7534 9.9879 0.6622 0.5133 0.6546 0.486 0.7086 0.4802
3 16 44.2716 -8.7534 9.9879 34.8098 -9.3147 7.3754 42.9043 -7.1838 8.7287 0.7086 0.4802 0.6546 0.486 0.6999 0.4718
3 16 7.5345 -13.7181 2.8654 15.3055 -12.8482 4.1514 8.73 -22.3157 9.9893 0.5015 0.5203 0.5452 0.5123 0.5204 0.5802
3 16 8.73 -22.3157 9.9893 15.3055 -12.8482 4.1514 18.1771 -20.1213 9.9889 0.5204 0.5802 0.5452 0.5123 0.5709 0.5605
3 16 -2.2542 -14.3638 1.2319 7.5345 -13.7181 2.8654 -0.8758 -23.6229 9.9899 0.4464 0.5283 0.5015 0.5203 0.4687 0.5965
3 16 -0.8758 -23.6229 9.9899 7.5345 -13.7181 2.8654 8.73 -22.3157 9.9893 0.4687 0.5965 0.5015 0.5203 0.5204 0.5802
3 16 7.9243 -4.9956 -4.0477 13.0165 -4.9956 -2.3516 7.5345 -13.7181 2.8654 0.4916 0.4592 0.5215 0.459 0.5015 0.5203
3 16 7.5345 -13.7181 2.8654 13.0165 -4.9956 -2.3516 15.3055 -12.8482 4.1514 0.5015 0.5203 0.5215 0.459 0.5452 0.5123
3 16 -3.9109 -4.996 -7.9929 7.9243 -4.9956 -4.0477 -2.2542 -14.3638 1.2319 0.4217 0.4583 0.4916 0.4592 0.4464 0.5283
3 16 -2.2542 -14.3638 1.2319 7.9243 -4.9956 -4.0477 7.5345 -13.7181 2.8654 0.4464 0.5283 0.4916 0.4592 0.5015 0.5203
3 16 13.0165 -4.9956 -2.3516 26.4025 -4.9955 2.11 15.3055 -12.8482 4.1514 0.5215 0.459 0.6005 0.4588 0.5452 0.5123
3 16 15.3055 -12.8482 4.1514 26.4025 -4.9955 2.11 25.7326 -11.712 6.2481 0.5452 0.5123 0.6005 0.4588 0.6044 0.5029
3 16 50.0173 0.0131 9.9876 26.3991 0.0126 2.1134 46.2327 0.0131 11.9247 0.3616 0.7498 0.3182 0.6175 0.3723 0.7288
3 16 46.2327 0.0131 11.9247 26.3991 0.0126 2.1134 38.0669 0.0181 9.1932 0.3723 0.7288 0.3182 0.6175 0.357 0.6829
3 16 38.0669 0.0181 9.1932 26.3991 0.0126 2.1134 35.8431 0.0123 8.4635 0.357 0.6829 0.3182 0.6175 0.3529 0.6706
3 16 26.3991 0.0126 2.1134 26.2483 0.0137 5.2638 35.8431 0.0123 8.4635 0.3182 0.6175 0.335 0.6168 0.3529 0.6706
3 16 35.841 -2.1039 8.4659 35.8431 0.0123 8.4635 26.2483 0.0137 5.2638 0.9327 0.1754 0.9328 0.1636 0.9897 0.1636
3 16 35.8137 -9.936 11.6576 36.2534 -6.8632 10.0103 24.6246 -7.6043 6.8946 0.8944 0.4293 0.8944 0.4099 0.9589 0.4118
3 16 24.6246 -7.6043 6.8946 36.2534 -6.8632 10.0103 25.8145 -5.1135 5.6979 0.9589 0.4118 0.8944 0.4099 0.9526 0.3892
3 16 30.6592 -12.4522 11.6278 23.7915 -12.7722 10.0143 24.2002 -14.9381 11.5742 0.9235 0.4429 0.9618 0.4452 0.9587 0.4593
3 16 46.2281 -3.9225 20 46.2327 0.0131 11.9247 46.2297 -3.9245 11.9228 0.4429 0.9349 0.3976 0.9569 0.3976 0.9349
3 16 -3.911 0.0144 -7.9856 -3.9109 -4.996 -7.9929 -10.0111 0.0162 -10.0154 0.5572 0.0098 0.5584 0.0378 0.5214 0.0098
3 16 -10.0111 0.0162 -10.0154 -3.9109 -4.996 -7.9929 -10.0063 -5.0097 -10.0222 0.5214 0.0098 0.5584 0.0378 0.5214 0.0378
3 16 -10.0111 0.0162 -10.0154 -10.0144 0.0144 10.0144 -6.2389 0.0162 -5.5723 0.2457 0.1558 0.3577 0.1558 0.2704 0.1768
3 16 -6.2389 0.0162 -5.5723 -10.0144 0.0144 10.0144 -6.2356 0.0144 6.9856 0.2704 0.1768 0.3577 0.1558 0.3409 0.1768
3 16 -4.8688 0.0144 -5.1121 -3.911 0.0144 -7.9856 -6.2389 0.0162 -5.5723 0.273 0.1845 0.2571 0.1898 0.2704 0.1768
3 16 -6.2389 0.0162 -5.5723 -3.911 0.0144 -7.9856 -10.0111 0.0162 -10.0154 0.2704 0.1768 0.2571 0.1898 0.2457 0.1558
3 16 -10.0144 0.0144 10.0144 9.9856 0.0144 10.0144 -6.2356 0.0144 6.9856 0.3577 0.1558 0.3577 0.2678 0.3409 0.1768
3 16 9.9856 0.0144 6.9856 -6.2356 0.0144 6.9856 9.9856 0.0144 10.0144 0.3409 0.2678 0.3409 0.1768 0.3577 0.2678
3 16 9.9856 0.0144 10.0144 13.0173 0.0131 -2.3458 9.9856 0.0144 6.9856 0.3577 0.2678 0.2887 0.2846 0.3409 0.2678
3 16 9.9856 0.0144 6.9856 13.0173 0.0131 -2.3458 9.9827 0.0131 -0.1586 0.3409 0.2678 0.2887 0.2846 0.3008 0.2678
3 16 -3.9109 -4.996 -7.9929 -3.911 0.0144 -7.9856 -4.8731 -3.8356 -5.1072 0.9665 0.0378 0.967 0.0098 0.9846 0.0316
3 16 -4.8731 -3.8356 -5.1072 -3.911 0.0144 -7.9856 -4.8688 0.0144 -5.1121 0.9846 0.0316 0.967 0.0098 0.9838 0.01
3 16 -4.8688 0.0144 -5.1121 -6.2389 0.0162 -5.5723 -4.8731 -3.8356 -5.1072 0.2573 0.2362 0.2492 0.2361 0.259 0.2131
3 16 -4.8731 -3.8356 -5.1072 -6.2389 0.0162 -5.5723 -6.2476 -3.8115 -5.5662 0.259 0.2131 0.2492 0.2361 0.2507 0.2129
3 16 -6.2389 0.0162 -5.5723 -6.2356 0.0144 6.9856 -6.2476 -3.8115 -5.5662 0.8462 0.1046 0.9167 0.1047 0.8476 0.1277
3 16 -6.2476 -3.8115 -5.5662 -6.2356 0.0144 6.9856 -6.2395 -16.6154 7.0074 0.8476 0.1277 0.9167 0.1047 0.9166 0.1979
3 16 9.9827 0.0131 -0.1586 9.9837 -4.0226 -0.1531 9.9856 0.0144 6.9856 0.4571 0.196 0.4345 0.1953 0.4571 0.1558
3 16 9.9856 0.0144 6.9856 9.9837 -4.0226 -0.1531 9.9785 -13.3212 6.9955 0.4571 0.1558 0.4345 0.1953 0.3824 0.1559
3 16 13.0173 0.0131 -2.3458 7.9201 0.0144 -4.0418 9.9827 0.0131 -0.1586 0.2887 0.2846 0.2792 0.2562 0.3008 0.2678
3 16 9.9827 0.0131 -0.1586 7.9201 0.0144 -4.0418 6.9623 0.0144 -1.1684 0.3008 0.2678 0.2792 0.2562 0.2951 0.2509
3 16 9.9837 -4.0226 -0.1531 9.9827 0.0131 -0.1586 6.9629 -3.9876 -1.1613 0.8832 0.4661 0.8909 0.4872 0.8665 0.4723
3 16 6.9629 -3.9876 -1.1613 9.9827 0.0131 -0.1586 6.9623 0.0144 -1.1684 0.8665 0.4723 0.8909 0.4872 0.8741 0.4933
3 16 7.9243 -4.9956 -4.0477 6.9629 -3.9876 -1.1613 7.9201 0.0144 -4.0418 0.2739 0.341 0.2692 0.3584 0.2457 0.3418
3 16 7.9201 0.0144 -4.0418 6.9629 -3.9876 -1.1613 6.9623 0.0144 -1.1684 0.2457 0.3418 0.2692 0.3584 0.2466 0.3586
3 16 13.0173 0.0131 -2.3458 13.0165 -4.9956 -2.3516 7.9201 0.0144 -4.0418 0.2927 0.6178 0.2945 0.6458 0.2627 0.6178
3 16 7.9201 0.0144 -4.0418 13.0165 -4.9956 -2.3516 7.9243 -4.9956 -4.0477 0.2627 0.6178 0.2945 0.6458 0.2599 0.6458
3 16 13.0165 -4.9956 -2.3516 13.0173 0.0131 -2.3458 13.0098 -4.9794 1.5273 0.3712 0.7664 0.3718 0.7944 0.3496 0.7661
3 16 22.1747 -15.7146 11.561 13.0157 -11.1965 6.1216 13.0075 -18.3314 11.4789 0.3062 0.535 0.3526 0.5789 0.3033 0.5869
3 16 22.1747 -15.7146 11.561 21.7564 -13.5674 10.015 13.0157 -11.1965 6.1216 0.3062 0.535 0.3223 0.5343 0.3526 0.5789
3 16 13.0157 -11.1965 6.1216 21.7564 -13.5674 10.015 22.3492 -9.9911 7.7876 0.3526 0.5789 0.3223 0.5343 0.3451 0.5281
3 16 23.4491 -4.979 4.8537 26.4025 -4.9955 2.11 13.0165 -4.9956 -2.3516 0.9167 0.327 0.9081 0.3076 0.9797 0.3076
3 16 13.0165 -4.9956 -2.3516 13.0098 -4.9794 1.5273 23.4491 -4.979 4.8537 0.9797 0.3076 0.9746 0.3262 0.9167 0.327
3 16 -5.2107 -4.9804 -4.1109 6.7248 -4.9798 -0.4465 -3.9109 -4.996 -7.9929 0.4969 0.4315 0.434 0.4315 0.4968 0.411
3 16 -3.9109 -4.996 -7.9929 6.7248 -4.9798 -0.4465 7.9243 -4.9956 -4.0477 0.4968 0.411 0.434 0.4315 0.4339 0.4106
3 16 6.9629 -3.9876 -1.1613 7.9243 -4.9956 -4.0477 6.7248 -4.9798 -0.4465 0.2692 0.3584 0.2739 0.341 0.2756 0.363
3 16 13.0098 -4.9794 1.5273 13.0157 -11.1965 6.1216 23.4491 -4.979 4.8537 0.3951 0.5706 0.3526 0.5789 0.3751 0.5166
3 16 22.8589 -6.8264 5.8848 13.0157 -11.1965 6.1216 22.3492 -9.9911 7.7876 0.3649 0.522 0.3526 0.5789 0.3451 0.5281
3 16 -5.2107 -4.9804 -4.1109 -3.9109 -4.996 -7.9929 -4.8731 -3.8356 -5.1072 0.9896 0.0385 0.9665 0.0378 0.9846 0.0316
3 16 -6.2476 -3.8115 -5.5662 -5.2107 -4.9804 -4.1109 -4.8731 -3.8356 -5.1072 0.2507 0.2129 0.2608 0.2057 0.259 0.2131
3 16 -6.2476 -3.8115 -5.5662 -6.2395 -16.6154 7.0074 -5.2107 -4.9804 -4.1109 0.8476 0.1277 0.9166 0.1979 0.8531 0.1375
3 16 -5.2107 -4.9804 -4.1109 -6.2395 -16.6154 7.0074 6.7248 -4.9798 -0.4465 0.795 0.4877 0.7799 0.4014 0.8625 0.4612
3 16 6.7248 -4.9798 -0.4465 -6.2395 -16.6154 7.0074 9.9785 -13.3212 6.9955 0.8625 0.4612 0.7799 0.4014 0.8728 0.4014
3 16 6.9629 -3.9876 -1.1613 6.7248 -4.9798 -0.4465 9.9837 -4.0226 -0.1531 0.8665 0.4723 0.8625 0.4612 0.8832 0.4661
3 16 9.9837 -4.0226 -0.1531 6.7248 -4.9798 -0.4465 9.9785 -13.3212 6.9955 0.8832 0.4661 0.8625 0.4612 0.8728 0.4014
3 16 35.8137 -9.936 11.6576 24.6246 -7.6043 6.8946 30.6592 -12.4522 11.6278 0.8944 0.4293 0.9589 0.4118 0.9235 0.4429
3 16 30.6592 -12.4522 11.6278 24.6246 -7.6043 6.8946 23.7915 -12.7722 10.0143 0.9235 0.4429 0.9589 0.4118 0.9618 0.4452
3 16 35.9998 -3.7914 9.0589 35.841 -2.1039 8.4659 26.2483 0.0137 5.2638 0.9326 0.1846 0.9327 0.1754 0.9897 0.1636
3 16 36.0619 -5.6331 9.2807 35.9998 -3.7914 9.0589 25.8145 -5.1135 5.6979 0.9326 0.1875 0.9326 0.1846 0.9875 0.1871
3 16 25.8145 -5.1135 5.6979 35.9998 -3.7914 9.0589 26.2483 0.0137 5.2638 0.9875 0.1871 0.9326 0.1846 0.9897 0.1636
3 16 25.8145 -5.1135 5.6979 36.2534 -6.8632 10.0103 36.0619 -5.6331 9.2807 0.9526 0.3892 0.8944 0.4099 0.8979 0.393
3 16 -10.0144 0.0144 10.0144 -10.0144 -7.9856 10.0144 9.9856 0.0144 10.0144 0.8343 0.1316 0.8343 0.1764 0.7223 0.1316
3 16 26.2483 0.0137 5.2638 26.3991 0.0126 2.1134 23.8756 0.0177 4.4462 0.335 0.6168 0.3182 0.6175 0.3325 0.6041
3 16 24.6246 -7.6043 6.8946 25.8145 -5.1135 5.6979 24.628 0.0177 6.8824 0.8246 0.0525 0.8111 0.0333 0.8243 0.0098
3 16 24.628 0.0177 6.8824 25.8145 -5.1135 5.6979 26.2483 0.0137 5.2638 0.8243 0.0098 0.8111 0.0333 0.8118 0.0098
3 16 36.2534 -6.8632 10.0103 35.8137 -9.936 11.6576 35.4184 -10.1306 13.116 0.2437 0.9575 0.2267 0.9485 0.2254 0.9398
3 16 35.4184 -10.1306 13.116 35.4223 0.0177 13.1156 36.2534 -6.8632 10.0103 0.2254 0.9398 0.2821 0.9398 0.2437 0.9575
3 16 36.2534 -6.8632 10.0103 35.4223 0.0177 13.1156 36.2573 0.0177 9.9967 0.2437 0.9575 0.2821 0.9398 0.2821 0.9578
3 16 33.1352 -11.2465 15.3983 33.141 0.0177 15.3973 35.4184 -10.1306 13.116 0.2196 0.9213 0.2821 0.9215 0.2254 0.9398
3 16 35.4184 -10.1306 13.116 33.141 0.0177 15.3973 35.4223 0.0177 13.1156 0.2254 0.9398 0.2821 0.9215 0.2821 0.9398
3 16 23.7923 0.0177 9.9992 21.757 0.0177 10.0016 24.6272 0.0177 13.116 0.3616 0.603 0.3616 0.5918 0.3791 0.6077
3 16 24.6272 0.0177 13.116 21.757 0.0177 10.0016 22.8648 0.0177 14.1341 0.3791 0.6077 0.3616 0.5918 0.3847 0.598
3 16 24.628 0.0177 6.8824 22.8633 0.0177 5.8691 23.7923 0.0177 9.9992 0.3441 0.6077 0.3385 0.598 0.3616 0.603
3 16 23.7923 0.0177 9.9992 22.8633 0.0177 5.8691 21.757 0.0177 10.0016 0.3616 0.603 0.3385 0.598 0.3616 0.5918
3 16 24.6272 0.0177 13.116 22.8648 0.0177 14.1341 26.9084 0.0178 15.3974 0.3791 0.6077 0.3847 0.598 0.3919 0.6205
3 16 26.9084 0.0178 15.3974 22.8648 0.0177 14.1341 25.8906 0.0177 17.1599 0.3919 0.6205 0.3847 0.598 0.4016 0.6149
3 16 30.0252 0.0114 16.2278 30.0243 0.0112 18.2724 33.141 0.0177 15.3973 0.3972 0.6381 0.4078 0.638 0.3919 0.6555
3 16 33.141 0.0177 15.3973 30.0243 0.0112 18.2724 34.1583 0.0177 17.1601 0.3919 0.6555 0.4078 0.638 0.4016 0.6611
3 16 26.9084 0.0178 15.3974 25.8906 0.0177 17.1599 30.0252 0.0114 16.2278 0.3919 0.6205 0.4016 0.6149 0.3972 0.6381
3 16 30.0252 0.0114 16.2278 25.8906 0.0177 17.1599 30.0243 0.0112 18.2724 0.3972 0.6381 0.4016 0.6149 0.4078 0.638
3 16 33.141 0.0177 15.3973 34.1583 0.0177 17.1601 35.4223 0.0177 13.1156 0.3919 0.6555 0.4016 0.6611 0.3791 0.6683
3 16 35.4223 0.0177 13.1156 34.1583 0.0177 17.1601 37.1843 0.0177 14.1345 0.3791 0.6683 0.4016 0.6611 0.3847 0.678
3 16 35.4223 0.0177 13.1156 37.1843 0.0177 14.1345 36.2573 0.0177 9.9967 0.3791 0.6683 0.3847 0.678 0.3616 0.673
3 16 36.2573 0.0177 9.9967 37.1843 0.0177 14.1345 38.292 0.0176 10.0037 0.3616 0.673 0.3847 0.678 0.3616 0.6842
3 16 35.8431 0.0123 8.4635 36.2573 0.0177 9.9967 38.0669 0.0181 9.1932 0.3529 0.6706 0.3616 0.673 0.357 0.6829
3 16 38.0669 0.0181 9.1932 36.2573 0.0177 9.9967 38.292 0.0176 10.0037 0.357 0.6829 0.3616 0.673 0.3616 0.6842
3 16 24.6224 -14.7804 13.1139 23.7915 -12.7722 10.0143 24.6272 0.0177 13.116 0.86 0.0917 0.8424 0.0813 0.8602 0.0098
3 16 24.6272 0.0177 13.116 23.7915 -12.7722 10.0143 23.7923 0.0177 9.9992 0.8602 0.0098 0.8424 0.0813 0.842 0.0098
3 16 24.6224 -14.7804 13.1139 24.2002 -14.9381 11.5742 23.7915 -12.7722 10.0143 0.86 0.0917 0.8511 0.0929 0.8424 0.0813
3 16 26.9025 -13.9027 15.3958 26.9084 0.0178 15.3974 30.6651 -12.4619 16.0551 0.8783 0.0868 0.8786 0.0098 0.8971 0.0812
3 16 30.6651 -12.4619 16.0551 26.9084 0.0178 15.3974 30.0252 0.0114 16.2278 0.8971 0.0812 0.8786 0.0098 0.897 0.0098
3 16 36.2534 -6.8632 10.0103 36.2573 0.0177 9.9967 36.0619 -5.6331 9.2807 0.2437 0.9575 0.2821 0.9578 0.2505 0.9619
3 16 36.0619 -5.6331 9.2807 36.2573 0.0177 9.9967 35.9998 -3.7914 9.0589 0.2505 0.9619 0.2821 0.9578 0.2582 0.9668
3 16 35.9998 -3.7914 9.0589 36.2573 0.0177 9.9967 35.841 -2.1039 8.4659 0.2582 0.9668 0.2821 0.9578 0.2703 0.9666
3 16 35.8431 0.0123 8.4635 35.841 -2.1039 8.4659 36.2573 0.0177 9.9967 0.2821 0.9669 0.2703 0.9666 0.2821 0.9578
3 16 26.2483 0.0137 5.2638 23.8756 0.0177 4.4462 24.628 0.0177 6.8824 0.335 0.6168 0.3325 0.6041 0.3441 0.6077
3 16 24.628 0.0177 6.8824 23.8756 0.0177 4.4462 22.8633 0.0177 5.8691 0.3441 0.6077 0.3325 0.6041 0.3385 0.598
3 16 24.628 0.0177 6.8824 23.7923 0.0177 9.9992 24.6246 -7.6043 6.8946 0.8243 0.0098 0.842 0.0098 0.8246 0.0525
3 16 24.6246 -7.6043 6.8946 23.7923 0.0177 9.9992 23.7915 -12.7722 10.0143 0.8246 0.0525 0.842 0.0098 0.8424 0.0813
3 16 24.6224 -14.7804 13.1139 24.6272 0.0177 13.116 26.9025 -13.9027 15.3958 0.86 0.0917 0.8602 0.0098 0.8783 0.0868
3 16 26.9025 -13.9027 15.3958 24.6272 0.0177 13.116 26.9084 0.0178 15.3974 0.8783 0.0868 0.8602 0.0098 0.8786 0.0098
3 16 33.141 0.0177 15.3973 33.1352 -11.2465 15.3983 30.0252 0.0114 16.2278 0.2821 0.9215 0.2196 0.9213 0.2821 0.9031
3 16 30.0252 0.0114 16.2278 33.1352 -11.2465 15.3983 30.6651 -12.4619 16.0551 0.2821 0.9031 0.2196 0.9213 0.2107 0.9028
3 16 34.1583 0.0177 17.1601 30.0243 0.0112 18.2724 34.1497 -10.7552 17.1624 0.7615 0.9362 0.7369 0.9362 0.7613 0.8765
3 16 34.1497 -10.7552 17.1624 30.0243 0.0112 18.2724 30.0184 -12.7095 18.2719 0.7613 0.8765 0.7369 0.9362 0.7368 0.8651
3 16 21.7564 -13.5674 10.015 21.757 0.0177 10.0016 22.3492 -9.9911 7.7876 0.4945 0.1685 0.4943 0.2443 0.4818 0.1886
3 16 22.3492 -9.9911 7.7876 21.757 0.0177 10.0016 22.8589 -6.8264 5.8848 0.4818 0.1886 0.4943 0.2443 0.4707 0.2063
3 16 22.8589 -6.8264 5.8848 21.757 0.0177 10.0016 22.8633 0.0177 5.8691 0.4707 0.2063 0.4943 0.2443 0.47 0.2444
3 16 34.1497 -10.7552 17.1624 37.1769 -9.2787 14.1379 34.1583 0.0177 17.1601 0.7613 0.8765 0.786 0.8848 0.7615 0.9362
3 16 34.1583 0.0177 17.1601 37.1769 -9.2787 14.1379 37.1843 0.0177 14.1345 0.7615 0.9362 0.786 0.8848 0.7861 0.9362
3 16 38.1072 -5.7337 9.9871 38.2555 -4.4862 9.9043 37.1843 0.0177 14.1345 0.8106 0.9044 0.815 0.9123 0.7861 0.9362
3 16 38.2555 -4.4862 9.9043 38.292 0.0176 10.0037 37.1843 0.0177 14.1345 0.815 0.9123 0.8107 0.9362 0.7861 0.9362
3 16 38.0669 0.0181 9.1932 38.292 0.0176 10.0037 38.0724 -2.4904 9.1986 0.815 0.9362 0.8107 0.9362 0.815 0.9223
3 16 38.0724 -2.4904 9.1986 38.292 0.0176 10.0037 38.2555 -4.4862 9.9043 0.815 0.9223 0.8107 0.9362 0.815 0.9123
3 16 37.1769 -9.2787 14.1379 37.8313 -8.9574 11.68 38.1072 -5.7337 9.9871 0.786 0.8848 0.801 0.8866 0.8106 0.9044
3 16 22.8618 -15.4508 14.1332 22.8648 0.0177 14.1341 22.1747 -15.7146 11.561 0.5189 0.158 0.5189 0.2444 0.503 0.1558
3 16 22.1747 -15.7146 11.561 22.8648 0.0177 14.1341 21.7564 -13.5674 10.015 0.503 0.1558 0.5189 0.2444 0.4945 0.1685
3 16 21.7564 -13.5674 10.015 22.8648 0.0177 14.1341 21.757 0.0177 10.0016 0.4945 0.1685 0.5189 0.2444 0.4943 0.2443
3 16 25.8852 -14.2893 17.1575 30.0184 -12.7095 18.2719 25.8906 0.0177 17.1599 0.5435 0.1648 0.5686 0.1731 0.5435 0.2444
3 16 25.8906 0.0177 17.1599 30.0184 -12.7095 18.2719 30.0243 0.0112 18.2724 0.5435 0.2444 0.5686 0.1731 0.5681 0.2445
3 16 22.8589 -6.8264 5.8848 22.8633 0.0177 5.8691 23.4491 -4.979 4.8537 0.4707 0.2063 0.47 0.2444 0.4643 0.2164
3 16 23.4491 -4.979 4.8537 22.8633 0.0177 5.8691 23.8756 0.0177 4.4462 0.4643 0.2164 0.47 0.2444 0.4604 0.2445
3 16 22.8618 -15.4508 14.1332 25.8852 -14.2893 17.1575 22.8648 0.0177 14.1341 0.5189 0.158 0.5435 0.1648 0.5189 0.2444
3 16 22.8648 0.0177 14.1341 25.8852 -14.2893 17.1575 25.8906 0.0177 17.1599 0.5189 0.2444 0.5435 0.1648 0.5435 0.2444
3 16 23.4491 -4.979 4.8537 23.8756 0.0177 4.4462 26.4025 -4.9955 2.11 0.4643 0.2164 0.4604 0.2445 0.4396 0.2164
3 16 26.4025 -4.9955 2.11 23.8756 0.0177 4.4462 26.3991 0.0126 2.1134 0.4396 0.2164 0.4604 0.2445 0.4397 0.2443
3 16 -10.0109 -24.0207 9.9913 -10.0172 -24.0181 30 -10.0144 -7.9856 10.0144 0.5817 0.1442 0.4697 0.1442 0.5817 0.0546
3 16 -10.0144 -7.9856 10.0144 -10.0172 -24.0181 30 -10.0177 -7.9823 30 0.5817 0.0546 0.4697 0.1442 0.4697 0.0546
3 16 -10.0172 -24.0181 30 -10.0109 -24.0207 9.9913 -0.9145 -23.5617 30 0.1218 0.3676 0.0098 0.3676 0.1218 0.3166
3 16 -0.9145 -23.5617 30 -10.0109 -24.0207 9.9913 -0.8758 -23.6229 9.9899 0.1218 0.3166 0.0098 0.3676 0.0098 0.3164
3 16 8.73 -22.3157 9.9893 8.6709 -22.2393 30 -0.8758 -23.6229 9.9899 0.0098 0.2622 0.1218 0.2624 0.0098 0.3164
3 16 -0.8758 -23.6229 9.9899 8.6709 -22.2393 30 -0.9145 -23.5617 30 0.0098 0.3164 0.1218 0.2624 0.1218 0.3166
3 16 18.1771 -20.1213 9.9889 17.998 -19.8422 30 8.73 -22.3157 9.9893 0.0098 0.2079 0.1218 0.2085 0.0098 0.2622
3 16 8.73 -22.3157 9.9893 17.998 -19.8422 30 8.6709 -22.2393 30 0.0098 0.2622 0.1218 0.2085 0.1218 0.2624
3 16 26.8898 -17.325 9.9883 35.3529 -13.634 9.9881 26.7721 -17.0637 30 0.0098 0.1567 0.0098 0.105 0.1218 0.1568
3 16 26.7721 -17.0637 30 35.3529 -13.634 9.9881 35.3252 -13.5549 30 0.1218 0.1568 0.0098 0.105 0.1218 0.1049
3 16 35.3529 -13.634 9.9881 44.2716 -8.7534 9.9879 35.3252 -13.5549 30 0.0098 0.105 0.0098 0.0481 0.1218 0.1049
3 16 35.3252 -13.5549 30 44.2716 -8.7534 9.9879 44.2731 -8.7561 30 0.1218 0.1049 0.0098 0.0481 0.1218 0.0481
3 16 50.0174 -5.0104 9.9854 50.022 -5.0119 30 44.2716 -8.7534 9.9879 0.0098 0.0098 0.1218 0.0098 0.0098 0.0481
3 16 44.2716 -8.7534 9.9879 50.022 -5.0119 30 44.2731 -8.7561 30 0.0098 0.0481 0.1218 0.0098 0.1218 0.0481
3 16 50.0177 0.0177 30 50.022 -5.0119 30 50.0173 0.0131 9.9876 0.5014 0.8906 0.5014 0.8626 0.6134 0.8906
3 16 50.0173 0.0131 9.9876 50.022 -5.0119 30 50.0174 -5.0104 9.9854 0.6134 0.8906 0.5014 0.8626 0.6134 0.8626
3 16 46.2325 0.0178 30 50.0177 0.0177 30 46.2327 0.0131 11.9247 0.4736 0.7288 0.4736 0.7498 0.3723 0.7288
3 16 46.2327 0.0131 11.9247 50.0177 0.0177 30 50.0173 0.0131 9.9876 0.3723 0.7288 0.4736 0.7498 0.3616 0.7498
3 16 46.1378 -3.9828 30 46.2325 0.0178 30 46.2281 -3.9225 20 0.4989 0.9349 0.4989 0.9569 0.4429 0.9349
3 16 46.2281 -3.9225 20 46.2325 0.0178 30 46.2327 0.0131 11.9247 0.4429 0.9349 0.4989 0.9569 0.3976 0.9569
3 16 35.8137 -9.936 11.6576 30.6592 -12.4522 11.6278 35.4184 -10.1306 13.116 0.6842 0.401 0.7203 0.4009 0.687 0.409
3 16 35.4184 -10.1306 13.116 30.6592 -12.4522 11.6278 33.1352 -11.2465 15.3983 0.687 0.409 0.7203 0.4009 0.7008 0.4221
3 16 30.6651 -12.4619 16.0551 33.1352 -11.2465 15.3983 30.6592 -12.4522 11.6278 0.7202 0.428 0.7008 0.4221 0.7203 0.4009
3 16 24.2002 -14.9381 11.5742 24.6224 -14.7804 13.1139 30.6592 -12.4522 11.6278 0.7551 0.4009 0.752 0.4092 0.7203 0.4009
3 16 24.6224 -14.7804 13.1139 26.9025 -13.9027 15.3958 30.6592 -12.4522 11.6278 0.752 0.4092 0.7386 0.4221 0.7203 0.4009
3 16 30.6592 -12.4522 11.6278 26.9025 -13.9027 15.3958 30.6651 -12.4619 16.0551 0.7203 0.4009 0.7386 0.4221 0.7202 0.428
3 16 13.0173 0.0131 -2.3458 9.9856 0.0144 10.0144 13.0177 0.0177 30 0.2887 0.2846 0.3577 0.2678 0.4697 0.2846
3 16 13.0177 0.0177 30 9.9856 0.0144 10.0144 9.9823 0.0177 30 0.4697 0.2846 0.3577 0.2678 0.4697 0.2678
3 16 38.1072 -5.7337 9.9871 37.8313 -8.9574 11.68 43.0324 -5.9733 11.7101 0.3181 0.3291 0.3173 0.3492 0.29 0.3309
3 16 43.0324 -5.9733 11.7101 38.2555 -4.4862 9.9043 38.1072 -5.7337 9.9871 0.29 0.3309 0.3196 0.3221 0.3181 0.3291
3 16 46.2297 -3.9245 11.9228 38.0724 -2.4904 9.1986 43.0324 -5.9733 11.7101 0.2726 0.3184 0.3201 0.3103 0.29 0.3309
3 16 43.0324 -5.9733 11.7101 38.0724 -2.4904 9.1986 38.2555 -4.4862 9.9043 0.29 0.3309 0.3201 0.3103 0.3196 0.3221
3 16 46.2297 -3.9245 11.9228 46.2327 0.0131 11.9247 38.0724 -2.4904 9.1986 0.2726 0.3184 0.2726 0.2963 0.3201 0.3103
3 16 38.0724 -2.4904 9.1986 46.2327 0.0131 11.9247 38.0669 0.0181 9.1932 0.3201 0.3103 0.2726 0.2963 0.3202 0.2963
3 16 22.8589 -6.8264 5.8848 23.4491 -4.979 4.8537 13.0157 -11.1965 6.1216 0.3649 0.522 0.3751 0.5166 0.3526 0.5789
3 16 -6.2395 -16.6154 7.0074 -6.2356 0.0144 6.9856 9.9785 -13.3212 6.9955 0.8905 0.2402 0.8904 0.3333 0.7994 0.2586
3 16 9.9785 -13.3212 6.9955 -6.2356 0.0144 6.9856 9.9856 0.0144 6.9856 0.7994 0.2586 0.8904 0.3333 0.7994 0.3333
3 16 13.0177 0.0177 30 13.0149 -18.3326 30 13.0157 -11.1965 6.1216 0.1908 0.7943 0.1908 0.6915 0.3243 0.7317
3 16 13.0157 -11.1965 6.1216 13.0149 -18.3326 30 13.0075 -18.3314 11.4789 0.3243 0.7317 0.1908 0.6915 0.2946 0.6915
3 16 38.1072 -5.7337 9.9871 37.1843 0.0177 14.1345 37.1769 -9.2787 14.1379 0.8106 0.9044 0.7861 0.9362 0.786 0.8848
3 16 13.0177 0.0177 30 13.0098 -4.9794 1.5273 13.0173 0.0131 -2.3458 0.1908 0.7943 0.3496 0.7661 0.3718 0.7944
3 16 13.0157 -11.1965 6.1216 13.0098 -4.9794 1.5273 13.0177 0.0177 30 0.3243 0.7317 0.3496 0.7661 0.1908 0.7943
3 16 13.0075 -18.3314 48.5211 13.0149 -18.3326 30 13.0157 -11.1965 53.8784 0.087 0.6915 0.1908 0.6915 0.0573 0.7317
3 16 13.0157 -11.1965 53.8784 13.0149 -18.3326 30 13.0177 0.0177 30 0.0573 0.7317 0.1908 0.6915 0.1908 0.7943
3 16 13.0098 -4.9794 58.4726 13.0177 0.0177 30 13.0173 0.0131 62.3458 0.032 0.7661 0.1908 0.7943 0.0098 0.7945
3 16 9.9856 0.0144 10.0144 -10.0144 -7.9856 10.0144 -6.2356 -7.9856 10.0144 0.7223 0.1316 0.8343 0.1764 0.8133 0.1764
3 16 5.7663 -18.0808 49.9765 9.9856 0.0144 49.9856 9.9871 -17.1668 49.9797 0.7296 0.0201 0.706 0.1198 0.706 0.0237
3 16 -2.6872 -19.3394 49.9767 9.9856 0.0144 49.9856 1.5396 -18.7101 49.9766 0.7766 0.0129 0.706 0.1198 0.7531 0.0165
3 16 9.9856 0.0144 49.9856 5.7663 -18.0808 49.9765 1.5396 -18.7101 49.9766 0.706 0.1198 0.7296 0.0201 0.7531 0.0165
3 16 -6.2386 -19.6613 49.9794 9.9856 0.0144 49.9856 -2.6872 -19.3394 49.9767 0.797 0.0098 0.706 0.1198 0.7766 0.0129
3 16 -6.2356 -7.9856 49.9856 9.9856 0.0144 49.9856 -6.2386 -19.6613 49.9794 0.797 0.0751 0.706 0.1198 0.797 0.0098
3 16 9.9871 -17.1668 49.9797 9.9856 0.0144 49.9856 9.9823 0.0177 30 0.6371 0.7366 0.6371 0.6404 0.7491 0.6404
3 16 9.9823 0.0177 30 9.9808 -18.9887 30 9.9852 -18.9866 48.5531 0.7491 0.6404 0.7491 0.7469 0.6451 0.7469
3 16 9.9852 -18.9866 11.4469 9.9808 -18.9887 30 9.9823 0.0177 30 0.853 0.7469 0.7491 0.7469 0.7491 0.6404
3 16 9.9856 0.0144 10.0144 9.9871 -17.1668 10.0203 9.9823 0.0177 30 0.861 0.6404 0.861 0.7366 0.7491 0.6404
3 16 5.7662 -18.0808 10.0235 9.9871 -17.1668 10.0203 9.9856 0.0144 10.0144 0.7459 0.2314 0.7223 0.2278 0.7223 0.1316
3 16 -6.2356 -7.9856 10.0144 -6.2386 -19.6613 10.0206 9.9856 0.0144 10.0144 0.8133 0.1764 0.8133 0.2417 0.7223 0.1316
3 16 -2.6871 -19.3394 10.0233 1.4988 -18.8122 10.0234 9.9856 0.0144 10.0144 0.7929 0.2386 0.7691 0.235 0.7223 0.1316
3 16 -6.2386 -19.6613 10.0206 -2.6871 -19.3394 10.0233 9.9856 0.0144 10.0144 0.8133 0.2417 0.7929 0.2386 0.7223 0.1316
3 16 13.0157 -11.1965 53.8784 21.7564 -13.5674 49.985 22.1747 -15.7146 48.439 0.0522 0.5791 0.0824 0.5343 0.0985 0.535
3 16 26.8898 -17.325 9.9883 26.7721 -17.0637 30 18.1771 -20.1213 9.9889 0.0098 0.1567 0.1218 0.1568 0.0098 0.2079
3 16 18.1771 -20.1213 9.9889 26.7721 -17.0637 30 17.998 -19.8422 30 0.0098 0.2079 0.1218 0.1568 0.1218 0.2085
3 16 26.8898 -17.325 50.0117 18.1771 -20.1213 50.0111 26.7721 -17.0637 30 0.2337 0.1567 0.2337 0.2079 0.1218 0.1568
3 16 26.7721 -17.0637 30 18.1771 -20.1213 50.0111 17.998 -19.8422 30 0.1218 0.1568 0.2337 0.2079 0.1218 0.2085
3 16 18.1771 -20.1213 50.0111 8.73 -22.3157 50.0107 17.998 -19.8422 30 0.2337 0.2079 0.2337 0.2622 0.1218 0.2085
3 16 17.998 -19.8422 30 8.73 -22.3157 50.0107 8.6709 -22.2393 30 0.1218 0.2085 0.2337 0.2622 0.1218 0.2624
3 16 8.73 -22.3157 50.0107 -0.8758 -23.6229 50.0101 8.6709 -22.2393 30 0.2337 0.2622 0.2337 0.3164 0.1218 0.2624
3 16 8.6709 -22.2393 30 -0.8758 -23.6229 50.0101 -0.9145 -23.5617 30 0.1218 0.2624 0.2337 0.3164 0.1218 0.3166
3 16 26.8898 -17.325 50.0117 26.7721 -17.0637 30 35.3529 -13.634 50.0119 0.2337 0.1567 0.1218 0.1568 0.2337 0.105
3 16 35.3529 -13.634 50.0119 26.7721 -17.0637 30 35.3252 -13.5549 30 0.2337 0.105 0.1218 0.1568 0.1218 0.1049
3 16 35.3529 -13.634 50.0119 35.3252 -13.5549 30 44.2716 -8.7534 50.0121 0.2337 0.105 0.1218 0.1049 0.2337 0.0481
3 16 44.2716 -8.7534 50.0121 35.3252 -13.5549 30 44.2731 -8.7561 30 0.2337 0.0481 0.1218 0.1049 0.1218 0.0481
3 16 34.2767 -5.0062 55.2666 34.8111 -9.3185 52.6218 42.1421 -5.0058 52.6449 0.4309 0.2969 0.4232 0.3243 0.3844 0.2966
3 16 42.1421 -5.0058 52.6449 34.8111 -9.3185 52.6218 42.9043 -7.1838 51.2713 0.3844 0.2966 0.4232 0.3243 0.3779 0.3101
3 16 34.8098 -9.3147 7.3754 35.3529 -13.634 9.9881 25.7326 -11.712 6.2481 0.6546 0.486 0.6622 0.5133 0.6044 0.5029
3 16 25.7326 -11.712 6.2481 35.3529 -13.634 9.9881 26.8898 -17.325 9.9883 0.6044 0.5029 0.6622 0.5133 0.6174 0.5389
3 16 25.7326 -11.712 6.2481 26.4025 -4.9955 2.11 34.8098 -9.3147 7.3754 0.6044 0.5029 0.6005 0.4588 0.6546 0.486
3 16 34.8098 -9.3147 7.3754 26.4025 -4.9955 2.11 34.2767 -5.0062 4.7334 0.6546 0.486 0.6005 0.4588 0.6469 0.4586
3 16 0 -7.975 30 -0.0001 -7.9823 34.0177 2.0088 -7.9823 33.4794 0.2674 0.1129 0.2616 0.1346 0.2515 0.1288
3 16 4.0223 -7.9888 30 0 -7.975 30 3.4794 -7.9823 32.0089 0.2457 0.1071 0.2674 0.1129 0.2457 0.1187
3 16 -3.4795 -7.9823 32.0088 -4.0177 -7.9823 30 -3.4802 -20.7554 32.0085 0.7048 0.3307 0.7048 0.3192 0.7762 0.3309
3 16 -3.4802 -20.7554 32.0085 -4.0177 -7.9823 30 -4.0182 -20.7858 30 0.7762 0.3309 0.7048 0.3192 0.7764 0.3192
3 16 -2.0089 -7.9823 33.4794 -3.4795 -7.9823 32.0088 -2.0102 -20.6482 33.479 0.7047 0.3421 0.7048 0.3307 0.7756 0.3427
3 16 -2.0102 -20.6482 33.479 -3.4795 -7.9823 32.0088 -3.4802 -20.7554 32.0085 0.7756 0.3427 0.7048 0.3307 0.7762 0.3309
3 16 -0.0001 -7.9823 34.0177 -2.0089 -7.9823 33.4794 -0.0021 -20.4646 34.0176 0.7045 0.3535 0.7047 0.3421 0.7744 0.3544
3 16 -0.0021 -20.4646 34.0176 -2.0089 -7.9823 33.4794 -2.0102 -20.6482 33.479 0.7744 0.3544 0.7047 0.3421 0.7756 0.3427
3 16 2.0088 -7.9823 33.4794 -0.0001 -7.9823 34.0177 2.0066 -20.2587 33.48 0.7043 0.3649 0.7045 0.3535 0.7731 0.3661
3 16 2.0066 -20.2587 33.48 -0.0001 -7.9823 34.0177 -0.0021 -20.4646 34.0176 0.7731 0.3661 0.7045 0.3535 0.7744 0.3544
3 16 3.4794 -7.9823 32.0089 2.0088 -7.9823 33.4794 3.4777 -20.0592 32.0096 0.704 0.3764 0.7043 0.3649 0.7716 0.3781
3 16 3.4777 -20.0592 32.0096 2.0088 -7.9823 33.4794 2.0066 -20.2587 33.48 0.7716 0.3781 0.7043 0.3649 0.7731 0.3661
3 16 4.0223 -7.9888 30 3.4794 -7.9823 32.0089 4.022 -19.9933 30 0.7036 0.388 0.704 0.3764 0.7699 0.3896
3 16 4.022 -19.9933 30 3.4794 -7.9823 32.0089 3.4777 -20.0592 32.0096 0.7699 0.3896 0.704 0.3764 0.7716 0.3781
3 16 -10.0177 -7.9823 30 -10.0144 -7.9856 49.9856 -6.2323 -7.9823 30 0.5189 0.9022 0.6309 0.9022 0.5189 0.9232
3 16 -6.2323 -7.9823 30 -10.0144 -7.9856 49.9856 -6.2356 -7.9856 49.9856 0.5189 0.9232 0.6309 0.9022 0.6309 0.9232
3 16 -6.2323 -7.9823 30 -6.2356 -7.9856 49.9856 -6.225 -19.6697 30 0.1218 0.6711 0.0098 0.6711 0.1218 0.6057
3 16 -6.225 -19.6697 30 -6.2356 -7.9856 49.9856 -6.2386 -19.6613 49.9794 0.1218 0.6057 0.0098 0.6711 0.0098 0.6057
3 16 5.7527 -19.744 48.5958 5.7663 -18.0808 49.9765 9.9852 -18.9866 48.5531 0.8734 0.6033 0.8844 0.6045 0.8731 0.6275
3 16 9.9852 -18.9866 48.5531 5.7663 -18.0808 49.9765 9.9871 -17.1668 49.9797 0.8731 0.6275 0.8844 0.6045 0.8861 0.6287
3 16 -6.2386 -19.6613 49.9794 -6.2391 -20.9098 48.742 -6.225 -19.6697 30 0.0098 0.6057 0.0168 0.5986 0.1218 0.6057
3 16 -6.225 -19.6697 30 -6.2391 -20.9098 48.742 -6.2328 -20.9124 30 0.1218 0.6057 0.0168 0.5986 0.1218 0.5987
3 16 -6.2391 -20.9098 48.742 -6.2386 -19.6613 49.9794 -2.6894 -20.7057 48.6951 0.8742 0.5358 0.8841 0.5367 0.8739 0.5558
3 16 -2.6894 -20.7057 48.6951 -6.2386 -19.6613 49.9794 -2.6872 -19.3394 49.9767 0.8739 0.5558 0.8841 0.5367 0.8835 0.5567
3 16 -6.2328 -20.9124 30 -6.2391 -20.9098 48.742 -4.0182 -20.7858 30 0.7692 0.5358 0.8742 0.5358 0.7696 0.5483
3 16 -4.0182 -20.7858 30 -6.2391 -20.9098 48.742 -3.4802 -20.7554 32.0085 0.7696 0.5483 0.8742 0.5358 0.7807 0.5513
3 16 -3.4802 -20.7554 32.0085 -6.2391 -20.9098 48.742 -2.0102 -20.6482 33.479 0.7807 0.5513 0.8742 0.5358 0.7889 0.5595
3 16 -0.0021 -20.4646 34.0176 -2.0102 -20.6482 33.479 -2.6894 -20.7057 48.6951 0.792 0.5708 0.7889 0.5595 0.8739 0.5558
3 16 -2.6894 -20.7057 48.6951 -2.0102 -20.6482 33.479 -6.2391 -20.9098 48.742 0.8739 0.5558 0.7889 0.5595 0.8742 0.5358
3 16 -2.6894 -20.7057 48.6951 1.5317 -20.2248 48.6454 -0.0021 -20.4646 34.0176 0.8739 0.5558 0.8738 0.5811 0.792 0.5708
3 16 -0.0021 -20.4646 34.0176 1.5317 -20.2248 48.6454 2.0066 -20.2587 33.48 0.792 0.5708 0.8738 0.5811 0.789 0.5822
3 16 4.022 -19.9933 30 3.4777 -20.0592 32.0096 5.752 -19.7417 30 0.7691 0.5938 0.78 0.5909 0.7692 0.6034
3 16 5.752 -19.7417 30 3.4777 -20.0592 32.0096 5.7527 -19.744 48.5958 0.7692 0.6034 0.78 0.5909 0.8734 0.6033
3 16 5.7663 -18.0808 49.9765 5.7527 -19.744 48.5958 1.5396 -18.7101 49.9766 0.8844 0.6045 0.8734 0.6033 0.8851 0.5808
3 16 1.5396 -18.7101 49.9766 5.7527 -19.744 48.5958 1.5317 -20.2248 48.6454 0.8851 0.5808 0.8734 0.6033 0.8738 0.5811
3 16 4.0223 -7.9888 30 3.4794 -7.9823 27.9912 0 -7.975 30 0.2457 0.1071 0.2515 0.0971 0.2674 0.1129
3 16 -4.0182 -20.7858 30 -4.0177 -7.9823 30 -3.4802 -20.7554 27.9915 0.7764 0.3192 0.7048 0.3192 0.7762 0.3075
3 16 -3.4802 -20.7554 27.9915 -4.0177 -7.9823 30 -3.4795 -7.9823 27.9912 0.7762 0.3075 0.7048 0.3192 0.7048 0.3078
3 16 -3.4802 -20.7554 27.9915 -3.4795 -7.9823 27.9912 -2.0102 -20.6482 26.521 0.7762 0.3075 0.7048 0.3078 0.7756 0.2958
3 16 -2.0102 -20.6482 26.521 -3.4795 -7.9823 27.9912 -2.0089 -7.9823 26.5206 0.7756 0.2958 0.7048 0.3078 0.7047 0.2964
3 16 -2.0102 -20.6482 26.521 -2.0089 -7.9823 26.5206 -0.002 -20.4646 25.9823 0.7756 0.2958 0.7047 0.2964 0.7744 0.2841
3 16 -0.002 -20.4646 25.9823 -2.0089 -7.9823 26.5206 -0.0001 -7.9823 25.9823 0.7744 0.2841 0.7047 0.2964 0.7045 0.2849
3 16 -0.002 -20.4646 25.9823 -0.0001 -7.9823 25.9823 2.0065 -20.2587 26.5199 0.7744 0.2841 0.7045 0.2849 0.7731 0.2723
3 16 2.0065 -20.2587 26.5199 -0.0001 -7.9823 25.9823 2.0088 -7.9823 26.5206 0.7731 0.2723 0.7045 0.2849 0.7043 0.2735
3 16 2.0065 -20.2587 26.5199 2.0088 -7.9823 26.5206 3.4777 -20.0592 27.9904 0.7731 0.2723 0.7043 0.2735 0.7716 0.2604
3 16 3.4777 -20.0592 27.9904 2.0088 -7.9823 26.5206 3.4794 -7.9823 27.9912 0.7716 0.2604 0.7043 0.2735 0.704 0.2621
3 16 3.4777 -20.0592 27.9904 3.4794 -7.9823 27.9912 4.022 -19.9933 30 0.7716 0.2604 0.704 0.2621 0.7703 0.2489
3 16 4.022 -19.9933 30 3.4794 -7.9823 27.9912 4.0223 -7.9888 30 0.7703 0.2489 0.704 0.2621 0.7036 0.2505
3 16 -10.0177 -7.9823 30 -6.2323 -7.9823 30 -10.0144 -7.9856 10.0144 0.5189 0.9022 0.5189 0.9232 0.4069 0.9022
3 16 -10.0144 -7.9856 10.0144 -6.2323 -7.9823 30 -6.2356 -7.9856 10.0144 0.4069 0.9022 0.5189 0.9232 0.4069 0.9232
3 16 -6.2323 -7.9823 30 -6.225 -19.6697 30 -6.2356 -7.9856 10.0144 0.1218 0.6711 0.1218 0.6057 0.2337 0.6711
3 16 -6.2356 -7.9856 10.0144 -6.225 -19.6697 30 -6.2386 -19.6613 10.0206 0.2337 0.6711 0.1218 0.6057 0.2338 0.6057
3 16 -2.6871 -19.3394 10.0233 -6.2386 -19.6613 10.0206 -2.6891 -20.7056 11.3049 0.6548 0.5567 0.6543 0.5367 0.6645 0.5558
3 16 -2.6891 -20.7056 11.3049 -6.2386 -19.6613 10.0206 -6.2391 -20.9098 11.258 0.6645 0.5558 0.6543 0.5367 0.6642 0.5358
3 16 9.9871 -17.1668 10.0203 5.7662 -18.0808 10.0235 9.9852 -18.9866 11.4469 0.6522 0.6287 0.6539 0.6045 0.6652 0.6274
3 16 9.9852 -18.9866 11.4469 5.7662 -18.0808 10.0235 5.7525 -19.744 11.4042 0.6652 0.6274 0.6539 0.6045 0.665 0.6033
3 16 -6.2386 -19.6613 10.0206 -6.225 -19.6697 30 -6.2391 -20.9098 11.258 0.2338 0.6057 0.1218 0.6057 0.2268 0.5987
3 16 -6.2391 -20.9098 11.258 -6.225 -19.6697 30 -6.2328 -20.9124 30 0.2268 0.5987 0.1218 0.6057 0.1218 0.5987
3 16 -6.2328 -20.9124 30 -4.0182 -20.7858 30 -6.2391 -20.9098 11.258 0.7692 0.5358 0.7696 0.5483 0.6642 0.5358
3 16 -4.0182 -20.7858 30 -3.4802 -20.7554 27.9915 -6.2391 -20.9098 11.258 0.7696 0.5483 0.7577 0.5513 0.6642 0.5358
3 16 -3.4802 -20.7554 27.9915 -2.0102 -20.6482 26.521 -6.2391 -20.9098 11.258 0.7577 0.5513 0.7494 0.5596 0.6642 0.5358
3 16 -2.6891 -20.7056 11.3049 -6.2391 -20.9098 11.258 -2.0102 -20.6482 26.521 0.6645 0.5558 0.6642 0.5358 0.7494 0.5596
3 16 5.7525 -19.744 11.4042 5.752 -19.7417 30 9.9852 -18.9866 11.4469 0.665 0.6033 0.7692 0.6034 0.6652 0.6274
3 16 9.9852 -18.9866 11.4469 5.752 -19.7417 30 9.9808 -18.9887 30 0.6652 0.6274 0.7692 0.6034 0.7692 0.6275
3 16 2.0065 -20.2587 26.5199 1.4972 -20.322 11.3559 -0.002 -20.4646 25.9823 0.7493 0.5822 0.6648 0.5811 0.7464 0.5708
3 16 -0.002 -20.4646 25.9823 1.4972 -20.322 11.3559 -2.6891 -20.7056 11.3049 0.7464 0.5708 0.6648 0.5811 0.6645 0.5558
3 16 -2.0102 -20.6482 26.521 -0.002 -20.4646 25.9823 -2.6891 -20.7056 11.3049 0.7494 0.5596 0.7464 0.5708 0.6645 0.5558
3 16 1.4972 -20.322 11.3559 2.0065 -20.2587 26.5199 5.7525 -19.744 11.4042 0.6648 0.5811 0.7493 0.5822 0.665 0.6033
3 16 5.7525 -19.744 11.4042 2.0065 -20.2587 26.5199 3.4777 -20.0592 27.9904 0.665 0.6033 0.7493 0.5822 0.7583 0.5909
3 16 4.022 -19.9933 30 5.752 -19.7417 30 3.4777 -20.0592 27.9904 0.7691 0.5938 0.7692 0.6034 0.7583 0.5909
3 16 5.7662 -18.0808 10.0235 1.4988 -18.8122 10.0234 5.7525 -19.744 11.4042 0.6539 0.6045 0.6534 0.5817 0.665 0.6033
3 16 5.7525 -19.744 11.4042 1.4988 -18.8122 10.0234 1.4972 -20.322 11.3559 0.665 0.6033 0.6534 0.5817 0.6648 0.5811
3 16 0 -7.975 30 -3.4795 -7.9823 27.9912 -4.0177 -7.9823 30 0.2674 0.1129 0.289 0.1071 0.289 0.1187
3 16 0 -7.975 30 -4.0177 -7.9823 30 -3.4795 -7.9823 32.0088 0.2674 0.1129 0.289 0.1187 0.2832 0.1288
3 16 -3.4795 -7.9823 32.0088 -2.0089 -7.9823 33.4794 0 -7.975 30 0.2832 0.1288 0.2732 0.1346 0.2674 0.1129
3 16 -2.0089 -7.9823 33.4794 -0.0001 -7.9823 34.0177 0 -7.975 30 0.2732 0.1346 0.2616 0.1346 0.2674 0.1129
3 16 2.0088 -7.9823 33.4794 3.4794 -7.9823 32.0089 0 -7.975 30 0.2515 0.1288 0.2457 0.1187 0.2674 0.1129
3 16 -2.0089 -7.9823 26.5206 0 -7.975 30 -0.0001 -7.9823 25.9823 0.2832 0.0971 0.2674 0.1129 0.2732 0.0913
3 16 -0.0001 -7.9823 25.9823 0 -7.975 30 2.0088 -7.9823 26.5206 0.2732 0.0913 0.2674 0.1129 0.2616 0.0913
3 16 0 -7.975 30 3.4794 -7.9823 27.9912 2.0088 -7.9823 26.5206 0.2674 0.1129 0.2515 0.0971 0.2616 0.0913
3 16 -3.4795 -7.9823 27.9912 0 -7.975 30 -2.0089 -7.9823 26.5206 0.289 0.1071 0.2674 0.1129 0.2832 0.0971
3 16 -2.6891 -20.7056 11.3049 1.4972 -20.322 11.3559 -2.6871 -19.3394 10.0233 0.6645 0.5558 0.6648 0.5811 0.6548 0.5567
3 16 -2.6871 -19.3394 10.0233 1.4972 -20.322 11.3559 1.4988 -18.8122 10.0234 0.6548 0.5567 0.6648 0.5811 0.6534 0.5817
3 16 9.9808 -18.9887 30 5.752 -19.7417 30 9.9852 -18.9866 48.5531 0.7692 0.6275 0.7692 0.6034 0.8731 0.6275
3 16 9.9852 -18.9866 48.5531 5.752 -19.7417 30 5.7527 -19.744 48.5958 0.8731 0.6275 0.7692 0.6034 0.8734 0.6033
3 16 1.5317 -20.2248 48.6454 5.7527 -19.744 48.5958 2.0066 -20.2587 33.48 0.8738 0.5811 0.8734 0.6033 0.789 0.5822
3 16 2.0066 -20.2587 33.48 5.7527 -19.744 48.5958 3.4777 -20.0592 32.0096 0.789 0.5822 0.8734 0.6033 0.78 0.5909
3 16 1.5396 -18.7101 49.9766 1.5317 -20.2248 48.6454 -2.6872 -19.3394 49.9767 0.8851 0.5808 0.8738 0.5811 0.8835 0.5567
3 16 -2.6872 -19.3394 49.9767 1.5317 -20.2248 48.6454 -2.6894 -20.7057 48.6951 0.8835 0.5567 0.8738 0.5811 0.8739 0.5558
3 16 5.7525 -19.744 11.4042 3.4777 -20.0592 27.9904 5.752 -19.7417 30 0.665 0.6033 0.7583 0.5909 0.7692 0.6034
0 STEP
