0 Untitled Model
0 Name: Untitled Model
0 Author: 
0 BFC CERTIFY CCW
3 16 -4.0431 -9.465 10 -3.5048 -9.1663 12.0134 -4.0354 0.0354 10 0.0256 0.041 0.0256 0.041 0.0256 0.041
3 16 -4.0354 0.0354 10 -3.5048 -9.1663 12.0134 -3.4949 0.0354 12.0174 0.0256 0.041 0.0256 0.041 0.0256 0.041
3 16 -3.5048 -9.1663 12.0134 -2.0332 -8.341 13.4897 -3.4949 0.0354 12.0174 0.0256 0.041 0.0256 0.041 0.0256 0.041
3 16 -3.4949 0.0354 12.0174 -2.0332 -8.341 13.4897 -2.0182 0.0354 13.4945 0.0256 0.041 0.0256 0.041 0.0256 0.041
3 16 -2.0332 -8.341 13.4897 -0.0204 -7.2183 14.0343 -2.0182 0.0354 13.4945 0.0256 0.041 0.0256 0.041 0.0256 0.041
3 16 -2.0182 0.0354 13.4945 -0.0204 -7.2183 14.0343 -0.0006 0.0354 14.0354 0.0256 0.041 0.0256 0.041 0.0256 0.041
3 16 -0.0204 -7.2183 14.0343 1.9966 -6.0944 13.5002 -0.0006 0.0354 14.0354 0.0256 0.041 0.0256 0.041 0.0256 0.041
3 16 -0.0006 0.0354 14.0354 1.9966 -6.0944 13.5002 2.0172 0.0354 13.495 0.0256 0.041 0.0256 0.041 0.0256 0.041
3 16 1.9966 -6.0944 13.5002 3.4724 -5.2027 12.0138 2.0172 0.0354 13.495 0.0256 0.041 0.0256 0.041 0.0256 0.041
3 16 2.0172 0.0354 13.495 3.4724 -5.2027 12.0138 3.4947 0.0354 12.0177 0.0256 0.041 0.0256 0.041 0.0256 0.041
3 16 3.4947 0.0354 12.0177 3.4724 -5.2027 12.0138 4.0354 0.0354 10 0.0256 0.041 0.0256 0.041 0.0256 0.041
3 16 4.0354 0.0354 10 3.4724 -5.2027 12.0138 4.0354 -5.2146 10 0.0256 0.041 0.0256 0.041 0.0256 0.041
3 16 -4.0354 0.0354 10 -3.4949 0.0354 12.0174 -1.9646 0.0354 10 0.0256 0.041 0.0256 0.041 0.0256 0.041
3 16 -1.9646 0.0354 10 -3.4949 0.0354 12.0174 -1.7013 0.0354 10.9825 0.0256 0.041 0.0256 0.041 0.0256 0.041
3 16 -1.7013 0.0354 10.9825 -3.4949 0.0354 12.0174 -0.9821 0.0354 11.7016 0.0256 0.041 0.0256 0.041 0.0256 0.041
3 16 -0.9821 0.0354 11.7016 -3.4949 0.0354 12.0174 -2.0182 0.0354 13.4945 0.0256 0.041 0.0256 0.041 0.0256 0.041
3 16 -0.9821 0.0354 11.7016 -2.0182 0.0354 13.4945 0.0003 0.0354 11.9647 0.0256 0.041 0.0256 0.041 0.0256 0.041
3 16 0.0003 0.0354 11.9647 -2.0182 0.0354 13.4945 -0.0006 0.0354 14.0354 0.0256 0.041 0.0256 0.041 0.0256 0.041
3 16 0.0003 0.0354 11.9647 -0.0006 0.0354 14.0354 0.9825 0.0354 11.7013 0.0256 0.041 0.0256 0.041 0.0256 0.041
3 16 0.9825 0.0354 11.7013 -0.0006 0.0354 14.0354 2.0172 0.0354 13.495 0.0256 0.041 0.0256 0.041 0.0256 0.041
3 16 0.9825 0.0354 11.7013 2.0172 0.0354 13.495 1.7015 0.0354 10.9823 0.0256 0.041 0.0256 0.041 0.0256 0.041
3 16 1.7015 0.0354 10.9823 2.0172 0.0354 13.495 3.4947 0.0354 12.0177 0.0256 0.041 0.0256 0.041 0.0256 0.041
3 16 3.4947 0.0354 12.0177 4.0354 0.0354 10 1.7015 0.0354 10.9823 0.0256 0.041 0.0256 0.041 0.0256 0.041
3 16 1.7015 0.0354 10.9823 4.0354 0.0354 10 1.9646 0.0354 10 0.0256 0.041 0.0256 0.041 0.0256 0.041
3 16 -0.0222 -7.2517 10 1.6933 -6.3831 10.9833 1.9575 -6.2764 10 0.0256 0.041 0.0256 0.041 0.0256 0.041
3 16 -0.0222 -7.2517 10 -1.9737 -8.2476 10 -1.712 -8.0907 10.9783 0.0256 0.041 0.0256 0.041 0.0256 0.041
3 16 -0.9952 -7.7122 11.6978 -0.0222 -7.2517 10 -1.712 -8.0907 10.9783 0.0256 0.041 0.0256 0.041 0.0256 0.041
3 16 -0.0129 -7.2126 11.9637 -0.0222 -7.2517 10 -0.9952 -7.7122 11.6978 0.0256 0.041 0.0256 0.041 0.0256 0.041
3 16 0.9717 -6.7259 11.7025 -0.0222 -7.2517 10 -0.0129 -7.2126 11.9637 0.0256 0.041 0.0256 0.041 0.0256 0.041
3 16 1.6933 -6.3831 10.9833 -0.0222 -7.2517 10 0.9717 -6.7259 11.7025 0.0256 0.041 0.0256 0.041 0.0256 0.041
3 16 1.6933 -6.3831 10.9833 1.7015 0.0354 10.9823 1.9575 -6.2764 10 0.0256 0.041 0.0256 0.041 0.0256 0.041
3 16 1.9575 -6.2764 10 1.7015 0.0354 10.9823 1.9646 0.0354 10 0.0256 0.041 0.0256 0.041 0.0256 0.041
3 16 -1.7013 0.0354 10.9825 -1.712 -8.0907 10.9783 -1.9646 0.0354 10 0.0256 0.041 0.0256 0.041 0.0256 0.041
3 16 -1.9646 0.0354 10 -1.712 -8.0907 10.9783 -1.9737 -8.2476 10 0.0256 0.041 0.0256 0.041 0.0256 0.041
3 16 -0.9821 0.0354 11.7016 -0.9952 -7.7122 11.6978 -1.7013 0.0354 10.9825 0.0256 0.041 0.0256 0.041 0.0256 0.041
3 16 -1.7013 0.0354 10.9825 -0.9952 -7.7122 11.6978 -1.712 -8.0907 10.9783 0.0256 0.041 0.0256 0.041 0.0256 0.041
3 16 0.0003 0.0354 11.9647 -0.0129 -7.2126 11.9637 -0.9821 0.0354 11.7016 0.0256 0.041 0.0256 0.041 0.0256 0.041
3 16 -0.9821 0.0354 11.7016 -0.0129 -7.2126 11.9637 -0.9952 -7.7122 11.6978 0.0256 0.041 0.0256 0.041 0.0256 0.041
3 16 0.9825 0.0354 11.7013 0.9717 -6.7259 11.7025 0.0003 0.0354 11.9647 0.0256 0.041 0.0256 0.041 0.0256 0.041
3 16 0.0003 0.0354 11.9647 0.9717 -6.7259 11.7025 -0.0129 -7.2126 11.9637 0.0256 0.041 0.0256 0.041 0.0256 0.041
3 16 0.9717 -6.7259 11.7025 0.9825 0.0354 11.7013 1.6933 -6.3831 10.9833 0.0256 0.041 0.0256 0.041 0.0256 0.041
3 16 1.6933 -6.3831 10.9833 0.9825 0.0354 11.7013 1.7015 0.0354 10.9823 0.0256 0.041 0.0256 0.041 0.0256 0.041
3 16 -4.6256 -13.0308 30.0354 -10.0289 -1.2211 30.0289 -10.0354 -12.8937 30.0354 0.0256 0.041 0.0256 0.041 0.0256 0.041
3 16 -9.0848 -15.5484 10 -9.0848 -15.5484 27.6478 -10.0354 -15.5354 10 0.0256 0.041 0.0256 0.041 0.0256 0.041
3 16 -10.0354 -15.5354 10 -9.0848 -15.5484 27.6478 -10.0354 -15.5354 27.6477 0.0256 0.041 0.0256 0.041 0.0256 0.041
3 16 -10.0354 -15.5354 27.6477 -9.0848 -15.5484 27.6478 -10.0354 -15.3162 28.4844 0.0256 0.041 0.0256 0.041 0.0256 0.041
3 16 -10.0354 -15.3162 28.4844 -9.0848 -15.5484 27.6478 -8.7086 -15.3306 28.4825 0.0256 0.041 0.0256 0.041 0.0256 0.041
3 16 -4.6256 -13.0308 30.0354 -10.0354 -12.8937 30.0354 -5.7383 -13.6573 29.9223 0.0256 0.041 0.0256 0.041 0.0256 0.041
3 16 -5.7383 -13.6573 29.9223 -10.0354 -12.8937 30.0354 -10.0354 -13.611 29.9246 0.0256 0.041 0.0256 0.041 0.0256 0.041
3 16 -5.7383 -13.6573 29.9223 -10.0354 -13.611 29.9246 -6.8486 -14.2827 29.6541 0.0256 0.041 0.0256 0.041 0.0256 0.041
3 16 -6.8486 -14.2827 29.6541 -10.0354 -13.611 29.9246 -10.0354 -14.2584 29.6576 0.0256 0.041 0.0256 0.041 0.0256 0.041
3 16 -6.8486 -14.2827 29.6541 -10.0354 -14.2584 29.6576 -7.9022 -14.8763 29.1676 0.0256 0.041 0.0256 0.041 0.0256 0.041
3 16 -7.9022 -14.8763 29.1676 -10.0354 -14.2584 29.6576 -10.0354 -14.8583 29.1711 0.0256 0.041 0.0256 0.041 0.0256 0.041
3 16 -7.9022 -14.8763 29.1676 -10.0354 -14.8583 29.1711 -8.7086 -15.3306 28.4825 0.0256 0.041 0.0256 0.041 0.0256 0.041
3 16 -8.7086 -15.3306 28.4825 -10.0354 -14.8583 29.1711 -10.0354 -15.3162 28.4844 0.0256 0.041 0.0256 0.041 0.0256 0.041
3 16 -10.0289 -1.2211 30.0289 -8.2213 -1.2102 29.5294 -9.0692 -1.2089 29.0699 0.0256 0.041 0.0256 0.041 0.0256 0.041
3 16 9.0699 -1.2089 29.0691 8.2696 -1.2102 29.5302 10.0289 -1.2211 30.0289 0.0256 0.041 0.0256 0.041 0.0256 0.041
3 16 10.0431 -4.8251 10 10.0353 -1.2145 10 10.0431 -4.8253 27.6473 0.0256 0.041 0.0256 0.041 0.0256 0.041
3 16 10.0431 -4.8253 27.6473 10.0353 -1.2145 10 10.0289 -1.2211 30.0289 0.0256 0.041 0.0256 0.041 0.0256 0.041
3 16 -10.05 -13.6204 28.2686 -10.05 -13.6204 10 -10.0354 -15.5354 27.6477 0.0256 0.041 0.0256 0.041 0.0256 0.041
3 16 -10.0354 -15.5354 27.6477 -10.05 -13.6204 10 -10.0354 -15.5354 10 0.0256 0.041 0.0256 0.041 0.0256 0.041
3 16 -10.0289 -1.2211 30.0289 -10.0353 -1.2146 28.2686 -10.0354 -12.8937 30.0354 0.0256 0.041 0.0256 0.041 0.0256 0.041
3 16 -10.0354 -12.8937 30.0354 -10.0353 -1.2146 28.2686 -10.05 -13.6204 28.2686 0.0256 0.041 0.0256 0.041 0.0256 0.041
3 16 -10.0354 -12.8937 30.0354 -10.05 -13.6204 28.2686 -10.0354 -13.611 29.9246 0.0256 0.041 0.0256 0.041 0.0256 0.041
3 16 -10.05 -13.6204 28.2686 -10.0354 -14.2584 29.6576 -10.0354 -13.611 29.9246 0.0256 0.041 0.0256 0.041 0.0256 0.041
3 16 -10.05 -13.6204 28.2686 -10.0354 -14.8583 29.1711 -10.0354 -14.2584 29.6576 0.0256 0.041 0.0256 0.041 0.0256 0.041
3 16 -10.05 -13.6204 28.2686 -10.0354 -15.3162 28.4844 -10.0354 -14.8583 29.1711 0.0256 0.041 0.0256 0.041 0.0256 0.041
3 16 -10.05 -13.6204 28.2686 -10.0354 -15.5354 27.6477 -10.0354 -15.3162 28.4844 0.0256 0.041 0.0256 0.041 0.0256 0.041
3 16 -9.5302 -1.2127 28.2696 -10.0353 -1.2146 28.2686 -9.0692 -1.2089 29.0699 0.0256 0.041 0.0256 0.041 0.0256 0.041
3 16 -9.0692 -1.2089 29.0699 -10.0353 -1.2146 28.2686 -10.0289 -1.2211 30.0289 0.0256 0.041 0.0256 0.041 0.0256 0.041
3 16 -10.0289 -1.2211 30.0289 10.0289 -1.2211 30.0289 -8.2213 -1.2102 29.5294 0.0256 0.041 0.0256 0.041 0.0256 0.041
3 16 -8.2213 -1.2102 29.5294 10.0289 -1.2211 30.0289 8.2696 -1.2102 29.5302 0.0256 0.041 0.0256 0.041 0.0256 0.041
3 16 10.0373 -4.8219 30.0251 10.0289 -1.2211 30.0289 -4.6256 -13.0308 30.0354 0.0256 0.041 0.0256 0.041 0.0256 0.041
3 16 -4.6256 -13.0308 30.0354 10.0289 -1.2211 30.0289 -10.0289 -1.2211 30.0289 0.0256 0.041 0.0256 0.041 0.0256 0.041
3 16 9.5304 -1.2102 10 9.5303 -1.2102 28.2176 10.0353 -1.2145 10 0.0256 0.041 0.0256 0.041 0.0256 0.041
3 16 10.0353 -1.2145 10 9.5303 -1.2102 28.2176 10.0289 -1.2211 30.0289 0.0256 0.041 0.0256 0.041 0.0256 0.041
3 16 10.0289 -1.2211 30.0289 9.5303 -1.2102 28.2176 9.0699 -1.2089 29.0691 0.0256 0.041 0.0256 0.041 0.0256 0.041
3 16 9.0699 -1.2089 29.0691 8.7364 0.0412 28.7353 8.2696 -1.2102 29.5302 0.0256 0.041 0.0256 0.041 0.0256 0.041
3 16 8.2696 -1.2102 29.5302 8.7364 0.0412 28.7353 7.9129 0.0398 29.192 0.0256 0.041 0.0256 0.041 0.0256 0.041
3 16 8.2696 -1.2102 29.5302 7.9129 0.0398 29.192 -8.2213 -1.2102 29.5294 0.0256 0.041 0.0256 0.041 0.0256 0.041
3 16 -8.2213 -1.2102 29.5294 7.9129 0.0398 29.192 -7.9344 0.0398 29.192 0.0256 0.041 0.0256 0.041 0.0256 0.041
3 16 -9.5302 -1.2127 28.2696 -9.1946 0.0397 27.886 -9.5303 -1.2128 10 0.0256 0.041 0.0256 0.041 0.0256 0.041
3 16 -9.5303 -1.2128 10 -9.1946 0.0397 27.886 -9.1939 0.0397 10 0.0256 0.041 0.0256 0.041 0.0256 0.041
3 16 -9.0692 -1.2089 29.0699 -8.7361 0.0411 28.7359 -9.5302 -1.2127 28.2696 0.0256 0.041 0.0256 0.041 0.0256 0.041
3 16 -9.5302 -1.2127 28.2696 -8.7361 0.0411 28.7359 -9.1946 0.0397 27.886 0.0256 0.041 0.0256 0.041 0.0256 0.041
3 16 -7.9344 0.0398 29.192 -8.7361 0.0411 28.7359 -8.2213 -1.2102 29.5294 0.0256 0.041 0.0256 0.041 0.0256 0.041
3 16 -8.2213 -1.2102 29.5294 -8.7361 0.0411 28.7359 -9.0692 -1.2089 29.0699 0.0256 0.041 0.0256 0.041 0.0256 0.041
3 16 9.1955 0.0397 10 9.1954 0.0397 27.8375 9.5304 -1.2102 10 0.0256 0.041 0.0256 0.041 0.0256 0.041
3 16 9.5304 -1.2102 10 9.1954 0.0397 27.8375 9.5303 -1.2102 28.2176 0.0256 0.041 0.0256 0.041 0.0256 0.041
3 16 9.1954 0.0397 27.8375 8.7364 0.0412 28.7353 9.5303 -1.2102 28.2176 0.0256 0.041 0.0256 0.041 0.0256 0.041
3 16 9.5303 -1.2102 28.2176 8.7364 0.0412 28.7353 9.0699 -1.2089 29.0691 0.0256 0.041 0.0256 0.041 0.0256 0.041
3 16 8.7364 0.0412 28.7353 6.2211 0.0289 26.2211 7.9129 0.0398 29.192 0.0256 0.041 0.0256 0.041 0.0256 0.041
3 16 6.2211 0.0289 26.2211 -6.2211 0.0289 26.2211 7.9129 0.0398 29.192 0.0256 0.041 0.0256 0.041 0.0256 0.041
3 16 7.9129 0.0398 29.192 -6.2211 0.0289 26.2211 -7.9344 0.0398 29.192 0.0256 0.041 0.0256 0.041 0.0256 0.041
3 16 -9.1946 0.0397 27.886 -6.2211 0.0289 26.2211 -9.1939 0.0397 10 0.0256 0.041 0.0256 0.041 0.0256 0.041
3 16 -9.1939 0.0397 10 -6.2211 0.0289 26.2211 -6.2143 0.0354 10 0.0256 0.041 0.0256 0.041 0.0256 0.041
3 16 -8.7361 0.0411 28.7359 -6.2211 0.0289 26.2211 -9.1946 0.0397 27.886 0.0256 0.041 0.0256 0.041 0.0256 0.041
3 16 -7.9344 0.0398 29.192 -6.2211 0.0289 26.2211 -8.7361 0.0411 28.7359 0.0256 0.041 0.0256 0.041 0.0256 0.041
3 16 6.2146 0.0354 10 6.2211 0.0289 26.2211 9.1955 0.0397 10 0.0256 0.041 0.0256 0.041 0.0256 0.041
3 16 9.1955 0.0397 10 6.2211 0.0289 26.2211 9.1954 0.0397 27.8375 0.0256 0.041 0.0256 0.041 0.0256 0.041
3 16 9.1954 0.0397 27.8375 6.2211 0.0289 26.2211 8.7364 0.0412 28.7353 0.0256 0.041 0.0256 0.041 0.0256 0.041
3 16 6.2211 0.0289 26.2211 3.6251 -5.1768 26.2153 -6.2211 0.0289 26.2211 0.0256 0.041 0.0256 0.041 0.0256 0.041
3 16 -6.2211 0.0289 26.2211 3.6251 -5.1768 26.2153 -6.2321 -10.7175 26.2147 0.0256 0.041 0.0256 0.041 0.0256 0.041
3 16 -6.2211 0.0289 26.2211 -6.2321 -10.7175 26.2147 -6.2143 0.0354 10 0.0256 0.041 0.0256 0.041 0.0256 0.041
3 16 -6.2143 0.0354 10 -6.2321 -10.7175 26.2147 -6.2246 -10.705 10 0.0256 0.041 0.0256 0.041 0.0256 0.041
3 16 6.2146 0.0354 10 6.2069 -3.7229 21.6617 6.2211 0.0289 26.2211 0.0256 0.041 0.0256 0.041 0.0256 0.041
3 16 6.2211 0.0289 26.2211 6.2069 -3.7229 21.6617 6.2127 -3.7263 26.2249 0.0256 0.041 0.0256 0.041 0.0256 0.041
3 16 6.2146 0.0354 10 6.2146 -5.2146 10 6.2069 -3.7229 21.6617 0.0256 0.041 0.0256 0.041 0.0256 0.041
3 16 6.2069 -3.7229 21.6617 6.2146 -5.2146 10 6.2147 -5.2146 21.6602 0.0256 0.041 0.0256 0.041 0.0256 0.041
3 16 4.674 -5.2146 24.2728 4.6618 -4.5939 24.2773 5.5086 -5.2146 23.2206 0.0256 0.041 0.0256 0.041 0.0256 0.041
3 16 5.5086 -5.2146 23.2206 4.6618 -4.5939 24.2773 5.4988 -4.1198 23.2241 0.0256 0.041 0.0256 0.041 0.0256 0.041
3 16 5.5086 -5.2146 23.2206 5.4988 -4.1198 23.2241 6.2147 -5.2146 21.6602 0.0256 0.041 0.0256 0.041 0.0256 0.041
3 16 6.2147 -5.2146 21.6602 5.4988 -4.1198 23.2241 6.2069 -3.7229 21.6617 0.0256 0.041 0.0256 0.041 0.0256 0.041
3 16 4.674 -5.2146 24.2728 3.44 -5.2095 25.264 4.6618 -4.5939 24.2773 0.0256 0.041 0.0256 0.041 0.0256 0.041
3 16 6.2211 0.0289 26.2211 6.2127 -3.7263 26.2249 3.6251 -5.1768 26.2153 0.0256 0.041 0.0256 0.041 0.0256 0.041
3 16 6.2127 -3.7263 26.2249 4.6618 -4.5939 24.2773 3.6251 -5.1768 26.2153 0.0256 0.041 0.0256 0.041 0.0256 0.041
3 16 3.6251 -5.1768 26.2153 4.6618 -4.5939 24.2773 3.44 -5.2095 25.264 0.0256 0.041 0.0256 0.041 0.0256 0.041
3 16 5.4988 -4.1198 23.2241 4.6618 -4.5939 24.2773 6.2127 -3.7263 26.2249 0.0256 0.041 0.0256 0.041 0.0256 0.041
3 16 6.2069 -3.7229 21.6617 5.4988 -4.1198 23.2241 6.2127 -3.7263 26.2249 0.0256 0.041 0.0256 0.041 0.0256 0.041
3 16 3.4513 -5.2017 21.6618 4.674 -5.2146 24.2728 5.5086 -5.2146 23.2206 0.0256 0.041 0.0256 0.041 0.0256 0.041
3 16 3.4513 -5.2017 21.6618 5.5086 -5.2146 23.2206 6.2147 -5.2146 21.6602 0.0256 0.041 0.0256 0.041 0.0256 0.041
3 16 3.4513 -5.2017 21.6618 3.44 -5.2095 25.264 4.674 -5.2146 24.2728 0.0256 0.041 0.0256 0.041 0.0256 0.041
3 16 3.4513 -5.2017 21.6618 -6.2321 -10.7175 26.2147 3.44 -5.2095 25.264 0.0256 0.041 0.0256 0.041 0.0256 0.041
3 16 -6.2321 -10.7175 26.2147 3.6251 -5.1768 26.2153 3.44 -5.2095 25.264 0.0256 0.041 0.0256 0.041 0.0256 0.041
3 16 3.4724 -5.2027 12.0138 3.4513 -5.2017 21.6618 6.2147 -5.2146 21.6602 0.0256 0.041 0.0256 0.041 0.0256 0.041
3 16 -6.2246 -10.705 10 -6.2321 -10.7175 26.2147 -4.0431 -9.465 10 0.0256 0.041 0.0256 0.041 0.0256 0.041
3 16 -4.0431 -9.465 10 -6.2321 -10.7175 26.2147 -3.5048 -9.1663 12.0134 0.0256 0.041 0.0256 0.041 0.0256 0.041
3 16 6.2146 -5.2146 10 4.0354 -5.2146 10 6.2147 -5.2146 21.6602 0.0256 0.041 0.0256 0.041 0.0256 0.041
3 16 4.0354 -5.2146 10 3.4724 -5.2027 12.0138 6.2147 -5.2146 21.6602 0.0256 0.041 0.0256 0.041 0.0256 0.041
3 16 3.4513 -5.2017 21.6618 3.4724 -5.2027 12.0138 1.9966 -6.0944 13.5002 0.0256 0.041 0.0256 0.041 0.0256 0.041
3 16 -6.2321 -10.7175 26.2147 3.4513 -5.2017 21.6618 -0.0204 -7.2183 14.0343 0.0256 0.041 0.0256 0.041 0.0256 0.041
3 16 -0.0204 -7.2183 14.0343 3.4513 -5.2017 21.6618 1.9966 -6.0944 13.5002 0.0256 0.041 0.0256 0.041 0.0256 0.041
3 16 -6.2321 -10.7175 26.2147 -0.0204 -7.2183 14.0343 -2.0332 -8.341 13.4897 0.0256 0.041 0.0256 0.041 0.0256 0.041
3 16 -6.2321 -10.7175 26.2147 -2.0332 -8.341 13.4897 -3.5048 -9.1663 12.0134 0.0256 0.041 0.0256 0.041 0.0256 0.041
3 16 10.0373 -4.8219 30.0251 10.0431 -4.8253 27.6473 10.0289 -1.2211 30.0289 0.0256 0.041 0.0256 0.041 0.0256 0.041
3 16 -4.0431 -9.465 10 -4.0354 0.0354 10 -3.5048 -9.1663 7.9866 0.0256 0.041 0.0256 0.041 0.0256 0.041
3 16 -3.5048 -9.1663 7.9866 -4.0354 0.0354 10 -3.4949 0.0354 7.9826 0.0256 0.041 0.0256 0.041 0.0256 0.041
3 16 -2.0182 0.0354 6.5056 -2.0332 -8.341 6.5103 -3.4949 0.0354 7.9826 0.0256 0.041 0.0256 0.041 0.0256 0.041
3 16 -3.4949 0.0354 7.9826 -2.0332 -8.341 6.5103 -3.5048 -9.1663 7.9866 0.0256 0.041 0.0256 0.041 0.0256 0.041
3 16 -0.0006 0.0354 5.9646 -0.0204 -7.2183 5.9657 -2.0182 0.0354 6.5056 0.0256 0.041 0.0256 0.041 0.0256 0.041
3 16 -2.0182 0.0354 6.5056 -0.0204 -7.2183 5.9657 -2.0332 -8.341 6.5103 0.0256 0.041 0.0256 0.041 0.0256 0.041
3 16 2.0172 0.0354 6.505 1.9966 -6.0944 6.4998 -0.0006 0.0354 5.9646 0.0256 0.041 0.0256 0.041 0.0256 0.041
3 16 -0.0006 0.0354 5.9646 1.9966 -6.0944 6.4998 -0.0204 -7.2183 5.9657 0.0256 0.041 0.0256 0.041 0.0256 0.041
3 16 3.4947 0.0354 7.9823 3.4724 -5.2027 7.9862 2.0172 0.0354 6.505 0.0256 0.041 0.0256 0.041 0.0256 0.041
3 16 2.0172 0.0354 6.505 3.4724 -5.2027 7.9862 1.9966 -6.0944 6.4998 0.0256 0.041 0.0256 0.041 0.0256 0.041
3 16 3.4947 0.0354 7.9823 4.0354 0.0354 10 3.4724 -5.2027 7.9862 0.0256 0.041 0.0256 0.041 0.0256 0.041
3 16 3.4724 -5.2027 7.9862 4.0354 0.0354 10 4.0354 -5.2146 10 0.0256 0.041 0.0256 0.041 0.0256 0.041
3 16 -4.0354 0.0354 10 -1.9646 0.0354 10 -3.4949 0.0354 7.9826 0.0256 0.041 0.0256 0.041 0.0256 0.041
3 16 -3.4949 0.0354 7.9826 -1.9646 0.0354 10 -1.7013 0.0354 9.0175 0.0256 0.041 0.0256 0.041 0.0256 0.041
3 16 -1.7013 0.0354 9.0175 -0.9821 0.0354 8.2984 -3.4949 0.0354 7.9826 0.0256 0.041 0.0256 0.041 0.0256 0.041
3 16 -3.4949 0.0354 7.9826 -0.9821 0.0354 8.2984 -2.0182 0.0354 6.5056 0.0256 0.041 0.0256 0.041 0.0256 0.041
3 16 -0.9821 0.0354 8.2984 0.0003 0.0354 8.0354 -2.0182 0.0354 6.5056 0.0256 0.041 0.0256 0.041 0.0256 0.041
3 16 -2.0182 0.0354 6.5056 0.0003 0.0354 8.0354 -0.0006 0.0354 5.9646 0.0256 0.041 0.0256 0.041 0.0256 0.041
3 16 0.0003 0.0354 8.0354 0.9825 0.0354 8.2987 -0.0006 0.0354 5.9646 0.0256 0.041 0.0256 0.041 0.0256 0.041
3 16 -0.0006 0.0354 5.9646 0.9825 0.0354 8.2987 2.0172 0.0354 6.505 0.0256 0.041 0.0256 0.041 0.0256 0.041
3 16 0.9825 0.0354 8.2987 1.7015 0.0354 9.0177 2.0172 0.0354 6.505 0.0256 0.041 0.0256 0.041 0.0256 0.041
3 16 2.0172 0.0354 6.505 1.7015 0.0354 9.0177 3.4947 0.0354 7.9823 0.0256 0.041 0.0256 0.041 0.0256 0.041
3 16 3.4947 0.0354 7.9823 1.7015 0.0354 9.0177 4.0354 0.0354 10 0.0256 0.041 0.0256 0.041 0.0256 0.041
3 16 4.0354 0.0354 10 1.7015 0.0354 9.0177 1.9646 0.0354 10 0.0256 0.041 0.0256 0.041 0.0256 0.041
3 16 -0.0222 -7.2517 10 1.9575 -6.2764 10 1.6933 -6.3831 9.0167 0.0256 0.041 0.0256 0.041 0.0256 0.041
3 16 -0.0222 -7.2517 10 -1.712 -8.0907 9.0217 -1.9737 -8.2476 10 0.0256 0.041 0.0256 0.041 0.0256 0.041
3 16 -0.9952 -7.7122 8.3022 -1.712 -8.0907 9.0217 -0.0222 -7.2517 10 0.0256 0.041 0.0256 0.041 0.0256 0.041
3 16 -0.0129 -7.2126 8.0363 -0.9952 -7.7122 8.3022 -0.0222 -7.2517 10 0.0256 0.041 0.0256 0.041 0.0256 0.041
3 16 0.9717 -6.7259 8.2975 -0.0129 -7.2126 8.0363 -0.0222 -7.2517 10 0.0256 0.041 0.0256 0.041 0.0256 0.041
3 16 1.6933 -6.3831 9.0167 0.9717 -6.7259 8.2975 -0.0222 -7.2517 10 0.0256 0.041 0.0256 0.041 0.0256 0.041
3 16 1.9646 0.0354 10 1.7015 0.0354 9.0177 1.9575 -6.2764 10 0.0256 0.041 0.0256 0.041 0.0256 0.041
3 16 1.9575 -6.2764 10 1.7015 0.0354 9.0177 1.6933 -6.3831 9.0167 0.0256 0.041 0.0256 0.041 0.0256 0.041
3 16 -1.7013 0.0354 9.0175 -1.9646 0.0354 10 -1.712 -8.0907 9.0217 0.0256 0.041 0.0256 0.041 0.0256 0.041
3 16 -1.712 -8.0907 9.0217 -1.9646 0.0354 10 -1.9737 -8.2476 10 0.0256 0.041 0.0256 0.041 0.0256 0.041
3 16 -0.9821 0.0354 8.2984 -1.7013 0.0354 9.0175 -0.9952 -7.7122 8.3022 0.0256 0.041 0.0256 0.041 0.0256 0.041
3 16 -0.9952 -7.7122 8.3022 -1.7013 0.0354 9.0175 -1.712 -8.0907 9.0217 0.0256 0.041 0.0256 0.041 0.0256 0.041
3 16 0.0003 0.0354 8.0354 -0.9821 0.0354 8.2984 -0.0129 -7.2126 8.0363 0.0256 0.041 0.0256 0.041 0.0256 0.041
3 16 -0.0129 -7.2126 8.0363 -0.9821 0.0354 8.2984 -0.9952 -7.7122 8.3022 0.0256 0.041 0.0256 0.041 0.0256 0.041
3 16 0.9825 0.0354 8.2987 0.0003 0.0354 8.0354 0.9717 -6.7259 8.2975 0.0256 0.041 0.0256 0.041 0.0256 0.041
3 16 0.9717 -6.7259 8.2975 0.0003 0.0354 8.0354 -0.0129 -7.2126 8.0363 0.0256 0.041 0.0256 0.041 0.0256 0.041
3 16 1.7015 0.0354 9.0177 0.9825 0.0354 8.2987 1.6933 -6.3831 9.0167 0.0256 0.041 0.0256 0.041 0.0256 0.041
3 16 1.6933 -6.3831 9.0167 0.9825 0.0354 8.2987 0.9717 -6.7259 8.2975 0.0256 0.041 0.0256 0.041 0.0256 0.041
3 16 -4.6256 -13.0308 -10.0354 -10.0354 -12.8937 -10.0354 -10.0289 -1.2211 -10.0289 0.0256 0.041 0.0256 0.041 0.0256 0.041
3 16 -9.0848 -15.5484 10 -10.0354 -15.5354 10 -9.0848 -15.5484 -7.6478 0.0256 0.041 0.0256 0.041 0.0256 0.041
3 16 -9.0848 -15.5484 -7.6478 -10.0354 -15.5354 10 -10.0354 -15.5354 -7.6477 0.0256 0.041 0.0256 0.041 0.0256 0.041
3 16 -10.0354 -15.5354 -7.6477 -10.0354 -15.3167 -8.4833 -9.0848 -15.5484 -7.6478 0.0256 0.041 0.0256 0.041 0.0256 0.041
3 16 -9.0848 -15.5484 -7.6478 -10.0354 -15.3167 -8.4833 -8.7087 -15.3309 -8.4814 0.0256 0.041 0.0256 0.041 0.0256 0.041
3 16 -4.6256 -13.0308 -10.0354 -5.8344 -13.7111 -9.9128 -10.0354 -12.8937 -10.0354 0.0256 0.041 0.0256 0.041 0.0256 0.041
3 16 -10.0354 -12.8937 -10.0354 -5.8344 -13.7111 -9.9128 -10.0354 -13.6724 -9.915 0.0256 0.041 0.0256 0.041 0.0256 0.041
3 16 -5.8344 -13.7111 -9.9128 -7.0019 -14.3689 -9.6177 -10.0354 -13.6724 -9.915 0.0256 0.041 0.0256 0.041 0.0256 0.041
3 16 -10.0354 -13.6724 -9.915 -7.0019 -14.3689 -9.6177 -10.0354 -14.3477 -9.6211 0.0256 0.041 0.0256 0.041 0.0256 0.041
3 16 -7.0019 -14.3689 -9.6177 -8.061 -14.9656 -9.0873 -10.0354 -14.3477 -9.6211 0.0256 0.041 0.0256 0.041 0.0256 0.041
3 16 -10.0354 -14.3477 -9.6211 -8.061 -14.9656 -9.0873 -10.0354 -14.9483 -9.0908 0.0256 0.041 0.0256 0.041 0.0256 0.041
3 16 -8.061 -14.9656 -9.0873 -8.7087 -15.3309 -8.4814 -10.0354 -14.9483 -9.0908 0.0256 0.041 0.0256 0.041 0.0256 0.041
3 16 -10.0354 -14.9483 -9.0908 -8.7087 -15.3309 -8.4814 -10.0354 -15.3167 -8.4833 0.0256 0.041 0.0256 0.041 0.0256 0.041
3 16 -10.0289 -1.2211 -10.0289 -9.0692 -1.2089 -9.0699 -8.2213 -1.2102 -9.5294 0.0256 0.041 0.0256 0.041 0.0256 0.041
3 16 9.0699 -1.2089 -9.0691 10.0289 -1.2211 -10.0289 8.2696 -1.2102 -9.5302 0.0256 0.041 0.0256 0.041 0.0256 0.041
3 16 10.0289 -1.2211 -10.0289 10.0353 -1.2145 10 10.0431 -4.8253 -7.6473 0.0256 0.041 0.0256 0.041 0.0256 0.041
3 16 10.0431 -4.8253 -7.6473 10.0353 -1.2145 10 10.0431 -4.8251 10 0.0256 0.041 0.0256 0.041 0.0256 0.041
3 16 -10.0354 -15.5354 10 -10.05 -13.6204 10 -10.0354 -15.5354 -7.6477 0.0256 0.041 0.0256 0.041 0.0256 0.041
3 16 -10.0354 -15.5354 -7.6477 -10.05 -13.6204 10 -10.05 -13.6204 -8.2686 0.0256 0.041 0.0256 0.041 0.0256 0.041
3 16 -10.0289 -1.2211 -10.0289 -10.0354 -12.8937 -10.0354 -10.0353 -1.2146 -8.2686 0.0256 0.041 0.0256 0.041 0.0256 0.041
3 16 -10.0353 -1.2146 -8.2686 -10.0354 -12.8937 -10.0354 -10.05 -13.6204 -8.2686 0.0256 0.041 0.0256 0.041 0.0256 0.041
3 16 -10.0354 -12.8937 -10.0354 -10.0354 -13.6724 -9.915 -10.05 -13.6204 -8.2686 0.0256 0.041 0.0256 0.041 0.0256 0.041
3 16 -10.05 -13.6204 -8.2686 -10.0354 -13.6724 -9.915 -10.0354 -14.3477 -9.6211 0.0256 0.041 0.0256 0.041 0.0256 0.041
3 16 -10.05 -13.6204 -8.2686 -10.0354 -14.3477 -9.6211 -10.0354 -14.9483 -9.0908 0.0256 0.041 0.0256 0.041 0.0256 0.041
3 16 -10.05 -13.6204 -8.2686 -10.0354 -14.9483 -9.0908 -10.0354 -15.3167 -8.4833 0.0256 0.041 0.0256 0.041 0.0256 0.041
3 16 -10.05 -13.6204 -8.2686 -10.0354 -15.3167 -8.4833 -10.0354 -15.5354 -7.6477 0.0256 0.041 0.0256 0.041 0.0256 0.041
3 16 -9.5302 -1.2127 -8.2696 -9.0692 -1.2089 -9.0699 -10.0353 -1.2146 -8.2686 0.0256 0.041 0.0256 0.041 0.0256 0.041
3 16 -10.0353 -1.2146 -8.2686 -9.0692 -1.2089 -9.0699 -10.0289 -1.2211 -10.0289 0.0256 0.041 0.0256 0.041 0.0256 0.041
3 16 -10.0289 -1.2211 -10.0289 -8.2213 -1.2102 -9.5294 10.0289 -1.2211 -10.0289 0.0256 0.041 0.0256 0.041 0.0256 0.041
3 16 10.0289 -1.2211 -10.0289 -8.2213 -1.2102 -9.5294 8.2696 -1.2102 -9.5302 0.0256 0.041 0.0256 0.041 0.0256 0.041
3 16 -10.0289 -1.2211 -10.0289 10.0289 -1.2211 -10.0289 -4.6256 -13.0308 -10.0354 0.0256 0.041 0.0256 0.041 0.0256 0.041
3 16 -4.6256 -13.0308 -10.0354 10.0289 -1.2211 -10.0289 10.0373 -4.8219 -10.0251 0.0256 0.041 0.0256 0.041 0.0256 0.041
3 16 10.0289 -1.2211 -10.0289 9.5303 -1.2102 -8.2176 10.0353 -1.2145 10 0.0256 0.041 0.0256 0.041 0.0256 0.041
3 16 10.0353 -1.2145 10 9.5303 -1.2102 -8.2176 9.5304 -1.2102 10 0.0256 0.041 0.0256 0.041 0.0256 0.041
3 16 10.0289 -1.2211 -10.0289 9.0699 -1.2089 -9.0691 9.5303 -1.2102 -8.2176 0.0256 0.041 0.0256 0.041 0.0256 0.041
3 16 9.0699 -1.2089 -9.0691 8.2696 -1.2102 -9.5302 8.7364 0.0412 -8.7353 0.0256 0.041 0.0256 0.041 0.0256 0.041
3 16 8.7364 0.0412 -8.7353 8.2696 -1.2102 -9.5302 7.9129 0.0398 -9.192 0.0256 0.041 0.0256 0.041 0.0256 0.041
3 16 8.2696 -1.2102 -9.5302 -8.2213 -1.2102 -9.5294 7.9129 0.0398 -9.192 0.0256 0.041 0.0256 0.041 0.0256 0.041
3 16 7.9129 0.0398 -9.192 -8.2213 -1.2102 -9.5294 -7.9344 0.0398 -9.192 0.0256 0.041 0.0256 0.041 0.0256 0.041
3 16 -9.5302 -1.2127 -8.2696 -9.5303 -1.2128 10 -9.1946 0.0397 -7.886 0.0256 0.041 0.0256 0.041 0.0256 0.041
3 16 -9.1946 0.0397 -7.886 -9.5303 -1.2128 10 -9.1939 0.0397 10 0.0256 0.041 0.0256 0.041 0.0256 0.041
3 16 -9.0692 -1.2089 -9.0699 -9.5302 -1.2127 -8.2696 -8.7361 0.0411 -8.7359 0.0256 0.041 0.0256 0.041 0.0256 0.041
3 16 -8.7361 0.0411 -8.7359 -9.5302 -1.2127 -8.2696 -9.1946 0.0397 -7.886 0.0256 0.041 0.0256 0.041 0.0256 0.041
3 16 -9.0692 -1.2089 -9.0699 -8.7361 0.0411 -8.7359 -8.2213 -1.2102 -9.5294 0.0256 0.041 0.0256 0.041 0.0256 0.041
3 16 -8.2213 -1.2102 -9.5294 -8.7361 0.0411 -8.7359 -7.9344 0.0398 -9.192 0.0256 0.041 0.0256 0.041 0.0256 0.041
3 16 9.5303 -1.2102 -8.2176 9.1954 0.0397 -7.8375 9.5304 -1.2102 10 0.0256 0.041 0.0256 0.041 0.0256 0.041
3 16 9.5304 -1.2102 10 9.1954 0.0397 -7.8375 9.1955 0.0397 10 0.0256 0.041 0.0256 0.041 0.0256 0.041
3 16 9.0699 -1.2089 -9.0691 8.7364 0.0412 -8.7353 9.5303 -1.2102 -8.2176 0.0256 0.041 0.0256 0.041 0.0256 0.041
3 16 9.5303 -1.2102 -8.2176 8.7364 0.0412 -8.7353 9.1954 0.0397 -7.8375 0.0256 0.041 0.0256 0.041 0.0256 0.041
3 16 8.7364 0.0412 -8.7353 7.9129 0.0398 -9.192 6.2211 0.0289 -6.2211 0.0256 0.041 0.0256 0.041 0.0256 0.041
3 16 -7.9344 0.0398 -9.192 -6.2211 0.0289 -6.2211 7.9129 0.0398 -9.192 0.0256 0.041 0.0256 0.041 0.0256 0.041
3 16 7.9129 0.0398 -9.192 -6.2211 0.0289 -6.2211 6.2211 0.0289 -6.2211 0.0256 0.041 0.0256 0.041 0.0256 0.041
3 16 -9.1946 0.0397 -7.886 -9.1939 0.0397 10 -6.2211 0.0289 -6.2211 0.0256 0.041 0.0256 0.041 0.0256 0.041
3 16 -6.2211 0.0289 -6.2211 -9.1939 0.0397 10 -6.2143 0.0354 10 0.0256 0.041 0.0256 0.041 0.0256 0.041
3 16 -8.7361 0.0411 -8.7359 -9.1946 0.0397 -7.886 -6.2211 0.0289 -6.2211 0.0256 0.041 0.0256 0.041 0.0256 0.041
3 16 -7.9344 0.0398 -9.192 -8.7361 0.0411 -8.7359 -6.2211 0.0289 -6.2211 0.0256 0.041 0.0256 0.041 0.0256 0.041
3 16 9.1954 0.0397 -7.8375 6.2211 0.0289 -6.2211 9.1955 0.0397 10 0.0256 0.041 0.0256 0.041 0.0256 0.041
3 16 9.1955 0.0397 10 6.2211 0.0289 -6.2211 6.2146 0.0354 10 0.0256 0.041 0.0256 0.041 0.0256 0.041
3 16 9.1954 0.0397 -7.8375 8.7364 0.0412 -8.7353 6.2211 0.0289 -6.2211 0.0256 0.041 0.0256 0.041 0.0256 0.041
3 16 6.2211 0.0289 -6.2211 -6.2211 0.0289 -6.2211 3.6251 -5.1768 -6.2153 0.0256 0.041 0.0256 0.041 0.0256 0.041
3 16 3.6251 -5.1768 -6.2153 -6.2211 0.0289 -6.2211 -6.2321 -10.7175 -6.2147 0.0256 0.041 0.0256 0.041 0.0256 0.041
3 16 -6.2211 0.0289 -6.2211 -6.2143 0.0354 10 -6.2321 -10.7175 -6.2147 0.0256 0.041 0.0256 0.041 0.0256 0.041
3 16 -6.2321 -10.7175 -6.2147 -6.2143 0.0354 10 -6.2246 -10.705 10 0.0256 0.041 0.0256 0.041 0.0256 0.041
3 16 6.2146 0.0354 10 6.2211 0.0289 -6.2211 6.2069 -3.7229 -1.6617 0.0256 0.041 0.0256 0.041 0.0256 0.041
3 16 6.2069 -3.7229 -1.6617 6.2211 0.0289 -6.2211 6.2127 -3.7263 -6.2249 0.0256 0.041 0.0256 0.041 0.0256 0.041
3 16 6.2146 0.0354 10 6.2069 -3.7229 -1.6617 6.2146 -5.2146 10 0.0256 0.041 0.0256 0.041 0.0256 0.041
3 16 6.2146 -5.2146 10 6.2069 -3.7229 -1.6617 6.2147 -5.2146 -1.6602 0.0256 0.041 0.0256 0.041 0.0256 0.041
3 16 5.4988 -4.1198 -3.2241 4.6784 -4.5845 -4.2563 5.5086 -5.2146 -3.2206 0.0256 0.041 0.0256 0.041 0.0256 0.041
3 16 5.5086 -5.2146 -3.2206 4.6784 -4.5845 -4.2563 4.6906 -5.2146 -4.2519 0.0256 0.041 0.0256 0.041 0.0256 0.041
3 16 6.2069 -3.7229 -1.6617 5.4988 -4.1198 -3.2241 6.2147 -5.2146 -1.6602 0.0256 0.041 0.0256 0.041 0.0256 0.041
3 16 6.2147 -5.2146 -1.6602 5.4988 -4.1198 -3.2241 5.5086 -5.2146 -3.2206 0.0256 0.041 0.0256 0.041 0.0256 0.041
3 16 4.6906 -5.2146 -4.2519 4.6784 -4.5845 -4.2563 3.44 -5.2095 -5.2641 0.0256 0.041 0.0256 0.041 0.0256 0.041
3 16 6.2211 0.0289 -6.2211 3.6251 -5.1768 -6.2153 6.2127 -3.7263 -6.2249 0.0256 0.041 0.0256 0.041 0.0256 0.041
3 16 6.2127 -3.7263 -6.2249 3.6251 -5.1768 -6.2153 4.6784 -4.5845 -4.2563 0.0256 0.041 0.0256 0.041 0.0256 0.041
3 16 4.6784 -4.5845 -4.2563 3.6251 -5.1768 -6.2153 3.44 -5.2095 -5.2641 0.0256 0.041 0.0256 0.041 0.0256 0.041
3 16 5.4988 -4.1198 -3.2241 6.2127 -3.7263 -6.2249 4.6784 -4.5845 -4.2563 0.0256 0.041 0.0256 0.041 0.0256 0.041
3 16 6.2069 -3.7229 -1.6617 6.2127 -3.7263 -6.2249 5.4988 -4.1198 -3.2241 0.0256 0.041 0.0256 0.041 0.0256 0.041
3 16 3.4513 -5.2017 -1.6618 5.5086 -5.2146 -3.2206 4.6906 -5.2146 -4.2519 0.0256 0.041 0.0256 0.041 0.0256 0.041
3 16 3.4513 -5.2017 -1.6618 6.2147 -5.2146 -1.6602 5.5086 -5.2146 -3.2206 0.0256 0.041 0.0256 0.041 0.0256 0.041
3 16 3.4513 -5.2017 -1.6618 4.6906 -5.2146 -4.2519 3.44 -5.2095 -5.2641 0.0256 0.041 0.0256 0.041 0.0256 0.041
3 16 3.4513 -5.2017 -1.6618 3.44 -5.2095 -5.2641 -6.2321 -10.7175 -6.2147 0.0256 0.041 0.0256 0.041 0.0256 0.041
3 16 -6.2321 -10.7175 -6.2147 3.44 -5.2095 -5.2641 3.6251 -5.1768 -6.2153 0.0256 0.041 0.0256 0.041 0.0256 0.041
3 16 3.4724 -5.2027 7.9862 6.2147 -5.2146 -1.6602 3.4513 -5.2017 -1.6618 0.0256 0.041 0.0256 0.041 0.0256 0.041
3 16 -6.2246 -10.705 10 -4.0431 -9.465 10 -6.2321 -10.7175 -6.2147 0.0256 0.041 0.0256 0.041 0.0256 0.041
3 16 -4.0431 -9.465 10 -3.5048 -9.1663 7.9866 -6.2321 -10.7175 -6.2147 0.0256 0.041 0.0256 0.041 0.0256 0.041
3 16 6.2146 -5.2146 10 6.2147 -5.2146 -1.6602 4.0354 -5.2146 10 0.0256 0.041 0.0256 0.041 0.0256 0.041
3 16 6.2147 -5.2146 -1.6602 3.4724 -5.2027 7.9862 4.0354 -5.2146 10 0.0256 0.041 0.0256 0.041 0.0256 0.041
3 16 3.4513 -5.2017 -1.6618 1.9966 -6.0944 6.4998 3.4724 -5.2027 7.9862 0.0256 0.041 0.0256 0.041 0.0256 0.041
3 16 -6.2321 -10.7175 -6.2147 -0.0204 -7.2183 5.9657 3.4513 -5.2017 -1.6618 0.0256 0.041 0.0256 0.041 0.0256 0.041
3 16 3.4513 -5.2017 -1.6618 -0.0204 -7.2183 5.9657 1.9966 -6.0944 6.4998 0.0256 0.041 0.0256 0.041 0.0256 0.041
3 16 -6.2321 -10.7175 -6.2147 -2.0332 -8.341 6.5103 -0.0204 -7.2183 5.9657 0.0256 0.041 0.0256 0.041 0.0256 0.041
3 16 -6.2321 -10.7175 -6.2147 -3.5048 -9.1663 7.9866 -2.0332 -8.341 6.5103 0.0256 0.041 0.0256 0.041 0.0256 0.041
3 16 10.0373 -4.8219 -10.0251 10.0289 -1.2211 -10.0289 10.0431 -4.8253 -7.6473 0.0256 0.041 0.0256 0.041 0.0256 0.041
3 16 -10.0353 -1.2146 28.2686 -9.5302 -1.2127 28.2696 -10.0353 -1.2146 10 0.0256 0.041 0.0256 0.041 0.0256 0.041
3 16 -10.0353 -1.2146 10 -9.5302 -1.2127 28.2696 -9.5303 -1.2128 10 0.0256 0.041 0.0256 0.041 0.0256 0.041
3 16 -10.0353 -1.2146 10 -10.05 -13.6204 10 -10.0353 -1.2146 28.2686 0.0256 0.041 0.0256 0.041 0.0256 0.041
3 16 -10.0353 -1.2146 28.2686 -10.05 -13.6204 10 -10.05 -13.6204 28.2686 0.0256 0.041 0.0256 0.041 0.0256 0.041
3 16 -10.0353 -1.2146 10 -10.0353 -1.2146 -8.2686 -10.05 -13.6204 10 0.0256 0.041 0.0256 0.041 0.0256 0.041
3 16 -10.05 -13.6204 10 -10.0353 -1.2146 -8.2686 -10.05 -13.6204 -8.2686 0.0256 0.041 0.0256 0.041 0.0256 0.041
3 16 -9.5302 -1.2127 -8.2696 -10.0353 -1.2146 -8.2686 -9.5303 -1.2128 10 0.0256 0.041 0.0256 0.041 0.0256 0.041
3 16 -9.5303 -1.2128 10 -10.0353 -1.2146 -8.2686 -10.0353 -1.2146 10 0.0256 0.041 0.0256 0.041 0.0256 0.041
3 16 -4.6256 -13.0308 30.0354 -4.6138 -13.0452 27.6473 10.0373 -4.8219 30.0251 0.9731 0.7664 0.9158 0.7665 0.9731 0
3 16 10.0373 -4.8219 30.0251 -4.6138 -13.0452 27.6473 10.0431 -4.8253 27.6473 0.9731 0 0.9158 0.7665 0.9158 0
3 16 10.0431 -4.8253 -7.6473 -4.6138 -13.0452 -7.6473 10.0373 -4.8219 -10.0251 0.0572 0 0.0572 0.7665 0 0
3 16 10.0373 -4.8219 -10.0251 -4.6138 -13.0452 -7.6473 -4.6256 -13.0308 -10.0354 0 0 0.0572 0.7665 0 0.7664
3 16 10.0431 -4.8251 10 -4.6139 -13.0452 10 10.0431 -4.8253 -7.6473 0.4865 0 0.4865 0.7665 0.0572 0
3 16 10.0431 -4.8253 -7.6473 -4.6139 -13.0452 10 -4.6138 -13.0452 -7.6473 0.0572 0 0.4865 0.7665 0.0572 0.7665
3 16 -4.6138 -13.0452 27.6473 -4.6139 -13.0452 10 10.0431 -4.8253 27.6473 0.9158 0.7665 0.4865 0.7665 0.9158 0
3 16 10.0431 -4.8253 27.6473 -4.6139 -13.0452 10 10.0431 -4.8251 10 0.9158 0 0.4865 0.7665 0.4865 0
3 16 -5.7383 -13.6573 29.9223 -4.6138 -13.0452 27.6473 -4.6256 -13.0308 30.0354 0.9697 0.8377 0.9158 0.7665 0.9731 0.7664
3 16 -9.0848 -15.5484 27.6478 -9.0848 -15.5484 10 -4.6138 -13.0452 27.6473 0.9158 1 0.4865 1 0.9158 0.7665
3 16 -4.6138 -13.0452 27.6473 -9.0848 -15.5484 10 -4.6139 -13.0452 10 0.9158 0.7665 0.4865 1 0.4865 0.7665
3 16 -4.6138 -13.0452 -7.6473 -4.6139 -13.0452 10 -9.0848 -15.5484 -7.6478 0.0572 0.7665 0.4865 0.7665 0.0572 1
3 16 -9.0848 -15.5484 -7.6478 -4.6139 -13.0452 10 -9.0848 -15.5484 10 0.0572 1 0.4865 0.7665 0.4865 1
3 16 -4.6256 -13.0308 -10.0354 -4.6138 -13.0452 -7.6473 -5.8344 -13.7111 -9.9128 0 0.7664 0.0572 0.7665 0.0033 0.8382
3 16 -8.7087 -15.3309 -8.4814 -4.6138 -13.0452 -7.6473 -9.0848 -15.5484 -7.6478 0.0372 0.9798 0.0572 0.7665 0.0572 1
3 16 -5.8344 -13.7111 -9.9128 -4.6138 -13.0452 -7.6473 -7.0019 -14.3689 -9.6177 0.0033 0.8382 0.0572 0.7665 0.0116 0.9037
3 16 -7.0019 -14.3689 -9.6177 -4.6138 -13.0452 -7.6473 -8.061 -14.9656 -9.0873 0.0116 0.9037 0.0572 0.7665 0.0201 0.94
3 16 -8.061 -14.9656 -9.0873 -4.6138 -13.0452 -7.6473 -8.7087 -15.3309 -8.4814 0.0201 0.94 0.0572 0.7665 0.0372 0.9798
3 16 -6.8486 -14.2827 29.6541 -4.6138 -13.0452 27.6473 -5.7383 -13.6573 29.9223 0.9615 0.9037 0.9158 0.7665 0.9697 0.8377
3 16 -8.7086 -15.3306 28.4825 -4.6138 -13.0452 27.6473 -7.9022 -14.8763 29.1676 0.9358 0.9798 0.9158 0.7665 0.9529 0.94
3 16 -7.9022 -14.8763 29.1676 -4.6138 -13.0452 27.6473 -6.8486 -14.2827 29.6541 0.9529 0.94 0.9158 0.7665 0.9615 0.9037
3 16 -9.0848 -15.5484 27.6478 -4.6138 -13.0452 27.6473 -8.7086 -15.3306 28.4825 0.9158 1 0.9158 0.7665 0.9358 0.9798
0 STEP
