0 Untitled Model
0 Name: Untitled Model
0 Author: 
0 BFC CERTIFY CCW
3 16 -10 -15.9791 30 -10 0 30 -10 -15.2259 19.4155
3 16 -10 0 -10 -10 -4.8 -10 -10 0 30
3 16 -10 -4.8 -10 -10 -9.5848 -0.5544 -10 0 30
3 16 -10 -9.5848 -0.5544 -10 -13.0816 9.2396 -10 0 30
3 16 -10 -13.0816 9.2396 -10 -15.2259 19.4155 -10 0 30
3 16 30 -4.8 -10 -10 -4.8 -10 30 0 -10
3 16 30 0 -10 -10 -4.8 -10 -10 0 -10
3 16 30 -9.5848 -0.5544 -10 -9.5848 -0.5544 30 -4.8 -10
3 16 30 -4.8 -10 -10 -9.5848 -0.5544 -10 -4.8 -10
3 16 30 -13.0816 9.2396 -10 -13.0816 9.2396 30 -9.5848 -0.5544
3 16 30 -9.5848 -0.5544 -10 -13.0816 9.2396 -10 -9.5848 -0.5544
3 16 30 -15.2259 19.4155 -10 -15.2259 19.4155 30 -13.0816 9.2396
3 16 30 -13.0816 9.2396 -10 -15.2259 19.4155 -10 -13.0816 9.2396
3 16 30 -15.9791 30 -10 -15.9791 30 30 -15.2259 19.4155
3 16 30 -15.2259 19.4155 -10 -15.9791 30 -10 -15.2259 19.4155
3 16 30 -15.9791 30 30 0 30 -10 -15.9791 30
3 16 -10 -15.9791 30 30 0 30 -10 0 30
3 16 70 -15.9791 30 70 -15.2259 19.4155 70 0 30
3 16 70 0 -10 70 0 30 70 -4.8 -10
3 16 70 -4.8 -10 70 0 30 70 -9.5848 -0.5544
3 16 70 -9.5848 -0.5544 70 0 30 70 -13.0816 9.2396
3 16 70 -13.0816 9.2396 70 0 30 70 -15.2259 19.4155
3 16 30 -4.8 -10 30 0 -10 70 -4.8 -10
3 16 70 -4.8 -10 30 0 -10 70 0 -10
3 16 30 -9.5848 -0.5544 30 -4.8 -10 70 -9.5848 -0.5544
3 16 70 -9.5848 -0.5544 30 -4.8 -10 70 -4.8 -10
3 16 30 -13.0816 9.2396 30 -9.5848 -0.5544 70 -13.0816 9.2396
3 16 70 -13.0816 9.2396 30 -9.5848 -0.5544 70 -9.5848 -0.5544
3 16 30 -15.2259 19.4155 30 -13.0816 9.2396 70 -15.2259 19.4155
3 16 70 -15.2259 19.4155 30 -13.0816 9.2396 70 -13.0816 9.2396
3 16 30 -15.9791 30 30 -15.2259 19.4155 70 -15.9791 30
3 16 70 -15.9791 30 30 -15.2259 19.4155 70 -15.2259 19.4155
3 16 30 -15.9791 30 70 -15.9791 30 30 0 30
3 16 30 0 30 70 -15.9791 30 70 0 30
3 16 6.4661 -10.5177 14.9453 4.5147 -9.9445 12.6564 6.8776 -0.375 15.4426
3 16 6.8776 -0.375 15.4426 4.5147 -9.9445 12.6564 4.5815 -0.375 13.1461
3 16 4.5147 -9.9445 12.6564 3.8889 -9.1937 9.6583 4.5815 -0.375 13.1461
3 16 4.5815 -0.375 13.1461 3.8889 -9.1937 9.6583 3.7375 -0.375 10.003
3 16 4.5737 -0.375 6.8673 3.7375 -0.375 10.003 4.4761 -8.7654 7.9479
3 16 4.4761 -8.7654 7.9479 3.7375 -0.375 10.003 3.8889 -9.1937 9.6583
3 16 4.4761 -8.7654 7.9479 4.792 -8.2884 6.7226 4.5737 -0.375 6.8673
3 16 4.792 -8.2884 6.7226 7.037 -7.4509 4.5713 4.5737 -0.375 6.8673
3 16 4.5737 -0.375 6.8673 7.037 -7.4509 4.5713 6.8637 -0.375 4.5655
3 16 7.037 -7.4509 4.5713 10.025 -7.1483 3.794 6.8637 -0.375 4.5655
3 16 6.8637 -0.375 4.5655 10.025 -7.1483 3.794 10.025 -0.375 3.7125
3 16 13.0385 -7.4737 4.6299 13.1724 -0.375 4.5574 10.025 -7.1483 3.794
3 16 10.025 -7.1483 3.794 13.1724 -0.375 4.5574 10.025 -0.375 3.7125
3 16 15.0707 -8.2505 6.6252 15.4685 -0.375 6.8539 13.0385 -7.4737 4.6299
3 16 13.0385 -7.4737 4.6299 15.4685 -0.375 6.8539 13.1724 -0.375 4.5574
3 16 15.4685 -0.375 6.8539 15.7217 -8.7654 7.9479 16.3125 -0.375 9.997
3 16 16.3125 -0.375 9.997 15.7217 -8.7654 7.9479 16.1573 -9.3556 10.3046
3 16 15.7217 -8.7654 7.9479 15.4685 -0.375 6.8539 15.0707 -8.2505 6.6252
3 16 15.2008 -10.0963 13.2629 15.4763 -0.375 13.1327 16.1573 -9.3556 10.3046
3 16 16.1573 -9.3556 10.3046 15.4763 -0.375 13.1327 16.3125 -0.375 9.997
3 16 12.9698 -10.6181 15.3465 13.1863 -0.375 15.4345 15.2008 -10.0963 13.2629
3 16 15.2008 -10.0963 13.2629 13.1863 -0.375 15.4345 15.4763 -0.375 13.1327
3 16 10.025 -10.8065 16.0986 6.4661 -10.5177 14.9453 10.025 -0.375 16.2875
3 16 10.025 -0.375 16.2875 6.4661 -10.5177 14.9453 6.8776 -0.375 15.4426
3 16 10.025 -10.8065 16.0986 10.025 -0.375 16.2875 12.9698 -10.6181 15.3465
3 16 12.9698 -10.6181 15.3465 10.025 -0.375 16.2875 13.1863 -0.375 15.4345
3 16 6.8776 -0.375 15.4426 4.5815 -0.375 13.1461 5.9802 -0.375 16.9994
3 16 5.9802 -0.375 16.9994 4.5815 -0.375 13.1461 3.0209 -0.375 14.0401
3 16 3.0209 -0.375 5.9551 1.9377 -0.375 9.9976 4.5737 -0.375 6.8673
3 16 4.5737 -0.375 6.8673 1.9377 -0.375 9.9976 3.7375 -0.375 10.003
3 16 1.9377 -0.375 9.9976 3.0209 -0.375 14.0401 3.7375 -0.375 10.003
3 16 3.7375 -0.375 10.003 3.0209 -0.375 14.0401 4.5815 -0.375 13.1461
3 16 5.9802 -0.375 2.9958 3.0209 -0.375 5.9551 6.8637 -0.375 4.5655
3 16 6.8637 -0.375 4.5655 3.0209 -0.375 5.9551 4.5737 -0.375 6.8673
3 16 10.025 -0.375 1.9125 5.9802 -0.375 2.9958 10.025 -0.375 3.7125
3 16 10.025 -0.375 3.7125 5.9802 -0.375 2.9958 6.8637 -0.375 4.5655
3 16 13.1724 -0.375 4.5574 14.0652 -0.375 2.9958 10.025 -0.375 3.7125
3 16 10.025 -0.375 3.7125 14.0652 -0.375 2.9958 10.025 -0.375 1.9125
3 16 15.4685 -0.375 6.8539 17.0245 -0.375 5.9551 13.1724 -0.375 4.5574
3 16 13.1724 -0.375 4.5574 17.0245 -0.375 5.9551 14.0652 -0.375 2.9958
3 16 17.0245 -0.375 14.0401 18.1077 -0.375 9.9976 15.4763 -0.375 13.1327
3 16 15.4763 -0.375 13.1327 18.1077 -0.375 9.9976 16.3125 -0.375 9.997
3 16 16.3125 -0.375 9.997 18.1077 -0.375 9.9976 15.4685 -0.375 6.8539
3 16 15.4685 -0.375 6.8539 18.1077 -0.375 9.9976 17.0245 -0.375 5.9551
3 16 14.0652 -0.375 16.9994 17.0245 -0.375 14.0401 13.1863 -0.375 15.4345
3 16 13.1863 -0.375 15.4345 17.0245 -0.375 14.0401 15.4763 -0.375 13.1327
3 16 10.0227 -0.375 18.0826 10.025 -0.375 16.2875 5.9802 -0.375 16.9994
3 16 5.9802 -0.375 16.9994 10.025 -0.375 16.2875 6.8776 -0.375 15.4426
3 16 10.0227 -0.375 18.0826 14.0652 -0.375 16.9994 10.025 -0.375 16.2875
3 16 10.025 -0.375 16.2875 14.0652 -0.375 16.9994 13.1863 -0.375 15.4345
3 16 26.4411 -10.5177 14.9453 24.4897 -9.9445 12.6564 26.8526 -0.375 15.4426
3 16 26.8526 -0.375 15.4426 24.4897 -9.9445 12.6564 24.5565 -0.375 13.1461
3 16 24.4897 -9.9445 12.6564 23.8639 -9.1937 9.6583 24.5565 -0.375 13.1461
3 16 24.5565 -0.375 13.1461 23.8639 -9.1937 9.6583 23.7125 -0.375 10.003
3 16 24.5487 -0.375 6.8673 23.7125 -0.375 10.003 24.4511 -8.7654 7.9479
3 16 24.4511 -8.7654 7.9479 23.7125 -0.375 10.003 23.8639 -9.1937 9.6583
3 16 24.4511 -8.7654 7.9479 24.767 -8.2884 6.7226 24.5487 -0.375 6.8673
3 16 24.767 -8.2884 6.7226 27.012 -7.4509 4.5713 24.5487 -0.375 6.8673
3 16 24.5487 -0.375 6.8673 27.012 -7.4509 4.5713 26.8387 -0.375 4.5655
3 16 27.012 -7.4509 4.5713 30 -7.1483 3.794 26.8387 -0.375 4.5655
3 16 26.8387 -0.375 4.5655 30 -7.1483 3.794 30 -0.375 3.7125
3 16 33.0136 -7.4737 4.6299 33.1474 -0.375 4.5574 30 -7.1483 3.794
3 16 30 -7.1483 3.794 33.1474 -0.375 4.5574 30 -0.375 3.7125
3 16 35.0457 -8.2505 6.6252 35.4435 -0.375 6.8539 33.0136 -7.4737 4.6299
3 16 33.0136 -7.4737 4.6299 35.4435 -0.375 6.8539 33.1474 -0.375 4.5574
3 16 35.4435 -0.375 6.8539 35.6967 -8.7654 7.9479 36.2875 -0.375 9.997
3 16 36.2875 -0.375 9.997 35.6967 -8.7654 7.9479 36.1323 -9.3556 10.3046
3 16 35.6967 -8.7654 7.9479 35.4435 -0.375 6.8539 35.0457 -8.2505 6.6252
3 16 35.1758 -10.0963 13.2629 35.4513 -0.375 13.1327 36.1323 -9.3556 10.3046
3 16 36.1323 -9.3556 10.3046 35.4513 -0.375 13.1327 36.2875 -0.375 9.997
3 16 32.9448 -10.6181 15.3465 33.1613 -0.375 15.4345 35.1758 -10.0963 13.2629
3 16 35.1758 -10.0963 13.2629 33.1613 -0.375 15.4345 35.4513 -0.375 13.1327
3 16 30 -10.8065 16.0986 26.4411 -10.5177 14.9453 30 -0.375 16.2875
3 16 30 -0.375 16.2875 26.4411 -10.5177 14.9453 26.8526 -0.375 15.4426
3 16 30 -10.8065 16.0986 30 -0.375 16.2875 32.9448 -10.6181 15.3465
3 16 32.9448 -10.6181 15.3465 30 -0.375 16.2875 33.1613 -0.375 15.4345
3 16 26.8526 -0.375 15.4426 24.5565 -0.375 13.1461 25.9598 -0.375 16.9994
3 16 25.9598 -0.375 16.9994 24.5565 -0.375 13.1461 22.9959 -0.375 14.0401
3 16 22.9959 -0.375 5.9551 21.9127 -0.375 9.9976 24.5487 -0.375 6.8673
3 16 24.5487 -0.375 6.8673 21.9127 -0.375 9.9976 23.7125 -0.375 10.003
3 16 21.9127 -0.375 9.9976 22.9959 -0.375 14.0401 23.7125 -0.375 10.003
3 16 23.7125 -0.375 10.003 22.9959 -0.375 14.0401 24.5565 -0.375 13.1461
3 16 25.9552 -0.375 2.9958 22.9959 -0.375 5.9551 26.8387 -0.375 4.5655
3 16 26.8387 -0.375 4.5655 22.9959 -0.375 5.9551 24.5487 -0.375 6.8673
3 16 30 -0.375 1.9125 25.9552 -0.375 2.9958 30 -0.375 3.7125
3 16 30 -0.375 3.7125 25.9552 -0.375 2.9958 26.8387 -0.375 4.5655
3 16 33.1474 -0.375 4.5574 34.0448 -0.375 2.9958 30 -0.375 3.7125
3 16 30 -0.375 3.7125 34.0448 -0.375 2.9958 30 -0.375 1.9125
3 16 35.4435 -0.375 6.8539 37.0041 -0.375 5.9551 33.1474 -0.375 4.5574
3 16 33.1474 -0.375 4.5574 37.0041 -0.375 5.9551 34.0448 -0.375 2.9958
3 16 37.0041 -0.375 14.0401 38.0873 -0.375 9.9976 35.4513 -0.375 13.1327
3 16 35.4513 -0.375 13.1327 38.0873 -0.375 9.9976 36.2875 -0.375 9.997
3 16 38.0873 -0.375 9.9976 37.0041 -0.375 5.9551 36.2875 -0.375 9.997
3 16 36.2875 -0.375 9.997 37.0041 -0.375 5.9551 35.4435 -0.375 6.8539
3 16 34.0448 -0.375 16.9994 37.0041 -0.375 14.0401 33.1613 -0.375 15.4345
3 16 33.1613 -0.375 15.4345 37.0041 -0.375 14.0401 35.4513 -0.375 13.1327
3 16 30.0023 -0.375 18.0826 30 -0.375 16.2875 25.9598 -0.375 16.9994
3 16 25.9598 -0.375 16.9994 30 -0.375 16.2875 26.8526 -0.375 15.4426
3 16 30.0023 -0.375 18.0826 34.0448 -0.375 16.9994 30 -0.375 16.2875
3 16 30 -0.375 16.2875 34.0448 -0.375 16.9994 33.1613 -0.375 15.4345
3 16 46.4161 -10.5177 14.9453 44.4647 -9.9445 12.6564 46.8276 -0.375 15.4426
3 16 46.8276 -0.375 15.4426 44.4647 -9.9445 12.6564 44.5315 -0.375 13.1461
3 16 44.4647 -9.9445 12.6564 43.8389 -9.1937 9.6583 44.5315 -0.375 13.1461
3 16 44.5315 -0.375 13.1461 43.8389 -9.1937 9.6583 43.6875 -0.375 10.003
3 16 44.5237 -0.375 6.8673 43.6875 -0.375 10.003 44.4261 -8.7654 7.9479
3 16 44.4261 -8.7654 7.9479 43.6875 -0.375 10.003 43.8389 -9.1937 9.6583
3 16 44.4261 -8.7654 7.9479 44.742 -8.2884 6.7226 44.5237 -0.375 6.8673
3 16 44.742 -8.2884 6.7226 46.987 -7.4509 4.5713 44.5237 -0.375 6.8673
3 16 44.5237 -0.375 6.8673 46.987 -7.4509 4.5713 46.8137 -0.375 4.5655
3 16 46.987 -7.4509 4.5713 49.975 -7.1483 3.794 46.8137 -0.375 4.5655
3 16 46.8137 -0.375 4.5655 49.975 -7.1483 3.794 49.975 -0.375 3.7125
3 16 52.9885 -7.4737 4.6299 53.1224 -0.375 4.5574 49.975 -7.1483 3.794
3 16 49.975 -7.1483 3.794 53.1224 -0.375 4.5574 49.975 -0.375 3.7125
3 16 55.0207 -8.2505 6.6252 55.4185 -0.375 6.8539 52.9885 -7.4737 4.6299
3 16 52.9885 -7.4737 4.6299 55.4185 -0.375 6.8539 53.1224 -0.375 4.5574
3 16 55.4185 -0.375 6.8539 55.6717 -8.7654 7.9479 56.2625 -0.375 9.997
3 16 56.2625 -0.375 9.997 55.6717 -8.7654 7.9479 56.1073 -9.3556 10.3046
3 16 55.6717 -8.7654 7.9479 55.4185 -0.375 6.8539 55.0207 -8.2505 6.6252
3 16 55.1508 -10.0963 13.2629 55.4263 -0.375 13.1327 56.1073 -9.3556 10.3046
3 16 56.1073 -9.3556 10.3046 55.4263 -0.375 13.1327 56.2625 -0.375 9.997
3 16 52.9198 -10.6181 15.3465 53.1363 -0.375 15.4345 55.1508 -10.0963 13.2629
3 16 55.1508 -10.0963 13.2629 53.1363 -0.375 15.4345 55.4263 -0.375 13.1327
3 16 49.975 -10.8065 16.0986 46.4161 -10.5177 14.9453 49.975 -0.375 16.2875
3 16 49.975 -0.375 16.2875 46.4161 -10.5177 14.9453 46.8276 -0.375 15.4426
3 16 49.975 -10.8065 16.0986 49.975 -0.375 16.2875 52.9198 -10.6181 15.3465
3 16 52.9198 -10.6181 15.3465 49.975 -0.375 16.2875 53.1363 -0.375 15.4345
3 16 45.9348 -0.375 16.9994 46.8276 -0.375 15.4426 42.9755 -0.375 14.0401
3 16 42.9755 -0.375 14.0401 46.8276 -0.375 15.4426 44.5315 -0.375 13.1461
3 16 42.9755 -0.375 5.9551 41.8923 -0.375 9.9976 44.5237 -0.375 6.8673
3 16 44.5237 -0.375 6.8673 41.8923 -0.375 9.9976 43.6875 -0.375 10.003
3 16 41.8923 -0.375 9.9976 42.9755 -0.375 14.0401 43.6875 -0.375 10.003
3 16 43.6875 -0.375 10.003 42.9755 -0.375 14.0401 44.5315 -0.375 13.1461
3 16 45.9348 -0.375 2.9958 42.9755 -0.375 5.9551 46.8137 -0.375 4.5655
3 16 46.8137 -0.375 4.5655 42.9755 -0.375 5.9551 44.5237 -0.375 6.8673
3 16 49.975 -0.375 1.9125 45.9348 -0.375 2.9958 49.975 -0.375 3.7125
3 16 49.975 -0.375 3.7125 45.9348 -0.375 2.9958 46.8137 -0.375 4.5655
3 16 53.1224 -0.375 4.5574 54.0198 -0.375 2.9958 49.975 -0.375 3.7125
3 16 49.975 -0.375 3.7125 54.0198 -0.375 2.9958 49.975 -0.375 1.9125
3 16 55.4185 -0.375 6.8539 56.9791 -0.375 5.9551 53.1224 -0.375 4.5574
3 16 53.1224 -0.375 4.5574 56.9791 -0.375 5.9551 54.0198 -0.375 2.9958
3 16 56.9791 -0.375 14.0401 58.0623 -0.375 9.9976 55.4263 -0.375 13.1327
3 16 55.4263 -0.375 13.1327 58.0623 -0.375 9.9976 56.2625 -0.375 9.997
3 16 58.0623 -0.375 9.9976 56.9791 -0.375 5.9551 56.2625 -0.375 9.997
3 16 56.2625 -0.375 9.997 56.9791 -0.375 5.9551 55.4185 -0.375 6.8539
3 16 54.0198 -0.375 16.9994 56.9791 -0.375 14.0401 53.1363 -0.375 15.4345
3 16 53.1363 -0.375 15.4345 56.9791 -0.375 14.0401 55.4263 -0.375 13.1327
3 16 49.9773 -0.375 18.0826 49.975 -0.375 16.2875 45.9348 -0.375 16.9994
3 16 45.9348 -0.375 16.9994 49.975 -0.375 16.2875 46.8276 -0.375 15.4426
3 16 49.9773 -0.375 18.0826 54.0198 -0.375 16.9994 49.975 -0.375 16.2875
3 16 49.975 -0.375 16.2875 54.0198 -0.375 16.9994 53.1363 -0.375 15.4345
3 16 21.6284 -5.425 -6.025 21.6284 -2.6477 -6.025 18.3966 -5.425 -6.025
3 16 18.3966 -5.425 -6.025 21.6284 -2.6477 -6.025 18.3966 -2.6477 -6.025
3 16 14.6019 -5.425 -3.1162 14.6019 -4.216 -3.1162 13.7959 -5.425 -0.6328
3 16 25.4369 -5.425 -3.0917 14.6019 -5.425 -3.1162 26.2291 -5.425 -0.6328
3 16 26.2291 -5.425 -0.6328 14.6019 -5.425 -3.1162 13.7959 -5.425 -0.6328
3 16 16.2539 -5.425 -4.9804 14.6019 -5.425 -3.1162 23.7722 -5.425 -4.9805
3 16 23.7722 -5.425 -4.9805 14.6019 -5.425 -3.1162 25.4369 -5.425 -3.0917
3 16 21.6284 -5.425 -6.025 18.3966 -5.425 -6.025 23.7722 -5.425 -4.9805
3 16 23.7722 -5.425 -4.9805 18.3966 -5.425 -6.025 16.2539 -5.425 -4.9804
3 16 14.6019 -5.425 -3.1162 16.2539 -5.425 -4.9804 14.6019 -4.216 -3.1162
3 16 14.6019 -4.216 -3.1162 16.2539 -5.425 -4.9804 16.2539 -3.2305 -4.9804
3 16 16.2539 -5.425 -4.9804 18.3966 -5.425 -6.025 16.2539 -3.2305 -4.9804
3 16 16.2539 -3.2305 -4.9804 18.3966 -5.425 -6.025 18.3966 -2.6477 -6.025
3 16 14.6019 -4.216 -3.1162 5.4619 -4.2285 -3.0917 13.7959 -5.425 -0.6328
3 16 13.7959 -5.425 -0.6328 5.4619 -4.2285 -3.0917 6.2541 -5.425 -0.6328
3 16 5.4619 -4.2285 -3.0917 5.4619 -5.425 -3.0917 6.2541 -5.425 -0.6328
3 16 1.6534 -5.425 -6.025 -1.5784 -5.425 -6.025 3.7972 -5.425 -4.9805
3 16 3.7972 -5.425 -4.9805 -1.5784 -5.425 -6.025 -3.7211 -5.425 -4.9804
3 16 -5.3731 -5.425 -3.1162 -6.0125 -5.425 -0.6328 5.4619 -5.425 -3.0917
3 16 5.4619 -5.425 -3.0917 -6.0125 -5.425 -0.6328 6.2541 -5.425 -0.6328
3 16 5.4619 -5.425 -3.0917 3.7972 -5.425 -4.9805 -5.3731 -5.425 -3.1162
3 16 -5.3731 -5.425 -3.1162 3.7972 -5.425 -4.9805 -3.7211 -5.425 -4.9804
3 16 -6.0125 -5.425 -0.6328 -5.3731 -5.425 -3.1162 -6.0125 -5.425 -1.5559
3 16 -6.0125 -4.9891 -1.5559 -6.0125 -5.425 -0.6328 -6.0125 -5.425 -1.5559
3 16 21.6284 -2.6477 -6.025 21.6284 -5.425 -6.025 23.7722 -3.2304 -4.9805
3 16 23.7722 -3.2304 -4.9805 21.6284 -5.425 -6.025 23.7722 -5.425 -4.9805
3 16 23.7722 -3.2304 -4.9805 23.7722 -5.425 -4.9805 25.4369 -4.2285 -3.0917
3 16 25.4369 -4.2285 -3.0917 23.7722 -5.425 -4.9805 25.4369 -5.425 -3.0917
3 16 25.4369 -5.425 -3.0917 26.2291 -5.425 -0.6328 25.4369 -4.2285 -3.0917
3 16 14.6019 -4.216 -3.1162 16.2539 -3.2305 -4.9804 5.4619 -4.2285 -3.0917
3 16 5.4619 -4.2285 -3.0917 16.2539 -3.2305 -4.9804 3.7972 -3.2304 -4.9805
3 16 3.7972 -3.2304 -4.9805 16.2539 -3.2305 -4.9804 1.6534 -2.6477 -6.025
3 16 1.6534 -2.6477 -6.025 16.2539 -3.2305 -4.9804 18.3966 -2.6477 -6.025
3 16 1.6534 -2.6477 -6.025 1.6534 -5.425 -6.025 3.7972 -3.2304 -4.9805
3 16 3.7972 -3.2304 -4.9805 1.6534 -5.425 -6.025 3.7972 -5.425 -4.9805
3 16 -1.5784 -2.6477 -6.025 -1.5784 -5.425 -6.025 1.6534 -2.6477 -6.025
3 16 1.6534 -2.6477 -6.025 -1.5784 -5.425 -6.025 1.6534 -5.425 -6.025
3 16 3.7972 -3.2304 -4.9805 3.7972 -5.425 -4.9805 5.4619 -4.2285 -3.0917
3 16 5.4619 -4.2285 -3.0917 3.7972 -5.425 -4.9805 5.4619 -5.425 -3.0917
3 16 -3.7211 -3.2305 -4.9804 -1.5784 -2.6477 -6.025 -6.0125 -2.6477 -6.025
3 16 -5.3731 -4.216 -3.1162 -3.7211 -3.2305 -4.9804 -6.0125 -3.8569 -3.8106
3 16 -6.0125 -3.8569 -3.8106 -3.7211 -3.2305 -4.9804 -6.0125 -2.6477 -6.025
3 16 -3.7211 -5.425 -4.9804 -1.5784 -5.425 -6.025 -3.7211 -3.2305 -4.9804
3 16 -3.7211 -3.2305 -4.9804 -1.5784 -5.425 -6.025 -1.5784 -2.6477 -6.025
3 16 -5.3731 -5.425 -3.1162 -3.7211 -5.425 -4.9804 -5.3731 -4.216 -3.1162
3 16 -5.3731 -4.216 -3.1162 -3.7211 -5.425 -4.9804 -3.7211 -3.2305 -4.9804
3 16 -6.0125 -5.425 -1.5559 -5.3731 -5.425 -3.1162 -6.0125 -4.9891 -1.5559
3 16 -6.0125 -4.9891 -1.5559 -5.3731 -5.425 -3.1162 -5.3731 -4.216 -3.1162
3 16 -5.3731 -4.216 -3.1162 -6.0125 -3.8569 -3.8106 -6.0125 -4.9891 -1.5559
3 16 -6.0125 0 26.025 -6.0125 0 -6.025 -10 0 30
3 16 -10 0 30 -6.0125 0 -6.025 -10 0 -10
3 16 -6.0125 -12.1005 26.025 -6.0125 -11.0028 16.8826 -6.0125 0 26.025
3 16 -6.0125 0 -6.025 -6.0125 0 26.025 -6.0125 -5.425 -0.6328
3 16 -6.0125 0 -6.025 -6.0125 -3.8569 -3.8106 -6.0125 -2.6477 -6.025
3 16 -6.0125 0 -6.025 -6.0125 -4.9891 -1.5559 -6.0125 -3.8569 -3.8106
3 16 -6.0125 0 -6.025 -6.0125 -5.425 -0.6328 -6.0125 -4.9891 -1.5559
3 16 -6.0125 -5.425 -0.6328 -6.0125 0 26.025 -6.0125 -8.7654 7.9479
3 16 -6.0125 -11.0028 16.8826 -6.0125 -8.7654 7.9479 -6.0125 0 26.025
3 16 26.2291 -5.425 -0.6328 13.7959 -5.425 -0.6328 30 -8.7654 7.9479
3 16 30 -8.7654 7.9479 13.7959 -5.425 -0.6328 -6.0125 -8.7654 7.9479
3 16 13.7959 -5.425 -0.6328 6.2541 -5.425 -0.6328 -6.0125 -8.7654 7.9479
3 16 -6.0125 -8.7654 7.9479 6.2541 -5.425 -0.6328 -6.0125 -5.425 -0.6328
3 16 -1.5784 -2.6477 -6.025 -6.0125 0 -6.025 -6.0125 -2.6477 -6.025
3 16 1.6534 -2.6477 -6.025 -6.0125 0 -6.025 -1.5784 -2.6477 -6.025
3 16 5.9802 -0.375 2.9958 5.9802 -6.8376 2.9958 3.0209 -0.375 5.9551
3 16 3.0209 -0.375 5.9551 5.9802 -6.8376 2.9958 3.0209 -7.9896 5.9551
3 16 3.0209 -0.375 5.9551 2.4869 -8.7654 7.9479 1.9377 -0.375 9.9976
3 16 1.9377 -0.375 9.9976 2.4869 -8.7654 7.9479 1.9377 -9.2787 9.9976
3 16 2.4869 -8.7654 7.9479 3.0209 -0.375 5.9551 3.0209 -7.9896 5.9551
3 16 1.9377 -0.375 9.9976 1.9377 -9.2787 9.9976 3.0209 -0.375 14.0401
3 16 3.0209 -0.375 14.0401 1.9377 -9.2787 9.9976 3.0209 -10.291 14.0401
3 16 3.0209 -0.375 14.0401 3.0209 -10.291 14.0401 5.9802 -0.375 16.9994
3 16 5.9802 -0.375 16.9994 3.0209 -10.291 14.0401 5.9802 -11.0168 16.9994
3 16 5.9802 -0.375 16.9994 5.9802 -11.0168 16.9994 10.0227 -0.375 18.0826
3 16 10.0227 -0.375 18.0826 5.9802 -11.0168 16.9994 10.0227 -11.1469 18.0826
3 16 10.0227 -11.1469 18.0826 14.0652 -11.0168 16.9994 10.0227 -0.375 18.0826
3 16 10.0227 -0.375 18.0826 14.0652 -11.0168 16.9994 14.0652 -0.375 16.9994
3 16 14.0652 -11.0168 16.9994 17.0245 -10.291 14.0401 14.0652 -0.375 16.9994
3 16 14.0652 -0.375 16.9994 17.0245 -10.291 14.0401 17.0245 -0.375 14.0401
3 16 17.0245 -10.291 14.0401 18.1077 -9.2787 9.9976 17.0245 -0.375 14.0401
3 16 17.0245 -0.375 14.0401 18.1077 -9.2787 9.9976 18.1077 -0.375 9.9976
3 16 18.1077 -9.2787 9.9976 17.5585 -8.7654 7.9479 18.1077 -0.375 9.9976
3 16 17.0245 -7.9896 5.9551 17.0245 -0.375 5.9551 17.5585 -8.7654 7.9479
3 16 17.5585 -8.7654 7.9479 17.0245 -0.375 5.9551 18.1077 -0.375 9.9976
3 16 17.0245 -7.9896 5.9551 14.0652 -6.8376 2.9958 17.0245 -0.375 5.9551
3 16 17.0245 -0.375 5.9551 14.0652 -6.8376 2.9958 14.0652 -0.375 2.9958
3 16 10.025 -0.375 1.9125 10.025 -6.4159 1.9125 5.9802 -0.375 2.9958
3 16 5.9802 -0.375 2.9958 10.025 -6.4159 1.9125 5.9802 -6.8376 2.9958
3 16 14.0652 -6.8376 2.9958 10.025 -6.4159 1.9125 14.0652 -0.375 2.9958
3 16 14.0652 -0.375 2.9958 10.025 -6.4159 1.9125 10.025 -0.375 1.9125
3 16 25.9552 -0.375 2.9958 25.9552 -6.8376 2.9958 22.9959 -0.375 5.9551
3 16 22.9959 -0.375 5.9551 25.9552 -6.8376 2.9958 22.9959 -7.9896 5.9551
3 16 22.9959 -0.375 5.9551 22.4619 -8.7654 7.9479 21.9127 -0.375 9.9976
3 16 21.9127 -0.375 9.9976 22.4619 -8.7654 7.9479 21.9127 -9.2787 9.9976
3 16 22.4619 -8.7654 7.9479 22.9959 -0.375 5.9551 22.9959 -7.9896 5.9551
3 16 21.9127 -0.375 9.9976 21.9127 -9.2787 9.9976 22.9959 -0.375 14.0401
3 16 22.9959 -0.375 14.0401 21.9127 -9.2787 9.9976 22.9959 -10.291 14.0401
3 16 22.9959 -0.375 14.0401 22.9959 -10.291 14.0401 25.9552 -0.375 16.9994
3 16 25.9552 -0.375 16.9994 22.9959 -10.291 14.0401 25.9552 -11.0168 16.9994
3 16 25.9552 -0.375 16.9994 25.9552 -11.0168 16.9994 30 -0.375 18.0826
3 16 30 -0.375 18.0826 25.9552 -11.0168 16.9994 30 -11.1469 18.0826
3 16 30 -0.375 1.9125 30 -6.4159 1.9125 25.9552 -0.375 2.9958
3 16 25.9552 -0.375 2.9958 30 -6.4159 1.9125 25.9552 -6.8376 2.9958
3 16 30 0 26.025 -6.0125 0 26.025 30 0 30
3 16 30 0 30 -6.0125 0 26.025 -10 0 30
3 16 -6.0125 0 26.025 30 0 26.025 -6.0125 -12.1005 26.025
3 16 -6.0125 -12.1005 26.025 30 0 26.025 30 -12.1005 26.025
3 16 30 -11.0028 16.8826 -6.0125 -11.0028 16.8826 30 -12.1005 26.025
3 16 30 -12.1005 26.025 -6.0125 -11.0028 16.8826 -6.0125 -12.1005 26.025
3 16 -6.0125 -11.0028 16.8826 30 -11.0028 16.8826 -6.0125 -8.7654 7.9479
3 16 -6.0125 -8.7654 7.9479 30 -11.0028 16.8826 30 -8.7654 7.9479
3 16 26.2291 -5.425 -0.6328 30 -8.7654 7.9479 30 -5.425 -0.6328
3 16 25.4369 -4.2285 -3.0917 26.2291 -5.425 -0.6328 30 -4.2223 -3.104
3 16 30 -4.2223 -3.104 26.2291 -5.425 -0.6328 30 -5.425 -0.6328
3 16 30 -4.2223 -3.104 30 -3.2305 -4.9804 25.4369 -4.2285 -3.0917
3 16 25.4369 -4.2285 -3.0917 30 -3.2305 -4.9804 23.7722 -3.2304 -4.9805
3 16 30 -3.2305 -4.9804 30 -2.6477 -6.025 23.7722 -3.2304 -4.9805
3 16 23.7722 -3.2304 -4.9805 30 -2.6477 -6.025 21.6284 -2.6477 -6.025
3 16 30 0 -6.025 21.6284 -2.6477 -6.025 30 -2.6477 -6.025
3 16 -10 0 -10 -6.0125 0 -6.025 30 0 -10
3 16 30 0 -10 -6.0125 0 -6.025 30 0 -6.025
3 16 38.3716 -5.425 -6.025 41.6034 -5.425 -6.025 38.3716 -2.6477 -6.025
3 16 38.3716 -2.6477 -6.025 41.6034 -5.425 -6.025 41.6034 -2.6477 -6.025
3 16 45.3981 -5.425 -3.1162 46.2041 -5.425 -0.6328 45.3981 -4.216 -3.1162
3 16 34.5631 -5.425 -3.0917 33.7709 -5.425 -0.6328 45.3981 -5.425 -3.1162
3 16 45.3981 -5.425 -3.1162 33.7709 -5.425 -0.6328 46.2041 -5.425 -0.6328
3 16 34.5631 -5.425 -3.0917 45.3981 -5.425 -3.1162 36.2278 -5.425 -4.9805
3 16 36.2278 -5.425 -4.9805 45.3981 -5.425 -3.1162 43.7461 -5.425 -4.9804
3 16 38.3716 -5.425 -6.025 36.2278 -5.425 -4.9805 41.6034 -5.425 -6.025
3 16 41.6034 -5.425 -6.025 36.2278 -5.425 -4.9805 43.7461 -5.425 -4.9804
3 16 43.7461 -3.2305 -4.9804 43.7461 -5.425 -4.9804 45.3981 -4.216 -3.1162
3 16 45.3981 -4.216 -3.1162 43.7461 -5.425 -4.9804 45.3981 -5.425 -3.1162
3 16 41.6034 -2.6477 -6.025 41.6034 -5.425 -6.025 43.7461 -3.2305 -4.9804
3 16 43.7461 -3.2305 -4.9804 41.6034 -5.425 -6.025 43.7461 -5.425 -4.9804
3 16 45.3981 -4.216 -3.1162 46.2041 -5.425 -0.6328 54.5381 -4.2285 -3.0917
3 16 54.5381 -4.2285 -3.0917 46.2041 -5.425 -0.6328 53.7459 -5.425 -0.6328
3 16 54.5381 -4.2285 -3.0917 53.7459 -5.425 -0.6328 54.5381 -5.425 -3.0917
3 16 53.7459 -5.425 -0.6328 66.0125 -5.425 -0.6328 54.5381 -5.425 -3.0917
3 16 54.5381 -5.425 -3.0917 66.0125 -5.425 -0.6328 65.3731 -5.425 -3.1162
3 16 58.3466 -5.425 -6.025 56.2028 -5.425 -4.9805 61.5784 -5.425 -6.025
3 16 61.5784 -5.425 -6.025 56.2028 -5.425 -4.9805 63.7211 -5.425 -4.9804
3 16 63.7211 -5.425 -4.9804 56.2028 -5.425 -4.9805 65.3731 -5.425 -3.1162
3 16 65.3731 -5.425 -3.1162 56.2028 -5.425 -4.9805 54.5381 -5.425 -3.0917
3 16 66.0125 -5.425 -0.6328 66.0125 -5.425 -1.5559 65.3731 -5.425 -3.1162
3 16 66.0125 -4.9891 -1.5559 66.0125 -5.425 -1.5559 66.0125 -5.425 -0.6328
3 16 38.3716 -2.6477 -6.025 36.2278 -3.2304 -4.9805 38.3716 -5.425 -6.025
3 16 38.3716 -5.425 -6.025 36.2278 -3.2304 -4.9805 36.2278 -5.425 -4.9805
3 16 36.2278 -3.2304 -4.9805 34.5631 -4.2285 -3.0917 36.2278 -5.425 -4.9805
3 16 36.2278 -5.425 -4.9805 34.5631 -4.2285 -3.0917 34.5631 -5.425 -3.0917
3 16 34.5631 -5.425 -3.0917 34.5631 -4.2285 -3.0917 33.7709 -5.425 -0.6328
3 16 56.2028 -3.2304 -4.9805 43.7461 -3.2305 -4.9804 54.5381 -4.2285 -3.0917
3 16 54.5381 -4.2285 -3.0917 43.7461 -3.2305 -4.9804 45.3981 -4.216 -3.1162
3 16 56.2028 -3.2304 -4.9805 58.3466 -2.6477 -6.025 43.7461 -3.2305 -4.9804
3 16 43.7461 -3.2305 -4.9804 58.3466 -2.6477 -6.025 41.6034 -2.6477 -6.025
3 16 58.3466 -2.6477 -6.025 56.2028 -3.2304 -4.9805 58.3466 -5.425 -6.025
3 16 58.3466 -5.425 -6.025 56.2028 -3.2304 -4.9805 56.2028 -5.425 -4.9805
3 16 61.5784 -2.6477 -6.025 58.3466 -2.6477 -6.025 61.5784 -5.425 -6.025
3 16 61.5784 -5.425 -6.025 58.3466 -2.6477 -6.025 58.3466 -5.425 -6.025
3 16 56.2028 -3.2304 -4.9805 54.5381 -4.2285 -3.0917 56.2028 -5.425 -4.9805
3 16 56.2028 -5.425 -4.9805 54.5381 -4.2285 -3.0917 54.5381 -5.425 -3.0917
3 16 63.7211 -3.2305 -4.9804 66.0125 -2.6477 -6.025 61.5784 -2.6477 -6.025
3 16 66.0125 -2.6477 -6.025 63.7211 -3.2305 -4.9804 66.0125 -3.8569 -3.8106
3 16 66.0125 -3.8569 -3.8106 63.7211 -3.2305 -4.9804 65.3731 -4.216 -3.1162
3 16 61.5784 -2.6477 -6.025 61.5784 -5.425 -6.025 63.7211 -3.2305 -4.9804
3 16 63.7211 -3.2305 -4.9804 61.5784 -5.425 -6.025 63.7211 -5.425 -4.9804
3 16 63.7211 -3.2305 -4.9804 63.7211 -5.425 -4.9804 65.3731 -4.216 -3.1162
3 16 65.3731 -4.216 -3.1162 63.7211 -5.425 -4.9804 65.3731 -5.425 -3.1162
3 16 65.3731 -4.216 -3.1162 65.3731 -5.425 -3.1162 66.0125 -4.9891 -1.5559
3 16 66.0125 -4.9891 -1.5559 65.3731 -5.425 -3.1162 66.0125 -5.425 -1.5559
3 16 65.3731 -4.216 -3.1162 66.0125 -4.9891 -1.5559 66.0125 -3.8569 -3.8106
3 16 66.0125 0 26.025 70 0 30 66.0125 0 -6.025
3 16 66.0125 0 -6.025 70 0 30 70 0 -10
3 16 66.0125 -12.1005 26.025 66.0125 0 26.025 66.0125 -11.0028 16.8826
3 16 66.0125 0 -6.025 66.0125 -5.425 -0.6328 66.0125 0 26.025
3 16 66.0125 0 -6.025 66.0125 -2.6477 -6.025 66.0125 -3.8569 -3.8106
3 16 66.0125 0 -6.025 66.0125 -3.8569 -3.8106 66.0125 -4.9891 -1.5559
3 16 66.0125 0 -6.025 66.0125 -4.9891 -1.5559 66.0125 -5.425 -0.6328
3 16 66.0125 -5.425 -0.6328 66.0125 -8.7654 7.9479 66.0125 0 26.025
3 16 66.0125 -11.0028 16.8826 66.0125 0 26.025 66.0125 -8.7654 7.9479
3 16 46.2041 -5.425 -0.6328 66.0125 -8.7654 7.9479 53.7459 -5.425 -0.6328
3 16 66.0125 -8.7654 7.9479 66.0125 -5.425 -0.6328 53.7459 -5.425 -0.6328
3 16 61.5784 -2.6477 -6.025 66.0125 -2.6477 -6.025 66.0125 0 -6.025
3 16 58.3466 -2.6477 -6.025 61.5784 -2.6477 -6.025 66.0125 0 -6.025
3 16 58.3466 -2.6477 -6.025 66.0125 0 -6.025 41.6034 -2.6477 -6.025
3 16 41.6034 -2.6477 -6.025 66.0125 0 -6.025 30 0 -6.025
3 16 38.3716 -2.6477 -6.025 41.6034 -2.6477 -6.025 30 0 -6.025
3 16 56.9791 -7.9896 5.9551 54.0198 -6.8376 2.9958 56.9791 -0.375 5.9551
3 16 56.9791 -0.375 5.9551 54.0198 -6.8376 2.9958 54.0198 -0.375 2.9958
3 16 58.0623 -9.2787 9.9976 57.5131 -8.7654 7.9479 58.0623 -0.375 9.9976
3 16 58.0623 -0.375 9.9976 57.5131 -8.7654 7.9479 56.9791 -0.375 5.9551
3 16 57.5131 -8.7654 7.9479 56.9791 -7.9896 5.9551 56.9791 -0.375 5.9551
3 16 56.9791 -10.291 14.0401 58.0623 -9.2787 9.9976 56.9791 -0.375 14.0401
3 16 56.9791 -0.375 14.0401 58.0623 -9.2787 9.9976 58.0623 -0.375 9.9976
3 16 54.0198 -11.0168 16.9994 56.9791 -10.291 14.0401 54.0198 -0.375 16.9994
3 16 54.0198 -0.375 16.9994 56.9791 -10.291 14.0401 56.9791 -0.375 14.0401
3 16 49.9773 -11.1469 18.0826 54.0198 -11.0168 16.9994 49.9773 -0.375 18.0826
3 16 49.9773 -0.375 18.0826 54.0198 -11.0168 16.9994 54.0198 -0.375 16.9994
3 16 49.9773 -11.1469 18.0826 49.9773 -0.375 18.0826 45.818 -11.0028 16.8826
3 16 45.818 -11.0028 16.8826 49.9773 -0.375 18.0826 45.9348 -0.375 16.9994
3 16 45.818 -11.0028 16.8826 45.9348 -0.375 16.9994 42.9755 -10.291 14.0401
3 16 42.9755 -10.291 14.0401 45.9348 -0.375 16.9994 42.9755 -0.375 14.0401
3 16 42.9755 -10.291 14.0401 42.9755 -0.375 14.0401 41.8923 -9.2787 9.9976
3 16 41.8923 -9.2787 9.9976 42.9755 -0.375 14.0401 41.8923 -0.375 9.9976
3 16 41.8923 -9.2787 9.9976 41.8923 -0.375 9.9976 42.4415 -8.7654 7.9479
3 16 42.4415 -8.7654 7.9479 41.8923 -0.375 9.9976 42.9755 -0.375 5.9551
3 16 42.4415 -8.7654 7.9479 42.9755 -0.375 5.9551 42.9755 -7.9896 5.9551
3 16 42.9755 -7.9896 5.9551 42.9755 -0.375 5.9551 45.9348 -6.8376 2.9958
3 16 45.9348 -6.8376 2.9958 42.9755 -0.375 5.9551 45.9348 -0.375 2.9958
3 16 54.0198 -6.8376 2.9958 49.975 -6.4159 1.9125 54.0198 -0.375 2.9958
3 16 54.0198 -0.375 2.9958 49.975 -6.4159 1.9125 49.975 -0.375 1.9125
3 16 45.9348 -6.8376 2.9958 45.9348 -0.375 2.9958 49.975 -6.4159 1.9125
3 16 49.975 -6.4159 1.9125 45.9348 -0.375 2.9958 49.975 -0.375 1.9125
3 16 37.0041 -7.9896 5.9551 34.0448 -6.8376 2.9958 37.0041 -0.375 5.9551
3 16 37.0041 -0.375 5.9551 34.0448 -6.8376 2.9958 34.0448 -0.375 2.9958
3 16 38.0873 -9.2787 9.9976 37.5381 -8.7654 7.9479 38.0873 -0.375 9.9976
3 16 38.0873 -0.375 9.9976 37.5381 -8.7654 7.9479 37.0041 -0.375 5.9551
3 16 37.0041 -0.375 5.9551 37.5381 -8.7654 7.9479 37.0041 -7.9896 5.9551
3 16 37.0041 -10.291 14.0401 38.0873 -9.2787 9.9976 37.0041 -0.375 14.0401
3 16 37.0041 -0.375 14.0401 38.0873 -9.2787 9.9976 38.0873 -0.375 9.9976
3 16 34.0448 -11.0168 16.9994 37.0041 -10.291 14.0401 34.0448 -0.375 16.9994
3 16 34.0448 -0.375 16.9994 37.0041 -10.291 14.0401 37.0041 -0.375 14.0401
3 16 30 -11.1469 18.0826 34.0448 -11.0168 16.9994 30 -0.375 18.0826
3 16 30 -0.375 18.0826 34.0448 -11.0168 16.9994 34.0448 -0.375 16.9994
3 16 34.0448 -6.8376 2.9958 30 -6.4159 1.9125 34.0448 -0.375 2.9958
3 16 34.0448 -0.375 2.9958 30 -6.4159 1.9125 30 -0.375 1.9125
3 16 30 0 26.025 30 0 30 66.0125 0 26.025
3 16 66.0125 0 26.025 30 0 30 70 0 30
3 16 66.0125 0 26.025 66.0125 -12.1005 26.025 30 0 26.025
3 16 30 0 26.025 66.0125 -12.1005 26.025 30 -12.1005 26.025
3 16 30 -11.0028 16.8826 30 -12.1005 26.025 66.0125 -11.0028 16.8826
3 16 66.0125 -11.0028 16.8826 30 -12.1005 26.025 66.0125 -12.1005 26.025
3 16 66.0125 -11.0028 16.8826 66.0125 -8.7654 7.9479 30 -11.0028 16.8826
3 16 30 -11.0028 16.8826 66.0125 -8.7654 7.9479 30 -8.7654 7.9479
3 16 30 -8.7654 7.9479 33.7709 -5.425 -0.6328 30 -5.425 -0.6328
3 16 30 -5.425 -0.6328 33.7709 -5.425 -0.6328 30 -4.2223 -3.104
3 16 30 -4.2223 -3.104 33.7709 -5.425 -0.6328 34.5631 -4.2285 -3.0917
3 16 36.2278 -3.2304 -4.9805 30 -3.2305 -4.9804 34.5631 -4.2285 -3.0917
3 16 34.5631 -4.2285 -3.0917 30 -3.2305 -4.9804 30 -4.2223 -3.104
3 16 38.3716 -2.6477 -6.025 30 -2.6477 -6.025 36.2278 -3.2304 -4.9805
3 16 36.2278 -3.2304 -4.9805 30 -2.6477 -6.025 30 -3.2305 -4.9804
3 16 38.3716 -2.6477 -6.025 30 0 -6.025 30 -2.6477 -6.025
3 16 30 0 -6.025 66.0125 0 -6.025 30 0 -10
3 16 30 0 -10 66.0125 0 -6.025 70 0 -10
3 16 33.7709 -5.425 -0.6328 30 -8.7654 7.9479 46.2041 -5.425 -0.6328
3 16 46.2041 -5.425 -0.6328 30 -8.7654 7.9479 66.0125 -8.7654 7.9479
3 16 21.6284 -2.6477 -6.025 30 0 -6.025 18.3966 -2.6477 -6.025
3 16 30 0 -6.025 -6.0125 0 -6.025 18.3966 -2.6477 -6.025
3 16 18.3966 -2.6477 -6.025 -6.0125 0 -6.025 1.6534 -2.6477 -6.025
2 24 -10 -15.9791 30 -10 0 30
2 24 -10 -15.9791 30 -10 -15.2259 19.4155
2 24 -10 0 -10 -10 -4.8 -10
2 24 -10 0 30 -10 0 -10
2 24 -10 -4.8 -10 -10 -9.5848 -0.5544
2 24 -10 -9.5848 -0.5544 -10 -13.0816 9.2396
2 24 -10 -15.2259 19.4155 -10 -13.0816 9.2396
2 24 30 -4.8 -10 -10 -4.8 -10
2 24 -10 -4.8 -10 -10 0 -10
2 24 30 0 -10 -10 0 -10
2 24 -10 -9.5848 -0.5544 -10 -4.8 -10
2 24 30 -4.8 -10 -10 -4.8 -10
2 24 -10 -9.5848 -0.5544 -10 -13.0816 9.2396
2 24 -10 -13.0816 9.2396 -10 -15.2259 19.4155
2 24 30 -15.9791 30 -10 -15.9791 30
2 24 -10 -15.2259 19.4155 -10 -15.9791 30
2 24 30 -15.9791 30 -10 -15.9791 30
2 24 30 0 30 -10 0 30
2 24 -10 -15.9791 30 -10 0 30
2 24 70 -15.9791 30 70 -15.2259 19.4155
2 24 70 -15.9791 30 70 0 30
2 24 70 0 30 70 0 -10
2 24 70 0 -10 70 -4.8 -10
2 24 70 -4.8 -10 70 -9.5848 -0.5544
2 24 70 -9.5848 -0.5544 70 -13.0816 9.2396
2 24 70 -15.2259 19.4155 70 -13.0816 9.2396
2 24 30 -4.8 -10 70 -4.8 -10
2 24 30 0 -10 70 0 -10
2 24 70 -4.8 -10 70 0 -10
2 24 30 -4.8 -10 70 -4.8 -10
2 24 70 -9.5848 -0.5544 70 -4.8 -10
2 24 70 -9.5848 -0.5544 70 -13.0816 9.2396
2 24 70 -13.0816 9.2396 70 -15.2259 19.4155
2 24 30 -15.9791 30 70 -15.9791 30
2 24 70 -15.2259 19.4155 70 -15.9791 30
2 24 30 -15.9791 30 70 -15.9791 30
2 24 70 -15.9791 30 70 0 30
2 24 30 0 30 70 0 30
2 24 6.4661 -10.5177 14.9453 4.5147 -9.9445 12.6564
2 24 6.8776 -0.375 15.4426 4.5815 -0.375 13.1461
2 24 4.5147 -9.9445 12.6564 3.8889 -9.1937 9.6583
2 24 4.5815 -0.375 13.1461 3.7375 -0.375 10.003
2 24 3.7375 -0.375 10.003 4.5737 -0.375 6.8673
2 24 3.8889 -9.1937 9.6583 4.4761 -8.7654 7.9479
2 24 4.4761 -8.7654 7.9479 4.792 -8.2884 6.7226
2 24 4.792 -8.2884 6.7226 7.037 -7.4509 4.5713
2 24 4.5737 -0.375 6.8673 6.8637 -0.375 4.5655
2 24 7.037 -7.4509 4.5713 10.025 -7.1483 3.794
2 24 6.8637 -0.375 4.5655 10.025 -0.375 3.7125
2 24 10.025 -7.1483 3.794 13.0385 -7.4737 4.6299
2 24 10.025 -0.375 3.7125 13.1724 -0.375 4.5574
2 24 13.0385 -7.4737 4.6299 15.0707 -8.2505 6.6252
2 24 13.1724 -0.375 4.5574 15.4685 -0.375 6.8539
2 24 15.4685 -0.375 6.8539 16.3125 -0.375 9.997
2 24 15.7217 -8.7654 7.9479 16.1573 -9.3556 10.3046
2 24 15.0707 -8.2505 6.6252 15.7217 -8.7654 7.9479
2 24 16.1573 -9.3556 10.3046 15.2008 -10.0963 13.2629
2 24 16.3125 -0.375 9.997 15.4763 -0.375 13.1327
2 24 15.2008 -10.0963 13.2629 12.9698 -10.6181 15.3465
2 24 15.4763 -0.375 13.1327 13.1863 -0.375 15.4345
2 24 6.4661 -10.5177 14.9453 10.025 -10.8065 16.0986
2 24 6.8776 -0.375 15.4426 10.025 -0.375 16.2875
2 24 12.9698 -10.6181 15.3465 10.025 -10.8065 16.0986
2 24 13.1863 -0.375 15.4345 10.025 -0.375 16.2875
2 24 6.8776 -0.375 15.4426 4.5815 -0.375 13.1461
2 24 5.9802 -0.375 16.9994 3.0209 -0.375 14.0401
2 24 3.0209 -0.375 5.9551 1.9377 -0.375 9.9976
2 24 4.5737 -0.375 6.8673 3.7375 -0.375 10.003
2 24 3.0209 -0.375 14.0401 1.9377 -0.375 9.9976
2 24 4.5815 -0.375 13.1461 3.7375 -0.375 10.003
2 24 3.0209 -0.375 5.9551 5.9802 -0.375 2.9958
2 24 4.5737 -0.375 6.8673 6.8637 -0.375 4.5655
2 24 5.9802 -0.375 2.9958 10.025 -0.375 1.9125
2 24 6.8637 -0.375 4.5655 10.025 -0.375 3.7125
2 24 10.025 -0.375 3.7125 13.1724 -0.375 4.5574
2 24 10.025 -0.375 1.9125 14.0652 -0.375 2.9958
2 24 13.1724 -0.375 4.5574 15.4685 -0.375 6.8539
2 24 14.0652 -0.375 2.9958 17.0245 -0.375 5.9551
2 24 17.0245 -0.375 14.0401 18.1077 -0.375 9.9976
2 24 15.4763 -0.375 13.1327 16.3125 -0.375 9.997
2 24 15.4685 -0.375 6.8539 16.3125 -0.375 9.997
2 24 17.0245 -0.375 5.9551 18.1077 -0.375 9.9976
2 24 17.0245 -0.375 14.0401 14.0652 -0.375 16.9994
2 24 15.4763 -0.375 13.1327 13.1863 -0.375 15.4345
2 24 5.9802 -0.375 16.9994 10.0227 -0.375 18.0826
2 24 6.8776 -0.375 15.4426 10.025 -0.375 16.2875
2 24 14.0652 -0.375 16.9994 10.0227 -0.375 18.0826
2 24 13.1863 -0.375 15.4345 10.025 -0.375 16.2875
2 24 26.4411 -10.5177 14.9453 24.4897 -9.9445 12.6564
2 24 26.8526 -0.375 15.4426 24.5565 -0.375 13.1461
2 24 24.4897 -9.9445 12.6564 23.8639 -9.1937 9.6583
2 24 24.5565 -0.375 13.1461 23.7125 -0.375 10.003
2 24 23.7125 -0.375 10.003 24.5487 -0.375 6.8673
2 24 23.8639 -9.1937 9.6583 24.4511 -8.7654 7.9479
2 24 24.4511 -8.7654 7.9479 24.767 -8.2884 6.7226
2 24 24.767 -8.2884 6.7226 27.012 -7.4509 4.5713
2 24 24.5487 -0.375 6.8673 26.8387 -0.375 4.5655
2 24 27.012 -7.4509 4.5713 30 -7.1483 3.794
2 24 26.8387 -0.375 4.5655 30 -0.375 3.7125
2 24 30 -7.1483 3.794 33.0136 -7.4737 4.6299
2 24 30 -0.375 3.7125 33.1474 -0.375 4.5574
2 24 33.0136 -7.4737 4.6299 35.0457 -8.2505 6.6252
2 24 33.1474 -0.375 4.5574 35.4435 -0.375 6.8539
2 24 35.4435 -0.375 6.8539 36.2875 -0.375 9.997
2 24 35.6967 -8.7654 7.9479 36.1323 -9.3556 10.3046
2 24 35.0457 -8.2505 6.6252 35.6967 -8.7654 7.9479
2 24 36.1323 -9.3556 10.3046 35.1758 -10.0963 13.2629
2 24 36.2875 -0.375 9.997 35.4513 -0.375 13.1327
2 24 35.1758 -10.0963 13.2629 32.9448 -10.6181 15.3465
2 24 35.4513 -0.375 13.1327 33.1613 -0.375 15.4345
2 24 26.4411 -10.5177 14.9453 30 -10.8065 16.0986
2 24 26.8526 -0.375 15.4426 30 -0.375 16.2875
2 24 32.9448 -10.6181 15.3465 30 -10.8065 16.0986
2 24 33.1613 -0.375 15.4345 30 -0.375 16.2875
2 24 26.8526 -0.375 15.4426 24.5565 -0.375 13.1461
2 24 25.9598 -0.375 16.9994 22.9959 -0.375 14.0401
2 24 22.9959 -0.375 5.9551 21.9127 -0.375 9.9976
2 24 24.5487 -0.375 6.8673 23.7125 -0.375 10.003
2 24 22.9959 -0.375 14.0401 21.9127 -0.375 9.9976
2 24 24.5565 -0.375 13.1461 23.7125 -0.375 10.003
2 24 22.9959 -0.375 5.9551 25.9552 -0.375 2.9958
2 24 24.5487 -0.375 6.8673 26.8387 -0.375 4.5655
2 24 25.9552 -0.375 2.9958 30 -0.375 1.9125
2 24 26.8387 -0.375 4.5655 30 -0.375 3.7125
2 24 30 -0.375 3.7125 33.1474 -0.375 4.5574
2 24 30 -0.375 1.9125 34.0448 -0.375 2.9958
2 24 33.1474 -0.375 4.5574 35.4435 -0.375 6.8539
2 24 34.0448 -0.375 2.9958 37.0041 -0.375 5.9551
2 24 37.0041 -0.375 14.0401 38.0873 -0.375 9.9976
2 24 35.4513 -0.375 13.1327 36.2875 -0.375 9.997
2 24 37.0041 -0.375 5.9551 38.0873 -0.375 9.9976
2 24 35.4435 -0.375 6.8539 36.2875 -0.375 9.997
2 24 37.0041 -0.375 14.0401 34.0448 -0.375 16.9994
2 24 35.4513 -0.375 13.1327 33.1613 -0.375 15.4345
2 24 25.9598 -0.375 16.9994 30.0023 -0.375 18.0826
2 24 26.8526 -0.375 15.4426 30 -0.375 16.2875
2 24 34.0448 -0.375 16.9994 30.0023 -0.375 18.0826
2 24 33.1613 -0.375 15.4345 30 -0.375 16.2875
2 24 46.4161 -10.5177 14.9453 44.4647 -9.9445 12.6564
2 24 46.8276 -0.375 15.4426 44.5315 -0.375 13.1461
2 24 44.4647 -9.9445 12.6564 43.8389 -9.1937 9.6583
2 24 44.5315 -0.375 13.1461 43.6875 -0.375 10.003
2 24 43.6875 -0.375 10.003 44.5237 -0.375 6.8673
2 24 43.8389 -9.1937 9.6583 44.4261 -8.7654 7.9479
2 24 44.4261 -8.7654 7.9479 44.742 -8.2884 6.7226
2 24 44.742 -8.2884 6.7226 46.987 -7.4509 4.5713
2 24 44.5237 -0.375 6.8673 46.8137 -0.375 4.5655
2 24 46.987 -7.4509 4.5713 49.975 -7.1483 3.794
2 24 46.8137 -0.375 4.5655 49.975 -0.375 3.7125
2 24 49.975 -7.1483 3.794 52.9885 -7.4737 4.6299
2 24 49.975 -0.375 3.7125 53.1224 -0.375 4.5574
2 24 52.9885 -7.4737 4.6299 55.0207 -8.2505 6.6252
2 24 53.1224 -0.375 4.5574 55.4185 -0.375 6.8539
2 24 55.4185 -0.375 6.8539 56.2625 -0.375 9.997
2 24 55.6717 -8.7654 7.9479 56.1073 -9.3556 10.3046
2 24 55.0207 -8.2505 6.6252 55.6717 -8.7654 7.9479
2 24 56.1073 -9.3556 10.3046 55.1508 -10.0963 13.2629
2 24 56.2625 -0.375 9.997 55.4263 -0.375 13.1327
2 24 55.1508 -10.0963 13.2629 52.9198 -10.6181 15.3465
2 24 55.4263 -0.375 13.1327 53.1363 -0.375 15.4345
2 24 46.4161 -10.5177 14.9453 49.975 -10.8065 16.0986
2 24 46.8276 -0.375 15.4426 49.975 -0.375 16.2875
2 24 52.9198 -10.6181 15.3465 49.975 -10.8065 16.0986
2 24 53.1363 -0.375 15.4345 49.975 -0.375 16.2875
2 24 45.9348 -0.375 16.9994 42.9755 -0.375 14.0401
2 24 46.8276 -0.375 15.4426 44.5315 -0.375 13.1461
2 24 42.9755 -0.375 5.9551 41.8923 -0.375 9.9976
2 24 44.5237 -0.375 6.8673 43.6875 -0.375 10.003
2 24 42.9755 -0.375 14.0401 41.8923 -0.375 9.9976
2 24 44.5315 -0.375 13.1461 43.6875 -0.375 10.003
2 24 42.9755 -0.375 5.9551 45.9348 -0.375 2.9958
2 24 44.5237 -0.375 6.8673 46.8137 -0.375 4.5655
2 24 45.9348 -0.375 2.9958 49.975 -0.375 1.9125
2 24 46.8137 -0.375 4.5655 49.975 -0.375 3.7125
2 24 49.975 -0.375 3.7125 53.1224 -0.375 4.5574
2 24 49.975 -0.375 1.9125 54.0198 -0.375 2.9958
2 24 53.1224 -0.375 4.5574 55.4185 -0.375 6.8539
2 24 54.0198 -0.375 2.9958 56.9791 -0.375 5.9551
2 24 56.9791 -0.375 14.0401 58.0623 -0.375 9.9976
2 24 55.4263 -0.375 13.1327 56.2625 -0.375 9.997
2 24 56.9791 -0.375 5.9551 58.0623 -0.375 9.9976
2 24 55.4185 -0.375 6.8539 56.2625 -0.375 9.997
2 24 56.9791 -0.375 14.0401 54.0198 -0.375 16.9994
2 24 55.4263 -0.375 13.1327 53.1363 -0.375 15.4345
2 24 45.9348 -0.375 16.9994 49.9773 -0.375 18.0826
2 24 46.8276 -0.375 15.4426 49.975 -0.375 16.2875
2 24 54.0198 -0.375 16.9994 49.9773 -0.375 18.0826
2 24 53.1363 -0.375 15.4345 49.975 -0.375 16.2875
2 24 21.6284 -5.425 -6.025 18.3966 -5.425 -6.025
2 24 14.6019 -4.216 -3.1162 13.7959 -5.425 -0.6328
2 24 14.6019 -5.425 -3.1162 13.7959 -5.425 -0.6328
2 24 25.4369 -5.425 -3.0917 26.2291 -5.425 -0.6328
2 24 14.6019 -5.425 -3.1162 13.7959 -5.425 -0.6328
2 24 26.2291 -5.425 -0.6328 13.7959 -5.425 -0.6328
2 24 14.6019 -5.425 -3.1162 16.2539 -5.425 -4.9804
2 24 25.4369 -5.425 -3.0917 23.7722 -5.425 -4.9805
2 24 21.6284 -5.425 -6.025 18.3966 -5.425 -6.025
2 24 23.7722 -5.425 -4.9805 21.6284 -5.425 -6.025
2 24 16.2539 -5.425 -4.9804 18.3966 -5.425 -6.025
2 24 14.6019 -5.425 -3.1162 16.2539 -5.425 -4.9804
2 24 14.6019 -4.216 -3.1162 16.2539 -3.2305 -4.9804
2 24 18.3966 -5.425 -6.025 16.2539 -5.425 -4.9804
2 24 18.3966 -2.6477 -6.025 16.2539 -3.2305 -4.9804
2 24 14.6019 -4.216 -3.1162 13.7959 -5.425 -0.6328
2 24 5.4619 -4.2285 -3.0917 6.2541 -5.425 -0.6328
2 24 5.4619 -5.425 -3.0917 6.2541 -5.425 -0.6328
2 24 5.4619 -4.2285 -3.0917 6.2541 -5.425 -0.6328
2 24 1.6534 -5.425 -6.025 -1.5784 -5.425 -6.025
2 24 1.6534 -5.425 -6.025 3.7972 -5.425 -4.9805
2 24 -1.5784 -5.425 -6.025 -3.7211 -5.425 -4.9804
2 24 -6.0125 -5.425 -0.6328 6.2541 -5.425 -0.6328
2 24 5.4619 -5.425 -3.0917 6.2541 -5.425 -0.6328
2 24 3.7972 -5.425 -4.9805 5.4619 -5.425 -3.0917
2 24 -3.7211 -5.425 -4.9804 -5.3731 -5.425 -3.1162
2 24 -5.3731 -5.425 -3.1162 -6.0125 -5.425 -1.5559
2 24 -6.0125 -5.425 -0.6328 -6.0125 -5.425 -1.5559
2 24 -6.0125 -5.425 -0.6328 -6.0125 -5.425 -1.5559
2 24 -6.0125 -4.9891 -1.5559 -6.0125 -5.425 -0.6328
2 24 21.6284 -2.6477 -6.025 23.7722 -3.2304 -4.9805
2 24 21.6284 -5.425 -6.025 23.7722 -5.425 -4.9805
2 24 23.7722 -3.2304 -4.9805 25.4369 -4.2285 -3.0917
2 24 23.7722 -5.425 -4.9805 25.4369 -5.425 -3.0917
2 24 25.4369 -4.2285 -3.0917 26.2291 -5.425 -0.6328
2 24 25.4369 -5.425 -3.0917 26.2291 -5.425 -0.6328
2 24 14.6019 -4.216 -3.1162 16.2539 -3.2305 -4.9804
2 24 5.4619 -4.2285 -3.0917 3.7972 -3.2304 -4.9805
2 24 3.7972 -3.2304 -4.9805 1.6534 -2.6477 -6.025
2 24 16.2539 -3.2305 -4.9804 18.3966 -2.6477 -6.025
2 24 1.6534 -2.6477 -6.025 18.3966 -2.6477 -6.025
2 24 1.6534 -2.6477 -6.025 3.7972 -3.2304 -4.9805
2 24 1.6534 -5.425 -6.025 3.7972 -5.425 -4.9805
2 24 1.6534 -5.425 -6.025 -1.5784 -5.425 -6.025
2 24 5.4619 -4.2285 -3.0917 3.7972 -3.2304 -4.9805
2 24 5.4619 -5.425 -3.0917 3.7972 -5.425 -4.9805
2 24 -1.5784 -2.6477 -6.025 -6.0125 -2.6477 -6.025
2 24 -3.7211 -3.2305 -4.9804 -1.5784 -2.6477 -6.025
2 24 -3.7211 -3.2305 -4.9804 -5.3731 -4.216 -3.1162
2 24 -6.0125 -2.6477 -6.025 -6.0125 -3.8569 -3.8106
2 24 -1.5784 -5.425 -6.025 -3.7211 -5.425 -4.9804
2 24 -1.5784 -2.6477 -6.025 -3.7211 -3.2305 -4.9804
2 24 -3.7211 -5.425 -4.9804 -5.3731 -5.425 -3.1162
2 24 -3.7211 -3.2305 -4.9804 -5.3731 -4.216 -3.1162
2 24 -6.0125 -5.425 -1.5559 -5.3731 -5.425 -3.1162
2 24 -6.0125 -4.9891 -1.5559 -5.3731 -4.216 -3.1162
2 24 -6.0125 -3.8569 -3.8106 -6.0125 -4.9891 -1.5559
2 24 -5.3731 -4.216 -3.1162 -6.0125 -4.9891 -1.5559
2 24 -6.0125 0 26.025 -6.0125 0 -6.025
2 24 -10 0 30 -10 0 -10
2 24 -6.0125 -12.1005 26.025 -6.0125 -11.0028 16.8826
2 24 -6.0125 -12.1005 26.025 -6.0125 0 26.025
2 24 -6.0125 0 26.025 -6.0125 0 -6.025
2 24 -6.0125 -3.8569 -3.8106 -6.0125 -2.6477 -6.025
2 24 -6.0125 0 -6.025 -6.0125 -2.6477 -6.025
2 24 -6.0125 -3.8569 -3.8106 -6.0125 -4.9891 -1.5559
2 24 -6.0125 -5.425 -0.6328 -6.0125 -4.9891 -1.5559
2 24 -6.0125 -5.425 -0.6328 -6.0125 -8.7654 7.9479
2 24 -6.0125 -11.0028 16.8826 -6.0125 -8.7654 7.9479
2 24 13.7959 -5.425 -0.6328 26.2291 -5.425 -0.6328
2 24 6.2541 -5.425 -0.6328 -6.0125 -5.425 -0.6328
2 24 -6.0125 -8.7654 7.9479 -6.0125 -5.425 -0.6328
2 24 -6.0125 0 -6.025 -6.0125 -2.6477 -6.025
2 24 -1.5784 -2.6477 -6.025 -6.0125 -2.6477 -6.025
2 24 5.9802 -0.375 2.9958 3.0209 -0.375 5.9551
2 24 5.9802 -6.8376 2.9958 3.0209 -7.9896 5.9551
2 24 3.0209 -0.375 5.9551 1.9377 -0.375 9.9976
2 24 2.4869 -8.7654 7.9479 1.9377 -9.2787 9.9976
2 24 3.0209 -7.9896 5.9551 2.4869 -8.7654 7.9479
2 24 1.9377 -0.375 9.9976 3.0209 -0.375 14.0401
2 24 1.9377 -9.2787 9.9976 3.0209 -10.291 14.0401
2 24 3.0209 -0.375 14.0401 5.9802 -0.375 16.9994
2 24 3.0209 -10.291 14.0401 5.9802 -11.0168 16.9994
2 24 5.9802 -0.375 16.9994 10.0227 -0.375 18.0826
2 24 5.9802 -11.0168 16.9994 10.0227 -11.1469 18.0826
2 24 10.0227 -11.1469 18.0826 14.0652 -11.0168 16.9994
2 24 10.0227 -0.375 18.0826 14.0652 -0.375 16.9994
2 24 14.0652 -11.0168 16.9994 17.0245 -10.291 14.0401
2 24 14.0652 -0.375 16.9994 17.0245 -0.375 14.0401
2 24 17.0245 -10.291 14.0401 18.1077 -9.2787 9.9976
2 24 17.0245 -0.375 14.0401 18.1077 -0.375 9.9976
2 24 18.1077 -9.2787 9.9976 17.5585 -8.7654 7.9479
2 24 17.5585 -8.7654 7.9479 17.0245 -7.9896 5.9551
2 24 18.1077 -0.375 9.9976 17.0245 -0.375 5.9551
2 24 17.0245 -7.9896 5.9551 14.0652 -6.8376 2.9958
2 24 17.0245 -0.375 5.9551 14.0652 -0.375 2.9958
2 24 5.9802 -0.375 2.9958 10.025 -0.375 1.9125
2 24 5.9802 -6.8376 2.9958 10.025 -6.4159 1.9125
2 24 14.0652 -6.8376 2.9958 10.025 -6.4159 1.9125
2 24 14.0652 -0.375 2.9958 10.025 -0.375 1.9125
2 24 25.9552 -0.375 2.9958 22.9959 -0.375 5.9551
2 24 25.9552 -6.8376 2.9958 22.9959 -7.9896 5.9551
2 24 22.9959 -0.375 5.9551 21.9127 -0.375 9.9976
2 24 22.4619 -8.7654 7.9479 21.9127 -9.2787 9.9976
2 24 22.9959 -7.9896 5.9551 22.4619 -8.7654 7.9479
2 24 21.9127 -0.375 9.9976 22.9959 -0.375 14.0401
2 24 21.9127 -9.2787 9.9976 22.9959 -10.291 14.0401
2 24 22.9959 -0.375 14.0401 25.9552 -0.375 16.9994
2 24 22.9959 -10.291 14.0401 25.9552 -11.0168 16.9994
2 24 25.9552 -0.375 16.9994 30 -0.375 18.0826
2 24 25.9552 -11.0168 16.9994 30 -11.1469 18.0826
2 24 25.9552 -0.375 2.9958 30 -0.375 1.9125
2 24 25.9552 -6.8376 2.9958 30 -6.4159 1.9125
2 24 -6.0125 0 26.025 30 0 26.025
2 24 -10 0 30 30 0 30
2 24 -6.0125 0 26.025 30 0 26.025
2 24 -6.0125 0 26.025 -6.0125 -12.1005 26.025
2 24 -6.0125 -12.1005 26.025 30 -12.1005 26.025
2 24 -6.0125 -11.0028 16.8826 -6.0125 -12.1005 26.025
2 24 30 -12.1005 26.025 -6.0125 -12.1005 26.025
2 24 -6.0125 -8.7654 7.9479 -6.0125 -11.0028 16.8826
2 24 26.2291 -5.425 -0.6328 25.4369 -4.2285 -3.0917
2 24 25.4369 -4.2285 -3.0917 23.7722 -3.2304 -4.9805
2 24 30 -2.6477 -6.025 21.6284 -2.6477 -6.025
2 24 23.7722 -3.2304 -4.9805 21.6284 -2.6477 -6.025
2 24 21.6284 -2.6477 -6.025 30 -2.6477 -6.025
2 24 -10 0 -10 30 0 -10
2 24 -6.0125 0 -6.025 30 0 -6.025
2 24 38.3716 -5.425 -6.025 41.6034 -5.425 -6.025
2 24 46.2041 -5.425 -0.6328 45.3981 -4.216 -3.1162
2 24 45.3981 -5.425 -3.1162 46.2041 -5.425 -0.6328
2 24 34.5631 -5.425 -3.0917 33.7709 -5.425 -0.6328
2 24 33.7709 -5.425 -0.6328 46.2041 -5.425 -0.6328
2 24 45.3981 -5.425 -3.1162 46.2041 -5.425 -0.6328
2 24 34.5631 -5.425 -3.0917 36.2278 -5.425 -4.9805
2 24 45.3981 -5.425 -3.1162 43.7461 -5.425 -4.9804
2 24 36.2278 -5.425 -4.9805 38.3716 -5.425 -6.025
2 24 38.3716 -5.425 -6.025 41.6034 -5.425 -6.025
2 24 43.7461 -5.425 -4.9804 41.6034 -5.425 -6.025
2 24 45.3981 -4.216 -3.1162 43.7461 -3.2305 -4.9804
2 24 45.3981 -5.425 -3.1162 43.7461 -5.425 -4.9804
2 24 41.6034 -2.6477 -6.025 43.7461 -3.2305 -4.9804
2 24 41.6034 -5.425 -6.025 43.7461 -5.425 -4.9804
2 24 45.3981 -4.216 -3.1162 46.2041 -5.425 -0.6328
2 24 54.5381 -4.2285 -3.0917 53.7459 -5.425 -0.6328
2 24 53.7459 -5.425 -0.6328 54.5381 -5.425 -3.0917
2 24 54.5381 -4.2285 -3.0917 53.7459 -5.425 -0.6328
2 24 53.7459 -5.425 -0.6328 66.0125 -5.425 -0.6328
2 24 53.7459 -5.425 -0.6328 54.5381 -5.425 -3.0917
2 24 58.3466 -5.425 -6.025 56.2028 -5.425 -4.9805
2 24 58.3466 -5.425 -6.025 61.5784 -5.425 -6.025
2 24 61.5784 -5.425 -6.025 63.7211 -5.425 -4.9804
2 24 65.3731 -5.425 -3.1162 63.7211 -5.425 -4.9804
2 24 54.5381 -5.425 -3.0917 56.2028 -5.425 -4.9805
2 24 65.3731 -5.425 -3.1162 66.0125 -5.425 -1.5559
2 24 66.0125 -5.425 -0.6328 66.0125 -5.425 -1.5559
2 24 66.0125 -5.425 -1.5559 66.0125 -5.425 -0.6328
2 24 66.0125 -4.9891 -1.5559 66.0125 -5.425 -0.6328
2 24 38.3716 -2.6477 -6.025 36.2278 -3.2304 -4.9805
2 24 38.3716 -5.425 -6.025 36.2278 -5.425 -4.9805
2 24 36.2278 -3.2304 -4.9805 34.5631 -4.2285 -3.0917
2 24 36.2278 -5.425 -4.9805 34.5631 -5.425 -3.0917
2 24 34.5631 -4.2285 -3.0917 33.7709 -5.425 -0.6328
2 24 34.5631 -5.425 -3.0917 33.7709 -5.425 -0.6328
2 24 54.5381 -4.2285 -3.0917 56.2028 -3.2304 -4.9805
2 24 45.3981 -4.216 -3.1162 43.7461 -3.2305 -4.9804
2 24 56.2028 -3.2304 -4.9805 58.3466 -2.6477 -6.025
2 24 58.3466 -2.6477 -6.025 41.6034 -2.6477 -6.025
2 24 43.7461 -3.2305 -4.9804 41.6034 -2.6477 -6.025
2 24 58.3466 -2.6477 -6.025 56.2028 -3.2304 -4.9805
2 24 58.3466 -5.425 -6.025 56.2028 -5.425 -4.9805
2 24 58.3466 -5.425 -6.025 61.5784 -5.425 -6.025
2 24 54.5381 -4.2285 -3.0917 56.2028 -3.2304 -4.9805
2 24 54.5381 -5.425 -3.0917 56.2028 -5.425 -4.9805
2 24 66.0125 -2.6477 -6.025 61.5784 -2.6477 -6.025
2 24 63.7211 -3.2305 -4.9804 61.5784 -2.6477 -6.025
2 24 66.0125 -2.6477 -6.025 66.0125 -3.8569 -3.8106
2 24 63.7211 -3.2305 -4.9804 65.3731 -4.216 -3.1162
2 24 61.5784 -2.6477 -6.025 63.7211 -3.2305 -4.9804
2 24 61.5784 -5.425 -6.025 63.7211 -5.425 -4.9804
2 24 63.7211 -3.2305 -4.9804 65.3731 -4.216 -3.1162
2 24 63.7211 -5.425 -4.9804 65.3731 -5.425 -3.1162
2 24 66.0125 -4.9891 -1.5559 65.3731 -4.216 -3.1162
2 24 66.0125 -5.425 -1.5559 65.3731 -5.425 -3.1162
2 24 66.0125 -3.8569 -3.8106 66.0125 -4.9891 -1.5559
2 24 65.3731 -4.216 -3.1162 66.0125 -4.9891 -1.5559
2 24 66.0125 0 26.025 66.0125 0 -6.025
2 24 70 0 30 70 0 -10
2 24 66.0125 -12.1005 26.025 66.0125 0 26.025
2 24 66.0125 -12.1005 26.025 66.0125 -11.0028 16.8826
2 24 66.0125 0 26.025 66.0125 0 -6.025
2 24 66.0125 -2.6477 -6.025 66.0125 -3.8569 -3.8106
2 24 66.0125 0 -6.025 66.0125 -2.6477 -6.025
2 24 66.0125 -3.8569 -3.8106 66.0125 -4.9891 -1.5559
2 24 66.0125 -5.425 -0.6328 66.0125 -4.9891 -1.5559
2 24 66.0125 -5.425 -0.6328 66.0125 -8.7654 7.9479
2 24 66.0125 -11.0028 16.8826 66.0125 -8.7654 7.9479
2 24 53.7459 -5.425 -0.6328 66.0125 -5.425 -0.6328
2 24 66.0125 -8.7654 7.9479 66.0125 -5.425 -0.6328
2 24 66.0125 -2.6477 -6.025 66.0125 0 -6.025
2 24 61.5784 -2.6477 -6.025 66.0125 -2.6477 -6.025
2 24 41.6034 -2.6477 -6.025 58.3466 -2.6477 -6.025
2 24 30 0 -6.025 66.0125 0 -6.025
2 24 56.9791 -7.9896 5.9551 54.0198 -6.8376 2.9958
2 24 56.9791 -0.375 5.9551 54.0198 -0.375 2.9958
2 24 58.0623 -9.2787 9.9976 57.5131 -8.7654 7.9479
2 24 56.9791 -0.375 5.9551 58.0623 -0.375 9.9976
2 24 56.9791 -7.9896 5.9551 57.5131 -8.7654 7.9479
2 24 58.0623 -9.2787 9.9976 56.9791 -10.291 14.0401
2 24 58.0623 -0.375 9.9976 56.9791 -0.375 14.0401
2 24 56.9791 -10.291 14.0401 54.0198 -11.0168 16.9994
2 24 56.9791 -0.375 14.0401 54.0198 -0.375 16.9994
2 24 54.0198 -11.0168 16.9994 49.9773 -11.1469 18.0826
2 24 54.0198 -0.375 16.9994 49.9773 -0.375 18.0826
2 24 49.9773 -11.1469 18.0826 45.818 -11.0028 16.8826
2 24 49.9773 -0.375 18.0826 45.9348 -0.375 16.9994
2 24 45.818 -11.0028 16.8826 42.9755 -10.291 14.0401
2 24 45.9348 -0.375 16.9994 42.9755 -0.375 14.0401
2 24 42.9755 -10.291 14.0401 41.8923 -9.2787 9.9976
2 24 42.9755 -0.375 14.0401 41.8923 -0.375 9.9976
2 24 41.8923 -9.2787 9.9976 42.4415 -8.7654 7.9479
2 24 41.8923 -0.375 9.9976 42.9755 -0.375 5.9551
2 24 42.4415 -8.7654 7.9479 42.9755 -7.9896 5.9551
2 24 42.9755 -7.9896 5.9551 45.9348 -6.8376 2.9958
2 24 42.9755 -0.375 5.9551 45.9348 -0.375 2.9958
2 24 54.0198 -6.8376 2.9958 49.975 -6.4159 1.9125
2 24 54.0198 -0.375 2.9958 49.975 -0.375 1.9125
2 24 45.9348 -6.8376 2.9958 49.975 -6.4159 1.9125
2 24 45.9348 -0.375 2.9958 49.975 -0.375 1.9125
2 24 37.0041 -7.9896 5.9551 34.0448 -6.8376 2.9958
2 24 37.0041 -0.375 5.9551 34.0448 -0.375 2.9958
2 24 38.0873 -9.2787 9.9976 37.5381 -8.7654 7.9479
2 24 37.0041 -0.375 5.9551 38.0873 -0.375 9.9976
2 24 37.0041 -7.9896 5.9551 37.5381 -8.7654 7.9479
2 24 38.0873 -9.2787 9.9976 37.0041 -10.291 14.0401
2 24 38.0873 -0.375 9.9976 37.0041 -0.375 14.0401
2 24 37.0041 -10.291 14.0401 34.0448 -11.0168 16.9994
2 24 37.0041 -0.375 14.0401 34.0448 -0.375 16.9994
2 24 30 -11.1469 18.0826 34.0448 -11.0168 16.9994
2 24 30 -0.375 18.0826 34.0448 -0.375 16.9994
2 24 30 -6.4159 1.9125 34.0448 -6.8376 2.9958
2 24 30 -0.375 1.9125 34.0448 -0.375 2.9958
2 24 30 0 26.025 66.0125 0 26.025
2 24 30 0 30 70 0 30
2 24 66.0125 0 26.025 66.0125 -12.1005 26.025
2 24 30 0 26.025 66.0125 0 26.025
2 24 30 -12.1005 26.025 66.0125 -12.1005 26.025
2 24 30 -12.1005 26.025 66.0125 -12.1005 26.025
2 24 66.0125 -11.0028 16.8826 66.0125 -12.1005 26.025
2 24 66.0125 -8.7654 7.9479 66.0125 -11.0028 16.8826
2 24 33.7709 -5.425 -0.6328 34.5631 -4.2285 -3.0917
2 24 34.5631 -4.2285 -3.0917 36.2278 -3.2304 -4.9805
2 24 30 -2.6477 -6.025 38.3716 -2.6477 -6.025
2 24 36.2278 -3.2304 -4.9805 38.3716 -2.6477 -6.025
2 24 30 -2.6477 -6.025 38.3716 -2.6477 -6.025
2 24 30 0 -6.025 66.0125 0 -6.025
2 24 30 0 -10 70 0 -10
2 24 46.2041 -5.425 -0.6328 33.7709 -5.425 -0.6328
2 24 -6.0125 0 -6.025 30 0 -6.025
2 24 18.3966 -2.6477 -6.025 1.6534 -2.6477 -6.025
2 24 -10 -9.6078 -0.5643 -10 -4.8223 -10.0113
2 24 30 -4.8223 -10.0113 -10 -4.8223 -10.0113
2 24 -10 -9.6078 -0.5643 -10 -13.1056 9.2328
2 24 -10 -13.1056 9.2328 -10 -15.2506 19.4121
2 24 30 -16.004 29.9982 -10 -16.004 29.9982
2 24 -10 -15.2506 19.4121 -10 -16.004 29.9982
2 24 30 -4.8223 -10.0113 70 -4.8223 -10.0113
2 24 70 -9.6078 -0.5643 70 -4.8223 -10.0113
2 24 70 -9.6078 -0.5643 70 -13.1056 9.2328
2 24 70 -13.1056 9.2328 70 -15.2506 19.4121
2 24 30 -16.004 29.9982 70 -16.004 29.9982
2 24 70 -15.2506 19.4121 70 -16.004 29.9982
0 STEP
