0 Untitled Model
0 Name: Untitled Model
0 Author: 
0 BFC CERTIFY CCW
3 16 30 -8.0127 9.9823 10.0258 -8.0094 9.9856 30 0.0127 9.9823 0.9868 0.463 0.9878 0.6016 0.9313 0.463
3 16 30 0.0127 9.9823 10.0258 -8.0094 9.9856 10.0216 0.0154 9.9898 0.9313 0.463 0.9878 0.6016 0.9323 0.6019
3 16 10.0258 -8.0094 9.9856 10.0279 -8.0085 -0.3881 10.0216 0.0154 9.9898 0.9848 0.9018 0.9848 0.9738 0.9293 0.9018
3 16 10.0216 0.0154 9.9898 10.0279 -8.0085 -0.3881 10.0226 0.0173 1.1678 0.9293 0.9018 0.9848 0.9738 0.9293 0.9631
3 16 10.0226 0.0173 1.1678 10.0279 -8.0085 -0.3881 10.0296 -0.0642 0.7498 0.9293 0.9631 0.9848 0.9738 0.9299 0.9659
3 16 10.0296 -0.0642 0.7498 10.0279 -8.0085 -0.3881 10.0301 -0.2859 0.29 0.9299 0.9659 0.9848 0.9738 0.9314 0.9691
3 16 10.0301 -0.2859 0.29 10.0279 -8.0085 -0.3881 10.0306 -0.6311 -0.0753 0.9314 0.9691 0.9848 0.9738 0.9337 0.9716
3 16 10.0279 -8.0085 -0.3881 10.0309 -1.5477 -0.3906 10.0306 -0.6311 -0.0753 0.9848 0.9738 0.94 0.9738 0.9337 0.9716
3 16 10.0309 -1.5477 -0.3906 10.0308 -1.0659 -0.3098 10.0306 -0.6311 -0.0753 0.94 0.9738 0.9367 0.9732 0.9337 0.9716
3 16 10.0279 -8.0085 -0.3881 6.3113 -8.0127 -1.2355 6.2941 -5.2392 -1.234 0.896 0.7744 0.888 0.7995 0.8698 0.7939
3 16 6.2941 -5.2392 -1.234 6.3113 -8.0127 -1.2355 4.3647 -5.2373 -2.2273 0.8698 0.7939 0.888 0.7995 0.8654 0.8085
3 16 4.3647 -5.2373 -2.2273 6.3113 -8.0127 -1.2355 4.3647 -8.0127 -2.2273 0.8654 0.8085 0.888 0.7995 0.8836 0.814
3 16 4.3647 -5.2373 -2.2273 4.3647 -8.0127 -2.2273 2.2386 -5.2373 -4.3533 0.8654 0.8085 0.8836 0.814 0.8594 0.8286
3 16 2.2386 -5.2373 -4.3533 4.3647 -8.0127 -2.2273 2.2386 -8.0127 -4.3533 0.8594 0.8286 0.8836 0.814 0.8777 0.834
3 16 1.2431 -1.6367 -6.2918 1.2389 -5.2392 -6.2956 0.3906 -1.6368 -10.0196 0.8309 0.8371 0.8551 0.8434 0.8241 0.8624
3 16 0.3906 -1.6368 -10.0196 1.2389 -5.2392 -6.2956 0.3995 -8.0085 -10.0165 0.8241 0.8624 0.8551 0.8434 0.8665 0.874
3 16 -10.0031 0.0094 -10.0144 -1.3432 0.0173 -10.0112 -5.9867 -8.0094 -10.0144 0.6177 0.7113 0.5619 0.7337 0.5713 0.6703
3 16 0.3995 -8.0085 -10.0165 -5.9867 -8.0094 -10.0144 0.3906 -1.6368 -10.0196 0.5301 0.6867 0.5713 0.6703 0.5467 0.7276
3 16 -1.3432 0.0173 -10.0112 -0.8042 -0.0684 -10.0182 -5.9867 -8.0094 -10.0144 0.5619 0.7337 0.5583 0.7346 0.5713 0.6703
3 16 -0.8042 -0.0684 -10.0182 -0.3175 -0.3029 -10.0187 -5.9867 -8.0094 -10.0144 0.5583 0.7346 0.5546 0.7343 0.5713 0.6703
3 16 -0.3175 -0.3029 -10.0187 0.0686 -0.6678 -10.0192 -5.9867 -8.0094 -10.0144 0.5546 0.7343 0.5512 0.733 0.5713 0.6703
3 16 0.0686 -0.6678 -10.0192 0.3166 -1.1276 -10.0194 -5.9867 -8.0094 -10.0144 0.5512 0.733 0.5484 0.7307 0.5713 0.6703
3 16 -5.9867 -8.0094 -10.0144 0.3166 -1.1276 -10.0194 0.3906 -1.6368 -10.0196 0.5713 0.6703 0.5484 0.7307 0.5467 0.7276
3 16 -5.9867 -8.0094 -10.0144 -10.0063 -7.2628 -10.0177 -10.0031 0.0094 -10.0144 0.5713 0.6703 0.5988 0.6645 0.6177 0.7113
3 16 -10.0063 -7.2628 -10.0177 -10.0104 -4.8099 10.0112 -10.0031 0.0094 -10.0144 0.1444 0.6968 0.0056 0.6797 0.1444 0.6464
3 16 -10.0031 0.0094 -10.0144 -10.0104 -4.8099 10.0112 -10.0093 0.0068 10.0078 0.1444 0.6464 0.0056 0.6797 0.0056 0.6464
3 16 -10.0104 -4.8099 10.0112 -4.8426 -4.8116 15.8803 -10.0093 0.0068 10.0078 0.1024 0.023 0.0739 0.0689 0.074 0.0055
3 16 -10.0093 0.0068 10.0078 -4.8426 -4.8116 15.8803 -4.8358 0.0094 15.878 0.074 0.0055 0.0739 0.0689 0.0455 0.0515
3 16 -4.8426 -4.8116 15.8803 -3.3692 -4.805 14.6247 -4.8358 0.0094 15.878 0.7279 0.706 0.7278 0.7193 0.6945 0.706
3 16 -4.8358 0.0094 15.878 -3.3692 -4.805 14.6247 -3.373 0.0127 14.6184 0.6945 0.706 0.7278 0.7193 0.6945 0.7193
3 16 -3.3692 -4.805 14.6247 -1.6167 -4.805 13.8623 -3.373 0.0127 14.6184 0.7278 0.7193 0.7278 0.7327 0.6945 0.7193
3 16 -3.373 0.0127 14.6184 -1.6167 -4.805 13.8623 -1.619 0.0127 13.8497 0.6945 0.7193 0.7278 0.7327 0.6945 0.7326
3 16 -1.6167 -4.805 13.8623 0.2832 -4.805 13.6558 -1.619 0.0127 13.8497 0.7278 0.7327 0.7278 0.746 0.6945 0.7326
3 16 -1.619 0.0127 13.8497 0.2832 -4.805 13.6558 0.2836 0.0127 13.6423 0.6945 0.7326 0.7278 0.746 0.6945 0.746
3 16 0.2832 -4.805 13.6558 2.1585 -4.805 14.024 0.2836 0.0127 13.6423 0.7278 0.746 0.7278 0.7593 0.6945 0.746
3 16 0.2836 0.0127 13.6423 2.1585 -4.805 14.024 2.1626 0.0127 14.01 0.6945 0.746 0.7278 0.7593 0.6945 0.7593
3 16 2.1585 -4.805 14.024 3.8393 -4.805 14.9335 2.1626 0.0127 14.01 0.7278 0.7593 0.7278 0.7726 0.6945 0.7593
3 16 2.1626 0.0127 14.01 3.8393 -4.805 14.9335 3.8477 0.0127 14.9203 0.6945 0.7593 0.7278 0.7726 0.6945 0.7726
3 16 3.8393 -4.805 14.9335 5.1734 -4.805 16.3018 3.8477 0.0127 14.9203 0.7278 0.7726 0.7278 0.7859 0.6945 0.7726
3 16 3.8477 0.0127 14.9203 5.1734 -4.805 16.3018 5.1832 0.0127 16.2924 0.6945 0.7726 0.7278 0.7859 0.6945 0.7859
3 16 5.1734 -4.805 16.3018 6.0399 -4.805 18.0051 5.1832 0.0127 16.2924 0.7278 0.7859 0.7278 0.7993 0.6945 0.7859
3 16 5.1832 0.0127 16.2924 6.0399 -4.805 18.0051 6.0468 0.0127 18.0028 0.6945 0.7859 0.7278 0.7993 0.6945 0.7993
3 16 6.0399 -4.805 18.0051 6.3491 -4.805 19.8904 6.0468 0.0127 18.0028 0.7278 0.7993 0.7278 0.8126 0.6945 0.7993
3 16 6.0468 0.0127 18.0028 6.3491 -4.805 19.8904 6.3629 0.0174 19.8895 0.6945 0.7993 0.7278 0.8126 0.6945 0.8126
3 16 6.3491 -4.805 19.8904 6.4416 -4.812 24.1219 6.3629 0.0174 19.8895 0.7278 0.8126 0.7278 0.8418 0.6945 0.8126
3 16 6.3629 0.0174 19.8895 6.4416 -4.812 24.1219 6.4412 0.0078 24.1174 0.6945 0.8126 0.7278 0.8418 0.6945 0.8419
3 16 6.4416 -4.812 24.1219 12.5582 -4.8137 26.7624 6.4412 0.0078 24.1174 0.8217 0.6744 0.8218 0.7206 0.7884 0.6745
3 16 6.4412 0.0078 24.1174 12.5582 -4.8137 26.7624 12.5906 0.0127 26.7381 0.7884 0.6745 0.8218 0.7206 0.7885 0.7208
3 16 12.5582 -4.8137 26.7624 19.2065 -4.8146 28.8791 12.5906 0.0127 26.7381 0.8218 0.7206 0.8218 0.769 0.7885 0.7208
3 16 12.5906 0.0127 26.7381 19.2065 -4.8146 28.8791 19.2077 0.0128 28.8002 0.7885 0.7208 0.8218 0.769 0.7885 0.7689
3 16 19.2065 -4.8146 28.8791 25.691 -4.8123 29.837 19.2077 0.0128 28.8002 0.8218 0.769 0.8217 0.8145 0.7885 0.7689
3 16 19.2077 0.0128 28.8002 25.691 -4.8123 29.837 25.7264 0.0072 29.8124 0.7885 0.7689 0.8217 0.8145 0.7884 0.8146
3 16 26.5411 -5.6545 29.0017 26.5434 0.0069 28.9989 25.691 -4.8123 29.837 0.4244 0.0508 0.4244 0.0117 0.4324 0.045
3 16 25.691 -4.8123 29.837 26.5434 0.0069 28.9989 25.7264 0.0072 29.8124 0.4324 0.045 0.4244 0.0117 0.4324 0.0117
3 16 -4.8426 -4.8116 15.8803 -4.5723 -5.3687 15.583 -3.3692 -4.805 14.6247 0.7279 0.706 0.7318 0.7088 0.7278 0.7193
3 16 -3.3692 -4.805 14.6247 -4.5723 -5.3687 15.583 -3.3735 -5.3623 14.6187 0.7278 0.7193 0.7318 0.7088 0.7318 0.7194
3 16 6.4416 -4.812 24.1219 6.3491 -4.805 19.8904 6.4157 -5.3695 23.5246 0.7278 0.8418 0.7278 0.8126 0.7318 0.8377
3 16 6.4157 -5.3695 23.5246 6.3491 -4.805 19.8904 6.3564 -5.3606 19.8899 0.7318 0.8377 0.7278 0.8126 0.7318 0.8126
3 16 6.3491 -4.805 19.8904 6.0399 -4.805 18.0051 6.3564 -5.3606 19.8899 0.7278 0.8126 0.7278 0.7993 0.7318 0.8126
3 16 6.3564 -5.3606 19.8899 6.0399 -4.805 18.0051 6.0468 -5.3623 18.0028 0.7318 0.8126 0.7278 0.7993 0.7318 0.7993
3 16 6.0399 -4.805 18.0051 5.1734 -4.805 16.3018 6.0468 -5.3623 18.0028 0.7278 0.7993 0.7278 0.7859 0.7318 0.7993
3 16 6.0468 -5.3623 18.0028 5.1734 -4.805 16.3018 5.1793 -5.3623 16.2976 0.7318 0.7993 0.7278 0.7859 0.7318 0.7859
3 16 5.1734 -4.805 16.3018 3.8393 -4.805 14.9335 5.1793 -5.3623 16.2976 0.7278 0.7859 0.7278 0.7726 0.7318 0.7859
3 16 5.1793 -5.3623 16.2976 3.8393 -4.805 14.9335 3.8437 -5.3623 14.9276 0.7318 0.7859 0.7278 0.7726 0.7318 0.7726
3 16 3.8393 -4.805 14.9335 2.1585 -4.805 14.024 3.8437 -5.3623 14.9276 0.7278 0.7726 0.7278 0.7593 0.7318 0.7726
3 16 3.8437 -5.3623 14.9276 2.1585 -4.805 14.024 2.1609 -5.3623 14.0171 0.7318 0.7726 0.7278 0.7593 0.7318 0.7593
3 16 2.1585 -4.805 14.024 0.2832 -4.805 13.6558 2.1609 -5.3623 14.0171 0.7278 0.7593 0.7278 0.746 0.7318 0.7593
3 16 2.1609 -5.3623 14.0171 0.2832 -4.805 13.6558 0.2835 -5.3623 13.6485 0.7318 0.7593 0.7278 0.746 0.7318 0.746
3 16 0.2832 -4.805 13.6558 -1.6167 -4.805 13.8623 0.2835 -5.3623 13.6485 0.7278 0.746 0.7278 0.7327 0.7318 0.746
3 16 0.2835 -5.3623 13.6485 -1.6167 -4.805 13.8623 -1.6186 -5.3623 13.8552 0.7318 0.746 0.7278 0.7327 0.7318 0.7327
3 16 -1.6167 -4.805 13.8623 -3.3692 -4.805 14.6247 -1.6186 -5.3623 13.8552 0.7278 0.7327 0.7278 0.7193 0.7318 0.7327
3 16 -1.6186 -5.3623 13.8552 -3.3692 -4.805 14.6247 -3.3735 -5.3623 14.6187 0.7318 0.7327 0.7278 0.7193 0.7318 0.7194
3 16 -10.0063 -7.2628 -10.0177 -5.9867 -8.0094 -10.0144 -9.9998 -22.3753 -10.0224 0.5988 0.6645 0.5713 0.6703 0.558 0.5677
3 16 -9.9998 -22.3753 -10.0224 -5.9867 -8.0094 -10.0144 -5.9899 -22.3801 -10.0224 0.558 0.5677 0.5713 0.6703 0.5324 0.5784
3 16 -10.0104 -4.8099 10.0112 -10.0063 -7.2628 -10.0177 -10.0059 -24.0219 -7.7754 0.0056 0.6797 0.1444 0.6968 0.129 0.813
3 16 -10.0059 -24.0219 -7.7754 -10.0063 -7.2628 -10.0177 -10.0063 -24.0226 -8.3765 0.129 0.813 0.1444 0.6968 0.1331 0.813
3 16 -10.0063 -24.0226 -8.3765 -10.0063 -7.2628 -10.0177 -10.0063 -23.9281 -8.8829 0.1331 0.813 0.1444 0.6968 0.1366 0.8124
3 16 -10.0063 -23.9281 -8.8829 -10.0063 -7.2628 -10.0177 -10.0063 -23.6982 -9.3392 0.1366 0.8124 0.1444 0.6968 0.1398 0.8108
3 16 -10.0063 -23.6982 -9.3392 -10.0063 -7.2628 -10.0177 -10.0063 -23.3402 -9.7034 0.1398 0.8108 0.1444 0.6968 0.1423 0.8083
3 16 -10.0063 -23.3402 -9.7034 -10.0063 -7.2628 -10.0177 -10.0063 -22.8843 -9.924 0.1423 0.8083 0.1444 0.6968 0.1438 0.8052
3 16 -10.0063 -7.2628 -10.0177 -9.9998 -22.3753 -10.0224 -10.0063 -22.8843 -9.924 0.1444 0.6968 0.1444 0.8017 0.1438 0.8052
3 16 -9.9998 -22.3753 -10.0224 -5.9899 -22.3801 -10.0224 -10.0063 -22.8843 -9.924 0.3139 0.6421 0.2952 0.6216 0.3165 0.6397
3 16 -10.0063 -22.8843 -9.924 -5.9899 -22.3801 -10.0224 -5.9835 -22.8876 -9.9373 0.3165 0.6397 0.2952 0.6216 0.2978 0.6192
3 16 -10.0063 -22.8843 -9.924 -5.9835 -22.8876 -9.9373 -10.0063 -23.3402 -9.7034 0.3165 0.6397 0.2978 0.6192 0.3191 0.6373
3 16 -10.0063 -23.3402 -9.7034 -5.9835 -22.8876 -9.9373 -5.9835 -23.3456 -9.704 0.3191 0.6373 0.2978 0.6192 0.3005 0.6168
3 16 -10.0063 -23.3402 -9.7034 -5.9835 -23.3456 -9.704 -10.0063 -23.6982 -9.3392 0.3191 0.6373 0.3005 0.6168 0.3217 0.635
3 16 -10.0063 -23.6982 -9.3392 -5.9835 -23.3456 -9.704 -5.9835 -23.709 -9.3406 0.3217 0.635 0.3005 0.6168 0.3031 0.6145
3 16 -10.0063 -23.6982 -9.3392 -5.9835 -23.709 -9.3406 -10.0063 -23.9281 -8.8829 0.3217 0.635 0.3031 0.6145 0.3243 0.6326
3 16 -10.0063 -23.9281 -8.8829 -5.9835 -23.709 -9.3406 -5.9834 -23.9425 -8.8818 0.3243 0.6326 0.3031 0.6145 0.3057 0.6121
3 16 -10.0063 -23.9281 -8.8829 -5.9834 -23.9425 -8.8818 -10.0063 -24.0226 -8.3765 0.3243 0.6326 0.3057 0.6121 0.3269 0.6303
3 16 -10.0063 -24.0226 -8.3765 -5.9834 -23.9425 -8.8818 -5.9816 -24.0171 -8.1837 0.3269 0.6303 0.3057 0.6121 0.3093 0.6087
3 16 -10.0063 -24.0226 -8.3765 -5.9816 -24.0171 -8.1837 -10.0059 -24.0219 -7.7754 0.3269 0.6303 0.3093 0.6087 0.33 0.6275
3 16 9.2973 -22.7373 1.7737 8.9504 -22.7321 2.9627 14.3272 -22.7374 3.7123 0.3442 0.1349 0.3526 0.1361 0.3447 0.1728
3 16 14.3272 -22.7374 3.7123 8.9504 -22.7321 2.9627 14.1556 -22.732 4.9668 0.3447 0.1728 0.3526 0.1361 0.3533 0.1742
3 16 -10.0059 -24.0219 -7.7754 -5.9816 -24.0171 -8.1837 -6.0099 -24.0271 -3.7951 0.33 0.6275 0.3093 0.6087 0.3321 0.5889
3 16 12.7624 -5.2587 26.4291 6.4157 -5.3695 23.5246 13.3637 -24.028 7.4208 0.0243 0.2029 0.0392 0.157 0.2096 0.2068
3 16 13.3637 -24.028 7.4208 6.4157 -5.3695 23.5246 8.1199 -24.0279 5.3634 0.2096 0.2068 0.0392 0.157 0.2197 0.169
3 16 -0.8706 -24.0233 -4.1973 4.1524 -24.0227 -0.8927 -1.628 -24.0275 -0.2544 0.3073 0.5628 0.3056 0.5199 0.3321 0.5507
3 16 -1.628 -24.0275 -0.2544 4.1524 -24.0227 -0.8927 3.1528 -24.0277 2.6898 0.3321 0.5507 0.3056 0.5199 0.3302 0.513
3 16 -1.628 -24.0275 -0.2544 -6.0099 -24.0271 -3.7951 -0.8706 -24.0233 -4.1973 0.3321 0.5507 0.3321 0.5889 0.3073 0.5628
3 16 -0.8706 -24.0233 -4.1973 -6.0099 -24.0271 -3.7951 -5.9816 -24.0171 -8.1837 0.3073 0.5628 0.3321 0.5889 0.3093 0.6087
3 16 12.5582 -4.8137 26.7624 12.7624 -5.2587 26.4291 19.2065 -4.8146 28.8791 0.0205 0.2014 0.0243 0.2029 0.0101 0.2486
3 16 19.2065 -4.8146 28.8791 12.7624 -5.2587 26.4291 19.2793 -5.2 28.4884 0.0101 0.2486 0.0243 0.2029 0.0139 0.2491
3 16 24.3859 -24.0282 9.715 24.8742 -24.0227 5.8244 30 -24.0282 10.009 0.3306 0.3625 0.3035 0.362 0.3302 0.325
3 16 30 -24.0282 10.009 24.8742 -24.0227 5.8244 30 -24.0227 6.1915 0.3302 0.325 0.3035 0.362 0.304 0.325
3 16 18.8192 -24.0281 8.848 19.5955 -24.0228 5.0852 24.3859 -24.0282 9.715 0.3308 0.4002 0.3041 0.4003 0.3306 0.3625
3 16 24.3859 -24.0282 9.715 19.5955 -24.0228 5.0852 24.8742 -24.0227 5.8244 0.3306 0.3625 0.3041 0.4003 0.3035 0.362
3 16 -10.0104 -4.8099 10.0112 -4.5723 -5.3687 15.583 -4.8426 -4.8116 15.8803 0.1024 0.023 0.0781 0.0712 0.0739 0.0689
3 16 18.8192 -24.0281 8.848 24.3859 -24.0282 9.715 19.2793 -5.2 28.4884 0.2026 0.2454 0.1984 0.2844 0.0139 0.2491
3 16 19.2793 -5.2 28.4884 24.3859 -24.0282 9.715 26.5411 -5.6545 29.0017 0.0139 0.2491 0.1984 0.2844 0.0137 0.2996
3 16 14.3494 -24.0228 3.7337 9.2973 -24.0227 1.7737 14.3272 -22.7374 3.7123 0.3774 0.3948 0.3774 0.4325 0.3687 0.395
3 16 14.3272 -22.7374 3.7123 9.2973 -24.0227 1.7737 9.2973 -22.7373 1.7737 0.3687 0.395 0.3774 0.4325 0.3687 0.4324
3 16 18.8192 -24.0281 8.848 13.3637 -24.028 7.4208 19.5955 -24.0228 5.0852 0.3308 0.4002 0.3307 0.4378 0.3041 0.4003
3 16 19.5955 -24.0228 5.0852 13.3637 -24.028 7.4208 14.3494 -24.0228 3.7337 0.3041 0.4003 0.3307 0.4378 0.3044 0.4392
3 16 12.5582 -4.8137 26.7624 6.4416 -4.812 24.1219 12.7624 -5.2587 26.4291 0.0205 0.2014 0.0335 0.1572 0.0243 0.2029
3 16 12.7624 -5.2587 26.4291 6.4416 -4.812 24.1219 6.4157 -5.3695 23.5246 0.0243 0.2029 0.0335 0.1572 0.0392 0.157
3 16 19.2065 -4.8146 28.8791 19.2793 -5.2 28.4884 25.691 -4.8123 29.837 0.0101 0.2486 0.0139 0.2491 0.0056 0.2938
3 16 25.691 -4.8123 29.837 19.2793 -5.2 28.4884 26.5411 -5.6545 29.0017 0.0056 0.2938 0.0139 0.2491 0.0137 0.2996
3 16 3.1528 -24.0277 2.6898 8.1199 -24.0279 5.3634 2.6192 -5.3646 21.2833 0.2328 0.132 0.2197 0.169 0.0502 0.1285
3 16 2.6192 -5.3646 21.2833 8.1199 -24.0279 5.3634 6.4157 -5.3695 23.5246 0.0502 0.1285 0.2197 0.169 0.0392 0.157
3 16 -10.0059 -24.0219 -7.7754 -6.0099 -24.0271 -3.7951 -10.0104 -4.8099 10.0112 0.284 0.0268 0.2646 0.0608 0.1024 0.023
3 16 -10.0104 -4.8099 10.0112 -6.0099 -24.0271 -3.7951 -4.5723 -5.3687 15.583 0.1024 0.023 0.2646 0.0608 0.0781 0.0712
3 16 -1.628 -24.0275 -0.2544 3.1528 -24.0277 2.6898 -2.0389 -5.3642 17.8461 0.2472 0.0958 0.2328 0.132 0.067 0.0921
3 16 -2.0389 -5.3642 17.8461 3.1528 -24.0277 2.6898 2.6192 -5.3646 21.2833 0.067 0.0921 0.2328 0.132 0.0502 0.1285
3 16 -6.0099 -24.0271 -3.7951 -1.628 -24.0275 -0.2544 -4.5723 -5.3687 15.583 0.2646 0.0608 0.2472 0.0958 0.0781 0.0712
3 16 -4.5723 -5.3687 15.583 -1.628 -24.0275 -0.2544 -2.0389 -5.3642 17.8461 0.0781 0.0712 0.2472 0.0958 0.067 0.0921
3 16 6.4157 -5.3695 23.5246 6.3564 -5.3606 19.8899 2.6192 -5.3646 21.2833 0.7454 0.8031 0.768 0.8141 0.7484 0.8336
3 16 6.3564 -5.3606 19.8899 6.0468 -5.3623 18.0028 2.6192 -5.3646 21.2833 0.768 0.8141 0.779 0.8215 0.7484 0.8336
3 16 -4.5723 -5.3687 15.583 -2.0389 -5.3642 17.8461 -3.3735 -5.3623 14.6187 0.7633 0.8957 0.7565 0.873 0.7728 0.8909
3 16 -3.3735 -5.3623 14.6187 -2.0389 -5.3642 17.8461 -1.6186 -5.3623 13.8552 0.7728 0.8909 0.7565 0.873 0.7828 0.8821
3 16 -1.6186 -5.3623 13.8552 -2.0389 -5.3642 17.8461 0.2835 -5.3623 13.6485 0.7828 0.8821 0.7565 0.873 0.7897 0.8707
3 16 0.2835 -5.3623 13.6485 -2.0389 -5.3642 17.8461 2.1609 -5.3623 14.0171 0.7897 0.8707 0.7565 0.873 0.7928 0.8577
3 16 -2.0389 -5.3642 17.8461 2.6192 -5.3646 21.2833 2.1609 -5.3623 14.0171 0.7565 0.873 0.7484 0.8336 0.7928 0.8577
3 16 2.1609 -5.3623 14.0171 2.6192 -5.3646 21.2833 3.8437 -5.3623 14.9276 0.7928 0.8577 0.7484 0.8336 0.792 0.8445
3 16 3.8437 -5.3623 14.9276 2.6192 -5.3646 21.2833 5.1793 -5.3623 16.2976 0.792 0.8445 0.7484 0.8336 0.7873 0.832
3 16 5.1793 -5.3623 16.2976 2.6192 -5.3646 21.2833 6.0468 -5.3623 18.0028 0.7873 0.832 0.7484 0.8336 0.779 0.8215
3 16 -5.9817 -22.7427 -8.1566 -5.9867 -8.0094 -10.0144 -5.9845 -22.7376 -6.9938 0.5719 0.9094 0.4694 0.9222 0.5719 0.9013
3 16 -5.9867 -8.0094 -10.0144 -5.9785 -8.0011 7.0271 -5.9845 -22.7376 -6.9938 0.4694 0.9222 0.4694 0.804 0.5719 0.9013
3 16 -0.8706 -24.0233 -4.1973 -5.9816 -24.0171 -8.1837 -1.0431 -22.7379 -4.437 0.376 0.5145 0.3744 0.5596 0.3672 0.5162
3 16 -1.0431 -22.7379 -4.437 -5.9816 -24.0171 -8.1837 -5.9817 -22.7427 -8.1566 0.3672 0.5162 0.3744 0.5596 0.3657 0.5592
3 16 19.5955 -24.0228 5.0852 14.3494 -24.0228 3.7337 19.5505 -22.7375 5.0514 0.3773 0.3572 0.3774 0.3948 0.3686 0.3576
3 16 19.5505 -22.7375 5.0514 14.3494 -24.0228 3.7337 14.3272 -22.7374 3.7123 0.3686 0.3576 0.3774 0.3948 0.3687 0.395
3 16 24.8742 -24.0227 5.8244 19.5955 -24.0228 5.0852 24.8742 -22.7373 5.8243 0.3772 0.3202 0.3773 0.3572 0.3685 0.3202
3 16 24.8742 -22.7373 5.8243 19.5955 -24.0228 5.0852 19.5505 -22.7375 5.0514 0.3685 0.3202 0.3773 0.3572 0.3686 0.3576
3 16 9.2973 -24.0227 1.7737 4.1524 -24.0227 -0.8927 9.2973 -22.7373 1.7737 0.3774 0.4325 0.377 0.4728 0.3687 0.4324
3 16 9.2973 -22.7373 1.7737 4.1524 -24.0227 -0.8927 4.0657 -22.7374 -0.951 0.3687 0.4324 0.377 0.4728 0.3683 0.4733
3 16 30 -24.0227 6.1915 24.8742 -24.0227 5.8244 30 -22.7373 6.1915 0.3772 0.2845 0.3772 0.3202 0.3685 0.2845
3 16 30 -22.7373 6.1915 24.8742 -24.0227 5.8244 24.8742 -22.7373 5.8243 0.3685 0.2845 0.3772 0.3202 0.3685 0.3202
3 16 4.1524 -24.0227 -0.8927 -0.8706 -24.0233 -4.1973 4.0657 -22.7374 -0.951 0.377 0.4728 0.376 0.5145 0.3683 0.4733
3 16 4.0657 -22.7374 -0.951 -0.8706 -24.0233 -4.1973 -1.0431 -22.7379 -4.437 0.3683 0.4733 0.376 0.5145 0.3672 0.5162
3 16 19.5505 -22.7375 5.0514 19.5455 -22.7319 6.4002 24.8742 -22.7373 5.8243 0.3448 0.2107 0.354 0.2125 0.3446 0.2485
3 16 24.8742 -22.7373 5.8243 19.5455 -22.7319 6.4002 24.8339 -22.7318 7.2449 0.3446 0.2485 0.354 0.2125 0.3543 0.2492
3 16 4.0657 -22.7374 -0.951 3.5343 -22.7323 0.2296 9.2973 -22.7373 1.7737 0.3444 0.0934 0.3532 0.0945 0.3442 0.1349
3 16 9.2973 -22.7373 1.7737 3.5343 -22.7323 0.2296 8.9504 -22.7321 2.9627 0.3442 0.1349 0.3532 0.0945 0.3526 0.1361
3 16 24.8742 -22.7373 5.8243 24.8339 -22.7318 7.2449 30 -22.7373 6.1915 0.3446 0.2485 0.3543 0.2492 0.3452 0.2847
3 16 30 -22.7373 6.1915 24.8339 -22.7318 7.2449 30 -22.7318 7.502 0.3452 0.2847 0.3543 0.2492 0.3542 0.2847
3 16 14.3272 -22.7374 3.7123 14.1556 -22.732 4.9668 19.5505 -22.7375 5.0514 0.3447 0.1728 0.3533 0.1742 0.3448 0.2107
3 16 19.5505 -22.7375 5.0514 14.1556 -22.732 4.9668 19.5455 -22.7319 6.4002 0.3448 0.2107 0.3533 0.1742 0.354 0.2125
3 16 -5.9817 -22.7427 -8.1566 -5.9845 -22.7376 -6.9938 -1.0431 -22.7379 -4.437 0.348 0.0069 0.3541 0.0122 0.3456 0.05
3 16 -1.0431 -22.7379 -4.437 -5.9845 -22.7376 -6.9938 -1.5742 -22.7326 -3.2505 0.3456 0.05 0.3541 0.0122 0.3543 0.0521
3 16 -1.0431 -22.7379 -4.437 -1.5742 -22.7326 -3.2505 4.0657 -22.7374 -0.951 0.3456 0.05 0.3543 0.0521 0.3444 0.0934
3 16 4.0657 -22.7374 -0.951 -1.5742 -22.7326 -3.2505 3.5343 -22.7323 0.2296 0.3444 0.0934 0.3543 0.0521 0.3532 0.0945
3 16 8.1199 -24.0279 5.3634 3.1528 -24.0277 2.6898 9.2973 -24.0227 1.7737 0.3306 0.4753 0.3302 0.513 0.3047 0.4782
3 16 9.2973 -24.0227 1.7737 3.1528 -24.0277 2.6898 4.1524 -24.0227 -0.8927 0.3047 0.4782 0.3302 0.513 0.3056 0.5199
3 16 13.3637 -24.028 7.4208 8.1199 -24.0279 5.3634 14.3494 -24.0228 3.7337 0.3307 0.4378 0.3306 0.4753 0.3044 0.4392
3 16 14.3494 -24.0228 3.7337 8.1199 -24.0279 5.3634 9.2973 -24.0227 1.7737 0.3044 0.4392 0.3306 0.4753 0.3047 0.4782
3 16 24.8339 -22.7318 7.2449 24.8352 -8.0044 22.5766 30 -22.7318 7.502 0.5363 0.3087 0.3885 0.3088 0.535 0.2728
3 16 30 -22.7318 7.502 24.8352 -8.0044 22.5766 30 -8.0043 22.8336 0.535 0.2728 0.3885 0.3088 0.3872 0.2729
3 16 3.5343 -22.7323 0.2296 3.5407 -8.0054 15.0257 8.9504 -22.7321 2.9627 0.5714 0.461 0.4263 0.4618 0.5577 0.4212
3 16 8.9504 -22.7321 2.9627 3.5407 -8.0054 15.0257 8.956 -8.005 18.0754 0.5577 0.4212 0.4263 0.4618 0.4111 0.4215
3 16 14.1556 -22.732 4.9668 14.1312 -8.0047 20.2515 19.5455 -22.7319 6.4002 0.5477 0.3838 0.4002 0.384 0.5406 0.3457
3 16 19.5455 -22.7319 6.4002 14.1312 -8.0047 20.2515 19.5361 -8.0045 21.763 0.5406 0.3457 0.4002 0.384 0.3926 0.3458
3 16 -5.9845 -22.7376 -6.9938 -5.9785 -8.0011 7.0271 -1.5742 -22.7326 -3.2505 0.6073 0.536 0.466 0.5387 0.5887 0.5003
3 16 -1.5742 -22.7326 -3.2505 -5.9785 -8.0011 7.0271 -1.567 -8.006 11.218 0.5887 0.5003 0.466 0.5387 0.4452 0.5018
3 16 19.5455 -22.7319 6.4002 19.5361 -8.0045 21.763 24.8339 -22.7318 7.2449 0.5406 0.3457 0.3926 0.3458 0.5363 0.3087
3 16 24.8339 -22.7318 7.2449 19.5361 -8.0045 21.763 24.8352 -8.0044 22.5766 0.5363 0.3087 0.3926 0.3458 0.3885 0.3088
3 16 8.9504 -22.7321 2.9627 8.956 -8.005 18.0754 14.1556 -22.732 4.9668 0.5577 0.4212 0.4111 0.4215 0.5477 0.3838
3 16 14.1556 -22.732 4.9668 8.956 -8.005 18.0754 14.1312 -8.0047 20.2515 0.5477 0.3838 0.4111 0.4215 0.4002 0.384
3 16 -1.5742 -22.7326 -3.2505 -1.567 -8.006 11.218 3.5343 -22.7323 0.2296 0.5887 0.5003 0.4452 0.5018 0.5714 0.461
3 16 3.5343 -22.7323 0.2296 -1.567 -8.006 11.218 3.5407 -8.0054 15.0257 0.5714 0.461 0.4452 0.5018 0.4263 0.4618
3 16 -5.9899 -22.3801 -10.0224 -5.9817 -22.7427 -8.1566 -5.9835 -22.8876 -9.9373 0.5693 0.9222 0.5719 0.9094 0.5728 0.9217
3 16 -5.9835 -22.8876 -9.9373 -5.9817 -22.7427 -8.1566 -5.9835 -23.3456 -9.704 0.5728 0.9217 0.5719 0.9094 0.5759 0.9201
3 16 -5.9835 -23.3456 -9.704 -5.9817 -22.7427 -8.1566 -5.9835 -23.709 -9.3406 0.5759 0.9201 0.5719 0.9094 0.5784 0.9176
3 16 -5.9835 -23.709 -9.3406 -5.9817 -22.7427 -8.1566 -5.9834 -23.9425 -8.8818 0.5784 0.9176 0.5719 0.9094 0.58 0.9144
3 16 -5.9817 -22.7427 -8.1566 -5.9816 -24.0171 -8.1837 -5.9834 -23.9425 -8.8818 0.5719 0.9094 0.5806 0.9096 0.58 0.9144
3 16 19.2793 -5.2 28.4884 12.7624 -5.2587 26.4291 18.8192 -24.0281 8.848 0.0139 0.2491 0.0243 0.2029 0.2026 0.2454
3 16 18.8192 -24.0281 8.848 12.7624 -5.2587 26.4291 13.3637 -24.028 7.4208 0.2026 0.2454 0.0243 0.2029 0.2096 0.2068
3 16 10.0216 0.0154 9.9898 13.1508 0.0094 13.7644 30 0.0127 9.9823 0.9876 0.3121 0.9614 0.2905 0.9869 0.1733
3 16 30 0.0127 9.9823 13.1508 0.0094 13.7644 30 0.0127 13.7677 0.9869 0.1733 0.9614 0.2905 0.9608 0.1733
3 16 10.0012 0.0154 12.9602 10.0016 0.012 22.9118 13.1508 0.0094 13.7644 0.9671 0.3122 0.8978 0.3125 0.9614 0.2905
3 16 13.1508 0.0094 13.7644 10.0016 0.012 22.9118 13.1537 0.0081 25.2597 0.9614 0.2905 0.8978 0.3125 0.8817 0.2908
3 16 5.1832 0.0127 16.2924 6.0468 0.0127 18.0028 6.7517 0.0127 15.4065 0.6459 0.5056 0.6442 0.4924 0.6581 0.5046
3 16 6.7517 0.0127 15.4065 6.0468 0.0127 18.0028 7.7555 0.0127 17.4838 0.6581 0.5046 0.6442 0.4924 0.6558 0.4888
3 16 -3.373 0.0127 14.6184 -1.619 0.0127 13.8497 -4.006 0.0071 11.8551 0.6026 0.5479 0.6158 0.5456 0.6094 0.566
3 16 -4.006 0.0071 11.8551 -1.619 0.0127 13.8497 -1.1224 0.0127 11.8244 0.6094 0.566 0.6158 0.5456 0.6262 0.5552
3 16 2.1626 0.0127 14.01 3.8477 0.0127 14.9203 3.2373 0.0127 12.5538 0.6372 0.5303 0.6435 0.5186 0.6488 0.5345
3 16 3.2373 0.0127 12.5538 3.8477 0.0127 14.9203 5.1858 0.0127 13.7104 0.6488 0.5345 0.6435 0.5186 0.6556 0.5204
3 16 6.3629 0.0174 19.8895 8.159 0.0174 19.7701 6.0468 0.0127 18.0028 0.6387 0.4803 0.6494 0.4741 0.6442 0.4924
3 16 6.0468 0.0127 18.0028 8.159 0.0174 19.7701 7.7555 0.0127 17.4838 0.6442 0.4924 0.6494 0.4741 0.6558 0.4888
3 16 -1.619 0.0127 13.8497 0.2836 0.0127 13.6423 -1.1224 0.0127 11.8244 0.6158 0.5456 0.6276 0.5396 0.6262 0.5552
3 16 -1.1224 0.0127 11.8244 0.2836 0.0127 13.6423 1.117 0.0127 11.9793 0.6262 0.5552 0.6276 0.5396 0.6387 0.5459
3 16 3.8477 0.0127 14.9203 5.1832 0.0127 16.2924 5.1858 0.0127 13.7104 0.6435 0.5186 0.6459 0.5056 0.6556 0.5204
3 16 5.1858 0.0127 13.7104 5.1832 0.0127 16.2924 6.7517 0.0127 15.4065 0.6556 0.5204 0.6459 0.5056 0.6581 0.5046
3 16 -4.8358 0.0094 15.878 -3.373 0.0127 14.6184 -4.006 0.0071 11.8551 0.5894 0.5463 0.6026 0.5479 0.6094 0.566
3 16 0.2836 0.0127 13.6423 2.1626 0.0127 14.01 1.117 0.0127 11.9793 0.6276 0.5396 0.6372 0.5303 0.6387 0.5459
3 16 1.117 0.0127 11.9793 2.1626 0.0127 14.01 3.2373 0.0127 12.5538 0.6387 0.5459 0.6372 0.5303 0.6488 0.5345
3 16 -4.006 0.0071 11.8551 -5.7521 0.0141 9.7943 -4.8358 0.0094 15.878 0.6094 0.566 0.6077 0.5848 0.5894 0.5463
3 16 -4.8358 0.0094 15.878 -5.7521 0.0141 9.7943 -10.0093 0.0068 10.0078 0.5894 0.5463 0.6077 0.5848 0.5829 0.5999
3 16 6.4412 0.0078 24.1174 8.1545 0.0078 22.0414 6.3629 0.0174 19.8895 0.8895 0.3371 0.9038 0.3255 0.9188 0.3378
3 16 6.3629 0.0174 19.8895 8.1545 0.0078 22.0414 8.159 0.0174 19.7701 0.9188 0.3378 0.9038 0.3255 0.9196 0.3255
3 16 8.1545 0.0078 22.0414 6.4412 0.0078 24.1174 10.0016 0.012 22.9118 0.9038 0.3255 0.8895 0.3371 0.8978 0.3125
3 16 10.0016 0.012 22.9118 6.4412 0.0078 24.1174 12.5906 0.0127 26.7381 0.8978 0.3125 0.8895 0.3371 0.8715 0.2943
3 16 19.2077 0.0128 28.8002 16.0015 0.0127 26.2324 12.5906 0.0127 26.7381 0.8597 0.2476 0.876 0.2707 0.8715 0.2943
3 16 12.5906 0.0127 26.7381 16.0015 0.0127 26.2324 13.1537 0.0081 25.2597 0.8715 0.2943 0.876 0.2707 0.8817 0.2908
3 16 30 0.0127 29.0176 30 0.0127 26.2323 26.5434 0.0069 28.9989 0.8611 0.1732 0.8802 0.1732 0.8609 0.197
3 16 26.5434 0.0069 28.9989 30 0.0127 26.2323 26.5114 0.0127 26.2323 0.8609 0.197 0.8802 0.1732 0.8798 0.1976
3 16 25.7264 0.0072 29.8124 26.5434 0.0069 28.9989 26.5114 0.0127 26.2323 0.855 0.2023 0.8609 0.197 0.8798 0.1976
3 16 25.7264 0.0072 29.8124 26.5114 0.0127 26.2323 19.2077 0.0128 28.8002 0.855 0.2023 0.8798 0.1976 0.8597 0.2476
3 16 19.2077 0.0128 28.8002 26.5114 0.0127 26.2323 16.0015 0.0127 26.2324 0.8597 0.2476 0.8798 0.1976 0.876 0.2707
3 16 10.0012 0.0154 12.9602 10.0216 0.0154 9.9898 8.2301 0.0127 12.9676 0.6809 0.5019 0.6935 0.518 0.6712 0.5094
3 16 10.0012 0.0154 12.9602 13.1508 0.0094 13.7644 10.0216 0.0154 9.9898 0.9671 0.3122 0.9614 0.2905 0.9876 0.3121
3 16 2.2386 -5.2373 -4.3533 2.2386 -8.0127 -4.3533 1.2389 -5.2392 -6.2956 0.8594 0.8286 0.8777 0.834 0.8551 0.8434
3 16 1.2389 -5.2392 -6.2956 2.2386 -8.0127 -4.3533 1.2403 -8.0127 -6.3128 0.8551 0.8434 0.8777 0.834 0.8734 0.8486
3 16 10.0216 0.0154 9.9898 10.0226 0.0173 1.1678 6.247 0.0094 6.2355 0.6935 0.518 0.7311 0.5661 0.6888 0.5545
3 16 6.247 0.0094 6.2355 10.0226 0.0173 1.1678 6.2948 0.0174 0.4228 0.6888 0.5545 0.7311 0.5661 0.7141 0.586
3 16 6.8344 0.0094 9.8019 10.0216 0.0154 9.9898 6.247 0.0094 6.2355 0.6771 0.5326 0.6935 0.518 0.6888 0.5545
3 16 10.0279 -8.0085 -0.3881 6.2941 -5.2392 -1.234 10.0309 -1.5477 -0.3906 0.896 0.7744 0.8698 0.7939 0.8536 0.7608
3 16 10.0309 -1.5477 -0.3906 6.2941 -5.2392 -1.234 6.2903 -1.5476 -1.2382 0.8536 0.7608 0.8698 0.7939 0.8454 0.7858
3 16 -5.7521 0.0141 9.7943 -6.2242 0.0094 6.2356 -10.0093 0.0068 10.0078 0.6077 0.5848 0.619 0.6071 0.5829 0.5999
3 16 -10.0093 0.0068 10.0078 -6.2242 0.0094 6.2356 -10 0.02 6.25 0.5829 0.5999 0.619 0.6071 0.597 0.6217
3 16 6.8344 0.0094 9.8019 6.247 0.0094 6.2355 -5.7521 0.0141 9.7943 0.6771 0.5326 0.6888 0.5545 0.6077 0.5848
3 16 -5.7521 0.0141 9.7943 6.247 0.0094 6.2355 -6.2242 0.0094 6.2356 0.6077 0.5848 0.6888 0.5545 0.619 0.6071
3 16 6.247 0.0094 6.2355 6.2948 0.0174 0.4228 6.247 -5.2406 6.2355 0.0995 0.9753 0.0995 0.9348 0.136 0.9753
3 16 6.247 -5.2406 6.2355 6.2948 0.0174 0.4228 6.2941 -5.2392 -1.234 0.136 0.9753 0.0995 0.9348 0.136 0.9234
3 16 6.2948 0.0174 0.4228 6.2888 -0.0631 -0.0899 6.2941 -5.2392 -1.234 0.0995 0.9348 0.1001 0.9313 0.136 0.9234
3 16 6.2888 -0.0631 -0.0899 6.2894 -0.2844 -0.5527 6.2941 -5.2392 -1.234 0.1001 0.9313 0.1016 0.9281 0.136 0.9234
3 16 6.2894 -0.2844 -0.5527 6.2899 -0.6295 -0.9204 6.2941 -5.2392 -1.234 0.1016 0.9281 0.1039 0.9256 0.136 0.9234
3 16 6.2941 -5.2392 -1.234 6.2899 -0.6295 -0.9204 6.2903 -1.5476 -1.2382 0.136 0.9234 0.1039 0.9256 0.1102 0.9234
3 16 6.2903 -1.5476 -1.2382 6.2899 -0.6295 -0.9204 6.2902 -1.0649 -1.1567 0.1102 0.9234 0.1039 0.9256 0.1069 0.924
3 16 10.0226 0.0173 1.1678 10.0296 -0.0642 0.7498 6.2948 0.0174 0.4228 0.8387 0.7534 0.8413 0.7548 0.8301 0.778
3 16 6.2948 0.0174 0.4228 10.0296 -0.0642 0.7498 6.2888 -0.0631 -0.0899 0.8301 0.778 0.8413 0.7548 0.8331 0.7799
3 16 10.0296 -0.0642 0.7498 10.0301 -0.2859 0.29 6.2888 -0.0631 -0.0899 0.8413 0.7548 0.8443 0.7565 0.8331 0.7799
3 16 6.2888 -0.0631 -0.0899 10.0301 -0.2859 0.29 6.2894 -0.2844 -0.5527 0.8331 0.7799 0.8443 0.7565 0.8361 0.7817
3 16 10.0301 -0.2859 0.29 10.0306 -0.6311 -0.0753 6.2894 -0.2844 -0.5527 0.8443 0.7565 0.8474 0.7581 0.8361 0.7817
3 16 6.2894 -0.2844 -0.5527 10.0306 -0.6311 -0.0753 6.2899 -0.6295 -0.9204 0.8361 0.7817 0.8474 0.7581 0.8392 0.7833
3 16 10.0306 -0.6311 -0.0753 10.0308 -1.0659 -0.3098 6.2899 -0.6295 -0.9204 0.8474 0.7581 0.8504 0.7595 0.8392 0.7833
3 16 6.2899 -0.6295 -0.9204 10.0308 -1.0659 -0.3098 6.2902 -1.0649 -1.1567 0.8392 0.7833 0.8504 0.7595 0.8423 0.7847
3 16 10.0308 -1.0659 -0.3098 10.0309 -1.5477 -0.3906 6.2902 -1.0649 -1.1567 0.8504 0.7595 0.8536 0.7608 0.8423 0.7847
3 16 6.2902 -1.0649 -1.1567 10.0309 -1.5477 -0.3906 6.2903 -1.5476 -1.2382 0.8423 0.7847 0.8536 0.7608 0.8454 0.7858
3 16 -6.2242 0.0094 6.2356 -6.2283 0.0154 -6.2398 -10 0.02 6.25 0.619 0.6071 0.6654 0.6807 0.597 0.6217
3 16 -10 0.02 6.25 -6.2283 0.0154 -6.2398 -10.0031 0.0094 -10.0144 0.597 0.6217 0.6654 0.6807 0.6573 0.7165
3 16 -10.0031 0.0094 -10.0144 -6.2283 0.0154 -6.2398 -1.3432 0.0173 -10.0112 0.6573 0.7165 0.6654 0.6807 0.7081 0.6849
3 16 -1.3432 0.0173 -10.0112 -6.2283 0.0154 -6.2398 -0.5048 0.0174 -6.2807 0.7081 0.6849 0.6654 0.6807 0.6994 0.66
3 16 0.3166 -1.1276 -10.0194 1.1574 -1.1266 -6.2909 0.3906 -1.6368 -10.0196 0.8206 0.8617 0.8274 0.8362 0.8241 0.8624
3 16 0.3906 -1.6368 -10.0196 1.1574 -1.1266 -6.2909 1.2431 -1.6367 -6.2918 0.8241 0.8624 0.8274 0.8362 0.8309 0.8371
3 16 -1.3432 0.0173 -10.0112 -0.5048 0.0174 -6.2807 -0.8042 -0.0684 -10.0182 0.806 0.8604 0.8129 0.835 0.8098 0.8606
3 16 -0.8042 -0.0684 -10.0182 -0.5048 0.0174 -6.2807 0.0348 -0.0675 -6.2796 0.8098 0.8606 0.8129 0.835 0.8166 0.8351
3 16 -0.8042 -0.0684 -10.0182 0.0348 -0.0675 -6.2796 -0.3175 -0.3029 -10.0187 0.8098 0.8606 0.8166 0.8351 0.8135 0.8608
3 16 -0.3175 -0.3029 -10.0187 0.0348 -0.0675 -6.2796 0.5219 -0.3014 -6.2845 0.8135 0.8608 0.8166 0.8351 0.8203 0.8353
3 16 -0.3175 -0.3029 -10.0187 0.5219 -0.3014 -6.2845 0.0686 -0.6678 -10.0192 0.8135 0.8608 0.8203 0.8353 0.8171 0.8612
3 16 0.0686 -0.6678 -10.0192 0.5219 -0.3014 -6.2845 0.9088 -0.6663 -6.2884 0.8171 0.8612 0.8203 0.8353 0.8239 0.8357
3 16 0.0686 -0.6678 -10.0192 0.9088 -0.6663 -6.2884 0.3166 -1.1276 -10.0194 0.8171 0.8612 0.8239 0.8357 0.8206 0.8617
3 16 0.3166 -1.1276 -10.0194 0.9088 -0.6663 -6.2884 1.1574 -1.1266 -6.2909 0.8206 0.8617 0.8239 0.8357 0.8274 0.8362
3 16 -6.2283 0.0154 -6.2398 -6.2241 -5.2406 -6.2356 -0.5048 0.0174 -6.2807 0.1641 0.9313 0.2006 0.9313 0.1641 0.9711
3 16 1.2389 -5.2392 -6.2956 1.2431 -1.6367 -6.2918 -6.2241 -5.2406 -6.2356 0.2006 0.9831 0.1754 0.9831 0.2006 0.9313
3 16 1.2431 -1.6367 -6.2918 1.1574 -1.1266 -6.2909 -6.2241 -5.2406 -6.2356 0.1754 0.9831 0.1719 0.9825 0.2006 0.9313
3 16 1.1574 -1.1266 -6.2909 0.9088 -0.6663 -6.2884 -6.2241 -5.2406 -6.2356 0.1719 0.9825 0.1688 0.9808 0.2006 0.9313
3 16 0.9088 -0.6663 -6.2884 0.5219 -0.3014 -6.2845 -6.2241 -5.2406 -6.2356 0.1688 0.9808 0.1663 0.9782 0.2006 0.9313
3 16 0.5219 -0.3014 -6.2845 0.0348 -0.0675 -6.2796 -6.2241 -5.2406 -6.2356 0.1663 0.9782 0.1647 0.9748 0.2006 0.9313
3 16 0.0348 -0.0675 -6.2796 -0.5048 0.0174 -6.2807 -6.2241 -5.2406 -6.2356 0.1647 0.9748 0.1641 0.9711 0.2006 0.9313
3 16 -6.2242 0.0094 6.2356 6.247 0.0094 6.2355 -6.2242 -5.2406 6.2356 0.3129 0.9351 0.3129 0.8483 0.3493 0.9351
3 16 -6.2242 -5.2406 6.2356 6.247 0.0094 6.2355 6.247 -5.2406 6.2355 0.3493 0.9351 0.3129 0.8483 0.3493 0.8483
3 16 -6.2283 0.0154 -6.2398 -6.2242 0.0094 6.2356 -6.2241 -5.2406 -6.2356 0.8824 0.945 0.8824 0.8582 0.9188 0.945
3 16 -6.2241 -5.2406 -6.2356 -6.2242 0.0094 6.2356 -6.2242 -5.2406 6.2356 0.9188 0.945 0.8824 0.8582 0.9188 0.8582
3 16 -4.006 0.0071 11.8551 -1.1224 0.0127 11.8244 -4.006 -3.7429 11.8551 0.0056 0.8542 0.0056 0.8341 0.0316 0.8542
3 16 -4.006 -3.7429 11.8551 -1.1224 0.0127 11.8244 -1.1224 -3.7373 11.8244 0.0316 0.8542 0.0056 0.8341 0.0316 0.8341
3 16 -1.1224 0.0127 11.8244 1.117 0.0127 11.9793 -1.1224 -3.7373 11.8244 0.0056 0.8341 0.0056 0.8185 0.0316 0.8341
3 16 -1.1224 -3.7373 11.8244 1.117 0.0127 11.9793 1.117 -3.7373 11.9793 0.0316 0.8341 0.0056 0.8185 0.0316 0.8185
3 16 1.117 0.0127 11.9793 3.2373 0.0127 12.5538 1.117 -3.7373 11.9793 0.0056 0.8185 0.0056 0.8033 0.0316 0.8185
3 16 1.117 -3.7373 11.9793 3.2373 0.0127 12.5538 3.2373 -3.7373 12.5538 0.0316 0.8185 0.0056 0.8033 0.0316 0.8033
3 16 -5.7521 0.0141 9.7943 -4.006 0.0071 11.8551 -5.7521 -3.7359 9.7943 0.5908 0.8768 0.6097 0.8768 0.5908 0.9028
3 16 -5.7521 -3.7359 9.7943 -4.006 0.0071 11.8551 -4.006 -3.7429 11.8551 0.5908 0.9028 0.6097 0.8768 0.6097 0.9028
3 16 3.2373 0.0127 12.5538 5.1858 0.0127 13.7104 3.2373 -3.7373 12.5538 0.0056 0.8033 0.0056 0.7876 0.0316 0.8033
3 16 3.2373 -3.7373 12.5538 5.1858 0.0127 13.7104 5.1858 -3.7373 13.7104 0.0316 0.8033 0.0056 0.7876 0.0316 0.7876
3 16 5.1858 0.0127 13.7104 6.7517 0.0127 15.4065 5.1858 -3.7373 13.7104 0.0056 0.7876 0.0056 0.7716 0.0316 0.7876
3 16 5.1858 -3.7373 13.7104 6.7517 0.0127 15.4065 6.7517 -3.7373 15.4065 0.0316 0.7876 0.0056 0.7716 0.0316 0.7716
3 16 10.0012 0.0154 12.9602 8.2301 0.0127 12.9676 9.997 -3.7406 12.9644 0.0526 0.9722 0.0526 0.9599 0.0786 0.9722
3 16 9.997 -3.7406 12.9644 8.2301 0.0127 12.9676 8.2301 -3.7373 12.9676 0.0786 0.9722 0.0526 0.9599 0.0786 0.9599
3 16 6.8344 0.0094 9.8019 -5.7521 0.0141 9.7943 6.8344 -3.7406 9.8019 0.2013 0.9192 0.2013 0.8316 0.2273 0.9192
3 16 6.8344 -3.7406 9.8019 -5.7521 0.0141 9.7943 -5.7521 -3.7359 9.7943 0.2273 0.9192 0.2013 0.8316 0.2273 0.8316
3 16 6.7517 0.0127 15.4065 7.7555 0.0127 17.4838 6.7517 -3.7373 15.4065 0.0056 0.7716 0.0056 0.7557 0.0316 0.7716
3 16 6.7517 -3.7373 15.4065 7.7555 0.0127 17.4838 7.7555 -3.7373 17.4838 0.0316 0.7716 0.0056 0.7557 0.0316 0.7557
3 16 8.159 0.0174 19.7701 8.1545 0.0078 22.0414 8.1655 -3.7373 19.7695 0.0056 0.7396 0.0056 0.7237 0.0316 0.7396
3 16 8.1655 -3.7373 19.7695 8.1545 0.0078 22.0414 8.1545 -3.7422 22.0414 0.0316 0.7396 0.0056 0.7237 0.0316 0.7237
3 16 10.0016 0.012 22.9118 10.0012 0.0154 12.9602 10.0016 -3.738 22.9118 0.7219 0.9586 0.7219 0.8893 0.7479 0.9586
3 16 10.0016 -3.738 22.9118 10.0012 0.0154 12.9602 9.997 -3.7406 12.9644 0.7479 0.9586 0.7219 0.8893 0.7479 0.8893
3 16 7.7555 0.0127 17.4838 8.159 0.0174 19.7701 7.7555 -3.7373 17.4838 0.0056 0.7557 0.0056 0.7396 0.0316 0.7557
3 16 7.7555 -3.7373 17.4838 8.159 0.0174 19.7701 8.1655 -3.7373 19.7695 0.0316 0.7557 0.0056 0.7396 0.0316 0.7396
3 16 8.1545 0.0078 22.0414 10.0016 0.012 22.9118 8.1545 -3.7422 22.0414 0.8491 0.9225 0.8635 0.9225 0.8491 0.9485
3 16 8.1545 -3.7422 22.0414 10.0016 0.012 22.9118 10.0016 -3.738 22.9118 0.8491 0.9485 0.8635 0.9225 0.8635 0.9485
3 16 6.8313 -3.7373 11.5667 6.8313 0.0127 11.5667 6.8344 -3.7406 9.8019 0.0786 0.9435 0.0526 0.9435 0.0786 0.9312
3 16 6.8344 -3.7406 9.8019 6.8313 0.0127 11.5667 6.8344 0.0094 9.8019 0.0786 0.9312 0.0526 0.9435 0.0526 0.9312
3 16 13.1508 -5.2406 13.7644 13.1537 -5.2419 25.2597 30 -5.2373 13.7677 0.4322 0.5472 0.5122 0.5472 0.4322 0.6643
3 16 13.1537 -5.2419 25.2597 16.0015 -5.2373 26.2324 30 -5.2373 13.7677 0.5122 0.5472 0.519 0.5671 0.4322 0.6643
3 16 16.0015 -5.2373 26.2324 30 -5.2438 26.2276 30 -5.2373 13.7677 0.519 0.5671 0.519 0.6643 0.4322 0.6643
3 16 13.1537 0.0081 25.2597 16.0015 0.0127 26.2324 13.1537 -5.2419 25.2597 0.3853 0.718 0.3853 0.697 0.4217 0.718
3 16 13.1537 -5.2419 25.2597 16.0015 0.0127 26.2324 16.0015 -5.2373 26.2324 0.4217 0.718 0.3853 0.697 0.4217 0.697
3 16 16.0015 0.0127 26.2324 26.5114 0.0127 26.2323 16.0015 -5.2373 26.2324 0.3853 0.697 0.3853 0.6241 0.4217 0.697
3 16 26.5114 0.0127 26.2323 30 -5.2438 26.2276 16.0015 -5.2373 26.2324 0.3853 0.6241 0.4217 0.5998 0.4217 0.697
3 16 30 0.0127 13.7677 13.1508 0.0094 13.7644 30 -5.2373 13.7677 0.7415 0.6362 0.7436 0.5188 0.778 0.6365
3 16 30 -5.2373 13.7677 13.1508 0.0094 13.7644 13.1508 -5.2406 13.7644 0.778 0.6365 0.7436 0.5188 0.7799 0.5196
3 16 13.1508 0.0094 13.7644 13.1537 0.0081 25.2597 13.1508 -5.2406 13.7644 0.3598 0.9762 0.3598 0.8963 0.3963 0.9762
3 16 13.1508 -5.2406 13.7644 13.1537 0.0081 25.2597 13.1537 -5.2419 25.2597 0.3963 0.9762 0.3598 0.8963 0.3963 0.8963
3 16 -5.7521 -3.7359 9.7943 -4.006 -3.7429 11.8551 6.8344 -3.7406 9.8019 0.5357 0.7433 0.5482 0.7575 0.5223 0.8298
3 16 -4.006 -3.7429 11.8551 -1.1224 -3.7373 11.8244 6.8344 -3.7406 9.8019 0.5482 0.7575 0.5449 0.7773 0.5223 0.8298
3 16 -1.1224 -3.7373 11.8244 1.117 -3.7373 11.9793 6.8344 -3.7406 9.8019 0.5449 0.7773 0.5435 0.7928 0.5223 0.8298
3 16 1.117 -3.7373 11.9793 3.2373 -3.7373 12.5538 6.8344 -3.7406 9.8019 0.5435 0.7928 0.5452 0.808 0.5223 0.8298
3 16 6.8344 -3.7406 9.8019 3.2373 -3.7373 12.5538 6.8313 -3.7373 11.5667 0.5223 0.8298 0.5452 0.808 0.5345 0.8317
3 16 10.0016 -3.738 22.9118 9.997 -3.7406 12.9644 8.1545 -3.7422 22.0414 0.609 0.8655 0.5406 0.8549 0.605 0.8517
3 16 8.1545 -3.7422 22.0414 9.997 -3.7406 12.9644 8.1655 -3.7373 19.7695 0.605 0.8517 0.5406 0.8549 0.5894 0.8494
3 16 8.1655 -3.7373 19.7695 9.997 -3.7406 12.9644 7.7555 -3.7373 17.4838 0.5894 0.8494 0.5406 0.8549 0.5741 0.8441
3 16 7.7555 -3.7373 17.4838 9.997 -3.7406 12.9644 6.7517 -3.7373 15.4065 0.5741 0.8441 0.5406 0.8549 0.561 0.835
3 16 6.7517 -3.7373 15.4065 9.997 -3.7406 12.9644 8.2301 -3.7373 12.9676 0.561 0.835 0.5406 0.8549 0.5425 0.8427
3 16 26.5114 0.0127 26.2323 30 0.0127 26.2323 30 -5.2438 26.2276 0.3853 0.6241 0.3853 0.5998 0.4217 0.5998
3 16 -5.9785 -8.0011 7.0271 -5.9867 -8.0094 -10.0144 1.2403 -8.0127 -6.3128 0.726 0.0079 0.8443 0.0079 0.8186 0.058
3 16 1.2403 -8.0127 -6.3128 -5.9867 -8.0094 -10.0144 0.3995 -8.0085 -10.0165 0.8186 0.058 0.8443 0.0079 0.8443 0.0522
3 16 1.2403 -8.0127 -6.3128 2.2386 -8.0127 -4.3533 -5.9785 -8.0011 7.0271 0.8186 0.058 0.805 0.065 0.726 0.0079
3 16 2.2386 -8.0127 -4.3533 4.3647 -8.0127 -2.2273 -5.9785 -8.0011 7.0271 0.805 0.065 0.7902 0.0797 0.726 0.0079
3 16 -5.9785 -8.0011 7.0271 4.3647 -8.0127 -2.2273 -1.567 -8.006 11.218 0.726 0.0079 0.7902 0.0797 0.6969 0.0385
3 16 30 -8.0043 22.8336 24.8352 -8.0044 22.5766 30 -8.0127 9.9823 0.6162 0.2578 0.618 0.2219 0.7054 0.2578
3 16 24.8352 -8.0044 22.5766 19.5361 -8.0045 21.763 30 -8.0127 9.9823 0.618 0.2219 0.6236 0.1851 0.7054 0.2578
3 16 30 -8.0127 9.9823 19.5361 -8.0045 21.763 10.0258 -8.0094 9.9856 0.7054 0.2578 0.6236 0.1851 0.7054 0.119
3 16 19.5361 -8.0045 21.763 14.1312 -8.0047 20.2515 10.0258 -8.0094 9.9856 0.6236 0.1851 0.6341 0.1476 0.7054 0.119
3 16 14.1312 -8.0047 20.2515 8.956 -8.005 18.0754 10.0258 -8.0094 9.9856 0.6341 0.1476 0.6492 0.1116 0.7054 0.119
3 16 8.956 -8.005 18.0754 3.5407 -8.0054 15.0257 10.0258 -8.0094 9.9856 0.6492 0.1116 0.6704 0.074 0.7054 0.119
3 16 10.0258 -8.0094 9.9856 3.5407 -8.0054 15.0257 6.3113 -8.0127 -1.2355 0.7054 0.119 0.6704 0.074 0.7833 0.0933
3 16 4.3647 -8.0127 -2.2273 6.3113 -8.0127 -1.2355 -1.567 -8.006 11.218 0.7902 0.0797 0.7833 0.0933 0.6969 0.0385
3 16 -1.567 -8.006 11.218 6.3113 -8.0127 -1.2355 3.5407 -8.0054 15.0257 0.6969 0.0385 0.7833 0.0933 0.6704 0.074
3 16 6.3113 -8.0127 -1.2355 10.0279 -8.0085 -0.3881 10.0258 -8.0094 9.9856 0.7833 0.0933 0.7775 0.119 0.7054 0.119
3 16 -6.2242 -5.2406 6.2356 6.247 -5.2406 6.2355 -6.2241 -5.2406 -6.2356 0.4583 0.8251 0.3976 0.8871 0.3964 0.7644
3 16 6.247 -5.2406 6.2355 6.2941 -5.2392 -1.234 -6.2241 -5.2406 -6.2356 0.3976 0.8871 0.3604 0.851 0.3964 0.7644
3 16 6.2941 -5.2392 -1.234 4.3647 -5.2373 -2.2273 -6.2241 -5.2406 -6.2356 0.3604 0.851 0.3649 0.8365 0.3964 0.7644
3 16 4.3647 -5.2373 -2.2273 2.2386 -5.2373 -4.3533 -6.2241 -5.2406 -6.2356 0.3649 0.8365 0.3647 0.8156 0.3964 0.7644
3 16 -6.2241 -5.2406 -6.2356 2.2386 -5.2373 -4.3533 1.2389 -5.2392 -6.2956 0.3964 0.7644 0.3647 0.8156 0.3598 0.8011
3 16 49.9682 -8.0052 9.9898 30 -8.0127 9.9823 49.9784 0.0154 9.9898 0.9878 0.3244 0.9868 0.463 0.9323 0.3241
3 16 49.9784 0.0154 9.9898 30 -8.0127 9.9823 30 0.0127 9.9823 0.9323 0.3241 0.9868 0.463 0.9313 0.463
3 16 49.9836 -8.0085 -0.3881 49.9682 -8.0052 9.9898 49.9691 -1.5477 -0.3906 0.292 0.9041 0.292 0.9761 0.2472 0.9041
3 16 49.9784 0.0154 9.9898 49.9774 0.0173 1.1678 49.9682 -8.0052 9.9898 0.2365 0.9761 0.2365 0.9148 0.292 0.9761
3 16 49.9691 -1.5477 -0.3906 49.9682 -8.0052 9.9898 49.9692 -1.0657 -0.3097 0.2472 0.9041 0.292 0.9761 0.2439 0.9047
3 16 49.9692 -1.0657 -0.3097 49.9682 -8.0052 9.9898 49.9808 -0.6311 -0.0753 0.2439 0.9047 0.292 0.9761 0.2409 0.9063
3 16 49.9808 -0.6311 -0.0753 49.9682 -8.0052 9.9898 49.9698 -0.286 0.2898 0.2409 0.9063 0.292 0.9761 0.2386 0.9088
3 16 49.9698 -0.286 0.2898 49.9682 -8.0052 9.9898 49.9704 -0.0642 0.7498 0.2386 0.9088 0.292 0.9761 0.2371 0.9119
3 16 49.9682 -8.0052 9.9898 49.9774 0.0173 1.1678 49.9704 -0.0642 0.7498 0.292 0.9761 0.2365 0.9148 0.2371 0.9119
3 16 53.7 -8.0127 -1.2355 49.9836 -8.0085 -0.3881 53.7059 -5.2392 -1.234 0.1257 0.8781 0.1333 0.9033 0.1075 0.8836
3 16 53.7059 -5.2392 -1.234 55.6353 -5.2373 -2.2273 53.7 -8.0127 -1.2355 0.1075 0.8836 0.1032 0.8691 0.1257 0.8781
3 16 53.7 -8.0127 -1.2355 55.6353 -5.2373 -2.2273 55.6467 -8.0127 -2.2272 0.1257 0.8781 0.1032 0.8691 0.1213 0.8635
3 16 55.6353 -5.2373 -2.2273 57.7614 -5.2374 -4.3533 55.6467 -8.0127 -2.2272 0.1032 0.8691 0.0971 0.8491 0.1213 0.8635
3 16 55.6467 -8.0127 -2.2272 57.7614 -5.2374 -4.3533 57.7728 -8.0127 -4.3533 0.1213 0.8635 0.0971 0.8491 0.1153 0.8434
3 16 58.7611 -5.2392 -6.2956 59.6119 -8.0085 -10.0165 58.7711 -8.0127 -6.3128 0.0926 0.8345 0.1026 0.8037 0.1107 0.8288
3 16 66.0125 0.0127 -10.0177 65.9867 -8.0094 -10.0144 61.3545 0.0173 -10.0112 0.2324 0.6449 0.2108 0.696 0.2026 0.6323
3 16 59.6119 -8.0085 -10.0165 59.6094 -1.6368 -10.0196 65.9867 -8.0094 -10.0144 0.1701 0.6787 0.1872 0.638 0.2108 0.696
3 16 61.3545 0.0173 -10.0112 65.9867 -8.0094 -10.0144 60.8156 -0.0684 -10.0182 0.2026 0.6323 0.2108 0.696 0.199 0.6313
3 16 60.8156 -0.0684 -10.0182 65.9867 -8.0094 -10.0144 60.3289 -0.3029 -10.0188 0.199 0.6313 0.2108 0.696 0.1953 0.6315
3 16 60.3289 -0.3029 -10.0188 65.9867 -8.0094 -10.0144 59.9428 -0.6678 -10.0192 0.1953 0.6315 0.2108 0.696 0.1919 0.6328
3 16 59.9428 -0.6678 -10.0192 65.9867 -8.0094 -10.0144 59.6949 -1.1275 -10.0195 0.1919 0.6328 0.2108 0.696 0.1891 0.635
3 16 65.9867 -8.0094 -10.0144 59.6094 -1.6368 -10.0196 59.6949 -1.1275 -10.0195 0.2108 0.696 0.1872 0.638 0.1891 0.635
3 16 65.9867 -8.0094 -10.0144 66.0125 0.0127 -10.0177 70.0063 -7.2628 -10.0177 0.2108 0.696 0.2324 0.6449 0.2383 0.7019
3 16 70.0063 -7.2628 -10.0177 66.0125 0.0127 -10.0177 70.0144 0.0094 -10.0144 0.2383 0.7019 0.2324 0.6449 0.2578 0.6555
3 16 70.0063 -7.2628 -10.0177 70.0144 0.0094 -10.0144 70.0092 -4.8123 10.0122 0.2404 0.777 0.2404 0.7267 0.3793 0.76
3 16 70.0092 -4.8123 10.0122 70.0144 0.0094 -10.0144 70.0093 0.0068 10.0078 0.3793 0.76 0.2404 0.7267 0.3793 0.7267
3 16 64.8426 -4.8116 15.8803 70.0092 -4.8123 10.0122 64.8358 0.0094 15.878 0.074 0.5781 0.1026 0.6241 0.0457 0.5956
3 16 64.8358 0.0094 15.878 70.0092 -4.8123 10.0122 70.0093 0.0068 10.0078 0.0457 0.5956 0.1026 0.6241 0.0742 0.6416
3 16 63.3692 -4.805 14.6247 64.8426 -4.8116 15.8803 63.373 0.0127 14.6184 0.9392 0.836 0.9392 0.8493 0.9059 0.836
3 16 63.373 0.0127 14.6184 64.8426 -4.8116 15.8803 64.8358 0.0094 15.878 0.9059 0.836 0.9392 0.8493 0.9059 0.8494
3 16 61.6167 -4.805 13.8623 63.3692 -4.805 14.6247 61.619 0.0127 13.8497 0.9392 0.8227 0.9392 0.836 0.9059 0.8227
3 16 61.619 0.0127 13.8497 63.3692 -4.805 14.6247 63.373 0.0127 14.6184 0.9059 0.8227 0.9392 0.836 0.9059 0.836
3 16 59.7168 -4.805 13.6558 61.6167 -4.805 13.8623 59.7164 0.0127 13.6423 0.9392 0.8094 0.9392 0.8227 0.9059 0.8094
3 16 59.7164 0.0127 13.6423 61.6167 -4.805 13.8623 61.619 0.0127 13.8497 0.9059 0.8094 0.9392 0.8227 0.9059 0.8227
3 16 57.8416 -4.805 14.024 59.7168 -4.805 13.6558 57.8374 0.0127 14.01 0.9392 0.7961 0.9392 0.8094 0.9058 0.7961
3 16 57.8374 0.0127 14.01 59.7168 -4.805 13.6558 59.7164 0.0127 13.6423 0.9058 0.7961 0.9392 0.8094 0.9059 0.8094
3 16 56.1607 -4.805 14.9335 57.8416 -4.805 14.024 56.1523 0.0127 14.9203 0.9392 0.7827 0.9392 0.7961 0.9058 0.7827
3 16 56.1523 0.0127 14.9203 57.8416 -4.805 14.024 57.8374 0.0127 14.01 0.9058 0.7827 0.9392 0.7961 0.9058 0.7961
3 16 54.8267 -4.805 16.3018 56.1607 -4.805 14.9335 54.8168 0.0127 16.2924 0.9392 0.7694 0.9392 0.7827 0.9058 0.7694
3 16 54.8168 0.0127 16.2924 56.1607 -4.805 14.9335 56.1523 0.0127 14.9203 0.9058 0.7694 0.9392 0.7827 0.9058 0.7827
3 16 53.9601 -4.805 18.0051 54.8267 -4.805 16.3018 53.9532 0.0127 18.0028 0.9392 0.7561 0.9392 0.7694 0.9059 0.7561
3 16 53.9532 0.0127 18.0028 54.8267 -4.805 16.3018 54.8168 0.0127 16.2924 0.9059 0.7561 0.9392 0.7694 0.9058 0.7694
3 16 53.6509 -4.805 19.8904 53.9601 -4.805 18.0051 53.6371 0.0174 19.8895 0.9392 0.7428 0.9392 0.7561 0.9059 0.7428
3 16 53.6371 0.0174 19.8895 53.9601 -4.805 18.0051 53.9532 0.0127 18.0028 0.9059 0.7428 0.9392 0.7561 0.9059 0.7561
3 16 53.5584 -4.812 24.1219 53.6509 -4.805 19.8904 53.5588 0.0078 24.1174 0.9392 0.7135 0.9392 0.7428 0.9059 0.7135
3 16 53.5588 0.0078 24.1174 53.6509 -4.805 19.8904 53.6371 0.0174 19.8895 0.9059 0.7135 0.9392 0.7428 0.9059 0.7428
3 16 53.5584 -4.812 24.1219 53.5588 0.0078 24.1174 47.4418 -4.8137 26.7624 0.9861 0.754 0.9528 0.754 0.9862 0.7078
3 16 47.4418 -4.8137 26.7624 53.5588 0.0078 24.1174 47.4093 0.0127 26.7382 0.9862 0.7078 0.9528 0.754 0.9529 0.7076
3 16 40.7935 -4.8146 28.8791 47.4418 -4.8137 26.7624 40.7924 0.0128 28.8002 0.9862 0.6594 0.9862 0.7078 0.9529 0.6596
3 16 40.7924 0.0128 28.8002 47.4418 -4.8137 26.7624 47.4093 0.0127 26.7382 0.9529 0.6596 0.9862 0.7078 0.9529 0.7076
3 16 34.2757 -4.8123 29.8152 40.7935 -4.8146 28.8791 34.2735 0.0072 29.8124 0.9861 0.6138 0.9862 0.6594 0.9528 0.6138
3 16 34.2735 0.0072 29.8124 40.7935 -4.8146 28.8791 40.7924 0.0128 28.8002 0.9528 0.6138 0.9862 0.6594 0.9529 0.6596
3 16 63.3736 -5.3623 14.6187 64.5723 -5.3687 15.583 63.3692 -4.805 14.6247 0.9432 0.836 0.9432 0.8466 0.9392 0.836
3 16 63.3692 -4.805 14.6247 64.5723 -5.3687 15.583 64.8426 -4.8116 15.8803 0.9392 0.836 0.9432 0.8466 0.9392 0.8493
3 16 53.5584 -4.812 24.1219 53.5844 -5.3695 23.5246 53.6509 -4.805 19.8904 0.9392 0.7135 0.9431 0.7176 0.9392 0.7428
3 16 53.6509 -4.805 19.8904 53.5844 -5.3695 23.5246 53.6436 -5.3606 19.8899 0.9392 0.7428 0.9431 0.7176 0.9432 0.7428
3 16 53.6509 -4.805 19.8904 53.6436 -5.3606 19.8899 53.9601 -4.805 18.0051 0.9392 0.7428 0.9432 0.7428 0.9392 0.7561
3 16 53.9601 -4.805 18.0051 53.6436 -5.3606 19.8899 53.9532 -5.3623 18.0028 0.9392 0.7561 0.9432 0.7428 0.9432 0.7561
3 16 53.9601 -4.805 18.0051 53.9532 -5.3623 18.0028 54.8267 -4.805 16.3018 0.9392 0.7561 0.9432 0.7561 0.9392 0.7694
3 16 54.8267 -4.805 16.3018 53.9532 -5.3623 18.0028 54.8207 -5.3623 16.2976 0.9392 0.7694 0.9432 0.7561 0.9432 0.7694
3 16 54.8267 -4.805 16.3018 54.8207 -5.3623 16.2976 56.1607 -4.805 14.9335 0.9392 0.7694 0.9432 0.7694 0.9392 0.7827
3 16 56.1607 -4.805 14.9335 54.8207 -5.3623 16.2976 56.1563 -5.3623 14.9276 0.9392 0.7827 0.9432 0.7694 0.9432 0.7827
3 16 56.1607 -4.805 14.9335 56.1563 -5.3623 14.9276 57.8416 -4.805 14.024 0.9392 0.7827 0.9432 0.7827 0.9392 0.7961
3 16 57.8416 -4.805 14.024 56.1563 -5.3623 14.9276 57.8391 -5.3623 14.0171 0.9392 0.7961 0.9432 0.7827 0.9432 0.7961
3 16 57.8416 -4.805 14.024 57.8391 -5.3623 14.0171 59.7168 -4.805 13.6558 0.9392 0.7961 0.9432 0.7961 0.9392 0.8094
3 16 59.7168 -4.805 13.6558 57.8391 -5.3623 14.0171 59.7165 -5.3623 13.6485 0.9392 0.8094 0.9432 0.7961 0.9432 0.8094
3 16 59.7168 -4.805 13.6558 59.7165 -5.3623 13.6485 61.6167 -4.805 13.8623 0.9392 0.8094 0.9432 0.8094 0.9392 0.8227
3 16 61.6167 -4.805 13.8623 59.7165 -5.3623 13.6485 61.6186 -5.3623 13.8552 0.9392 0.8227 0.9432 0.8094 0.9432 0.8227
3 16 61.6167 -4.805 13.8623 61.6186 -5.3623 13.8552 63.3692 -4.805 14.6247 0.9392 0.8227 0.9432 0.8227 0.9392 0.836
3 16 63.3692 -4.805 14.6247 61.6186 -5.3623 13.8552 63.3736 -5.3623 14.6187 0.9392 0.836 0.9432 0.8227 0.9432 0.836
3 16 70.0063 -7.2628 -10.0177 69.9998 -22.3753 -10.0224 65.9867 -8.0094 -10.0144 0.2383 0.7019 0.1995 0.7991 0.2108 0.696
3 16 65.9867 -8.0094 -10.0144 69.9998 -22.3753 -10.0224 65.9899 -22.3801 -10.0224 0.2108 0.696 0.1995 0.7991 0.1738 0.7888
3 16 70.0092 -4.8123 10.0122 70.0059 -24.0219 -7.7754 70.0063 -7.2628 -10.0177 0.3793 0.76 0.2558 0.8933 0.2404 0.777
3 16 70.0059 -24.0219 -7.7754 70.0063 -24.0226 -8.3765 70.0063 -7.2628 -10.0177 0.2558 0.8933 0.2517 0.8933 0.2404 0.777
3 16 70.0063 -24.0226 -8.3765 70.0063 -23.9281 -8.8829 70.0063 -7.2628 -10.0177 0.2517 0.8933 0.2482 0.8926 0.2404 0.777
3 16 70.0063 -23.9281 -8.8829 70.0063 -23.6982 -9.3392 70.0063 -7.2628 -10.0177 0.2482 0.8926 0.2451 0.891 0.2404 0.777
3 16 70.0063 -23.6982 -9.3392 70.0063 -23.3402 -9.7034 70.0063 -7.2628 -10.0177 0.2451 0.891 0.2426 0.8886 0.2404 0.777
3 16 70.0063 -23.3402 -9.7034 70.0063 -22.8843 -9.924 70.0063 -7.2628 -10.0177 0.2426 0.8886 0.2411 0.8854 0.2404 0.777
3 16 70.0063 -22.8843 -9.924 69.9998 -22.3753 -10.0224 70.0063 -7.2628 -10.0177 0.2411 0.8854 0.2404 0.882 0.2404 0.777
3 16 69.9998 -22.3753 -10.0224 70.0063 -22.8843 -9.924 65.9899 -22.3801 -10.0224 0.3139 0.008 0.3165 0.0104 0.2952 0.0285
3 16 65.9899 -22.3801 -10.0224 70.0063 -22.8843 -9.924 65.9835 -22.8876 -9.9373 0.2952 0.0285 0.3165 0.0104 0.2978 0.0309
3 16 70.0063 -22.8843 -9.924 70.0063 -23.3402 -9.7034 65.9835 -22.8876 -9.9373 0.3165 0.0104 0.3191 0.0127 0.2978 0.0309
3 16 65.9835 -22.8876 -9.9373 70.0063 -23.3402 -9.7034 65.9835 -23.3456 -9.704 0.2978 0.0309 0.3191 0.0127 0.3005 0.0332
3 16 70.0063 -23.3402 -9.7034 70.0063 -23.6982 -9.3392 65.9835 -23.3456 -9.704 0.3191 0.0127 0.3217 0.0151 0.3005 0.0332
3 16 65.9835 -23.3456 -9.704 70.0063 -23.6982 -9.3392 65.9835 -23.709 -9.3406 0.3005 0.0332 0.3217 0.0151 0.3031 0.0356
3 16 70.0063 -23.6982 -9.3392 70.0063 -23.9281 -8.8829 65.9835 -23.709 -9.3406 0.3217 0.0151 0.3243 0.0175 0.3031 0.0356
3 16 65.9835 -23.709 -9.3406 70.0063 -23.9281 -8.8829 65.9834 -23.9425 -8.8818 0.3031 0.0356 0.3243 0.0175 0.3057 0.038
3 16 70.0063 -23.9281 -8.8829 70.0063 -24.0226 -8.3765 65.9834 -23.9425 -8.8818 0.3243 0.0175 0.3269 0.0198 0.3057 0.038
3 16 65.9834 -23.9425 -8.8818 70.0063 -24.0226 -8.3765 65.9816 -24.0171 -8.1837 0.3057 0.038 0.3269 0.0198 0.3093 0.0413
3 16 70.0063 -24.0226 -8.3765 70.0059 -24.0219 -7.7754 65.9816 -24.0171 -8.1837 0.3269 0.0198 0.33 0.0226 0.3093 0.0413
3 16 45.8444 -22.732 4.9668 51.0496 -22.7321 2.9627 45.6728 -22.7374 3.7123 0.3533 0.3951 0.3526 0.4333 0.3447 0.3965
3 16 45.6728 -22.7374 3.7123 51.0496 -22.7321 2.9627 50.7027 -22.7373 1.7737 0.3447 0.3965 0.3526 0.4333 0.3442 0.4344
3 16 70.0059 -24.0219 -7.7754 66.0099 -24.0271 -3.7951 65.9816 -24.0171 -8.1837 0.33 0.0226 0.3321 0.0612 0.3093 0.0413
3 16 51.8801 -24.0279 5.3634 53.5844 -5.3695 23.5246 46.6363 -24.028 7.4208 0.2198 0.478 0.0392 0.4901 0.2097 0.4401
3 16 46.6363 -24.028 7.4208 53.5844 -5.3695 23.5246 47.2376 -5.2587 26.4291 0.2097 0.4401 0.0392 0.4901 0.0243 0.4442
3 16 56.8472 -24.0277 2.6898 55.8476 -24.0227 -0.8927 61.628 -24.0275 -0.2544 0.3302 0.1371 0.3056 0.1302 0.3321 0.0994
3 16 61.628 -24.0275 -0.2544 55.8476 -24.0227 -0.8927 60.8706 -24.0233 -4.1973 0.3321 0.0994 0.3056 0.1302 0.3073 0.0873
3 16 65.9816 -24.0171 -8.1837 66.0099 -24.0271 -3.7951 60.8706 -24.0233 -4.1973 0.3093 0.0413 0.3321 0.0612 0.3073 0.0873
3 16 60.8706 -24.0233 -4.1973 66.0099 -24.0271 -3.7951 61.628 -24.0275 -0.2544 0.3073 0.0873 0.3321 0.0612 0.3321 0.0994
3 16 40.7207 -5.2 28.4884 47.2376 -5.2587 26.4291 40.7935 -4.8146 28.8791 0.0139 0.398 0.0243 0.4442 0.0102 0.3985
3 16 40.7935 -4.8146 28.8791 47.2376 -5.2587 26.4291 47.4418 -4.8137 26.7624 0.0102 0.3985 0.0243 0.4442 0.0206 0.4457
3 16 35.6141 -24.0282 9.715 30 -24.0282 10.009 35.1258 -24.0227 5.8244 0.3306 0.2876 0.3302 0.325 0.3035 0.2881
3 16 35.1258 -24.0227 5.8244 30 -24.0282 10.009 30 -24.0227 6.1915 0.3035 0.2881 0.3302 0.325 0.304 0.325
3 16 41.1808 -24.0281 8.848 35.6141 -24.0282 9.715 40.4045 -24.0228 5.0852 0.3308 0.2499 0.3306 0.2876 0.3041 0.2498
3 16 40.4045 -24.0228 5.0852 35.6141 -24.0282 9.715 35.1258 -24.0227 5.8244 0.3041 0.2498 0.3306 0.2876 0.3035 0.2881
3 16 70.0092 -4.8123 10.0122 64.8426 -4.8116 15.8803 64.5723 -5.3687 15.583 0.1026 0.6241 0.074 0.5781 0.0783 0.5759
3 16 33.4588 -5.6545 29.0017 35.6141 -24.0282 9.715 40.7207 -5.2 28.4884 0.0138 0.3475 0.1984 0.3626 0.0139 0.398
3 16 40.7207 -5.2 28.4884 35.6141 -24.0282 9.715 41.1808 -24.0281 8.848 0.0139 0.398 0.1984 0.3626 0.2027 0.4015
3 16 45.6506 -24.0228 3.7337 45.6728 -22.7374 3.7123 50.7027 -24.0227 1.7737 0.3772 0.1742 0.3686 0.1741 0.3771 0.1366
3 16 50.7027 -24.0227 1.7737 45.6728 -22.7374 3.7123 50.7027 -22.7373 1.7737 0.3771 0.1366 0.3686 0.1741 0.3684 0.1366
3 16 45.6506 -24.0228 3.7337 46.6363 -24.028 7.4208 40.4045 -24.0228 5.0852 0.3044 0.2108 0.3307 0.2123 0.3041 0.2498
3 16 40.4045 -24.0228 5.0852 46.6363 -24.028 7.4208 41.1808 -24.0281 8.848 0.3041 0.2498 0.3307 0.2123 0.3308 0.2499
3 16 53.5844 -5.3695 23.5246 53.5584 -4.812 24.1219 47.2376 -5.2587 26.4291 0.0392 0.4901 0.0336 0.4899 0.0243 0.4442
3 16 47.2376 -5.2587 26.4291 53.5584 -4.812 24.1219 47.4418 -4.8137 26.7624 0.0243 0.4442 0.0336 0.4899 0.0206 0.4457
3 16 40.7935 -4.8146 28.8791 34.2757 -4.8123 29.8152 40.7207 -5.2 28.4884 0.0102 0.3985 0.0056 0.3531 0.0139 0.398
3 16 40.7207 -5.2 28.4884 34.2757 -4.8123 29.8152 33.4588 -5.6545 29.0017 0.0139 0.398 0.0056 0.3531 0.0138 0.3475
3 16 56.8472 -24.0277 2.6898 57.3808 -5.3646 21.2833 51.8801 -24.0279 5.3634 0.2329 0.515 0.0503 0.5186 0.2198 0.478
3 16 51.8801 -24.0279 5.3634 57.3808 -5.3646 21.2833 53.5844 -5.3695 23.5246 0.2198 0.478 0.0503 0.5186 0.0392 0.4901
3 16 70.0059 -24.0219 -7.7754 70.0092 -4.8123 10.0122 66.0099 -24.0271 -3.7951 0.2841 0.6201 0.1026 0.6241 0.2647 0.5862
3 16 66.0099 -24.0271 -3.7951 70.0092 -4.8123 10.0122 64.5723 -5.3687 15.583 0.2647 0.5862 0.1026 0.6241 0.0783 0.5759
3 16 57.3808 -5.3646 21.2833 56.8472 -24.0277 2.6898 62.0389 -5.3642 17.8461 0.0503 0.5186 0.2329 0.515 0.0672 0.555
3 16 62.0389 -5.3642 17.8461 56.8472 -24.0277 2.6898 61.628 -24.0275 -0.2544 0.0672 0.555 0.2329 0.515 0.2474 0.5512
3 16 62.0389 -5.3642 17.8461 61.628 -24.0275 -0.2544 64.5723 -5.3687 15.583 0.0672 0.555 0.2474 0.5512 0.0783 0.5759
3 16 64.5723 -5.3687 15.583 61.628 -24.0275 -0.2544 66.0099 -24.0271 -3.7951 0.0783 0.5759 0.2474 0.5512 0.2647 0.5862
3 16 53.5844 -5.3695 23.5246 57.3808 -5.3646 21.2833 53.6436 -5.3606 19.8899 0.9469 0.8955 0.95 0.865 0.9696 0.8845
3 16 53.6436 -5.3606 19.8899 57.3808 -5.3646 21.2833 53.9532 -5.3623 18.0028 0.9696 0.8845 0.95 0.865 0.9806 0.8771
3 16 64.5723 -5.3687 15.583 63.3736 -5.3623 14.6187 62.0389 -5.3642 17.8461 0.9649 0.803 0.9744 0.8077 0.9581 0.8256
3 16 63.3736 -5.3623 14.6187 61.6186 -5.3623 13.8552 62.0389 -5.3642 17.8461 0.9744 0.8077 0.9844 0.8165 0.9581 0.8256
3 16 61.6186 -5.3623 13.8552 59.7165 -5.3623 13.6485 62.0389 -5.3642 17.8461 0.9844 0.8165 0.9912 0.8279 0.9581 0.8256
3 16 59.7165 -5.3623 13.6485 57.8391 -5.3623 14.0171 62.0389 -5.3642 17.8461 0.9912 0.8279 0.9944 0.8409 0.9581 0.8256
3 16 62.0389 -5.3642 17.8461 57.8391 -5.3623 14.0171 57.3808 -5.3646 21.2833 0.9581 0.8256 0.9944 0.8409 0.95 0.865
3 16 57.8391 -5.3623 14.0171 56.1563 -5.3623 14.9276 57.3808 -5.3646 21.2833 0.9944 0.8409 0.9936 0.8542 0.95 0.865
3 16 56.1563 -5.3623 14.9276 54.8207 -5.3623 16.2976 57.3808 -5.3646 21.2833 0.9936 0.8542 0.9888 0.8666 0.95 0.865
3 16 54.8207 -5.3623 16.2976 53.9532 -5.3623 18.0028 57.3808 -5.3646 21.2833 0.9888 0.8666 0.9806 0.8771 0.95 0.865
3 16 59.6119 -8.0085 -10.0165 65.9867 -8.0094 -10.0144 58.7711 -8.0127 -6.3128 0.8443 0.4634 0.8443 0.5077 0.8186 0.4576
3 16 58.7711 -8.0127 -6.3128 65.9867 -8.0094 -10.0144 65.9834 -8.0112 7.029 0.8186 0.4576 0.8443 0.5077 0.726 0.5077
3 16 60.8706 -24.0233 -4.1973 61.0431 -22.7379 -4.437 65.9816 -24.0171 -8.1837 0.3759 0.0546 0.3671 0.0528 0.3746 0.0095
3 16 65.9816 -24.0171 -8.1837 61.0431 -22.7379 -4.437 65.9817 -22.7427 -8.1566 0.3746 0.0095 0.3671 0.0528 0.3659 0.0099
3 16 40.4045 -24.0228 5.0852 40.4495 -22.7375 5.0514 45.6506 -24.0228 3.7337 0.3772 0.2119 0.3685 0.2115 0.3772 0.1742
3 16 45.6506 -24.0228 3.7337 40.4495 -22.7375 5.0514 45.6728 -22.7374 3.7123 0.3772 0.1742 0.3685 0.2115 0.3686 0.1741
3 16 35.1258 -24.0227 5.8244 35.1258 -22.7373 5.8243 40.4045 -24.0228 5.0852 0.3772 0.2489 0.3685 0.2489 0.3772 0.2119
3 16 40.4045 -24.0228 5.0852 35.1258 -22.7373 5.8243 40.4495 -22.7375 5.0514 0.3772 0.2119 0.3685 0.2489 0.3685 0.2115
3 16 50.7027 -24.0227 1.7737 50.7027 -22.7373 1.7737 55.8476 -24.0227 -0.8927 0.3771 0.1366 0.3684 0.1366 0.3767 0.0963
3 16 55.8476 -24.0227 -0.8927 50.7027 -22.7373 1.7737 55.9343 -22.7374 -0.951 0.3767 0.0963 0.3684 0.1366 0.368 0.0957
3 16 30 -24.0227 6.1915 30 -22.7373 6.1915 35.1258 -24.0227 5.8244 0.3772 0.2845 0.3685 0.2845 0.3772 0.2489
3 16 35.1258 -24.0227 5.8244 30 -22.7373 6.1915 35.1258 -22.7373 5.8243 0.3772 0.2489 0.3685 0.2845 0.3685 0.2489
3 16 55.8476 -24.0227 -0.8927 55.9343 -22.7374 -0.951 60.8706 -24.0233 -4.1973 0.3767 0.0963 0.368 0.0957 0.3759 0.0546
3 16 60.8706 -24.0233 -4.1973 55.9343 -22.7374 -0.951 61.0431 -22.7379 -4.437 0.3759 0.0546 0.368 0.0957 0.3671 0.0528
3 16 35.1661 -22.7318 7.2449 40.4545 -22.7319 6.4002 35.1258 -22.7373 5.8243 0.3543 0.3201 0.354 0.3568 0.3446 0.3208
3 16 35.1258 -22.7373 5.8243 40.4545 -22.7319 6.4002 40.4495 -22.7375 5.0514 0.3446 0.3208 0.354 0.3568 0.3448 0.3586
3 16 51.0496 -22.7321 2.9627 56.4658 -22.7323 0.2296 50.7027 -22.7373 1.7737 0.3526 0.4333 0.3532 0.4748 0.3442 0.4344
3 16 50.7027 -22.7373 1.7737 56.4658 -22.7323 0.2296 55.9343 -22.7374 -0.951 0.3442 0.4344 0.3532 0.4748 0.3444 0.4759
3 16 30 -22.7318 7.502 35.1661 -22.7318 7.2449 30 -22.7373 6.1915 0.3542 0.2847 0.3543 0.3201 0.3452 0.2847
3 16 30 -22.7373 6.1915 35.1661 -22.7318 7.2449 35.1258 -22.7373 5.8243 0.3452 0.2847 0.3543 0.3201 0.3446 0.3208
3 16 40.4545 -22.7319 6.4002 45.8444 -22.732 4.9668 40.4495 -22.7375 5.0514 0.354 0.3568 0.3533 0.3951 0.3448 0.3586
3 16 40.4495 -22.7375 5.0514 45.8444 -22.732 4.9668 45.6728 -22.7374 3.7123 0.3448 0.3586 0.3533 0.3951 0.3447 0.3965
3 16 61.5742 -22.7326 -3.2505 65.9845 -22.7376 -6.9938 61.0431 -22.7379 -4.437 0.3543 0.5172 0.3541 0.5572 0.3456 0.5193
3 16 61.0431 -22.7379 -4.437 65.9845 -22.7376 -6.9938 65.9817 -22.7427 -8.1566 0.3456 0.5193 0.3541 0.5572 0.348 0.5624
3 16 56.4658 -22.7323 0.2296 61.5742 -22.7326 -3.2505 55.9343 -22.7374 -0.951 0.3532 0.4748 0.3543 0.5172 0.3444 0.4759
3 16 55.9343 -22.7374 -0.951 61.5742 -22.7326 -3.2505 61.0431 -22.7379 -4.437 0.3444 0.4759 0.3543 0.5172 0.3456 0.5193
3 16 55.8476 -24.0227 -0.8927 56.8472 -24.0277 2.6898 50.7027 -24.0227 1.7737 0.3056 0.1302 0.3302 0.1371 0.3047 0.1719
3 16 50.7027 -24.0227 1.7737 56.8472 -24.0277 2.6898 51.8801 -24.0279 5.3634 0.3047 0.1719 0.3302 0.1371 0.3306 0.1748
3 16 50.7027 -24.0227 1.7737 51.8801 -24.0279 5.3634 45.6506 -24.0228 3.7337 0.3047 0.1719 0.3306 0.1748 0.3044 0.2108
3 16 45.6506 -24.0228 3.7337 51.8801 -24.0279 5.3634 46.6363 -24.028 7.4208 0.3044 0.2108 0.3306 0.1748 0.3307 0.2123
3 16 30 -8.0043 22.8336 35.1648 -8.0044 22.5766 30 -22.7318 7.502 0.3872 0.2729 0.3885 0.2371 0.535 0.2728
3 16 30 -22.7318 7.502 35.1648 -8.0044 22.5766 35.1661 -22.7318 7.2449 0.535 0.2728 0.3885 0.2371 0.5363 0.2369
3 16 51.044 -8.005 18.0754 56.4593 -8.0054 15.0257 51.0496 -22.7321 2.9627 0.4109 0.1244 0.426 0.084 0.5576 0.1245
3 16 51.0496 -22.7321 2.9627 56.4593 -8.0054 15.0257 56.4658 -22.7323 0.2296 0.5576 0.1245 0.426 0.084 0.5711 0.0846
3 16 40.4639 -8.0045 21.763 45.8688 -8.0047 20.2515 40.4545 -22.7319 6.4002 0.3925 0.2001 0.4 0.1618 0.5405 0.2
3 16 40.4545 -22.7319 6.4002 45.8688 -8.0047 20.2515 45.8444 -22.732 4.9668 0.5405 0.2 0.4 0.1618 0.5476 0.1619
3 16 61.567 -8.006 11.218 65.9834 -8.0112 7.029 61.5742 -22.7326 -3.2505 0.4449 0.044 0.4657 0.0071 0.5884 0.0453
3 16 61.5742 -22.7326 -3.2505 65.9834 -8.0112 7.029 65.9845 -22.7376 -6.9938 0.5884 0.0453 0.4657 0.0071 0.6069 0.0096
3 16 35.1648 -8.0044 22.5766 40.4639 -8.0045 21.763 35.1661 -22.7318 7.2449 0.3885 0.2371 0.3925 0.2001 0.5363 0.2369
3 16 35.1661 -22.7318 7.2449 40.4639 -8.0045 21.763 40.4545 -22.7319 6.4002 0.5363 0.2369 0.3925 0.2001 0.5405 0.2
3 16 45.8688 -8.0047 20.2515 51.044 -8.005 18.0754 45.8444 -22.732 4.9668 0.4 0.1618 0.4109 0.1244 0.5476 0.1619
3 16 45.8444 -22.732 4.9668 51.044 -8.005 18.0754 51.0496 -22.7321 2.9627 0.5476 0.1619 0.4109 0.1244 0.5576 0.1245
3 16 56.4593 -8.0054 15.0257 61.567 -8.006 11.218 56.4658 -22.7323 0.2296 0.426 0.084 0.4449 0.044 0.5711 0.0846
3 16 56.4658 -22.7323 0.2296 61.567 -8.006 11.218 61.5742 -22.7326 -3.2505 0.5711 0.0846 0.4449 0.044 0.5884 0.0453
3 16 65.9867 -8.0094 -10.0144 65.9899 -22.3801 -10.0224 65.9817 -22.7427 -8.1566 0.6221 0.8531 0.7219 0.8531 0.7245 0.8659
3 16 65.9899 -22.3801 -10.0224 65.9835 -22.8876 -9.9373 65.9817 -22.7427 -8.1566 0.7219 0.8531 0.7254 0.8536 0.7245 0.8659
3 16 65.9835 -22.8876 -9.9373 65.9835 -23.3456 -9.704 65.9817 -22.7427 -8.1566 0.7254 0.8536 0.7286 0.8552 0.7245 0.8659
3 16 65.9835 -23.3456 -9.704 65.9835 -23.709 -9.3406 65.9817 -22.7427 -8.1566 0.7286 0.8552 0.7311 0.8577 0.7245 0.8659
3 16 65.9835 -23.709 -9.3406 65.9834 -23.9425 -8.8818 65.9817 -22.7427 -8.1566 0.7311 0.8577 0.7327 0.8609 0.7245 0.8659
3 16 65.9817 -22.7427 -8.1566 65.9834 -23.9425 -8.8818 65.9816 -24.0171 -8.1837 0.7245 0.8659 0.7327 0.8609 0.7332 0.8657
3 16 40.7207 -5.2 28.4884 41.1808 -24.0281 8.848 47.2376 -5.2587 26.4291 0.0139 0.398 0.2027 0.4015 0.0243 0.4442
3 16 47.2376 -5.2587 26.4291 41.1808 -24.0281 8.848 46.6363 -24.028 7.4208 0.0243 0.4442 0.2027 0.4015 0.2097 0.4401
3 16 30 0.0127 13.7677 46.8492 0.0094 13.7644 30 0.0127 9.9823 0.9608 0.1733 0.9617 0.056 0.9869 0.1733
3 16 30 0.0127 9.9823 46.8492 0.0094 13.7644 49.9784 0.0154 9.9898 0.9869 0.1733 0.9617 0.056 0.9879 0.0345
3 16 46.8463 0.0081 25.2597 49.9985 0.012 22.9118 46.8492 0.0094 13.7644 0.882 0.0556 0.8981 0.0339 0.9617 0.056
3 16 46.8492 0.0094 13.7644 49.9985 0.012 22.9118 49.9988 0.0154 12.9602 0.9617 0.056 0.8981 0.0339 0.9674 0.0344
3 16 54.8168 0.0127 16.2924 53.2483 0.0127 15.4065 53.9532 0.0127 18.0028 0.8602 0.7035 0.8725 0.7041 0.859 0.7168
3 16 53.9532 0.0127 18.0028 53.2483 0.0127 15.4065 52.2445 0.0127 17.4838 0.859 0.7168 0.8725 0.7041 0.8707 0.72
3 16 63.373 0.0127 14.6184 64.006 0.0071 11.8551 61.619 0.0127 13.8497 0.8161 0.6613 0.8229 0.6432 0.8292 0.6637
3 16 61.619 0.0127 13.8497 64.006 0.0071 11.8551 61.1224 0.0127 11.8244 0.8292 0.6637 0.8229 0.6432 0.8397 0.654
3 16 57.8374 0.0127 14.01 56.7627 0.0127 12.5538 56.1523 0.0127 14.9203 0.8508 0.6789 0.8623 0.6745 0.8574 0.6905
3 16 56.1523 0.0127 14.9203 56.7627 0.0127 12.5538 54.8142 0.0127 13.7104 0.8574 0.6905 0.8623 0.6745 0.8695 0.6884
3 16 52.2445 0.0127 17.4838 51.841 0.0174 19.7701 53.9532 0.0127 18.0028 0.8707 0.72 0.8647 0.7349 0.859 0.7168
3 16 53.9532 0.0127 18.0028 51.841 0.0174 19.7701 53.6371 0.0174 19.8895 0.859 0.7168 0.8647 0.7349 0.8538 0.729
3 16 61.619 0.0127 13.8497 61.1224 0.0127 11.8244 59.7164 0.0127 13.6423 0.8292 0.6637 0.8397 0.654 0.8412 0.6697
3 16 59.7164 0.0127 13.6423 61.1224 0.0127 11.8244 58.883 0.0127 11.9793 0.8412 0.6697 0.8397 0.654 0.8521 0.6633
3 16 56.1523 0.0127 14.9203 54.8142 0.0127 13.7104 54.8168 0.0127 16.2924 0.8574 0.6905 0.8695 0.6884 0.8602 0.7035
3 16 54.8168 0.0127 16.2924 54.8142 0.0127 13.7104 53.2483 0.0127 15.4065 0.8602 0.7035 0.8695 0.6884 0.8725 0.7041
3 16 64.8358 0.0094 15.878 64.006 0.0071 11.8551 63.373 0.0127 14.6184 0.8028 0.6629 0.8229 0.6432 0.8161 0.6613
3 16 59.7164 0.0127 13.6423 58.883 0.0127 11.9793 57.8374 0.0127 14.01 0.8412 0.6697 0.8521 0.6633 0.8508 0.6789
3 16 57.8374 0.0127 14.01 58.883 0.0127 11.9793 56.7627 0.0127 12.5538 0.8508 0.6789 0.8521 0.6633 0.8623 0.6745
3 16 70.0093 0.0068 10.0078 65.7521 0.0141 9.7943 64.8358 0.0094 15.878 0.7962 0.6092 0.8211 0.6244 0.8028 0.6629
3 16 64.8358 0.0094 15.878 65.7521 0.0141 9.7943 64.006 0.0071 11.8551 0.8028 0.6629 0.8211 0.6244 0.8229 0.6432
3 16 51.841 0.0174 19.7701 51.8455 0.0078 22.0414 53.6371 0.0174 19.8895 0.92 0.021 0.9041 0.0209 0.9191 0.0087
3 16 53.6371 0.0174 19.8895 51.8455 0.0078 22.0414 53.5588 0.0078 24.1174 0.9191 0.0087 0.9041 0.0209 0.8899 0.0093
3 16 51.8455 0.0078 22.0414 49.9985 0.012 22.9118 53.5588 0.0078 24.1174 0.9041 0.0209 0.8981 0.0339 0.8899 0.0093
3 16 53.5588 0.0078 24.1174 49.9985 0.012 22.9118 47.4093 0.0127 26.7382 0.8899 0.0093 0.8981 0.0339 0.8718 0.0521
3 16 46.8463 0.0081 25.2597 43.9985 0.0127 26.2324 47.4093 0.0127 26.7382 0.882 0.0556 0.8763 0.0757 0.8718 0.0521
3 16 47.4093 0.0127 26.7382 43.9985 0.0127 26.2324 40.7924 0.0128 28.8002 0.8718 0.0521 0.8763 0.0757 0.8599 0.0987
3 16 33.4886 0.0127 26.2323 30 0.0127 26.2323 33.4567 0.0069 28.9988 0.8798 0.1488 0.8802 0.1732 0.8609 0.1494
3 16 33.4567 0.0069 28.9988 30 0.0127 26.2323 30 0.0127 29.0176 0.8609 0.1494 0.8802 0.1732 0.8611 0.1732
3 16 34.2735 0.0072 29.8124 33.4886 0.0127 26.2323 33.4567 0.0069 28.9988 0.855 0.144 0.8798 0.1488 0.8609 0.1494
3 16 43.9985 0.0127 26.2324 33.4886 0.0127 26.2323 40.7924 0.0128 28.8002 0.8763 0.0757 0.8798 0.1488 0.8599 0.0987
3 16 40.7924 0.0128 28.8002 33.4886 0.0127 26.2323 34.2735 0.0072 29.8124 0.8599 0.0987 0.8798 0.1488 0.855 0.144
3 16 49.9988 0.0154 12.9602 51.7699 0.0127 12.9676 49.9784 0.0154 9.9898 0.8961 0.7063 0.8862 0.699 0.9083 0.6899
3 16 49.9988 0.0154 12.9602 49.9784 0.0154 9.9898 46.8492 0.0094 13.7644 0.9674 0.0344 0.9879 0.0345 0.9617 0.056
3 16 57.7614 -5.2374 -4.3533 58.7611 -5.2392 -6.2956 57.7728 -8.0127 -4.3533 0.0971 0.8491 0.0926 0.8345 0.1153 0.8434
3 16 57.7728 -8.0127 -4.3533 58.7611 -5.2392 -6.2956 58.7711 -8.0127 -6.3128 0.1153 0.8434 0.0926 0.8345 0.1107 0.8288
3 16 49.9784 0.0154 9.9898 53.753 0.0094 6.2355 49.9774 0.0173 1.1678 0.9083 0.6899 0.9029 0.6535 0.9449 0.641
3 16 49.9774 0.0173 1.1678 53.753 0.0094 6.2355 53.7052 0.0174 0.4228 0.9449 0.641 0.9029 0.6535 0.9274 0.6214
3 16 53.1656 0.0094 9.8019 53.753 0.0094 6.2355 49.9784 0.0154 9.9898 0.8916 0.6757 0.9029 0.6535 0.9083 0.6899
3 16 53.7097 -1.5475 -1.2382 53.7059 -5.2392 -1.234 49.9691 -1.5477 -0.3906 0.083 0.8909 0.1075 0.8836 0.0904 0.9161
3 16 49.9691 -1.5477 -0.3906 53.7059 -5.2392 -1.234 49.9836 -8.0085 -0.3881 0.0904 0.9161 0.1075 0.8836 0.1333 0.9033
3 16 65.7521 0.0141 9.7943 70.0093 0.0068 10.0078 66.2242 0.0094 6.2356 0.8211 0.6244 0.7962 0.6092 0.8324 0.6022
3 16 66.2242 0.0094 6.2356 70.0093 0.0068 10.0078 70 0.02 6.25 0.8324 0.6022 0.7962 0.6092 0.8106 0.5875
3 16 53.1656 0.0094 9.8019 65.7521 0.0141 9.7943 53.753 0.0094 6.2355 0.8916 0.6757 0.8211 0.6244 0.9029 0.6535
3 16 53.753 0.0094 6.2355 65.7521 0.0141 9.7943 66.2242 0.0094 6.2356 0.9029 0.6535 0.8211 0.6244 0.8324 0.6022
3 16 49.9774 0.0173 1.1678 53.7052 0.0174 0.4228 49.9704 -0.0642 0.7498 0.0754 0.923 0.0674 0.8982 0.078 0.9217
3 16 49.9704 -0.0642 0.7498 53.7052 0.0174 0.4228 53.7112 -0.0631 -0.0899 0.078 0.9217 0.0674 0.8982 0.0705 0.8964
3 16 49.9704 -0.0642 0.7498 53.7112 -0.0631 -0.0899 49.9698 -0.286 0.2898 0.078 0.9217 0.0705 0.8964 0.0811 0.9201
3 16 49.9698 -0.286 0.2898 53.7112 -0.0631 -0.0899 53.7106 -0.2843 -0.5527 0.0811 0.9201 0.0705 0.8964 0.0736 0.8947
3 16 49.9698 -0.286 0.2898 53.7106 -0.2843 -0.5527 49.9808 -0.6311 -0.0753 0.0811 0.9201 0.0736 0.8947 0.0841 0.9185
3 16 49.9808 -0.6311 -0.0753 53.7106 -0.2843 -0.5527 53.7101 -0.6295 -0.9204 0.0841 0.9185 0.0736 0.8947 0.0766 0.8932
3 16 49.9808 -0.6311 -0.0753 53.7101 -0.6295 -0.9204 49.9692 -1.0657 -0.3097 0.0841 0.9185 0.0766 0.8932 0.0873 0.9172
3 16 49.9692 -1.0657 -0.3097 53.7101 -0.6295 -0.9204 53.7098 -1.0649 -1.1567 0.0873 0.9172 0.0766 0.8932 0.0798 0.8919
3 16 53.7097 -1.5475 -1.2382 49.9691 -1.5477 -0.3906 53.7098 -1.0649 -1.1567 0.083 0.8909 0.0904 0.9161 0.0798 0.8919
3 16 53.7098 -1.0649 -1.1567 49.9691 -1.5477 -0.3906 49.9692 -1.0657 -0.3097 0.0798 0.8919 0.0904 0.9161 0.0873 0.9172
3 16 66.2242 0.0094 6.2356 70 0.02 6.25 66.2241 0.0094 -6.2356 0.8324 0.6022 0.8106 0.5875 0.8799 0.5294
3 16 66.2241 0.0094 -6.2356 70 0.02 6.25 70.0144 0.0094 -10.0144 0.8799 0.5294 0.8106 0.5875 0.8723 0.4934
3 16 66.0125 0.0127 -10.0177 61.3545 0.0173 -10.0112 66.2241 0.0094 -6.2356 0.8953 0.5084 0.9225 0.5259 0.8799 0.5294
3 16 66.2241 0.0094 -6.2356 61.3545 0.0173 -10.0112 60.5048 0.0174 -6.2807 0.8799 0.5294 0.9225 0.5259 0.9135 0.5507
3 16 70.0144 0.0094 -10.0144 66.0125 0.0127 -10.0177 66.2241 0.0094 -6.2356 0.8723 0.4934 0.8953 0.5084 0.8799 0.5294
3 16 61.3545 0.0173 -10.0112 60.8156 -0.0684 -10.0182 60.5048 0.0174 -6.2807 0.0428 0.8207 0.0464 0.8203 0.0511 0.8456
3 16 60.5048 0.0174 -6.2807 60.8156 -0.0684 -10.0182 59.9652 -0.0675 -6.2796 0.0511 0.8456 0.0464 0.8203 0.0548 0.8453
3 16 60.8156 -0.0684 -10.0182 60.3289 -0.3029 -10.0188 59.9652 -0.0675 -6.2796 0.0464 0.8203 0.0501 0.8198 0.0548 0.8453
3 16 59.9652 -0.0675 -6.2796 60.3289 -0.3029 -10.0188 59.4781 -0.3014 -6.2845 0.0548 0.8453 0.0501 0.8198 0.0585 0.8448
3 16 60.3289 -0.3029 -10.0188 59.9428 -0.6678 -10.0192 59.4781 -0.3014 -6.2845 0.0501 0.8198 0.0537 0.8192 0.0585 0.8448
3 16 59.4781 -0.3014 -6.2845 59.9428 -0.6678 -10.0192 59.0912 -0.6663 -6.2884 0.0585 0.8448 0.0537 0.8192 0.062 0.8443
3 16 59.9428 -0.6678 -10.0192 59.6949 -1.1275 -10.0195 59.0912 -0.6663 -6.2884 0.0537 0.8192 0.0572 0.8185 0.062 0.8443
3 16 59.0912 -0.6663 -6.2884 59.6949 -1.1275 -10.0195 58.8426 -1.1265 -6.2909 0.062 0.8443 0.0572 0.8185 0.0655 0.8435
3 16 58.7569 -1.6367 -6.2918 58.8426 -1.1265 -6.2909 59.6094 -1.6368 -10.0196 0.0689 0.8424 0.0655 0.8435 0.0608 0.8175
3 16 59.6094 -1.6368 -10.0196 58.8426 -1.1265 -6.2909 59.6949 -1.1275 -10.0195 0.0608 0.8175 0.0655 0.8435 0.0572 0.8185
3 16 58.7611 -5.2392 -6.2956 66.2283 -5.2448 -6.2296 58.7569 -1.6367 -6.2918 0.7114 0.9274 0.7114 0.9792 0.6862 0.9274
3 16 66.2241 0.0094 -6.2356 60.5048 0.0174 -6.2807 66.2283 -5.2448 -6.2296 0.6749 0.9792 0.6749 0.9394 0.7114 0.9792
3 16 58.7569 -1.6367 -6.2918 66.2283 -5.2448 -6.2296 58.8426 -1.1265 -6.2909 0.6862 0.9274 0.7114 0.9792 0.6827 0.9279
3 16 58.8426 -1.1265 -6.2909 66.2283 -5.2448 -6.2296 59.0912 -0.6663 -6.2884 0.6827 0.9279 0.7114 0.9792 0.6796 0.9296
3 16 59.0912 -0.6663 -6.2884 66.2283 -5.2448 -6.2296 59.4781 -0.3014 -6.2845 0.6796 0.9296 0.7114 0.9792 0.6771 0.9323
3 16 59.4781 -0.3014 -6.2845 66.2283 -5.2448 -6.2296 59.9652 -0.0675 -6.2796 0.6771 0.9323 0.7114 0.9792 0.6755 0.9356
3 16 66.2283 -5.2448 -6.2296 60.5048 0.0174 -6.2807 59.9652 -0.0675 -6.2796 0.7114 0.9792 0.6749 0.9394 0.6755 0.9356
3 16 53.753 0.0094 6.2355 53.753 -5.2406 6.2355 53.7052 0.0174 0.4228 0.4851 0.9293 0.5215 0.9293 0.4851 0.9698
3 16 53.7052 0.0174 0.4228 53.753 -5.2406 6.2355 53.7232 -5.2373 0.4231 0.4851 0.9698 0.5215 0.9293 0.5215 0.9698
3 16 66.2242 0.0094 6.2356 66.2242 -5.2406 6.2356 53.753 0.0094 6.2355 0.0056 0.8654 0.042 0.8654 0.0056 0.9522
3 16 53.753 0.0094 6.2355 66.2242 -5.2406 6.2356 53.753 -5.2406 6.2355 0.0056 0.9522 0.042 0.8654 0.042 0.9522
3 16 66.2241 0.0094 -6.2356 66.2283 -5.2448 -6.2296 66.2242 0.0094 6.2356 0.8002 0.8733 0.8366 0.8733 0.8002 0.9601
3 16 66.2242 0.0094 6.2356 66.2283 -5.2448 -6.2296 66.2242 -5.2406 6.2356 0.8002 0.9601 0.8366 0.8733 0.8366 0.9601
3 16 64.006 0.0071 11.8551 64.006 -3.7429 11.8551 61.1224 0.0127 11.8244 0.0056 0.0132 0.0316 0.0132 0.0056 0.0333
3 16 61.1224 0.0127 11.8244 64.006 -3.7429 11.8551 61.1224 -3.7373 11.8244 0.0056 0.0333 0.0316 0.0132 0.0316 0.0333
3 16 61.1224 0.0127 11.8244 61.1224 -3.7373 11.8244 58.883 0.0127 11.9793 0.0056 0.0333 0.0316 0.0333 0.0056 0.0488
3 16 58.883 0.0127 11.9793 61.1224 -3.7373 11.8244 58.883 -3.7373 11.9793 0.0056 0.0488 0.0316 0.0333 0.0316 0.0488
3 16 58.883 0.0127 11.9793 58.883 -3.7373 11.9793 56.7627 0.0127 12.5538 0.0056 0.0488 0.0316 0.0488 0.0056 0.064
3 16 56.7627 0.0127 12.5538 58.883 -3.7373 11.9793 56.7627 -3.7373 12.5538 0.0056 0.064 0.0316 0.0488 0.0316 0.064
3 16 65.7521 0.0141 9.7943 65.7521 -3.7359 9.7943 64.006 0.0071 11.8551 0.868 0.8846 0.868 0.9107 0.8491 0.8846
3 16 64.006 0.0071 11.8551 65.7521 -3.7359 9.7943 64.006 -3.7429 11.8551 0.8491 0.8846 0.868 0.9107 0.8491 0.9107
3 16 56.7627 0.0127 12.5538 56.7627 -3.7373 12.5538 54.8142 0.0127 13.7104 0.0056 0.064 0.0316 0.064 0.0056 0.0797
3 16 54.8142 0.0127 13.7104 56.7627 -3.7373 12.5538 54.8142 -3.7373 13.7104 0.0056 0.0797 0.0316 0.064 0.0316 0.0797
3 16 54.8142 0.0127 13.7104 54.8142 -3.7373 13.7104 53.2483 0.0127 15.4065 0.0056 0.0797 0.0316 0.0797 0.0056 0.0957
3 16 53.2483 0.0127 15.4065 54.8142 -3.7373 13.7104 53.2483 -3.7373 15.4065 0.0056 0.0957 0.0316 0.0797 0.0316 0.0957
3 16 49.9988 0.0154 12.9602 50.0031 -3.7406 12.9644 51.7699 0.0127 12.9676 0.7591 0.9042 0.7851 0.9042 0.7591 0.9166
3 16 51.7699 0.0127 12.9676 50.0031 -3.7406 12.9644 51.7699 -3.7373 12.9676 0.7591 0.9166 0.7851 0.9042 0.7851 0.9166
3 16 53.1656 0.0094 9.8019 53.1656 -3.7406 9.8019 65.7521 0.0141 9.7943 0.6182 0.0122 0.6442 0.0122 0.6182 0.0997
3 16 65.7521 0.0141 9.7943 53.1656 -3.7406 9.8019 65.7521 -3.7359 9.7943 0.6182 0.0997 0.6442 0.0122 0.6442 0.0997
3 16 53.2483 0.0127 15.4065 53.2483 -3.7373 15.4065 52.2445 0.0127 17.4838 0.0056 0.0957 0.0316 0.0957 0.0056 0.1117
3 16 52.2445 0.0127 17.4838 53.2483 -3.7373 15.4065 52.2445 -3.7373 17.4838 0.0056 0.1117 0.0316 0.0957 0.0316 0.1117
3 16 51.841 0.0174 19.7701 51.8345 -3.7373 19.7695 51.8455 0.0078 22.0414 0.0056 0.1278 0.0316 0.1278 0.0056 0.1436
3 16 51.8455 0.0078 22.0414 51.8345 -3.7373 19.7695 51.8455 -3.7422 22.0414 0.0056 0.1436 0.0316 0.1278 0.0316 0.1436
3 16 49.9985 0.012 22.9118 49.9985 -3.738 22.9118 49.9988 0.0154 12.9602 0.3872 0.0199 0.4133 0.0199 0.3872 0.089
3 16 49.9988 0.0154 12.9602 49.9985 -3.738 22.9118 50.0031 -3.7406 12.9644 0.3872 0.089 0.4133 0.0199 0.4133 0.089
3 16 52.2445 0.0127 17.4838 52.2445 -3.7373 17.4838 51.841 0.0174 19.7701 0.0056 0.1117 0.0316 0.1117 0.0056 0.1278
3 16 51.841 0.0174 19.7701 52.2445 -3.7373 17.4838 51.8345 -3.7373 19.7695 0.0056 0.1278 0.0316 0.1117 0.0316 0.1278
3 16 51.8455 0.0078 22.0414 51.8455 -3.7422 22.0414 49.9985 0.012 22.9118 0.6051 0.9151 0.6051 0.9411 0.5908 0.9151
3 16 49.9985 0.012 22.9118 51.8455 -3.7422 22.0414 49.9985 -3.738 22.9118 0.5908 0.9151 0.6051 0.9411 0.5908 0.9411
3 16 53.1687 0.0127 11.5667 53.1687 -3.7373 11.5667 53.1656 0.0094 9.8019 0.7591 0.933 0.7851 0.933 0.7591 0.9453
3 16 53.1656 0.0094 9.8019 53.1687 -3.7373 11.5667 53.1656 -3.7406 9.8019 0.7591 0.9453 0.7851 0.933 0.7851 0.9453
3 16 46.8492 -5.2406 13.7644 30 -5.2373 13.7677 46.8463 -5.2419 25.2597 0.4322 0.7814 0.4322 0.6643 0.5122 0.7814
3 16 46.8463 -5.2419 25.2597 30 -5.2373 13.7677 43.9986 -5.2373 26.2324 0.5122 0.7814 0.4322 0.6643 0.519 0.7615
3 16 30 -5.2373 13.7677 30 -5.2438 26.2276 43.9986 -5.2373 26.2324 0.4322 0.6643 0.519 0.6643 0.519 0.7615
3 16 46.8463 0.0081 25.2597 46.8463 -5.2419 25.2597 43.9985 0.0127 26.2324 0.3853 0.4816 0.4217 0.4816 0.3853 0.5027
3 16 43.9985 0.0127 26.2324 46.8463 -5.2419 25.2597 43.9986 -5.2373 26.2324 0.3853 0.5027 0.4217 0.4816 0.4217 0.5027
3 16 43.9985 0.0127 26.2324 43.9986 -5.2373 26.2324 33.4886 0.0127 26.2323 0.3853 0.5027 0.4217 0.5027 0.3853 0.5756
3 16 33.4886 0.0127 26.2323 43.9986 -5.2373 26.2324 30 -5.2438 26.2276 0.3853 0.5756 0.4217 0.5027 0.4217 0.5998
3 16 30 0.0127 13.7677 30 -5.2373 13.7677 46.8492 0.0094 13.7644 0.7415 0.6362 0.778 0.6365 0.7436 0.7542
3 16 46.8492 0.0094 13.7644 30 -5.2373 13.7677 46.8492 -5.2406 13.7644 0.7436 0.7542 0.778 0.6365 0.7799 0.7528
3 16 46.8492 0.0094 13.7644 46.8492 -5.2406 13.7644 46.8463 0.0081 25.2597 0.4205 0.8805 0.4569 0.8805 0.4205 0.9605
3 16 46.8463 0.0081 25.2597 46.8492 -5.2406 13.7644 46.8463 -5.2419 25.2597 0.4205 0.9605 0.4569 0.8805 0.4569 0.9605
3 16 65.7521 -3.7359 9.7943 53.1656 -3.7406 9.8019 64.006 -3.7429 11.8551 0.1541 0.9263 0.1406 0.8398 0.1665 0.9121
3 16 64.006 -3.7429 11.8551 53.1656 -3.7406 9.8019 61.1224 -3.7373 11.8244 0.1665 0.9121 0.1406 0.8398 0.1632 0.8922
3 16 61.1224 -3.7373 11.8244 53.1656 -3.7406 9.8019 58.883 -3.7373 11.9793 0.1632 0.8922 0.1406 0.8398 0.1619 0.8767
3 16 58.883 -3.7373 11.9793 53.1656 -3.7406 9.8019 56.7627 -3.7373 12.5538 0.1619 0.8767 0.1406 0.8398 0.1636 0.8616
3 16 56.7627 -3.7373 12.5538 53.1656 -3.7406 9.8019 53.1687 -3.7373 11.5667 0.1636 0.8616 0.1406 0.8398 0.1528 0.8379
3 16 49.9985 -3.738 22.9118 51.8455 -3.7422 22.0414 50.0031 -3.7406 12.9644 0.2274 0.804 0.2234 0.8178 0.1589 0.8147
3 16 51.8455 -3.7422 22.0414 51.8345 -3.7373 19.7695 50.0031 -3.7406 12.9644 0.2234 0.8178 0.2077 0.8202 0.1589 0.8147
3 16 51.8345 -3.7373 19.7695 52.2445 -3.7373 17.4838 50.0031 -3.7406 12.9644 0.2077 0.8202 0.1925 0.8254 0.1589 0.8147
3 16 52.2445 -3.7373 17.4838 53.2483 -3.7373 15.4065 50.0031 -3.7406 12.9644 0.1925 0.8254 0.1794 0.8345 0.1589 0.8147
3 16 50.0031 -3.7406 12.9644 53.2483 -3.7373 15.4065 51.7699 -3.7373 12.9676 0.1589 0.8147 0.1794 0.8345 0.1608 0.8269
3 16 51.7699 -3.7373 12.9676 53.2483 -3.7373 15.4065 52.9243 -3.7373 12.7481 0.1608 0.8269 0.1794 0.8345 0.1606 0.835
3 16 52.9243 -3.7373 12.7481 53.2483 -3.7373 15.4065 54.8142 -3.7373 13.7104 0.1606 0.835 0.1794 0.8345 0.1694 0.847
3 16 33.4886 0.0127 26.2323 30 -5.2438 26.2276 30 0.0127 26.2323 0.3853 0.5756 0.4217 0.5998 0.3853 0.5998
3 16 58.7711 -8.0127 -6.3128 65.9834 -8.0112 7.029 57.7728 -8.0127 -4.3533 0.8186 0.4576 0.726 0.5077 0.805 0.4507
3 16 61.567 -8.006 11.218 55.6467 -8.0127 -2.2272 65.9834 -8.0112 7.029 0.6969 0.477 0.7902 0.4359 0.726 0.5077
3 16 65.9834 -8.0112 7.029 55.6467 -8.0127 -2.2272 57.7728 -8.0127 -4.3533 0.726 0.5077 0.7902 0.4359 0.805 0.4507
3 16 30 -8.0043 22.8336 30 -8.0127 9.9823 35.1648 -8.0044 22.5766 0.6162 0.2578 0.7054 0.2578 0.618 0.2936
3 16 35.1648 -8.0044 22.5766 30 -8.0127 9.9823 40.4639 -8.0045 21.763 0.618 0.2936 0.7054 0.2578 0.6236 0.3304
3 16 40.4639 -8.0045 21.763 30 -8.0127 9.9823 49.9682 -8.0052 9.9898 0.6236 0.3304 0.7054 0.2578 0.7054 0.3965
3 16 40.4639 -8.0045 21.763 49.9682 -8.0052 9.9898 45.8688 -8.0047 20.2515 0.6236 0.3304 0.7054 0.3965 0.6341 0.368
3 16 45.8688 -8.0047 20.2515 49.9682 -8.0052 9.9898 51.044 -8.005 18.0754 0.6341 0.368 0.7054 0.3965 0.6492 0.4039
3 16 56.4593 -8.0054 15.0257 53.7 -8.0127 -1.2355 61.567 -8.006 11.218 0.6704 0.4415 0.7833 0.4223 0.6969 0.477
3 16 61.567 -8.006 11.218 53.7 -8.0127 -1.2355 55.6467 -8.0127 -2.2272 0.6969 0.477 0.7833 0.4223 0.7902 0.4359
3 16 53.7 -8.0127 -1.2355 56.4593 -8.0054 15.0257 49.9682 -8.0052 9.9898 0.7833 0.4223 0.6704 0.4415 0.7054 0.3965
3 16 49.9682 -8.0052 9.9898 56.4593 -8.0054 15.0257 51.044 -8.005 18.0754 0.7054 0.3965 0.6704 0.4415 0.6492 0.4039
3 16 49.9682 -8.0052 9.9898 49.9836 -8.0085 -0.3881 53.7 -8.0127 -1.2355 0.7054 0.3965 0.7775 0.3966 0.7833 0.4223
3 16 53.7059 -5.2392 -1.234 53.7097 -1.5475 -1.2382 53.7232 -5.2373 0.4231 0.5215 0.9812 0.4958 0.9812 0.5215 0.9698
3 16 53.7232 -5.2373 0.4231 53.7097 -1.5475 -1.2382 53.7052 0.0174 0.4228 0.5215 0.9698 0.4958 0.9812 0.4851 0.9698
3 16 53.7112 -0.0631 -0.0899 53.7052 0.0174 0.4228 53.7097 -1.5475 -1.2382 0.4856 0.9733 0.4851 0.9698 0.4958 0.9812
3 16 53.7106 -0.2843 -0.5527 53.7112 -0.0631 -0.0899 53.7097 -1.5475 -1.2382 0.4871 0.9765 0.4856 0.9733 0.4958 0.9812
3 16 53.7101 -0.6295 -0.9204 53.7106 -0.2843 -0.5527 53.7097 -1.5475 -1.2382 0.4895 0.979 0.4871 0.9765 0.4958 0.9812
3 16 53.7098 -1.0649 -1.1567 53.7101 -0.6295 -0.9204 53.7097 -1.5475 -1.2382 0.4925 0.9806 0.4895 0.979 0.4958 0.9812
3 16 66.2242 -5.2406 6.2356 66.2283 -5.2448 -6.2296 53.753 -5.2406 6.2355 0.6756 0.7836 0.6136 0.8443 0.6149 0.7216
3 16 66.2283 -5.2448 -6.2296 58.7611 -5.2392 -6.2956 53.753 -5.2406 6.2355 0.6136 0.8443 0.5771 0.8076 0.6149 0.7216
3 16 58.7611 -5.2392 -6.2956 57.7614 -5.2374 -4.3533 53.753 -5.2406 6.2355 0.5771 0.8076 0.5819 0.7931 0.6149 0.7216
3 16 57.7614 -5.2374 -4.3533 55.6353 -5.2373 -2.2273 53.753 -5.2406 6.2355 0.5819 0.7931 0.5822 0.7722 0.6149 0.7216
3 16 53.7232 -5.2373 0.4231 53.753 -5.2406 6.2355 55.6353 -5.2373 -2.2273 0.5858 0.7497 0.6149 0.7216 0.5822 0.7722
3 16 55.6353 -5.2373 -2.2273 53.7059 -5.2392 -1.234 53.7232 -5.2373 0.4231 0.5822 0.7722 0.5776 0.7577 0.5858 0.7497
3 16 13.1537 0.0081 25.2597 10.0016 0.012 22.9118 12.5906 0.0127 26.7381 0.8817 0.2908 0.8978 0.3125 0.8715 0.2943
3 16 49.9985 0.012 22.9118 46.8463 0.0081 25.2597 47.4093 0.0127 26.7382 0.8981 0.0339 0.882 0.0556 0.8718 0.0521
3 16 51.7699 0.0127 12.9676 51.7699 -3.7373 12.9676 52.9243 0.0127 12.7481 0.7591 0.9166 0.7851 0.9166 0.7591 0.9247
3 16 52.9243 0.0127 12.7481 51.7699 -3.7373 12.9676 52.9243 -3.7373 12.7481 0.7591 0.9247 0.7851 0.9166 0.7851 0.9247
3 16 49.9784 0.0154 9.9898 53.1687 0.0127 11.5667 53.1656 0.0094 9.8019 0.9083 0.6899 0.8842 0.6855 0.8916 0.6757
3 16 49.9784 0.0154 9.9898 51.7699 0.0127 12.9676 53.1687 0.0127 11.5667 0.9083 0.6899 0.8862 0.699 0.8842 0.6855
3 16 53.1687 0.0127 11.5667 51.7699 0.0127 12.9676 52.9243 0.0127 12.7481 0.8842 0.6855 0.8862 0.699 0.8807 0.693
3 16 52.9243 0.0127 12.7481 52.9243 -3.7373 12.7481 53.1687 0.0127 11.5667 0.7591 0.9247 0.7851 0.9247 0.7591 0.933
3 16 53.1687 0.0127 11.5667 52.9243 -3.7373 12.7481 53.1687 -3.7373 11.5667 0.7591 0.933 0.7851 0.9247 0.7851 0.933
3 16 56.7627 -3.7373 12.5538 53.1687 -3.7373 11.5667 54.8142 -3.7373 13.7104 0.1636 0.8616 0.1528 0.8379 0.1694 0.847
3 16 54.8142 -3.7373 13.7104 53.1687 -3.7373 11.5667 52.9243 -3.7373 12.7481 0.1694 0.847 0.1528 0.8379 0.1606 0.835
3 16 6.8313 0.0127 11.5667 10.0216 0.0154 9.9898 6.8344 0.0094 9.8019 0.6695 0.5229 0.6935 0.518 0.6771 0.5326
3 16 8.2301 -3.7373 12.9676 8.2301 0.0127 12.9676 7.0757 -3.7373 12.7481 0.0786 0.9599 0.0526 0.9599 0.0786 0.9518
3 16 7.0757 -3.7373 12.7481 8.2301 0.0127 12.9676 7.0757 0.0127 12.7481 0.0786 0.9518 0.0526 0.9599 0.0526 0.9518
3 16 8.2301 -3.7373 12.9676 7.0757 -3.7373 12.7481 6.7517 -3.7373 15.4065 0.5425 0.8427 0.5422 0.8346 0.561 0.835
3 16 6.7517 -3.7373 15.4065 7.0757 -3.7373 12.7481 5.1858 -3.7373 13.7104 0.561 0.835 0.5422 0.8346 0.551 0.8225
3 16 7.0757 -3.7373 12.7481 6.8313 -3.7373 11.5667 5.1858 -3.7373 13.7104 0.5422 0.8346 0.5345 0.8317 0.551 0.8225
3 16 5.1858 -3.7373 13.7104 6.8313 -3.7373 11.5667 3.2373 -3.7373 12.5538 0.551 0.8225 0.5345 0.8317 0.5452 0.808
3 16 7.0757 0.0127 12.7481 6.8313 0.0127 11.5667 7.0757 -3.7373 12.7481 0.0526 0.9518 0.0526 0.9435 0.0786 0.9518
3 16 7.0757 -3.7373 12.7481 6.8313 0.0127 11.5667 6.8313 -3.7373 11.5667 0.0786 0.9518 0.0526 0.9435 0.0786 0.9435
3 16 10.0216 0.0154 9.9898 6.8313 0.0127 11.5667 8.2301 0.0127 12.9676 0.6935 0.518 0.6695 0.5229 0.6712 0.5094
3 16 8.2301 0.0127 12.9676 6.8313 0.0127 11.5667 7.0757 0.0127 12.7481 0.6712 0.5094 0.6695 0.5229 0.6658 0.5155
3 16 33.4588 -5.6545 29.0017 34.2757 -4.8123 29.8152 33.4567 0.0069 28.9988 0.6633 0.0597 0.6553 0.0539 0.6633 0.0205
3 16 33.4567 0.0069 28.9988 34.2757 -4.8123 29.8152 34.2735 0.0072 29.8124 0.6633 0.0205 0.6553 0.0539 0.6553 0.0205
3 16 26.5411 -5.6545 29.0017 30 -5.6574 29.023 26.5434 0.0069 28.9989 0.5732 0.9312 0.5732 0.9553 0.534 0.9312
3 16 26.5434 0.0069 28.9989 30 -5.6574 29.023 30 0.0127 29.0176 0.534 0.9312 0.5732 0.9553 0.534 0.9553
3 16 24.3859 -24.0282 9.715 30 -24.0282 10.009 26.5411 -5.6545 29.0017 0.1984 0.2844 0.197 0.3235 0.0137 0.2996
3 16 26.5411 -5.6545 29.0017 30 -24.0282 10.009 30 -5.6574 29.023 0.0137 0.2996 0.197 0.3235 0.0136 0.3236
3 16 30 0.0127 29.0176 30 -5.6574 29.023 33.4567 0.0069 28.9988 0.534 0.9553 0.5732 0.9553 0.534 0.9793
3 16 33.4567 0.0069 28.9988 30 -5.6574 29.023 33.4588 -5.6545 29.0017 0.534 0.9793 0.5732 0.9553 0.5732 0.9793
3 16 35.6141 -24.0282 9.715 33.4588 -5.6545 29.0017 30 -24.0282 10.009 0.1984 0.3626 0.0138 0.3475 0.197 0.3235
3 16 30 -24.0282 10.009 33.4588 -5.6545 29.0017 30 -5.6574 29.023 0.197 0.3235 0.0138 0.3475 0.0136 0.3236
3 16 -5.9867 -8.0094 -10.0144 -5.9817 -22.7427 -8.1566 -5.9899 -22.3801 -10.0224 0.4694 0.9222 0.5719 0.9094 0.5693 0.9222
3 16 58.7569 -1.6367 -6.2918 59.6094 -1.6368 -10.0196 58.7611 -5.2392 -6.2956 0.0689 0.8424 0.0608 0.8175 0.0926 0.8345
3 16 58.7611 -5.2392 -6.2956 59.6094 -1.6368 -10.0196 59.6119 -8.0085 -10.0165 0.0926 0.8345 0.0608 0.8175 0.1026 0.8037
3 16 65.9817 -22.7427 -8.1566 65.9845 -22.7376 -6.9938 65.9867 -8.0094 -10.0144 0.7245 0.8659 0.7245 0.874 0.6221 0.8531
3 16 65.9867 -8.0094 -10.0144 65.9845 -22.7376 -6.9938 65.9834 -8.0112 7.029 0.6221 0.8531 0.7245 0.874 0.6221 0.9713
3 16 1.2403 -8.0127 -6.3128 0.3995 -8.0085 -10.0165 1.2389 -5.2392 -6.2956 0.8734 0.8486 0.8665 0.874 0.8551 0.8434
0 STEP
