0 Untitled Model
0 Name: Untitled Model
0 Author: 
0 BFC CERTIFY CCW
3 16 -4.0216 -9.4776 10 -3.4845 -9.1792 12.0067 -4.0177 0.0177 10 0.0256 0.041 0.0256 0.041 0.0256 0.041
3 16 -4.0177 0.0177 10 -3.4845 -9.1792 12.0067 -3.4795 0.0177 12.0087 0.0256 0.041 0.0256 0.041 0.0256 0.041
3 16 -3.4845 -9.1792 12.0067 -2.0166 -8.3547 13.4769 -3.4795 0.0177 12.0087 0.0256 0.041 0.0256 0.041 0.0256 0.041
3 16 -3.4795 0.0177 12.0087 -2.0166 -8.3547 13.4769 -2.0091 0.0177 13.4793 0.0256 0.041 0.0256 0.041 0.0256 0.041
3 16 -2.0166 -8.3547 13.4769 -0.0102 -7.2333 14.0172 -2.0091 0.0177 13.4793 0.0256 0.041 0.0256 0.041 0.0256 0.041
3 16 -2.0091 0.0177 13.4793 -0.0102 -7.2333 14.0172 -0.0003 0.0177 14.0177 0.0256 0.041 0.0256 0.041 0.0256 0.041
3 16 -0.0102 -7.2333 14.0172 1.9983 -6.1116 13.4822 -0.0003 0.0177 14.0177 0.0256 0.041 0.0256 0.041 0.0256 0.041
3 16 -0.0003 0.0177 14.0177 1.9983 -6.1116 13.4822 2.0086 0.0177 13.4796 0.0256 0.041 0.0256 0.041 0.0256 0.041
3 16 1.9983 -6.1116 13.4822 3.4683 -5.2263 12.0069 2.0086 0.0177 13.4796 0.0256 0.041 0.0256 0.041 0.0256 0.041
3 16 2.0086 0.0177 13.4796 3.4683 -5.2263 12.0069 3.4794 0.0177 12.0088 0.0256 0.041 0.0256 0.041 0.0256 0.041
3 16 3.4794 0.0177 12.0088 3.4683 -5.2263 12.0069 4.0177 0.0177 10 0.0256 0.041 0.0256 0.041 0.0256 0.041
3 16 4.0177 0.0177 10 3.4683 -5.2263 12.0069 4.0177 -5.2323 10 0.0256 0.041 0.0256 0.041 0.0256 0.041
3 16 -4.0177 0.0177 10 -3.4795 0.0177 12.0087 -1.9823 0.0177 10 0.0256 0.041 0.0256 0.041 0.0256 0.041
3 16 -1.9823 0.0177 10 -3.4795 0.0177 12.0087 -1.7167 0.0177 10.9913 0.0256 0.041 0.0256 0.041 0.0256 0.041
3 16 -1.7167 0.0177 10.9913 -3.4795 0.0177 12.0087 -0.991 0.0177 11.7168 0.0256 0.041 0.0256 0.041 0.0256 0.041
3 16 -0.991 0.0177 11.7168 -3.4795 0.0177 12.0087 -2.0091 0.0177 13.4793 0.0256 0.041 0.0256 0.041 0.0256 0.041
3 16 -0.991 0.0177 11.7168 -2.0091 0.0177 13.4793 0.0001 0.0177 11.9823 0.0256 0.041 0.0256 0.041 0.0256 0.041
3 16 0.0001 0.0177 11.9823 -2.0091 0.0177 13.4793 -0.0003 0.0177 14.0177 0.0256 0.041 0.0256 0.041 0.0256 0.041
3 16 0.0001 0.0177 11.9823 -0.0003 0.0177 14.0177 0.9913 0.0177 11.7167 0.0256 0.041 0.0256 0.041 0.0256 0.041
3 16 0.9913 0.0177 11.7167 -0.0003 0.0177 14.0177 2.0086 0.0177 13.4796 0.0256 0.041 0.0256 0.041 0.0256 0.041
3 16 0.9913 0.0177 11.7167 2.0086 0.0177 13.4796 1.7168 0.0177 10.9911 0.0256 0.041 0.0256 0.041 0.0256 0.041
3 16 1.7168 0.0177 10.9911 2.0086 0.0177 13.4796 3.4794 0.0177 12.0088 0.0256 0.041 0.0256 0.041 0.0256 0.041
3 16 3.4794 0.0177 12.0088 4.0177 0.0177 10 1.7168 0.0177 10.9911 0.0256 0.041 0.0256 0.041 0.0256 0.041
3 16 1.7168 0.0177 10.9911 4.0177 0.0177 10 1.9823 0.0177 10 0.0256 0.041 0.0256 0.041 0.0256 0.041
3 16 -0.0111 -7.2741 10 1.7127 -6.3965 10.9916 1.9787 -6.2896 10 0.0256 0.041 0.0256 0.041 0.0256 0.041
3 16 -0.0111 -7.2741 10 -1.9868 -8.2689 10 -1.722 -8.1108 10.9892 0.0256 0.041 0.0256 0.041 0.0256 0.041
3 16 -0.9976 -7.7302 11.7149 -0.0111 -7.2741 10 -1.722 -8.1108 10.9892 0.0256 0.041 0.0256 0.041 0.0256 0.041
3 16 -0.0064 -7.2286 11.9819 -0.0111 -7.2741 10 -0.9976 -7.7302 11.7149 0.0256 0.041 0.0256 0.041 0.0256 0.041
3 16 0.9859 -6.7403 11.7173 -0.0111 -7.2741 10 -0.0064 -7.2286 11.9819 0.0256 0.041 0.0256 0.041 0.0256 0.041
3 16 1.7127 -6.3965 10.9916 -0.0111 -7.2741 10 0.9859 -6.7403 11.7173 0.0256 0.041 0.0256 0.041 0.0256 0.041
3 16 1.7127 -6.3965 10.9916 1.7168 0.0177 10.9911 1.9787 -6.2896 10 0.0256 0.041 0.0256 0.041 0.0256 0.041
3 16 1.9787 -6.2896 10 1.7168 0.0177 10.9911 1.9823 0.0177 10 0.0256 0.041 0.0256 0.041 0.0256 0.041
3 16 -1.7167 0.0177 10.9913 -1.722 -8.1108 10.9892 -1.9823 0.0177 10 0.0256 0.041 0.0256 0.041 0.0256 0.041
3 16 -1.9823 0.0177 10 -1.722 -8.1108 10.9892 -1.9868 -8.2689 10 0.0256 0.041 0.0256 0.041 0.0256 0.041
3 16 -0.991 0.0177 11.7168 -0.9976 -7.7302 11.7149 -1.7167 0.0177 10.9913 0.0256 0.041 0.0256 0.041 0.0256 0.041
3 16 -1.7167 0.0177 10.9913 -0.9976 -7.7302 11.7149 -1.722 -8.1108 10.9892 0.0256 0.041 0.0256 0.041 0.0256 0.041
3 16 0.0001 0.0177 11.9823 -0.0064 -7.2286 11.9819 -0.991 0.0177 11.7168 0.0256 0.041 0.0256 0.041 0.0256 0.041
3 16 -0.991 0.0177 11.7168 -0.0064 -7.2286 11.9819 -0.9976 -7.7302 11.7149 0.0256 0.041 0.0256 0.041 0.0256 0.041
3 16 0.9913 0.0177 11.7167 0.9859 -6.7403 11.7173 0.0001 0.0177 11.9823 0.0256 0.041 0.0256 0.041 0.0256 0.041
3 16 0.0001 0.0177 11.9823 0.9859 -6.7403 11.7173 -0.0064 -7.2286 11.9819 0.0256 0.041 0.0256 0.041 0.0256 0.041
3 16 0.9859 -6.7403 11.7173 0.9913 0.0177 11.7167 1.7127 -6.3965 10.9916 0.0256 0.041 0.0256 0.041 0.0256 0.041
3 16 1.7127 -6.3965 10.9916 0.9913 0.0177 11.7167 1.7168 0.0177 10.9911 0.0256 0.041 0.0256 0.041 0.0256 0.041
3 16 -4.6342 -13.0154 30.0177 -10.0144 -1.2356 30.0144 -10.0177 -12.8936 30.0177 0.0256 0.041 0.0256 0.041 0.0256 0.041
3 16 -9.0911 -15.5242 10 -9.0911 -15.5242 27.6475 -10.0177 -15.5177 10 0.0256 0.041 0.0256 0.041 0.0256 0.041
3 16 -10.0177 -15.5177 10 -9.0911 -15.5242 27.6475 -10.0177 -15.5177 27.6475 0.0256 0.041 0.0256 0.041 0.0256 0.041
3 16 -10.0177 -15.5177 27.6475 -9.0911 -15.5242 27.6475 -10.0177 -15.3002 28.477 0.0256 0.041 0.0256 0.041 0.0256 0.041
3 16 -10.0177 -15.3002 28.477 -9.0911 -15.5242 27.6475 -8.7151 -15.3074 28.476 0.0256 0.041 0.0256 0.041 0.0256 0.041
3 16 -4.6342 -13.0154 30.0177 -10.0177 -12.8936 30.0177 -5.7462 -13.6398 29.9063 0.0256 0.041 0.0256 0.041 0.0256 0.041
3 16 -5.7462 -13.6398 29.9063 -10.0177 -12.8936 30.0177 -10.0177 -13.6066 29.9074 0.0256 0.041 0.0256 0.041 0.0256 0.041
3 16 -5.7462 -13.6398 29.9063 -10.0177 -13.6066 29.9074 -6.8559 -14.2631 29.6405 0.0256 0.041 0.0256 0.041 0.0256 0.041
3 16 -6.8559 -14.2631 29.6405 -10.0177 -13.6066 29.9074 -10.0177 -14.2496 29.6422 0.0256 0.041 0.0256 0.041 0.0256 0.041
3 16 -6.8559 -14.2631 29.6405 -10.0177 -14.2496 29.6422 -7.909 -14.8546 29.1572 0.0256 0.041 0.0256 0.041 0.0256 0.041
3 16 -7.909 -14.8546 29.1572 -10.0177 -14.2496 29.6422 -10.0177 -14.8455 29.159 0.0256 0.041 0.0256 0.041 0.0256 0.041
3 16 -7.909 -14.8546 29.1572 -10.0177 -14.8455 29.159 -8.7151 -15.3074 28.476 0.0256 0.041 0.0256 0.041 0.0256 0.041
3 16 -8.7151 -15.3074 28.476 -10.0177 -14.8455 29.159 -10.0177 -15.3002 28.477 0.0256 0.041 0.0256 0.041 0.0256 0.041
3 16 -10.0144 -1.2356 30.0144 -8.2208 -1.2301 29.5143 -9.0593 -1.2294 29.0596 0.0256 0.041 0.0256 0.041 0.0256 0.041
3 16 9.0597 -1.2294 29.0593 8.2691 -1.2301 29.5151 10.0144 -1.2356 30.0144 0.0256 0.041 0.0256 0.041 0.0256 0.041
3 16 10.0215 -4.8125 10 10.0176 -1.2322 10 10.0216 -4.8126 27.6473 0.0256 0.041 0.0256 0.041 0.0256 0.041
3 16 10.0216 -4.8126 27.6473 10.0176 -1.2322 10 10.0144 -1.2356 30.0144 0.0256 0.041 0.0256 0.041 0.0256 0.041
3 16 -10.025 -13.6204 28.2686 -10.025 -13.6204 10 -10.0177 -15.5177 27.6475 0.0256 0.041 0.0256 0.041 0.0256 0.041
3 16 -10.0177 -15.5177 27.6475 -10.025 -13.6204 10 -10.0177 -15.5177 10 0.0256 0.041 0.0256 0.041 0.0256 0.041
3 16 -10.0144 -1.2356 30.0144 -10.0176 -1.2323 28.2686 -10.0177 -12.8936 30.0177 0.0256 0.041 0.0256 0.041 0.0256 0.041
3 16 -10.0177 -12.8936 30.0177 -10.0176 -1.2323 28.2686 -10.025 -13.6204 28.2686 0.0256 0.041 0.0256 0.041 0.0256 0.041
3 16 -10.0177 -12.8936 30.0177 -10.025 -13.6204 28.2686 -10.0177 -13.6066 29.9074 0.0256 0.041 0.0256 0.041 0.0256 0.041
3 16 -10.025 -13.6204 28.2686 -10.0177 -14.2496 29.6422 -10.0177 -13.6066 29.9074 0.0256 0.041 0.0256 0.041 0.0256 0.041
3 16 -10.025 -13.6204 28.2686 -10.0177 -14.8455 29.159 -10.0177 -14.2496 29.6422 0.0256 0.041 0.0256 0.041 0.0256 0.041
3 16 -10.025 -13.6204 28.2686 -10.0177 -15.3002 28.477 -10.0177 -14.8455 29.159 0.0256 0.041 0.0256 0.041 0.0256 0.041
3 16 -10.025 -13.6204 28.2686 -10.0177 -15.5177 27.6475 -10.0177 -15.3002 28.477 0.0256 0.041 0.0256 0.041 0.0256 0.041
3 16 -9.5151 -1.2326 28.2691 -10.0176 -1.2323 28.2686 -9.0593 -1.2294 29.0596 0.0256 0.041 0.0256 0.041 0.0256 0.041
3 16 -9.0593 -1.2294 29.0596 -10.0176 -1.2323 28.2686 -10.0144 -1.2356 30.0144 0.0256 0.041 0.0256 0.041 0.0256 0.041
3 16 -10.0144 -1.2356 30.0144 10.0144 -1.2356 30.0144 -8.2208 -1.2301 29.5143 0.0256 0.041 0.0256 0.041 0.0256 0.041
3 16 -8.2208 -1.2301 29.5143 10.0144 -1.2356 30.0144 8.2691 -1.2301 29.5151 0.0256 0.041 0.0256 0.041 0.0256 0.041
3 16 10.0187 -4.8109 30.0125 10.0144 -1.2356 30.0144 -4.6342 -13.0154 30.0177 0.0256 0.041 0.0256 0.041 0.0256 0.041
3 16 -4.6342 -13.0154 30.0177 10.0144 -1.2356 30.0144 -10.0144 -1.2356 30.0144 0.0256 0.041 0.0256 0.041 0.0256 0.041
3 16 9.5152 -1.23 10 9.5151 -1.2301 28.2171 10.0176 -1.2322 10 0.0256 0.041 0.0256 0.041 0.0256 0.041
3 16 10.0176 -1.2322 10 9.5151 -1.2301 28.2171 10.0144 -1.2356 30.0144 0.0256 0.041 0.0256 0.041 0.0256 0.041
3 16 10.0144 -1.2356 30.0144 9.5151 -1.2301 28.2171 9.0597 -1.2294 29.0593 0.0256 0.041 0.0256 0.041 0.0256 0.041
3 16 9.0597 -1.2294 29.0593 8.7261 0.0206 28.7256 8.2691 -1.2301 29.5151 0.0256 0.041 0.0256 0.041 0.0256 0.041
3 16 8.2691 -1.2301 29.5151 8.7261 0.0206 28.7256 7.9126 0.0199 29.1769 0.0256 0.041 0.0256 0.041 0.0256 0.041
3 16 8.2691 -1.2301 29.5151 7.9126 0.0199 29.1769 -8.2208 -1.2301 29.5143 0.0256 0.041 0.0256 0.041 0.0256 0.041
3 16 -8.2208 -1.2301 29.5143 7.9126 0.0199 29.1769 -7.934 0.0199 29.1769 0.0256 0.041 0.0256 0.041 0.0256 0.041
3 16 -9.5151 -1.2326 28.2691 -9.1794 0.0199 27.8857 -9.5152 -1.2327 10 0.0256 0.041 0.0256 0.041 0.0256 0.041
3 16 -9.5152 -1.2327 10 -9.1794 0.0199 27.8857 -9.1787 0.0198 10 0.0256 0.041 0.0256 0.041 0.0256 0.041
3 16 -9.0593 -1.2294 29.0596 -8.726 0.0206 28.7259 -9.5151 -1.2326 28.2691 0.0256 0.041 0.0256 0.041 0.0256 0.041
3 16 -9.5151 -1.2326 28.2691 -8.726 0.0206 28.7259 -9.1794 0.0199 27.8857 0.0256 0.041 0.0256 0.041 0.0256 0.041
3 16 -7.934 0.0199 29.1769 -8.726 0.0206 28.7259 -8.2208 -1.2301 29.5143 0.0256 0.041 0.0256 0.041 0.0256 0.041
3 16 -8.2208 -1.2301 29.5143 -8.726 0.0206 28.7259 -9.0593 -1.2294 29.0596 0.0256 0.041 0.0256 0.041 0.0256 0.041
3 16 9.1803 0.0198 10 9.1802 0.0199 27.8372 9.5152 -1.23 10 0.0256 0.041 0.0256 0.041 0.0256 0.041
3 16 9.5152 -1.23 10 9.1802 0.0199 27.8372 9.5151 -1.2301 28.2171 0.0256 0.041 0.0256 0.041 0.0256 0.041
3 16 9.1802 0.0199 27.8372 8.7261 0.0206 28.7256 9.5151 -1.2301 28.2171 0.0256 0.041 0.0256 0.041 0.0256 0.041
3 16 9.5151 -1.2301 28.2171 8.7261 0.0206 28.7256 9.0597 -1.2294 29.0593 0.0256 0.041 0.0256 0.041 0.0256 0.041
3 16 8.7261 0.0206 28.7256 6.2356 0.0144 26.2356 7.9126 0.0199 29.1769 0.0256 0.041 0.0256 0.041 0.0256 0.041
3 16 6.2356 0.0144 26.2356 -6.2356 0.0144 26.2356 7.9126 0.0199 29.1769 0.0256 0.041 0.0256 0.041 0.0256 0.041
3 16 7.9126 0.0199 29.1769 -6.2356 0.0144 26.2356 -7.934 0.0199 29.1769 0.0256 0.041 0.0256 0.041 0.0256 0.041
3 16 -9.1794 0.0199 27.8857 -6.2356 0.0144 26.2356 -9.1787 0.0198 10 0.0256 0.041 0.0256 0.041 0.0256 0.041
3 16 -9.1787 0.0198 10 -6.2356 0.0144 26.2356 -6.232 0.0177 10 0.0256 0.041 0.0256 0.041 0.0256 0.041
3 16 -8.726 0.0206 28.7259 -6.2356 0.0144 26.2356 -9.1794 0.0199 27.8857 0.0256 0.041 0.0256 0.041 0.0256 0.041
3 16 -7.934 0.0199 29.1769 -6.2356 0.0144 26.2356 -8.726 0.0206 28.7259 0.0256 0.041 0.0256 0.041 0.0256 0.041
3 16 6.2323 0.0177 10 6.2356 0.0144 26.2356 9.1803 0.0198 10 0.0256 0.041 0.0256 0.041 0.0256 0.041
3 16 9.1803 0.0198 10 6.2356 0.0144 26.2356 9.1802 0.0199 27.8372 0.0256 0.041 0.0256 0.041 0.0256 0.041
3 16 9.1802 0.0199 27.8372 6.2356 0.0144 26.2356 8.7261 0.0206 28.7256 0.0256 0.041 0.0256 0.041 0.0256 0.041
3 16 6.2356 0.0144 26.2356 3.6339 -5.1926 26.2327 -6.2356 0.0144 26.2356 0.0256 0.041 0.0256 0.041 0.0256 0.041
3 16 -6.2356 0.0144 26.2356 3.6339 -5.1926 26.2327 -6.2411 -10.7329 26.2324 0.0256 0.041 0.0256 0.041 0.0256 0.041
3 16 -6.2356 0.0144 26.2356 -6.2411 -10.7329 26.2324 -6.232 0.0177 10 0.0256 0.041 0.0256 0.041 0.0256 0.041
3 16 -6.232 0.0177 10 -6.2411 -10.7329 26.2324 -6.2372 -10.7266 10 0.0256 0.041 0.0256 0.041 0.0256 0.041
3 16 6.2323 0.0177 10 6.2284 -3.7355 21.6618 6.2356 0.0144 26.2356 0.0256 0.041 0.0256 0.041 0.0256 0.041
3 16 6.2356 0.0144 26.2356 6.2284 -3.7355 21.6618 6.2313 -3.7372 26.2375 0.0256 0.041 0.0256 0.041 0.0256 0.041
3 16 6.2323 0.0177 10 6.2323 -5.2323 10 6.2284 -3.7355 21.6618 0.0256 0.041 0.0256 0.041 0.0256 0.041
3 16 6.2284 -3.7355 21.6618 6.2323 -5.2323 10 6.2323 -5.2323 21.661 0.0256 0.041 0.0256 0.041 0.0256 0.041
3 16 4.6864 -5.2323 24.2854 4.6803 -4.6072 24.2876 5.5239 -5.2323 23.2294 0.0256 0.041 0.0256 0.041 0.0256 0.041
3 16 5.5239 -5.2323 23.2294 4.6803 -4.6072 24.2876 5.519 -4.1327 23.2312 0.0256 0.041 0.0256 0.041 0.0256 0.041
3 16 5.5239 -5.2323 23.2294 5.519 -4.1327 23.2312 6.2323 -5.2323 21.661 0.0256 0.041 0.0256 0.041 0.0256 0.041
3 16 6.2323 -5.2323 21.661 5.519 -4.1327 23.2312 6.2284 -3.7355 21.6618 0.0256 0.041 0.0256 0.041 0.0256 0.041
3 16 4.6864 -5.2323 24.2854 3.4521 -5.2297 25.2724 4.6803 -4.6072 24.2876 0.0256 0.041 0.0256 0.041 0.0256 0.041
3 16 6.2356 0.0144 26.2356 6.2313 -3.7372 26.2375 3.6339 -5.1926 26.2327 0.0256 0.041 0.0256 0.041 0.0256 0.041
3 16 6.2313 -3.7372 26.2375 4.6803 -4.6072 24.2876 3.6339 -5.1926 26.2327 0.0256 0.041 0.0256 0.041 0.0256 0.041
3 16 3.6339 -5.1926 26.2327 4.6803 -4.6072 24.2876 3.4521 -5.2297 25.2724 0.0256 0.041 0.0256 0.041 0.0256 0.041
3 16 5.519 -4.1327 23.2312 4.6803 -4.6072 24.2876 6.2313 -3.7372 26.2375 0.0256 0.041 0.0256 0.041 0.0256 0.041
3 16 6.2284 -3.7355 21.6618 5.519 -4.1327 23.2312 6.2313 -3.7372 26.2375 0.0256 0.041 0.0256 0.041 0.0256 0.041
3 16 3.4577 -5.2258 21.6619 4.6864 -5.2323 24.2854 5.5239 -5.2323 23.2294 0.0256 0.041 0.0256 0.041 0.0256 0.041
3 16 3.4577 -5.2258 21.6619 5.5239 -5.2323 23.2294 6.2323 -5.2323 21.661 0.0256 0.041 0.0256 0.041 0.0256 0.041
3 16 3.4577 -5.2258 21.6619 3.4521 -5.2297 25.2724 4.6864 -5.2323 24.2854 0.0256 0.041 0.0256 0.041 0.0256 0.041
3 16 3.4577 -5.2258 21.6619 -6.2411 -10.7329 26.2324 3.4521 -5.2297 25.2724 0.0256 0.041 0.0256 0.041 0.0256 0.041
3 16 -6.2411 -10.7329 26.2324 3.6339 -5.1926 26.2327 3.4521 -5.2297 25.2724 0.0256 0.041 0.0256 0.041 0.0256 0.041
3 16 3.4683 -5.2263 12.0069 3.4577 -5.2258 21.6619 6.2323 -5.2323 21.661 0.0256 0.041 0.0256 0.041 0.0256 0.041
3 16 -6.2372 -10.7266 10 -6.2411 -10.7329 26.2324 -4.0216 -9.4776 10 0.0256 0.041 0.0256 0.041 0.0256 0.041
3 16 -4.0216 -9.4776 10 -6.2411 -10.7329 26.2324 -3.4845 -9.1792 12.0067 0.0256 0.041 0.0256 0.041 0.0256 0.041
3 16 6.2323 -5.2323 10 4.0177 -5.2323 10 6.2323 -5.2323 21.661 0.0256 0.041 0.0256 0.041 0.0256 0.041
3 16 4.0177 -5.2323 10 3.4683 -5.2263 12.0069 6.2323 -5.2323 21.661 0.0256 0.041 0.0256 0.041 0.0256 0.041
3 16 3.4577 -5.2258 21.6619 3.4683 -5.2263 12.0069 1.9983 -6.1116 13.4822 0.0256 0.041 0.0256 0.041 0.0256 0.041
3 16 -6.2411 -10.7329 26.2324 3.4577 -5.2258 21.6619 -0.0102 -7.2333 14.0172 0.0256 0.041 0.0256 0.041 0.0256 0.041
3 16 -0.0102 -7.2333 14.0172 3.4577 -5.2258 21.6619 1.9983 -6.1116 13.4822 0.0256 0.041 0.0256 0.041 0.0256 0.041
3 16 -6.2411 -10.7329 26.2324 -0.0102 -7.2333 14.0172 -2.0166 -8.3547 13.4769 0.0256 0.041 0.0256 0.041 0.0256 0.041
3 16 -6.2411 -10.7329 26.2324 -2.0166 -8.3547 13.4769 -3.4845 -9.1792 12.0067 0.0256 0.041 0.0256 0.041 0.0256 0.041
3 16 10.0187 -4.8109 30.0125 10.0216 -4.8126 27.6473 10.0144 -1.2356 30.0144 0.0256 0.041 0.0256 0.041 0.0256 0.041
3 16 -4.0216 -9.4776 10 -4.0177 0.0177 10 -3.4845 -9.1792 7.9933 0.0256 0.041 0.0256 0.041 0.0256 0.041
3 16 -3.4845 -9.1792 7.9933 -4.0177 0.0177 10 -3.4795 0.0177 7.9913 0.0256 0.041 0.0256 0.041 0.0256 0.041
3 16 -2.0091 0.0177 6.5207 -2.0166 -8.3547 6.5231 -3.4795 0.0177 7.9913 0.0256 0.041 0.0256 0.041 0.0256 0.041
3 16 -3.4795 0.0177 7.9913 -2.0166 -8.3547 6.5231 -3.4845 -9.1792 7.9933 0.0256 0.041 0.0256 0.041 0.0256 0.041
3 16 -0.0003 0.0177 5.9823 -0.0102 -7.2333 5.9828 -2.0091 0.0177 6.5207 0.0256 0.041 0.0256 0.041 0.0256 0.041
3 16 -2.0091 0.0177 6.5207 -0.0102 -7.2333 5.9828 -2.0166 -8.3547 6.5231 0.0256 0.041 0.0256 0.041 0.0256 0.041
3 16 2.0086 0.0177 6.5204 1.9983 -6.1116 6.5179 -0.0003 0.0177 5.9823 0.0256 0.041 0.0256 0.041 0.0256 0.041
3 16 -0.0003 0.0177 5.9823 1.9983 -6.1116 6.5179 -0.0102 -7.2333 5.9828 0.0256 0.041 0.0256 0.041 0.0256 0.041
3 16 3.4794 0.0177 7.9912 3.4683 -5.2263 7.9931 2.0086 0.0177 6.5204 0.0256 0.041 0.0256 0.041 0.0256 0.041
3 16 2.0086 0.0177 6.5204 3.4683 -5.2263 7.9931 1.9983 -6.1116 6.5179 0.0256 0.041 0.0256 0.041 0.0256 0.041
3 16 3.4794 0.0177 7.9912 4.0177 0.0177 10 3.4683 -5.2263 7.9931 0.0256 0.041 0.0256 0.041 0.0256 0.041
3 16 3.4683 -5.2263 7.9931 4.0177 0.0177 10 4.0177 -5.2323 10 0.0256 0.041 0.0256 0.041 0.0256 0.041
3 16 -4.0177 0.0177 10 -1.9823 0.0177 10 -3.4795 0.0177 7.9913 0.0256 0.041 0.0256 0.041 0.0256 0.041
3 16 -3.4795 0.0177 7.9913 -1.9823 0.0177 10 -1.7167 0.0177 9.0087 0.0256 0.041 0.0256 0.041 0.0256 0.041
3 16 -1.7167 0.0177 9.0087 -0.991 0.0177 8.2832 -3.4795 0.0177 7.9913 0.0256 0.041 0.0256 0.041 0.0256 0.041
3 16 -3.4795 0.0177 7.9913 -0.991 0.0177 8.2832 -2.0091 0.0177 6.5207 0.0256 0.041 0.0256 0.041 0.0256 0.041
3 16 -0.991 0.0177 8.2832 0.0001 0.0177 8.0177 -2.0091 0.0177 6.5207 0.0256 0.041 0.0256 0.041 0.0256 0.041
3 16 -2.0091 0.0177 6.5207 0.0001 0.0177 8.0177 -0.0003 0.0177 5.9823 0.0256 0.041 0.0256 0.041 0.0256 0.041
3 16 0.0001 0.0177 8.0177 0.9913 0.0177 8.2833 -0.0003 0.0177 5.9823 0.0256 0.041 0.0256 0.041 0.0256 0.041
3 16 -0.0003 0.0177 5.9823 0.9913 0.0177 8.2833 2.0086 0.0177 6.5204 0.0256 0.041 0.0256 0.041 0.0256 0.041
3 16 0.9913 0.0177 8.2833 1.7168 0.0177 9.0089 2.0086 0.0177 6.5204 0.0256 0.041 0.0256 0.041 0.0256 0.041
3 16 2.0086 0.0177 6.5204 1.7168 0.0177 9.0089 3.4794 0.0177 7.9912 0.0256 0.041 0.0256 0.041 0.0256 0.041
3 16 3.4794 0.0177 7.9912 1.7168 0.0177 9.0089 4.0177 0.0177 10 0.0256 0.041 0.0256 0.041 0.0256 0.041
3 16 4.0177 0.0177 10 1.7168 0.0177 9.0089 1.9823 0.0177 10 0.0256 0.041 0.0256 0.041 0.0256 0.041
3 16 -0.0111 -7.2741 10 1.9787 -6.2896 10 1.7127 -6.3965 9.0084 0.0256 0.041 0.0256 0.041 0.0256 0.041
3 16 -0.0111 -7.2741 10 -1.722 -8.1108 9.0108 -1.9868 -8.2689 10 0.0256 0.041 0.0256 0.041 0.0256 0.041
3 16 -0.9976 -7.7302 8.2851 -1.722 -8.1108 9.0108 -0.0111 -7.2741 10 0.0256 0.041 0.0256 0.041 0.0256 0.041
3 16 -0.0064 -7.2286 8.0182 -0.9976 -7.7302 8.2851 -0.0111 -7.2741 10 0.0256 0.041 0.0256 0.041 0.0256 0.041
3 16 0.9859 -6.7403 8.2827 -0.0064 -7.2286 8.0182 -0.0111 -7.2741 10 0.0256 0.041 0.0256 0.041 0.0256 0.041
3 16 1.7127 -6.3965 9.0084 0.9859 -6.7403 8.2827 -0.0111 -7.2741 10 0.0256 0.041 0.0256 0.041 0.0256 0.041
3 16 1.9823 0.0177 10 1.7168 0.0177 9.0089 1.9787 -6.2896 10 0.0256 0.041 0.0256 0.041 0.0256 0.041
3 16 1.9787 -6.2896 10 1.7168 0.0177 9.0089 1.7127 -6.3965 9.0084 0.0256 0.041 0.0256 0.041 0.0256 0.041
3 16 -1.7167 0.0177 9.0087 -1.9823 0.0177 10 -1.722 -8.1108 9.0108 0.0256 0.041 0.0256 0.041 0.0256 0.041
3 16 -1.722 -8.1108 9.0108 -1.9823 0.0177 10 -1.9868 -8.2689 10 0.0256 0.041 0.0256 0.041 0.0256 0.041
3 16 -0.991 0.0177 8.2832 -1.7167 0.0177 9.0087 -0.9976 -7.7302 8.2851 0.0256 0.041 0.0256 0.041 0.0256 0.041
3 16 -0.9976 -7.7302 8.2851 -1.7167 0.0177 9.0087 -1.722 -8.1108 9.0108 0.0256 0.041 0.0256 0.041 0.0256 0.041
3 16 0.0001 0.0177 8.0177 -0.991 0.0177 8.2832 -0.0064 -7.2286 8.0182 0.0256 0.041 0.0256 0.041 0.0256 0.041
3 16 -0.0064 -7.2286 8.0182 -0.991 0.0177 8.2832 -0.9976 -7.7302 8.2851 0.0256 0.041 0.0256 0.041 0.0256 0.041
3 16 0.9913 0.0177 8.2833 0.0001 0.0177 8.0177 0.9859 -6.7403 8.2827 0.0256 0.041 0.0256 0.041 0.0256 0.041
3 16 0.9859 -6.7403 8.2827 0.0001 0.0177 8.0177 -0.0064 -7.2286 8.0182 0.0256 0.041 0.0256 0.041 0.0256 0.041
3 16 1.7168 0.0177 9.0089 0.9913 0.0177 8.2833 1.7127 -6.3965 9.0084 0.0256 0.041 0.0256 0.041 0.0256 0.041
3 16 1.7127 -6.3965 9.0084 0.9913 0.0177 8.2833 0.9859 -6.7403 8.2827 0.0256 0.041 0.0256 0.041 0.0256 0.041
3 16 -4.6342 -13.0154 -10.0177 -10.0177 -12.8936 -10.0177 -10.0144 -1.2356 -10.0144 0.0256 0.041 0.0256 0.041 0.0256 0.041
3 16 -9.0911 -15.5242 10 -10.0177 -15.5177 10 -9.0911 -15.5242 -7.6475 0.0256 0.041 0.0256 0.041 0.0256 0.041
3 16 -9.0911 -15.5242 -7.6475 -10.0177 -15.5177 10 -10.0177 -15.5177 -7.6475 0.0256 0.041 0.0256 0.041 0.0256 0.041
3 16 -10.0177 -15.5177 -7.6475 -10.0177 -15.3004 -8.4764 -9.0911 -15.5242 -7.6475 0.0256 0.041 0.0256 0.041 0.0256 0.041
3 16 -9.0911 -15.5242 -7.6475 -10.0177 -15.3004 -8.4764 -8.7152 -15.3075 -8.4755 0.0256 0.041 0.0256 0.041 0.0256 0.041
3 16 -4.6342 -13.0154 -10.0177 -5.8423 -13.6936 -9.8969 -10.0177 -12.8936 -10.0177 0.0256 0.041 0.0256 0.041 0.0256 0.041
3 16 -10.0177 -12.8936 -10.0177 -5.8423 -13.6936 -9.8969 -10.0177 -13.6679 -9.8979 0.0256 0.041 0.0256 0.041 0.0256 0.041
3 16 -5.8423 -13.6936 -9.8969 -7.0092 -14.349 -9.6044 -10.0177 -13.6679 -9.8979 0.0256 0.041 0.0256 0.041 0.0256 0.041
3 16 -10.0177 -13.6679 -9.8979 -7.0092 -14.349 -9.6044 -10.0177 -14.3385 -9.606 0.0256 0.041 0.0256 0.041 0.0256 0.041
3 16 -7.0092 -14.349 -9.6044 -8.0678 -14.9437 -9.0773 -10.0177 -14.3385 -9.606 0.0256 0.041 0.0256 0.041 0.0256 0.041
3 16 -10.0177 -14.3385 -9.606 -8.0678 -14.9437 -9.0773 -10.0177 -14.935 -9.0791 0.0256 0.041 0.0256 0.041 0.0256 0.041
3 16 -8.0678 -14.9437 -9.0773 -8.7152 -15.3075 -8.4755 -10.0177 -14.935 -9.0791 0.0256 0.041 0.0256 0.041 0.0256 0.041
3 16 -10.0177 -14.935 -9.0791 -8.7152 -15.3075 -8.4755 -10.0177 -15.3004 -8.4764 0.0256 0.041 0.0256 0.041 0.0256 0.041
3 16 -10.0144 -1.2356 -10.0144 -9.0593 -1.2294 -9.0596 -8.2208 -1.2301 -9.5143 0.0256 0.041 0.0256 0.041 0.0256 0.041
3 16 9.0597 -1.2294 -9.0593 10.0144 -1.2356 -10.0144 8.2691 -1.2301 -9.5151 0.0256 0.041 0.0256 0.041 0.0256 0.041
3 16 10.0144 -1.2356 -10.0144 10.0176 -1.2322 10 10.0216 -4.8126 -7.6473 0.0256 0.041 0.0256 0.041 0.0256 0.041
3 16 10.0216 -4.8126 -7.6473 10.0176 -1.2322 10 10.0215 -4.8125 10 0.0256 0.041 0.0256 0.041 0.0256 0.041
3 16 -10.0177 -15.5177 10 -10.025 -13.6204 10 -10.0177 -15.5177 -7.6475 0.0256 0.041 0.0256 0.041 0.0256 0.041
3 16 -10.0177 -15.5177 -7.6475 -10.025 -13.6204 10 -10.025 -13.6204 -8.2686 0.0256 0.041 0.0256 0.041 0.0256 0.041
3 16 -10.0144 -1.2356 -10.0144 -10.0177 -12.8936 -10.0177 -10.0176 -1.2323 -8.2686 0.0256 0.041 0.0256 0.041 0.0256 0.041
3 16 -10.0176 -1.2323 -8.2686 -10.0177 -12.8936 -10.0177 -10.025 -13.6204 -8.2686 0.0256 0.041 0.0256 0.041 0.0256 0.041
3 16 -10.0177 -12.8936 -10.0177 -10.0177 -13.6679 -9.8979 -10.025 -13.6204 -8.2686 0.0256 0.041 0.0256 0.041 0.0256 0.041
3 16 -10.025 -13.6204 -8.2686 -10.0177 -13.6679 -9.8979 -10.0177 -14.3385 -9.606 0.0256 0.041 0.0256 0.041 0.0256 0.041
3 16 -10.025 -13.6204 -8.2686 -10.0177 -14.3385 -9.606 -10.0177 -14.935 -9.0791 0.0256 0.041 0.0256 0.041 0.0256 0.041
3 16 -10.025 -13.6204 -8.2686 -10.0177 -14.935 -9.0791 -10.0177 -15.3004 -8.4764 0.0256 0.041 0.0256 0.041 0.0256 0.041
3 16 -10.025 -13.6204 -8.2686 -10.0177 -15.3004 -8.4764 -10.0177 -15.5177 -7.6475 0.0256 0.041 0.0256 0.041 0.0256 0.041
3 16 -9.5151 -1.2326 -8.2691 -9.0593 -1.2294 -9.0596 -10.0176 -1.2323 -8.2686 0.0256 0.041 0.0256 0.041 0.0256 0.041
3 16 -10.0176 -1.2323 -8.2686 -9.0593 -1.2294 -9.0596 -10.0144 -1.2356 -10.0144 0.0256 0.041 0.0256 0.041 0.0256 0.041
3 16 -10.0144 -1.2356 -10.0144 -8.2208 -1.2301 -9.5143 10.0144 -1.2356 -10.0144 0.0256 0.041 0.0256 0.041 0.0256 0.041
3 16 10.0144 -1.2356 -10.0144 -8.2208 -1.2301 -9.5143 8.2691 -1.2301 -9.5151 0.0256 0.041 0.0256 0.041 0.0256 0.041
3 16 -10.0144 -1.2356 -10.0144 10.0144 -1.2356 -10.0144 -4.6342 -13.0154 -10.0177 0.0256 0.041 0.0256 0.041 0.0256 0.041
3 16 -4.6342 -13.0154 -10.0177 10.0144 -1.2356 -10.0144 10.0187 -4.8109 -10.0125 0.0256 0.041 0.0256 0.041 0.0256 0.041
3 16 10.0144 -1.2356 -10.0144 9.5151 -1.2301 -8.2171 10.0176 -1.2322 10 0.0256 0.041 0.0256 0.041 0.0256 0.041
3 16 10.0176 -1.2322 10 9.5151 -1.2301 -8.2171 9.5152 -1.23 10 0.0256 0.041 0.0256 0.041 0.0256 0.041
3 16 10.0144 -1.2356 -10.0144 9.0597 -1.2294 -9.0593 9.5151 -1.2301 -8.2171 0.0256 0.041 0.0256 0.041 0.0256 0.041
3 16 9.0597 -1.2294 -9.0593 8.2691 -1.2301 -9.5151 8.7261 0.0206 -8.7256 0.0256 0.041 0.0256 0.041 0.0256 0.041
3 16 8.7261 0.0206 -8.7256 8.2691 -1.2301 -9.5151 7.9126 0.0199 -9.1769 0.0256 0.041 0.0256 0.041 0.0256 0.041
3 16 8.2691 -1.2301 -9.5151 -8.2208 -1.2301 -9.5143 7.9126 0.0199 -9.1769 0.0256 0.041 0.0256 0.041 0.0256 0.041
3 16 7.9126 0.0199 -9.1769 -8.2208 -1.2301 -9.5143 -7.934 0.0199 -9.1769 0.0256 0.041 0.0256 0.041 0.0256 0.041
3 16 -9.5151 -1.2326 -8.2691 -9.5152 -1.2327 10 -9.1794 0.0199 -7.8857 0.0256 0.041 0.0256 0.041 0.0256 0.041
3 16 -9.1794 0.0199 -7.8857 -9.5152 -1.2327 10 -9.1787 0.0198 10 0.0256 0.041 0.0256 0.041 0.0256 0.041
3 16 -9.0593 -1.2294 -9.0596 -9.5151 -1.2326 -8.2691 -8.726 0.0206 -8.7259 0.0256 0.041 0.0256 0.041 0.0256 0.041
3 16 -8.726 0.0206 -8.7259 -9.5151 -1.2326 -8.2691 -9.1794 0.0199 -7.8857 0.0256 0.041 0.0256 0.041 0.0256 0.041
3 16 -9.0593 -1.2294 -9.0596 -8.726 0.0206 -8.7259 -8.2208 -1.2301 -9.5143 0.0256 0.041 0.0256 0.041 0.0256 0.041
3 16 -8.2208 -1.2301 -9.5143 -8.726 0.0206 -8.7259 -7.934 0.0199 -9.1769 0.0256 0.041 0.0256 0.041 0.0256 0.041
3 16 9.5151 -1.2301 -8.2171 9.1802 0.0199 -7.8372 9.5152 -1.23 10 0.0256 0.041 0.0256 0.041 0.0256 0.041
3 16 9.5152 -1.23 10 9.1802 0.0199 -7.8372 9.1803 0.0198 10 0.0256 0.041 0.0256 0.041 0.0256 0.041
3 16 9.0597 -1.2294 -9.0593 8.7261 0.0206 -8.7256 9.5151 -1.2301 -8.2171 0.0256 0.041 0.0256 0.041 0.0256 0.041
3 16 9.5151 -1.2301 -8.2171 8.7261 0.0206 -8.7256 9.1802 0.0199 -7.8372 0.0256 0.041 0.0256 0.041 0.0256 0.041
3 16 8.7261 0.0206 -8.7256 7.9126 0.0199 -9.1769 6.2356 0.0144 -6.2356 0.0256 0.041 0.0256 0.041 0.0256 0.041
3 16 -7.934 0.0199 -9.1769 -6.2356 0.0144 -6.2356 7.9126 0.0199 -9.1769 0.0256 0.041 0.0256 0.041 0.0256 0.041
3 16 7.9126 0.0199 -9.1769 -6.2356 0.0144 -6.2356 6.2356 0.0144 -6.2356 0.0256 0.041 0.0256 0.041 0.0256 0.041
3 16 -9.1794 0.0199 -7.8857 -9.1787 0.0198 10 -6.2356 0.0144 -6.2356 0.0256 0.041 0.0256 0.041 0.0256 0.041
3 16 -6.2356 0.0144 -6.2356 -9.1787 0.0198 10 -6.232 0.0177 10 0.0256 0.041 0.0256 0.041 0.0256 0.041
3 16 -8.726 0.0206 -8.7259 -9.1794 0.0199 -7.8857 -6.2356 0.0144 -6.2356 0.0256 0.041 0.0256 0.041 0.0256 0.041
3 16 -7.934 0.0199 -9.1769 -8.726 0.0206 -8.7259 -6.2356 0.0144 -6.2356 0.0256 0.041 0.0256 0.041 0.0256 0.041
3 16 9.1802 0.0199 -7.8372 6.2356 0.0144 -6.2356 9.1803 0.0198 10 0.0256 0.041 0.0256 0.041 0.0256 0.041
3 16 9.1803 0.0198 10 6.2356 0.0144 -6.2356 6.2323 0.0177 10 0.0256 0.041 0.0256 0.041 0.0256 0.041
3 16 9.1802 0.0199 -7.8372 8.7261 0.0206 -8.7256 6.2356 0.0144 -6.2356 0.0256 0.041 0.0256 0.041 0.0256 0.041
3 16 6.2356 0.0144 -6.2356 -6.2356 0.0144 -6.2356 3.6339 -5.1926 -6.2327 0.0256 0.041 0.0256 0.041 0.0256 0.041
3 16 3.6339 -5.1926 -6.2327 -6.2356 0.0144 -6.2356 -6.2411 -10.7329 -6.2324 0.0256 0.041 0.0256 0.041 0.0256 0.041
3 16 -6.2356 0.0144 -6.2356 -6.232 0.0177 10 -6.2411 -10.7329 -6.2324 0.0256 0.041 0.0256 0.041 0.0256 0.041
3 16 -6.2411 -10.7329 -6.2324 -6.232 0.0177 10 -6.2372 -10.7266 10 0.0256 0.041 0.0256 0.041 0.0256 0.041
3 16 6.2323 0.0177 10 6.2356 0.0144 -6.2356 6.2284 -3.7355 -1.6618 0.0256 0.041 0.0256 0.041 0.0256 0.041
3 16 6.2284 -3.7355 -1.6618 6.2356 0.0144 -6.2356 6.2313 -3.7372 -6.2375 0.0256 0.041 0.0256 0.041 0.0256 0.041
3 16 6.2323 0.0177 10 6.2284 -3.7355 -1.6618 6.2323 -5.2323 10 0.0256 0.041 0.0256 0.041 0.0256 0.041
3 16 6.2323 -5.2323 10 6.2284 -3.7355 -1.6618 6.2323 -5.2323 -1.661 0.0256 0.041 0.0256 0.041 0.0256 0.041
3 16 5.519 -4.1327 -3.2312 4.6969 -4.5978 -4.2667 5.5239 -5.2323 -3.2295 0.0256 0.041 0.0256 0.041 0.0256 0.041
3 16 5.5239 -5.2323 -3.2295 4.6969 -4.5978 -4.2667 4.703 -5.2323 -4.2645 0.0256 0.041 0.0256 0.041 0.0256 0.041
3 16 6.2284 -3.7355 -1.6618 5.519 -4.1327 -3.2312 6.2323 -5.2323 -1.661 0.0256 0.041 0.0256 0.041 0.0256 0.041
3 16 6.2323 -5.2323 -1.661 5.519 -4.1327 -3.2312 5.5239 -5.2323 -3.2295 0.0256 0.041 0.0256 0.041 0.0256 0.041
3 16 4.703 -5.2323 -4.2645 4.6969 -4.5978 -4.2667 3.452 -5.2297 -5.2724 0.0256 0.041 0.0256 0.041 0.0256 0.041
3 16 6.2356 0.0144 -6.2356 3.6339 -5.1926 -6.2327 6.2313 -3.7372 -6.2375 0.0256 0.041 0.0256 0.041 0.0256 0.041
3 16 6.2313 -3.7372 -6.2375 3.6339 -5.1926 -6.2327 4.6969 -4.5978 -4.2667 0.0256 0.041 0.0256 0.041 0.0256 0.041
3 16 4.6969 -4.5978 -4.2667 3.6339 -5.1926 -6.2327 3.452 -5.2297 -5.2724 0.0256 0.041 0.0256 0.041 0.0256 0.041
3 16 5.519 -4.1327 -3.2312 6.2313 -3.7372 -6.2375 4.6969 -4.5978 -4.2667 0.0256 0.041 0.0256 0.041 0.0256 0.041
3 16 6.2284 -3.7355 -1.6618 6.2313 -3.7372 -6.2375 5.519 -4.1327 -3.2312 0.0256 0.041 0.0256 0.041 0.0256 0.041
3 16 3.4577 -5.2258 -1.6619 5.5239 -5.2323 -3.2295 4.703 -5.2323 -4.2645 0.0256 0.041 0.0256 0.041 0.0256 0.041
3 16 3.4577 -5.2258 -1.6619 6.2323 -5.2323 -1.661 5.5239 -5.2323 -3.2295 0.0256 0.041 0.0256 0.041 0.0256 0.041
3 16 3.4577 -5.2258 -1.6619 4.703 -5.2323 -4.2645 3.452 -5.2297 -5.2724 0.0256 0.041 0.0256 0.041 0.0256 0.041
3 16 3.4577 -5.2258 -1.6619 3.452 -5.2297 -5.2724 -6.2411 -10.7329 -6.2324 0.0256 0.041 0.0256 0.041 0.0256 0.041
3 16 -6.2411 -10.7329 -6.2324 3.452 -5.2297 -5.2724 3.6339 -5.1926 -6.2327 0.0256 0.041 0.0256 0.041 0.0256 0.041
3 16 3.4683 -5.2263 7.9931 6.2323 -5.2323 -1.661 3.4577 -5.2258 -1.6619 0.0256 0.041 0.0256 0.041 0.0256 0.041
3 16 -6.2372 -10.7266 10 -4.0216 -9.4776 10 -6.2411 -10.7329 -6.2324 0.0256 0.041 0.0256 0.041 0.0256 0.041
3 16 -4.0216 -9.4776 10 -3.4845 -9.1792 7.9933 -6.2411 -10.7329 -6.2324 0.0256 0.041 0.0256 0.041 0.0256 0.041
3 16 6.2323 -5.2323 10 6.2323 -5.2323 -1.661 4.0177 -5.2323 10 0.0256 0.041 0.0256 0.041 0.0256 0.041
3 16 6.2323 -5.2323 -1.661 3.4683 -5.2263 7.9931 4.0177 -5.2323 10 0.0256 0.041 0.0256 0.041 0.0256 0.041
3 16 3.4577 -5.2258 -1.6619 1.9983 -6.1116 6.5179 3.4683 -5.2263 7.9931 0.0256 0.041 0.0256 0.041 0.0256 0.041
3 16 -6.2411 -10.7329 -6.2324 -0.0102 -7.2333 5.9828 3.4577 -5.2258 -1.6619 0.0256 0.041 0.0256 0.041 0.0256 0.041
3 16 3.4577 -5.2258 -1.6619 -0.0102 -7.2333 5.9828 1.9983 -6.1116 6.5179 0.0256 0.041 0.0256 0.041 0.0256 0.041
3 16 -6.2411 -10.7329 -6.2324 -2.0166 -8.3547 6.5231 -0.0102 -7.2333 5.9828 0.0256 0.041 0.0256 0.041 0.0256 0.041
3 16 -6.2411 -10.7329 -6.2324 -3.4845 -9.1792 7.9933 -2.0166 -8.3547 6.5231 0.0256 0.041 0.0256 0.041 0.0256 0.041
3 16 10.0187 -4.8109 -10.0125 10.0144 -1.2356 -10.0144 10.0216 -4.8126 -7.6473 0.0256 0.041 0.0256 0.041 0.0256 0.041
3 16 -10.0176 -1.2323 28.2686 -9.5151 -1.2326 28.2691 -10.0176 -1.2323 10 0.0256 0.041 0.0256 0.041 0.0256 0.041
3 16 -10.0176 -1.2323 10 -9.5151 -1.2326 28.2691 -9.5152 -1.2327 10 0.0256 0.041 0.0256 0.041 0.0256 0.041
3 16 -10.0176 -1.2323 10 -10.025 -13.6204 10 -10.0176 -1.2323 28.2686 0.0256 0.041 0.0256 0.041 0.0256 0.041
3 16 -10.0176 -1.2323 28.2686 -10.025 -13.6204 10 -10.025 -13.6204 28.2686 0.0256 0.041 0.0256 0.041 0.0256 0.041
3 16 -10.0176 -1.2323 10 -10.0176 -1.2323 -8.2686 -10.025 -13.6204 10 0.0256 0.041 0.0256 0.041 0.0256 0.041
3 16 -10.025 -13.6204 10 -10.0176 -1.2323 -8.2686 -10.025 -13.6204 -8.2686 0.0256 0.041 0.0256 0.041 0.0256 0.041
3 16 -9.5151 -1.2326 -8.2691 -10.0176 -1.2323 -8.2686 -9.5152 -1.2327 10 0.0256 0.041 0.0256 0.041 0.0256 0.041
3 16 -9.5152 -1.2327 10 -10.0176 -1.2323 -8.2686 -10.0176 -1.2323 10 0.0256 0.041 0.0256 0.041 0.0256 0.041
3 16 -4.6342 -13.0154 30.0177 -4.626 -13.0234 27.6473 10.0187 -4.8109 30.0125 0.9731 0.7664 0.9158 0.7665 0.9731 0
3 16 10.0187 -4.8109 30.0125 -4.626 -13.0234 27.6473 10.0216 -4.8126 27.6473 0.9731 0 0.9158 0.7665 0.9158 0
3 16 10.0216 -4.8126 -7.6473 -4.626 -13.0234 -7.6473 10.0187 -4.8109 -10.0125 0.0572 0 0.0572 0.7665 0 0
3 16 10.0187 -4.8109 -10.0125 -4.626 -13.0234 -7.6473 -4.6342 -13.0154 -10.0177 0 0 0.0572 0.7665 0 0.7664
3 16 10.0215 -4.8125 10 -4.6261 -13.0234 10 10.0216 -4.8126 -7.6473 0.4865 0 0.4865 0.7665 0.0572 0
3 16 10.0216 -4.8126 -7.6473 -4.6261 -13.0234 10 -4.626 -13.0234 -7.6473 0.0572 0 0.4865 0.7665 0.0572 0.7665
3 16 -4.626 -13.0234 27.6473 -4.6261 -13.0234 10 10.0216 -4.8126 27.6473 0.9158 0.7665 0.4865 0.7665 0.9158 0
3 16 10.0216 -4.8126 27.6473 -4.6261 -13.0234 10 10.0215 -4.8125 10 0.9158 0 0.4865 0.7665 0.4865 0
3 16 -5.7462 -13.6398 29.9063 -4.626 -13.0234 27.6473 -4.6342 -13.0154 30.0177 0.9697 0.8377 0.9158 0.7665 0.9731 0.7664
3 16 -9.0911 -15.5242 27.6475 -9.0911 -15.5242 10 -4.626 -13.0234 27.6473 0.9158 1 0.4865 1 0.9158 0.7665
3 16 -4.626 -13.0234 27.6473 -9.0911 -15.5242 10 -4.6261 -13.0234 10 0.9158 0.7665 0.4865 1 0.4865 0.7665
3 16 -4.626 -13.0234 -7.6473 -4.6261 -13.0234 10 -9.0911 -15.5242 -7.6475 0.0572 0.7665 0.4865 0.7665 0.0572 1
3 16 -9.0911 -15.5242 -7.6475 -4.6261 -13.0234 10 -9.0911 -15.5242 10 0.0572 1 0.4865 0.7665 0.4865 1
3 16 -4.6342 -13.0154 -10.0177 -4.626 -13.0234 -7.6473 -5.8423 -13.6936 -9.8969 0 0.7664 0.0572 0.7665 0.0033 0.8382
3 16 -8.7152 -15.3075 -8.4755 -4.626 -13.0234 -7.6473 -9.0911 -15.5242 -7.6475 0.0372 0.9798 0.0572 0.7665 0.0572 1
3 16 -5.8423 -13.6936 -9.8969 -4.626 -13.0234 -7.6473 -7.0092 -14.349 -9.6044 0.0033 0.8382 0.0572 0.7665 0.0116 0.9037
3 16 -7.0092 -14.349 -9.6044 -4.626 -13.0234 -7.6473 -8.0678 -14.9437 -9.0773 0.0116 0.9037 0.0572 0.7665 0.0201 0.94
3 16 -8.0678 -14.9437 -9.0773 -4.626 -13.0234 -7.6473 -8.7152 -15.3075 -8.4755 0.0201 0.94 0.0572 0.7665 0.0372 0.9798
3 16 -6.8559 -14.2631 29.6405 -4.626 -13.0234 27.6473 -5.7462 -13.6398 29.9063 0.9615 0.9037 0.9158 0.7665 0.9697 0.8377
3 16 -8.7151 -15.3074 28.476 -4.626 -13.0234 27.6473 -7.909 -14.8546 29.1572 0.9358 0.9798 0.9158 0.7665 0.9529 0.94
3 16 -7.909 -14.8546 29.1572 -4.626 -13.0234 27.6473 -6.8559 -14.2631 29.6405 0.9529 0.94 0.9158 0.7665 0.9615 0.9037
3 16 -9.0911 -15.5242 27.6475 -4.626 -13.0234 27.6473 -8.7151 -15.3074 28.476 0.9158 1 0.9158 0.7665 0.9358 0.9798
0 STEP
