0 Untitled Model
0 Name: Untitled Model
0 Author: 
0 BFC CERTIFY CCW
3 16 30 8 18.625 26.025 8 18.625 30 8 21.375
3 16 30 8 21.375 26.025 8 18.625 26.025 8 21.375
3 16 16.5359 8 8 16 8 10 20 8 10
3 16 22 8 13.4641 20 8 10 20 8 14
3 16 18 8 6.5359 16.5359 8 8 20 8 10
3 16 23.4641 8 12 20 8 10 22 8 13.4641
3 16 18 8 13.4641 16.5359 8 12 18 -2.7512 13.4641
3 16 18 -2.7512 13.4641 16.5359 8 12 16.5359 -3.0125 12
3 16 20 8 6 18 8 6.5359 20 8 10
3 16 24 8 10 20 8 10 23.4641 8 12
3 16 20 8 14 18 8 13.4641 20 -2.3943 14
3 16 20 -2.3943 14 18 8 13.4641 18 -2.7512 13.4641
3 16 22 8 6.5359 20 8 6 20 8 10
3 16 24 8 10 23.4641 8 8 20 8 10
3 16 10 8 -10 10 8 10 13.75 8 -6.25
3 16 13.75 8 -6.25 10 8 10 13.75 8 10
3 16 23.4641 8 8 22 8 6.5359 20 8 10
3 16 22 8 13.4641 20 8 14 22 -2.0374 13.4641
3 16 22 -2.0374 13.4641 20 8 14 20 -2.3943 14
3 16 24 8 10 23.4641 8 12 24 -1.6804 10
3 16 24 -1.6804 10 23.4641 8 12 23.4641 -1.7761 12
3 16 16 -3.1081 10 16 8 10 16.5359 -3.0125 8
3 16 16.5359 -3.0125 8 16 8 10 16.5359 8 8
3 16 16.5359 8 12 16 8 10 16.5359 -3.0125 12
3 16 16.5359 -3.0125 12 16 8 10 16 -3.1081 10
3 16 23.4641 8 12 22 8 13.4641 23.4641 -1.7761 12
3 16 23.4641 -1.7761 12 22 8 13.4641 22 -2.0374 13.4641
3 16 16.5359 -3.0125 8 16.5359 8 8 18 -2.7512 6.5359
3 16 18 -2.7512 6.5359 16.5359 8 8 18 8 6.5359
3 16 26.025 -1.319 21.375 26.025 8 21.375 26.025 -1.319 18.625
3 16 26.025 -1.319 18.625 26.025 8 21.375 26.025 8 18.625
3 16 13.75 8 10 13.8042 -3.5 10 13.75 8 -6.25
3 16 13.75 8 -6.25 13.8042 -3.5 10 13.8042 -3.5 -6.25
3 16 18 -2.7512 6.5359 18 8 6.5359 20 -2.3943 6
3 16 20 -2.3943 6 18 8 6.5359 20 8 6
3 16 10 8 -10 13.75 8 -6.25 30 8 -10
3 16 23.4641 -1.7761 8 23.4641 8 8 24 -1.6804 10
3 16 24 -1.6804 10 23.4641 8 8 24 8 10
3 16 20 -2.3943 6 20 8 6 22 -2.0374 6.5359
3 16 22 -2.0374 6.5359 20 8 6 22 8 6.5359
3 16 22 -2.0374 6.5359 22 8 6.5359 23.4641 -1.7761 8
3 16 23.4641 -1.7761 8 22 8 6.5359 23.4641 8 8
3 16 30 8 -10 13.75 8 -6.25 30 8 -6.25
3 16 13.8042 -3.5 -6.25 30.0542 -0.6 -6.25 13.75 8 -6.25
3 16 26.025 -1.319 21.375 30.0542 -0.6 21.375 26.025 8 21.375
3 16 26.025 8 21.375 30.0542 -0.6 21.375 30 8 21.375
3 16 30.0542 -0.6 -6.25 30 8 -6.25 13.75 8 -6.25
3 16 26.025 -1.319 18.625 26.025 8 18.625 30.0542 -0.6 18.625
3 16 30.0542 -0.6 18.625 26.025 8 18.625 30 8 18.625
3 16 26.025 8 11.375 30 8 11.375 26.025 8 8.625
3 16 26.025 8 8.625 30 8 11.375 30 8 8.625
3 16 30.0542 -0.6 18.625 30.0542 -0.6 11.375 26.025 -1.319 18.625
3 16 30.0542 -0.6 11.375 26.025 -1.319 11.375 26.025 -1.319 18.625
3 16 26.025 -1.319 11.375 23.4641 -1.7761 12 26.025 -1.319 18.625
3 16 23.4641 -1.7761 12 22 -2.0374 13.4641 26.025 -1.319 18.625
3 16 30 8 -1.375 26.025 8 -1.375 30 8 1.375
3 16 30 8 1.375 26.025 8 -1.375 26.025 8 1.375
3 16 26.025 -1.319 11.375 30.0542 -0.6 11.375 26.025 8 11.375
3 16 30.0542 -0.6 11.375 30 8 11.375 26.025 8 11.375
3 16 23.4641 -1.7761 8 24 -1.6804 10 26.025 -1.319 8.625
3 16 26.025 -1.319 8.625 24 -1.6804 10 26.025 -1.319 11.375
3 16 26.025 -1.319 8.625 26.025 8 8.625 30.0542 -0.6 8.625
3 16 30.0542 -0.6 8.625 26.025 8 8.625 30 8 8.625
3 16 26.025 -1.319 11.375 26.025 8 11.375 26.025 -1.319 8.625
3 16 26.025 8 11.375 26.025 8 8.625 26.025 -1.319 8.625
3 16 26.025 -1.319 1.375 30.0542 -0.6 1.375 26.025 8 1.375
3 16 26.025 8 1.375 30.0542 -0.6 1.375 30 8 1.375
3 16 30 8 11.375 30 16 10 30 8 8.625
3 16 26.025 -1.319 1.375 26.025 8 1.375 26.025 -1.319 -1.375
3 16 26.025 -1.319 -1.375 26.025 8 1.375 26.025 8 -1.375
3 16 30 8 -1.375 30.0542 -0.6 -1.375 26.025 8 -1.375
3 16 26.025 8 -1.375 30.0542 -0.6 -1.375 26.025 -1.319 -1.375
3 16 20 8 14 20 8 10 18 8 13.4641
3 16 16.5359 8 12 20 8 10 16 8 10
3 16 18 8 13.4641 20 8 10 16.5359 8 12
3 16 30.0542 -0.6 26.25 13.75 8 26.25 30 8 26.25
3 16 13.8042 -3.5 26.25 13.75 8 26.25 30.0542 -0.6 26.25
3 16 30 8 30.003 30 8 26.25 13.75 8 26.25
3 16 13.75 8 10 13.75 8 26.25 13.8042 -3.5 10
3 16 13.8042 -3.5 10 13.75 8 26.25 13.8042 -3.5 26.25
3 16 10 8 30.003 30 8 30.003 13.75 8 26.25
3 16 13.75 8 10 10 8 10 13.75 8 26.25
3 16 13.75 8 26.25 10 8 10 10 8 30.003
3 16 30 8 8.625 30 8 1.375 30.0542 -0.6 8.625
3 16 30.0542 -0.6 8.625 30 8 1.375 30.0542 -0.6 1.375
3 16 30 8 18.625 30 8 11.375 30.0542 -0.6 18.625
3 16 30.0542 -0.6 18.625 30 8 11.375 30.0542 -0.6 11.375
3 16 30 8 -1.375 30 8 -6.25 30.0542 -0.6 -1.375
3 16 30.0542 -0.6 -1.375 30 8 -6.25 30.0542 -0.6 -6.25
3 16 30 8 26.25 30 8 21.375 30.0542 -0.6 26.25
3 16 30.0542 -0.6 26.25 30 8 21.375 30.0542 -0.6 21.375
3 16 30 16 30.003 30 16 10 30 8 21.375
3 16 30 8 18.625 30 8 21.375 30 16 10
3 16 30 16 10 30 16 -10 30 8 1.375
3 16 30 8 -1.375 30 8 1.375 30 16 -10
3 16 30 8 1.375 30 8 8.625 30 16 10
3 16 30 8 11.375 30 8 18.625 30 16 10
3 16 30 8 -6.25 30 8 -1.375 30 16 -10
3 16 30 8 21.375 30 8 26.25 30 16 30.003
3 16 13.8042 -3.5 -6.25 26.025 -1.319 -1.375 30.0542 -0.6 -6.25
3 16 30.0542 -0.6 -6.25 26.025 -1.319 -1.375 30.0542 -0.6 -1.375
3 16 13.8042 -3.5 10 16 -3.1081 10 13.8042 -3.5 -6.25
3 16 26.025 -1.319 -1.375 13.8042 -3.5 -6.25 26.025 -1.319 1.375
3 16 26.025 -1.319 1.375 13.8042 -3.5 -6.25 22 -2.0374 6.5359
3 16 22 -2.0374 6.5359 13.8042 -3.5 -6.25 20 -2.3943 6
3 16 20 -2.3943 6 13.8042 -3.5 -6.25 18 -2.7512 6.5359
3 16 16 -3.1081 10 16.5359 -3.0125 8 13.8042 -3.5 -6.25
3 16 13.8042 -3.5 -6.25 16.5359 -3.0125 8 18 -2.7512 6.5359
3 16 30.0542 -0.6 21.375 26.025 -1.319 21.375 30.0542 -0.6 26.25
3 16 26.025 -1.319 21.375 13.8042 -3.5 26.25 30.0542 -0.6 26.25
3 16 13.8042 -3.5 10 13.8042 -3.5 26.25 16 -3.1081 10
3 16 16 -3.1081 10 13.8042 -3.5 26.25 16.5359 -3.0125 12
3 16 16.5359 -3.0125 12 13.8042 -3.5 26.25 18 -2.7512 13.4641
3 16 18 -2.7512 13.4641 13.8042 -3.5 26.25 20 -2.3943 14
3 16 26.025 -1.319 21.375 26.025 -1.319 18.625 13.8042 -3.5 26.25
3 16 22 -2.0374 13.4641 20 -2.3943 14 26.025 -1.319 18.625
3 16 26.025 -1.319 18.625 20 -2.3943 14 13.8042 -3.5 26.25
3 16 30.0542 -0.6 8.625 30.0542 -0.6 1.375 26.025 -1.319 8.625
3 16 30.0542 -0.6 1.375 26.025 -1.319 1.375 26.025 -1.319 8.625
3 16 26.025 -1.319 8.625 26.025 -1.319 1.375 23.4641 -1.7761 8
3 16 26.025 -1.319 1.375 22 -2.0374 6.5359 23.4641 -1.7761 8
3 16 26.025 -1.319 11.375 24 -1.6804 10 23.4641 -1.7761 12
3 16 30 16 -10 30 8 -10 30 8 -6.25
3 16 30 16 30.003 30 8 26.25 30 8 30.003
3 16 -10 0 -10 -6.25 0 -6.25 10 0 -10
3 16 6.025 -4.6838 8.5 6.025 0 8.5 10 -4.5 8.5
3 16 6.025 0 8.5 10 0 8.5 10 -4.5 8.5
3 16 -6.25 0 -6.25 -6.2229 -5.25 -6.25 10 -4.5 -6.25
3 16 -6.25 0 -6.25 10 0 -6.25 10 0 -10
3 16 -6.25 0 -6.25 10 -4.5 -6.25 10 0 -6.25
3 16 10 0 -1.5 6.025 0 -1.5 10 0 1.5
3 16 10 0 1.5 6.025 0 -1.5 6.025 0 1.5
3 16 6.025 -4.6838 1.5 6.025 0 1.5 6.025 -4.6838 -1.5
3 16 6.025 -4.6838 -1.5 6.025 0 1.5 6.025 0 -1.5
3 16 10 0 -6.25 10 8 -10 10 0 -10
3 16 6.025 -4.6838 1.5 10 -4.5 1.5 6.025 0 1.5
3 16 10 -4.5 1.5 10 0 1.5 6.025 0 1.5
3 16 6.025 -4.6838 -1.5 6.025 0 -1.5 10 -4.5 -1.5
3 16 6.025 0 -1.5 10 0 -1.5 10 -4.5 -1.5
3 16 -6.2229 -5.25 26.25 10 -4.5 26.25 6.025 -4.6838 21.5
3 16 6.025 -4.6838 21.5 10 -4.5 26.25 10 -4.5 21.5
3 16 6.025 -4.6838 11.5 10 -4.5 11.5 6.025 0 11.5
3 16 6.025 0 11.5 10 -4.5 11.5 10 0 11.5
3 16 6.025 -4.6838 11.5 6.025 0 11.5 6.025 -4.6838 8.5
3 16 6.025 -4.6838 8.5 6.025 0 11.5 6.025 0 8.5
3 16 6.025 0 11.5 10 0 11.5 6.025 0 8.5
3 16 6.025 0 8.5 10 0 11.5 10 0 8.5
3 16 -6.2229 -5.25 -6.25 -6.25 0 -6.25 -6.2229 -5.25 10
3 16 -6.2229 -5.25 10 -6.25 0 -6.25 -6.25 0 10
3 16 -6.25 0 10 -6.25 0 -6.25 -10 0 10.0007
3 16 -10 0 10.0007 -6.25 0 -6.25 -10 0 -10
3 16 -6.25 0 26.25 10 0 26.25 10 -4.5 26.25
3 16 10 0 -1.5 10 8 -10 10 0 -6.25
3 16 6.025 -4.6838 21.5 6.025 0 21.5 6.025 -4.6838 18.5
3 16 6.025 -4.6838 18.5 6.025 0 21.5 6.025 0 18.5
3 16 10 0 18.5 6.025 0 18.5 10 0 21.5
3 16 10 0 21.5 6.025 0 18.5 6.025 0 21.5
3 16 10 8 30.003 10 0 26.25 10 0 30.003
3 16 -6.25 0 26.25 10 0 30.003 10 0 26.25
3 16 -6.25 0 26.25 10 -4.5 26.25 -6.2229 -5.25 26.25
3 16 6.025 -4.6838 18.5 6.025 0 18.5 10 -4.5 18.5
3 16 10 -4.5 18.5 6.025 0 18.5 10 0 18.5
3 16 -10 0 30.003 10 0 30.003 -6.25 0 26.25
3 16 -6.2229 -5.25 26.25 -6.2229 -5.25 10 -6.25 0 26.25
3 16 -6.25 0 26.25 -6.2229 -5.25 10 -6.25 0 10
3 16 6.025 -4.6838 21.5 10 -4.5 21.5 6.025 0 21.5
3 16 6.025 0 21.5 10 -4.5 21.5 10 0 21.5
3 16 -10 0 30.003 -6.25 0 26.25 -10 0 10.0007
3 16 -10 0 10.0007 -6.25 0 26.25 -6.25 0 10
3 16 10 0 21.5 10 8 30.003 10 0 18.5
3 16 10 0 18.5 10 8 30.003 10 8 10
3 16 10 0 11.5 10 8 10 10 0 8.5
3 16 10 0 8.5 10 8 10 10 0 1.5
3 16 10 0 18.5 10 8 10 10 0 11.5
3 16 10 0 21.5 10 0 26.25 10 8 30.003
3 16 10 0 1.5 10 8 10 10 0 -1.5
3 16 10 0 -1.5 10 8 10 10 8 -10
3 16 10 0 -1.5 10 0 -6.25 10 -4.5 -1.5
3 16 10 -4.5 -1.5 10 0 -6.25 10 -4.5 -6.25
3 16 10 0 8.5 10 0 1.5 10 -4.5 8.5
3 16 10 -4.5 8.5 10 0 1.5 10 -4.5 1.5
3 16 10 0 18.5 10 0 11.5 10 -4.5 18.5
3 16 10 -4.5 18.5 10 0 11.5 10 -4.5 11.5
3 16 10 0 21.5 10 -4.5 21.5 10 0 26.25
3 16 10 0 26.25 10 -4.5 21.5 10 -4.5 26.25
3 16 -6.2229 -5.25 -6.25 6.025 -4.6838 -1.5 10 -4.5 -6.25
3 16 10 -4.5 -6.25 6.025 -4.6838 -1.5 10 -4.5 -1.5
3 16 6.025 -4.6838 8.5 -6.2229 -5.25 10 6.025 -4.6838 11.5
3 16 -6.2229 -5.25 10 6.025 -4.6838 18.5 6.025 -4.6838 11.5
3 16 6.025 -4.6838 11.5 6.025 -4.6838 18.5 10 -4.5 11.5
3 16 6.025 -4.6838 18.5 10 -4.5 18.5 10 -4.5 11.5
3 16 -6.2229 -5.25 10 6.025 -4.6838 1.5 -6.2229 -5.25 -6.25
3 16 -6.2229 -5.25 -6.25 6.025 -4.6838 1.5 6.025 -4.6838 -1.5
3 16 -6.2229 -5.25 10 -6.2229 -5.25 26.25 6.025 -4.6838 18.5
3 16 6.025 -4.6838 18.5 -6.2229 -5.25 26.25 6.025 -4.6838 21.5
3 16 -6.2229 -5.25 10 6.025 -4.6838 8.5 6.025 -4.6838 1.5
3 16 6.025 -4.6838 8.5 10 -4.5 8.5 6.025 -4.6838 1.5
3 16 10 -4.5 8.5 10 -4.5 1.5 6.025 -4.6838 1.5
3 16 -10 -8 -10 -1.6982 -7.8044 -10 -10 -8 10.0015
3 16 -10 -8 10.0015 -1.6982 -7.8044 -10 -1.6982 -7.8044 10.0015
3 16 30 8 30.003 39.1623 -1.0053 30.003 47.0788 1.4976 30.003
3 16 14.8281 -6.2426 30.003 14.8281 -6.2426 10.0015 23.0182 -4.8799 30.003
3 16 23.0182 -4.8799 30.003 14.8281 -6.2426 10.0015 23.0182 -4.8799 10.0015
3 16 -10 0 -10 10 0 -10 -10 -8 -10
3 16 54.8683 4.3703 30.003 30 8 30.003 47.0788 1.4976 30.003
3 16 54.8683 4.3703 30.003 62.5137 7.6065 30.003 30 8 30.003
3 16 62.5137 7.6065 30.003 70 16 30.003 30 8 30.003
3 16 -1.6982 -7.8044 -10 -10 -8 -10 10 0 -10
3 16 -1.6982 -7.8044 -10 6.5832 -7.2181 -10 -1.6982 -7.8044 10.0015
3 16 -1.6982 -7.8044 10.0015 6.5832 -7.2181 -10 6.5832 -7.2181 10.0015
3 16 23.0182 -4.8799 30.003 23.0182 -4.8799 10.0015 31.1359 -3.1328 30.003
3 16 31.1359 -3.1328 30.003 23.0182 -4.8799 10.0015 31.1359 -3.1328 10.0015
3 16 -1.6982 -7.8044 -10 10 0 -10 6.5832 -7.2181 -10
3 16 30 8 -10 10 0 -10 10 8 -10
3 16 10 0 -10 14.8281 -6.2426 -10 6.5832 -7.2181 -10
3 16 70 16 30.003 62.5137 7.6065 30.003 70 11.2 30.003
3 16 14.8281 -6.2426 -10 10 0 -10 23.0182 -4.8799 -10
3 16 31.1359 -3.1328 30.003 31.1359 -3.1328 10.0015 39.1623 -1.0053 30.003
3 16 39.1623 -1.0053 30.003 31.1359 -3.1328 10.0015 39.1623 -1.0053 10.0015
3 16 6.5832 -7.2181 -10 14.8281 -6.2426 -10 6.5832 -7.2181 10.0015
3 16 6.5832 -7.2181 10.0015 14.8281 -6.2426 -10 14.8281 -6.2426 10.0015
3 16 31.1359 -3.1328 -10 23.0182 -4.8799 -10 10 0 -10
3 16 39.1623 -1.0053 -10 10 0 -10 30 8 -10
3 16 31.1359 -3.1328 -10 10 0 -10 39.1623 -1.0053 -10
3 16 30 8 -10 30 16 -10 70 16 -10
3 16 39.1623 -1.0053 30.003 39.1623 -1.0053 10.0015 47.0788 1.4976 30.003
3 16 47.0788 1.4976 30.003 39.1623 -1.0053 10.0015 47.0788 1.4976 10.0015
3 16 14.8281 -6.2426 -10 23.0182 -4.8799 -10 14.8281 -6.2426 10.0015
3 16 14.8281 -6.2426 10.0015 23.0182 -4.8799 -10 23.0182 -4.8799 10.0015
3 16 30 8 -10 47.0788 1.4976 -10 39.1623 -1.0053 -10
3 16 54.8683 4.3703 -10 47.0788 1.4976 -10 30 8 -10
3 16 47.0788 1.4976 30.003 47.0788 1.4976 10.0015 54.8683 4.3703 30.003
3 16 54.8683 4.3703 30.003 47.0788 1.4976 10.0015 54.8683 4.3703 10.0015
3 16 54.8683 4.3703 -10 30 8 -10 62.5137 7.6065 -10
3 16 62.5137 7.6065 -10 30 8 -10 70 16 -10
3 16 23.0182 -4.8799 -10 31.1359 -3.1328 -10 23.0182 -4.8799 10.0015
3 16 23.0182 -4.8799 10.0015 31.1359 -3.1328 -10 31.1359 -3.1328 10.0015
3 16 54.8683 4.3703 30.003 54.8683 4.3703 10.0015 62.5137 7.6065 30.003
3 16 62.5137 7.6065 30.003 54.8683 4.3703 10.0015 62.5137 7.6065 10.0015
3 16 70 11.2 10.0015 70 16 10.0007 70 11.2 30.003
3 16 70 11.2 30.003 70 16 10.0007 70 16 30.003
3 16 62.5137 7.6065 30.003 62.5137 7.6065 10.0015 70 11.2 30.003
3 16 70 11.2 30.003 62.5137 7.6065 10.0015 70 11.2 10.0015
3 16 70 16 -10 70 11.2 -10 62.5137 7.6065 -10
3 16 31.1359 -3.1328 -10 39.1623 -1.0053 -10 31.1359 -3.1328 10.0015
3 16 31.1359 -3.1328 10.0015 39.1623 -1.0053 -10 39.1623 -1.0053 10.0015
3 16 39.1623 -1.0053 -10 47.0788 1.4976 -10 39.1623 -1.0053 10.0015
3 16 39.1623 -1.0053 10.0015 47.0788 1.4976 -10 47.0788 1.4976 10.0015
3 16 47.0788 1.4976 -10 54.8683 4.3703 -10 47.0788 1.4976 10.0015
3 16 47.0788 1.4976 10.0015 54.8683 4.3703 -10 54.8683 4.3703 10.0015
3 16 54.8683 4.3703 -10 62.5137 7.6065 -10 54.8683 4.3703 10.0015
3 16 54.8683 4.3703 10.0015 62.5137 7.6065 -10 62.5137 7.6065 10.0015
3 16 70 11.2 10.0015 70 11.2 -10 70 16 10.0007
3 16 70 16 10.0007 70 11.2 -10 70 16 -10
3 16 62.5137 7.6065 -10 70 11.2 -10 62.5137 7.6065 10.0015
3 16 62.5137 7.6065 10.0015 70 11.2 -10 70 11.2 10.0015
3 16 30 8 30.003 70 16 30.003 30 16 30.003
3 16 31.1359 -3.1328 30.003 39.1623 -1.0053 30.003 10 0 30.003
3 16 6.5832 -7.2181 30.003 6.5832 -7.2181 10.0015 14.8281 -6.2426 30.003
3 16 14.8281 -6.2426 30.003 6.5832 -7.2181 10.0015 14.8281 -6.2426 10.0015
3 16 39.1623 -1.0053 30.003 30 8 30.003 10 0 30.003
3 16 31.1359 -3.1328 30.003 10 0 30.003 23.0182 -4.8799 30.003
3 16 14.8281 -6.2426 30.003 23.0182 -4.8799 30.003 10 0 30.003
3 16 -10 0 10.0007 -10 0 -10 -10 -8 10.0015
3 16 -10 -8 10.0015 -10 0 -10 -10 -8 -10
3 16 10 0 30.003 6.5832 -7.2181 30.003 14.8281 -6.2426 30.003
3 16 -1.6982 -7.8044 30.003 -1.6982 -7.8044 10.0015 6.5832 -7.2181 30.003
3 16 6.5832 -7.2181 30.003 -1.6982 -7.8044 10.0015 6.5832 -7.2181 10.0015
3 16 30 8 30.003 10 8 30.003 10 0 30.003
3 16 -1.6982 -7.8044 30.003 6.5832 -7.2181 30.003 10 0 30.003
3 16 -1.6982 -7.8044 30.003 10 0 30.003 -10 -8 30.003
3 16 -10 0 30.003 -10 -8 30.003 10 0 30.003
3 16 -10 -8 30.003 -10 -8 10.0015 -1.6982 -7.8044 30.003
3 16 -1.6982 -7.8044 30.003 -10 -8 10.0015 -1.6982 -7.8044 10.0015
3 16 -10 0 10.0007 -10 -8 10.0015 -10 0 30.003
3 16 -10 0 30.003 -10 -8 10.0015 -10 -8 30.003
3 16 0 -5.25 13.9382 1.9691 -5.25 13.4106 0 0 13.9382
3 16 0 0 13.9382 1.9691 -5.25 13.4106 1.9691 0 13.4106
3 16 -1.9691 -5.25 13.4106 0 -5.25 13.9382 -1.9691 0 13.4106
3 16 -1.9691 0 13.4106 0 -5.25 13.9382 0 0 13.9382
3 16 -3.4106 -5.25 11.9691 -1.9691 -5.25 13.4106 -3.4106 0 11.9691
3 16 -3.4106 0 11.9691 -1.9691 -5.25 13.4106 -1.9691 0 13.4106
3 16 -3.9382 -5.25 10 -3.4106 -5.25 11.9691 -3.9382 0 10
3 16 -3.9382 0 10 -3.4106 -5.25 11.9691 -3.4106 0 11.9691
3 16 -3.4106 -5.25 8.0309 -3.9382 -5.25 10 -3.4106 0 8.0309
3 16 -3.4106 0 8.0309 -3.9382 -5.25 10 -3.9382 0 10
3 16 -1.9691 -5.25 6.5894 -3.4106 -5.25 8.0309 -1.9691 0 6.5894
3 16 -1.9691 0 6.5894 -3.4106 -5.25 8.0309 -3.4106 0 8.0309
3 16 0 -5.25 6.0618 -1.9691 -5.25 6.5894 0 0 6.0618
3 16 0 0 6.0618 -1.9691 -5.25 6.5894 -1.9691 0 6.5894
3 16 1.9691 -5.25 6.5894 0 -5.25 6.0618 1.9691 0 6.5894
3 16 1.9691 0 6.5894 0 -5.25 6.0618 0 0 6.0618
3 16 3.4106 -5.25 8.0309 1.9691 -5.25 6.5894 3.4106 0 8.0309
3 16 3.4106 0 8.0309 1.9691 -5.25 6.5894 1.9691 0 6.5894
3 16 3.9382 -5.25 10 3.4106 -5.25 8.0309 3.9382 0 10
3 16 3.9382 0 10 3.4106 -5.25 8.0309 3.4106 0 8.0309
3 16 3.4106 -5.25 11.9691 3.9382 -5.25 10 3.4106 0 11.9691
3 16 3.4106 0 11.9691 3.9382 -5.25 10 3.9382 0 10
3 16 3.4106 0 11.9691 1.9691 0 13.4106 3.4106 -5.25 11.9691
3 16 3.4106 -5.25 11.9691 1.9691 0 13.4106 1.9691 -5.25 13.4106
3 16 1.9691 0 13.4106 0 0 10 0 0 13.9382
3 16 0 0 10 1.9691 0 13.4106 3.4106 0 11.9691
3 16 0 0 10 3.4106 0 11.9691 3.9382 0 10
3 16 0 0 10 3.9382 0 10 3.4106 0 8.0309
3 16 0 0 10 3.4106 0 8.0309 1.9691 0 6.5894
3 16 0 0 10 1.9691 0 6.5894 0 0 6.0618
3 16 0 0 10 0 0 6.0618 -1.9691 0 6.5894
3 16 0 0 10 -1.9691 0 6.5894 -3.4106 0 8.0309
3 16 0 0 10 -3.4106 0 8.0309 -3.9382 0 10
3 16 0 0 10 -3.9382 0 10 -3.4106 0 11.9691
3 16 0 0 10 -3.4106 0 11.9691 -1.9691 0 13.4106
3 16 0 0 10 -1.9691 0 13.4106 0 0 13.9382
3 16 33.75 2.45 26.25 33.75 16 26.25 40.5 2.45 26.25
3 16 40.5 2.45 26.25 33.75 16 26.25 62.5 10.75 26.25
3 16 70 16 30.003 66.25 16 26.25 30 16 30.003
3 16 33.75 2.45 26.25 33.75 2.45 10 33.75 16 26.25
3 16 33.75 16 26.25 33.75 2.45 10 33.75 16 10
3 16 66.25 16 26.25 62.5 10.75 26.25 33.75 16 26.25
3 16 45.7782 16 17.3123 42.6877 16 14.2218 45.7782 4.5257 17.3123
3 16 45.7782 4.5257 17.3123 42.6877 16 14.2218 42.6877 3.3453 14.2218
3 16 42.6877 16 14.2218 41.5565 16 10 42.6877 3.3453 14.2218
3 16 42.6877 3.3453 14.2218 41.5565 16 10 41.6622 2.9283 10
3 16 43.6034 3.73 10 43.6034 16 10 44.4604 4.0396 13.1983
3 16 44.4604 4.0396 13.1983 43.6034 16 10 44.4604 16 13.1983
3 16 45.7782 4.5257 17.3123 42.6877 3.3453 14.2218 40.5 2.45 26.25
3 16 50 6.0408 18.4436 45.7782 4.5257 17.3123 40.5 2.45 26.25
3 16 41.6622 2.9283 10 40.5 2.45 26.25 42.6877 3.3453 14.2218
3 16 54.2218 16 17.3123 50 16 18.4436 54.2218 7.5971 17.3123
3 16 54.2218 7.5971 17.3123 50 16 18.4436 50 6.0408 18.4436
3 16 62.5 10.75 26.25 54.2218 7.5971 17.3123 40.5 2.45 26.25
3 16 54.2218 7.5971 17.3123 50 6.0408 18.4436 40.5 2.45 26.25
3 16 40.5 2.45 10 40.5 2.45 26.25 41.6622 2.9283 10
3 16 46.8017 16 15.5396 44.4604 16 13.1983 45.7782 16 17.3123
3 16 45.7782 16 17.3123 44.4604 16 13.1983 42.6877 16 14.2218
3 16 66.25 10.75 26.25 62.5 10.75 26.25 66.25 16 26.25
3 16 33.75 16 10 33.75 16 -6.25 30 16 10
3 16 30 16 10 33.75 16 -6.25 30 16 -10
3 16 44.4604 4.0396 13.1983 46.8017 4.8854 15.5396 50 6.0408 16.3966
3 16 44.4604 16 13.1983 43.6034 16 10 42.6877 16 14.2218
3 16 42.6877 16 14.2218 43.6034 16 10 41.5565 16 10
3 16 50 16 16.3966 46.8017 16 15.5396 50 16 18.4436
3 16 50 16 18.4436 46.8017 16 15.5396 45.7782 16 17.3123
3 16 43.6034 3.73 10 44.4604 4.0396 13.1983 50 6.0408 16.3966
3 16 45.7782 16 2.6877 45.7782 4.5257 2.6877 42.6877 16 5.7782
3 16 42.6877 16 5.7782 45.7782 4.5257 2.6877 42.6877 3.3453 5.7782
3 16 40.5 2.45 26.25 40.5 2.45 10 33.75 2.45 26.25
3 16 33.75 2.45 26.25 40.5 2.45 10 33.75 2.45 10
3 16 53.1983 7.1962 15.5396 43.6034 3.73 10 50 6.0408 16.3966
3 16 57.3124 8.7363 14.2218 54.2218 7.5971 17.3123 62.5 10.75 26.25
3 16 55.5396 8.042 13.1983 43.6034 3.73 10 53.1983 7.1962 15.5396
3 16 58.4436 16 10 57.3124 16 14.2218 58.4436 9.1533 10
3 16 58.4436 9.1533 10 57.3124 16 14.2218 57.3124 8.7363 14.2218
3 16 58.4436 9.1533 10 57.3124 8.7363 14.2218 62.5 10.75 26.25
3 16 40.5 2.45 10 41.6622 2.9283 10 40.5 2.45 -6.25
3 16 43.6034 3.73 10 56.3966 8.3516 10 44.4604 4.0396 6.8017
3 16 53.1983 16 15.5396 50 16 16.3966 54.2218 16 17.3123
3 16 54.2218 16 17.3123 50 16 16.3966 50 16 18.4436
3 16 44.4604 16 6.8017 42.6877 16 5.7782 43.6034 16 10
3 16 43.6034 16 10 42.6877 16 5.7782 41.5565 16 10
3 16 56.3966 8.3516 10 43.6034 3.73 10 55.5396 8.042 13.1983
3 16 33.75 16 -6.25 66.25 16 -6.25 30 16 -10
3 16 50 16 18.4436 45.7782 16 17.3123 50 6.0408 18.4436
3 16 50 6.0408 18.4436 45.7782 16 17.3123 45.7782 4.5257 17.3123
3 16 33.75 2.45 -6.25 40.5 2.45 -6.25 33.75 16 -6.25
3 16 62.5 10.75 10 58.4436 9.1533 10 62.5 10.75 26.25
3 16 41.6622 2.9283 10 42.6877 3.3453 5.7782 40.5 2.45 -6.25
3 16 44.4604 4.0396 6.8017 56.3966 8.3516 10 46.8017 4.8854 4.4604
3 16 44.4604 4.0396 13.1983 44.4604 16 13.1983 46.8017 4.8854 15.5396
3 16 46.8017 4.8854 15.5396 44.4604 16 13.1983 46.8017 16 15.5396
3 16 46.8017 4.8854 4.4604 56.3966 8.3516 10 50 6.0408 3.6034
3 16 42.6877 3.3453 5.7782 45.7782 4.5257 2.6877 40.5 2.45 -6.25
3 16 46.8017 4.8854 15.5396 46.8017 16 15.5396 50 6.0408 16.3966
3 16 50 6.0408 16.3966 46.8017 16 15.5396 50 16 16.3966
3 16 56.3966 8.3516 10 55.5396 8.042 6.8017 50 6.0408 3.6034
3 16 33.75 2.45 -6.25 33.75 16 -6.25 33.75 2.45 10
3 16 33.75 2.45 10 33.75 16 -6.25 33.75 16 10
3 16 55.5396 8.042 6.8017 53.1983 7.1962 4.4604 50 6.0408 3.6034
3 16 40.5 2.45 -6.25 62.5 10.75 -6.25 33.75 16 -6.25
3 16 55.5396 16 13.1983 53.1983 16 15.5396 57.3124 16 14.2218
3 16 57.3124 16 14.2218 53.1983 16 15.5396 54.2218 16 17.3123
3 16 46.8017 16 4.4604 45.7782 16 2.6877 44.4604 16 6.8017
3 16 44.4604 16 6.8017 45.7782 16 2.6877 42.6877 16 5.7782
3 16 50 6.0408 16.3966 50 16 16.3966 53.1983 7.1962 15.5396
3 16 53.1983 7.1962 15.5396 50 16 16.3966 53.1983 16 15.5396
3 16 41.6622 2.9283 10 41.5565 16 10 42.6877 3.3453 5.7782
3 16 42.6877 3.3453 5.7782 41.5565 16 10 42.6877 16 5.7782
3 16 44.4604 16 6.8017 43.6034 16 10 44.4604 4.0396 6.8017
3 16 44.4604 4.0396 6.8017 43.6034 16 10 43.6034 3.73 10
3 16 66.25 16 -6.25 33.75 16 -6.25 62.5 10.75 -6.25
3 16 62.5 10.75 10 62.5 10.75 -6.25 58.4436 9.1533 10
3 16 45.7782 4.5257 2.6877 50.0179 6.0408 1.5564 62.5 10.75 -6.25
3 16 62.5 10.75 -6.25 57.3124 8.7363 5.7782 58.4436 9.1533 10
3 16 40.5 2.45 -6.25 45.7782 4.5257 2.6877 62.5 10.75 -6.25
3 16 50.0179 6.0408 1.5564 54.2218 7.5971 2.6877 62.5 10.75 -6.25
3 16 54.2218 7.5971 2.6877 57.3124 8.7363 5.7782 62.5 10.75 -6.25
3 16 70 16 -10 30 16 -10 66.25 16 -6.25
3 16 57.3124 16 14.2218 54.2218 16 17.3123 57.3124 8.7363 14.2218
3 16 57.3124 8.7363 14.2218 54.2218 16 17.3123 54.2218 7.5971 17.3123
3 16 53.1983 7.1962 15.5396 53.1983 16 15.5396 55.5396 8.042 13.1983
3 16 55.5396 8.042 13.1983 53.1983 16 15.5396 55.5396 16 13.1983
3 16 56.3966 16 9.9999 55.5396 16 13.1983 58.4436 16 10
3 16 58.4436 16 10 55.5396 16 13.1983 57.3124 16 14.2218
3 16 50.0179 16 1.5564 45.7782 16 2.6877 50 16 3.6034
3 16 50 16 3.6034 45.7782 16 2.6877 46.8017 16 4.4604
3 16 46.8017 16 4.4604 44.4604 16 6.8017 46.8017 4.8854 4.4604
3 16 46.8017 4.8854 4.4604 44.4604 16 6.8017 44.4604 4.0396 6.8017
3 16 56.3966 16 9.9999 58.4436 16 10 55.5396 16 6.8017
3 16 55.5396 16 6.8017 58.4436 16 10 57.3124 16 5.7782
3 16 54.2218 16 2.6877 50.0179 16 1.5564 53.1983 16 4.4604
3 16 53.1983 16 4.4604 50.0179 16 1.5564 50 16 3.6034
3 16 40.5 2.45 -6.25 33.75 2.45 -6.25 40.5 2.45 10
3 16 40.5 2.45 10 33.75 2.45 -6.25 33.75 2.45 10
3 16 66.25 10.75 -6.25 66.25 16 -6.25 62.5 10.75 -6.25
3 16 66.25 16 10 66.25 16 26.25 70 16 10.0007
3 16 70 16 10.0007 66.25 16 26.25 70 16 30.003
3 16 50 16 3.6034 46.8017 16 4.4604 50 6.0408 3.6034
3 16 50 6.0408 3.6034 46.8017 16 4.4604 46.8017 4.8854 4.4604
3 16 55.5396 16 6.8017 57.3124 16 5.7782 53.1983 16 4.4604
3 16 53.1983 16 4.4604 57.3124 16 5.7782 54.2218 16 2.6877
3 16 66.25 10.75 10 66.25 10.75 26.25 66.25 16 10
3 16 66.25 16 10 66.25 10.75 26.25 66.25 16 26.25
3 16 45.7782 4.5257 2.6877 45.7782 16 2.6877 50.0179 6.0408 1.5564
3 16 50.0179 6.0408 1.5564 45.7782 16 2.6877 50.0179 16 1.5564
3 16 56.3966 16 9.9999 55.5396 16 6.8017 56.3966 8.3516 10
3 16 56.3966 8.3516 10 55.5396 16 6.8017 55.5396 8.042 6.8017
3 16 66.25 10.75 26.25 66.25 10.75 10 62.5 10.75 26.25
3 16 62.5 10.75 26.25 66.25 10.75 10 62.5 10.75 10
3 16 53.1983 16 4.4604 50 16 3.6034 53.1983 7.1962 4.4604
3 16 53.1983 7.1962 4.4604 50 16 3.6034 50 6.0408 3.6034
3 16 55.5396 16 6.8017 53.1983 16 4.4604 55.5396 8.042 6.8017
3 16 55.5396 8.042 6.8017 53.1983 16 4.4604 53.1983 7.1962 4.4604
3 16 57.3124 8.7363 5.7782 57.3124 16 5.7782 58.4436 9.1533 10
3 16 58.4436 9.1533 10 57.3124 16 5.7782 58.4436 16 10
3 16 50.0179 6.0408 1.5564 50.0179 16 1.5564 54.2218 7.5971 2.6877
3 16 54.2218 7.5971 2.6877 50.0179 16 1.5564 54.2218 16 2.6877
3 16 54.2218 7.5971 2.6877 54.2218 16 2.6877 57.3124 8.7363 5.7782
3 16 57.3124 8.7363 5.7782 54.2218 16 2.6877 57.3124 16 5.7782
3 16 66.25 10.75 10 66.25 16 10 66.25 10.75 -6.25
3 16 66.25 10.75 -6.25 66.25 16 10 66.25 16 -6.25
3 16 66.25 16 10 70 16 10.0007 66.25 16 -6.25
3 16 66.25 16 -6.25 70 16 10.0007 70 16 -10
3 16 66.25 10.75 -6.25 62.5 10.75 -6.25 66.25 10.75 10
3 16 66.25 10.75 10 62.5 10.75 -6.25 62.5 10.75 10
3 16 55.5396 8.042 13.1983 55.5396 16 13.1983 56.3966 8.3516 10
3 16 56.3966 8.3516 10 55.5396 16 13.1983 56.3966 16 9.9999
3 16 33.75 16 26.25 30 16 30.003 66.25 16 26.25
3 16 30 16 30.003 33.75 16 26.25 30 16 10
3 16 30 16 10 33.75 16 26.25 33.75 16 10
2 24 30 8 18.625 26.025 8 18.625
2 24 30 8 18.625 30 8 21.375
2 24 26.025 8 18.625 26.025 8 21.375
2 24 30 8 21.375 26.025 8 21.375
2 24 16.5359 8 8 16 8 10
2 24 22 8 13.4641 20 8 14
2 24 16.5359 8 8 18 8 6.5359
2 24 22 8 13.4641 23.4641 8 12
2 24 18 8 13.4641 16.5359 8 12
2 24 18 -2.7512 13.4641 16.5359 -3.0125 12
2 24 18 8 6.5359 20 8 6
2 24 23.4641 8 12 24 8 10
2 24 18 8 13.4641 20 8 14
2 24 18 -2.7512 13.4641 20 -2.3943 14
2 24 20 8 6 22 8 6.5359
2 24 24 8 10 23.4641 8 8
2 24 10 8 -10 10 8 10
2 24 13.75 8 -6.25 13.75 8 10
2 24 22 8 6.5359 23.4641 8 8
2 24 20 8 14 22 8 13.4641
2 24 20 -2.3943 14 22 -2.0374 13.4641
2 24 24 8 10 23.4641 8 12
2 24 24 -1.6804 10 23.4641 -1.7761 12
2 24 16 -3.1081 10 16.5359 -3.0125 8
2 24 16 8 10 16.5359 8 8
2 24 16.5359 8 12 16 8 10
2 24 16.5359 -3.0125 12 16 -3.1081 10
2 24 22 8 13.4641 23.4641 8 12
2 24 22 -2.0374 13.4641 23.4641 -1.7761 12
2 24 16.5359 -3.0125 8 18 -2.7512 6.5359
2 24 16.5359 8 8 18 8 6.5359
2 24 26.025 -1.319 21.375 26.025 8 21.375
2 24 26.025 -1.319 21.375 26.025 -1.319 18.625
2 24 26.025 8 21.375 26.025 8 18.625
2 24 26.025 -1.319 18.625 26.025 8 18.625
2 24 13.75 8 10 13.75 8 -6.25
2 24 13.8042 -3.5 10 13.8042 -3.5 -6.25
2 24 13.75 8 -6.25 13.8042 -3.5 -6.25
2 24 18 -2.7512 6.5359 20 -2.3943 6
2 24 18 8 6.5359 20 8 6
2 24 10 8 -10 30 8 -10
2 24 24 -1.6804 10 23.4641 -1.7761 8
2 24 24 8 10 23.4641 8 8
2 24 20 -2.3943 6 22 -2.0374 6.5359
2 24 20 8 6 22 8 6.5359
2 24 23.4641 -1.7761 8 22 -2.0374 6.5359
2 24 23.4641 8 8 22 8 6.5359
2 24 13.75 8 -6.25 30 8 -6.25
2 24 30 8 -10 30 8 -6.25
2 24 13.8042 -3.5 -6.25 30.0542 -0.6 -6.25
2 24 13.8042 -3.5 -6.25 13.75 8 -6.25
2 24 26.025 -1.319 21.375 30.0542 -0.6 21.375
2 24 26.025 -1.319 21.375 26.025 8 21.375
2 24 30.0542 -0.6 21.375 30 8 21.375
2 24 26.025 8 21.375 30 8 21.375
2 24 13.75 8 -6.25 30 8 -6.25
2 24 30.0542 -0.6 -6.25 30 8 -6.25
2 24 26.025 -1.319 18.625 26.025 8 18.625
2 24 26.025 -1.319 18.625 30.0542 -0.6 18.625
2 24 26.025 8 18.625 30 8 18.625
2 24 30.0542 -0.6 18.625 30 8 18.625
2 24 26.025 8 11.375 30 8 11.375
2 24 26.025 8 11.375 26.025 8 8.625
2 24 30 8 11.375 30 8 8.625
2 24 26.025 8 8.625 30 8 8.625
2 24 30.0542 -0.6 18.625 30.0542 -0.6 11.375
2 24 30.0542 -0.6 18.625 26.025 -1.319 18.625
2 24 30.0542 -0.6 11.375 26.025 -1.319 11.375
2 24 23.4641 -1.7761 12 22 -2.0374 13.4641
2 24 30 8 -1.375 26.025 8 -1.375
2 24 30 8 -1.375 30 8 1.375
2 24 26.025 8 -1.375 26.025 8 1.375
2 24 30 8 1.375 26.025 8 1.375
2 24 26.025 -1.319 11.375 30.0542 -0.6 11.375
2 24 26.025 -1.319 11.375 26.025 8 11.375
2 24 26.025 8 11.375 30 8 11.375
2 24 30.0542 -0.6 11.375 30 8 11.375
2 24 23.4641 -1.7761 8 24 -1.6804 10
2 24 26.025 -1.319 11.375 26.025 -1.319 8.625
2 24 26.025 -1.319 8.625 26.025 8 8.625
2 24 26.025 -1.319 8.625 30.0542 -0.6 8.625
2 24 26.025 8 8.625 30 8 8.625
2 24 30.0542 -0.6 8.625 30 8 8.625
2 24 26.025 -1.319 11.375 26.025 8 11.375
2 24 26.025 -1.319 11.375 26.025 -1.319 8.625
2 24 26.025 -1.319 8.625 26.025 8 8.625
2 24 26.025 8 11.375 26.025 8 8.625
2 24 26.025 -1.319 1.375 30.0542 -0.6 1.375
2 24 26.025 -1.319 1.375 26.025 8 1.375
2 24 30.0542 -0.6 1.375 30 8 1.375
2 24 26.025 8 1.375 30 8 1.375
2 24 30 8 11.375 30 8 8.625
2 24 26.025 -1.319 1.375 26.025 8 1.375
2 24 26.025 -1.319 1.375 26.025 -1.319 -1.375
2 24 26.025 8 1.375 26.025 8 -1.375
2 24 26.025 -1.319 -1.375 26.025 8 -1.375
2 24 30 8 -1.375 30.0542 -0.6 -1.375
2 24 30 8 -1.375 26.025 8 -1.375
2 24 30.0542 -0.6 -1.375 26.025 -1.319 -1.375
2 24 26.025 8 -1.375 26.025 -1.319 -1.375
2 24 20 8 14 18 8 13.4641
2 24 16 8 10 16.5359 8 12
2 24 18 8 13.4641 16.5359 8 12
2 24 13.75 8 26.25 30 8 26.25
2 24 30.0542 -0.6 26.25 30 8 26.25
2 24 13.75 8 26.25 13.8042 -3.5 26.25
2 24 30.0542 -0.6 26.25 13.8042 -3.5 26.25
2 24 30 8 26.25 13.75 8 26.25
2 24 30 8 30.003 30 8 26.25
2 24 13.75 8 10 13.75 8 26.25
2 24 13.75 8 26.25 13.8042 -3.5 26.25
2 24 13.8042 -3.5 10 13.8042 -3.5 26.25
2 24 30 8 30.003 10 8 30.003
2 24 13.75 8 10 13.75 8 26.25
2 24 10 8 10 10 8 30.003
2 24 30 8 8.625 30.0542 -0.6 8.625
2 24 30 8 1.375 30.0542 -0.6 1.375
2 24 30.0542 -0.6 8.625 30.0542 -0.6 1.375
2 24 30 8 18.625 30.0542 -0.6 18.625
2 24 30 8 11.375 30.0542 -0.6 11.375
2 24 30.0542 -0.6 18.625 30.0542 -0.6 11.375
2 24 30 8 -1.375 30.0542 -0.6 -1.375
2 24 30 8 -6.25 30.0542 -0.6 -6.25
2 24 30.0542 -0.6 -1.375 30.0542 -0.6 -6.25
2 24 30 8 26.25 30.0542 -0.6 26.25
2 24 30 8 21.375 30.0542 -0.6 21.375
2 24 30.0542 -0.6 26.25 30.0542 -0.6 21.375
2 24 30 16 10 30 16 30.003
2 24 30 8 18.625 30 8 21.375
2 24 30 16 10 30 16 -10
2 24 30 8 1.375 30 8 -1.375
2 24 13.8042 -3.5 -6.25 30.0542 -0.6 -6.25
2 24 26.025 -1.319 -1.375 30.0542 -0.6 -1.375
2 24 30.0542 -0.6 -6.25 30.0542 -0.6 -1.375
2 24 13.8042 -3.5 -6.25 13.8042 -3.5 10
2 24 26.025 -1.319 -1.375 26.025 -1.319 1.375
2 24 22 -2.0374 6.5359 20 -2.3943 6
2 24 20 -2.3943 6 18 -2.7512 6.5359
2 24 16 -3.1081 10 16.5359 -3.0125 8
2 24 18 -2.7512 6.5359 16.5359 -3.0125 8
2 24 30.0542 -0.6 21.375 26.025 -1.319 21.375
2 24 30.0542 -0.6 21.375 30.0542 -0.6 26.25
2 24 30.0542 -0.6 26.25 13.8042 -3.5 26.25
2 24 13.8042 -3.5 10 13.8042 -3.5 26.25
2 24 16 -3.1081 10 16.5359 -3.0125 12
2 24 16.5359 -3.0125 12 18 -2.7512 13.4641
2 24 18 -2.7512 13.4641 20 -2.3943 14
2 24 26.025 -1.319 18.625 26.025 -1.319 21.375
2 24 22 -2.0374 13.4641 20 -2.3943 14
2 24 30.0542 -0.6 8.625 30.0542 -0.6 1.375
2 24 26.025 -1.319 8.625 30.0542 -0.6 8.625
2 24 26.025 -1.319 1.375 30.0542 -0.6 1.375
2 24 23.4641 -1.7761 8 22 -2.0374 6.5359
2 24 23.4641 -1.7761 12 24 -1.6804 10
2 24 30 8 -6.25 30 8 -10
2 24 30 16 -10 30 8 -10
2 24 30 8 26.25 30 8 30.003
2 24 30 16 30.003 30 8 30.003
2 24 -10 0 -10 10 0 -10
2 24 6.025 -4.6838 8.5 6.025 0 8.5
2 24 6.025 -4.6838 8.5 10 -4.5 8.5
2 24 10 -4.5 8.5 10 0 8.5
2 24 6.025 0 8.5 10 0 8.5
2 24 -6.2229 -5.25 -6.25 10 -4.5 -6.25
2 24 -6.25 0 -6.25 -6.2229 -5.25 -6.25
2 24 10 0 -10 10 0 -6.25
2 24 -6.25 0 -6.25 10 0 -6.25
2 24 10 -4.5 -6.25 10 0 -6.25
2 24 -6.25 0 -6.25 10 0 -6.25
2 24 10 0 -1.5 6.025 0 -1.5
2 24 10 0 -1.5 10 0 1.5
2 24 6.025 0 -1.5 6.025 0 1.5
2 24 10 0 1.5 6.025 0 1.5
2 24 6.025 -4.6838 1.5 6.025 0 1.5
2 24 6.025 -4.6838 1.5 6.025 -4.6838 -1.5
2 24 6.025 0 1.5 6.025 0 -1.5
2 24 6.025 -4.6838 -1.5 6.025 0 -1.5
2 24 10 8 -10 10 0 -10
2 24 10 0 -6.25 10 0 -10
2 24 6.025 -4.6838 1.5 10 -4.5 1.5
2 24 6.025 -4.6838 1.5 6.025 0 1.5
2 24 6.025 0 1.5 10 0 1.5
2 24 10 -4.5 1.5 10 0 1.5
2 24 6.025 -4.6838 -1.5 6.025 0 -1.5
2 24 6.025 -4.6838 -1.5 10 -4.5 -1.5
2 24 10 -4.5 -1.5 10 0 -1.5
2 24 6.025 0 -1.5 10 0 -1.5
2 24 -6.2229 -5.25 26.25 10 -4.5 26.25
2 24 10 -4.5 26.25 10 -4.5 21.5
2 24 6.025 -4.6838 21.5 10 -4.5 21.5
2 24 6.025 -4.6838 11.5 10 -4.5 11.5
2 24 6.025 -4.6838 11.5 6.025 0 11.5
2 24 10 -4.5 11.5 10 0 11.5
2 24 6.025 0 11.5 10 0 11.5
2 24 6.025 -4.6838 11.5 6.025 0 11.5
2 24 6.025 -4.6838 11.5 6.025 -4.6838 8.5
2 24 6.025 0 11.5 6.025 0 8.5
2 24 6.025 -4.6838 8.5 6.025 0 8.5
2 24 6.025 0 11.5 10 0 11.5
2 24 6.025 0 11.5 6.025 0 8.5
2 24 10 0 11.5 10 0 8.5
2 24 6.025 0 8.5 10 0 8.5
2 24 -6.2229 -5.25 -6.25 -6.25 0 -6.25
2 24 -6.2229 -5.25 -6.25 -6.2229 -5.25 10
2 24 -6.25 0 -6.25 -6.25 0 10
2 24 -6.25 0 -6.25 -6.25 0 10
2 24 -10 0 -10 -10 0 10.0007
2 24 10 0 26.25 10 -4.5 26.25
2 24 -6.25 0 26.25 10 0 26.25
2 24 6.025 -4.6838 21.5 6.025 0 21.5
2 24 6.025 -4.6838 21.5 6.025 -4.6838 18.5
2 24 6.025 0 21.5 6.025 0 18.5
2 24 6.025 -4.6838 18.5 6.025 0 18.5
2 24 10 0 18.5 6.025 0 18.5
2 24 10 0 18.5 10 0 21.5
2 24 6.025 0 18.5 6.025 0 21.5
2 24 10 0 21.5 6.025 0 21.5
2 24 10 0 26.25 10 0 30.003
2 24 10 8 30.003 10 0 30.003
2 24 10 0 30.003 10 0 26.25
2 24 -6.25 0 26.25 10 0 26.25
2 24 10 -4.5 26.25 -6.2229 -5.25 26.25
2 24 -6.25 0 26.25 -6.2229 -5.25 26.25
2 24 6.025 -4.6838 18.5 6.025 0 18.5
2 24 6.025 -4.6838 18.5 10 -4.5 18.5
2 24 6.025 0 18.5 10 0 18.5
2 24 10 -4.5 18.5 10 0 18.5
2 24 10 0 30.003 -10 0 30.003
2 24 -6.2229 -5.25 10 -6.2229 -5.25 26.25
2 24 -6.2229 -5.25 26.25 -6.25 0 26.25
2 24 -6.25 0 10 -6.25 0 26.25
2 24 6.025 -4.6838 21.5 10 -4.5 21.5
2 24 6.025 -4.6838 21.5 6.025 0 21.5
2 24 10 -4.5 21.5 10 0 21.5
2 24 6.025 0 21.5 10 0 21.5
2 24 -10 0 10.0007 -10 0 30.003
2 24 -6.25 0 10 -6.25 0 26.25
2 24 10 0 21.5 10 0 18.5
2 24 10 8 30.003 10 8 10
2 24 10 0 11.5 10 0 8.5
2 24 10 0 -1.5 10 0 1.5
2 24 10 8 -10 10 8 10
2 24 10 0 -1.5 10 -4.5 -1.5
2 24 10 0 -6.25 10 -4.5 -6.25
2 24 10 -4.5 -1.5 10 -4.5 -6.25
2 24 10 0 8.5 10 -4.5 8.5
2 24 10 0 1.5 10 -4.5 1.5
2 24 10 -4.5 8.5 10 -4.5 1.5
2 24 10 0 18.5 10 -4.5 18.5
2 24 10 0 11.5 10 -4.5 11.5
2 24 10 -4.5 18.5 10 -4.5 11.5
2 24 10 0 21.5 10 -4.5 21.5
2 24 10 -4.5 21.5 10 -4.5 26.25
2 24 10 0 26.25 10 -4.5 26.25
2 24 -6.2229 -5.25 -6.25 10 -4.5 -6.25
2 24 6.025 -4.6838 -1.5 10 -4.5 -1.5
2 24 10 -4.5 -6.25 10 -4.5 -1.5
2 24 6.025 -4.6838 8.5 6.025 -4.6838 11.5
2 24 6.025 -4.6838 11.5 10 -4.5 11.5
2 24 10 -4.5 11.5 10 -4.5 18.5
2 24 6.025 -4.6838 18.5 10 -4.5 18.5
2 24 -6.2229 -5.25 -6.25 -6.2229 -5.25 10
2 24 6.025 -4.6838 -1.5 6.025 -4.6838 1.5
2 24 -6.2229 -5.25 26.25 -6.2229 -5.25 10
2 24 6.025 -4.6838 21.5 6.025 -4.6838 18.5
2 24 6.025 -4.6838 8.5 10 -4.5 8.5
2 24 6.025 -4.6838 1.5 10 -4.5 1.5
2 24 10 -4.5 8.5 10 -4.5 1.5
2 24 -10 -8 -10 -1.6982 -7.8044 -10
2 24 -10 -8 -10 -10 -8 10.0015
2 24 39.1623 -1.0053 30.003 47.0788 1.4976 30.003
2 24 14.8281 -6.2426 30.003 23.0182 -4.8799 30.003
2 24 -10 0 -10 10 0 -10
2 24 -10 0 -10 -10 -8 -10
2 24 47.0788 1.4976 30.003 54.8683 4.3703 30.003
2 24 54.8683 4.3703 30.003 62.5137 7.6065 30.003
2 24 -10 -8 -10 -1.6982 -7.8044 -10
2 24 -1.6982 -7.8044 -10 6.5832 -7.2181 -10
2 24 23.0182 -4.8799 30.003 31.1359 -3.1328 30.003
2 24 -1.6982 -7.8044 -10 6.5832 -7.2181 -10
2 24 10 0 -10 10 8 -10
2 24 30 8 -10 10 8 -10
2 24 6.5832 -7.2181 -10 14.8281 -6.2426 -10
2 24 62.5137 7.6065 30.003 70 11.2 30.003
2 24 70 16 30.003 70 11.2 30.003
2 24 14.8281 -6.2426 -10 23.0182 -4.8799 -10
2 24 31.1359 -3.1328 30.003 39.1623 -1.0053 30.003
2 24 6.5832 -7.2181 -10 14.8281 -6.2426 -10
2 24 23.0182 -4.8799 -10 31.1359 -3.1328 -10
2 24 31.1359 -3.1328 -10 39.1623 -1.0053 -10
2 24 30 16 -10 70 16 -10
2 24 30 8 -10 30 16 -10
2 24 39.1623 -1.0053 30.003 47.0788 1.4976 30.003
2 24 14.8281 -6.2426 -10 23.0182 -4.8799 -10
2 24 39.1623 -1.0053 -10 47.0788 1.4976 -10
2 24 47.0788 1.4976 -10 54.8683 4.3703 -10
2 24 47.0788 1.4976 30.003 54.8683 4.3703 30.003
2 24 54.8683 4.3703 -10 62.5137 7.6065 -10
2 24 23.0182 -4.8799 -10 31.1359 -3.1328 -10
2 24 54.8683 4.3703 30.003 62.5137 7.6065 30.003
2 24 70 11.2 10.0015 70 11.2 30.003
2 24 70 16 10.0007 70 16 30.003
2 24 70 11.2 30.003 70 16 30.003
2 24 62.5137 7.6065 30.003 70 11.2 30.003
2 24 70 11.2 30.003 70 11.2 10.0015
2 24 62.5137 7.6065 -10 70 11.2 -10
2 24 70 16 -10 70 11.2 -10
2 24 31.1359 -3.1328 -10 39.1623 -1.0053 -10
2 24 39.1623 -1.0053 -10 47.0788 1.4976 -10
2 24 47.0788 1.4976 -10 54.8683 4.3703 -10
2 24 54.8683 4.3703 -10 62.5137 7.6065 -10
2 24 70 11.2 10.0015 70 11.2 -10
2 24 70 11.2 -10 70 16 -10
2 24 70 16 10.0007 70 16 -10
2 24 62.5137 7.6065 -10 70 11.2 -10
2 24 70 11.2 10.0015 70 11.2 -10
2 24 70 16 30.003 30 16 30.003
2 24 30 8 30.003 30 16 30.003
2 24 39.1623 -1.0053 30.003 31.1359 -3.1328 30.003
2 24 14.8281 -6.2426 30.003 6.5832 -7.2181 30.003
2 24 31.1359 -3.1328 30.003 23.0182 -4.8799 30.003
2 24 23.0182 -4.8799 30.003 14.8281 -6.2426 30.003
2 24 -10 0 10.0007 -10 0 -10
2 24 -10 0 -10 -10 -8 -10
2 24 -10 -8 10.0015 -10 -8 -10
2 24 14.8281 -6.2426 30.003 6.5832 -7.2181 30.003
2 24 6.5832 -7.2181 30.003 -1.6982 -7.8044 30.003
2 24 10 0 30.003 10 8 30.003
2 24 30 8 30.003 10 8 30.003
2 24 6.5832 -7.2181 30.003 -1.6982 -7.8044 30.003
2 24 -1.6982 -7.8044 30.003 -10 -8 30.003
2 24 -10 -8 30.003 -10 0 30.003
2 24 10 0 30.003 -10 0 30.003
2 24 -10 -8 10.0015 -10 -8 30.003
2 24 -1.6982 -7.8044 30.003 -10 -8 30.003
2 24 -10 0 10.0007 -10 0 30.003
2 24 -10 -8 10.0015 -10 -8 30.003
2 24 -10 0 30.003 -10 -8 30.003
2 24 0 -5.25 13.9382 1.9691 -5.25 13.4106
2 24 0 0 13.9382 1.9691 0 13.4106
2 24 0 -5.25 13.9382 -1.9691 -5.25 13.4106
2 24 0 0 13.9382 -1.9691 0 13.4106
2 24 -1.9691 -5.25 13.4106 -3.4106 -5.25 11.9691
2 24 -1.9691 0 13.4106 -3.4106 0 11.9691
2 24 -3.4106 -5.25 11.9691 -3.9382 -5.25 10
2 24 -3.4106 0 11.9691 -3.9382 0 10
2 24 -3.9382 -5.25 10 -3.4106 -5.25 8.0309
2 24 -3.9382 0 10 -3.4106 0 8.0309
2 24 -3.4106 -5.25 8.0309 -1.9691 -5.25 6.5894
2 24 -3.4106 0 8.0309 -1.9691 0 6.5894
2 24 -1.9691 -5.25 6.5894 0 -5.25 6.0618
2 24 -1.9691 0 6.5894 0 0 6.0618
2 24 0 -5.25 6.0618 1.9691 -5.25 6.5894
2 24 0 0 6.0618 1.9691 0 6.5894
2 24 1.9691 -5.25 6.5894 3.4106 -5.25 8.0309
2 24 1.9691 0 6.5894 3.4106 0 8.0309
2 24 3.4106 -5.25 8.0309 3.9382 -5.25 10
2 24 3.4106 0 8.0309 3.9382 0 10
2 24 3.9382 -5.25 10 3.4106 -5.25 11.9691
2 24 3.9382 0 10 3.4106 0 11.9691
2 24 1.9691 0 13.4106 3.4106 0 11.9691
2 24 1.9691 -5.25 13.4106 3.4106 -5.25 11.9691
2 24 1.9691 0 13.4106 0 0 13.9382
2 24 1.9691 0 13.4106 3.4106 0 11.9691
2 24 3.4106 0 11.9691 3.9382 0 10
2 24 3.9382 0 10 3.4106 0 8.0309
2 24 3.4106 0 8.0309 1.9691 0 6.5894
2 24 1.9691 0 6.5894 0 0 6.0618
2 24 0 0 6.0618 -1.9691 0 6.5894
2 24 -1.9691 0 6.5894 -3.4106 0 8.0309
2 24 -3.4106 0 8.0309 -3.9382 0 10
2 24 -3.9382 0 10 -3.4106 0 11.9691
2 24 -3.4106 0 11.9691 -1.9691 0 13.4106
2 24 0 0 13.9382 -1.9691 0 13.4106
2 24 33.75 2.45 26.25 33.75 16 26.25
2 24 33.75 2.45 26.25 40.5 2.45 26.25
2 24 40.5 2.45 26.25 62.5 10.75 26.25
2 24 70 16 30.003 30 16 30.003
2 24 33.75 2.45 26.25 33.75 2.45 10
2 24 33.75 2.45 26.25 33.75 16 26.25
2 24 33.75 16 26.25 33.75 16 10
2 24 33.75 16 26.25 66.25 16 26.25
2 24 45.7782 16 17.3123 42.6877 16 14.2218
2 24 45.7782 4.5257 17.3123 42.6877 3.3453 14.2218
2 24 42.6877 16 14.2218 41.5565 16 10
2 24 42.6877 3.3453 14.2218 41.6622 2.9283 10
2 24 43.6034 3.73 10 44.4604 4.0396 13.1983
2 24 43.6034 16 10 44.4604 16 13.1983
2 24 45.7782 4.5257 17.3123 42.6877 3.3453 14.2218
2 24 45.7782 4.5257 17.3123 50 6.0408 18.4436
2 24 42.6877 3.3453 14.2218 41.6622 2.9283 10
2 24 54.2218 16 17.3123 50 16 18.4436
2 24 54.2218 7.5971 17.3123 50 6.0408 18.4436
2 24 40.5 2.45 26.25 62.5 10.75 26.25
2 24 50 6.0408 18.4436 54.2218 7.5971 17.3123
2 24 40.5 2.45 26.25 40.5 2.45 10
2 24 46.8017 16 15.5396 44.4604 16 13.1983
2 24 45.7782 16 17.3123 42.6877 16 14.2218
2 24 62.5 10.75 26.25 66.25 10.75 26.25
2 24 66.25 16 26.25 66.25 10.75 26.25
2 24 33.75 16 10 33.75 16 -6.25
2 24 30 16 10 30 16 -10
2 24 46.8017 4.8854 15.5396 50 6.0408 16.3966
2 24 44.4604 4.0396 13.1983 46.8017 4.8854 15.5396
2 24 44.4604 16 13.1983 43.6034 16 10
2 24 42.6877 16 14.2218 41.5565 16 10
2 24 46.8017 16 15.5396 50 16 16.3966
2 24 45.7782 16 17.3123 50 16 18.4436
2 24 44.4604 4.0396 13.1983 43.6034 3.73 10
2 24 45.7782 16 2.6877 42.6877 16 5.7782
2 24 45.7782 4.5257 2.6877 42.6877 3.3453 5.7782
2 24 40.5 2.45 26.25 40.5 2.45 10
2 24 40.5 2.45 26.25 33.75 2.45 26.25
2 24 33.75 2.45 26.25 33.75 2.45 10
2 24 50 6.0408 16.3966 53.1983 7.1962 15.5396
2 24 54.2218 7.5971 17.3123 57.3124 8.7363 14.2218
2 24 53.1983 7.1962 15.5396 55.5396 8.042 13.1983
2 24 58.4436 16 10 57.3124 16 14.2218
2 24 58.4436 9.1533 10 57.3124 8.7363 14.2218
2 24 57.3124 8.7363 14.2218 58.4436 9.1533 10
2 24 40.5 2.45 10 40.5 2.45 -6.25
2 24 43.6034 3.73 10 44.4604 4.0396 6.8017
2 24 50 16 16.3966 53.1983 16 15.5396
2 24 50 16 18.4436 54.2218 16 17.3123
2 24 43.6034 16 10 44.4604 16 6.8017
2 24 41.5565 16 10 42.6877 16 5.7782
2 24 55.5396 8.042 13.1983 56.3966 8.3516 10
2 24 33.75 16 -6.25 66.25 16 -6.25
2 24 45.7782 16 17.3123 50 16 18.4436
2 24 45.7782 4.5257 17.3123 50 6.0408 18.4436
2 24 33.75 2.45 -6.25 40.5 2.45 -6.25
2 24 33.75 2.45 -6.25 33.75 16 -6.25
2 24 62.5 10.75 26.25 62.5 10.75 10
2 24 41.6622 2.9283 10 42.6877 3.3453 5.7782
2 24 44.4604 4.0396 6.8017 46.8017 4.8854 4.4604
2 24 44.4604 4.0396 13.1983 46.8017 4.8854 15.5396
2 24 44.4604 16 13.1983 46.8017 16 15.5396
2 24 46.8017 4.8854 4.4604 50 6.0408 3.6034
2 24 42.6877 3.3453 5.7782 45.7782 4.5257 2.6877
2 24 46.8017 4.8854 15.5396 50 6.0408 16.3966
2 24 46.8017 16 15.5396 50 16 16.3966
2 24 56.3966 8.3516 10 55.5396 8.042 6.8017
2 24 33.75 2.45 -6.25 33.75 16 -6.25
2 24 33.75 2.45 10 33.75 2.45 -6.25
2 24 33.75 16 10 33.75 16 -6.25
2 24 50 6.0408 3.6034 53.1983 7.1962 4.4604
2 24 55.5396 8.042 6.8017 53.1983 7.1962 4.4604
2 24 40.5 2.45 -6.25 62.5 10.75 -6.25
2 24 53.1983 16 15.5396 55.5396 16 13.1983
2 24 54.2218 16 17.3123 57.3124 16 14.2218
2 24 44.4604 16 6.8017 46.8017 16 4.4604
2 24 42.6877 16 5.7782 45.7782 16 2.6877
2 24 50 6.0408 16.3966 53.1983 7.1962 15.5396
2 24 50 16 16.3966 53.1983 16 15.5396
2 24 41.6622 2.9283 10 42.6877 3.3453 5.7782
2 24 41.5565 16 10 42.6877 16 5.7782
2 24 43.6034 16 10 44.4604 16 6.8017
2 24 43.6034 3.73 10 44.4604 4.0396 6.8017
2 24 33.75 16 -6.25 66.25 16 -6.25
2 24 62.5 10.75 10 62.5 10.75 -6.25
2 24 45.7782 4.5257 2.6877 50.0179 6.0408 1.5564
2 24 58.4436 9.1533 10 57.3124 8.7363 5.7782
2 24 40.5 2.45 -6.25 62.5 10.75 -6.25
2 24 50.0179 6.0408 1.5564 54.2218 7.5971 2.6877
2 24 57.3124 8.7363 5.7782 54.2218 7.5971 2.6877
2 24 30 16 -10 70 16 -10
2 24 54.2218 16 17.3123 57.3124 16 14.2218
2 24 54.2218 7.5971 17.3123 57.3124 8.7363 14.2218
2 24 53.1983 7.1962 15.5396 55.5396 8.042 13.1983
2 24 53.1983 16 15.5396 55.5396 16 13.1983
2 24 55.5396 16 13.1983 56.3966 16 9.9999
2 24 57.3124 16 14.2218 58.4436 16 10
2 24 45.7782 16 2.6877 50.0179 16 1.5564
2 24 46.8017 16 4.4604 50 16 3.6034
2 24 44.4604 16 6.8017 46.8017 16 4.4604
2 24 44.4604 4.0396 6.8017 46.8017 4.8854 4.4604
2 24 56.3966 16 9.9999 55.5396 16 6.8017
2 24 58.4436 16 10 57.3124 16 5.7782
2 24 50.0179 16 1.5564 54.2218 16 2.6877
2 24 50 16 3.6034 53.1983 16 4.4604
2 24 40.5 2.45 -6.25 33.75 2.45 -6.25
2 24 40.5 2.45 10 40.5 2.45 -6.25
2 24 33.75 2.45 10 33.75 2.45 -6.25
2 24 66.25 16 -6.25 66.25 10.75 -6.25
2 24 62.5 10.75 -6.25 66.25 10.75 -6.25
2 24 66.25 16 26.25 66.25 16 10
2 24 70 16 30.003 70 16 10.0007
2 24 46.8017 16 4.4604 50 16 3.6034
2 24 46.8017 4.8854 4.4604 50 6.0408 3.6034
2 24 55.5396 16 6.8017 53.1983 16 4.4604
2 24 57.3124 16 5.7782 54.2218 16 2.6877
2 24 66.25 10.75 10 66.25 10.75 26.25
2 24 66.25 10.75 26.25 66.25 16 26.25
2 24 66.25 16 10 66.25 16 26.25
2 24 45.7782 4.5257 2.6877 50.0179 6.0408 1.5564
2 24 45.7782 16 2.6877 50.0179 16 1.5564
2 24 56.3966 16 9.9999 55.5396 16 6.8017
2 24 56.3966 8.3516 10 55.5396 8.042 6.8017
2 24 66.25 10.75 26.25 66.25 10.75 10
2 24 66.25 10.75 26.25 62.5 10.75 26.25
2 24 62.5 10.75 26.25 62.5 10.75 10
2 24 50 16 3.6034 53.1983 16 4.4604
2 24 50 6.0408 3.6034 53.1983 7.1962 4.4604
2 24 55.5396 16 6.8017 53.1983 16 4.4604
2 24 55.5396 8.042 6.8017 53.1983 7.1962 4.4604
2 24 58.4436 9.1533 10 57.3124 8.7363 5.7782
2 24 58.4436 16 10 57.3124 16 5.7782
2 24 50.0179 6.0408 1.5564 54.2218 7.5971 2.6877
2 24 50.0179 16 1.5564 54.2218 16 2.6877
2 24 57.3124 8.7363 5.7782 54.2218 7.5971 2.6877
2 24 57.3124 16 5.7782 54.2218 16 2.6877
2 24 66.25 10.75 10 66.25 10.75 -6.25
2 24 66.25 16 10 66.25 16 -6.25
2 24 66.25 10.75 -6.25 66.25 16 -6.25
2 24 66.25 16 -6.25 66.25 16 10
2 24 70 16 -10 70 16 10.0007
2 24 66.25 10.75 -6.25 62.5 10.75 -6.25
2 24 66.25 10.75 10 66.25 10.75 -6.25
2 24 62.5 10.75 10 62.5 10.75 -6.25
2 24 55.5396 8.042 13.1983 56.3966 8.3516 10
2 24 55.5396 16 13.1983 56.3966 16 9.9999
2 24 66.25 16 26.25 33.75 16 26.25
2 24 30 16 30.003 30 16 10
2 24 33.75 16 10 33.75 16 26.25
2 24 -9.9994 -8.025 -10 -1.697 -7.8294 -10
2 24 -9.9994 -8.025 -10 -9.9994 -8.025 10.0015
2 24 14.8316 -6.2674 30.003 23.0229 -4.9044 30.003
2 24 -1.697 -7.8294 -10 6.5855 -7.243 -10
2 24 23.0229 -4.9044 30.003 31.1417 -3.1571 30.003
2 24 31.1417 -3.1571 30.003 39.1693 -1.0293 30.003
2 24 6.5855 -7.243 -10 14.8316 -6.2674 -10
2 24 39.1693 -1.0293 30.003 47.0869 1.4739 30.003
2 24 14.8316 -6.2674 -10 23.0229 -4.9044 -10
2 24 47.0869 1.4739 30.003 54.8775 4.3471 30.003
2 24 23.0229 -4.9044 -10 31.1417 -3.1571 -10
2 24 54.8775 4.3471 30.003 62.524 7.5837 30.003
2 24 62.524 7.5837 30.003 70.0108 11.1775 30.003
2 24 70.0108 11.1775 30.003 70.0108 11.1775 10.0015
2 24 31.1417 -3.1571 -10 39.1693 -1.0293 -10
2 24 39.1693 -1.0293 -10 47.0869 1.4739 -10
2 24 47.0869 1.4739 -10 54.8775 4.3471 -10
2 24 54.8775 4.3471 -10 62.524 7.5837 -10
2 24 62.524 7.5837 -10 70.0108 11.1775 -10
2 24 70.0108 11.1775 10.0015 70.0108 11.1775 -10
2 24 14.8316 -6.2674 30.003 6.5855 -7.243 30.003
2 24 6.5855 -7.243 30.003 -1.697 -7.8294 30.003
2 24 -9.9994 -8.025 10.0015 -9.9994 -8.025 30.003
2 24 -1.697 -7.8294 30.003 -9.9994 -8.025 30.003
0 STEP
