0 ~Brick Curved  2 x  2 x 1.667 - Half
0 Name: s\5906s01.dat
0 Author: Gerald Lasser [GeraldLasser]
0 !LDRAW_ORG Unofficial_Subpart
0 !LICENSE Licensed under CC BY 4.0 : see CAreadme.txt

0 BFC CERTIFY CCW

1 16 -11 40 -11 0 0 -3 0 -1 0 -3 0 0 1-8disc.dat
1 16 -11 40 -11 0 0 -3 0 -1 0 -3 0 0 1-8edge.dat
1 16 0 40 -20 0 0 -6 0 -1 0 -6 0 0 1-8tndis.dat
3 16 -4.2426 40 -26 -5.5434 40 -22.2962 -4.2426 40 -24.2426
4 16 -10 40 -24.641 -12.2489 40 -23.1383 -10 40 -20.8919 -5.5434 40 -22.2962
4 16 10 40 -10 10 40 -30 6 40 -26 6 40 -14
4 16 10 40 -10 6 40 -14 -6 40 -14 -10 40 -10
3 16 -6 40 -14 -10 40 -14 -10 40 -10
4 16 -6 40 -14 -6 40 -20 -10 40 -20.8919 -10 40 -14
3 16 -10 40 -20.8919 -6 40 -20 -5.5434 40 -22.2962
3 16 6 40 -26 10 40 -30 4.78 40 -29.656
4 16 4.78 40 -29.656 -.352 40 -28.636 0 40 -26 6 40 -26
4 16 -.352 40 -28.636 -5.308 40 -26.956 -4.2426 40 -26 0 40 -26
4 16 -5.5434 40 -22.2962 -4.2426 40 -26 -5.308 40 -26.956 -10 40 -24.641
4 16 -11 40 -14 -11 40 -11 -10 40 -10 -10 40 -14
2 24 -6 40 -14 6 40 -14
2 24 -6 40 -14 -6 40 -20
2 24 6 40 -14 6 40 -26
2 24 -11 40 -14 -10 40 -14
2 24 -10 40 -14 -10 40 -20.8919
2 24 10 40 -10 10 40 -30
2 24 -10 40 -10 10 40 -10
2 24 -12.2489 40 -23.1383 -10 40 -24.641
2 24 -10 40 -24.641 -5.308 40 -26.956
2 24 -5.308 40 -26.956 -.352 40 -28.636
2 24 -.352 40 -28.636 4.78 40 -29.656
2 24 4.78 40 -29.656 10 40 -30
2 24 -4.2426 40 -24.2426 -5.5434 40 -22.2962
2 24 -5.5434 40 -22.2962 -6 40 -20

1 16 3 37.5 -26 0 0 3 -2.5 0 0 0 -1 0 rect3.dat
0 BFC INVERTNEXT
1 16 0 40 -20 0 0 -6 0 -5 0 -6 0 0 1-8cylo.dat
1 16 0 35 -20 0 0 -6 0 -1 0 -6 0 0 1-8chrd.dat
4 16 6 12.5814 -14 6 40 -14 6 21.5 -21.5163 6 13.837 -15.6364
4 16 6 40 -14 6 35 -26 6 30.4237 -25.2127 6 21.5 -21.5163
3 16 6 40 -26 6 35 -26 6 40 -14
4 16 -6 26.5418 -20 -6 40 -20 -6 40 -14 -6 21.5 -17.7589
3 16 -6 17.5721 -14 -6 21.5 -17.7589 -6 40 -14
4 16 -5.5434 40 -22.2962 -5.2985 35 -22.6626 -4.2426 35 -24.2426 -4.2426 40 -24.2426
3 16 -5.5434 33.1244 -22.2962 -5.2985 35 -22.6626 -5.5434 40 -22.2962
4 16 -6 26.5418 -20 -5.5434 33.1244 -22.2962 -5.5434 40 -22.2962 -6 40 -20
3 16 -5.5434 33.1244 -22.2962 -6 26.5418 -20 -5.6261 30.4237 -21.8804
4 16 -3.8564 15.8568 -14 -6 17.5721 -14 -6 40 -14 6 40 -14
4 16 .1588 13.837 -14 -3.8564 15.8568 -14 6 40 -14 3.5692 12.8269 -14
4 16 .5941 35 -25.1035 0 35 -26 -4.2426 35 -24.2426 -5.2985 35 -22.6626
3 16 6 35 -26 0 35 -26 .5941 35 -25.1035
3 16 6 12.5814 -14 3.5692 12.8269 -14 6 40 -14
3 16 .75 30.4237 -24.5215 6 30.4237 -25.2127 6 35 -26
3 16 6 35 -26 .5941 35 -25.1035 .75 30.4237 -24.5215
4 16 .75 30.4237 -24.5215 .5941 35 -25.1035 -5.2985 35 -22.6626 -5.5434 33.1244 -22.2962
3 16 .75 30.4237 -24.5215 -5.5434 33.1244 -22.2962 -5.6261 30.4237 -21.8804
4 16 1.7067 21.5 -20.9511 6 21.5 -21.5163 6 30.4237 -25.2127 .75 30.4237 -24.5215
4 16 6 21.5 -21.5163 1.7067 21.5 -20.9511 3.2285 13.837 -15.2715 6 13.837 -15.6364
4 16 3.2285 13.837 -15.2715 3.5692 12.8269 -14 6 12.5814 -14 6 13.837 -15.6364
4 16 -3.8564 15.8568 -14 .1588 13.837 -14 3.2285 13.837 -15.2715 1.7067 21.5 -20.9511
3 16 3.2285 13.837 -15.2715 .1588 13.837 -14 3.5692 12.8269 -14
3 16 -6 21.5 -17.7589 -3.8564 15.8568 -14 1.7067 21.5 -20.9511
3 16 -6 17.5721 -14 -3.8564 15.8568 -14 -6 21.5 -17.7589
3 16 -5.6261 30.4237 -21.8804 1.7067 21.5 -20.9511 .75 30.4237 -24.5215
4 16 -5.6261 30.4237 -21.8804 -6 26.5418 -20 -6 21.5 -17.7589 1.7067 21.5 -20.9511
2 24 -6 17.5721 -14 -6 40 -14
2 24 -5.2985 35 -22.6626 -4.2426 35 -24.2426
2 24 -5.2985 35 -22.6626 -5.5434 33.1244 -22.2962
2 24 -6 21.5 -17.7589 -6 26.5418 -20
2 24 -6 17.5721 -14 -6 21.5 -17.7589
2 24 6 13.837 -15.6364 6 12.5814 -14
2 24 6 30.4237 -25.2127 6 21.5 -21.5163
2 24 6 13.837 -15.6364 6 21.5 -21.5163
2 24 -5.6261 30.4237 -21.8804 -5.5434 33.1244 -22.2962
2 24 -6 26.5418 -20 -5.6261 30.4237 -21.8804
2 24 6 35 -26 6 30.4237 -25.2127
2 24 6 12.5814 -14 6 40 -14
2 24 6 35 -26 0 35 -26
2 24 6 35 -26 .5941 35 -25.1035
2 24 .5941 35 -25.1035 -5.2985 35 -22.6626
2 24 3.5692 12.8269 -14 6 12.5814 -14
2 24 .1588 13.837 -14 -3.8564 15.8568 -14
2 24 .1588 13.837 -14 3.5692 12.8269 -14
2 24 -3.8564 15.8568 -14 -6 17.5721 -14
5 24 -4.2426 35 -24.2426 -4.2426 40 -24.2426 -2.2962 35 -25.5434 -5.2985 35 -22.6626
5 24 -5.5434 33.1244 -22.2962 -5.5434 40 -22.2962 -4.2426 40 -24.2426 -6 40 -20
5 24 -6 26.5418 -20 -6 40 -20 -5.5434 40 -22.2962 -6 40 -14
5 24 1.7067 21.5 -20.9511 6 21.5 -21.5163 6 30.4237 -25.2127 3.2285 13.837 -15.2715
5 24 3.2285 13.837 -15.2715 6 13.837 -15.6364 6 21.5 -21.5163 3.5692 12.8269 -14
5 24 1.7067 21.5 -20.9511 .75 30.4237 -24.5215 6 21.5 -21.5163 -5.6261 30.4237 -21.8804
5 24 -3.8564 15.8568 -14 -6 21.5 -17.7589 -6 17.5721 -14 1.7067 21.5 -20.9511
5 24 1.7067 21.5 -20.9511 3.2285 13.837 -15.2715 6 13.837 -15.6364 -3.8564 15.8568 -14
5 24 .5941 35 -25.1035 .75 30.4237 -24.5215 -5.2985 35 -22.6626 6 35 -26
5 24 .75 30.4237 -24.5215 6 30.4237 -25.2127 1.7067 21.5 -20.9511 6 35 -26
5 24 -5.6261 30.4237 -21.8804 .75 30.4237 -24.5215 1.7067 21.5 -20.9511 -5.5434 33.1244 -22.2962
5 24 1.7067 21.5 -20.9511 -6 21.5 -17.7589 -5.6261 30.4237 -21.8804 -3.8564 15.8568 -14
5 24 6 35 -26 .75 30.4237 -24.5215 .5941 35 -25.1035 6 30.4237 -25.2127
5 24 3.5692 12.8269 -14 3.2285 13.837 -15.2715 6 12.5814 -14 .1588 13.837 -14
5 24 3.2285 13.837 -15.2715 .1588 13.837 -14 1.7067 21.5 -20.9511 3.5692 12.8269 -14

1 16 -11 40 -11 0 0 -3 0 -16.9175 0 -3 0 0 1-8cyli.dat
3 16 -12.1481 23.0825 -13.7717 -12.1481 22.8963 -13.7717 -13.1213 23.0825 -13.1213
4 16 -11 23.0825 -14 -11 21.6355 -14 -12.1481 22.8963 -13.7717 -12.1481 23.0825 -13.7717
4 16 -11 21.6355 -14 -10 21.5 -14.6972 -10 30.4237 -19.3164 -12.1481 22.8963 -13.7717
4 16 -10 30.4237 -19.3164 -15.2715 30.4237 -15.2715 -13.1213 23.0825 -13.1213 -12.1481 22.8963 -13.7717
4 16 -10 40 -14 -10 40 -20.8919 -10 30.4237 -19.3164 -10 21.5 -14.6972
3 16 -10 21.5 -14.6972 -10 20.7729 -14 -10 40 -14
4 16 -10 20.7729 -14 -11 23.0825 -14 -11 40 -14 -10 40 -14
3 16 -10 20.7729 -14 -11 21.6355 -14 -11 23.0825 -14
4 16 -10 30.4237 -19.3164 -12.2566 35 -18.3378 -15.6975 35 -15.6975 -15.2715 30.4237 -15.2715
3 16 -11.8079 35.1142 -18.7009 -12.2566 35 -18.3378 -10 30.4237 -19.3164
3 16 -11.8079 35.1142 -18.7009 -10 30.4237 -19.3164 -11.4488 35.4394 -19.0299
3 16 -11.4488 35.4394 -19.0299 -10 30.4237 -19.3164 -11.2339 35.926 -19.2749
4 16 -11.0242 39.0741 -19.9537 -11.2339 35.926 -19.2749 -10 30.4237 -19.3164 -10 40 -20.8919
3 16 -11 21.6355 -14 -10 20.7729 -14 -10 21.5 -14.6972
4 16 -10.8092 39.5607 -20.1987 -11.0242 39.0741 -19.9537 -10 40 -20.8919 -10.4501 39.8859 -20.5277
2 24 -10 20.7729 -14 -10 21.5 -14.6972
2 24 -11 21.6355 -14 -12.1481 22.8963 -13.7717
2 24 -10 20.7729 -14 -10 40 -14
2 24 -12.1481 22.8963 -13.7717 -13.1213 23.0825 -13.1213
2 24 -11 21.6355 -14 -10 20.7729 -14
2 24 -10 21.5 -14.6972 -10 30.4237 -19.3164
2 24 -10 40 -20.8919 -10 30.4237 -19.3164
5 24 -10 30.4237 -19.3164 -15.2715 30.4237 -15.2715 -15.6975 35 -15.6975 -13.1213 23.0825 -13.1213
5 24 -11 21.6355 -14 -10 21.5 -14.6972 -10 20.7729 -14 -10 30.4237 -19.3164
5 24 -11 21.6355 -14 -11 23.0825 -14 -10 20.7729 -14 -12.1481 23.0825 -13.7717
5 24 -12.1481 22.8963 -13.7717 -12.1481 23.0825 -13.7717 -11 23.0825 -14 -13.1213 23.0825 -13.1213

0 // Stud Cut-Out
4 16 -12.2566 35 -18.3378 -14.8127 35 -20.8938 -18.0525 35 -18.0525 -15.6975 35 -15.6975
4 16 -12.2489 40 -23.1383 -12.7302 39.8859 -22.8078 -10.4501 39.8859 -20.5277 -10 40 -20.8919
4 16 -10.4501 39.8859 -20.5277 -12.7302 39.8859 -22.8078 -13.1274 39.5607 -22.5168 -10.8092 39.5607 -20.1987
4 16 -10.8092 39.5607 -20.1987 -13.1274 39.5607 -22.5168 -13.3801 39.0741 -22.3097 -11.0242 39.0741 -19.9537
4 16 -11.2339 35.926 -19.2749 -11.0242 39.0741 -19.9537 -13.3801 39.0741 -22.3097 -13.7643 35.926 -21.8053
4 16 -14.3854 35.1142 -21.2784 -14.8127 35 -20.8938 -12.2566 35 -18.3378 -11.8079 35.1142 -18.7009
4 16 -14.3854 35.1142 -21.2784 -11.8079 35.1142 -18.7009 -11.4488 35.4394 -19.0299 -14.1637 35.3193 -21.4907
4 16 -11.2339 35.926 -19.2749 -13.7643 35.926 -21.8053 -14.017 35.4394 -21.5981 -11.4488 35.4394 -19.0299
3 16 -14.017 35.4394 -21.5981 -14.1637 35.3193 -21.4907 -11.4488 35.4394 -19.0299
2 24 -14.8127 35 -20.8938 -18.0525 35 -18.0525
2 24 -12.2566 35 -18.3378 -15.6975 35 -15.6975
2 24 -13.7643 35.926 -21.8053 -13.3801 39.0741 -22.3097
2 24 -14.8127 35 -20.8938 -14.3854 35.1142 -21.2784
2 24 -14.1637 35.3193 -21.4907 -14.3854 35.1142 -21.2784
2 24 -14.017 35.4394 -21.5981 -14.1637 35.3193 -21.4907
2 24 -13.7643 35.926 -21.8053 -14.017 35.4394 -21.5981
2 24 -12.2489 40 -23.1383 -12.7302 39.8859 -22.8078
2 24 -12.7302 39.8859 -22.8078 -13.1274 39.5607 -22.5168
2 24 -13.1274 39.5607 -22.5168 -13.3801 39.0741 -22.3097
2 24 -11.2339 35.926 -19.2749 -11.0242 39.0741 -19.9537
2 24 -11.8079 35.1142 -18.7009 -12.2566 35 -18.3378
2 24 -11.4488 35.4394 -19.0299 -11.8079 35.1142 -18.7009
2 24 -11.2339 35.926 -19.2749 -11.4488 35.4394 -19.0299
2 24 -10.4501 39.8859 -20.5277 -10 40 -20.8919
2 24 -10.4501 39.8859 -20.5277 -10.8092 39.5607 -20.1987
2 24 -11.0242 39.0741 -19.9537 -10.8092 39.5607 -20.1987
5 24 -12.7302 39.8859 -22.8078 -10.4501 39.8859 -20.5277 -10 40 -20.8919 -13.1274 39.5607 -22.5168
5 24 -12.2489 40 -23.1383 -10 40 -20.8919 -12.7302 39.8859 -22.8078 -5.5434 40 -22.2962
5 24 -13.1274 39.5607 -22.5168 -10.8092 39.5607 -20.1987 -10.4501 39.8859 -20.5277 -13.3801 39.0741 -22.3097
5 24 -13.3801 39.0741 -22.3097 -11.0242 39.0741 -19.9537 -10.8092 39.5607 -20.1987 -13.7643 35.926 -21.8053
5 24 -13.7643 35.926 -21.8053 -11.2339 35.926 -19.2749 -11.0242 39.0741 -19.9537 -14.017 35.4394 -21.5981
5 24 -11.4488 35.4394 -19.0299 -14.017 35.4394 -21.5981 -14.1637 35.3193 -21.4907 -11.2339 35.926 -19.2749
5 24 -12.2566 35 -18.3378 -14.8127 35 -20.8938 -18.0525 35 -18.0525 -11.8079 35.1142 -18.7009
5 24 -11.8079 35.1142 -18.7009 -14.3854 35.1142 -21.2784 -14.8127 35 -20.8938 -11.4488 35.4394 -19.0299

4 16 10 16 10 10 16 -10 6 16 -10 6 16 6
4 16 10 16 -10 10 40 -10 -10 40 -10 6 16 -10
3 16 6 16 -10 -10 40 -10 -10 16.6016 -10
4 16 -10 16.6016 -10 -6.5452 13.837 -10 -1.547 11.4821 -10 6 16 -10
4 16 6 9.5121 -10 6 16 -10 -1.547 11.4821 -10 4.641 9.6494 -10
4 16 6 16 -10 6 9.5121 -10 6 7.9571 -7.9734 6 6.6957 -4.9281
4 16 6 16 6 6 16 -10 6 6.6957 -4.9281 6 4.2607 1.3802
4 16 6 4.0532 3.0719 6 3.7447 6 6 16 6 6 4.2607 1.3802
2 24 6 9.5121 -10 4.641 9.6494 -10
2 24 6 9.5121 -10 6 16 -10
2 24 4.641 9.6494 -10 -1.547 11.4821 -10
2 24 -1.547 11.4821 -10 -6.5452 13.837 -10
2 24 -6.5452 13.837 -10 -10 16.6016 -10
2 24 10 16 -10 6 16 -10
2 24 6 16 -10 6 16 6
2 24 10 16 10 10 16 -10
2 24 10 16 -10 10 40 -10
2 24 6 4.0532 3.0719 6 4.2607 1.3802
2 24 6 6.6957 -4.9281 6 4.2607 1.3802
2 24 6 9.5122 -10 6 7.9571 -7.9734
2 24 6 7.9571 -7.9734 6 6.6957 -4.9281
2 24 6 4.0532 3.0719 6 3.7447 6

1 16 -10 16 -10 8 0 0 0 -1 0 0 0 8 1-8edge.dat
1 16 -10 16 -10 8 0 0 0 -4.3085 0 0 0 8 1-8cyli.dat
1 16 -10 11.6955 -10 0 0 8 0 -4.3 0 -8 0 0 1-8cyls2.dat
1 16 -10 16 -10 6 0 0 0 -1 0 0 0 6 1-8edge.dat
0 BFC INVERTNEXT
1 16 -10 16 -10 6 0 0 0 -3.3622 0 0 0 6 1-8cyli.dat
0 BFC INVERTNEXT
1 16 -10 12.6378 -10 0 0 6 0 -3.3 0 -6 0 0 1-8cyls2.dat
1 16 -10 16 -10 2 0 0 0 -1 0 0 0 2 1-8ring3.dat
2 24 -4 12.6378 -10 -4 16 -10
2 24 -4 16 -10 -2 16 -10
2 24 -2 11.6915 -10 -2 16 -10
2 24 -2.6088 10.1026 -6.9384 -4.3432 9.3262 -4.3432
2 24 -2.6088 10.1026 -6.9384 -2 11.6955 -10
2 24 -4.4566 11.4431 -7.7038 -5.7574 10.8609 -5.7574
2 24 -4.4566 11.4431 -7.7038 -4 12.6378 -10

4 16 5.2118 4.2607 1.7067 3.2285 4.2607 3.2285 6 3.7447 6 6 4.0532 3.0719
4 16 .75 7.9571 -6.0215 -1.547 11.4821 -10 -6.5452 13.837 -10 -3.0815 7.9571 -3.0815
3 16 -3.0815 7.9571 -3.0815 -6.5452 13.837 -10 -8.5 13.837 -8.5
3 16 -8.5 13.837 -8.5 -6.5452 13.837 -10 -10 16.6016 -10
4 16 5.2118 7.9571 -7.8696 6 7.9571 -7.9734 6 9.5121 -10 4.641 9.6494 -10
4 16 .75 7.9571 -6.0215 5.2118 7.9571 -7.8696 4.641 9.6494 -10 -1.547 11.4821 -10
3 16 5.2118 7.9571 -7.8696 6 6.6957 -4.9281 6 7.9571 -7.9734
3 16 6 6.6957 -4.9281 5.2118 7.9571 -7.8696 .75 7.9571 -6.0215
4 16 6 6.6957 -4.9281 .75 7.9571 -6.0215 5.2118 4.2607 1.7067 6 4.2607 1.3802
3 16 6 4.2607 1.3802 5.2118 4.2607 1.7067 6 4.0532 3.0719
4 16 -3.0815 7.9571 -3.0815 3.2285 4.2607 3.2285 5.2118 4.2607 1.7067 .75 7.9571 -6.0215
5 24 -6.5452 13.837 -10 -8.5 13.837 -8.5 -3.0815 7.9571 -3.0815 -10 16.6016 -10
5 24 5.2118 7.9571 -7.8696 .75 7.9571 -6.0215 4.641 9.6494 -10 6 6.6957 -4.9281
5 24 4.641 9.6494 -10 5.2118 7.9571 -7.8696 6 7.9571 -7.9734 -1.547 11.4821 -10
5 24 3.2285 4.2607 3.2285 5.2118 4.2607 1.7067 .75 7.9571 -6.0215 6 3.7447 6
5 24 6 4.2607 1.3802 5.2118 4.2607 1.7067 6 6.6957 -4.9281 6 4.0532 3.0719
5 24 6 7.9571 -7.9734 5.2118 7.9571 -7.8696 6 6.6957 -4.9281 6 9.5121 -10
5 24 5.2118 4.2607 1.7067 6 4.0532 3.0719 6 4.2607 1.3802 3.2285 4.2607 3.2285
5 24 .75 7.9571 -6.0215 5.2118 4.2607 1.7067 6 4.2607 1.3802 -3.0815 7.9571 -3.0815
5 24 5.2118 7.9571 -7.8696 6 6.6957 -4.9281 6 7.9571 -7.9734 .75 7.9571 -6.0215
5 24 -3.0815 7.9571 -3.0815 .75 7.9571 -6.0215 3.2285 4.2607 3.2285 -1.547 11.4821 -10
5 24 .75 7.9571 -6.0215 -1.547 11.4821 -10 5.2118 7.9571 -7.8696 -6.5452 13.837 -10

1 16 10 40 10 0 -1 0 0 0 -40 -40 0 0 48\1-8chrd.dat
1 16 10 40 10 0 -1 0 -40 0 0 0 0 -40 48\1-8chrd.dat
1 16 10 40 10 0 -1 0 -40 0 0 0 0 -40 48\1-4edge.dat
4 16 10 40 -10 10 16 -10 10 11.716 -18.284 10 40 -30
4 16 10 0 10 10 11.716 -18.284 10 16 -10 10 16 10

0 // Outside
4 16 -18.0423 34.779 -18.0423 -18.0525 35 -18.0525 -14.8127 35 -20.8938 -14.1421 34.779 -21.4626
3 16 -14.8127 35 -20.8938 -14.3854 35.1142 -21.2784 -14.1421 34.779 -21.4626
3 16 -14.1421 34.779 -21.4626 -14.3854 35.1142 -21.2784 -14.1637 35.3193 -21.4907
4 16 -9.8289 34.779 -24.3447 -14.1421 34.779 -21.4626 -14.1637 35.3193 -21.4907 -14.017 35.4394 -21.5981
3 16 -9.8289 34.779 -24.3447 -14.017 35.4394 -21.5981 -13.7643 35.926 -21.8053
4 16 -13.7643 35.926 -21.8053 -13.3801 39.0741 -22.3097 -13.1274 39.5607 -22.5168 -9.8289 34.779 -24.3447
4 16 -12.2489 40 -23.1383 -9.8289 34.779 -24.3447 -13.1274 39.5607 -22.5168 -12.7302 39.8859 -22.8078
3 16 -9.8289 34.779 -24.3447 -12.2489 40 -23.1383 -10 40 -24.641
3 16 9.3185 .3422 4.8236 10 .3422 4.779 10 0 10
4 16 -17.3205 29.6472 -17.3205 -18.0423 34.779 -18.0423 -14.1421 34.779 -21.4626 -13.5207 29.6472 -20.6528
4 16 -11.0881 20 -17.4826 -9.3185 15.6495 -15.1764 -12.4394 15.6495 -12.4394 -14.4949 20 -14.4949
4 16 -10 11.7157 -10 -12.4394 15.6495 -12.4394 -9.3185 15.6495 -15.1764 -7.2184 11.7157 -12.4394
4 16 -.8239 3.0448 -.8239 -4.1421 5.359 -4.1421 -2.1752 5.359 -5.8671 .6815 3.0448 -2.1441
4 16 2.6795 1.363 2.6795 -.8239 3.0448 -.8239 .6815 3.0448 -2.1441 3.6976 1.363 1.7866
3 16 6.3082 .3422 6.3082 6.8216 .3422 5.8579 10 0 10
4 16 -13.5207 29.6472 -20.6528 -14.1421 34.779 -21.4626 -9.8289 34.779 -24.3447 -9.3185 29.6472 -23.4607
4 16 -12.4969 24.6927 -19.3185 -13.5207 29.6472 -20.6528 -9.3185 29.6472 -23.4607 -8.4776 24.6927 -22.0041
4 16 -7.3205 20 -20 -5.8671 15.6495 -17.4826 -9.3185 15.6495 -15.1764 -11.0881 20 -17.4826
4 16 -7.2184 11.7157 -12.4394 -9.3185 15.6495 -15.1764 -5.8671 15.6495 -17.4826 -4.1421 11.7157 -14.4949
4 16 -2.1752 8.2659 -11.0881 0 5.359 -7.3205 -2.1752 5.359 -5.8671 -4.8236 8.2659 -9.3185
4 16 .6815 3.0448 -2.1441 -2.1752 5.359 -5.8671 0 5.359 -7.3205 2.3463 3.0448 -3.2565
3 16 6.8216 .3422 5.8579 7.3895 .3422 5.4784 10 0 10
4 16 -9.3185 29.6472 -23.4607 -9.8289 34.779 -24.3447 -5.1764 34.779 -26.639 -4.7858 29.6472 -25.696
4 16 -4.7858 29.6472 -25.696 -4.1421 24.6927 -24.1421 -8.4776 24.6927 -22.0041 -9.3185 29.6472 -23.4607
4 16 -2.1752 8.2659 -11.0881 -4.1421 11.7157 -14.4949 -.8239 11.7157 -16.1313 .6815 8.2659 -12.4969
4 16 2.3463 3.0448 -3.2565 0 5.359 -7.3205 2.3463 5.359 -8.4776 4.1421 3.0448 -4.1421
4 16 4.8236 1.363 1.0342 2.3463 3.0448 -3.2565 4.1421 3.0448 -4.1421 6.0382 1.363 .4353
3 16 7.3895 .3422 5.4784 8.002 .3422 5.1764 10 0 10
4 16 -4.1421 24.6927 -24.1421 -4.7858 29.6472 -25.696 0 29.6472 -27.3205 .4353 24.6927 -25.696
4 16 .4353 24.6927 -25.696 1.0342 20 -23.4607 -3.2565 20 -22.0041 -4.1421 24.6927 -24.1421
4 16 -2.1441 15.6495 -19.3185 -3.2565 20 -22.0041 1.0342 20 -23.4607 1.7866 15.6495 -20.6528
4 16 2.6795 11.7157 -17.3205 3.6976 8.2659 -13.5207 .6815 8.2659 -12.4969 -.8239 11.7157 -16.1313
4 16 8.002 .3422 5.1764 6.0382 1.363 .4353 7.3205 1.363 0 8.6487 .3422 4.9569
3 16 8.002 .3422 5.1764 8.6487 .3422 4.9569 10 0 10
4 16 0 29.6472 -27.3205 -.2642 34.779 -28.3065 4.8236 34.779 -29.3185 4.9569 29.6472 -28.3065
4 16 5.1764 24.6927 -26.639 5.4784 20 -24.3447 1.0342 20 -23.4607 .4353 24.6927 -25.696
4 16 1.7866 15.6495 -20.6528 1.0342 20 -23.4607 5.4784 20 -24.3447 5.8579 15.6495 -21.4626
4 16 5.8579 15.6495 -21.4626 6.3082 11.7157 -18.0423 2.6795 11.7157 -17.3205 1.7866 15.6495 -20.6528
4 16 3.6976 8.2659 -13.5207 2.6795 11.7157 -17.3205 6.3082 11.7157 -18.0423 6.8216 8.2659 -14.1421
4 16 4.8236 5.359 -9.3185 3.6976 8.2659 -13.5207 6.8216 8.2659 -14.1421 7.3895 5.359 -9.8289
4 16 7.3205 1.363 0 6.0382 3.0448 -4.7858 8.002 3.0448 -5.1764 8.6487 1.363 -.2642
3 16 8.6487 .3422 4.9569 9.3185 .3422 4.8236 10 0 10
4 16 4.9569 29.6472 -28.3065 4.8236 34.779 -29.3185 10 34.779 -29.6578 10 29.6472 -28.637
4 16 10 15.6495 -21.7341 10 11.7157 -18.2843 6.3082 11.7157 -18.0423 5.8579 15.6495 -21.4626
4 16 8.002 3.0448 -5.1764 7.3895 5.359 -9.8289 10 5.359 -10 10 3.0448 -5.3073
4 16 10 3.0448 -5.3073 10 1.363 -.3528 8.6487 1.363 -.2642 8.002 3.0448 -5.1764
4 16 9.3185 .3422 4.8236 8.6487 1.363 -.2642 10 1.363 -.3528 10 .3422 4.779
4 16 -12.4969 24.6927 -19.3185 -16.1313 24.6927 -16.1313 -17.3205 29.6472 -17.3205 -13.5207 29.6472 -20.6528
4 16 -16.1313 24.6927 -16.1313 -12.4969 24.6927 -19.3185 -11.0881 20 -17.4826 -14.4949 20 -14.4949
4 16 -7.3205 20 -20 -11.0881 20 -17.4826 -12.4969 24.6927 -19.3185 -8.4776 24.6927 -22.0041
4 16 -10 40 -24.641 -5.3073 40 -26.9552 -5.1764 34.779 -26.639 -9.8289 34.779 -24.3447
4 16 -4.8236 8.2659 -9.3185 -7.2184 8.2659 -7.2184 -10 11.7157 -10 -7.2184 11.7157 -12.4394
4 16 -3.2565 20 -22.0041 -7.3205 20 -20 -8.4776 24.6927 -22.0041 -4.1421 24.6927 -24.1421
4 16 -7.3205 20 -20 -3.2565 20 -22.0041 -2.1441 15.6495 -19.3185 -5.8671 15.6495 -17.4826
4 16 -7.2184 8.2659 -7.2184 -4.8236 8.2659 -9.3185 -2.1752 5.359 -5.8671 -4.1421 5.359 -4.1421
4 16 -2.1752 8.2659 -11.0881 -4.8236 8.2659 -9.3185 -7.2184 11.7157 -12.4394 -4.1421 11.7157 -14.4949
4 16 -.8239 11.7157 -16.1313 -4.1421 11.7157 -14.4949 -5.8671 15.6495 -17.4826 -2.1441 15.6495 -19.3185
4 16 -.2642 34.779 -28.3065 -5.1764 34.779 -26.639 -5.3073 40 -26.9552 -.3528 40 -28.637
4 16 0 29.6472 -27.3205 -4.7858 29.6472 -25.696 -5.1764 34.779 -26.639 -.2642 34.779 -28.3065
4 16 -2.1752 8.2659 -11.0881 .6815 8.2659 -12.4969 2.3463 5.359 -8.4776 0 5.359 -7.3205
4 16 2.6795 11.7157 -17.3205 -.8239 11.7157 -16.1313 -2.1441 15.6495 -19.3185 1.7866 15.6495 -20.6528
4 16 4.8236 34.779 -29.3185 -.2642 34.779 -28.3065 -.3528 40 -28.637 4.779 40 -29.6578
4 16 5.1764 24.6927 -26.639 .4353 24.6927 -25.696 0 29.6472 -27.3205 4.9569 29.6472 -28.3065
4 16 .6815 3.0448 -2.1441 2.3463 3.0448 -3.2565 4.8236 1.363 1.0342 3.6976 1.363 1.7866
4 16 .6815 8.2659 -12.4969 3.6976 8.2659 -13.5207 4.8236 5.359 -9.3185 2.3463 5.359 -8.4776
4 16 2.3463 5.359 -8.4776 4.8236 5.359 -9.3185 6.0382 3.0448 -4.7858 4.1421 3.0448 -4.1421
4 16 2.6795 1.363 2.6795 3.6976 1.363 1.7866 6.8216 .3422 5.8579 6.3082 .3422 6.3082
4 16 7.3895 .3422 5.4784 6.8216 .3422 5.8579 3.6976 1.363 1.7866 4.8236 1.363 1.0342
4 16 7.3205 1.363 0 6.0382 1.363 .4353 4.1421 3.0448 -4.1421 6.0382 3.0448 -4.7858
4 16 8.002 .3422 5.1764 7.3895 .3422 5.4784 4.8236 1.363 1.0342 6.0382 1.363 .4353
4 16 8.002 3.0448 -5.1764 6.0382 3.0448 -4.7858 4.8236 5.359 -9.3185 7.3895 5.359 -9.8289
4 16 10 34.779 -29.6578 4.8236 34.779 -29.3185 4.779 40 -29.6578 10 40 -30
4 16 4.9569 29.6472 -28.3065 10 29.6472 -28.637 10 24.6927 -26.9552 5.1764 24.6927 -26.639
4 16 5.1764 24.6927 -26.639 10 24.6927 -26.9552 10 20 -24.641 5.4784 20 -24.3447
4 16 10 15.6495 -21.7341 5.8579 15.6495 -21.4626 5.4784 20 -24.3447 10 20 -24.641
4 16 10 8.2659 -14.3505 6.8216 8.2659 -14.1421 6.3082 11.7157 -18.0423 10 11.7157 -18.2843
4 16 9.3185 .3422 4.8236 8.6487 .3422 4.9569 7.3205 1.363 0 8.6487 1.363 -.2642
4 16 6.8216 8.2659 -14.1421 10 8.2659 -14.3505 10 5.359 -10 7.3895 5.359 -9.8289
5 24 -.8239 11.7157 -16.1313 -2.1441 15.6495 -19.3185 -4.1421 11.7157 -14.4949 1.7866 15.6495 -20.6528
5 24 -13.5207 29.6472 -20.6528 -17.3205 29.6472 -17.3205 -18.0423 34.779 -18.0423 -12.4969 24.6927 -19.3185
5 24 .6815 3.0448 -2.1441 -.8239 3.0448 -.8239 -4.1421 5.359 -4.1421 3.6976 1.363 1.7866
5 24 1.0342 20 -23.4607 1.7866 15.6495 -20.6528 5.4784 20 -24.3447 -2.1441 15.6495 -19.3185
5 24 -11.0881 20 -17.4826 -9.3185 15.6495 -15.1764 -12.4394 15.6495 -12.4394 -7.3205 20 -20
5 24 -2.1441 15.6495 -19.3185 -5.8671 15.6495 -17.4826 -7.3205 20 -20 -.8239 11.7157 -16.1313
5 24 7.3895 .3422 5.4784 10 0 10 8.002 .3422 5.1764 6.8216 .3422 5.8579
5 24 7.3205 1.363 0 6.0382 1.363 .4353 4.1421 3.0448 -4.1421 8.6487 .3422 4.9569
5 24 1.7866 15.6495 -20.6528 -2.1441 15.6495 -19.3185 -3.2565 20 -22.0041 2.6795 11.7157 -17.3205
5 24 -12.4969 24.6927 -19.3185 -16.1313 24.6927 -16.1313 -17.3205 29.6472 -17.3205 -11.0881 20 -17.4826
5 24 6.0382 3.0448 -4.7858 4.1421 3.0448 -4.1421 7.3205 1.363 0 2.3463 5.359 -8.4776
5 24 -12.4969 24.6927 -19.3185 -13.5207 29.6472 -20.6528 -16.1313 24.6927 -16.1313 -9.3185 29.6472 -23.4607
5 24 -8.4776 24.6927 -22.0041 -7.3205 20 -20 -4.1421 24.6927 -24.1421 -11.0881 20 -17.4826
5 24 8.002 3.0448 -5.1764 10 3.0448 -5.3073 7.3895 5.359 -9.8289 10 1.363 -.3528
5 24 8.6487 1.363 -.2642 7.3205 1.363 0 9.3185 .3422 4.8236 6.0382 3.0448 -4.7858
5 24 -13.5207 29.6472 -20.6528 -14.1421 34.779 -21.4626 -17.3205 29.6472 -17.3205 -9.8289 34.779 -24.3447
5 24 5.4784 20 -24.3447 1.0342 20 -23.4607 5.8579 15.6495 -21.4626 .4353 24.6927 -25.696
5 24 4.1421 3.0448 -4.1421 2.3463 5.359 -8.4776 4.8236 5.359 -9.3185 2.3463 3.0448 -3.2565
5 24 6.8216 8.2659 -14.1421 7.3895 5.359 -9.8289 10 8.2659 -14.3505 4.8236 5.359 -9.3185
5 24 4.8236 34.779 -29.3185 10 34.779 -29.6578 4.779 40 -29.6578 10 29.6472 -28.637
5 24 8.002 3.0448 -5.1764 8.6487 1.363 -.2642 10 3.0448 -5.3073 7.3205 1.363 0
5 24 3.6976 8.2659 -13.5207 2.6795 11.7157 -17.3205 .6815 8.2659 -12.4969 6.3082 11.7157 -18.0423
5 24 -5.1764 34.779 -26.639 -9.8289 34.779 -24.3447 -10 40 -24.641 -4.7858 29.6472 -25.696
5 24 7.3895 5.359 -9.8289 8.002 3.0448 -5.1764 10 5.359 -10 6.0382 3.0448 -4.7858
5 24 0 29.6472 -27.3205 -.2642 34.779 -28.3065 -4.7858 29.6472 -25.696 4.8236 34.779 -29.3185
5 24 -2.1752 8.2659 -11.0881 -4.8236 8.2659 -9.3185 -7.2184 11.7157 -12.4394 0 5.359 -7.3205
5 24 6.8216 8.2659 -14.1421 10 8.2659 -14.3505 6.3082 11.7157 -18.0423 10 5.359 -10
5 24 -4.7858 29.6472 -25.696 -9.3185 29.6472 -23.4607 -9.8289 34.779 -24.3447 -4.1421 24.6927 -24.1421
5 24 6.8216 .3422 5.8579 7.3895 .3422 5.4784 10 0 10 3.6976 1.363 1.7866
5 24 -14.1637 35.3193 -21.4907 -14.1421 34.779 -21.4626 -14.3854 35.1142 -21.2784 -14.017 35.4394 -21.5981
5 24 1.0342 20 -23.4607 -3.2565 20 -22.0041 1.7866 15.6495 -20.6528 -4.1421 24.6927 -24.1421
5 24 4.9569 29.6472 -28.3065 0 29.6472 -27.3205 -.2642 34.779 -28.3065 5.1764 24.6927 -26.639
5 24 -14.1421 34.779 -21.4626 -18.0423 34.779 -18.0423 -13.5207 29.6472 -20.6528 -18.0525 35 -18.0525
5 24 -4.1421 11.7157 -14.4949 -.8239 11.7157 -16.1313 .6815 8.2659 -12.4969 -5.8671 15.6495 -17.4826
5 24 -.8239 11.7157 -16.1313 .6815 8.2659 -12.4969 2.6795 11.7157 -17.3205 -2.1752 8.2659 -11.0881
5 24 5.4784 20 -24.3447 10 20 -24.641 5.1764 24.6927 -26.639 10 15.6495 -21.7341
5 24 8.002 3.0448 -5.1764 6.0382 3.0448 -4.7858 4.8236 5.359 -9.3185 8.6487 1.363 -.2642
5 24 6.8216 8.2659 -14.1421 3.6976 8.2659 -13.5207 2.6795 11.7157 -17.3205 7.3895 5.359 -9.8289
5 24 .6815 8.2659 -12.4969 2.3463 5.359 -8.4776 0 5.359 -7.3205 3.6976 8.2659 -13.5207
5 24 5.1764 24.6927 -26.639 10 24.6927 -26.9552 10 20 -24.641 4.9569 29.6472 -28.3065
5 24 -4.8236 8.2659 -9.3185 -2.1752 5.359 -5.8671 -4.1421 5.359 -4.1421 -2.1752 8.2659 -11.0881
5 24 9.3185 .3422 4.8236 10 0 10 8.6487 .3422 4.9569 10 .3422 4.779
5 24 4.8236 5.359 -9.3185 6.0382 3.0448 -4.7858 4.1421 3.0448 -4.1421 7.3895 5.359 -9.8289
5 24 2.3463 5.359 -8.4776 4.8236 5.359 -9.3185 6.0382 3.0448 -4.7858 .6815 8.2659 -12.4969
5 24 6.0382 1.363 .4353 4.8236 1.363 1.0342 2.3463 3.0448 -3.2565 8.002 .3422 5.1764
5 24 -10 40 -24.641 -9.8289 34.779 -24.3447 -5.3073 40 -26.9552 -12.2489 40 -23.1383
5 24 7.3895 .3422 5.4784 8.002 .3422 5.1764 10 0 10 4.8236 1.363 1.0342
5 24 -2.1752 5.359 -5.8671 .6815 3.0448 -2.1441 -.8239 3.0448 -.8239 0 5.359 -7.3205
5 24 -2.1441 15.6495 -19.3185 -3.2565 20 -22.0041 -5.8671 15.6495 -17.4826 1.0342 20 -23.4607
5 24 8.6487 1.363 -.2642 9.3185 .3422 4.8236 8.6487 .3422 4.9569 10 1.363 -.3528
5 24 -9.3185 29.6472 -23.4607 -13.5207 29.6472 -20.6528 -8.4776 24.6927 -22.0041 -14.1421 34.779 -21.4626
5 24 -7.3205 20 -20 -5.8671 15.6495 -17.4826 -9.3185 15.6495 -15.1764 -3.2565 20 -22.0041
5 24 4.9569 29.6472 -28.3065 4.8236 34.779 -29.3185 0 29.6472 -27.3205 10 34.779 -29.6578
5 24 2.6795 11.7157 -17.3205 -.8239 11.7157 -16.1313 -2.1441 15.6495 -19.3185 3.6976 8.2659 -13.5207
5 24 7.3895 5.359 -9.8289 10 5.359 -10 10 3.0448 -5.3073 6.8216 8.2659 -14.1421
5 24 -4.7858 29.6472 -25.696 0 29.6472 -27.3205 .4353 24.6927 -25.696 -5.1764 34.779 -26.639
5 24 -9.8289 34.779 -24.3447 -14.1421 34.779 -21.4626 -14.1637 35.3193 -21.4907 -9.3185 29.6472 -23.4607
5 24 7.3205 1.363 0 8.6487 .3422 4.9569 8.6487 1.363 -.2642 8.002 .3422 5.1764
5 24 4.8236 34.779 -29.3185 -.2642 34.779 -28.3065 4.9569 29.6472 -28.3065 -.3528 40 -28.637
5 24 2.6795 11.7157 -17.3205 1.7866 15.6495 -20.6528 5.8579 15.6495 -21.4626 -.8239 11.7157 -16.1313
5 24 3.6976 1.363 1.7866 6.8216 .3422 5.8579 6.3082 .3422 6.3082 4.8236 1.363 1.0342
5 24 -4.1421 24.6927 -24.1421 -4.7858 29.6472 -25.696 -8.4776 24.6927 -22.0041 0 29.6472 -27.3205
5 24 1.7866 15.6495 -20.6528 5.8579 15.6495 -21.4626 1.0342 20 -23.4607 6.3082 11.7157 -18.0423
5 24 2.6795 1.363 2.6795 3.6976 1.363 1.7866 -.8239 3.0448 -.8239 6.8216 .3422 5.8579
5 24 5.8579 15.6495 -21.4626 10 15.6495 -21.7341 5.4784 20 -24.3447 10 11.7157 -18.2843
5 24 -14.4949 20 -14.4949 -11.0881 20 -17.4826 -9.3185 15.6495 -15.1764 -16.1313 24.6927 -16.1313
5 24 -5.8671 15.6495 -17.4826 -9.3185 15.6495 -15.1764 -11.0881 20 -17.4826 -4.1421 11.7157 -14.4949
5 24 -.2642 34.779 -28.3065 -.3528 40 -28.637 -5.1764 34.779 -26.639 4.779 40 -29.6578
5 24 -2.1752 5.359 -5.8671 0 5.359 -7.3205 2.3463 3.0448 -3.2565 -4.8236 8.2659 -9.3185
5 24 4.8236 5.359 -9.3185 3.6976 8.2659 -13.5207 2.3463 5.359 -8.4776 6.8216 8.2659 -14.1421
5 24 -7.2184 11.7157 -12.4394 -10 11.7157 -10 -4.8236 8.2659 -9.3185 -12.4394 15.6495 -12.4394
5 24 -5.1764 34.779 -26.639 -4.7858 29.6472 -25.696 -9.3185 29.6472 -23.4607 -.2642 34.779 -28.3065
5 24 0 5.359 -7.3205 -2.1752 8.2659 -11.0881 .6815 8.2659 -12.4969 -2.1752 5.359 -5.8671
5 24 -9.3185 29.6472 -23.4607 -8.4776 24.6927 -22.0041 -4.7858 29.6472 -25.696 -12.4969 24.6927 -19.3185
5 24 8.6487 .3422 4.9569 9.3185 .3422 4.8236 7.3205 1.363 0 10 0 10
5 24 10 0 10 6.8216 .3422 5.8579 7.3895 .3422 5.4784 6.3082 .3422 6.3082
5 24 -8.4776 24.6927 -22.0041 -12.4969 24.6927 -19.3185 -7.3205 20 -20 -13.5207 29.6472 -20.6528
5 24 .6815 8.2659 -12.4969 -2.1752 8.2659 -11.0881 2.3463 5.359 -8.4776 -4.1421 11.7157 -14.4949
5 24 -7.2184 11.7157 -12.4394 -4.8236 8.2659 -9.3185 -7.2184 8.2659 -7.2184 -4.1421 11.7157 -14.4949
5 24 4.8236 34.779 -29.3185 4.779 40 -29.6578 10 40 -30 -.2642 34.779 -28.3065
5 24 4.8236 1.363 1.0342 7.3895 .3422 5.4784 6.8216 .3422 5.8579 6.0382 1.363 .4353
5 24 5.1764 24.6927 -26.639 4.9569 29.6472 -28.3065 10 29.6472 -28.637 .4353 24.6927 -25.696
5 24 7.3895 5.359 -9.8289 4.8236 5.359 -9.3185 8.002 3.0448 -5.1764 3.6976 8.2659 -13.5207
5 24 9.3185 .3422 4.8236 10 .3422 4.779 8.6487 1.363 -.2642 10 0 10
5 24 -4.1421 5.359 -4.1421 -2.1752 5.359 -5.8671 -7.2184 8.2659 -7.2184 .6815 3.0448 -2.1441
5 24 -9.8289 34.779 -24.3447 -9.3185 29.6472 -23.4607 -13.5207 29.6472 -20.6528 -5.1764 34.779 -26.639
5 24 4.1421 3.0448 -4.1421 6.0382 1.363 .4353 6.0382 3.0448 -4.7858 4.8236 1.363 1.0342
5 24 -4.8236 8.2659 -9.3185 -7.2184 8.2659 -7.2184 -10 11.7157 -10 -2.1752 5.359 -5.8671
5 24 2.3463 3.0448 -3.2565 4.1421 3.0448 -4.1421 6.0382 1.363 .4353 0 5.359 -7.3205
5 24 -5.3073 40 -26.9552 -5.1764 34.779 -26.639 -.3528 40 -28.637 -9.8289 34.779 -24.3447
5 24 6.0382 3.0448 -4.7858 7.3205 1.363 0 6.0382 1.363 .4353 8.002 3.0448 -5.1764
5 24 2.3463 5.359 -8.4776 0 5.359 -7.3205 -2.1752 8.2659 -11.0881 4.1421 3.0448 -4.1421
5 24 3.6976 8.2659 -13.5207 .6815 8.2659 -12.4969 -.8239 11.7157 -16.1313 4.8236 5.359 -9.3185
5 24 8.6487 .3422 4.9569 10 0 10 8.002 .3422 5.1764 9.3185 .3422 4.8236
5 24 6.3082 .3422 6.3082 6.8216 .3422 5.8579 2.6795 1.363 2.6795 10 0 10
5 24 .6815 3.0448 -2.1441 3.6976 1.363 1.7866 2.6795 1.363 2.6795 2.3463 3.0448 -3.2565
5 24 -.2642 34.779 -28.3065 -5.1764 34.779 -26.639 -5.3073 40 -26.9552 0 29.6472 -27.3205
5 24 8.6487 1.363 -.2642 10 1.363 -.3528 10 .3422 4.779 8.002 3.0448 -5.1764
5 24 5.8579 15.6495 -21.4626 6.3082 11.7157 -18.0423 10 15.6495 -21.7341 2.6795 11.7157 -17.3205
5 24 6.0382 1.363 .4353 8.002 .3422 5.1764 7.3895 .3422 5.4784 7.3205 1.363 0
5 24 -9.3185 15.6495 -15.1764 -7.2184 11.7157 -12.4394 -5.8671 15.6495 -17.4826 -10 11.7157 -10
5 24 3.6976 1.363 1.7866 4.8236 1.363 1.0342 .6815 3.0448 -2.1441 7.3895 .3422 5.4784
5 24 -9.3185 15.6495 -15.1764 -12.4394 15.6495 -12.4394 -14.4949 20 -14.4949 -7.2184 11.7157 -12.4394
5 24 5.1764 24.6927 -26.639 .4353 24.6927 -25.696 5.4784 20 -24.3447 0 29.6472 -27.3205
5 24 2.3463 3.0448 -3.2565 .6815 3.0448 -2.1441 4.8236 1.363 1.0342 -2.1752 5.359 -5.8671
5 24 6.3082 11.7157 -18.0423 10 11.7157 -18.2843 10 8.2659 -14.3505 5.8579 15.6495 -21.4626
5 24 -2.1752 8.2659 -11.0881 -4.1421 11.7157 -14.4949 -4.8236 8.2659 -9.3185 -.8239 11.7157 -16.1313
5 24 -5.8671 15.6495 -17.4826 -4.1421 11.7157 -14.4949 -7.2184 11.7157 -12.4394 -2.1441 15.6495 -19.3185
5 24 -11.0881 20 -17.4826 -12.4969 24.6927 -19.3185 -8.4776 24.6927 -22.0041 -14.4949 20 -14.4949
5 24 -4.1421 24.6927 -24.1421 -8.4776 24.6927 -22.0041 -3.2565 20 -22.0041 -9.3185 29.6472 -23.4607
5 24 -7.3205 20 -20 -11.0881 20 -17.4826 -12.4969 24.6927 -19.3185 -5.8671 15.6495 -17.4826
5 24 8.002 .3422 5.1764 8.6487 .3422 4.9569 10 0 10 6.0382 1.363 .4353
5 24 5.4784 20 -24.3447 5.1764 24.6927 -26.639 10 24.6927 -26.9552 1.0342 20 -23.4607
5 24 10 0 10 8.002 .3422 5.1764 7.3895 .3422 5.4784 8.6487 .3422 4.9569
5 24 .4353 24.6927 -25.696 1.0342 20 -23.4607 5.1764 24.6927 -26.639 -3.2565 20 -22.0041
5 24 .4353 24.6927 -25.696 -4.1421 24.6927 -24.1421 -4.7858 29.6472 -25.696 1.0342 20 -23.4607
5 24 6.3082 11.7157 -18.0423 6.8216 8.2659 -14.1421 10 11.7157 -18.2843 3.6976 8.2659 -13.5207
5 24 0 5.359 -7.3205 2.3463 3.0448 -3.2565 .6815 3.0448 -2.1441 2.3463 5.359 -8.4776
5 24 4.9569 29.6472 -28.3065 10 29.6472 -28.637 4.8236 34.779 -29.3185 10 24.6927 -26.9552
5 24 0 29.6472 -27.3205 .4353 24.6927 -25.696 -4.1421 24.6927 -24.1421 4.9569 29.6472 -28.3065
5 24 6.3082 11.7157 -18.0423 2.6795 11.7157 -17.3205 6.8216 8.2659 -14.1421 1.7866 15.6495 -20.6528
5 24 5.8579 15.6495 -21.4626 5.4784 20 -24.3447 10 20 -24.641 1.7866 15.6495 -20.6528
5 24 -3.2565 20 -22.0041 -7.3205 20 -20 -8.4776 24.6927 -22.0041 -2.1441 15.6495 -19.3185
5 24 -4.1421 11.7157 -14.4949 -7.2184 11.7157 -12.4394 -2.1752 8.2659 -11.0881 -9.3185 15.6495 -15.1764
5 24 4.8236 1.363 1.0342 2.3463 3.0448 -3.2565 4.1421 3.0448 -4.1421 3.6976 1.363 1.7866
5 24 -3.2565 20 -22.0041 -4.1421 24.6927 -24.1421 -7.3205 20 -20 .4353 24.6927 -25.696
