0 Untitled Model
0 Name: Untitled Model
0 Author: 
0 BFC CERTIFY CCW
3 16 10 -7.925 -9.9997 10 -1.25 -9.9999 17.6536 -7.925 -8.4775
3 16 17.6536 -7.925 -8.4775 10 -1.25 -9.9999 17.6536 -1.25 -8.4775
3 16 26.1875 -5.25 10 26.2066 0 10 24.8834 -5.25 3.6345
3 16 24.8834 -5.25 3.6345 26.2066 0 10 24.8834 0 3.6345
3 16 24.8834 0 3.6345 25.7509 0 1.8569 24.8834 -5.25 3.6345
3 16 24.8834 -5.25 3.6345 25.7509 0 1.8569 25.7903 -5.25 1.7416
3 16 26.2022 0 0.7329 26.2022 -1.25 0.7329 25.7509 0 1.8569
3 16 25.7509 0 1.8569 26.2022 -1.25 0.7329 25.7903 -5.25 1.7416
3 16 25.7903 -5.25 1.7416 26.2022 -1.25 0.7329 26.0781 -5.25 -0.3375
3 16 26.0781 -5.25 -0.3375 26.2022 -1.25 0.7329 26.0781 -1.25 -0.3375
3 16 26.0781 -5.25 -0.3375 26.0781 -1.25 -0.3375 27.1212 -5.25 -0.3375
3 16 27.1212 -5.25 -0.3375 26.0781 -1.25 -0.3375 27.1212 -1.25 -0.3375
3 16 28.4775 -7.925 2.3464 24.142 -7.925 -4.142 27.1212 -5.25 -0.3375
3 16 27.1212 -5.25 -0.3375 24.142 -7.925 -4.142 24.142 -5.25 -4.142
3 16 27.1212 -1.25 -0.3375 28.4775 -1.25 2.3464 27.1212 -5.25 -0.3375
3 16 27.1212 -5.25 -0.3375 28.4775 -1.25 2.3464 28.4775 -7.925 2.3464
3 16 17.6536 -7.925 -8.4775 20.3375 -5.25 -7.1212 24.142 -7.925 -4.142
3 16 24.142 -7.925 -4.142 20.3375 -5.25 -7.1212 24.142 -5.25 -4.142
3 16 20.3375 -5.25 -6.0781 20.3375 -5.25 -7.1212 20.3375 -1.25 -6.0781
3 16 20.3375 -1.25 -6.0781 20.3375 -5.25 -7.1212 20.3375 -1.25 -7.1212
3 16 17.6536 -7.925 -8.4775 17.6536 -1.25 -8.4775 20.3375 -5.25 -7.1212
3 16 20.3375 -5.25 -7.1212 17.6536 -1.25 -8.4775 20.3375 -1.25 -7.1212
3 16 20.3375 -1.25 -6.0781 19.2995 -1.25 -6.1649 20.3375 -5.25 -6.0781
3 16 20.3375 -5.25 -6.0781 19.2995 -1.25 -6.1649 18.2584 -5.25 -5.7903
3 16 19.2995 0 -6.1649 18.1431 0 -5.7509 19.2995 -1.25 -6.1649
3 16 19.2995 -1.25 -6.1649 18.1431 0 -5.7509 18.2584 -5.25 -5.7903
3 16 18.2584 -5.25 -5.7903 18.1431 0 -5.7509 16.3655 -5.25 -4.8834
3 16 16.3655 -5.25 -4.8834 18.1431 0 -5.7509 16.3655 0 -4.8834
3 16 16.3655 -5.25 -4.8834 16.3655 0 -4.8834 10 -5.25 -6.1875
3 16 10 -5.25 -6.1875 16.3655 0 -4.8834 10 0 -6.2066
3 16 28.4775 -7.925 2.3464 28.4775 -1.25 2.3464 29.9997 -7.925 10
3 16 29.9997 -7.925 10 28.4775 -1.25 2.3464 29.9999 -1.25 10
3 16 20.3375 -1.25 -7.1212 17.6536 -1.25 -8.4775 19.2995 -1.25 -6.1649
3 16 19.2995 -1.25 -6.1649 17.6536 -1.25 -8.4775 14.9831 -1.25 -7.9967
3 16 20.3375 -1.25 -6.0781 20.3375 -1.25 -7.1212 19.2995 -1.25 -6.1649
3 16 27.9967 -1.25 5.0169 28.4775 -1.25 2.3464 26.2022 -1.25 0.7329
3 16 26.2022 -1.25 0.7329 28.4775 -1.25 2.3464 27.1212 -1.25 -0.3375
3 16 26.0781 -1.25 -0.3375 26.2022 -1.25 0.7329 27.1212 -1.25 -0.3375
3 16 28.4775 -1.25 2.3464 27.9967 -1.25 5.0169 29.9999 -1.25 10
3 16 29.9999 -1.25 10 27.9967 -1.25 5.0169 28.75 -1.25 10
3 16 10 -1.25 -8.75 10 0 -8.75 14.9831 -1.25 -7.9967
3 16 14.9831 -1.25 -7.9967 10 0 -8.75 14.9831 0 -7.9967
3 16 19.2995 0 -6.1649 19.2995 -1.25 -6.1649 14.9831 0 -7.9967
3 16 14.9831 0 -7.9967 19.2995 -1.25 -6.1649 14.9831 -1.25 -7.9967
3 16 18.1431 0 -5.7509 19.2995 0 -6.1649 14.9831 0 -7.9967
3 16 18.1431 0 -5.7509 14.9831 0 -7.9967 16.3655 0 -4.8834
3 16 16.3655 0 -4.8834 14.9831 0 -7.9967 10 0 -6.2066
3 16 14.9831 0 -7.9967 10 0 -8.75 10 0 -6.2066
3 16 25.7509 0 1.8569 27.9967 0 5.017 26.2022 0 0.7329
3 16 27.9967 0 5.017 27.9967 -1.25 5.0169 26.2022 0 0.7329
3 16 26.2022 0 0.7329 27.9967 -1.25 5.0169 26.2022 -1.25 0.7329
3 16 27.9967 -1.25 5.0169 27.9967 0 5.017 28.75 -1.25 10
3 16 28.75 -1.25 10 27.9967 0 5.017 28.75 0 10
3 16 17.6536 -1.25 -8.4775 10 -1.25 -9.9999 14.9831 -1.25 -7.9967
3 16 14.9831 -1.25 -7.9967 10 -1.25 -9.9999 10 -1.25 -8.75
3 16 10 -7.925 -9.9997 10 -7.925 10 2.3464 -7.925 -8.4775
3 16 10 -7.925 10 24.142 -7.925 -4.142 28.4775 -7.925 2.3464
3 16 10 -7.925 10 28.4775 -7.925 2.3464 29.9997 -7.925 10
3 16 25.7509 0 1.8569 24.8834 0 3.6345 27.9967 0 5.017
3 16 24.8834 0 3.6345 26.2066 0 10 27.9967 0 5.017
3 16 26.2066 0 10 28.75 0 10 27.9967 0 5.017
3 16 29.9997 -7.925 10 29.9999 -1.25 10 28.4775 -7.925 17.6536
3 16 28.4775 -7.925 17.6536 29.9999 -1.25 10 28.4775 -1.25 17.6536
3 16 10 -5.25 26.1875 10 0 26.2066 16.3655 -5.25 24.8834
3 16 16.3655 -5.25 24.8834 10 0 26.2066 16.3655 0 24.8834
3 16 16.3655 0 24.8834 18.1431 0 25.7509 16.3655 -5.25 24.8834
3 16 16.3655 -5.25 24.8834 18.1431 0 25.7509 18.2584 -5.25 25.7903
3 16 19.2995 0 26.1649 19.2995 -1.25 26.1649 18.1431 0 25.7509
3 16 18.1431 0 25.7509 19.2995 -1.25 26.1649 18.2584 -5.25 25.7903
3 16 18.2584 -5.25 25.7903 19.2995 -1.25 26.1649 20.3375 -5.25 26.0781
3 16 20.3375 -5.25 26.0781 19.2995 -1.25 26.1649 20.3375 -1.25 26.0781
3 16 20.3375 -5.25 26.0781 20.3375 -1.25 26.0781 20.3375 -5.25 27.1212
3 16 20.3375 -5.25 27.1212 20.3375 -1.25 26.0781 20.3375 -1.25 27.1212
3 16 17.6536 -7.925 28.4775 24.142 -7.925 24.142 20.3375 -5.25 27.1212
3 16 20.3375 -5.25 27.1212 24.142 -7.925 24.142 24.142 -5.25 24.142
3 16 20.3375 -1.25 27.1212 17.6536 -1.25 28.4775 20.3375 -5.25 27.1212
3 16 20.3375 -5.25 27.1212 17.6536 -1.25 28.4775 17.6536 -7.925 28.4775
3 16 28.4775 -7.925 17.6536 27.1212 -5.25 20.3375 24.142 -7.925 24.142
3 16 24.142 -7.925 24.142 27.1212 -5.25 20.3375 24.142 -5.25 24.142
3 16 26.0781 -5.25 20.3375 27.1212 -5.25 20.3375 26.0781 -1.25 20.3375
3 16 26.0781 -1.25 20.3375 27.1212 -5.25 20.3375 27.1212 -1.25 20.3375
3 16 28.4775 -7.925 17.6536 28.4775 -1.25 17.6536 27.1212 -5.25 20.3375
3 16 27.1212 -5.25 20.3375 28.4775 -1.25 17.6536 27.1212 -1.25 20.3375
3 16 26.0781 -1.25 20.3375 26.2022 -1.25 19.2671 26.0781 -5.25 20.3375
3 16 26.0781 -5.25 20.3375 26.2022 -1.25 19.2671 25.7903 -5.25 18.2584
3 16 26.2022 0 19.2671 25.7509 0 18.1431 26.2022 -1.25 19.2671
3 16 26.2022 -1.25 19.2671 25.7509 0 18.1431 25.7903 -5.25 18.2584
3 16 25.7903 -5.25 18.2584 25.7509 0 18.1431 24.8834 -5.25 16.3655
3 16 24.8834 -5.25 16.3655 25.7509 0 18.1431 24.8834 0 16.3655
3 16 24.8834 -5.25 16.3655 24.8834 0 16.3655 26.1875 -5.25 10
3 16 26.1875 -5.25 10 24.8834 0 16.3655 26.2066 0 10
3 16 17.6536 -7.925 28.4775 17.6536 -1.25 28.4775 10 -7.925 29.9997
3 16 10 -7.925 29.9997 17.6536 -1.25 28.4775 10 -1.25 29.9999
3 16 27.1212 -1.25 20.3375 28.4775 -1.25 17.6536 26.2022 -1.25 19.2671
3 16 26.2022 -1.25 19.2671 28.4775 -1.25 17.6536 27.9967 -1.25 14.9831
3 16 26.0781 -1.25 20.3375 27.1212 -1.25 20.3375 26.2022 -1.25 19.2671
3 16 14.9831 -1.25 27.9967 17.6536 -1.25 28.4775 19.2995 -1.25 26.1649
3 16 19.2995 -1.25 26.1649 17.6536 -1.25 28.4775 20.3375 -1.25 27.1212
3 16 20.3375 -1.25 26.0781 19.2995 -1.25 26.1649 20.3375 -1.25 27.1212
3 16 17.6536 -1.25 28.4775 14.9831 -1.25 27.9967 10 -1.25 29.9999
3 16 10 -1.25 29.9999 14.9831 -1.25 27.9967 10 -1.25 28.75
3 16 28.75 -1.25 10 28.75 0 10 27.9967 -1.25 14.9831
3 16 27.9967 -1.25 14.9831 28.75 0 10 27.9967 0 14.9831
3 16 26.2022 0 19.2671 26.2022 -1.25 19.2671 27.9967 0 14.9831
3 16 27.9967 0 14.9831 26.2022 -1.25 19.2671 27.9967 -1.25 14.9831
3 16 25.7509 0 18.1431 26.2022 0 19.2671 27.9967 0 14.9831
3 16 25.7509 0 18.1431 27.9967 0 14.9831 24.8834 0 16.3655
3 16 24.8834 0 16.3655 27.9967 0 14.9831 26.2066 0 10
3 16 27.9967 0 14.9831 28.75 0 10 26.2066 0 10
3 16 18.1431 0 25.7509 14.9831 0 27.9967 19.2995 0 26.1649
3 16 14.9831 0 27.9967 14.9831 -1.25 27.9967 19.2995 0 26.1649
3 16 19.2995 0 26.1649 14.9831 -1.25 27.9967 19.2995 -1.25 26.1649
3 16 14.9831 -1.25 27.9967 14.9831 0 27.9967 10 -1.25 28.75
3 16 10 -1.25 28.75 14.9831 0 27.9967 10 0 28.75
3 16 28.4775 -1.25 17.6536 29.9999 -1.25 10 27.9967 -1.25 14.9831
3 16 27.9967 -1.25 14.9831 29.9999 -1.25 10 28.75 -1.25 10
3 16 10 -7.925 10 24.142 -7.925 24.142 17.6536 -7.925 28.4775
3 16 10 -7.925 10 17.6536 -7.925 28.4775 10 -7.925 29.9997
3 16 18.1431 0 25.7509 16.3655 0 24.8834 14.9831 0 27.9967
3 16 16.3655 0 24.8834 10 0 26.2066 14.9831 0 27.9967
3 16 10 0 26.2066 10 0 28.75 14.9831 0 27.9967
3 16 2.3464 -1.25 -8.4775 10 -1.25 -9.9999 2.3464 -7.925 -8.4775
3 16 2.3464 -7.925 -8.4775 10 -1.25 -9.9999 10 -7.925 -9.9997
3 16 -4.8834 -5.25 3.6345 -4.8834 0 3.6345 -6.1875 -5.25 10
3 16 -6.1875 -5.25 10 -4.8834 0 3.6345 -6.2066 0 10
3 16 -4.8834 0 3.6345 -4.8834 -5.25 3.6345 -5.7509 0 1.8569
3 16 -5.7509 0 1.8569 -4.8834 -5.25 3.6345 -5.7903 -5.25 1.7416
3 16 -6.2022 0 0.7329 -5.7509 0 1.8569 -6.2022 -1.25 0.7329
3 16 -6.2022 -1.25 0.7329 -5.7509 0 1.8569 -5.7903 -5.25 1.7416
3 16 -5.7903 -5.25 1.7416 -6.0781 -5.25 -0.3375 -6.2022 -1.25 0.7329
3 16 -6.2022 -1.25 0.7329 -6.0781 -5.25 -0.3375 -6.0781 -1.25 -0.3375
3 16 -7.1212 -1.25 -0.3375 -6.0781 -1.25 -0.3375 -7.1212 -5.25 -0.3375
3 16 -7.1212 -5.25 -0.3375 -6.0781 -1.25 -0.3375 -6.0781 -5.25 -0.3375
3 16 -8.4775 -7.925 2.3464 -7.1212 -5.25 -0.3375 -4.142 -7.925 -4.142
3 16 -4.142 -7.925 -4.142 -7.1212 -5.25 -0.3375 -4.142 -5.25 -4.142
3 16 -7.1212 -1.25 -0.3375 -7.1212 -5.25 -0.3375 -8.4775 -1.25 2.3464
3 16 -8.4775 -1.25 2.3464 -7.1212 -5.25 -0.3375 -8.4775 -7.925 2.3464
3 16 2.3464 -7.925 -8.4775 -4.142 -7.925 -4.142 -0.3375 -5.25 -7.1212
3 16 -0.3375 -5.25 -7.1212 -4.142 -7.925 -4.142 -4.142 -5.25 -4.142
3 16 -0.3375 -1.25 -7.1212 -0.3375 -5.25 -7.1212 -0.3375 -1.25 -6.0781
3 16 -0.3375 -1.25 -6.0781 -0.3375 -5.25 -7.1212 -0.3375 -5.25 -6.0781
3 16 2.3464 -7.925 -8.4775 -0.3375 -5.25 -7.1212 2.3464 -1.25 -8.4775
3 16 2.3464 -1.25 -8.4775 -0.3375 -5.25 -7.1212 -0.3375 -1.25 -7.1212
3 16 -0.3375 -1.25 -6.0781 -0.3375 -5.25 -6.0781 0.7005 -1.25 -6.1649
3 16 0.7005 -1.25 -6.1649 -0.3375 -5.25 -6.0781 1.7416 -5.25 -5.7903
3 16 0.7005 0 -6.1649 0.7005 -1.25 -6.1649 1.8569 0 -5.7509
3 16 1.8569 0 -5.7509 0.7005 -1.25 -6.1649 1.7416 -5.25 -5.7903
3 16 1.7416 -5.25 -5.7903 3.6345 -5.25 -4.8834 1.8569 0 -5.7509
3 16 1.8569 0 -5.7509 3.6345 -5.25 -4.8834 3.6345 0 -4.8834
3 16 10 -5.25 -6.1875 10 0 -6.2066 3.6345 -5.25 -4.8834
3 16 3.6345 -5.25 -4.8834 10 0 -6.2066 3.6345 0 -4.8834
3 16 -9.9999 -1.25 10 -8.4775 -1.25 2.3464 -9.9997 -7.925 10
3 16 -9.9997 -7.925 10 -8.4775 -1.25 2.3464 -8.4775 -7.925 2.3464
3 16 5.017 -1.25 -7.9967 2.3464 -1.25 -8.4775 0.7005 -1.25 -6.1649
3 16 0.7005 -1.25 -6.1649 2.3464 -1.25 -8.4775 -0.3375 -1.25 -7.1212
3 16 -0.3375 -1.25 -6.0781 0.7005 -1.25 -6.1649 -0.3375 -1.25 -7.1212
3 16 -7.1212 -1.25 -0.3375 -8.4775 -1.25 2.3464 -6.2022 -1.25 0.7329
3 16 -6.2022 -1.25 0.7329 -8.4775 -1.25 2.3464 -7.9967 -1.25 5.0169
3 16 -6.0781 -1.25 -0.3375 -7.1212 -1.25 -0.3375 -6.2022 -1.25 0.7329
3 16 -8.4775 -1.25 2.3464 -9.9999 -1.25 10 -7.9967 -1.25 5.0169
3 16 -7.9967 -1.25 5.0169 -9.9999 -1.25 10 -8.75 -1.25 10
3 16 5.0169 0 -7.9967 10 0 -8.75 5.017 -1.25 -7.9967
3 16 5.017 -1.25 -7.9967 10 0 -8.75 10 -1.25 -8.75
3 16 5.0169 0 -7.9967 5.017 -1.25 -7.9967 0.7005 0 -6.1649
3 16 0.7005 0 -6.1649 5.017 -1.25 -7.9967 0.7005 -1.25 -6.1649
3 16 1.8569 0 -5.7509 5.0169 0 -7.9967 0.7005 0 -6.1649
3 16 1.8569 0 -5.7509 3.6345 0 -4.8834 5.0169 0 -7.9967
3 16 3.6345 0 -4.8834 10 0 -6.2066 5.0169 0 -7.9967
3 16 5.0169 0 -7.9967 10 0 -6.2066 10 0 -8.75
3 16 -5.7509 0 1.8569 -7.9967 0 5.017 -4.8834 0 3.6345
3 16 -4.8834 0 3.6345 -7.9967 0 5.017 -6.2066 0 10
3 16 -6.2066 0 10 -7.9967 0 5.017 -8.75 0 10
3 16 -5.7509 0 1.8569 -6.2022 0 0.7329 -7.9967 0 5.017
3 16 -6.2022 0 0.7329 -6.2022 -1.25 0.7329 -7.9967 0 5.017
3 16 -7.9967 0 5.017 -6.2022 -1.25 0.7329 -7.9967 -1.25 5.0169
3 16 -8.75 0 10 -7.9967 0 5.017 -8.75 -1.25 10
3 16 -8.75 -1.25 10 -7.9967 0 5.017 -7.9967 -1.25 5.0169
3 16 2.3464 -1.25 -8.4775 5.017 -1.25 -7.9967 10 -1.25 -9.9999
3 16 10 -1.25 -9.9999 5.017 -1.25 -7.9967 10 -1.25 -8.75
3 16 -4.142 -7.925 -4.142 2.3464 -7.925 -8.4775 10 -7.925 10
3 16 -9.9997 -7.925 10 10 -7.925 10 -8.4775 -7.925 17.6536
3 16 -8.4775 -1.25 17.6536 -9.9999 -1.25 10 -8.4775 -7.925 17.6536
3 16 -8.4775 -7.925 17.6536 -9.9999 -1.25 10 -9.9997 -7.925 10
3 16 3.6345 -5.25 24.8834 3.6345 0 24.8834 10 -5.25 26.1875
3 16 10 -5.25 26.1875 3.6345 0 24.8834 10 0 26.2066
3 16 3.6345 0 24.8834 3.6345 -5.25 24.8834 1.8569 0 25.7509
3 16 1.8569 0 25.7509 3.6345 -5.25 24.8834 1.7416 -5.25 25.7903
3 16 0.7005 0 26.1649 1.8569 0 25.7509 0.7005 -1.25 26.1649
3 16 0.7005 -1.25 26.1649 1.8569 0 25.7509 1.7416 -5.25 25.7903
3 16 1.7416 -5.25 25.7903 -0.3375 -5.25 26.0781 0.7005 -1.25 26.1649
3 16 0.7005 -1.25 26.1649 -0.3375 -5.25 26.0781 -0.3375 -1.25 26.0781
3 16 -0.3375 -1.25 27.1212 -0.3375 -1.25 26.0781 -0.3375 -5.25 27.1212
3 16 -0.3375 -5.25 27.1212 -0.3375 -1.25 26.0781 -0.3375 -5.25 26.0781
3 16 2.3464 -7.925 28.4775 -0.3375 -5.25 27.1212 -4.142 -7.925 24.142
3 16 -4.142 -7.925 24.142 -0.3375 -5.25 27.1212 -4.142 -5.25 24.142
3 16 -0.3375 -1.25 27.1212 -0.3375 -5.25 27.1212 2.3464 -1.25 28.4775
3 16 2.3464 -1.25 28.4775 -0.3375 -5.25 27.1212 2.3464 -7.925 28.4775
3 16 -8.4775 -7.925 17.6536 -4.142 -7.925 24.142 -7.1212 -5.25 20.3375
3 16 -7.1212 -5.25 20.3375 -4.142 -7.925 24.142 -4.142 -5.25 24.142
3 16 -7.1212 -1.25 20.3375 -7.1212 -5.25 20.3375 -6.0781 -1.25 20.3375
3 16 -6.0781 -1.25 20.3375 -7.1212 -5.25 20.3375 -6.0781 -5.25 20.3375
3 16 -8.4775 -7.925 17.6536 -7.1212 -5.25 20.3375 -8.4775 -1.25 17.6536
3 16 -8.4775 -1.25 17.6536 -7.1212 -5.25 20.3375 -7.1212 -1.25 20.3375
3 16 -6.0781 -1.25 20.3375 -6.0781 -5.25 20.3375 -6.2022 -1.25 19.2671
3 16 -6.2022 -1.25 19.2671 -6.0781 -5.25 20.3375 -5.7903 -5.25 18.2584
3 16 -6.2022 0 19.2671 -6.2022 -1.25 19.2671 -5.7509 0 18.1431
3 16 -5.7509 0 18.1431 -6.2022 -1.25 19.2671 -5.7903 -5.25 18.2584
3 16 -5.7903 -5.25 18.2584 -4.8834 -5.25 16.3655 -5.7509 0 18.1431
3 16 -5.7509 0 18.1431 -4.8834 -5.25 16.3655 -4.8834 0 16.3655
3 16 -6.1875 -5.25 10 -6.2066 0 10 -4.8834 -5.25 16.3655
3 16 -4.8834 -5.25 16.3655 -6.2066 0 10 -4.8834 0 16.3655
3 16 10 -1.25 29.9999 2.3464 -1.25 28.4775 10 -7.925 29.9997
3 16 10 -7.925 29.9997 2.3464 -1.25 28.4775 2.3464 -7.925 28.4775
3 16 -6.0781 -1.25 20.3375 -6.2022 -1.25 19.2671 -7.1212 -1.25 20.3375
3 16 -0.3375 -1.25 27.1212 2.3464 -1.25 28.4775 0.7005 -1.25 26.1649
3 16 0.7005 -1.25 26.1649 2.3464 -1.25 28.4775 5.0169 -1.25 27.9967
3 16 -0.3375 -1.25 26.0781 -0.3375 -1.25 27.1212 0.7005 -1.25 26.1649
3 16 2.3464 -1.25 28.4775 10 -1.25 29.9999 5.0169 -1.25 27.9967
3 16 5.0169 -1.25 27.9967 10 -1.25 29.9999 10 -1.25 28.75
3 16 -7.9967 0 14.9831 -8.75 0 10 -7.9967 -1.25 14.9831
3 16 -7.9967 -1.25 14.9831 -8.75 0 10 -8.75 -1.25 10
3 16 -4.8834 0 16.3655 -6.2066 0 10 -7.9967 0 14.9831
3 16 -7.9967 0 14.9831 -6.2066 0 10 -8.75 0 10
3 16 1.8569 0 25.7509 5.017 0 27.9967 3.6345 0 24.8834
3 16 3.6345 0 24.8834 5.017 0 27.9967 10 0 26.2066
3 16 10 0 26.2066 5.017 0 27.9967 10 0 28.75
3 16 1.8569 0 25.7509 0.7005 0 26.1649 5.017 0 27.9967
3 16 0.7005 0 26.1649 0.7005 -1.25 26.1649 5.017 0 27.9967
3 16 5.017 0 27.9967 0.7005 -1.25 26.1649 5.0169 -1.25 27.9967
3 16 10 0 28.75 5.017 0 27.9967 10 -1.25 28.75
3 16 10 -1.25 28.75 5.017 0 27.9967 5.0169 -1.25 27.9967
3 16 -8.4775 -1.25 17.6536 -7.9967 -1.25 14.9831 -9.9999 -1.25 10
3 16 -9.9999 -1.25 10 -7.9967 -1.25 14.9831 -8.75 -1.25 10
3 16 -4.142 -7.925 24.142 10 -7.925 10 2.3464 -7.925 28.4775
3 16 -6.0781 -5.25 -0.3375 -4.142 -5.25 -4.142 -7.1212 -5.25 -0.3375
3 16 -4.142 -5.25 -4.142 -0.3375 -5.25 -6.0781 -0.3375 -5.25 -7.1212
3 16 24.8834 -5.25 16.3655 16.3655 -5.25 24.8834 25.7903 -5.25 18.2584
3 16 25.7903 -5.25 18.2584 16.3655 -5.25 24.8834 18.2584 -5.25 25.7903
3 16 18.2584 -5.25 -5.7903 24.8834 -5.25 3.6345 25.7903 -5.25 1.7416
3 16 -0.3375 -5.25 26.0781 -6.0781 -5.25 20.3375 -4.142 -5.25 24.142
3 16 -6.0781 -5.25 -0.3375 -0.3375 -5.25 -6.0781 -4.142 -5.25 -4.142
3 16 -4.142 -5.25 24.142 -6.0781 -5.25 20.3375 -7.1212 -5.25 20.3375
3 16 -0.3375 -5.25 26.0781 -4.142 -5.25 24.142 -0.3375 -5.25 27.1212
3 16 24.142 -5.25 24.142 20.3375 -5.25 26.0781 20.3375 -5.25 27.1212
3 16 24.142 -5.25 24.142 27.1212 -5.25 20.3375 26.0781 -5.25 20.3375
3 16 24.142 -5.25 -4.142 26.0781 -5.25 -0.3375 27.1212 -5.25 -0.3375
3 16 20.3375 -5.25 -6.0781 24.142 -5.25 -4.142 20.3375 -5.25 -7.1212
3 16 1.7416 -5.25 -5.7903 -5.7903 -5.25 1.7416 3.6345 -5.25 -4.8834
3 16 3.6345 -5.25 -4.8834 -5.7903 -5.25 1.7416 -4.8834 -5.25 3.6345
3 16 16.3655 -5.25 -4.8834 24.8834 -5.25 3.6345 18.2584 -5.25 -5.7903
3 16 10 -5.25 10 10 -5.25 -6.1875 3.6345 -5.25 -4.8834
3 16 10 -5.25 10 16.3655 -5.25 -4.8834 10 -5.25 -6.1875
3 16 24.8834 -5.25 3.6345 16.3655 -5.25 -4.8834 10 -5.25 10
3 16 26.0781 -5.25 -0.3375 20.3375 -5.25 -6.0781 25.7903 -5.25 1.7416
3 16 25.7903 -5.25 1.7416 20.3375 -5.25 -6.0781 18.2584 -5.25 -5.7903
3 16 26.1875 -5.25 10 24.8834 -5.25 3.6345 10 -5.25 10
3 16 24.8834 -5.25 16.3655 26.1875 -5.25 10 10 -5.25 10
3 16 16.3655 -5.25 24.8834 24.8834 -5.25 16.3655 10 -5.25 10
3 16 10 -5.25 10 10 -5.25 26.1875 16.3655 -5.25 24.8834
3 16 10 -5.25 10 3.6345 -5.25 24.8834 10 -5.25 26.1875
3 16 -5.7903 -5.25 18.2584 1.7416 -5.25 25.7903 -4.8834 -5.25 16.3655
3 16 -4.8834 -5.25 16.3655 1.7416 -5.25 25.7903 3.6345 -5.25 24.8834
3 16 -4.8834 -5.25 16.3655 3.6345 -5.25 24.8834 10 -5.25 10
3 16 -6.0781 -5.25 20.3375 -0.3375 -5.25 26.0781 -5.7903 -5.25 18.2584
3 16 -5.7903 -5.25 18.2584 -0.3375 -5.25 26.0781 1.7416 -5.25 25.7903
3 16 10 -5.25 10 -6.1875 -5.25 10 -4.8834 -5.25 16.3655
3 16 10 -5.25 10 -4.8834 -5.25 3.6345 -6.1875 -5.25 10
3 16 -0.3375 -5.25 -6.0781 -6.0781 -5.25 -0.3375 1.7416 -5.25 -5.7903
3 16 1.7416 -5.25 -5.7903 -6.0781 -5.25 -0.3375 -5.7903 -5.25 1.7416
3 16 3.6345 -5.25 -4.8834 -4.8834 -5.25 3.6345 10 -5.25 10
3 16 -9.9997 -7.925 10 -8.4775 -7.925 2.3464 10 -7.925 10
3 16 -4.142 -7.925 24.142 -8.4775 -7.925 17.6536 10 -7.925 10
3 16 10 -7.925 10 10 -7.925 29.9997 2.3464 -7.925 28.4775
3 16 10 -7.925 10 28.4775 -7.925 17.6536 24.142 -7.925 24.142
3 16 10 -7.925 10 29.9997 -7.925 10 28.4775 -7.925 17.6536
3 16 10 -7.925 10 17.6536 -7.925 -8.4775 24.142 -7.925 -4.142
3 16 10 -7.925 -9.9997 17.6536 -7.925 -8.4775 10 -7.925 10
3 16 -4.142 -7.925 -4.142 10 -7.925 10 -8.4775 -7.925 2.3464
3 16 20.3375 -5.25 -6.0781 26.0781 -5.25 -0.3375 24.142 -5.25 -4.142
3 16 26.0781 -5.25 20.3375 25.7903 -5.25 18.2584 20.3375 -5.25 26.0781
3 16 20.3375 -5.25 26.0781 25.7903 -5.25 18.2584 18.2584 -5.25 25.7903
3 16 26.0781 -5.25 20.3375 20.3375 -5.25 26.0781 24.142 -5.25 24.142
3 16 -7.1212 -1.25 20.3375 -6.2022 -1.25 19.2671 -8.4775 -1.25 17.6536
3 16 -8.4775 -1.25 17.6536 -6.2022 -1.25 19.2671 -7.9967 -1.25 14.9831
3 16 -6.2022 -1.25 19.2671 -6.2022 0 19.2671 -7.9967 -1.25 14.9831
3 16 -7.9967 -1.25 14.9831 -6.2022 0 19.2671 -7.9967 0 14.9831
3 16 -6.2022 0 19.2671 -5.7509 0 18.1431 -7.9967 0 14.9831
3 16 -7.9967 0 14.9831 -5.7509 0 18.1431 -4.8834 0 16.3655
3 16 15.5396 0 13.1983 13.1983 0 15.5396 17.3124 0 14.2218
3 16 17.3124 0 14.2218 13.1983 0 15.5396 14.2218 0 17.3123
3 16 14.2218 0 17.3123 13.1983 0 15.5396 10 0 18.4436
3 16 10 0 18.4436 13.1983 0 15.5396 10 0 16.3966
3 16 10 0 16.3966 6.8017 0 15.5396 10 0 18.4436
3 16 10 0 18.4436 6.8017 0 15.5396 5.7782 0 17.3123
3 16 6.8017 0 15.5396 4.4604 0 13.1983 5.7782 0 17.3123
3 16 5.7782 0 17.3123 4.4604 0 13.1983 2.6876 0 14.2218
3 16 4.4604 0 13.1983 3.6034 0 10 2.6876 0 14.2218
3 16 2.6876 0 14.2218 3.6034 0 10 1.5564 0 10
3 16 3.6034 0 10 4.4604 0 6.8017 1.5564 0 10
3 16 1.5564 0 10 4.4604 0 6.8017 2.6876 0 5.7782
3 16 4.4604 0 6.8017 6.8017 0 4.4604 2.6876 0 5.7782
3 16 2.6876 0 5.7782 6.8017 0 4.4604 5.7782 0 2.6877
3 16 6.8017 0 4.4604 10 0 3.6034 5.7782 0 2.6877
3 16 5.7782 0 2.6877 10 0 3.6034 10 0 1.5564
3 16 10 0 3.6034 13.1983 0 4.4604 10 0 1.5564
3 16 10 0 1.5564 13.1983 0 4.4604 14.2218 0 2.6877
3 16 13.1983 0 4.4604 15.5396 0 6.8017 14.2218 0 2.6877
3 16 14.2218 0 2.6877 15.5396 0 6.8017 17.3124 0 5.7782
3 16 15.5396 0 6.8017 16.3966 0 10 17.3124 0 5.7782
3 16 17.3124 0 5.7782 16.3966 0 10 18.4436 0 10
3 16 16.3966 0 10 15.5396 0 13.1983 18.4436 0 10
3 16 18.4436 0 10 15.5396 0 13.1983 17.3124 0 14.2218
3 16 10 -5.25 18.4436 14.2218 -5.25 17.3123 10 0 18.4436
3 16 10 0 18.4436 14.2218 -5.25 17.3123 14.2218 0 17.3123
3 16 5.7782 -5.25 17.3123 10 -5.25 18.4436 5.7782 0 17.3123
3 16 5.7782 0 17.3123 10 -5.25 18.4436 10 0 18.4436
3 16 2.6876 -5.25 14.2218 5.7782 -5.25 17.3123 2.6876 0 14.2218
3 16 2.6876 0 14.2218 5.7782 -5.25 17.3123 5.7782 0 17.3123
3 16 1.5564 -5.25 10 2.6876 -5.25 14.2218 1.5564 0 10
3 16 1.5564 0 10 2.6876 -5.25 14.2218 2.6876 0 14.2218
3 16 2.6876 -5.25 5.7782 1.5564 -5.25 10 2.6876 0 5.7782
3 16 2.6876 0 5.7782 1.5564 -5.25 10 1.5564 0 10
3 16 5.7782 -5.25 2.6877 2.6876 -5.25 5.7782 5.7782 0 2.6877
3 16 5.7782 0 2.6877 2.6876 -5.25 5.7782 2.6876 0 5.7782
3 16 10 -5.25 1.5564 5.7782 -5.25 2.6877 10 0 1.5564
3 16 10 0 1.5564 5.7782 -5.25 2.6877 5.7782 0 2.6877
3 16 14.2218 -5.25 2.6877 10 -5.25 1.5564 14.2218 0 2.6877
3 16 14.2218 0 2.6877 10 -5.25 1.5564 10 0 1.5564
3 16 17.3124 -5.25 5.7782 14.2218 -5.25 2.6877 17.3124 0 5.7782
3 16 17.3124 0 5.7782 14.2218 -5.25 2.6877 14.2218 0 2.6877
3 16 18.4436 -5.25 10 17.3124 -5.25 5.7782 18.4436 0 10
3 16 18.4436 0 10 17.3124 -5.25 5.7782 17.3124 0 5.7782
3 16 17.3124 -5.25 14.2218 18.4436 -5.25 10 17.3124 0 14.2218
3 16 17.3124 0 14.2218 18.4436 -5.25 10 18.4436 0 10
3 16 13.1983 0 15.5396 15.5396 0 13.1983 13.1983 -5.0063 15.5396
3 16 13.1983 -5.0063 15.5396 15.5396 0 13.1983 15.5396 -5.0063 13.1983
3 16 10 0 16.3966 13.1983 0 15.5396 10 -5.0063 16.3966
3 16 10 -5.0063 16.3966 13.1983 0 15.5396 13.1983 -5.0063 15.5396
3 16 6.8017 0 15.5396 10 0 16.3966 6.8017 -5.0063 15.5396
3 16 6.8017 -5.0063 15.5396 10 0 16.3966 10 -5.0063 16.3966
3 16 4.4604 0 13.1983 6.8017 0 15.5396 4.4604 -5.0063 13.1983
3 16 4.4604 -5.0063 13.1983 6.8017 0 15.5396 6.8017 -5.0063 15.5396
3 16 3.6034 0 10 4.4604 0 13.1983 3.6034 -5.0063 10
3 16 3.6034 -5.0063 10 4.4604 0 13.1983 4.4604 -5.0063 13.1983
3 16 4.4604 0 6.8017 3.6034 0 10 4.4604 -5.0063 6.8017
3 16 4.4604 -5.0063 6.8017 3.6034 0 10 3.6034 -5.0063 10
3 16 6.8017 0 4.4604 4.4604 0 6.8017 6.8017 -5.0063 4.4604
3 16 6.8017 -5.0063 4.4604 4.4604 0 6.8017 4.4604 -5.0063 6.8017
3 16 10 0 3.6034 6.8017 0 4.4604 10 -5.0063 3.6034
3 16 10 -5.0063 3.6034 6.8017 0 4.4604 6.8017 -5.0063 4.4604
3 16 13.1983 0 4.4604 10 0 3.6034 13.1983 -5.0063 4.4604
3 16 13.1983 -5.0063 4.4604 10 0 3.6034 10 -5.0063 3.6034
3 16 15.5396 0 6.8017 13.1983 0 4.4604 15.5396 -5.0063 6.8017
3 16 15.5396 -5.0063 6.8017 13.1983 0 4.4604 13.1983 -5.0063 4.4604
3 16 16.3966 0 10 15.5396 0 6.8017 16.3966 -5.0063 10
3 16 16.3966 -5.0063 10 15.5396 0 6.8017 15.5396 -5.0063 6.8017
3 16 15.5396 0 13.1983 16.3966 0 10 15.5396 -5.0063 13.1983
3 16 15.5396 -5.0063 13.1983 16.3966 0 10 16.3966 -5.0063 10
3 16 17.3124 0 14.2218 14.2218 0 17.3123 17.3124 -5.25 14.2218
3 16 17.3124 -5.25 14.2218 14.2218 0 17.3123 14.2218 -5.25 17.3123
2 24 10 -7.925 -9.9997 17.6536 -7.925 -8.4775
2 24 10 -1.25 -9.9999 17.6536 -1.25 -8.4775
2 24 26.1875 -5.25 10 24.8834 -5.25 3.6345
2 24 26.2066 0 10 24.8834 0 3.6345
2 24 24.8834 -5.25 3.6345 24.8834 0 3.6345
2 24 24.8834 0 3.6345 25.7509 0 1.8569
2 24 24.8834 0 3.6345 24.8834 -5.25 3.6345
2 24 24.8834 -5.25 3.6345 25.7903 -5.25 1.7416
2 24 26.2022 0 0.7329 26.2022 -1.25 0.7329
2 24 25.7509 0 1.8569 26.2022 0 0.7329
2 24 25.7903 -5.25 1.7416 26.0781 -5.25 -0.3375
2 24 26.2022 -1.25 0.7329 26.0781 -1.25 -0.3375
2 24 26.0781 -5.25 -0.3375 26.0781 -1.25 -0.3375
2 24 26.0781 -5.25 -0.3375 26.0781 -1.25 -0.3375
2 24 26.0781 -5.25 -0.3375 27.1212 -5.25 -0.3375
2 24 26.0781 -1.25 -0.3375 27.1212 -1.25 -0.3375
2 24 27.1212 -5.25 -0.3375 27.1212 -1.25 -0.3375
2 24 28.4775 -7.925 2.3464 24.142 -7.925 -4.142
2 24 27.1212 -5.25 -0.3375 24.142 -5.25 -4.142
2 24 27.1212 -1.25 -0.3375 28.4775 -1.25 2.3464
2 24 27.1212 -5.25 -0.3375 27.1212 -1.25 -0.3375
2 24 17.6536 -7.925 -8.4775 24.142 -7.925 -4.142
2 24 24.142 -5.25 -4.142 20.3375 -5.25 -7.1212
2 24 20.3375 -5.25 -6.0781 20.3375 -5.25 -7.1212
2 24 20.3375 -5.25 -6.0781 20.3375 -1.25 -6.0781
2 24 20.3375 -5.25 -7.1212 20.3375 -1.25 -7.1212
2 24 20.3375 -1.25 -6.0781 20.3375 -1.25 -7.1212
2 24 17.6536 -1.25 -8.4775 20.3375 -1.25 -7.1212
2 24 20.3375 -5.25 -7.1212 20.3375 -1.25 -7.1212
2 24 20.3375 -1.25 -6.0781 19.2995 -1.25 -6.1649
2 24 20.3375 -1.25 -6.0781 20.3375 -5.25 -6.0781
2 24 20.3375 -5.25 -6.0781 18.2584 -5.25 -5.7903
2 24 19.2995 0 -6.1649 18.1431 0 -5.7509
2 24 19.2995 -1.25 -6.1649 19.2995 0 -6.1649
2 24 18.2584 -5.25 -5.7903 16.3655 -5.25 -4.8834
2 24 18.1431 0 -5.7509 16.3655 0 -4.8834
2 24 16.3655 -5.25 -4.8834 16.3655 0 -4.8834
2 24 16.3655 -5.25 -4.8834 16.3655 0 -4.8834
2 24 16.3655 -5.25 -4.8834 10 -5.25 -6.1875
2 24 16.3655 0 -4.8834 10 0 -6.2066
2 24 28.4775 -7.925 2.3464 29.9997 -7.925 10
2 24 28.4775 -1.25 2.3464 29.9999 -1.25 10
2 24 20.3375 -1.25 -7.1212 17.6536 -1.25 -8.4775
2 24 19.2995 -1.25 -6.1649 14.9831 -1.25 -7.9967
2 24 20.3375 -1.25 -7.1212 20.3375 -1.25 -6.0781
2 24 19.2995 -1.25 -6.1649 20.3375 -1.25 -6.0781
2 24 27.9967 -1.25 5.0169 26.2022 -1.25 0.7329
2 24 28.4775 -1.25 2.3464 27.1212 -1.25 -0.3375
2 24 26.2022 -1.25 0.7329 26.0781 -1.25 -0.3375
2 24 27.1212 -1.25 -0.3375 26.0781 -1.25 -0.3375
2 24 28.4775 -1.25 2.3464 29.9999 -1.25 10
2 24 27.9967 -1.25 5.0169 28.75 -1.25 10
2 24 10 -1.25 -8.75 14.9831 -1.25 -7.9967
2 24 10 0 -8.75 14.9831 0 -7.9967
2 24 19.2995 0 -6.1649 19.2995 -1.25 -6.1649
2 24 14.9831 0 -7.9967 19.2995 0 -6.1649
2 24 14.9831 -1.25 -7.9967 19.2995 -1.25 -6.1649
2 24 19.2995 0 -6.1649 14.9831 0 -7.9967
2 24 18.1431 0 -5.7509 19.2995 0 -6.1649
2 24 18.1431 0 -5.7509 16.3655 0 -4.8834
2 24 16.3655 0 -4.8834 10 0 -6.2066
2 24 14.9831 0 -7.9967 10 0 -8.75
2 24 27.9967 0 5.017 26.2022 0 0.7329
2 24 25.7509 0 1.8569 26.2022 0 0.7329
2 24 27.9967 0 5.017 26.2022 0 0.7329
2 24 27.9967 -1.25 5.0169 26.2022 -1.25 0.7329
2 24 26.2022 0 0.7329 26.2022 -1.25 0.7329
2 24 27.9967 -1.25 5.0169 28.75 -1.25 10
2 24 27.9967 0 5.017 28.75 0 10
2 24 17.6536 -1.25 -8.4775 10 -1.25 -9.9999
2 24 14.9831 -1.25 -7.9967 10 -1.25 -8.75
2 24 10 -7.925 -9.9997 2.3464 -7.925 -8.4775
2 24 24.142 -7.925 -4.142 28.4775 -7.925 2.3464
2 24 28.4775 -7.925 2.3464 29.9997 -7.925 10
2 24 25.7509 0 1.8569 24.8834 0 3.6345
2 24 24.8834 0 3.6345 26.2066 0 10
2 24 27.9967 0 5.017 28.75 0 10
2 24 29.9997 -7.925 10 28.4775 -7.925 17.6536
2 24 29.9999 -1.25 10 28.4775 -1.25 17.6536
2 24 10 -5.25 26.1875 16.3655 -5.25 24.8834
2 24 10 0 26.2066 16.3655 0 24.8834
2 24 16.3655 -5.25 24.8834 16.3655 0 24.8834
2 24 16.3655 0 24.8834 18.1431 0 25.7509
2 24 16.3655 0 24.8834 16.3655 -5.25 24.8834
2 24 16.3655 -5.25 24.8834 18.2584 -5.25 25.7903
2 24 19.2995 0 26.1649 19.2995 -1.25 26.1649
2 24 18.1431 0 25.7509 19.2995 0 26.1649
2 24 18.2584 -5.25 25.7903 20.3375 -5.25 26.0781
2 24 19.2995 -1.25 26.1649 20.3375 -1.25 26.0781
2 24 20.3375 -5.25 26.0781 20.3375 -1.25 26.0781
2 24 20.3375 -5.25 26.0781 20.3375 -1.25 26.0781
2 24 20.3375 -5.25 26.0781 20.3375 -5.25 27.1212
2 24 20.3375 -1.25 26.0781 20.3375 -1.25 27.1212
2 24 20.3375 -5.25 27.1212 20.3375 -1.25 27.1212
2 24 17.6536 -7.925 28.4775 24.142 -7.925 24.142
2 24 20.3375 -5.25 27.1212 24.142 -5.25 24.142
2 24 20.3375 -1.25 27.1212 17.6536 -1.25 28.4775
2 24 20.3375 -5.25 27.1212 20.3375 -1.25 27.1212
2 24 28.4775 -7.925 17.6536 24.142 -7.925 24.142
2 24 24.142 -5.25 24.142 27.1212 -5.25 20.3375
2 24 26.0781 -5.25 20.3375 27.1212 -5.25 20.3375
2 24 26.0781 -5.25 20.3375 26.0781 -1.25 20.3375
2 24 27.1212 -5.25 20.3375 27.1212 -1.25 20.3375
2 24 26.0781 -1.25 20.3375 27.1212 -1.25 20.3375
2 24 28.4775 -1.25 17.6536 27.1212 -1.25 20.3375
2 24 27.1212 -5.25 20.3375 27.1212 -1.25 20.3375
2 24 26.0781 -1.25 20.3375 26.2022 -1.25 19.2671
2 24 26.0781 -1.25 20.3375 26.0781 -5.25 20.3375
2 24 26.0781 -5.25 20.3375 25.7903 -5.25 18.2584
2 24 26.2022 0 19.2671 25.7509 0 18.1431
2 24 26.2022 -1.25 19.2671 26.2022 0 19.2671
2 24 25.7903 -5.25 18.2584 24.8834 -5.25 16.3655
2 24 25.7509 0 18.1431 24.8834 0 16.3655
2 24 24.8834 -5.25 16.3655 24.8834 0 16.3655
2 24 24.8834 -5.25 16.3655 24.8834 0 16.3655
2 24 26.1875 -5.25 10 24.8834 -5.25 16.3655
2 24 26.2066 0 10 24.8834 0 16.3655
2 24 17.6536 -7.925 28.4775 10 -7.925 29.9997
2 24 17.6536 -1.25 28.4775 10 -1.25 29.9999
2 24 27.1212 -1.25 20.3375 28.4775 -1.25 17.6536
2 24 26.2022 -1.25 19.2671 27.9967 -1.25 14.9831
2 24 27.1212 -1.25 20.3375 26.0781 -1.25 20.3375
2 24 26.2022 -1.25 19.2671 26.0781 -1.25 20.3375
2 24 14.9831 -1.25 27.9967 19.2995 -1.25 26.1649
2 24 17.6536 -1.25 28.4775 20.3375 -1.25 27.1212
2 24 19.2995 -1.25 26.1649 20.3375 -1.25 26.0781
2 24 20.3375 -1.25 27.1212 20.3375 -1.25 26.0781
2 24 17.6536 -1.25 28.4775 10 -1.25 29.9999
2 24 14.9831 -1.25 27.9967 10 -1.25 28.75
2 24 28.75 -1.25 10 27.9967 -1.25 14.9831
2 24 28.75 0 10 27.9967 0 14.9831
2 24 26.2022 0 19.2671 26.2022 -1.25 19.2671
2 24 27.9967 0 14.9831 26.2022 0 19.2671
2 24 27.9967 -1.25 14.9831 26.2022 -1.25 19.2671
2 24 26.2022 0 19.2671 27.9967 0 14.9831
2 24 25.7509 0 18.1431 26.2022 0 19.2671
2 24 25.7509 0 18.1431 24.8834 0 16.3655
2 24 26.2066 0 10 24.8834 0 16.3655
2 24 28.75 0 10 27.9967 0 14.9831
2 24 14.9831 0 27.9967 19.2995 0 26.1649
2 24 18.1431 0 25.7509 19.2995 0 26.1649
2 24 14.9831 0 27.9967 19.2995 0 26.1649
2 24 14.9831 -1.25 27.9967 19.2995 -1.25 26.1649
2 24 19.2995 0 26.1649 19.2995 -1.25 26.1649
2 24 14.9831 -1.25 27.9967 10 -1.25 28.75
2 24 14.9831 0 27.9967 10 0 28.75
2 24 29.9999 -1.25 10 28.4775 -1.25 17.6536
2 24 28.75 -1.25 10 27.9967 -1.25 14.9831
2 24 24.142 -7.925 24.142 17.6536 -7.925 28.4775
2 24 17.6536 -7.925 28.4775 10 -7.925 29.9997
2 24 18.1431 0 25.7509 16.3655 0 24.8834
2 24 16.3655 0 24.8834 10 0 26.2066
2 24 14.9831 0 27.9967 10 0 28.75
2 24 10 -1.25 -9.9999 2.3464 -1.25 -8.4775
2 24 10 -7.925 -9.9997 2.3464 -7.925 -8.4775
2 24 -4.8834 -5.25 3.6345 -4.8834 0 3.6345
2 24 -4.8834 -5.25 3.6345 -6.1875 -5.25 10
2 24 -4.8834 0 3.6345 -6.2066 0 10
2 24 -4.8834 0 3.6345 -4.8834 -5.25 3.6345
2 24 -4.8834 0 3.6345 -5.7509 0 1.8569
2 24 -4.8834 -5.25 3.6345 -5.7903 -5.25 1.7416
2 24 -5.7509 0 1.8569 -6.2022 0 0.7329
2 24 -6.2022 0 0.7329 -6.2022 -1.25 0.7329
2 24 -5.7903 -5.25 1.7416 -6.0781 -5.25 -0.3375
2 24 -6.0781 -5.25 -0.3375 -6.0781 -1.25 -0.3375
2 24 -6.2022 -1.25 0.7329 -6.0781 -1.25 -0.3375
2 24 -7.1212 -1.25 -0.3375 -6.0781 -1.25 -0.3375
2 24 -7.1212 -1.25 -0.3375 -7.1212 -5.25 -0.3375
2 24 -6.0781 -1.25 -0.3375 -6.0781 -5.25 -0.3375
2 24 -7.1212 -5.25 -0.3375 -6.0781 -5.25 -0.3375
2 24 -8.4775 -7.925 2.3464 -4.142 -7.925 -4.142
2 24 -7.1212 -5.25 -0.3375 -4.142 -5.25 -4.142
2 24 -7.1212 -5.25 -0.3375 -7.1212 -1.25 -0.3375
2 24 -7.1212 -1.25 -0.3375 -8.4775 -1.25 2.3464
2 24 2.3464 -7.925 -8.4775 -4.142 -7.925 -4.142
2 24 -4.142 -5.25 -4.142 -0.3375 -5.25 -7.1212
2 24 -0.3375 -1.25 -7.1212 -0.3375 -5.25 -7.1212
2 24 -0.3375 -1.25 -7.1212 -0.3375 -1.25 -6.0781
2 24 -0.3375 -5.25 -7.1212 -0.3375 -5.25 -6.0781
2 24 -0.3375 -1.25 -6.0781 -0.3375 -5.25 -6.0781
2 24 -0.3375 -5.25 -7.1212 -0.3375 -1.25 -7.1212
2 24 2.3464 -1.25 -8.4775 -0.3375 -1.25 -7.1212
2 24 -0.3375 -1.25 -6.0781 -0.3375 -5.25 -6.0781
2 24 -0.3375 -1.25 -6.0781 0.7005 -1.25 -6.1649
2 24 -0.3375 -5.25 -6.0781 1.7416 -5.25 -5.7903
2 24 0.7005 -1.25 -6.1649 0.7005 0 -6.1649
2 24 0.7005 0 -6.1649 1.8569 0 -5.7509
2 24 1.7416 -5.25 -5.7903 3.6345 -5.25 -4.8834
2 24 3.6345 -5.25 -4.8834 3.6345 0 -4.8834
2 24 1.8569 0 -5.7509 3.6345 0 -4.8834
2 24 10 -5.25 -6.1875 3.6345 -5.25 -4.8834
2 24 10 0 -6.2066 3.6345 0 -4.8834
2 24 3.6345 -5.25 -4.8834 3.6345 0 -4.8834
2 24 -8.4775 -1.25 2.3464 -9.9999 -1.25 10
2 24 -8.4775 -7.925 2.3464 -9.9997 -7.925 10
2 24 5.017 -1.25 -7.9967 0.7005 -1.25 -6.1649
2 24 2.3464 -1.25 -8.4775 -0.3375 -1.25 -7.1212
2 24 0.7005 -1.25 -6.1649 -0.3375 -1.25 -6.0781
2 24 -0.3375 -1.25 -7.1212 -0.3375 -1.25 -6.0781
2 24 -7.1212 -1.25 -0.3375 -8.4775 -1.25 2.3464
2 24 -6.2022 -1.25 0.7329 -7.9967 -1.25 5.0169
2 24 -7.1212 -1.25 -0.3375 -6.0781 -1.25 -0.3375
2 24 -6.2022 -1.25 0.7329 -6.0781 -1.25 -0.3375
2 24 -8.4775 -1.25 2.3464 -9.9999 -1.25 10
2 24 -7.9967 -1.25 5.0169 -8.75 -1.25 10
2 24 10 0 -8.75 5.0169 0 -7.9967
2 24 10 -1.25 -8.75 5.017 -1.25 -7.9967
2 24 5.0169 0 -7.9967 0.7005 0 -6.1649
2 24 5.017 -1.25 -7.9967 0.7005 -1.25 -6.1649
2 24 0.7005 0 -6.1649 0.7005 -1.25 -6.1649
2 24 5.0169 0 -7.9967 0.7005 0 -6.1649
2 24 1.8569 0 -5.7509 0.7005 0 -6.1649
2 24 1.8569 0 -5.7509 3.6345 0 -4.8834
2 24 10 0 -6.2066 3.6345 0 -4.8834
2 24 10 0 -8.75 5.0169 0 -7.9967
2 24 -5.7509 0 1.8569 -4.8834 0 3.6345
2 24 -4.8834 0 3.6345 -6.2066 0 10
2 24 -7.9967 0 5.017 -8.75 0 10
2 24 -7.9967 0 5.017 -6.2022 0 0.7329
2 24 -5.7509 0 1.8569 -6.2022 0 0.7329
2 24 -6.2022 0 0.7329 -6.2022 -1.25 0.7329
2 24 -6.2022 0 0.7329 -7.9967 0 5.017
2 24 -6.2022 -1.25 0.7329 -7.9967 -1.25 5.0169
2 24 -7.9967 0 5.017 -8.75 0 10
2 24 -7.9967 -1.25 5.0169 -8.75 -1.25 10
2 24 10 -1.25 -9.9999 2.3464 -1.25 -8.4775
2 24 10 -1.25 -8.75 5.017 -1.25 -7.9967
2 24 2.3464 -7.925 -8.4775 -4.142 -7.925 -4.142
2 24 -9.9997 -7.925 10 -8.4775 -7.925 17.6536
2 24 -9.9999 -1.25 10 -8.4775 -1.25 17.6536
2 24 -9.9997 -7.925 10 -8.4775 -7.925 17.6536
2 24 3.6345 -5.25 24.8834 3.6345 0 24.8834
2 24 10 -5.25 26.1875 3.6345 -5.25 24.8834
2 24 10 0 26.2066 3.6345 0 24.8834
2 24 3.6345 0 24.8834 3.6345 -5.25 24.8834
2 24 3.6345 0 24.8834 1.8569 0 25.7509
2 24 3.6345 -5.25 24.8834 1.7416 -5.25 25.7903
2 24 1.8569 0 25.7509 0.7005 0 26.1649
2 24 0.7005 0 26.1649 0.7005 -1.25 26.1649
2 24 1.7416 -5.25 25.7903 -0.3375 -5.25 26.0781
2 24 -0.3375 -5.25 26.0781 -0.3375 -1.25 26.0781
2 24 0.7005 -1.25 26.1649 -0.3375 -1.25 26.0781
2 24 -0.3375 -1.25 27.1212 -0.3375 -1.25 26.0781
2 24 -0.3375 -1.25 27.1212 -0.3375 -5.25 27.1212
2 24 -0.3375 -1.25 26.0781 -0.3375 -5.25 26.0781
2 24 -0.3375 -5.25 27.1212 -0.3375 -5.25 26.0781
2 24 2.3464 -7.925 28.4775 -4.142 -7.925 24.142
2 24 -0.3375 -5.25 27.1212 -4.142 -5.25 24.142
2 24 -0.3375 -5.25 27.1212 -0.3375 -1.25 27.1212
2 24 -0.3375 -1.25 27.1212 2.3464 -1.25 28.4775
2 24 -8.4775 -7.925 17.6536 -4.142 -7.925 24.142
2 24 -4.142 -5.25 24.142 -7.1212 -5.25 20.3375
2 24 -7.1212 -1.25 20.3375 -7.1212 -5.25 20.3375
2 24 -7.1212 -1.25 20.3375 -6.0781 -1.25 20.3375
2 24 -7.1212 -5.25 20.3375 -6.0781 -5.25 20.3375
2 24 -6.0781 -1.25 20.3375 -6.0781 -5.25 20.3375
2 24 -7.1212 -5.25 20.3375 -7.1212 -1.25 20.3375
2 24 -8.4775 -1.25 17.6536 -7.1212 -1.25 20.3375
2 24 -6.0781 -1.25 20.3375 -6.0781 -5.25 20.3375
2 24 -6.0781 -1.25 20.3375 -6.2022 -1.25 19.2671
2 24 -6.0781 -5.25 20.3375 -5.7903 -5.25 18.2584
2 24 -6.2022 -1.25 19.2671 -6.2022 0 19.2671
2 24 -6.2022 0 19.2671 -5.7509 0 18.1431
2 24 -5.7903 -5.25 18.2584 -4.8834 -5.25 16.3655
2 24 -4.8834 -5.25 16.3655 -4.8834 0 16.3655
2 24 -5.7509 0 18.1431 -4.8834 0 16.3655
2 24 -6.1875 -5.25 10 -4.8834 -5.25 16.3655
2 24 -6.2066 0 10 -4.8834 0 16.3655
2 24 -4.8834 -5.25 16.3655 -4.8834 0 16.3655
2 24 10 -1.25 29.9999 2.3464 -1.25 28.4775
2 24 10 -7.925 29.9997 2.3464 -7.925 28.4775
2 24 -6.0781 -1.25 20.3375 -6.2022 -1.25 19.2671
2 24 -6.0781 -1.25 20.3375 -7.1212 -1.25 20.3375
2 24 -0.3375 -1.25 27.1212 2.3464 -1.25 28.4775
2 24 0.7005 -1.25 26.1649 5.0169 -1.25 27.9967
2 24 -0.3375 -1.25 27.1212 -0.3375 -1.25 26.0781
2 24 0.7005 -1.25 26.1649 -0.3375 -1.25 26.0781
2 24 10 -1.25 29.9999 2.3464 -1.25 28.4775
2 24 10 -1.25 28.75 5.0169 -1.25 27.9967
2 24 -8.75 0 10 -7.9967 0 14.9831
2 24 -8.75 -1.25 10 -7.9967 -1.25 14.9831
2 24 -6.2066 0 10 -4.8834 0 16.3655
2 24 -8.75 0 10 -7.9967 0 14.9831
2 24 1.8569 0 25.7509 3.6345 0 24.8834
2 24 10 0 26.2066 3.6345 0 24.8834
2 24 10 0 28.75 5.017 0 27.9967
2 24 5.017 0 27.9967 0.7005 0 26.1649
2 24 1.8569 0 25.7509 0.7005 0 26.1649
2 24 0.7005 0 26.1649 0.7005 -1.25 26.1649
2 24 0.7005 0 26.1649 5.017 0 27.9967
2 24 0.7005 -1.25 26.1649 5.0169 -1.25 27.9967
2 24 10 0 28.75 5.017 0 27.9967
2 24 10 -1.25 28.75 5.0169 -1.25 27.9967
2 24 -9.9999 -1.25 10 -8.4775 -1.25 17.6536
2 24 -8.75 -1.25 10 -7.9967 -1.25 14.9831
2 24 -4.142 -7.925 24.142 2.3464 -7.925 28.4775
2 24 -4.142 -5.25 -4.142 -7.1212 -5.25 -0.3375
2 24 -6.0781 -5.25 -0.3375 -7.1212 -5.25 -0.3375
2 24 -0.3375 -5.25 -6.0781 -0.3375 -5.25 -7.1212
2 24 -4.142 -5.25 -4.142 -0.3375 -5.25 -7.1212
2 24 24.8834 -5.25 16.3655 25.7903 -5.25 18.2584
2 24 16.3655 -5.25 24.8834 18.2584 -5.25 25.7903
2 24 24.8834 -5.25 3.6345 25.7903 -5.25 1.7416
2 24 -6.0781 -5.25 20.3375 -7.1212 -5.25 20.3375
2 24 -4.142 -5.25 24.142 -7.1212 -5.25 20.3375
2 24 -4.142 -5.25 24.142 -0.3375 -5.25 27.1212
2 24 -0.3375 -5.25 26.0781 -0.3375 -5.25 27.1212
2 24 20.3375 -5.25 26.0781 20.3375 -5.25 27.1212
2 24 24.142 -5.25 24.142 20.3375 -5.25 27.1212
2 24 27.1212 -5.25 20.3375 26.0781 -5.25 20.3375
2 24 24.142 -5.25 24.142 27.1212 -5.25 20.3375
2 24 26.0781 -5.25 -0.3375 27.1212 -5.25 -0.3375
2 24 24.142 -5.25 -4.142 27.1212 -5.25 -0.3375
2 24 24.142 -5.25 -4.142 20.3375 -5.25 -7.1212
2 24 20.3375 -5.25 -6.0781 20.3375 -5.25 -7.1212
2 24 1.7416 -5.25 -5.7903 3.6345 -5.25 -4.8834
2 24 -5.7903 -5.25 1.7416 -4.8834 -5.25 3.6345
2 24 18.2584 -5.25 -5.7903 16.3655 -5.25 -4.8834
2 24 3.6345 -5.25 -4.8834 10 -5.25 -6.1875
2 24 16.3655 -5.25 -4.8834 10 -5.25 -6.1875
2 24 25.7903 -5.25 1.7416 26.0781 -5.25 -0.3375
2 24 18.2584 -5.25 -5.7903 20.3375 -5.25 -6.0781
2 24 24.8834 -5.25 3.6345 26.1875 -5.25 10
2 24 24.8834 -5.25 16.3655 26.1875 -5.25 10
2 24 16.3655 -5.25 24.8834 10 -5.25 26.1875
2 24 10 -5.25 26.1875 3.6345 -5.25 24.8834
2 24 -5.7903 -5.25 18.2584 -4.8834 -5.25 16.3655
2 24 3.6345 -5.25 24.8834 1.7416 -5.25 25.7903
2 24 -6.0781 -5.25 20.3375 -5.7903 -5.25 18.2584
2 24 -0.3375 -5.25 26.0781 1.7416 -5.25 25.7903
2 24 -4.8834 -5.25 16.3655 -6.1875 -5.25 10
2 24 -4.8834 -5.25 3.6345 -6.1875 -5.25 10
2 24 -0.3375 -5.25 -6.0781 1.7416 -5.25 -5.7903
2 24 -6.0781 -5.25 -0.3375 -5.7903 -5.25 1.7416
2 24 -9.9997 -7.925 10 -8.4775 -7.925 2.3464
2 24 -8.4775 -7.925 17.6536 -4.142 -7.925 24.142
2 24 10 -7.925 29.9997 2.3464 -7.925 28.4775
2 24 24.142 -7.925 24.142 28.4775 -7.925 17.6536
2 24 29.9997 -7.925 10 28.4775 -7.925 17.6536
2 24 24.142 -7.925 -4.142 17.6536 -7.925 -8.4775
2 24 10 -7.925 -9.9997 17.6536 -7.925 -8.4775
2 24 -4.142 -7.925 -4.142 -8.4775 -7.925 2.3464
2 24 25.7903 -5.25 18.2584 26.0781 -5.25 20.3375
2 24 18.2584 -5.25 25.7903 20.3375 -5.25 26.0781
2 24 -7.1212 -1.25 20.3375 -8.4775 -1.25 17.6536
2 24 -6.2022 -1.25 19.2671 -7.9967 -1.25 14.9831
2 24 -6.2022 -1.25 19.2671 -6.2022 0 19.2671
2 24 -7.9967 -1.25 14.9831 -6.2022 -1.25 19.2671
2 24 -7.9967 0 14.9831 -6.2022 0 19.2671
2 24 -6.2022 0 19.2671 -5.7509 0 18.1431
2 24 -7.9967 0 14.9831 -6.2022 0 19.2671
2 24 -4.8834 0 16.3655 -5.7509 0 18.1431
2 24 15.5396 0 13.1983 13.1983 0 15.5396
2 24 17.3124 0 14.2218 14.2218 0 17.3123
2 24 14.2218 0 17.3123 10 0 18.4436
2 24 13.1983 0 15.5396 10 0 16.3966
2 24 10 0 16.3966 6.8017 0 15.5396
2 24 10 0 18.4436 5.7782 0 17.3123
2 24 6.8017 0 15.5396 4.4604 0 13.1983
2 24 5.7782 0 17.3123 2.6876 0 14.2218
2 24 4.4604 0 13.1983 3.6034 0 10
2 24 2.6876 0 14.2218 1.5564 0 10
2 24 3.6034 0 10 4.4604 0 6.8017
2 24 1.5564 0 10 2.6876 0 5.7782
2 24 4.4604 0 6.8017 6.8017 0 4.4604
2 24 2.6876 0 5.7782 5.7782 0 2.6877
2 24 6.8017 0 4.4604 10 0 3.6034
2 24 5.7782 0 2.6877 10 0 1.5564
2 24 10 0 3.6034 13.1983 0 4.4604
2 24 10 0 1.5564 14.2218 0 2.6877
2 24 13.1983 0 4.4604 15.5396 0 6.8017
2 24 14.2218 0 2.6877 17.3124 0 5.7782
2 24 15.5396 0 6.8017 16.3966 0 10
2 24 17.3124 0 5.7782 18.4436 0 10
2 24 15.5396 0 13.1983 16.3966 0 10
2 24 17.3124 0 14.2218 18.4436 0 10
2 24 10 -5.25 18.4436 14.2218 -5.25 17.3123
2 24 10 0 18.4436 14.2218 0 17.3123
2 24 10 -5.25 18.4436 5.7782 -5.25 17.3123
2 24 10 0 18.4436 5.7782 0 17.3123
2 24 5.7782 -5.25 17.3123 2.6876 -5.25 14.2218
2 24 5.7782 0 17.3123 2.6876 0 14.2218
2 24 2.6876 -5.25 14.2218 1.5564 -5.25 10
2 24 2.6876 0 14.2218 1.5564 0 10
2 24 1.5564 -5.25 10 2.6876 -5.25 5.7782
2 24 1.5564 0 10 2.6876 0 5.7782
2 24 2.6876 -5.25 5.7782 5.7782 -5.25 2.6877
2 24 2.6876 0 5.7782 5.7782 0 2.6877
2 24 5.7782 -5.25 2.6877 10 -5.25 1.5564
2 24 5.7782 0 2.6877 10 0 1.5564
2 24 10 -5.25 1.5564 14.2218 -5.25 2.6877
2 24 10 0 1.5564 14.2218 0 2.6877
2 24 14.2218 -5.25 2.6877 17.3124 -5.25 5.7782
2 24 14.2218 0 2.6877 17.3124 0 5.7782
2 24 17.3124 -5.25 5.7782 18.4436 -5.25 10
2 24 17.3124 0 5.7782 18.4436 0 10
2 24 18.4436 -5.25 10 17.3124 -5.25 14.2218
2 24 18.4436 0 10 17.3124 0 14.2218
2 24 13.1983 0 15.5396 15.5396 0 13.1983
2 24 13.1983 -5.0063 15.5396 15.5396 -5.0063 13.1983
2 24 13.1983 0 15.5396 10 0 16.3966
2 24 13.1983 -5.0063 15.5396 10 -5.0063 16.3966
2 24 10 0 16.3966 6.8017 0 15.5396
2 24 10 -5.0063 16.3966 6.8017 -5.0063 15.5396
2 24 6.8017 0 15.5396 4.4604 0 13.1983
2 24 6.8017 -5.0063 15.5396 4.4604 -5.0063 13.1983
2 24 4.4604 0 13.1983 3.6034 0 10
2 24 4.4604 -5.0063 13.1983 3.6034 -5.0063 10
2 24 3.6034 0 10 4.4604 0 6.8017
2 24 3.6034 -5.0063 10 4.4604 -5.0063 6.8017
2 24 4.4604 0 6.8017 6.8017 0 4.4604
2 24 4.4604 -5.0063 6.8017 6.8017 -5.0063 4.4604
2 24 6.8017 0 4.4604 10 0 3.6034
2 24 6.8017 -5.0063 4.4604 10 -5.0063 3.6034
2 24 10 0 3.6034 13.1983 0 4.4604
2 24 10 -5.0063 3.6034 13.1983 -5.0063 4.4604
2 24 13.1983 0 4.4604 15.5396 0 6.8017
2 24 13.1983 -5.0063 4.4604 15.5396 -5.0063 6.8017
2 24 15.5396 0 6.8017 16.3966 0 10
2 24 15.5396 -5.0063 6.8017 16.3966 -5.0063 10
2 24 15.5396 0 13.1983 16.3966 0 10
2 24 15.5396 -5.0063 13.1983 16.3966 -5.0063 10
2 24 14.2218 0 17.3123 17.3124 0 14.2218
2 24 14.2218 -5.25 17.3123 17.3124 -5.25 14.2218
2 24 10 -7.95 -9.9997 2.3464 -7.95 -8.4775
2 24 24.142 -7.95 -4.142 28.4775 -7.95 2.3464
2 24 28.4775 -7.95 2.3464 29.9997 -7.95 10
2 24 24.142 -7.95 24.142 17.6536 -7.95 28.4775
2 24 17.6536 -7.95 28.4775 10 -7.95 29.9997
2 24 2.3464 -7.95 -8.4775 -4.142 -7.95 -4.142
2 24 -9.9997 -7.95 10 -8.4775 -7.95 17.6536
2 24 -4.142 -7.95 24.142 2.3464 -7.95 28.4775
2 24 -9.9997 -7.95 10 -8.4775 -7.95 2.3464
2 24 -8.4775 -7.95 17.6536 -4.142 -7.95 24.142
2 24 10 -7.95 29.9997 2.3464 -7.95 28.4775
2 24 24.142 -7.95 24.142 28.4775 -7.95 17.6536
2 24 29.9997 -7.95 10 28.4775 -7.95 17.6536
2 24 24.142 -7.95 -4.142 17.6536 -7.95 -8.4775
2 24 10 -7.95 -9.9997 17.6536 -7.95 -8.4775
2 24 -4.142 -7.95 -4.142 -8.4775 -7.95 2.3464
0 STEP
