0 Untitled Model
0 Name: Untitled Model
0 Author: 
0 BFC CERTIFY CCW
3 16 0 -1.25 -9 -9.0005 -1.25 -9 0 0 -9
3 16 0 0 -9 -9.0005 -1.25 -9 -9.0005 0 -9
3 16 -10 -8 0 -10 -1.25 0 -10 -8 -10
3 16 -10 -8 -10 -10 -1.25 0 -10 -1.25 -10
3 16 0 -1.25 -9 0 -1.25 -10 -9.0005 -1.25 -9
3 16 -9.0005 -1.25 -9 0 -1.25 -10 -10 -1.25 -10
3 16 -10 -1.25 -10 0 -1.25 -10 -10 -8 -10
3 16 -10 -8 -10 0 -1.25 -10 0 -8 -10
3 16 -9.0005 0 0 -9.0005 0 -9 -9.0005 -1.25 0
3 16 -9.0005 -1.25 0 -9.0005 0 -9 -9.0005 -1.25 -9
3 16 -8.5376 -1.25 3.6745 -6.5371 -1.25 6.5366 -8.5379 0 3.6749
3 16 -8.5379 0 3.6749 -6.5371 -1.25 6.5366 -6.5379 0 6.5373
3 16 -6.5371 -1.25 6.5366 -3.5852 -1.25 8.5406 -6.5379 0 6.5373
3 16 -6.5379 0 6.5373 -3.5852 -1.25 8.5406 -3.5856 0 8.5415
3 16 -9.0005 -1.25 0 -9.0005 -1.25 -9 -10 -1.25 0
3 16 -10 -1.25 0 -9.0005 -1.25 -9 -10 -1.25 -10
3 16 -9.3778 -8 4.0148 -7.2176 -8 7.2171 -9.3778 -1.25 4.0148
3 16 -9.3778 -1.25 4.0148 -7.2176 -8 7.2171 -7.2176 -1.25 7.2171
3 16 -6.5371 -1.25 6.5366 -8.5376 -1.25 3.6745 -7.2176 -1.25 7.2171
3 16 -7.2176 -1.25 7.2171 -8.5376 -1.25 3.6745 -9.3778 -1.25 4.0148
3 16 -3.5852 -1.25 8.5406 -6.5371 -1.25 6.5366 -3.9254 -1.25 9.379
3 16 -3.9254 -1.25 9.379 -6.5371 -1.25 6.5366 -7.2176 -1.25 7.2171
3 16 -7.2176 -8 7.2171 -3.9254 -8 9.379 -7.2176 -1.25 7.2171
3 16 -7.2176 -1.25 7.2171 -3.9254 -8 9.379 -3.9254 -1.25 9.379
3 16 -9.3778 -8 4.0148 0 -8 0 -7.2176 -8 7.2171
3 16 0 -8 0 -3.9254 -8 9.379 -7.2176 -8 7.2171
3 16 -10 -8 0 -10 -8 -10 0 -8 0
3 16 0 -8 0 -10 -8 -10 0 -8 -10
3 16 -3.5856 0 8.5415 -3.5852 -1.25 8.5406 0 0 9.2286
3 16 0 0 9.2286 -3.5852 -1.25 8.5406 0 -1.25 9.2275
3 16 -3.5852 -1.25 8.5406 -3.9254 -1.25 9.379 0 -1.25 9.2275
3 16 0 -1.25 9.2275 -3.9254 -1.25 9.379 0 -1.25 10.2238
3 16 -3.9254 -1.25 9.379 -3.9254 -8 9.379 0 -1.25 10.2238
3 16 0 -1.25 10.2238 -3.9254 -8 9.379 0 -8 10.2238
3 16 -3.9254 -8 9.379 0 -8 0 0 -8 10.2238
3 16 0 -8 0 -9.3778 -8 4.0148 -10 -8 0
3 16 -10 -8 0 -9.3778 -8 4.0148 -10 -1.25 0
3 16 -10 -1.25 0 -9.3778 -8 4.0148 -9.3778 -1.25 4.0148
3 16 -9.3778 -1.25 4.0148 -8.5376 -1.25 3.6745 -10 -1.25 0
3 16 -10 -1.25 0 -8.5376 -1.25 3.6745 -9.0005 -1.25 0
3 16 -9.0005 -1.25 0 -8.5376 -1.25 3.6745 -9.0005 0 0
3 16 -9.0005 0 0 -8.5376 -1.25 3.6745 -8.5379 0 3.6749
3 16 0 -1.25 -9 0 0 -9 9.0005 -1.25 -9
3 16 9.0005 -1.25 -9 0 0 -9 9.0005 0 -9
3 16 10 -8 0 10 -8 -10 10 -1.25 0
3 16 10 -1.25 0 10 -8 -10 10 -1.25 -10
3 16 10 -1.25 -10 0 -1.25 -10 9.0005 -1.25 -9
3 16 9.0005 -1.25 -9 0 -1.25 -10 0 -1.25 -9
3 16 10 -1.25 -10 10 -8 -10 0 -1.25 -10
3 16 0 -1.25 -10 10 -8 -10 0 -8 -10
3 16 9.0005 0 0 9.0005 -1.25 0 9.0005 0 -9
3 16 9.0005 0 -9 9.0005 -1.25 0 9.0005 -1.25 -9
3 16 8.5376 -1.25 3.6745 8.5379 0 3.6749 6.5371 -1.25 6.5366
3 16 6.5371 -1.25 6.5366 8.5379 0 3.6749 6.5379 0 6.5373
3 16 6.5371 -1.25 6.5366 6.5379 0 6.5373 3.5852 -1.25 8.5406
3 16 3.5852 -1.25 8.5406 6.5379 0 6.5373 3.5856 0 8.5415
3 16 10 -1.25 -10 9.0005 -1.25 -9 10 -1.25 0
3 16 10 -1.25 0 9.0005 -1.25 -9 9.0005 -1.25 0
3 16 9.3778 -8 4.0148 9.3778 -1.25 4.0148 7.2176 -8 7.2171
3 16 7.2176 -8 7.2171 9.3778 -1.25 4.0148 7.2176 -1.25 7.2171
3 16 6.5371 -1.25 6.5366 7.2176 -1.25 7.2171 8.5376 -1.25 3.6745
3 16 8.5376 -1.25 3.6745 7.2176 -1.25 7.2171 9.3778 -1.25 4.0148
3 16 3.5852 -1.25 8.5406 3.9254 -1.25 9.379 6.5371 -1.25 6.5366
3 16 6.5371 -1.25 6.5366 3.9254 -1.25 9.379 7.2176 -1.25 7.2171
3 16 7.2176 -8 7.2171 7.2176 -1.25 7.2171 3.9254 -8 9.379
3 16 3.9254 -8 9.379 7.2176 -1.25 7.2171 3.9254 -1.25 9.379
3 16 9.3778 -8 4.0148 7.2176 -8 7.2171 0 -8 0
3 16 0 -8 0 7.2176 -8 7.2171 3.9254 -8 9.379
3 16 10 -8 0 0 -8 0 10 -8 -10
3 16 10 -8 -10 0 -8 0 0 -8 -10
3 16 3.5856 0 8.5415 0 0 9.2286 3.5852 -1.25 8.5406
3 16 3.5852 -1.25 8.5406 0 0 9.2286 0 -1.25 9.2275
3 16 0 -1.25 10.2238 3.9254 -1.25 9.379 0 -1.25 9.2275
3 16 0 -1.25 9.2275 3.9254 -1.25 9.379 3.5852 -1.25 8.5406
3 16 3.9254 -1.25 9.379 0 -1.25 10.2238 3.9254 -8 9.379
3 16 3.9254 -8 9.379 0 -1.25 10.2238 0 -8 10.2238
3 16 3.9254 -8 9.379 0 -8 10.2238 0 -8 0
3 16 0 -8 0 10 -8 0 9.3778 -8 4.0148
3 16 10 -8 0 10 -1.25 0 9.3778 -8 4.0148
3 16 9.3778 -8 4.0148 10 -1.25 0 9.3778 -1.25 4.0148
3 16 9.3778 -1.25 4.0148 10 -1.25 0 8.5376 -1.25 3.6745
3 16 8.5376 -1.25 3.6745 10 -1.25 0 9.0005 -1.25 0
3 16 9.0005 -1.25 0 9.0005 0 0 8.5376 -1.25 3.6745
3 16 8.5376 -1.25 3.6745 9.0005 0 0 8.5379 0 3.6749
3 16 -6.25 0 -6.25 -6.25 -5.25 -6.25 0 0 -6.25
3 16 0 0 -6.25 -6.25 -5.25 -6.25 0 -5.25 -6.25
3 16 -6.25 -5.25 0 -6.25 -5.25 -6.25 -6.25 0 0
3 16 -6.25 0 0 -6.25 -5.25 -6.25 -6.25 0 -6.25
3 16 0 -5.25 -6.25 -6.25 -5.25 -6.25 0 -5.25 0
3 16 0 -5.25 0 -6.25 -5.25 -6.25 -6.25 -5.25 0
3 16 -4.4876 -5.25 4.5041 -5.9023 -5.25 2.5005 -4.4876 0 4.5041
3 16 -4.4876 0 4.5041 -5.9023 -5.25 2.5005 -5.9023 0 2.5005
3 16 0 0 5.77 0 -5.25 5.77 -2.4215 0 5.77
3 16 -2.4215 0 5.77 0 -5.25 5.77 -2.4215 -5.25 5.77
3 16 -5.9023 0 2.5005 -5.9023 -5.25 2.5005 -6.25 0 0
3 16 -6.25 0 0 -5.9023 -5.25 2.5005 -6.25 -5.25 0
3 16 0 -5.25 0 -6.25 -5.25 0 -5.9023 -5.25 2.5005
3 16 -9.0005 0 -9 -9.0005 0 0 -6.25 0 -6.25
3 16 -6.25 0 -6.25 -9.0005 0 0 -6.25 0 0
3 16 -8.5379 0 3.6749 -5.9023 0 2.5005 -9.0005 0 0
3 16 -9.0005 0 0 -5.9023 0 2.5005 -6.25 0 0
3 16 0 0 5.77 -2.4215 0 5.77 0 0 9.2286
3 16 0 0 9.2286 -2.4215 0 5.77 -3.5856 0 8.5415
3 16 -4.4876 0 4.5041 -5.9023 0 2.5005 -6.5379 0 6.5373
3 16 -6.5379 0 6.5373 -5.9023 0 2.5005 -8.5379 0 3.6749
3 16 -2.4215 0 5.77 -2.4215 -5.25 5.77 -4.4876 0 4.5041
3 16 -4.4876 0 4.5041 -2.4215 -5.25 5.77 -4.4876 -5.25 4.5041
3 16 -2.4215 0 5.77 -4.4876 0 4.5041 -3.5856 0 8.5415
3 16 -3.5856 0 8.5415 -4.4876 0 4.5041 -6.5379 0 6.5373
3 16 -4.4876 -5.25 4.5041 -2.4215 -5.25 5.77 0 -5.25 0
3 16 -4.4876 -5.25 4.5041 0 -5.25 0 -5.9023 -5.25 2.5005
3 16 -2.4215 -5.25 5.77 0 -5.25 5.77 0 -5.25 0
3 16 0 0 -6.25 0 0 -9 -6.25 0 -6.25
3 16 -6.25 0 -6.25 0 0 -9 -9.0005 0 -9
3 16 6.25 0 -6.25 0 0 -6.25 6.25 -5.25 -6.25
3 16 6.25 -5.25 -6.25 0 0 -6.25 0 -5.25 -6.25
3 16 6.25 -5.25 0 6.25 0 0 6.25 -5.25 -6.25
3 16 6.25 -5.25 -6.25 6.25 0 0 6.25 0 -6.25
3 16 0 -5.25 -6.25 0 -5.25 0 6.25 -5.25 -6.25
3 16 6.25 -5.25 -6.25 0 -5.25 0 6.25 -5.25 0
3 16 4.4876 -5.25 4.5041 4.4876 0 4.5041 5.9023 -5.25 2.5005
3 16 5.9023 -5.25 2.5005 4.4876 0 4.5041 5.9023 0 2.5005
3 16 0 0 5.77 2.4215 0 5.77 0 -5.25 5.77
3 16 0 -5.25 5.77 2.4215 0 5.77 2.4215 -5.25 5.77
3 16 5.9023 0 2.5005 6.25 0 0 5.9023 -5.25 2.5005
3 16 5.9023 -5.25 2.5005 6.25 0 0 6.25 -5.25 0
3 16 0 -5.25 0 5.9023 -5.25 2.5005 6.25 -5.25 0
3 16 6.25 0 0 9.0005 0 0 6.25 0 -6.25
3 16 6.25 0 -6.25 9.0005 0 0 9.0005 0 -9
3 16 8.5379 0 3.6749 9.0005 0 0 5.9023 0 2.5005
3 16 5.9023 0 2.5005 9.0005 0 0 6.25 0 0
3 16 0 0 5.77 0 0 9.2286 2.4215 0 5.77
3 16 2.4215 0 5.77 0 0 9.2286 3.5856 0 8.5415
3 16 4.4876 0 4.5041 6.5379 0 6.5373 5.9023 0 2.5005
3 16 5.9023 0 2.5005 6.5379 0 6.5373 8.5379 0 3.6749
3 16 2.4215 0 5.77 4.4876 0 4.5041 2.4215 -5.25 5.77
3 16 2.4215 -5.25 5.77 4.4876 0 4.5041 4.4876 -5.25 4.5041
3 16 2.4215 0 5.77 3.5856 0 8.5415 4.4876 0 4.5041
3 16 4.4876 0 4.5041 3.5856 0 8.5415 6.5379 0 6.5373
3 16 4.4876 -5.25 4.5041 0 -5.25 0 2.4215 -5.25 5.77
3 16 4.4876 -5.25 4.5041 5.9023 -5.25 2.5005 0 -5.25 0
3 16 2.4215 -5.25 5.77 0 -5.25 0 0 -5.25 5.77
3 16 9.0005 0 -9 0 0 -9 6.25 0 -6.25
3 16 6.25 0 -6.25 0 0 -9 0 0 -6.25
2 24 0 -1.25 -9 -9.0005 -1.25 -9
2 24 -9.0005 -1.25 -9 -9.0005 0 -9
2 24 0 0 -9 -9.0005 0 -9
2 24 -10 -8 0 -10 -8 -10
2 24 -10 -1.25 0 -10 -1.25 -10
2 24 -10 -8 -10 -10 -1.25 -10
2 24 0 -1.25 -9 -9.0005 -1.25 -9
2 24 0 -1.25 -10 -10 -1.25 -10
2 24 -10 -1.25 -10 0 -1.25 -10
2 24 -10 -1.25 -10 -10 -8 -10
2 24 -10 -8 -10 0 -8 -10
2 24 -9.0005 0 0 -9.0005 0 -9
2 24 -9.0005 0 -9 -9.0005 -1.25 -9
2 24 -9.0005 -1.25 0 -9.0005 -1.25 -9
2 24 -8.5376 -1.25 3.6745 -6.5371 -1.25 6.5366
2 24 -8.5379 0 3.6749 -6.5379 0 6.5373
2 24 -6.5371 -1.25 6.5366 -3.5852 -1.25 8.5406
2 24 -6.5379 0 6.5373 -3.5856 0 8.5415
2 24 -9.0005 -1.25 -9 -9.0005 -1.25 0
2 24 -10 -1.25 -10 -10 -1.25 0
2 24 -9.3778 -8 4.0148 -7.2176 -8 7.2171
2 24 -9.3778 -1.25 4.0148 -7.2176 -1.25 7.2171
2 24 -6.5371 -1.25 6.5366 -8.5376 -1.25 3.6745
2 24 -7.2176 -1.25 7.2171 -9.3778 -1.25 4.0148
2 24 -6.5371 -1.25 6.5366 -3.5852 -1.25 8.5406
2 24 -7.2176 -1.25 7.2171 -3.9254 -1.25 9.379
2 24 -7.2176 -8 7.2171 -3.9254 -8 9.379
2 24 -7.2176 -1.25 7.2171 -3.9254 -1.25 9.379
2 24 -9.3778 -8 4.0148 -7.2176 -8 7.2171
2 24 -7.2176 -8 7.2171 -3.9254 -8 9.379
2 24 -10 -8 0 -10 -8 -10
2 24 -10 -8 -10 0 -8 -10
2 24 -3.5856 0 8.5415 0 0 9.2286
2 24 -3.5852 -1.25 8.5406 0 -1.25 9.2275
2 24 -3.5852 -1.25 8.5406 0 -1.25 9.2275
2 24 -3.9254 -1.25 9.379 0 -1.25 10.2238
2 24 -3.9254 -1.25 9.379 0 -1.25 10.2238
2 24 -3.9254 -8 9.379 0 -8 10.2238
2 24 -3.9254 -8 9.379 0 -8 10.2238
2 24 -9.3778 -8 4.0148 -10 -8 0
2 24 -10 -8 0 -9.3778 -8 4.0148
2 24 -10 -1.25 0 -9.3778 -1.25 4.0148
2 24 -10 -1.25 0 -9.3778 -1.25 4.0148
2 24 -9.0005 -1.25 0 -8.5376 -1.25 3.6745
2 24 -9.0005 -1.25 0 -8.5376 -1.25 3.6745
2 24 -9.0005 0 0 -8.5379 0 3.6749
2 24 0 -1.25 -9 9.0005 -1.25 -9
2 24 0 0 -9 9.0005 0 -9
2 24 9.0005 -1.25 -9 9.0005 0 -9
2 24 10 -8 0 10 -8 -10
2 24 10 -8 -10 10 -1.25 -10
2 24 10 -1.25 0 10 -1.25 -10
2 24 0 -1.25 -10 10 -1.25 -10
2 24 0 -1.25 -9 9.0005 -1.25 -9
2 24 10 -1.25 -10 10 -8 -10
2 24 0 -1.25 -10 10 -1.25 -10
2 24 0 -8 -10 10 -8 -10
2 24 9.0005 0 0 9.0005 0 -9
2 24 9.0005 -1.25 0 9.0005 -1.25 -9
2 24 9.0005 0 -9 9.0005 -1.25 -9
2 24 8.5376 -1.25 3.6745 6.5371 -1.25 6.5366
2 24 8.5379 0 3.6749 6.5379 0 6.5373
2 24 6.5371 -1.25 6.5366 3.5852 -1.25 8.5406
2 24 6.5379 0 6.5373 3.5856 0 8.5415
2 24 10 -1.25 -10 10 -1.25 0
2 24 9.0005 -1.25 -9 9.0005 -1.25 0
2 24 9.3778 -8 4.0148 7.2176 -8 7.2171
2 24 9.3778 -1.25 4.0148 7.2176 -1.25 7.2171
2 24 6.5371 -1.25 6.5366 8.5376 -1.25 3.6745
2 24 7.2176 -1.25 7.2171 9.3778 -1.25 4.0148
2 24 6.5371 -1.25 6.5366 3.5852 -1.25 8.5406
2 24 7.2176 -1.25 7.2171 3.9254 -1.25 9.379
2 24 7.2176 -8 7.2171 3.9254 -8 9.379
2 24 7.2176 -1.25 7.2171 3.9254 -1.25 9.379
2 24 9.3778 -8 4.0148 7.2176 -8 7.2171
2 24 7.2176 -8 7.2171 3.9254 -8 9.379
2 24 10 -8 0 10 -8 -10
2 24 0 -8 -10 10 -8 -10
2 24 0 0 9.2286 3.5856 0 8.5415
2 24 0 -1.25 9.2275 3.5852 -1.25 8.5406
2 24 0 -1.25 10.2238 3.9254 -1.25 9.379
2 24 0 -1.25 9.2275 3.5852 -1.25 8.5406
2 24 0 -1.25 10.2238 3.9254 -1.25 9.379
2 24 0 -8 10.2238 3.9254 -8 9.379
2 24 0 -8 10.2238 3.9254 -8 9.379
2 24 9.3778 -8 4.0148 10 -8 0
2 24 10 -8 0 9.3778 -8 4.0148
2 24 10 -1.25 0 9.3778 -1.25 4.0148
2 24 10 -1.25 0 9.3778 -1.25 4.0148
2 24 9.0005 -1.25 0 8.5376 -1.25 3.6745
2 24 9.0005 -1.25 0 8.5376 -1.25 3.6745
2 24 9.0005 0 0 8.5379 0 3.6749
2 24 -6.25 0 -6.25 -6.25 -5.25 -6.25
2 24 -6.25 0 -6.25 0 0 -6.25
2 24 -6.25 -5.25 -6.25 0 -5.25 -6.25
2 24 -6.25 -5.25 0 -6.25 -5.25 -6.25
2 24 -6.25 -5.25 -6.25 -6.25 0 -6.25
2 24 -6.25 0 0 -6.25 0 -6.25
2 24 0 -5.25 -6.25 -6.25 -5.25 -6.25
2 24 -6.25 -5.25 -6.25 -6.25 -5.25 0
2 24 -4.4876 -5.25 4.5041 -5.9023 -5.25 2.5005
2 24 -4.4876 0 4.5041 -5.9023 0 2.5005
2 24 0 0 5.77 -2.4215 0 5.77
2 24 0 -5.25 5.77 -2.4215 -5.25 5.77
2 24 -6.25 0 0 -5.9023 0 2.5005
2 24 -6.25 -5.25 0 -5.9023 -5.25 2.5005
2 24 -6.25 -5.25 0 -5.9023 -5.25 2.5005
2 24 -9.0005 0 -9 -9.0005 0 0
2 24 -6.25 0 -6.25 -6.25 0 0
2 24 -9.0005 0 0 -8.5379 0 3.6749
2 24 -6.25 0 0 -5.9023 0 2.5005
2 24 0 0 5.77 -2.4215 0 5.77
2 24 0 0 9.2286 -3.5856 0 8.5415
2 24 -5.9023 0 2.5005 -4.4876 0 4.5041
2 24 -8.5379 0 3.6749 -6.5379 0 6.5373
2 24 -4.4876 0 4.5041 -2.4215 0 5.77
2 24 -4.4876 -5.25 4.5041 -2.4215 -5.25 5.77
2 24 -2.4215 0 5.77 -4.4876 0 4.5041
2 24 -3.5856 0 8.5415 -6.5379 0 6.5373
2 24 -4.4876 -5.25 4.5041 -2.4215 -5.25 5.77
2 24 -5.9023 -5.25 2.5005 -4.4876 -5.25 4.5041
2 24 -2.4215 -5.25 5.77 0 -5.25 5.77
2 24 -6.25 0 -6.25 0 0 -6.25
2 24 -9.0005 0 -9 0 0 -9
2 24 0 0 -6.25 6.25 0 -6.25
2 24 6.25 0 -6.25 6.25 -5.25 -6.25
2 24 0 -5.25 -6.25 6.25 -5.25 -6.25
2 24 6.25 -5.25 0 6.25 -5.25 -6.25
2 24 6.25 0 0 6.25 0 -6.25
2 24 6.25 -5.25 -6.25 6.25 0 -6.25
2 24 0 -5.25 -6.25 6.25 -5.25 -6.25
2 24 6.25 -5.25 -6.25 6.25 -5.25 0
2 24 4.4876 -5.25 4.5041 5.9023 -5.25 2.5005
2 24 4.4876 0 4.5041 5.9023 0 2.5005
2 24 0 0 5.77 2.4215 0 5.77
2 24 0 -5.25 5.77 2.4215 -5.25 5.77
2 24 6.25 0 0 5.9023 0 2.5005
2 24 6.25 -5.25 0 5.9023 -5.25 2.5005
2 24 6.25 -5.25 0 5.9023 -5.25 2.5005
2 24 6.25 0 0 6.25 0 -6.25
2 24 9.0005 0 0 9.0005 0 -9
2 24 9.0005 0 0 8.5379 0 3.6749
2 24 6.25 0 0 5.9023 0 2.5005
2 24 0 0 5.77 2.4215 0 5.77
2 24 0 0 9.2286 3.5856 0 8.5415
2 24 5.9023 0 2.5005 4.4876 0 4.5041
2 24 8.5379 0 3.6749 6.5379 0 6.5373
2 24 4.4876 0 4.5041 2.4215 0 5.77
2 24 4.4876 -5.25 4.5041 2.4215 -5.25 5.77
2 24 2.4215 0 5.77 4.4876 0 4.5041
2 24 3.5856 0 8.5415 6.5379 0 6.5373
2 24 4.4876 -5.25 4.5041 2.4215 -5.25 5.77
2 24 5.9023 -5.25 2.5005 4.4876 -5.25 4.5041
2 24 0 -5.25 5.77 2.4215 -5.25 5.77
2 24 0 0 -9 9.0005 0 -9
2 24 0 0 -6.25 6.25 0 -6.25
2 24 -9.3778 -8.05 4.0148 -7.2176 -8.05 7.2171
2 24 -7.2176 -8.05 7.2171 -3.9254 -8.05 9.379
2 24 -10 -8.05 0 -10 -8.05 -10
2 24 -10 -8.05 -10 0 -8.05 -10
2 24 -3.9254 -8.05 9.379 0 -8.05 10.2238
2 24 -9.3778 -8.05 4.0148 -10 -8.05 0
2 24 9.3778 -8.05 4.0148 7.2176 -8.05 7.2171
2 24 7.2176 -8.05 7.2171 3.9254 -8.05 9.379
2 24 10 -8.05 0 10 -8.05 -10
2 24 0 -8.05 -10 10 -8.05 -10
2 24 0 -8.05 10.2238 3.9254 -8.05 9.379
2 24 9.3778 -8.05 4.0148 10 -8.05 0
0 STEP
