0 Untitled Model
0 Name: Untitled Model
0 Author: 
0 BFC CERTIFY CCW
3 16 7.5862 -23.97 12.414 7.7502 -23.97 15.7535 -4.1674 -23.97 24.1677
3 16 -4.1674 -23.97 24.1677 7.7502 -23.97 15.7535 2.6807 -23.97 28.6436
3 16 7.5862 -8.5 12.414 7.7502 -8.5 15.7535 7.5862 -23.97 12.414
3 16 7.5862 -23.97 12.414 7.7502 -8.5 15.7535 7.7502 -23.97 15.7535
3 16 -0.479 -5.25 27.1551 4.1697 0 29.1961 -0.0804 0 27.413
3 16 10.0001 -6.5224 26.0033 3.9892 -5.25 24.7896 10.0001 0 25.9641
3 16 10.0001 0 25.9641 3.9892 -5.25 24.7896 3.9892 0 24.7896
3 16 3.9892 -5.25 24.7896 2.5441 -5.25 25.8418 3.9892 0 24.7896
3 16 3.9892 0 24.7896 2.5441 -5.25 25.8418 2.5441 0 25.8417
3 16 2.5441 0 25.8417 4.1697 0 29.1961 3.9892 0 24.7896
3 16 10.0001 0 30.0325 4.1697 0 29.1961 10.0001 -23.97 30.0325
3 16 10.0001 -23.97 30.0325 4.1697 0 29.1961 2.6807 -23.97 28.6436
3 16 -0.479 -5.25 27.1551 -4.1674 -5.25 24.1677 -4.1674 -23.97 24.1677
3 16 7.7502 -8.5 15.7535 7.5862 -8.5 12.414 5.5807 -8.5 14.4195
3 16 5.5807 -8.5 14.4195 7.5862 -8.5 12.414 4.2254 -8.5 12.25
3 16 9.029 -12.0381 18.3024 8.8849 -21.22 18.2646 8.9224 -16.0744 25.8936
3 16 8.9224 -16.0744 25.8936 8.8849 -21.22 18.2646 8.9461 -21.22 25.9374
3 16 4.083 -11.6578 15.9172 4.0867 -21.22 15.9135 9.029 -12.0381 18.3024
3 16 9.029 -12.0381 18.3024 4.0867 -21.22 15.9135 8.8849 -21.22 18.2646
3 16 10.0001 -16.0809 25.9964 10.0001 -12.0382 18.3866 8.9224 -16.0744 25.8936
3 16 8.9224 -16.0744 25.8936 10.0001 -12.0382 18.3866 9.029 -12.0381 18.3024
3 16 6.4072 -21.22 25.4735 -1.3045 -21.22 21.3047 3.9892 -5.25 24.7896
3 16 3.9892 -5.25 24.7896 -1.3045 -21.22 21.3047 -1.3032 -5.2505 21.3034
3 16 6.4072 -21.22 25.4735 4.0867 -21.22 15.9135 -1.3045 -21.22 21.3047
3 16 -1.3045 -21.22 21.3047 4.0867 -21.22 15.9135 -5.0909 -21.22 14.7435
3 16 10.0001 -23.97 30.0325 2.6807 -23.97 28.6436 10.0001 -23.97 16.2501
3 16 10.0001 -23.97 16.2501 2.6807 -23.97 28.6436 7.7502 -23.97 15.7535
3 16 10.0001 -0.375 16.2501 10.0001 -7.7621 16.2501 7.7502 -8.5 15.7535
3 16 10.0001 -12.0382 18.3866 10.0001 -0.375 18.3876 9.029 -12.0381 18.3024
3 16 4.1697 0 29.1961 1.1799 0 26.2396 -0.0804 0 27.413
3 16 10.0001 0 30.0325 10.0001 0 25.9641 4.1697 0 29.1961
3 16 4.1697 0 29.1961 10.0001 0 25.9641 3.9892 0 24.7896
3 16 -4.1674 -23.97 24.1677 2.6807 -23.97 28.6436 -0.479 -5.25 27.1551
3 16 -0.479 -5.25 27.1551 2.6807 -23.97 28.6436 4.1697 0 29.1961
3 16 -0.479 -5.25 27.1551 1.0923 -5.25 26.1862 -1.3032 -5.2505 21.3034
3 16 2.5441 -5.25 25.8418 3.9892 -5.25 24.7896 -1.3032 -5.2505 21.3034
3 16 2.5441 -5.25 25.8418 -1.3032 -5.2505 21.3034 1.0923 -5.25 26.1862
3 16 1.0923 -5.25 26.1862 1.1799 0 26.2396 2.5441 -5.25 25.8418
3 16 2.5441 -5.25 25.8418 1.1799 0 26.2396 2.5441 0 25.8417
3 16 -0.479 -5.25 27.1551 -0.0804 0 27.413 1.0923 -5.25 26.1862
3 16 1.0923 -5.25 26.1862 -0.0804 0 27.413 1.1799 0 26.2396
3 16 6.4072 -21.22 25.4735 3.9892 -5.25 24.7896 8.9224 -16.0744 25.8936
3 16 8.9224 -16.0744 25.8936 3.9892 -5.25 24.7896 10.0001 -6.5224 26.0033
3 16 -0.479 -5.25 27.1551 -1.3032 -5.2505 21.3034 -4.1674 -5.25 24.1677
3 16 8.9461 -21.22 25.9374 8.8849 -21.22 18.2646 6.4072 -21.22 25.4735
3 16 6.4072 -21.22 25.4735 8.8849 -21.22 18.2646 4.0867 -21.22 15.9135
3 16 10.0001 -0.375 18.3876 4.0867 -0.375 15.9135 9.029 -12.0381 18.3024
3 16 9.029 -12.0381 18.3024 4.0867 -0.375 15.9135 4.083 -11.6578 15.9172
3 16 10.0001 -0.375 16.2501 7.7502 -8.5 15.7535 5.5807 -0.375 14.4195
3 16 5.5807 -0.375 14.4195 7.7502 -8.5 15.7535 5.5807 -8.5 14.4195
3 16 10.0001 -6.5224 26.0033 10.0001 -16.0809 25.9964 8.9224 -16.0744 25.8936
3 16 6.4072 -21.22 25.4735 8.9224 -16.0744 25.8936 8.9461 -21.22 25.9374
3 16 7.5862 -8.5 12.414 7.5862 -23.97 12.414 4.2254 -8.5 12.25
3 16 4.2254 -8.5 12.25 7.5862 -23.97 12.414 4.2254 -23.97 12.25
3 16 7.5862 -23.97 12.414 -4.1674 -23.97 24.1677 4.2254 -23.97 12.25
3 16 4.2254 -23.97 12.25 -4.1674 -23.97 24.1677 -8.6434 -23.97 17.3195
3 16 -4.7894 -5.25 16.011 -4.7894 0 16.011 -5.8415 -5.25 17.4561
3 16 -5.8415 -5.25 17.4561 -4.7894 0 16.011 -5.8415 0 17.4561
3 16 -6.0025 -7.4876 10.0001 -5.9639 0 10.0001 -4.7894 -5.25 16.011
3 16 -4.7894 -5.25 16.011 -5.9639 0 10.0001 -4.7894 0 16.011
3 16 -7.1549 -5.25 20.4792 -7.4128 0 20.0806 -9.1958 0 15.8304
3 16 -5.9962 -16.0809 10.0001 -5.8933 -16.0744 11.0778 1.6137 -12.0382 10.0001
3 16 1.6137 -12.0382 10.0001 -5.8933 -16.0744 11.0778 1.6978 -12.0381 10.9713
3 16 1.7356 -21.22 11.1153 4.0867 -21.22 15.9135 1.6978 -12.0381 10.9713
3 16 1.6978 -12.0381 10.9713 4.0867 -21.22 15.9135 4.083 -11.6578 15.9172
3 16 -10.0323 -23.97 10.0001 3.7501 -23.97 10.0001 -8.6434 -23.97 17.3195
3 16 -8.6434 -23.97 17.3195 3.7501 -23.97 10.0001 4.2254 -23.97 12.25
3 16 -7.1549 -5.25 20.4792 -4.1674 -23.97 24.1677 -4.1674 -5.25 24.1677
3 16 -4.1674 -23.97 24.1677 -7.1549 -5.25 20.4792 -8.6434 -23.97 17.3195
3 16 -8.6434 -23.97 17.3195 -7.1549 -5.25 20.4792 -9.1958 0 15.8304
3 16 -8.6434 -23.97 17.3195 -9.1958 0 15.8304 -10.0323 -23.97 10.0001
3 16 -10.0323 -23.97 10.0001 -9.1958 0 15.8304 -10.0323 0 10.0001
3 16 4.2254 -23.97 12.25 3.7501 -23.97 10.0001 4.2254 -8.5 12.25
3 16 4.2254 -8.5 12.25 3.7501 -23.97 10.0001 3.7501 -7.7621 10.0001
3 16 -4.7894 0 16.011 -5.9639 0 10.0001 -9.1958 0 15.8304
3 16 -9.1958 0 15.8304 -5.9639 0 10.0001 -10.0323 0 10.0001
3 16 -9.1958 0 15.8304 -7.4128 0 20.0806 -6.2394 0 18.8203
3 16 -5.8415 -5.25 17.4561 -1.3032 -5.2505 21.3034 -4.7894 -5.25 16.011
3 16 -7.1549 -5.25 20.4792 -4.1674 -5.25 24.1677 -6.186 -5.25 18.9079
3 16 -6.186 -5.25 18.9079 -4.1674 -5.25 24.1677 -1.3032 -5.2505 21.3034
3 16 -9.1958 0 15.8304 -6.2394 0 18.8203 -5.8415 0 17.4561
3 16 -6.2394 0 18.8203 -7.4128 0 20.0806 -6.186 -5.25 18.9079
3 16 -6.186 -5.25 18.9079 -7.4128 0 20.0806 -7.1549 -5.25 20.4792
3 16 -5.8415 0 17.4561 -6.2394 0 18.8203 -5.8415 -5.25 17.4561
3 16 -5.8415 -5.25 17.4561 -6.2394 0 18.8203 -6.186 -5.25 18.9079
3 16 -5.8415 -5.25 17.4561 -6.186 -5.25 18.9079 -1.3032 -5.2505 21.3034
3 16 1.6978 -12.0381 10.9713 -5.8933 -16.0744 11.0778 1.7356 -21.22 11.1153
3 16 1.7356 -21.22 11.1153 -5.8933 -16.0744 11.0778 -5.9372 -21.22 11.0541
3 16 -5.0909 -21.22 14.7435 -5.9372 -21.22 11.0541 -5.8933 -16.0744 11.0778
3 16 1.6126 -0.375 10.0001 1.6978 -12.0381 10.9713 4.0867 -0.375 15.9135
3 16 4.0867 -0.375 15.9135 1.6978 -12.0381 10.9713 4.083 -11.6578 15.9172
3 16 -5.9372 -21.22 11.0541 -5.0909 -21.22 14.7435 1.7356 -21.22 11.1153
3 16 1.7356 -21.22 11.1153 -5.0909 -21.22 14.7435 4.0867 -21.22 15.9135
3 16 1.6126 -0.375 10.0001 1.6137 -12.0382 10.0001 1.6978 -12.0381 10.9713
3 16 -5.0909 -21.22 14.7435 -5.8933 -16.0744 11.0778 -4.7894 -5.25 16.011
3 16 -4.7894 -5.25 16.011 -5.8933 -16.0744 11.0778 -6.0025 -7.4876 10.0001
3 16 -5.9962 -16.0809 10.0001 -6.0025 -7.4876 10.0001 -5.8933 -16.0744 11.0778
3 16 -5.0909 -21.22 14.7435 -4.7894 -5.25 16.011 -1.3045 -21.22 21.3047
3 16 -1.3045 -21.22 21.3047 -4.7894 -5.25 16.011 -1.3032 -5.2505 21.3034
3 16 7.7502 -23.97 15.7535 7.7502 -8.5 15.7535 10.0001 -23.97 16.2501
3 16 10.0001 -23.97 16.2501 7.7502 -8.5 15.7535 10.0001 -7.7621 16.2501
3 16 3.7501 -7.7621 10.0001 3.7501 -0.375 10.0001 4.2254 -8.5 12.25
3 16 5.5807 -0.375 14.4195 4.0867 -0.375 15.9135 10.0001 -0.375 16.2501
3 16 10.0001 -0.375 16.2501 4.0867 -0.375 15.9135 10.0001 -0.375 18.3876
3 16 3.7501 -0.375 10.0001 5.5807 -0.375 14.4195 4.2254 -8.5 12.25
3 16 4.2254 -8.5 12.25 5.5807 -0.375 14.4195 5.5807 -8.5 14.4195
3 16 5.5807 -0.375 14.4195 3.7501 -0.375 10.0001 4.0867 -0.375 15.9135
3 16 4.0867 -0.375 15.9135 3.7501 -0.375 10.0001 1.6126 -0.375 10.0001
3 16 2.5441 0 25.8417 1.1799 0 26.2396 4.1697 0 29.1961
3 16 -9.1958 0 15.8304 -5.8415 0 17.4561 -4.7894 0 16.011
3 16 7.5862 -23.97 7.5862 -4.1674 -23.97 -4.1674 7.7502 -23.97 4.2467
3 16 7.7502 -23.97 4.2467 -4.1674 -23.97 -4.1674 2.6807 -23.97 -8.6434
3 16 7.5862 -8.5 7.5862 7.5862 -23.97 7.5862 7.7502 -8.5 4.2467
3 16 7.7502 -8.5 4.2467 7.5862 -23.97 7.5862 7.7502 -23.97 4.2467
3 16 -0.479 -5.25 -7.1549 -0.0804 0 -7.4128 4.1697 0 -9.1958
3 16 10.0001 -6.5224 -6.0031 10.0001 0 -5.9639 3.9892 -5.25 -4.7894
3 16 3.9892 -5.25 -4.7894 10.0001 0 -5.9639 3.9892 0 -4.7894
3 16 3.9892 -5.25 -4.7894 3.9892 0 -4.7894 2.5441 -5.25 -5.8415
3 16 2.5441 -5.25 -5.8415 3.9892 0 -4.7894 2.5441 0 -5.8415
3 16 2.5441 0 -5.8415 3.9892 0 -4.7894 4.1697 0 -9.1958
3 16 10.0001 0 -10.0323 10.0001 -23.97 -10.0323 4.1697 0 -9.1958
3 16 4.1697 0 -9.1958 10.0001 -23.97 -10.0323 2.6807 -23.97 -8.6434
3 16 -0.479 -5.25 -7.1549 -4.1674 -23.97 -4.1674 -4.1674 -5.25 -4.1674
3 16 4.2254 -8.5 7.7502 7.5862 -8.5 7.5862 5.5807 -8.5 5.5807
3 16 5.5807 -8.5 5.5807 7.5862 -8.5 7.5862 7.7502 -8.5 4.2467
3 16 8.9461 -21.22 -5.9372 8.8849 -21.22 1.7356 8.9224 -16.0744 -5.8933
3 16 8.9224 -16.0744 -5.8933 8.8849 -21.22 1.7356 9.029 -12.0381 1.6978
3 16 8.8849 -21.22 1.7356 4.0867 -21.22 4.0867 9.029 -12.0381 1.6978
3 16 9.029 -12.0381 1.6978 4.0867 -21.22 4.0867 4.083 -11.6578 4.083
3 16 10.0001 -16.0809 -5.9962 8.9224 -16.0744 -5.8933 10.0001 -12.0382 1.6137
3 16 10.0001 -12.0382 1.6137 8.9224 -16.0744 -5.8933 9.029 -12.0381 1.6978
3 16 -1.3032 -5.2505 -1.3032 -1.3045 -21.22 -1.3045 3.9892 -5.25 -4.7894
3 16 3.9892 -5.25 -4.7894 -1.3045 -21.22 -1.3045 6.4072 -21.22 -5.4733
3 16 10.0001 -23.97 -10.0323 10.0001 -23.97 3.7501 2.6807 -23.97 -8.6434
3 16 2.6807 -23.97 -8.6434 10.0001 -23.97 3.7501 7.7502 -23.97 4.2467
3 16 10.0001 -0.375 3.7501 7.7502 -8.5 4.2467 10.0001 -7.7621 3.7501
3 16 10.0001 -12.0382 1.6137 9.029 -12.0381 1.6978 10.0001 -0.375 1.6126
3 16 4.1697 0 -9.1958 -0.0804 0 -7.4128 1.1799 0 -6.2393
3 16 3.9892 0 -4.7894 10.0001 0 -5.9639 4.1697 0 -9.1958
3 16 4.1697 0 -9.1958 10.0001 0 -5.9639 10.0001 0 -10.0323
3 16 4.1697 0 -9.1958 2.6807 -23.97 -8.6434 -0.479 -5.25 -7.1549
3 16 -0.479 -5.25 -7.1549 2.6807 -23.97 -8.6434 -4.1674 -23.97 -4.1674
3 16 -0.479 -5.25 -7.1549 -1.3032 -5.2505 -1.3032 1.0923 -5.25 -6.186
3 16 2.5441 -5.25 -5.8415 -1.3032 -5.2505 -1.3032 3.9892 -5.25 -4.7894
3 16 2.5441 -5.25 -5.8415 1.0923 -5.25 -6.186 -1.3032 -5.2505 -1.3032
3 16 2.5441 0 -5.8415 1.1799 0 -6.2393 2.5441 -5.25 -5.8415
3 16 2.5441 -5.25 -5.8415 1.1799 0 -6.2393 1.0923 -5.25 -6.186
3 16 1.1799 0 -6.2393 -0.0804 0 -7.4128 1.0923 -5.25 -6.186
3 16 1.0923 -5.25 -6.186 -0.0804 0 -7.4128 -0.479 -5.25 -7.1549
3 16 10.0001 -6.5224 -6.0031 3.9892 -5.25 -4.7894 8.9224 -16.0744 -5.8933
3 16 8.9224 -16.0744 -5.8933 3.9892 -5.25 -4.7894 6.4072 -21.22 -5.4733
3 16 -0.479 -5.25 -7.1549 -4.1674 -5.25 -4.1674 -1.3032 -5.2505 -1.3032
3 16 8.9461 -21.22 -5.9372 6.4072 -21.22 -5.4733 8.8849 -21.22 1.7356
3 16 8.8849 -21.22 1.7356 6.4072 -21.22 -5.4733 4.0867 -21.22 4.0867
3 16 10.0001 -0.375 1.6126 9.029 -12.0381 1.6978 4.0867 -0.375 4.0867
3 16 4.0867 -0.375 4.0867 9.029 -12.0381 1.6978 4.083 -11.6578 4.083
3 16 10.0001 -0.375 3.7501 5.5807 -0.375 5.5807 7.7502 -8.5 4.2467
3 16 7.7502 -8.5 4.2467 5.5807 -0.375 5.5807 5.5807 -8.5 5.5807
3 16 10.0001 -6.5224 -6.0031 8.9224 -16.0744 -5.8933 10.0001 -16.0809 -5.9962
3 16 6.4072 -21.22 -5.4733 8.9461 -21.22 -5.9372 8.9224 -16.0744 -5.8933
3 16 7.5862 -8.5 7.5862 4.2254 -8.5 7.7502 7.5862 -23.97 7.5862
3 16 7.5862 -23.97 7.5862 4.2254 -8.5 7.7502 4.2254 -23.97 7.7502
3 16 -10.0323 -23.97 10.0001 -8.6434 -23.97 2.6807 3.7501 -23.97 10.0001
3 16 3.7501 -23.97 10.0001 -8.6434 -23.97 2.6807 4.2254 -23.97 7.7502
3 16 7.5862 -23.97 7.5862 4.2254 -23.97 7.7502 -4.1674 -23.97 -4.1674
3 16 -4.1674 -23.97 -4.1674 4.2254 -23.97 7.7502 -8.6434 -23.97 2.6807
3 16 -4.7894 -5.25 3.9892 -5.8415 -5.25 2.5441 -4.7894 0 3.9892
3 16 -4.7894 0 3.9892 -5.8415 -5.25 2.5441 -5.8415 0 2.5441
3 16 -4.7894 0 3.9892 -5.9639 0 10.0001 -4.7894 -5.25 3.9892
3 16 -4.7894 -5.25 3.9892 -5.9639 0 10.0001 -6.0025 -7.4876 10.0001
3 16 -7.1549 -5.25 -0.479 -9.1958 0 4.1698 -7.4128 0 -0.0804
3 16 1.6978 -12.0381 9.0289 -5.8933 -16.0744 8.9224 1.6137 -12.0382 10.0001
3 16 1.6137 -12.0382 10.0001 -5.8933 -16.0744 8.9224 -5.9962 -16.0809 10.0001
3 16 4.083 -11.6578 4.083 4.0867 -21.22 4.0867 1.6978 -12.0381 9.0289
3 16 1.6978 -12.0381 9.0289 4.0867 -21.22 4.0867 1.7356 -21.22 8.8849
3 16 -7.1549 -5.25 -0.479 -4.1674 -5.25 -4.1674 -4.1674 -23.97 -4.1674
3 16 -9.1958 0 4.1698 -7.1549 -5.25 -0.479 -8.6434 -23.97 2.6807
3 16 -8.6434 -23.97 2.6807 -7.1549 -5.25 -0.479 -4.1674 -23.97 -4.1674
3 16 -10.0323 0 10.0001 -9.1958 0 4.1698 -10.0323 -23.97 10.0001
3 16 -10.0323 -23.97 10.0001 -9.1958 0 4.1698 -8.6434 -23.97 2.6807
3 16 3.7501 -7.7621 10.0001 3.7501 -23.97 10.0001 4.2254 -8.5 7.7502
3 16 4.2254 -8.5 7.7502 3.7501 -23.97 10.0001 4.2254 -23.97 7.7502
3 16 -10.0323 0 10.0001 -5.9639 0 10.0001 -9.1958 0 4.1698
3 16 -9.1958 0 4.1698 -5.9639 0 10.0001 -4.7894 0 3.9892
3 16 -9.1958 0 4.1698 -6.2394 0 1.1799 -7.4128 0 -0.0804
3 16 -5.8415 -5.25 2.5441 -4.7894 -5.25 3.9892 -1.3032 -5.2505 -1.3032
3 16 -1.3032 -5.2505 -1.3032 -4.1674 -5.25 -4.1674 -6.186 -5.25 1.0923
3 16 -6.186 -5.25 1.0923 -4.1674 -5.25 -4.1674 -7.1549 -5.25 -0.479
3 16 -9.1958 0 4.1698 -5.8415 0 2.5441 -6.2394 0 1.1799
3 16 -7.1549 -5.25 -0.479 -7.4128 0 -0.0804 -6.186 -5.25 1.0923
3 16 -6.186 -5.25 1.0923 -7.4128 0 -0.0804 -6.2394 0 1.1799
3 16 -6.186 -5.25 1.0923 -6.2394 0 1.1799 -5.8415 -5.25 2.5441
3 16 -5.8415 -5.25 2.5441 -6.2394 0 1.1799 -5.8415 0 2.5441
3 16 -5.0909 -21.22 5.2567 4.0867 -21.22 4.0867 -1.3045 -21.22 -1.3045
3 16 -1.3045 -21.22 -1.3045 4.0867 -21.22 4.0867 6.4072 -21.22 -5.4733
3 16 -5.8415 -5.25 2.5441 -1.3032 -5.2505 -1.3032 -6.186 -5.25 1.0923
3 16 1.6978 -12.0381 9.0289 1.7356 -21.22 8.8849 -5.8933 -16.0744 8.9224
3 16 -5.8933 -16.0744 8.9224 1.7356 -21.22 8.8849 -5.9372 -21.22 8.9461
3 16 -5.0909 -21.22 5.2567 -5.8933 -16.0744 8.9224 -5.9372 -21.22 8.9461
3 16 1.6126 -0.375 10.0001 4.0867 -0.375 4.0867 1.6978 -12.0381 9.0289
3 16 1.6978 -12.0381 9.0289 4.0867 -0.375 4.0867 4.083 -11.6578 4.083
3 16 4.0867 -21.22 4.0867 -5.0909 -21.22 5.2567 1.7356 -21.22 8.8849
3 16 1.7356 -21.22 8.8849 -5.0909 -21.22 5.2567 -5.9372 -21.22 8.9461
3 16 1.6126 -0.375 10.0001 1.6978 -12.0381 9.0289 1.6137 -12.0382 10.0001
3 16 -5.0909 -21.22 5.2567 -4.7894 -5.25 3.9892 -5.8933 -16.0744 8.9224
3 16 -5.8933 -16.0744 8.9224 -4.7894 -5.25 3.9892 -6.0025 -7.4876 10.0001
3 16 -5.9962 -16.0809 10.0001 -5.8933 -16.0744 8.9224 -6.0025 -7.4876 10.0001
3 16 -5.0909 -21.22 5.2567 -1.3045 -21.22 -1.3045 -4.7894 -5.25 3.9892
3 16 -4.7894 -5.25 3.9892 -1.3045 -21.22 -1.3045 -1.3032 -5.2505 -1.3032
3 16 7.7502 -23.97 4.2467 10.0001 -23.97 3.7501 7.7502 -8.5 4.2467
3 16 7.7502 -8.5 4.2467 10.0001 -23.97 3.7501 10.0001 -7.7621 3.7501
3 16 3.7501 -7.7621 10.0001 4.2254 -8.5 7.7502 3.7501 -0.375 10.0001
3 16 10.0001 -0.375 1.6126 4.0867 -0.375 4.0867 10.0001 -0.375 3.7501
3 16 10.0001 -0.375 3.7501 4.0867 -0.375 4.0867 5.5807 -0.375 5.5807
3 16 5.5807 -8.5 5.5807 5.5807 -0.375 5.5807 4.2254 -8.5 7.7502
3 16 4.2254 -8.5 7.7502 5.5807 -0.375 5.5807 3.7501 -0.375 10.0001
3 16 5.5807 -0.375 5.5807 4.0867 -0.375 4.0867 3.7501 -0.375 10.0001
3 16 3.7501 -0.375 10.0001 4.0867 -0.375 4.0867 1.6126 -0.375 10.0001
3 16 2.5441 0 -5.8415 4.1697 0 -9.1958 1.1799 0 -6.2393
3 16 -9.1958 0 4.1698 -4.7894 0 3.9892 -5.8415 0 2.5441
3 16 12.414 -23.97 12.414 24.1677 -23.97 24.1677 12.25 -23.97 15.7535
3 16 12.25 -23.97 15.7535 24.1677 -23.97 24.1677 17.3196 -23.97 28.6436
3 16 12.414 -8.5 12.414 12.414 -23.97 12.414 12.25 -8.5 15.7535
3 16 12.25 -8.5 15.7535 12.414 -23.97 12.414 12.25 -23.97 15.7535
3 16 20.4792 -5.25 27.1551 20.0807 0 27.413 15.8305 0 29.1961
3 16 10.0001 -6.5224 26.0033 10.0001 0 25.9641 16.011 -5.25 24.7896
3 16 16.011 -5.25 24.7896 10.0001 0 25.9641 16.011 0 24.7896
3 16 16.011 -5.25 24.7896 16.011 0 24.7896 17.4561 -5.25 25.8418
3 16 17.4561 -5.25 25.8418 16.011 0 24.7896 17.4561 0 25.8417
3 16 17.4561 0 25.8417 16.011 0 24.7896 15.8305 0 29.1961
3 16 10.0001 0 30.0325 10.0001 -23.97 30.0325 15.8305 0 29.1961
3 16 15.8305 0 29.1961 10.0001 -23.97 30.0325 17.3196 -23.97 28.6436
3 16 20.4792 -5.25 27.1551 24.1677 -23.97 24.1677 24.1677 -5.25 24.1677
3 16 15.7748 -8.5 12.25 12.414 -8.5 12.414 14.4195 -8.5 14.4195
3 16 14.4195 -8.5 14.4195 12.414 -8.5 12.414 12.25 -8.5 15.7535
3 16 11.0541 -21.22 25.9374 11.1153 -21.22 18.2646 11.0778 -16.0744 25.8936
3 16 11.0778 -16.0744 25.8936 11.1153 -21.22 18.2646 10.9713 -12.0381 18.3024
3 16 11.1153 -21.22 18.2646 15.9135 -21.22 15.9135 10.9713 -12.0381 18.3024
3 16 10.9713 -12.0381 18.3024 15.9135 -21.22 15.9135 15.9172 -11.6578 15.9172
3 16 10.0001 -16.0809 25.9964 11.0778 -16.0744 25.8936 10.0001 -12.0382 18.3866
3 16 10.0001 -12.0382 18.3866 11.0778 -16.0744 25.8936 10.9713 -12.0381 18.3024
3 16 21.3034 -5.2505 21.3034 21.3047 -21.22 21.3047 16.011 -5.25 24.7896
3 16 16.011 -5.25 24.7896 21.3047 -21.22 21.3047 13.593 -21.22 25.4735
3 16 10.0001 -23.97 30.0325 10.0001 -23.97 16.2501 17.3196 -23.97 28.6436
3 16 17.3196 -23.97 28.6436 10.0001 -23.97 16.2501 12.25 -23.97 15.7535
3 16 10.0001 -0.375 16.2501 12.25 -8.5 15.7535 10.0001 -7.7621 16.2501
3 16 10.0001 -12.0382 18.3866 10.9713 -12.0381 18.3024 10.0001 -0.375 18.3876
3 16 15.8305 0 29.1961 20.0807 0 27.413 18.8203 0 26.2396
3 16 16.011 0 24.7896 10.0001 0 25.9641 15.8305 0 29.1961
3 16 15.8305 0 29.1961 10.0001 0 25.9641 10.0001 0 30.0325
3 16 15.8305 0 29.1961 17.3196 -23.97 28.6436 20.4792 -5.25 27.1551
3 16 20.4792 -5.25 27.1551 17.3196 -23.97 28.6436 24.1677 -23.97 24.1677
3 16 20.4792 -5.25 27.1551 21.3034 -5.2505 21.3034 18.9079 -5.25 26.1862
3 16 17.4561 -5.25 25.8418 21.3034 -5.2505 21.3034 16.011 -5.25 24.7896
3 16 17.4561 -5.25 25.8418 18.9079 -5.25 26.1862 21.3034 -5.2505 21.3034
3 16 17.4561 0 25.8417 18.8203 0 26.2396 17.4561 -5.25 25.8418
3 16 17.4561 -5.25 25.8418 18.8203 0 26.2396 18.9079 -5.25 26.1862
3 16 18.8203 0 26.2396 20.0807 0 27.413 18.9079 -5.25 26.1862
3 16 18.9079 -5.25 26.1862 20.0807 0 27.413 20.4792 -5.25 27.1551
3 16 10.0001 -6.5224 26.0033 16.011 -5.25 24.7896 11.0778 -16.0744 25.8936
3 16 11.0778 -16.0744 25.8936 16.011 -5.25 24.7896 13.593 -21.22 25.4735
3 16 20.4792 -5.25 27.1551 24.1677 -5.25 24.1677 21.3034 -5.2505 21.3034
3 16 11.0541 -21.22 25.9374 13.593 -21.22 25.4735 11.1153 -21.22 18.2646
3 16 11.1153 -21.22 18.2646 13.593 -21.22 25.4735 15.9135 -21.22 15.9135
3 16 10.0001 -0.375 18.3876 10.9713 -12.0381 18.3024 15.9135 -0.375 15.9135
3 16 15.9135 -0.375 15.9135 10.9713 -12.0381 18.3024 15.9172 -11.6578 15.9172
3 16 10.0001 -0.375 16.2501 14.4195 -0.375 14.4195 12.25 -8.5 15.7535
3 16 12.25 -8.5 15.7535 14.4195 -0.375 14.4195 14.4195 -8.5 14.4195
3 16 10.0001 -6.5224 26.0033 11.0778 -16.0744 25.8936 10.0001 -16.0809 25.9964
3 16 13.593 -21.22 25.4735 11.0541 -21.22 25.9374 11.0778 -16.0744 25.8936
3 16 12.414 -8.5 12.414 15.7748 -8.5 12.25 12.414 -23.97 12.414
3 16 12.414 -23.97 12.414 15.7748 -8.5 12.25 15.7748 -23.97 12.25
3 16 30.0325 -23.97 10.0001 28.6436 -23.97 17.3195 16.2501 -23.97 10.0001
3 16 16.2501 -23.97 10.0001 28.6436 -23.97 17.3195 15.7748 -23.97 12.25
3 16 12.414 -23.97 12.414 15.7748 -23.97 12.25 24.1677 -23.97 24.1677
3 16 24.1677 -23.97 24.1677 15.7748 -23.97 12.25 28.6436 -23.97 17.3195
3 16 24.7896 -5.25 16.011 25.8417 -5.25 17.4561 24.7896 0 16.011
3 16 24.7896 0 16.011 25.8417 -5.25 17.4561 25.8417 0 17.4561
3 16 24.7896 0 16.011 25.9641 0 10.0001 24.7896 -5.25 16.011
3 16 24.7896 -5.25 16.011 25.9641 0 10.0001 26.0027 -7.4876 10.0001
3 16 27.1551 -5.25 20.4792 29.1961 0 15.8304 27.413 0 20.0806
3 16 18.3024 -12.0381 10.9713 25.8935 -16.0744 11.0778 18.3865 -12.0382 10.0001
3 16 18.3865 -12.0382 10.0001 25.8935 -16.0744 11.0778 25.9964 -16.0809 10.0001
3 16 15.9172 -11.6578 15.9172 15.9135 -21.22 15.9135 18.3024 -12.0381 10.9713
3 16 18.3024 -12.0381 10.9713 15.9135 -21.22 15.9135 18.2646 -21.22 11.1153
3 16 27.1551 -5.25 20.4792 24.1677 -5.25 24.1677 24.1677 -23.97 24.1677
3 16 29.1961 0 15.8304 27.1551 -5.25 20.4792 28.6436 -23.97 17.3195
3 16 28.6436 -23.97 17.3195 27.1551 -5.25 20.4792 24.1677 -23.97 24.1677
3 16 30.0325 0 10.0001 29.1961 0 15.8304 30.0325 -23.97 10.0001
3 16 30.0325 -23.97 10.0001 29.1961 0 15.8304 28.6436 -23.97 17.3195
3 16 16.2501 -7.7621 10.0001 16.2501 -23.97 10.0001 15.7748 -8.5 12.25
3 16 15.7748 -8.5 12.25 16.2501 -23.97 10.0001 15.7748 -23.97 12.25
3 16 30.0325 0 10.0001 25.9641 0 10.0001 29.1961 0 15.8304
3 16 29.1961 0 15.8304 25.9641 0 10.0001 24.7896 0 16.011
3 16 29.1961 0 15.8304 26.2396 0 18.8203 27.413 0 20.0806
3 16 25.8417 -5.25 17.4561 24.7896 -5.25 16.011 21.3034 -5.2505 21.3034
3 16 21.3034 -5.2505 21.3034 24.1677 -5.25 24.1677 26.1863 -5.25 18.9079
3 16 26.1863 -5.25 18.9079 24.1677 -5.25 24.1677 27.1551 -5.25 20.4792
3 16 29.1961 0 15.8304 25.8417 0 17.4561 26.2396 0 18.8203
3 16 27.1551 -5.25 20.4792 27.413 0 20.0806 26.1863 -5.25 18.9079
3 16 26.1863 -5.25 18.9079 27.413 0 20.0806 26.2396 0 18.8203
3 16 26.1863 -5.25 18.9079 26.2396 0 18.8203 25.8417 -5.25 17.4561
3 16 25.8417 -5.25 17.4561 26.2396 0 18.8203 25.8417 0 17.4561
3 16 25.0911 -21.22 14.7435 15.9135 -21.22 15.9135 21.3047 -21.22 21.3047
3 16 21.3047 -21.22 21.3047 15.9135 -21.22 15.9135 13.593 -21.22 25.4735
3 16 25.8417 -5.25 17.4561 21.3034 -5.2505 21.3034 26.1863 -5.25 18.9079
3 16 18.3024 -12.0381 10.9713 18.2646 -21.22 11.1153 25.8935 -16.0744 11.0778
3 16 25.8935 -16.0744 11.0778 18.2646 -21.22 11.1153 25.9374 -21.22 11.0541
3 16 25.0911 -21.22 14.7435 25.8935 -16.0744 11.0778 25.9374 -21.22 11.0541
3 16 18.3877 -0.375 10.0001 15.9135 -0.375 15.9135 18.3024 -12.0381 10.9713
3 16 18.3024 -12.0381 10.9713 15.9135 -0.375 15.9135 15.9172 -11.6578 15.9172
3 16 15.9135 -21.22 15.9135 25.0911 -21.22 14.7435 18.2646 -21.22 11.1153
3 16 18.2646 -21.22 11.1153 25.0911 -21.22 14.7435 25.9374 -21.22 11.0541
3 16 18.3877 -0.375 10.0001 18.3024 -12.0381 10.9713 18.3865 -12.0382 10.0001
3 16 25.0911 -21.22 14.7435 24.7896 -5.25 16.011 25.8935 -16.0744 11.0778
3 16 25.8935 -16.0744 11.0778 24.7896 -5.25 16.011 26.0027 -7.4876 10.0001
3 16 25.9964 -16.0809 10.0001 25.8935 -16.0744 11.0778 26.0027 -7.4876 10.0001
3 16 25.0911 -21.22 14.7435 21.3047 -21.22 21.3047 24.7896 -5.25 16.011
3 16 24.7896 -5.25 16.011 21.3047 -21.22 21.3047 21.3034 -5.2505 21.3034
3 16 12.25 -23.97 15.7535 10.0001 -23.97 16.2501 12.25 -8.5 15.7535
3 16 12.25 -8.5 15.7535 10.0001 -23.97 16.2501 10.0001 -7.7621 16.2501
3 16 16.2501 -7.7621 10.0001 15.7748 -8.5 12.25 16.2501 -0.375 10.0001
3 16 10.0001 -0.375 18.3876 15.9135 -0.375 15.9135 10.0001 -0.375 16.2501
3 16 10.0001 -0.375 16.2501 15.9135 -0.375 15.9135 14.4195 -0.375 14.4195
3 16 14.4195 -8.5 14.4195 14.4195 -0.375 14.4195 15.7748 -8.5 12.25
3 16 15.7748 -8.5 12.25 14.4195 -0.375 14.4195 16.2501 -0.375 10.0001
3 16 14.4195 -0.375 14.4195 15.9135 -0.375 15.9135 16.2501 -0.375 10.0001
3 16 16.2501 -0.375 10.0001 15.9135 -0.375 15.9135 18.3877 -0.375 10.0001
3 16 17.4561 0 25.8417 15.8305 0 29.1961 18.8203 0 26.2396
3 16 29.1961 0 15.8304 24.7896 0 16.011 25.8417 0 17.4561
3 16 12.414 -23.97 7.5862 12.25 -23.97 4.2467 24.1677 -23.97 -4.1674
3 16 24.1677 -23.97 -4.1674 12.25 -23.97 4.2467 17.3196 -23.97 -8.6434
3 16 12.414 -8.5 7.5862 12.25 -8.5 4.2467 12.414 -23.97 7.5862
3 16 12.414 -23.97 7.5862 12.25 -8.5 4.2467 12.25 -23.97 4.2467
3 16 20.4792 -5.25 -7.1549 15.8305 0 -9.1958 20.0807 0 -7.4128
3 16 10.0001 -6.5224 -6.0031 16.011 -5.25 -4.7894 10.0001 0 -5.9639
3 16 10.0001 0 -5.9639 16.011 -5.25 -4.7894 16.011 0 -4.7894
3 16 16.011 -5.25 -4.7894 17.4561 -5.25 -5.8415 16.011 0 -4.7894
3 16 16.011 0 -4.7894 17.4561 -5.25 -5.8415 17.4561 0 -5.8415
3 16 17.4561 0 -5.8415 15.8305 0 -9.1958 16.011 0 -4.7894
3 16 10.0001 0 -10.0323 15.8305 0 -9.1958 10.0001 -23.97 -10.0323
3 16 10.0001 -23.97 -10.0323 15.8305 0 -9.1958 17.3196 -23.97 -8.6434
3 16 20.4792 -5.25 -7.1549 24.1677 -5.25 -4.1674 24.1677 -23.97 -4.1674
3 16 12.25 -8.5 4.2467 12.414 -8.5 7.5862 14.4195 -8.5 5.5807
3 16 14.4195 -8.5 5.5807 12.414 -8.5 7.5862 15.7748 -8.5 7.7502
3 16 10.9713 -12.0381 1.6978 11.1153 -21.22 1.7356 11.0778 -16.0744 -5.8933
3 16 11.0778 -16.0744 -5.8933 11.1153 -21.22 1.7356 11.0541 -21.22 -5.9372
3 16 15.9172 -11.6578 4.083 15.9135 -21.22 4.0867 10.9713 -12.0381 1.6978
3 16 10.9713 -12.0381 1.6978 15.9135 -21.22 4.0867 11.1153 -21.22 1.7356
3 16 10.0001 -16.0809 -5.9962 10.0001 -12.0382 1.6137 11.0778 -16.0744 -5.8933
3 16 11.0778 -16.0744 -5.8933 10.0001 -12.0382 1.6137 10.9713 -12.0381 1.6978
3 16 13.593 -21.22 -5.4733 21.3047 -21.22 -1.3045 16.011 -5.25 -4.7894
3 16 16.011 -5.25 -4.7894 21.3047 -21.22 -1.3045 21.3034 -5.2505 -1.3032
3 16 13.593 -21.22 -5.4733 15.9135 -21.22 4.0867 21.3047 -21.22 -1.3045
3 16 21.3047 -21.22 -1.3045 15.9135 -21.22 4.0867 25.0911 -21.22 5.2567
3 16 10.0001 -23.97 -10.0323 17.3196 -23.97 -8.6434 10.0001 -23.97 3.7501
3 16 10.0001 -23.97 3.7501 17.3196 -23.97 -8.6434 12.25 -23.97 4.2467
3 16 10.0001 -0.375 3.7501 10.0001 -7.7621 3.7501 12.25 -8.5 4.2467
3 16 10.0001 -12.0382 1.6137 10.0001 -0.375 1.6126 10.9713 -12.0381 1.6978
3 16 15.8305 0 -9.1958 18.8203 0 -6.2393 20.0807 0 -7.4128
3 16 10.0001 0 -10.0323 10.0001 0 -5.9639 15.8305 0 -9.1958
3 16 15.8305 0 -9.1958 10.0001 0 -5.9639 16.011 0 -4.7894
3 16 24.1677 -23.97 -4.1674 17.3196 -23.97 -8.6434 20.4792 -5.25 -7.1549
3 16 20.4792 -5.25 -7.1549 17.3196 -23.97 -8.6434 15.8305 0 -9.1958
3 16 20.4792 -5.25 -7.1549 18.9079 -5.25 -6.186 21.3034 -5.2505 -1.3032
3 16 17.4561 -5.25 -5.8415 16.011 -5.25 -4.7894 21.3034 -5.2505 -1.3032
3 16 17.4561 -5.25 -5.8415 21.3034 -5.2505 -1.3032 18.9079 -5.25 -6.186
3 16 18.9079 -5.25 -6.186 18.8203 0 -6.2393 17.4561 -5.25 -5.8415
3 16 17.4561 -5.25 -5.8415 18.8203 0 -6.2393 17.4561 0 -5.8415
3 16 20.4792 -5.25 -7.1549 20.0807 0 -7.4128 18.9079 -5.25 -6.186
3 16 18.9079 -5.25 -6.186 20.0807 0 -7.4128 18.8203 0 -6.2393
3 16 13.593 -21.22 -5.4733 16.011 -5.25 -4.7894 11.0778 -16.0744 -5.8933
3 16 11.0778 -16.0744 -5.8933 16.011 -5.25 -4.7894 10.0001 -6.5224 -6.0031
3 16 20.4792 -5.25 -7.1549 21.3034 -5.2505 -1.3032 24.1677 -5.25 -4.1674
3 16 11.0541 -21.22 -5.9372 11.1153 -21.22 1.7356 13.593 -21.22 -5.4733
3 16 13.593 -21.22 -5.4733 11.1153 -21.22 1.7356 15.9135 -21.22 4.0867
3 16 10.0001 -0.375 1.6126 15.9135 -0.375 4.0867 10.9713 -12.0381 1.6978
3 16 10.9713 -12.0381 1.6978 15.9135 -0.375 4.0867 15.9172 -11.6578 4.083
3 16 10.0001 -0.375 3.7501 12.25 -8.5 4.2467 14.4195 -0.375 5.5807
3 16 14.4195 -0.375 5.5807 12.25 -8.5 4.2467 14.4195 -8.5 5.5807
3 16 10.0001 -6.5224 -6.0031 10.0001 -16.0809 -5.9962 11.0778 -16.0744 -5.8933
3 16 13.593 -21.22 -5.4733 11.0778 -16.0744 -5.8933 11.0541 -21.22 -5.9372
3 16 12.414 -8.5 7.5862 12.414 -23.97 7.5862 15.7748 -8.5 7.7502
3 16 15.7748 -8.5 7.7502 12.414 -23.97 7.5862 15.7748 -23.97 7.7502
3 16 12.414 -23.97 7.5862 24.1677 -23.97 -4.1674 15.7748 -23.97 7.7502
3 16 15.7748 -23.97 7.7502 24.1677 -23.97 -4.1674 28.6436 -23.97 2.6807
3 16 24.7896 -5.25 3.9892 24.7896 0 3.9892 25.8417 -5.25 2.5441
3 16 25.8417 -5.25 2.5441 24.7896 0 3.9892 25.8417 0 2.5441
3 16 26.0027 -7.4876 10.0001 25.9641 0 10.0001 24.7896 -5.25 3.9892
3 16 24.7896 -5.25 3.9892 25.9641 0 10.0001 24.7896 0 3.9892
3 16 27.1551 -5.25 -0.479 27.413 0 -0.0804 29.1961 0 4.1698
3 16 25.9964 -16.0809 10.0001 25.8935 -16.0744 8.9224 18.3865 -12.0382 10.0001
3 16 18.3865 -12.0382 10.0001 25.8935 -16.0744 8.9224 18.3024 -12.0381 9.0289
3 16 18.2646 -21.22 8.8849 15.9135 -21.22 4.0867 18.3024 -12.0381 9.0289
3 16 18.3024 -12.0381 9.0289 15.9135 -21.22 4.0867 15.9172 -11.6578 4.083
3 16 30.0325 -23.97 10.0001 16.2501 -23.97 10.0001 28.6436 -23.97 2.6807
3 16 28.6436 -23.97 2.6807 16.2501 -23.97 10.0001 15.7748 -23.97 7.7502
3 16 27.1551 -5.25 -0.479 24.1677 -23.97 -4.1674 24.1677 -5.25 -4.1674
3 16 24.1677 -23.97 -4.1674 27.1551 -5.25 -0.479 28.6436 -23.97 2.6807
3 16 28.6436 -23.97 2.6807 27.1551 -5.25 -0.479 29.1961 0 4.1698
3 16 28.6436 -23.97 2.6807 29.1961 0 4.1698 30.0325 -23.97 10.0001
3 16 30.0325 -23.97 10.0001 29.1961 0 4.1698 30.0325 0 10.0001
3 16 15.7748 -23.97 7.7502 16.2501 -23.97 10.0001 15.7748 -8.5 7.7502
3 16 15.7748 -8.5 7.7502 16.2501 -23.97 10.0001 16.2501 -7.7621 10.0001
3 16 24.7896 0 3.9892 25.9641 0 10.0001 29.1961 0 4.1698
3 16 29.1961 0 4.1698 25.9641 0 10.0001 30.0325 0 10.0001
3 16 29.1961 0 4.1698 27.413 0 -0.0804 26.2396 0 1.1799
3 16 25.8417 -5.25 2.5441 21.3034 -5.2505 -1.3032 24.7896 -5.25 3.9892
3 16 27.1551 -5.25 -0.479 24.1677 -5.25 -4.1674 26.1863 -5.25 1.0923
3 16 26.1863 -5.25 1.0923 24.1677 -5.25 -4.1674 21.3034 -5.2505 -1.3032
3 16 29.1961 0 4.1698 26.2396 0 1.1799 25.8417 0 2.5441
3 16 26.2396 0 1.1799 27.413 0 -0.0804 26.1863 -5.25 1.0923
3 16 26.1863 -5.25 1.0923 27.413 0 -0.0804 27.1551 -5.25 -0.479
3 16 25.8417 0 2.5441 26.2396 0 1.1799 25.8417 -5.25 2.5441
3 16 25.8417 -5.25 2.5441 26.2396 0 1.1799 26.1863 -5.25 1.0923
3 16 25.8417 -5.25 2.5441 26.1863 -5.25 1.0923 21.3034 -5.2505 -1.3032
3 16 18.3024 -12.0381 9.0289 25.8935 -16.0744 8.9224 18.2646 -21.22 8.8849
3 16 18.2646 -21.22 8.8849 25.8935 -16.0744 8.9224 25.9374 -21.22 8.9461
3 16 25.0911 -21.22 5.2567 25.9374 -21.22 8.9461 25.8935 -16.0744 8.9224
3 16 18.3877 -0.375 10.0001 18.3024 -12.0381 9.0289 15.9135 -0.375 4.0867
3 16 15.9135 -0.375 4.0867 18.3024 -12.0381 9.0289 15.9172 -11.6578 4.083
3 16 25.9374 -21.22 8.9461 25.0911 -21.22 5.2567 18.2646 -21.22 8.8849
3 16 18.2646 -21.22 8.8849 25.0911 -21.22 5.2567 15.9135 -21.22 4.0867
3 16 18.3877 -0.375 10.0001 18.3865 -12.0382 10.0001 18.3024 -12.0381 9.0289
3 16 25.0911 -21.22 5.2567 25.8935 -16.0744 8.9224 24.7896 -5.25 3.9892
3 16 24.7896 -5.25 3.9892 25.8935 -16.0744 8.9224 26.0027 -7.4876 10.0001
3 16 25.9964 -16.0809 10.0001 26.0027 -7.4876 10.0001 25.8935 -16.0744 8.9224
3 16 25.0911 -21.22 5.2567 24.7896 -5.25 3.9892 21.3047 -21.22 -1.3045
3 16 21.3047 -21.22 -1.3045 24.7896 -5.25 3.9892 21.3034 -5.2505 -1.3032
3 16 12.25 -23.97 4.2467 12.25 -8.5 4.2467 10.0001 -23.97 3.7501
3 16 10.0001 -23.97 3.7501 12.25 -8.5 4.2467 10.0001 -7.7621 3.7501
3 16 16.2501 -7.7621 10.0001 16.2501 -0.375 10.0001 15.7748 -8.5 7.7502
3 16 14.4195 -0.375 5.5807 15.9135 -0.375 4.0867 10.0001 -0.375 3.7501
3 16 10.0001 -0.375 3.7501 15.9135 -0.375 4.0867 10.0001 -0.375 1.6126
3 16 16.2501 -0.375 10.0001 14.4195 -0.375 5.5807 15.7748 -8.5 7.7502
3 16 15.7748 -8.5 7.7502 14.4195 -0.375 5.5807 14.4195 -8.5 5.5807
3 16 14.4195 -0.375 5.5807 16.2501 -0.375 10.0001 15.9135 -0.375 4.0867
3 16 15.9135 -0.375 4.0867 16.2501 -0.375 10.0001 18.3877 -0.375 10.0001
3 16 17.4561 0 -5.8415 18.8203 0 -6.2393 15.8305 0 -9.1958
3 16 29.1961 0 4.1698 25.8417 0 2.5441 24.7896 0 3.9892
3 16 -5.7836 -28.4501 -1.5133 -5.7836 -24.0001 -1.5133 -1.5133 -28.4501 -5.7835
3 16 -1.5133 -28.4501 -5.7835 -5.7836 -24.0001 -1.5133 -1.5133 -24.0001 -5.7835
3 16 0 -28.4501 0 3.126 -28.4501 -5.4144 5.4144 -28.4501 -3.126
3 16 5.4144 -28.4501 -3.126 6.252 -28.4501 0 0 -28.4501 0
3 16 6.252 -28.4501 0 5.4144 -28.4501 3.126 0 -28.4501 0
3 16 5.4144 -28.4501 3.126 3.126 -28.4501 5.4144 0 -28.4501 0
3 16 3.126 -28.4501 5.4144 0 -28.4501 6.252 0 -28.4501 0
3 16 0 -28.4501 6.252 -3.126 -28.4501 5.4144 0 -28.4501 0
3 16 -3.126 -28.4501 5.4144 -5.4144 -28.4501 3.126 0 -28.4501 0
3 16 -5.4144 -28.4501 3.126 -6.252 -28.4501 0 0 -28.4501 0
3 16 0 -28.4501 0 -6.252 -28.4501 0 -5.7836 -28.4501 -1.5133
3 16 0 -28.4501 -6.252 3.126 -28.4501 -5.4144 0 -28.4501 0
3 16 3.126 -24.0001 -5.4144 5.4144 -24.0001 -3.126 3.126 -28.4501 -5.4144
3 16 3.126 -28.4501 -5.4144 5.4144 -24.0001 -3.126 5.4144 -28.4501 -3.126
3 16 5.4144 -24.0001 -3.126 6.252 -24.0001 0 5.4144 -28.4501 -3.126
3 16 5.4144 -28.4501 -3.126 6.252 -24.0001 0 6.252 -28.4501 0
3 16 6.252 -24.0001 0 5.4144 -24.0001 3.126 6.252 -28.4501 0
3 16 6.252 -28.4501 0 5.4144 -24.0001 3.126 5.4144 -28.4501 3.126
3 16 5.4144 -24.0001 3.126 3.126 -24.0001 5.4144 5.4144 -28.4501 3.126
3 16 5.4144 -28.4501 3.126 3.126 -24.0001 5.4144 3.126 -28.4501 5.4144
3 16 3.126 -24.0001 5.4144 0 -24.0001 6.252 3.126 -28.4501 5.4144
3 16 3.126 -28.4501 5.4144 0 -24.0001 6.252 0 -28.4501 6.252
3 16 0 -24.0001 6.252 -3.126 -24.0001 5.4144 0 -28.4501 6.252
3 16 0 -28.4501 6.252 -3.126 -24.0001 5.4144 -3.126 -28.4501 5.4144
3 16 -3.126 -24.0001 5.4144 -5.4144 -24.0001 3.126 -3.126 -28.4501 5.4144
3 16 -3.126 -28.4501 5.4144 -5.4144 -24.0001 3.126 -5.4144 -28.4501 3.126
3 16 -5.4144 -24.0001 3.126 -6.252 -24.0001 0 -5.4144 -28.4501 3.126
3 16 -5.4144 -28.4501 3.126 -6.252 -24.0001 0 -6.252 -28.4501 0
3 16 0 -24.0001 -6.252 3.126 -24.0001 -5.4144 0 -28.4501 -6.252
3 16 0 -28.4501 -6.252 3.126 -24.0001 -5.4144 3.126 -28.4501 -5.4144
3 16 -6.252 -24.0001 0 -5.7836 -24.0001 -1.5133 -6.252 -28.4501 0
3 16 -6.252 -28.4501 0 -5.7836 -24.0001 -1.5133 -5.7836 -28.4501 -1.5133
3 16 0 -28.4501 0 -1.5133 -28.4501 -5.7835 0 -28.4501 -6.252
3 16 0 -28.4501 0 -5.7836 -28.4501 -1.5133 -1.5133 -28.4501 -5.7835
3 16 -1.5133 -28.4501 -5.7835 -1.5133 -24.0001 -5.7835 0 -28.4501 -6.252
3 16 0 -28.4501 -6.252 -1.5133 -24.0001 -5.7835 0 -24.0001 -6.252
3 16 25.7836 -28.4501 21.5133 25.7836 -24.0001 21.5133 21.5133 -28.4501 25.7835
3 16 21.5133 -28.4501 25.7835 25.7836 -24.0001 21.5133 21.5133 -24.0001 25.7835
3 16 20 -28.4501 20 16.874 -28.4501 25.4144 14.5856 -28.4501 23.126
3 16 14.5856 -28.4501 23.126 13.748 -28.4501 20 20 -28.4501 20
3 16 13.748 -28.4501 20 14.5856 -28.4501 16.874 20 -28.4501 20
3 16 14.5856 -28.4501 16.874 16.874 -28.4501 14.5856 20 -28.4501 20
3 16 16.874 -28.4501 14.5856 20 -28.4501 13.748 20 -28.4501 20
3 16 20 -28.4501 13.748 23.126 -28.4501 14.5856 20 -28.4501 20
3 16 23.126 -28.4501 14.5856 25.4144 -28.4501 16.874 20 -28.4501 20
3 16 25.4144 -28.4501 16.874 26.252 -28.4501 20 20 -28.4501 20
3 16 20 -28.4501 20 26.252 -28.4501 20 25.7836 -28.4501 21.5133
3 16 20 -28.4501 26.252 16.874 -28.4501 25.4144 20 -28.4501 20
3 16 16.874 -24.0001 25.4144 14.5856 -24.0001 23.126 16.874 -28.4501 25.4144
3 16 16.874 -28.4501 25.4144 14.5856 -24.0001 23.126 14.5856 -28.4501 23.126
3 16 14.5856 -24.0001 23.126 13.748 -24.0001 20 14.5856 -28.4501 23.126
3 16 14.5856 -28.4501 23.126 13.748 -24.0001 20 13.748 -28.4501 20
3 16 13.748 -24.0001 20 14.5856 -24.0001 16.874 13.748 -28.4501 20
3 16 13.748 -28.4501 20 14.5856 -24.0001 16.874 14.5856 -28.4501 16.874
3 16 14.5856 -24.0001 16.874 16.874 -24.0001 14.5856 14.5856 -28.4501 16.874
3 16 14.5856 -28.4501 16.874 16.874 -24.0001 14.5856 16.874 -28.4501 14.5856
3 16 16.874 -24.0001 14.5856 20 -24.0001 13.748 16.874 -28.4501 14.5856
3 16 16.874 -28.4501 14.5856 20 -24.0001 13.748 20 -28.4501 13.748
3 16 20 -24.0001 13.748 23.126 -24.0001 14.5856 20 -28.4501 13.748
3 16 20 -28.4501 13.748 23.126 -24.0001 14.5856 23.126 -28.4501 14.5856
3 16 23.126 -24.0001 14.5856 25.4144 -24.0001 16.874 23.126 -28.4501 14.5856
3 16 23.126 -28.4501 14.5856 25.4144 -24.0001 16.874 25.4144 -28.4501 16.874
3 16 25.4144 -24.0001 16.874 26.252 -24.0001 20 25.4144 -28.4501 16.874
3 16 25.4144 -28.4501 16.874 26.252 -24.0001 20 26.252 -28.4501 20
3 16 20 -24.0001 26.252 16.874 -24.0001 25.4144 20 -28.4501 26.252
3 16 20 -28.4501 26.252 16.874 -24.0001 25.4144 16.874 -28.4501 25.4144
3 16 26.252 -24.0001 20 25.7836 -24.0001 21.5133 26.252 -28.4501 20
3 16 26.252 -28.4501 20 25.7836 -24.0001 21.5133 25.7836 -28.4501 21.5133
3 16 20 -28.4501 20 21.5133 -28.4501 25.7835 20 -28.4501 26.252
3 16 20 -28.4501 20 25.7836 -28.4501 21.5133 21.5133 -28.4501 25.7835
3 16 21.5133 -28.4501 25.7835 21.5133 -24.0001 25.7835 20 -28.4501 26.252
3 16 20 -28.4501 26.252 21.5133 -24.0001 25.7835 20 -24.0001 26.252
3 16 21.5133 -28.4501 -5.7836 21.5133 -24.0001 -5.7836 25.7835 -28.4501 -1.5133
3 16 25.7835 -28.4501 -1.5133 21.5133 -24.0001 -5.7836 25.7835 -24.0001 -1.5133
3 16 20 -28.4501 0 25.4144 -28.4501 3.126 23.126 -28.4501 5.4144
3 16 23.126 -28.4501 5.4144 20 -28.4501 6.252 20 -28.4501 0
3 16 20 -28.4501 6.252 16.874 -28.4501 5.4144 20 -28.4501 0
3 16 16.874 -28.4501 5.4144 14.5856 -28.4501 3.126 20 -28.4501 0
3 16 14.5856 -28.4501 3.126 13.748 -28.4501 0 20 -28.4501 0
3 16 13.748 -28.4501 0 14.5856 -28.4501 -3.126 20 -28.4501 0
3 16 14.5856 -28.4501 -3.126 16.874 -28.4501 -5.4144 20 -28.4501 0
3 16 16.874 -28.4501 -5.4144 20 -28.4501 -6.252 20 -28.4501 0
3 16 20 -28.4501 0 20 -28.4501 -6.252 21.5133 -28.4501 -5.7836
3 16 26.252 -28.4501 0 25.4144 -28.4501 3.126 20 -28.4501 0
3 16 25.4144 -24.0001 3.126 23.126 -24.0001 5.4144 25.4144 -28.4501 3.126
3 16 25.4144 -28.4501 3.126 23.126 -24.0001 5.4144 23.126 -28.4501 5.4144
3 16 23.126 -24.0001 5.4144 20 -24.0001 6.252 23.126 -28.4501 5.4144
3 16 23.126 -28.4501 5.4144 20 -24.0001 6.252 20 -28.4501 6.252
3 16 20 -24.0001 6.252 16.874 -24.0001 5.4144 20 -28.4501 6.252
3 16 20 -28.4501 6.252 16.874 -24.0001 5.4144 16.874 -28.4501 5.4144
3 16 16.874 -24.0001 5.4144 14.5856 -24.0001 3.126 16.874 -28.4501 5.4144
3 16 16.874 -28.4501 5.4144 14.5856 -24.0001 3.126 14.5856 -28.4501 3.126
3 16 14.5856 -24.0001 3.126 13.748 -24.0001 0 14.5856 -28.4501 3.126
3 16 14.5856 -28.4501 3.126 13.748 -24.0001 0 13.748 -28.4501 0
3 16 13.748 -24.0001 0 14.5856 -24.0001 -3.126 13.748 -28.4501 0
3 16 13.748 -28.4501 0 14.5856 -24.0001 -3.126 14.5856 -28.4501 -3.126
3 16 14.5856 -24.0001 -3.126 16.874 -24.0001 -5.4144 14.5856 -28.4501 -3.126
3 16 14.5856 -28.4501 -3.126 16.874 -24.0001 -5.4144 16.874 -28.4501 -5.4144
3 16 16.874 -24.0001 -5.4144 20 -24.0001 -6.252 16.874 -28.4501 -5.4144
3 16 16.874 -28.4501 -5.4144 20 -24.0001 -6.252 20 -28.4501 -6.252
3 16 26.252 -24.0001 0 25.4144 -24.0001 3.126 26.252 -28.4501 0
3 16 26.252 -28.4501 0 25.4144 -24.0001 3.126 25.4144 -28.4501 3.126
3 16 20 -24.0001 -6.252 21.5133 -24.0001 -5.7836 20 -28.4501 -6.252
3 16 20 -28.4501 -6.252 21.5133 -24.0001 -5.7836 21.5133 -28.4501 -5.7836
3 16 20 -28.4501 0 25.7835 -28.4501 -1.5133 26.252 -28.4501 0
3 16 20 -28.4501 0 21.5133 -28.4501 -5.7836 25.7835 -28.4501 -1.5133
3 16 25.7835 -28.4501 -1.5133 25.7835 -24.0001 -1.5133 26.252 -28.4501 0
3 16 26.252 -28.4501 0 25.7835 -24.0001 -1.5133 26.252 -24.0001 0
3 16 -1.517 -28.45 25.7836 -1.517 -24 25.7836 -5.7872 -28.45 21.5133
3 16 -5.7872 -28.45 21.5133 -1.517 -24 25.7836 -5.7872 -24 21.5133
3 16 -0.0036 -28.45 20 -5.418 -28.45 16.874 -3.1296 -28.45 14.5856
3 16 -3.1296 -28.45 14.5856 -0.0036 -28.45 13.748 -0.0036 -28.45 20
3 16 -0.0036 -28.45 13.748 3.1224 -28.45 14.5856 -0.0036 -28.45 20
3 16 3.1224 -28.45 14.5856 5.4108 -28.45 16.874 -0.0036 -28.45 20
3 16 5.4108 -28.45 16.874 6.2484 -28.45 20 -0.0036 -28.45 20
3 16 6.2484 -28.45 20 5.4108 -28.45 23.126 -0.0036 -28.45 20
3 16 5.4108 -28.45 23.126 3.1224 -28.45 25.4144 -0.0036 -28.45 20
3 16 3.1224 -28.45 25.4144 -0.0036 -28.45 26.252 -0.0036 -28.45 20
3 16 -0.0036 -28.45 20 -0.0036 -28.45 26.252 -1.517 -28.45 25.7836
3 16 -6.2556 -28.45 20 -5.418 -28.45 16.874 -0.0036 -28.45 20
3 16 -5.418 -24 16.874 -3.1296 -24 14.5856 -5.418 -28.45 16.874
3 16 -5.418 -28.45 16.874 -3.1296 -24 14.5856 -3.1296 -28.45 14.5856
3 16 -3.1296 -24 14.5856 -0.0036 -24 13.748 -3.1296 -28.45 14.5856
3 16 -3.1296 -28.45 14.5856 -0.0036 -24 13.748 -0.0036 -28.45 13.748
3 16 -0.0036 -24 13.748 3.1224 -24 14.5856 -0.0036 -28.45 13.748
3 16 -0.0036 -28.45 13.748 3.1224 -24 14.5856 3.1224 -28.45 14.5856
3 16 3.1224 -24 14.5856 5.4108 -24 16.874 3.1224 -28.45 14.5856
3 16 3.1224 -28.45 14.5856 5.4108 -24 16.874 5.4108 -28.45 16.874
3 16 5.4108 -24 16.874 6.2484 -24 20 5.4108 -28.45 16.874
3 16 5.4108 -28.45 16.874 6.2484 -24 20 6.2484 -28.45 20
3 16 6.2484 -24 20 5.4108 -24 23.126 6.2484 -28.45 20
3 16 6.2484 -28.45 20 5.4108 -24 23.126 5.4108 -28.45 23.126
3 16 5.4108 -24 23.126 3.1224 -24 25.4144 5.4108 -28.45 23.126
3 16 5.4108 -28.45 23.126 3.1224 -24 25.4144 3.1224 -28.45 25.4144
3 16 3.1224 -24 25.4144 -0.0036 -24 26.252 3.1224 -28.45 25.4144
3 16 3.1224 -28.45 25.4144 -0.0036 -24 26.252 -0.0036 -28.45 26.252
3 16 -6.2556 -24 20 -5.418 -24 16.874 -6.2556 -28.45 20
3 16 -6.2556 -28.45 20 -5.418 -24 16.874 -5.418 -28.45 16.874
3 16 -0.0036 -24 26.252 -1.517 -24 25.7836 -0.0036 -28.45 26.252
3 16 -0.0036 -28.45 26.252 -1.517 -24 25.7836 -1.517 -28.45 25.7836
3 16 -0.0036 -28.45 20 -5.7872 -28.45 21.5133 -6.2556 -28.45 20
3 16 -0.0036 -28.45 20 -1.517 -28.45 25.7836 -5.7872 -28.45 21.5133
3 16 -5.7872 -28.45 21.5133 -5.7872 -24 21.5133 -6.2556 -28.45 20
3 16 -6.2556 -28.45 20 -5.7872 -24 21.5133 -6.2556 -24 20
2 24 7.5862 -23.97 12.414 7.7502 -23.97 15.7535
2 24 -4.1674 -23.97 24.1677 2.6807 -23.97 28.6436
2 24 7.5862 -8.5 12.414 7.7502 -8.5 15.7535
2 24 7.5862 -8.5 12.414 7.5862 -23.97 12.414
2 24 7.7502 -8.5 15.7535 7.7502 -23.97 15.7535
2 24 7.5862 -23.97 12.414 7.7502 -23.97 15.7535
2 24 4.1697 0 29.1961 -0.0804 0 27.413
2 24 -0.479 -5.25 27.1551 -0.0804 0 27.413
2 24 3.9892 -5.25 24.7896 3.9892 0 24.7896
2 24 10.0001 0 25.9641 3.9892 0 24.7896
2 24 3.9892 -5.25 24.7896 2.5441 -5.25 25.8418
2 24 3.9892 -5.25 24.7896 3.9892 0 24.7896
2 24 3.9892 0 24.7896 2.5441 0 25.8417
2 24 2.5441 0 25.8417 3.9892 0 24.7896
2 24 4.1697 0 29.1961 10.0001 0 30.0325
2 24 10.0001 -23.97 30.0325 2.6807 -23.97 28.6436
2 24 -0.479 -5.25 27.1551 -4.1674 -5.25 24.1677
2 24 7.7502 -8.5 15.7535 7.5862 -8.5 12.414
2 24 7.7502 -8.5 15.7535 5.5807 -8.5 14.4195
2 24 7.5862 -8.5 12.414 4.2254 -8.5 12.25
2 24 5.5807 -8.5 14.4195 4.2254 -8.5 12.25
2 24 9.029 -12.0381 18.3024 8.8849 -21.22 18.2646
2 24 9.029 -12.0381 18.3024 8.9224 -16.0744 25.8936
2 24 8.8849 -21.22 18.2646 8.9461 -21.22 25.9374
2 24 8.9224 -16.0744 25.8936 8.9461 -21.22 25.9374
2 24 4.0867 -21.22 15.9135 8.8849 -21.22 18.2646
2 24 9.029 -12.0381 18.3024 8.8849 -21.22 18.2646
2 24 10.0001 -16.0809 25.9964 8.9224 -16.0744 25.8936
2 24 10.0001 -12.0382 18.3866 9.029 -12.0381 18.3024
2 24 8.9224 -16.0744 25.8936 9.029 -12.0381 18.3024
2 24 6.4072 -21.22 25.4735 -1.3045 -21.22 21.3047
2 24 3.9892 -5.25 24.7896 -1.3032 -5.2505 21.3034
2 24 6.4072 -21.22 25.4735 -1.3045 -21.22 21.3047
2 24 -1.3045 -21.22 21.3047 -5.0909 -21.22 14.7435
2 24 2.6807 -23.97 28.6436 10.0001 -23.97 30.0325
2 24 7.7502 -23.97 15.7535 10.0001 -23.97 16.2501
2 24 9.029 -12.0381 18.3024 10.0001 -12.0382 18.3866
2 24 1.1799 0 26.2396 -0.0804 0 27.413
2 24 4.1697 0 29.1961 -0.0804 0 27.413
2 24 4.1697 0 29.1961 10.0001 0 30.0325
2 24 3.9892 0 24.7896 10.0001 0 25.9641
2 24 2.6807 -23.97 28.6436 -4.1674 -23.97 24.1677
2 24 -0.479 -5.25 27.1551 1.0923 -5.25 26.1862
2 24 -1.3032 -5.2505 21.3034 3.9892 -5.25 24.7896
2 24 2.5441 -5.25 25.8418 3.9892 -5.25 24.7896
2 24 1.0923 -5.25 26.1862 2.5441 -5.25 25.8418
2 24 2.5441 -5.25 25.8418 1.0923 -5.25 26.1862
2 24 2.5441 0 25.8417 1.1799 0 26.2396
2 24 -0.479 -5.25 27.1551 -0.0804 0 27.413
2 24 1.0923 -5.25 26.1862 -0.479 -5.25 27.1551
2 24 1.1799 0 26.2396 -0.0804 0 27.413
2 24 -0.479 -5.25 27.1551 -4.1674 -5.25 24.1677
2 24 8.9461 -21.22 25.9374 8.8849 -21.22 18.2646
2 24 6.4072 -21.22 25.4735 8.9461 -21.22 25.9374
2 24 4.0867 -21.22 15.9135 8.8849 -21.22 18.2646
2 24 10.0001 -0.375 18.3876 4.0867 -0.375 15.9135
2 24 10.0001 -0.375 16.2501 5.5807 -0.375 14.4195
2 24 7.7502 -8.5 15.7535 5.5807 -8.5 14.4195
2 24 8.9224 -16.0744 25.8936 10.0001 -16.0809 25.9964
2 24 8.9224 -16.0744 25.8936 8.9461 -21.22 25.9374
2 24 6.4072 -21.22 25.4735 8.9461 -21.22 25.9374
2 24 7.5862 -8.5 12.414 7.5862 -23.97 12.414
2 24 7.5862 -8.5 12.414 4.2254 -8.5 12.25
2 24 7.5862 -23.97 12.414 4.2254 -23.97 12.25
2 24 4.2254 -8.5 12.25 4.2254 -23.97 12.25
2 24 7.5862 -23.97 12.414 4.2254 -23.97 12.25
2 24 -4.1674 -23.97 24.1677 -8.6434 -23.97 17.3195
2 24 -4.7894 -5.25 16.011 -4.7894 0 16.011
2 24 -4.7894 -5.25 16.011 -5.8415 -5.25 17.4561
2 24 -4.7894 0 16.011 -5.8415 0 17.4561
2 24 -5.9639 0 10.0001 -4.7894 0 16.011
2 24 -4.7894 -5.25 16.011 -4.7894 0 16.011
2 24 -7.4128 0 20.0806 -9.1958 0 15.8304
2 24 -7.1549 -5.25 20.4792 -7.4128 0 20.0806
2 24 -5.9962 -16.0809 10.0001 -5.8933 -16.0744 11.0778
2 24 -5.8933 -16.0744 11.0778 1.6978 -12.0381 10.9713
2 24 1.6137 -12.0382 10.0001 1.6978 -12.0381 10.9713
2 24 4.0867 -21.22 15.9135 1.7356 -21.22 11.1153
2 24 1.7356 -21.22 11.1153 1.6978 -12.0381 10.9713
2 24 -8.6434 -23.97 17.3195 -10.0323 -23.97 10.0001
2 24 4.2254 -23.97 12.25 3.7501 -23.97 10.0001
2 24 -4.1674 -5.25 24.1677 -7.1549 -5.25 20.4792
2 24 -4.1674 -23.97 24.1677 -8.6434 -23.97 17.3195
2 24 -8.6434 -23.97 17.3195 -10.0323 -23.97 10.0001
2 24 -9.1958 0 15.8304 -10.0323 0 10.0001
2 24 4.2254 -23.97 12.25 3.7501 -23.97 10.0001
2 24 4.2254 -23.97 12.25 4.2254 -8.5 12.25
2 24 -4.7894 0 16.011 -5.9639 0 10.0001
2 24 -9.1958 0 15.8304 -10.0323 0 10.0001
2 24 -7.4128 0 20.0806 -6.2394 0 18.8203
2 24 -9.1958 0 15.8304 -7.4128 0 20.0806
2 24 -1.3032 -5.2505 21.3034 -4.7894 -5.25 16.011
2 24 -5.8415 -5.25 17.4561 -4.7894 -5.25 16.011
2 24 -4.1674 -5.25 24.1677 -7.1549 -5.25 20.4792
2 24 -7.1549 -5.25 20.4792 -6.186 -5.25 18.9079
2 24 -6.2394 0 18.8203 -5.8415 0 17.4561
2 24 -6.2394 0 18.8203 -7.4128 0 20.0806
2 24 -7.4128 0 20.0806 -7.1549 -5.25 20.4792
2 24 -6.186 -5.25 18.9079 -7.1549 -5.25 20.4792
2 24 -5.8415 0 17.4561 -6.2394 0 18.8203
2 24 -5.8415 -5.25 17.4561 -6.186 -5.25 18.9079
2 24 -5.8415 -5.25 17.4561 -6.186 -5.25 18.9079
2 24 1.6978 -12.0381 10.9713 -5.8933 -16.0744 11.0778
2 24 1.6978 -12.0381 10.9713 1.7356 -21.22 11.1153
2 24 -5.8933 -16.0744 11.0778 -5.9372 -21.22 11.0541
2 24 1.7356 -21.22 11.1153 -5.9372 -21.22 11.0541
2 24 -5.9372 -21.22 11.0541 -5.8933 -16.0744 11.0778
2 24 -5.0909 -21.22 14.7435 -5.9372 -21.22 11.0541
2 24 4.0867 -0.375 15.9135 1.6126 -0.375 10.0001
2 24 -5.0909 -21.22 14.7435 -5.9372 -21.22 11.0541
2 24 -5.9372 -21.22 11.0541 1.7356 -21.22 11.1153
2 24 4.0867 -21.22 15.9135 1.7356 -21.22 11.1153
2 24 1.6978 -12.0381 10.9713 1.6137 -12.0382 10.0001
2 24 -5.8933 -16.0744 11.0778 -5.9962 -16.0809 10.0001
2 24 -1.3045 -21.22 21.3047 -5.0909 -21.22 14.7435
2 24 -1.3032 -5.2505 21.3034 -4.7894 -5.25 16.011
2 24 7.7502 -8.5 15.7535 7.7502 -23.97 15.7535
2 24 7.7502 -23.97 15.7535 10.0001 -23.97 16.2501
2 24 5.5807 -0.375 14.4195 10.0001 -0.375 16.2501
2 24 4.0867 -0.375 15.9135 10.0001 -0.375 18.3876
2 24 5.5807 -0.375 14.4195 3.7501 -0.375 10.0001
2 24 5.5807 -8.5 14.4195 4.2254 -8.5 12.25
2 24 5.5807 -0.375 14.4195 3.7501 -0.375 10.0001
2 24 4.0867 -0.375 15.9135 1.6126 -0.375 10.0001
2 24 2.5441 0 25.8417 1.1799 0 26.2396
2 24 -4.7894 0 16.011 -5.8415 0 17.4561
2 24 7.5862 -23.97 7.5862 7.7502 -23.97 4.2467
2 24 -4.1674 -23.97 -4.1674 2.6807 -23.97 -8.6434
2 24 7.5862 -8.5 7.5862 7.5862 -23.97 7.5862
2 24 7.5862 -8.5 7.5862 7.7502 -8.5 4.2467
2 24 7.5862 -23.97 7.5862 7.7502 -23.97 4.2467
2 24 7.7502 -8.5 4.2467 7.7502 -23.97 4.2467
2 24 -0.0804 0 -7.4128 4.1697 0 -9.1958
2 24 -0.479 -5.25 -7.1549 -0.0804 0 -7.4128
2 24 10.0001 0 -5.9639 3.9892 0 -4.7894
2 24 3.9892 -5.25 -4.7894 3.9892 0 -4.7894
2 24 3.9892 -5.25 -4.7894 3.9892 0 -4.7894
2 24 3.9892 -5.25 -4.7894 2.5441 -5.25 -5.8415
2 24 3.9892 0 -4.7894 2.5441 0 -5.8415
2 24 2.5441 0 -5.8415 3.9892 0 -4.7894
2 24 4.1697 0 -9.1958 10.0001 0 -10.0323
2 24 10.0001 -23.97 -10.0323 2.6807 -23.97 -8.6434
2 24 -0.479 -5.25 -7.1549 -4.1674 -5.25 -4.1674
2 24 4.2254 -8.5 7.7502 7.5862 -8.5 7.5862
2 24 4.2254 -8.5 7.7502 5.5807 -8.5 5.5807
2 24 7.5862 -8.5 7.5862 7.7502 -8.5 4.2467
2 24 5.5807 -8.5 5.5807 7.7502 -8.5 4.2467
2 24 8.9461 -21.22 -5.9372 8.8849 -21.22 1.7356
2 24 8.9461 -21.22 -5.9372 8.9224 -16.0744 -5.8933
2 24 8.8849 -21.22 1.7356 9.029 -12.0381 1.6978
2 24 8.9224 -16.0744 -5.8933 9.029 -12.0381 1.6978
2 24 8.8849 -21.22 1.7356 4.0867 -21.22 4.0867
2 24 8.8849 -21.22 1.7356 9.029 -12.0381 1.6978
2 24 10.0001 -16.0809 -5.9962 8.9224 -16.0744 -5.8933
2 24 8.9224 -16.0744 -5.8933 9.029 -12.0381 1.6978
2 24 10.0001 -12.0382 1.6137 9.029 -12.0381 1.6978
2 24 3.9892 -5.25 -4.7894 -1.3032 -5.2505 -1.3032
2 24 -1.3045 -21.22 -1.3045 6.4072 -21.22 -5.4733
2 24 2.6807 -23.97 -8.6434 10.0001 -23.97 -10.0323
2 24 7.7502 -23.97 4.2467 10.0001 -23.97 3.7501
2 24 9.029 -12.0381 1.6978 10.0001 -12.0382 1.6137
2 24 -0.0804 0 -7.4128 1.1799 0 -6.2393
2 24 4.1697 0 -9.1958 -0.0804 0 -7.4128
2 24 3.9892 0 -4.7894 10.0001 0 -5.9639
2 24 4.1697 0 -9.1958 10.0001 0 -10.0323
2 24 2.6807 -23.97 -8.6434 -4.1674 -23.97 -4.1674
2 24 -0.479 -5.25 -7.1549 1.0923 -5.25 -6.186
2 24 -1.3032 -5.2505 -1.3032 3.9892 -5.25 -4.7894
2 24 2.5441 -5.25 -5.8415 3.9892 -5.25 -4.7894
2 24 1.0923 -5.25 -6.186 2.5441 -5.25 -5.8415
2 24 2.5441 0 -5.8415 1.1799 0 -6.2393
2 24 2.5441 -5.25 -5.8415 1.0923 -5.25 -6.186
2 24 1.1799 0 -6.2393 -0.0804 0 -7.4128
2 24 -0.0804 0 -7.4128 -0.479 -5.25 -7.1549
2 24 1.0923 -5.25 -6.186 -0.479 -5.25 -7.1549
2 24 -0.479 -5.25 -7.1549 -4.1674 -5.25 -4.1674
2 24 8.9461 -21.22 -5.9372 6.4072 -21.22 -5.4733
2 24 8.9461 -21.22 -5.9372 8.8849 -21.22 1.7356
2 24 8.8849 -21.22 1.7356 4.0867 -21.22 4.0867
2 24 10.0001 -0.375 1.6126 4.0867 -0.375 4.0867
2 24 10.0001 -0.375 3.7501 5.5807 -0.375 5.5807
2 24 7.7502 -8.5 4.2467 5.5807 -8.5 5.5807
2 24 8.9224 -16.0744 -5.8933 10.0001 -16.0809 -5.9962
2 24 8.9224 -16.0744 -5.8933 8.9461 -21.22 -5.9372
2 24 6.4072 -21.22 -5.4733 8.9461 -21.22 -5.9372
2 24 7.5862 -8.5 7.5862 4.2254 -8.5 7.7502
2 24 7.5862 -8.5 7.5862 7.5862 -23.97 7.5862
2 24 4.2254 -8.5 7.7502 4.2254 -23.97 7.7502
2 24 7.5862 -23.97 7.5862 4.2254 -23.97 7.7502
2 24 -10.0323 -23.97 10.0001 -8.6434 -23.97 2.6807
2 24 3.7501 -23.97 10.0001 4.2254 -23.97 7.7502
2 24 7.5862 -23.97 7.5862 4.2254 -23.97 7.7502
2 24 -4.1674 -23.97 -4.1674 -8.6434 -23.97 2.6807
2 24 -4.7894 -5.25 3.9892 -5.8415 -5.25 2.5441
2 24 -4.7894 -5.25 3.9892 -4.7894 0 3.9892
2 24 -4.7894 0 3.9892 -5.8415 0 2.5441
2 24 -5.9639 0 10.0001 -4.7894 0 3.9892
2 24 -4.7894 0 3.9892 -4.7894 -5.25 3.9892
2 24 -9.1958 0 4.1698 -7.4128 0 -0.0804
2 24 -7.1549 -5.25 -0.479 -7.4128 0 -0.0804
2 24 1.6978 -12.0381 9.0289 -5.8933 -16.0744 8.9224
2 24 1.6137 -12.0382 10.0001 1.6978 -12.0381 9.0289
2 24 -5.9962 -16.0809 10.0001 -5.8933 -16.0744 8.9224
2 24 4.0867 -21.22 4.0867 1.7356 -21.22 8.8849
2 24 1.6978 -12.0381 9.0289 1.7356 -21.22 8.8849
2 24 -4.1674 -5.25 -4.1674 -7.1549 -5.25 -0.479
2 24 -4.1674 -23.97 -4.1674 -8.6434 -23.97 2.6807
2 24 -10.0323 0 10.0001 -9.1958 0 4.1698
2 24 -10.0323 -23.97 10.0001 -8.6434 -23.97 2.6807
2 24 3.7501 -23.97 10.0001 4.2254 -23.97 7.7502
2 24 4.2254 -8.5 7.7502 4.2254 -23.97 7.7502
2 24 -10.0323 0 10.0001 -9.1958 0 4.1698
2 24 -5.9639 0 10.0001 -4.7894 0 3.9892
2 24 -6.2394 0 1.1799 -7.4128 0 -0.0804
2 24 -9.1958 0 4.1698 -7.4128 0 -0.0804
2 24 -1.3032 -5.2505 -1.3032 -4.7894 -5.25 3.9892
2 24 -5.8415 -5.25 2.5441 -4.7894 -5.25 3.9892
2 24 -4.1674 -5.25 -4.1674 -7.1549 -5.25 -0.479
2 24 -6.186 -5.25 1.0923 -7.1549 -5.25 -0.479
2 24 -6.2394 0 1.1799 -5.8415 0 2.5441
2 24 -7.1549 -5.25 -0.479 -7.4128 0 -0.0804
2 24 -7.1549 -5.25 -0.479 -6.186 -5.25 1.0923
2 24 -7.4128 0 -0.0804 -6.2394 0 1.1799
2 24 -5.8415 -5.25 2.5441 -6.186 -5.25 1.0923
2 24 -5.8415 0 2.5441 -6.2394 0 1.1799
2 24 -5.0909 -21.22 5.2567 -1.3045 -21.22 -1.3045
2 24 6.4072 -21.22 -5.4733 -1.3045 -21.22 -1.3045
2 24 -5.8415 -5.25 2.5441 -6.186 -5.25 1.0923
2 24 1.6978 -12.0381 9.0289 1.7356 -21.22 8.8849
2 24 1.6978 -12.0381 9.0289 -5.8933 -16.0744 8.9224
2 24 1.7356 -21.22 8.8849 -5.9372 -21.22 8.9461
2 24 -5.8933 -16.0744 8.9224 -5.9372 -21.22 8.9461
2 24 -5.8933 -16.0744 8.9224 -5.9372 -21.22 8.9461
2 24 -5.0909 -21.22 5.2567 -5.9372 -21.22 8.9461
2 24 1.6126 -0.375 10.0001 4.0867 -0.375 4.0867
2 24 4.0867 -21.22 4.0867 1.7356 -21.22 8.8849
2 24 -5.0909 -21.22 5.2567 -5.9372 -21.22 8.9461
2 24 1.7356 -21.22 8.8849 -5.9372 -21.22 8.9461
2 24 1.6137 -12.0382 10.0001 1.6978 -12.0381 9.0289
2 24 -5.9962 -16.0809 10.0001 -5.8933 -16.0744 8.9224
2 24 -1.3045 -21.22 -1.3045 -5.0909 -21.22 5.2567
2 24 -1.3032 -5.2505 -1.3032 -4.7894 -5.25 3.9892
2 24 7.7502 -23.97 4.2467 10.0001 -23.97 3.7501
2 24 7.7502 -8.5 4.2467 7.7502 -23.97 4.2467
2 24 10.0001 -0.375 1.6126 4.0867 -0.375 4.0867
2 24 10.0001 -0.375 3.7501 5.5807 -0.375 5.5807
2 24 5.5807 -8.5 5.5807 4.2254 -8.5 7.7502
2 24 3.7501 -0.375 10.0001 5.5807 -0.375 5.5807
2 24 3.7501 -0.375 10.0001 5.5807 -0.375 5.5807
2 24 1.6126 -0.375 10.0001 4.0867 -0.375 4.0867
2 24 2.5441 0 -5.8415 1.1799 0 -6.2393
2 24 -4.7894 0 3.9892 -5.8415 0 2.5441
2 24 12.414 -23.97 12.414 12.25 -23.97 15.7535
2 24 24.1677 -23.97 24.1677 17.3196 -23.97 28.6436
2 24 12.414 -8.5 12.414 12.414 -23.97 12.414
2 24 12.414 -8.5 12.414 12.25 -8.5 15.7535
2 24 12.414 -23.97 12.414 12.25 -23.97 15.7535
2 24 12.25 -8.5 15.7535 12.25 -23.97 15.7535
2 24 20.0807 0 27.413 15.8305 0 29.1961
2 24 20.4792 -5.25 27.1551 20.0807 0 27.413
2 24 10.0001 0 25.9641 16.011 0 24.7896
2 24 16.011 -5.25 24.7896 16.011 0 24.7896
2 24 16.011 -5.25 24.7896 16.011 0 24.7896
2 24 16.011 -5.25 24.7896 17.4561 -5.25 25.8418
2 24 16.011 0 24.7896 17.4561 0 25.8417
2 24 17.4561 0 25.8417 16.011 0 24.7896
2 24 10.0001 0 30.0325 15.8305 0 29.1961
2 24 10.0001 -23.97 30.0325 17.3196 -23.97 28.6436
2 24 20.4792 -5.25 27.1551 24.1677 -5.25 24.1677
2 24 15.7748 -8.5 12.25 12.414 -8.5 12.414
2 24 15.7748 -8.5 12.25 14.4195 -8.5 14.4195
2 24 12.414 -8.5 12.414 12.25 -8.5 15.7535
2 24 14.4195 -8.5 14.4195 12.25 -8.5 15.7535
2 24 11.0541 -21.22 25.9374 11.1153 -21.22 18.2646
2 24 11.0541 -21.22 25.9374 11.0778 -16.0744 25.8936
2 24 11.1153 -21.22 18.2646 10.9713 -12.0381 18.3024
2 24 11.0778 -16.0744 25.8936 10.9713 -12.0381 18.3024
2 24 11.1153 -21.22 18.2646 15.9135 -21.22 15.9135
2 24 11.1153 -21.22 18.2646 10.9713 -12.0381 18.3024
2 24 10.0001 -16.0809 25.9964 11.0778 -16.0744 25.8936
2 24 11.0778 -16.0744 25.8936 10.9713 -12.0381 18.3024
2 24 10.0001 -12.0382 18.3866 10.9713 -12.0381 18.3024
2 24 16.011 -5.25 24.7896 21.3034 -5.2505 21.3034
2 24 21.3047 -21.22 21.3047 13.593 -21.22 25.4735
2 24 10.0001 -23.97 30.0325 17.3196 -23.97 28.6436
2 24 10.0001 -23.97 16.2501 12.25 -23.97 15.7535
2 24 10.0001 -12.0382 18.3866 10.9713 -12.0381 18.3024
2 24 20.0807 0 27.413 18.8203 0 26.2396
2 24 15.8305 0 29.1961 20.0807 0 27.413
2 24 10.0001 0 25.9641 16.011 0 24.7896
2 24 10.0001 0 30.0325 15.8305 0 29.1961
2 24 17.3196 -23.97 28.6436 24.1677 -23.97 24.1677
2 24 20.4792 -5.25 27.1551 18.9079 -5.25 26.1862
2 24 21.3034 -5.2505 21.3034 16.011 -5.25 24.7896
2 24 17.4561 -5.25 25.8418 16.011 -5.25 24.7896
2 24 18.9079 -5.25 26.1862 17.4561 -5.25 25.8418
2 24 17.4561 0 25.8417 18.8203 0 26.2396
2 24 17.4561 -5.25 25.8418 18.9079 -5.25 26.1862
2 24 18.8203 0 26.2396 20.0807 0 27.413
2 24 20.0807 0 27.413 20.4792 -5.25 27.1551
2 24 18.9079 -5.25 26.1862 20.4792 -5.25 27.1551
2 24 20.4792 -5.25 27.1551 24.1677 -5.25 24.1677
2 24 11.0541 -21.22 25.9374 13.593 -21.22 25.4735
2 24 11.0541 -21.22 25.9374 11.1153 -21.22 18.2646
2 24 11.1153 -21.22 18.2646 15.9135 -21.22 15.9135
2 24 10.0001 -0.375 18.3876 15.9135 -0.375 15.9135
2 24 10.0001 -0.375 16.2501 14.4195 -0.375 14.4195
2 24 12.25 -8.5 15.7535 14.4195 -8.5 14.4195
2 24 10.0001 -16.0809 25.9964 11.0778 -16.0744 25.8936
2 24 11.0778 -16.0744 25.8936 11.0541 -21.22 25.9374
2 24 13.593 -21.22 25.4735 11.0541 -21.22 25.9374
2 24 12.414 -8.5 12.414 15.7748 -8.5 12.25
2 24 12.414 -8.5 12.414 12.414 -23.97 12.414
2 24 15.7748 -8.5 12.25 15.7748 -23.97 12.25
2 24 12.414 -23.97 12.414 15.7748 -23.97 12.25
2 24 30.0325 -23.97 10.0001 28.6436 -23.97 17.3195
2 24 16.2501 -23.97 10.0001 15.7748 -23.97 12.25
2 24 12.414 -23.97 12.414 15.7748 -23.97 12.25
2 24 24.1677 -23.97 24.1677 28.6436 -23.97 17.3195
2 24 24.7896 -5.25 16.011 25.8417 -5.25 17.4561
2 24 24.7896 -5.25 16.011 24.7896 0 16.011
2 24 24.7896 0 16.011 25.8417 0 17.4561
2 24 24.7896 0 16.011 25.9641 0 10.0001
2 24 24.7896 0 16.011 24.7896 -5.25 16.011
2 24 29.1961 0 15.8304 27.413 0 20.0806
2 24 27.1551 -5.25 20.4792 27.413 0 20.0806
2 24 18.3024 -12.0381 10.9713 25.8935 -16.0744 11.0778
2 24 18.3024 -12.0381 10.9713 18.3865 -12.0382 10.0001
2 24 25.8935 -16.0744 11.0778 25.9964 -16.0809 10.0001
2 24 15.9135 -21.22 15.9135 18.2646 -21.22 11.1153
2 24 18.3024 -12.0381 10.9713 18.2646 -21.22 11.1153
2 24 24.1677 -5.25 24.1677 27.1551 -5.25 20.4792
2 24 24.1677 -23.97 24.1677 28.6436 -23.97 17.3195
2 24 29.1961 0 15.8304 30.0325 0 10.0001
2 24 28.6436 -23.97 17.3195 30.0325 -23.97 10.0001
2 24 16.2501 -23.97 10.0001 15.7748 -23.97 12.25
2 24 15.7748 -8.5 12.25 15.7748 -23.97 12.25
2 24 30.0325 0 10.0001 29.1961 0 15.8304
2 24 25.9641 0 10.0001 24.7896 0 16.011
2 24 26.2396 0 18.8203 27.413 0 20.0806
2 24 29.1961 0 15.8304 27.413 0 20.0806
2 24 21.3034 -5.2505 21.3034 24.7896 -5.25 16.011
2 24 25.8417 -5.25 17.4561 24.7896 -5.25 16.011
2 24 24.1677 -5.25 24.1677 27.1551 -5.25 20.4792
2 24 26.1863 -5.25 18.9079 27.1551 -5.25 20.4792
2 24 26.2396 0 18.8203 25.8417 0 17.4561
2 24 27.1551 -5.25 20.4792 27.413 0 20.0806
2 24 27.1551 -5.25 20.4792 26.1863 -5.25 18.9079
2 24 27.413 0 20.0806 26.2396 0 18.8203
2 24 25.8417 -5.25 17.4561 26.1863 -5.25 18.9079
2 24 25.8417 0 17.4561 26.2396 0 18.8203
2 24 25.0911 -21.22 14.7435 21.3047 -21.22 21.3047
2 24 13.593 -21.22 25.4735 21.3047 -21.22 21.3047
2 24 25.8417 -5.25 17.4561 26.1863 -5.25 18.9079
2 24 18.3024 -12.0381 10.9713 18.2646 -21.22 11.1153
2 24 18.3024 -12.0381 10.9713 25.8935 -16.0744 11.0778
2 24 18.2646 -21.22 11.1153 25.9374 -21.22 11.0541
2 24 25.8935 -16.0744 11.0778 25.9374 -21.22 11.0541
2 24 25.8935 -16.0744 11.0778 25.9374 -21.22 11.0541
2 24 25.0911 -21.22 14.7435 25.9374 -21.22 11.0541
2 24 15.9135 -0.375 15.9135 18.3877 -0.375 10.0001
2 24 15.9135 -21.22 15.9135 18.2646 -21.22 11.1153
2 24 25.0911 -21.22 14.7435 25.9374 -21.22 11.0541
2 24 18.2646 -21.22 11.1153 25.9374 -21.22 11.0541
2 24 18.3024 -12.0381 10.9713 18.3865 -12.0382 10.0001
2 24 25.8935 -16.0744 11.0778 25.9964 -16.0809 10.0001
2 24 21.3047 -21.22 21.3047 25.0911 -21.22 14.7435
2 24 21.3034 -5.2505 21.3034 24.7896 -5.25 16.011
2 24 10.0001 -23.97 16.2501 12.25 -23.97 15.7535
2 24 12.25 -8.5 15.7535 12.25 -23.97 15.7535
2 24 10.0001 -0.375 18.3876 15.9135 -0.375 15.9135
2 24 10.0001 -0.375 16.2501 14.4195 -0.375 14.4195
2 24 14.4195 -8.5 14.4195 15.7748 -8.5 12.25
2 24 14.4195 -0.375 14.4195 16.2501 -0.375 10.0001
2 24 14.4195 -0.375 14.4195 16.2501 -0.375 10.0001
2 24 15.9135 -0.375 15.9135 18.3877 -0.375 10.0001
2 24 17.4561 0 25.8417 18.8203 0 26.2396
2 24 24.7896 0 16.011 25.8417 0 17.4561
2 24 12.414 -23.97 7.5862 12.25 -23.97 4.2467
2 24 24.1677 -23.97 -4.1674 17.3196 -23.97 -8.6434
2 24 12.414 -8.5 7.5862 12.25 -8.5 4.2467
2 24 12.414 -8.5 7.5862 12.414 -23.97 7.5862
2 24 12.25 -8.5 4.2467 12.25 -23.97 4.2467
2 24 12.414 -23.97 7.5862 12.25 -23.97 4.2467
2 24 15.8305 0 -9.1958 20.0807 0 -7.4128
2 24 20.4792 -5.25 -7.1549 20.0807 0 -7.4128
2 24 16.011 -5.25 -4.7894 16.011 0 -4.7894
2 24 10.0001 0 -5.9639 16.011 0 -4.7894
2 24 16.011 -5.25 -4.7894 17.4561 -5.25 -5.8415
2 24 16.011 -5.25 -4.7894 16.011 0 -4.7894
2 24 16.011 0 -4.7894 17.4561 0 -5.8415
2 24 17.4561 0 -5.8415 16.011 0 -4.7894
2 24 10.0001 0 -10.0323 15.8305 0 -9.1958
2 24 10.0001 -23.97 -10.0323 17.3196 -23.97 -8.6434
2 24 20.4792 -5.25 -7.1549 24.1677 -5.25 -4.1674
2 24 12.25 -8.5 4.2467 12.414 -8.5 7.5862
2 24 12.25 -8.5 4.2467 14.4195 -8.5 5.5807
2 24 12.414 -8.5 7.5862 15.7748 -8.5 7.7502
2 24 14.4195 -8.5 5.5807 15.7748 -8.5 7.7502
2 24 10.9713 -12.0381 1.6978 11.1153 -21.22 1.7356
2 24 10.9713 -12.0381 1.6978 11.0778 -16.0744 -5.8933
2 24 11.1153 -21.22 1.7356 11.0541 -21.22 -5.9372
2 24 11.0778 -16.0744 -5.8933 11.0541 -21.22 -5.9372
2 24 15.9135 -21.22 4.0867 11.1153 -21.22 1.7356
2 24 10.9713 -12.0381 1.6978 11.1153 -21.22 1.7356
2 24 10.0001 -16.0809 -5.9962 11.0778 -16.0744 -5.8933
2 24 10.0001 -12.0382 1.6137 10.9713 -12.0381 1.6978
2 24 11.0778 -16.0744 -5.8933 10.9713 -12.0381 1.6978
2 24 13.593 -21.22 -5.4733 21.3047 -21.22 -1.3045
2 24 16.011 -5.25 -4.7894 21.3034 -5.2505 -1.3032
2 24 13.593 -21.22 -5.4733 21.3047 -21.22 -1.3045
2 24 21.3047 -21.22 -1.3045 25.0911 -21.22 5.2567
2 24 10.0001 -23.97 -10.0323 17.3196 -23.97 -8.6434
2 24 10.0001 -23.97 3.7501 12.25 -23.97 4.2467
2 24 10.0001 -12.0382 1.6137 10.9713 -12.0381 1.6978
2 24 18.8203 0 -6.2393 20.0807 0 -7.4128
2 24 15.8305 0 -9.1958 20.0807 0 -7.4128
2 24 10.0001 0 -10.0323 15.8305 0 -9.1958
2 24 10.0001 0 -5.9639 16.011 0 -4.7894
2 24 17.3196 -23.97 -8.6434 24.1677 -23.97 -4.1674
2 24 20.4792 -5.25 -7.1549 18.9079 -5.25 -6.186
2 24 21.3034 -5.2505 -1.3032 16.011 -5.25 -4.7894
2 24 17.4561 -5.25 -5.8415 16.011 -5.25 -4.7894
2 24 18.9079 -5.25 -6.186 17.4561 -5.25 -5.8415
2 24 17.4561 -5.25 -5.8415 18.9079 -5.25 -6.186
2 24 17.4561 0 -5.8415 18.8203 0 -6.2393
2 24 20.4792 -5.25 -7.1549 20.0807 0 -7.4128
2 24 18.9079 -5.25 -6.186 20.4792 -5.25 -7.1549
2 24 18.8203 0 -6.2393 20.0807 0 -7.4128
2 24 20.4792 -5.25 -7.1549 24.1677 -5.25 -4.1674
2 24 11.0541 -21.22 -5.9372 11.1153 -21.22 1.7356
2 24 13.593 -21.22 -5.4733 11.0541 -21.22 -5.9372
2 24 15.9135 -21.22 4.0867 11.1153 -21.22 1.7356
2 24 10.0001 -0.375 1.6126 15.9135 -0.375 4.0867
2 24 10.0001 -0.375 3.7501 14.4195 -0.375 5.5807
2 24 12.25 -8.5 4.2467 14.4195 -8.5 5.5807
2 24 10.0001 -16.0809 -5.9962 11.0778 -16.0744 -5.8933
2 24 11.0778 -16.0744 -5.8933 11.0541 -21.22 -5.9372
2 24 13.593 -21.22 -5.4733 11.0541 -21.22 -5.9372
2 24 12.414 -8.5 7.5862 12.414 -23.97 7.5862
2 24 12.414 -8.5 7.5862 15.7748 -8.5 7.7502
2 24 12.414 -23.97 7.5862 15.7748 -23.97 7.7502
2 24 15.7748 -8.5 7.7502 15.7748 -23.97 7.7502
2 24 12.414 -23.97 7.5862 15.7748 -23.97 7.7502
2 24 24.1677 -23.97 -4.1674 28.6436 -23.97 2.6807
2 24 24.7896 -5.25 3.9892 24.7896 0 3.9892
2 24 24.7896 -5.25 3.9892 25.8417 -5.25 2.5441
2 24 24.7896 0 3.9892 25.8417 0 2.5441
2 24 25.9641 0 10.0001 24.7896 0 3.9892
2 24 24.7896 -5.25 3.9892 24.7896 0 3.9892
2 24 27.413 0 -0.0804 29.1961 0 4.1698
2 24 27.1551 -5.25 -0.479 27.413 0 -0.0804
2 24 25.9964 -16.0809 10.0001 25.8935 -16.0744 8.9224
2 24 25.8935 -16.0744 8.9224 18.3024 -12.0381 9.0289
2 24 18.3865 -12.0382 10.0001 18.3024 -12.0381 9.0289
2 24 15.9135 -21.22 4.0867 18.2646 -21.22 8.8849
2 24 18.2646 -21.22 8.8849 18.3024 -12.0381 9.0289
2 24 30.0325 -23.97 10.0001 28.6436 -23.97 2.6807
2 24 16.2501 -23.97 10.0001 15.7748 -23.97 7.7502
2 24 24.1677 -5.25 -4.1674 27.1551 -5.25 -0.479
2 24 24.1677 -23.97 -4.1674 28.6436 -23.97 2.6807
2 24 30.0325 -23.97 10.0001 28.6436 -23.97 2.6807
2 24 30.0325 0 10.0001 29.1961 0 4.1698
2 24 16.2501 -23.97 10.0001 15.7748 -23.97 7.7502
2 24 15.7748 -23.97 7.7502 15.7748 -8.5 7.7502
2 24 25.9641 0 10.0001 24.7896 0 3.9892
2 24 30.0325 0 10.0001 29.1961 0 4.1698
2 24 27.413 0 -0.0804 26.2396 0 1.1799
2 24 29.1961 0 4.1698 27.413 0 -0.0804
2 24 21.3034 -5.2505 -1.3032 24.7896 -5.25 3.9892
2 24 25.8417 -5.25 2.5441 24.7896 -5.25 3.9892
2 24 24.1677 -5.25 -4.1674 27.1551 -5.25 -0.479
2 24 27.1551 -5.25 -0.479 26.1863 -5.25 1.0923
2 24 26.2396 0 1.1799 25.8417 0 2.5441
2 24 26.2396 0 1.1799 27.413 0 -0.0804
2 24 27.413 0 -0.0804 27.1551 -5.25 -0.479
2 24 26.1863 -5.25 1.0923 27.1551 -5.25 -0.479
2 24 25.8417 0 2.5441 26.2396 0 1.1799
2 24 25.8417 -5.25 2.5441 26.1863 -5.25 1.0923
2 24 25.8417 -5.25 2.5441 26.1863 -5.25 1.0923
2 24 18.3024 -12.0381 9.0289 25.8935 -16.0744 8.9224
2 24 18.3024 -12.0381 9.0289 18.2646 -21.22 8.8849
2 24 25.8935 -16.0744 8.9224 25.9374 -21.22 8.9461
2 24 18.2646 -21.22 8.8849 25.9374 -21.22 8.9461
2 24 25.9374 -21.22 8.9461 25.8935 -16.0744 8.9224
2 24 25.0911 -21.22 5.2567 25.9374 -21.22 8.9461
2 24 18.3877 -0.375 10.0001 15.9135 -0.375 4.0867
2 24 25.0911 -21.22 5.2567 25.9374 -21.22 8.9461
2 24 25.9374 -21.22 8.9461 18.2646 -21.22 8.8849
2 24 15.9135 -21.22 4.0867 18.2646 -21.22 8.8849
2 24 18.3865 -12.0382 10.0001 18.3024 -12.0381 9.0289
2 24 25.9964 -16.0809 10.0001 25.8935 -16.0744 8.9224
2 24 21.3047 -21.22 -1.3045 25.0911 -21.22 5.2567
2 24 21.3034 -5.2505 -1.3032 24.7896 -5.25 3.9892
2 24 12.25 -8.5 4.2467 12.25 -23.97 4.2467
2 24 10.0001 -23.97 3.7501 12.25 -23.97 4.2467
2 24 10.0001 -0.375 3.7501 14.4195 -0.375 5.5807
2 24 10.0001 -0.375 1.6126 15.9135 -0.375 4.0867
2 24 16.2501 -0.375 10.0001 14.4195 -0.375 5.5807
2 24 14.4195 -8.5 5.5807 15.7748 -8.5 7.7502
2 24 16.2501 -0.375 10.0001 14.4195 -0.375 5.5807
2 24 18.3877 -0.375 10.0001 15.9135 -0.375 4.0867
2 24 17.4561 0 -5.8415 18.8203 0 -6.2393
2 24 24.7896 0 3.9892 25.8417 0 2.5441
2 24 -5.7836 -28.4501 -1.5133 -5.7836 -24.0001 -1.5133
2 24 -5.7836 -28.4501 -1.5133 -1.5133 -28.4501 -5.7835
2 24 -5.7836 -24.0001 -1.5133 -1.5133 -24.0001 -5.7835
2 24 -1.5133 -28.4501 -5.7835 -1.5133 -24.0001 -5.7835
2 24 3.126 -28.4501 -5.4144 5.4144 -28.4501 -3.126
2 24 5.4144 -28.4501 -3.126 6.252 -28.4501 0
2 24 6.252 -28.4501 0 5.4144 -28.4501 3.126
2 24 5.4144 -28.4501 3.126 3.126 -28.4501 5.4144
2 24 3.126 -28.4501 5.4144 0 -28.4501 6.252
2 24 0 -28.4501 6.252 -3.126 -28.4501 5.4144
2 24 -3.126 -28.4501 5.4144 -5.4144 -28.4501 3.126
2 24 -5.4144 -28.4501 3.126 -6.252 -28.4501 0
2 24 -6.252 -28.4501 0 -5.7836 -28.4501 -1.5133
2 24 3.126 -28.4501 -5.4144 0 -28.4501 -6.252
2 24 3.126 -24.0001 -5.4144 5.4144 -24.0001 -3.126
2 24 3.126 -28.4501 -5.4144 5.4144 -28.4501 -3.126
2 24 5.4144 -24.0001 -3.126 6.252 -24.0001 0
2 24 5.4144 -28.4501 -3.126 6.252 -28.4501 0
2 24 6.252 -24.0001 0 5.4144 -24.0001 3.126
2 24 6.252 -28.4501 0 5.4144 -28.4501 3.126
2 24 5.4144 -24.0001 3.126 3.126 -24.0001 5.4144
2 24 5.4144 -28.4501 3.126 3.126 -28.4501 5.4144
2 24 3.126 -24.0001 5.4144 0 -24.0001 6.252
2 24 3.126 -28.4501 5.4144 0 -28.4501 6.252
2 24 0 -24.0001 6.252 -3.126 -24.0001 5.4144
2 24 0 -28.4501 6.252 -3.126 -28.4501 5.4144
2 24 -3.126 -24.0001 5.4144 -5.4144 -24.0001 3.126
2 24 -3.126 -28.4501 5.4144 -5.4144 -28.4501 3.126
2 24 -5.4144 -24.0001 3.126 -6.252 -24.0001 0
2 24 -5.4144 -28.4501 3.126 -6.252 -28.4501 0
2 24 3.126 -24.0001 -5.4144 0 -24.0001 -6.252
2 24 3.126 -28.4501 -5.4144 0 -28.4501 -6.252
2 24 -6.252 -24.0001 0 -5.7836 -24.0001 -1.5133
2 24 -5.7836 -24.0001 -1.5133 -5.7836 -28.4501 -1.5133
2 24 -6.252 -28.4501 0 -5.7836 -28.4501 -1.5133
2 24 0 -28.4501 -6.252 -1.5133 -28.4501 -5.7835
2 24 -5.7836 -28.4501 -1.5133 -1.5133 -28.4501 -5.7835
2 24 -1.5133 -28.4501 -5.7835 -1.5133 -24.0001 -5.7835
2 24 0 -28.4501 -6.252 -1.5133 -28.4501 -5.7835
2 24 0 -24.0001 -6.252 -1.5133 -24.0001 -5.7835
2 24 25.7836 -28.4501 21.5133 25.7836 -24.0001 21.5133
2 24 25.7836 -28.4501 21.5133 21.5133 -28.4501 25.7835
2 24 25.7836 -24.0001 21.5133 21.5133 -24.0001 25.7835
2 24 21.5133 -28.4501 25.7835 21.5133 -24.0001 25.7835
2 24 16.874 -28.4501 25.4144 14.5856 -28.4501 23.126
2 24 14.5856 -28.4501 23.126 13.748 -28.4501 20
2 24 13.748 -28.4501 20 14.5856 -28.4501 16.874
2 24 14.5856 -28.4501 16.874 16.874 -28.4501 14.5856
2 24 16.874 -28.4501 14.5856 20 -28.4501 13.748
2 24 20 -28.4501 13.748 23.126 -28.4501 14.5856
2 24 23.126 -28.4501 14.5856 25.4144 -28.4501 16.874
2 24 25.4144 -28.4501 16.874 26.252 -28.4501 20
2 24 26.252 -28.4501 20 25.7836 -28.4501 21.5133
2 24 16.874 -28.4501 25.4144 20 -28.4501 26.252
2 24 16.874 -24.0001 25.4144 14.5856 -24.0001 23.126
2 24 16.874 -28.4501 25.4144 14.5856 -28.4501 23.126
2 24 14.5856 -24.0001 23.126 13.748 -24.0001 20
2 24 14.5856 -28.4501 23.126 13.748 -28.4501 20
2 24 13.748 -24.0001 20 14.5856 -24.0001 16.874
2 24 13.748 -28.4501 20 14.5856 -28.4501 16.874
2 24 14.5856 -24.0001 16.874 16.874 -24.0001 14.5856
2 24 14.5856 -28.4501 16.874 16.874 -28.4501 14.5856
2 24 16.874 -24.0001 14.5856 20 -24.0001 13.748
2 24 16.874 -28.4501 14.5856 20 -28.4501 13.748
2 24 20 -24.0001 13.748 23.126 -24.0001 14.5856
2 24 20 -28.4501 13.748 23.126 -28.4501 14.5856
2 24 23.126 -24.0001 14.5856 25.4144 -24.0001 16.874
2 24 23.126 -28.4501 14.5856 25.4144 -28.4501 16.874
2 24 25.4144 -24.0001 16.874 26.252 -24.0001 20
2 24 25.4144 -28.4501 16.874 26.252 -28.4501 20
2 24 16.874 -24.0001 25.4144 20 -24.0001 26.252
2 24 16.874 -28.4501 25.4144 20 -28.4501 26.252
2 24 26.252 -24.0001 20 25.7836 -24.0001 21.5133
2 24 25.7836 -24.0001 21.5133 25.7836 -28.4501 21.5133
2 24 26.252 -28.4501 20 25.7836 -28.4501 21.5133
2 24 20 -28.4501 26.252 21.5133 -28.4501 25.7835
2 24 25.7836 -28.4501 21.5133 21.5133 -28.4501 25.7835
2 24 21.5133 -28.4501 25.7835 21.5133 -24.0001 25.7835
2 24 20 -28.4501 26.252 21.5133 -28.4501 25.7835
2 24 20 -24.0001 26.252 21.5133 -24.0001 25.7835
2 24 21.5133 -28.4501 -5.7836 21.5133 -24.0001 -5.7836
2 24 21.5133 -28.4501 -5.7836 25.7835 -28.4501 -1.5133
2 24 21.5133 -24.0001 -5.7836 25.7835 -24.0001 -1.5133
2 24 25.7835 -28.4501 -1.5133 25.7835 -24.0001 -1.5133
2 24 25.4144 -28.4501 3.126 23.126 -28.4501 5.4144
2 24 23.126 -28.4501 5.4144 20 -28.4501 6.252
2 24 20 -28.4501 6.252 16.874 -28.4501 5.4144
2 24 16.874 -28.4501 5.4144 14.5856 -28.4501 3.126
2 24 14.5856 -28.4501 3.126 13.748 -28.4501 0
2 24 13.748 -28.4501 0 14.5856 -28.4501 -3.126
2 24 14.5856 -28.4501 -3.126 16.874 -28.4501 -5.4144
2 24 16.874 -28.4501 -5.4144 20 -28.4501 -6.252
2 24 20 -28.4501 -6.252 21.5133 -28.4501 -5.7836
2 24 25.4144 -28.4501 3.126 26.252 -28.4501 0
2 24 25.4144 -24.0001 3.126 23.126 -24.0001 5.4144
2 24 25.4144 -28.4501 3.126 23.126 -28.4501 5.4144
2 24 23.126 -24.0001 5.4144 20 -24.0001 6.252
2 24 23.126 -28.4501 5.4144 20 -28.4501 6.252
2 24 20 -24.0001 6.252 16.874 -24.0001 5.4144
2 24 20 -28.4501 6.252 16.874 -28.4501 5.4144
2 24 16.874 -24.0001 5.4144 14.5856 -24.0001 3.126
2 24 16.874 -28.4501 5.4144 14.5856 -28.4501 3.126
2 24 14.5856 -24.0001 3.126 13.748 -24.0001 0
2 24 14.5856 -28.4501 3.126 13.748 -28.4501 0
2 24 13.748 -24.0001 0 14.5856 -24.0001 -3.126
2 24 13.748 -28.4501 0 14.5856 -28.4501 -3.126
2 24 14.5856 -24.0001 -3.126 16.874 -24.0001 -5.4144
2 24 14.5856 -28.4501 -3.126 16.874 -28.4501 -5.4144
2 24 16.874 -24.0001 -5.4144 20 -24.0001 -6.252
2 24 16.874 -28.4501 -5.4144 20 -28.4501 -6.252
2 24 25.4144 -24.0001 3.126 26.252 -24.0001 0
2 24 25.4144 -28.4501 3.126 26.252 -28.4501 0
2 24 20 -24.0001 -6.252 21.5133 -24.0001 -5.7836
2 24 21.5133 -24.0001 -5.7836 21.5133 -28.4501 -5.7836
2 24 20 -28.4501 -6.252 21.5133 -28.4501 -5.7836
2 24 26.252 -28.4501 0 25.7835 -28.4501 -1.5133
2 24 21.5133 -28.4501 -5.7836 25.7835 -28.4501 -1.5133
2 24 25.7835 -28.4501 -1.5133 25.7835 -24.0001 -1.5133
2 24 26.252 -28.4501 0 25.7835 -28.4501 -1.5133
2 24 26.252 -24.0001 0 25.7835 -24.0001 -1.5133
2 24 -1.517 -28.45 25.7836 -1.517 -24 25.7836
2 24 -1.517 -28.45 25.7836 -5.7872 -28.45 21.5133
2 24 -1.517 -24 25.7836 -5.7872 -24 21.5133
2 24 -5.7872 -28.45 21.5133 -5.7872 -24 21.5133
2 24 -5.418 -28.45 16.874 -3.1296 -28.45 14.5856
2 24 -3.1296 -28.45 14.5856 -0.0036 -28.45 13.748
2 24 -0.0036 -28.45 13.748 3.1224 -28.45 14.5856
2 24 3.1224 -28.45 14.5856 5.4108 -28.45 16.874
2 24 5.4108 -28.45 16.874 6.2484 -28.45 20
2 24 6.2484 -28.45 20 5.4108 -28.45 23.126
2 24 5.4108 -28.45 23.126 3.1224 -28.45 25.4144
2 24 3.1224 -28.45 25.4144 -0.0036 -28.45 26.252
2 24 -0.0036 -28.45 26.252 -1.517 -28.45 25.7836
2 24 -5.418 -28.45 16.874 -6.2556 -28.45 20
2 24 -5.418 -24 16.874 -3.1296 -24 14.5856
2 24 -5.418 -28.45 16.874 -3.1296 -28.45 14.5856
2 24 -3.1296 -24 14.5856 -0.0036 -24 13.748
2 24 -3.1296 -28.45 14.5856 -0.0036 -28.45 13.748
2 24 -0.0036 -24 13.748 3.1224 -24 14.5856
2 24 -0.0036 -28.45 13.748 3.1224 -28.45 14.5856
2 24 3.1224 -24 14.5856 5.4108 -24 16.874
2 24 3.1224 -28.45 14.5856 5.4108 -28.45 16.874
2 24 5.4108 -24 16.874 6.2484 -24 20
2 24 5.4108 -28.45 16.874 6.2484 -28.45 20
2 24 6.2484 -24 20 5.4108 -24 23.126
2 24 6.2484 -28.45 20 5.4108 -28.45 23.126
2 24 5.4108 -24 23.126 3.1224 -24 25.4144
2 24 5.4108 -28.45 23.126 3.1224 -28.45 25.4144
2 24 3.1224 -24 25.4144 -0.0036 -24 26.252
2 24 3.1224 -28.45 25.4144 -0.0036 -28.45 26.252
2 24 -5.418 -24 16.874 -6.2556 -24 20
2 24 -5.418 -28.45 16.874 -6.2556 -28.45 20
2 24 -0.0036 -24 26.252 -1.517 -24 25.7836
2 24 -1.517 -24 25.7836 -1.517 -28.45 25.7836
2 24 -0.0036 -28.45 26.252 -1.517 -28.45 25.7836
2 24 -6.2556 -28.45 20 -5.7872 -28.45 21.5133
2 24 -1.517 -28.45 25.7836 -5.7872 -28.45 21.5133
2 24 -5.7872 -28.45 21.5133 -5.7872 -24 21.5133
2 24 -6.2556 -28.45 20 -5.7872 -28.45 21.5133
2 24 -6.2556 -24 20 -5.7872 -24 21.5133
2 24 -0.0998 -0.0008 -7.4589 4.1584 -0.0001 -9.2445
2 24 -0.5034 -5.2501 -7.1985 -0.0998 -0.0008 -7.4589
2 24 4.1584 -0.0001 -9.2445 10.0001 0 -10.0823
2 24 10.0001 -23.9705 -10.0823 2.6629 -23.9708 -8.6901
2 24 -0.5034 -5.2501 -7.1985 -4.2028 -5.25 -4.2028
2 24 2.6629 -23.9708 -8.6901 -4.2028 -23.9712 -4.2028
2 24 -9.2445 -0.0001 4.1585 -7.4589 -0.0008 -0.0998
2 24 -7.1985 -5.2501 -0.5033 -7.4589 -0.0008 -0.0998
2 24 -4.2028 -5.25 -4.2028 -7.1985 -5.2501 -0.5033
2 24 -4.2028 -23.9712 -4.2028 -8.6901 -23.9708 2.6629
2 24 -9.2445 -0.0001 4.1585 -10.0823 0 10.0001
2 24 -10.0823 0 10.0001 -10.0823 -23.9705 10.0001
2 24 -8.6901 -23.9708 2.6629 -10.0823 -23.9705 10.0001
2 24 15.8418 -0.0001 -9.2445 20.1 -0.0008 -7.4589
2 24 20.5036 -5.2501 -7.1985 20.1 -0.0008 -7.4589
2 24 10.0001 0 -10.0823 15.8418 -0.0001 -9.2445
2 24 10.0001 -23.9705 -10.0823 17.3373 -23.9708 -8.6901
2 24 20.5036 -5.2501 -7.1985 24.203 -5.25 -4.2028
2 24 17.3373 -23.9708 -8.6901 24.203 -23.9712 -4.2028
2 24 27.4591 -0.0008 -0.0998 29.2448 -0.0001 4.1585
2 24 27.1988 -5.2501 -0.5033 27.4591 -0.0008 -0.0998
2 24 24.203 -5.25 -4.2028 27.1988 -5.2501 -0.5033
2 24 24.203 -23.9712 -4.2028 28.6904 -23.9708 2.6629
2 24 28.6904 -23.9708 2.6629 30.0825 -23.9705 10.0001
2 24 29.2448 -0.0001 4.1585 30.0825 0 10.0001
2 24 30.0825 -23.9705 10.0001 30.0825 0 10.0001
0 STEP
