0 Untitled Model
0 Name: Untitled Model
0 Author: 
0 BFC CERTIFY CCW
3 16 -12.7294 -5.1837 0.0022 -12.2275 -5.2128 3.2812 -11.5233 -3.8317 0.002 0.9985 0.1832 0.9157 0.1832 0.9985 0.1094
3 16 -11.5233 -3.8317 0.002 -12.2275 -5.2128 3.2812 -11.0965 -3.869 2.9775 0.9985 0.1094 0.9157 0.1832 0.9157 0.1094
3 16 -12.7441 -21.439 0.0022 -11.6298 -22.9161 0.002 -12.246 -21.4162 3.2859 0.9985 0.813 0.9985 0.8885 0.9157 0.813
3 16 -12.246 -21.4162 3.2859 -11.6298 -22.9161 0.002 -11.2028 -22.8831 3.0069 0.9157 0.813 0.9985 0.8885 0.9157 0.8885
3 16 -12.2275 -5.2128 3.2812 -10.9262 -5.2304 6.3123 -11.0965 -3.869 2.9775 0.9157 0.1832 0.8328 0.1832 0.9157 0.1094
3 16 -11.0965 -3.869 2.9775 -10.9262 -5.2304 6.3123 -9.9304 -3.8917 5.737 0.9157 0.1094 0.8328 0.1832 0.8328 0.1094
3 16 -12.246 -21.4162 3.2859 -11.2028 -22.8831 3.0069 -10.945 -21.4023 6.3231 0.9157 0.813 0.9157 0.8885 0.8328 0.813
3 16 -10.945 -21.4023 6.3231 -11.2028 -22.8831 3.0069 -10.0282 -22.8626 5.7938 0.8328 0.813 0.9157 0.8885 0.8328 0.8885
3 16 -10.9262 -5.2304 6.3123 -8.9113 -5.2364 8.9144 -9.9304 -3.8917 5.737 0.8328 0.1832 0.7498 0.1832 0.8328 0.1094
3 16 -9.9304 -3.8917 5.737 -8.9113 -5.2364 8.9144 -8.1032 -3.8993 8.1061 0.8328 0.1094 0.7498 0.1832 0.7498 0.1094
3 16 -10.945 -21.4023 6.3231 -10.0282 -22.8626 5.7938 -8.9272 -21.3976 8.9304 0.8328 0.813 0.8328 0.8885 0.7498 0.813
3 16 -8.9272 -21.3976 8.9304 -10.0282 -22.8626 5.7938 -8.1834 -22.8565 8.186 0.7498 0.813 0.8328 0.8885 0.7498 0.8885
3 16 -8.1032 -3.8993 8.1061 -8.9113 -5.2364 8.9144 -5.7335 -3.8918 9.9323 0.7498 0.1094 0.7498 0.1832 0.6668 0.1094
3 16 -5.7335 -3.8918 9.9323 -8.9113 -5.2364 8.9144 -6.3084 -5.2305 10.9282 0.6668 0.1094 0.7498 0.1832 0.6668 0.1832
3 16 -6.3192 -21.4023 10.947 -8.9272 -21.3976 8.9304 -5.7902 -22.8629 10.0298 0.6668 0.813 0.7498 0.813 0.6668 0.8885
3 16 -5.7902 -22.8629 10.0298 -8.9272 -21.3976 8.9304 -8.1834 -22.8565 8.186 0.6668 0.8885 0.7498 0.813 0.7498 0.8885
3 16 -5.7335 -3.8918 9.9323 -6.3084 -5.2305 10.9282 -2.9735 -3.8692 11.0974 0.6668 0.1094 0.6668 0.1832 0.5866 0.1094
3 16 -2.9735 -3.8692 11.0974 -6.3084 -5.2305 10.9282 -3.2768 -5.213 12.2283 0.5866 0.1094 0.6668 0.1832 0.5866 0.1832
3 16 -3.2816 -21.416 12.2468 -6.3192 -21.4023 10.947 -3.0029 -22.883 11.2037 0.5866 0.813 0.6668 0.813 0.5866 0.8885
3 16 -3.0029 -22.883 11.2037 -6.3192 -21.4023 10.947 -5.7902 -22.8629 10.0298 0.5866 0.8885 0.6668 0.813 0.6668 0.8885
3 16 -2.9735 -3.8692 11.0974 -3.2768 -5.213 12.2283 0.002 -3.8317 11.5233 0.5866 0.1094 0.5866 0.1832 0.5001 0.1094
3 16 0.002 -3.8317 11.5233 -3.2768 -5.213 12.2283 0.0022 -5.1837 12.7294 0.5001 0.1094 0.5866 0.1832 0.5001 0.1832
3 16 0.0022 -21.439 12.7442 -3.2816 -21.416 12.2468 0.002 -22.9161 11.6298 0.5001 0.813 0.5866 0.813 0.5001 0.8885
3 16 0.002 -22.9161 11.6298 -3.2816 -21.416 12.2468 -3.0029 -22.883 11.2037 0.5001 0.8885 0.5866 0.813 0.5866 0.8885
3 16 0.0022 -5.1837 12.7294 3.2812 -5.2128 12.2275 0.002 -3.8317 11.5233 0.5001 0.1832 0.4136 0.1832 0.5001 0.1094
3 16 0.002 -3.8317 11.5233 3.2812 -5.2128 12.2275 2.9775 -3.869 11.0965 0.5001 0.1094 0.4136 0.1832 0.4136 0.1094
3 16 0.0022 -21.439 12.7442 0.002 -22.9161 11.6298 3.2859 -21.4162 12.246 0.5001 0.813 0.5001 0.8885 0.4136 0.813
3 16 3.2859 -21.4162 12.246 0.002 -22.9161 11.6298 3.0069 -22.8831 11.2028 0.4136 0.813 0.5001 0.8885 0.4136 0.8885
3 16 3.2812 -5.2128 12.2275 6.3124 -5.2304 10.9262 2.9775 -3.869 11.0965 0.4136 0.1832 0.3334 0.1832 0.4136 0.1094
3 16 2.9775 -3.869 11.0965 6.3124 -5.2304 10.9262 5.737 -3.8917 9.9304 0.4136 0.1094 0.3334 0.1832 0.3334 0.1094
3 16 3.2859 -21.4162 12.246 3.0069 -22.8831 11.2028 6.3231 -21.4023 10.945 0.4136 0.813 0.4136 0.8885 0.3334 0.813
3 16 6.3231 -21.4023 10.945 3.0069 -22.8831 11.2028 5.7938 -22.8626 10.0282 0.3334 0.813 0.4136 0.8885 0.3334 0.8885
3 16 6.3124 -5.2304 10.9262 8.9144 -5.2364 8.9113 5.737 -3.8917 9.9304 0.3334 0.1832 0.2507 0.1832 0.3334 0.1094
3 16 5.737 -3.8917 9.9304 8.9144 -5.2364 8.9113 8.1061 -3.8993 8.1032 0.3334 0.1094 0.2507 0.1832 0.2507 0.1094
3 16 6.3231 -21.4023 10.945 5.7938 -22.8626 10.0282 8.9304 -21.3976 8.9272 0.3334 0.813 0.3334 0.8885 0.2507 0.813
3 16 8.9304 -21.3976 8.9272 5.7938 -22.8626 10.0282 8.186 -22.8565 8.1834 0.2507 0.813 0.3334 0.8885 0.2507 0.8885
3 16 8.1061 -3.8993 8.1032 8.9144 -5.2364 8.9113 9.9323 -3.8918 5.7335 0.2507 0.1094 0.2507 0.1832 0.1682 0.1094
3 16 9.9323 -3.8918 5.7335 8.9144 -5.2364 8.9113 10.9282 -5.2305 6.3084 0.1682 0.1094 0.2507 0.1832 0.1682 0.1832
3 16 10.947 -21.4023 6.3192 8.9304 -21.3976 8.9272 10.0298 -22.8629 5.7902 0.1682 0.813 0.2507 0.813 0.1682 0.8885
3 16 10.0298 -22.8629 5.7902 8.9304 -21.3976 8.9272 8.186 -22.8565 8.1834 0.1682 0.8885 0.2507 0.813 0.2507 0.8885
3 16 9.9323 -3.8918 5.7335 10.9282 -5.2305 6.3084 11.0974 -3.8692 2.9735 0.1682 0.1094 0.1682 0.1832 0.0852 0.1094
3 16 11.0974 -3.8692 2.9735 10.9282 -5.2305 6.3084 12.2283 -5.213 3.2768 0.0852 0.1094 0.1682 0.1832 0.0852 0.1832
3 16 12.2468 -21.416 3.2816 10.947 -21.4023 6.3192 11.2037 -22.883 3.0029 0.0852 0.813 0.1682 0.813 0.0852 0.8885
3 16 11.2037 -22.883 3.0029 10.947 -21.4023 6.3192 10.0298 -22.8629 5.7902 0.0852 0.8885 0.1682 0.813 0.1682 0.8885
3 16 11.0974 -3.8692 2.9735 12.2283 -5.213 3.2768 11.5233 -3.8317 -0.002 0.0852 0.1094 0.0852 0.1832 0.002 0.1094
3 16 11.5233 -3.8317 -0.002 12.2283 -5.213 3.2768 12.7294 -5.1837 -0.0022 0.002 0.1094 0.0852 0.1832 0.002 0.1832
3 16 12.7441 -21.439 -0.0022 12.2468 -21.416 3.2816 11.6298 -22.9161 -0.002 0.002 0.813 0.0852 0.813 0.002 0.8885
3 16 11.6298 -22.9161 -0.002 12.2468 -21.416 3.2816 11.2037 -22.883 3.0029 0.002 0.8885 0.0852 0.813 0.0852 0.8885
3 16 -13.3995 -19.7553 0.0023 -12.7441 -21.439 0.0022 -12.8542 -19.7491 3.4493 0.9985 0.7448 0.9985 0.813 0.9157 0.7448
3 16 -12.8542 -19.7491 3.4493 -12.7441 -21.439 0.0022 -12.246 -21.4162 3.2859 0.9157 0.7448 0.9985 0.813 0.9157 0.813
3 16 -12.8542 -19.7491 3.4493 -12.246 -21.4162 3.2859 -11.477 -19.7454 6.6304 0.9157 0.7448 0.9157 0.813 0.8328 0.7448
3 16 -11.477 -19.7454 6.6304 -12.246 -21.4162 3.2859 -10.945 -21.4023 6.3231 0.8328 0.7448 0.9157 0.813 0.8328 0.813
3 16 -11.477 -19.7454 6.6304 -10.945 -21.4023 6.3231 -9.358 -19.7441 9.3612 0.8328 0.7448 0.8328 0.813 0.7498 0.7448
3 16 -9.358 -19.7441 9.3612 -10.945 -21.4023 6.3231 -8.9272 -21.3976 8.9304 0.7498 0.7448 0.8328 0.813 0.7498 0.813
3 16 -6.6263 -19.7454 11.4791 -9.358 -19.7441 9.3612 -6.3192 -21.4023 10.947 0.6668 0.7448 0.7498 0.7448 0.6668 0.813
3 16 -6.3192 -21.4023 10.947 -9.358 -19.7441 9.3612 -8.9272 -21.3976 8.9304 0.6668 0.813 0.7498 0.7448 0.7498 0.813
3 16 -3.4447 -19.7491 12.8549 -6.6263 -19.7454 11.4791 -3.2816 -21.416 12.2468 0.5866 0.7448 0.6668 0.7448 0.5866 0.813
3 16 -3.2816 -21.416 12.2468 -6.6263 -19.7454 11.4791 -6.3192 -21.4023 10.947 0.5866 0.813 0.6668 0.7448 0.6668 0.813
3 16 0.0023 -19.7553 13.3995 -3.4447 -19.7491 12.8549 0.0022 -21.439 12.7442 0.5001 0.7448 0.5866 0.7448 0.5001 0.813
3 16 0.0022 -21.439 12.7442 -3.4447 -19.7491 12.8549 -3.2816 -21.416 12.2468 0.5001 0.813 0.5866 0.7448 0.5866 0.813
3 16 0.0023 -19.7553 13.3995 0.0022 -21.439 12.7442 3.4493 -19.7491 12.8542 0.5001 0.7448 0.5001 0.813 0.4136 0.7448
3 16 3.4493 -19.7491 12.8542 0.0022 -21.439 12.7442 3.2859 -21.4162 12.246 0.4136 0.7448 0.5001 0.813 0.4136 0.813
3 16 3.4493 -19.7491 12.8542 3.2859 -21.4162 12.246 6.6304 -19.7454 11.477 0.4136 0.7448 0.4136 0.813 0.3334 0.7448
3 16 6.6304 -19.7454 11.477 3.2859 -21.4162 12.246 6.3231 -21.4023 10.945 0.3334 0.7448 0.4136 0.813 0.3334 0.813
3 16 6.6304 -19.7454 11.477 6.3231 -21.4023 10.945 9.3612 -19.7441 9.358 0.3334 0.7448 0.3334 0.813 0.2507 0.7448
3 16 9.3612 -19.7441 9.358 6.3231 -21.4023 10.945 8.9304 -21.3976 8.9272 0.2507 0.7448 0.3334 0.813 0.2507 0.813
3 16 11.4791 -19.7454 6.6263 9.3612 -19.7441 9.358 10.947 -21.4023 6.3192 0.1682 0.7448 0.2507 0.7448 0.1682 0.813
3 16 10.947 -21.4023 6.3192 9.3612 -19.7441 9.358 8.9304 -21.3976 8.9272 0.1682 0.813 0.2507 0.7448 0.2507 0.813
3 16 12.8549 -19.7491 3.4447 11.4791 -19.7454 6.6263 12.2468 -21.416 3.2816 0.0852 0.7448 0.1682 0.7448 0.0852 0.813
3 16 12.2468 -21.416 3.2816 11.4791 -19.7454 6.6263 10.947 -21.4023 6.3192 0.0852 0.813 0.1682 0.7448 0.1682 0.813
3 16 13.3995 -19.7553 -0.0023 12.8549 -19.7491 3.4447 12.7441 -21.439 -0.0022 0.002 0.7448 0.0852 0.7448 0.002 0.813
3 16 12.7441 -21.439 -0.0022 12.8549 -19.7491 3.4447 12.2468 -21.416 3.2816 0.002 0.813 0.0852 0.7448 0.0852 0.813
3 16 -13.3995 -6.8661 0.0023 -12.8541 -6.8724 3.4493 -12.7294 -5.1837 0.0022 0.9985 0.2513 0.9157 0.2513 0.9985 0.1832
3 16 -12.7294 -5.1837 0.0022 -12.8541 -6.8724 3.4493 -12.2275 -5.2128 3.2812 0.9985 0.1832 0.9157 0.2513 0.9157 0.1832
3 16 -12.8541 -6.8724 3.4493 -13.3995 -6.8661 0.0023 -12.8542 -19.7491 3.4493 0.9157 0.2513 0.9985 0.2513 0.9157 0.7448
3 16 -12.8542 -19.7491 3.4493 -13.3995 -6.8661 0.0023 -13.3995 -19.7553 0.0023 0.9157 0.7448 0.9985 0.2513 0.9985 0.7448
3 16 -12.8541 -6.8724 3.4493 -11.477 -6.8761 6.6304 -12.2275 -5.2128 3.2812 0.9157 0.2513 0.8328 0.2513 0.9157 0.1832
3 16 -12.2275 -5.2128 3.2812 -11.477 -6.8761 6.6304 -10.9262 -5.2304 6.3123 0.9157 0.1832 0.8328 0.2513 0.8328 0.1832
3 16 -11.477 -6.8761 6.6304 -12.8541 -6.8724 3.4493 -11.477 -19.7454 6.6304 0.8328 0.2513 0.9157 0.2513 0.8328 0.7448
3 16 -11.477 -19.7454 6.6304 -12.8541 -6.8724 3.4493 -12.8542 -19.7491 3.4493 0.8328 0.7448 0.9157 0.2513 0.9157 0.7448
3 16 -11.477 -6.8761 6.6304 -9.358 -6.8774 9.3612 -10.9262 -5.2304 6.3123 0.8328 0.2513 0.7498 0.2513 0.8328 0.1832
3 16 -10.9262 -5.2304 6.3123 -9.358 -6.8774 9.3612 -8.9113 -5.2364 8.9144 0.8328 0.1832 0.7498 0.2513 0.7498 0.1832
3 16 -9.358 -6.8774 9.3612 -11.477 -6.8761 6.6304 -9.358 -19.7441 9.3612 0.7498 0.2513 0.8328 0.2513 0.7498 0.7448
3 16 -9.358 -19.7441 9.3612 -11.477 -6.8761 6.6304 -11.477 -19.7454 6.6304 0.7498 0.7448 0.8328 0.2513 0.8328 0.7448
3 16 -6.6263 -6.8761 11.4791 -6.3084 -5.2305 10.9282 -9.358 -6.8774 9.3612 0.6668 0.2513 0.6668 0.1832 0.7498 0.2513
3 16 -9.358 -6.8774 9.3612 -6.3084 -5.2305 10.9282 -8.9113 -5.2364 8.9144 0.7498 0.2513 0.6668 0.1832 0.7498 0.1832
3 16 -6.6263 -6.8761 11.4791 -9.358 -6.8774 9.3612 -6.6263 -19.7454 11.4791 0.6668 0.2513 0.7498 0.2513 0.6668 0.7448
3 16 -6.6263 -19.7454 11.4791 -9.358 -6.8774 9.3612 -9.358 -19.7441 9.3612 0.6668 0.7448 0.7498 0.2513 0.7498 0.7448
3 16 -3.4447 -6.8724 12.8549 -3.2768 -5.213 12.2283 -6.6263 -6.8761 11.4791 0.5866 0.2513 0.5866 0.1832 0.6668 0.2513
3 16 -6.6263 -6.8761 11.4791 -3.2768 -5.213 12.2283 -6.3084 -5.2305 10.9282 0.6668 0.2513 0.5866 0.1832 0.6668 0.1832
3 16 -3.4447 -6.8724 12.8549 -6.6263 -6.8761 11.4791 -3.4447 -19.7491 12.8549 0.5866 0.2513 0.6668 0.2513 0.5866 0.7448
3 16 -3.4447 -19.7491 12.8549 -6.6263 -6.8761 11.4791 -6.6263 -19.7454 11.4791 0.5866 0.7448 0.6668 0.2513 0.6668 0.7448
3 16 0.0023 -6.8661 13.3995 0.0022 -5.1837 12.7294 -3.4447 -6.8724 12.8549 0.5001 0.2513 0.5001 0.1832 0.5866 0.2513
3 16 -3.4447 -6.8724 12.8549 0.0022 -5.1837 12.7294 -3.2768 -5.213 12.2283 0.5866 0.2513 0.5001 0.1832 0.5866 0.1832
3 16 0.0023 -6.8661 13.3995 -3.4447 -6.8724 12.8549 0.0023 -19.7553 13.3995 0.5001 0.2513 0.5866 0.2513 0.5001 0.7448
3 16 0.0023 -19.7553 13.3995 -3.4447 -6.8724 12.8549 -3.4447 -19.7491 12.8549 0.5001 0.7448 0.5866 0.2513 0.5866 0.7448
3 16 0.0023 -6.8661 13.3995 3.4493 -6.8724 12.8541 0.0022 -5.1837 12.7294 0.5001 0.2513 0.4136 0.2513 0.5001 0.1832
3 16 0.0022 -5.1837 12.7294 3.4493 -6.8724 12.8541 3.2812 -5.2128 12.2275 0.5001 0.1832 0.4136 0.2513 0.4136 0.1832
3 16 3.4493 -6.8724 12.8541 0.0023 -6.8661 13.3995 3.4493 -19.7491 12.8542 0.4136 0.2513 0.5001 0.2513 0.4136 0.7448
3 16 3.4493 -19.7491 12.8542 0.0023 -6.8661 13.3995 0.0023 -19.7553 13.3995 0.4136 0.7448 0.5001 0.2513 0.5001 0.7448
3 16 3.4493 -6.8724 12.8541 6.6304 -6.8761 11.477 3.2812 -5.2128 12.2275 0.4136 0.2513 0.3334 0.2513 0.4136 0.1832
3 16 3.2812 -5.2128 12.2275 6.6304 -6.8761 11.477 6.3124 -5.2304 10.9262 0.4136 0.1832 0.3334 0.2513 0.3334 0.1832
3 16 6.6304 -6.8761 11.477 3.4493 -6.8724 12.8541 6.6304 -19.7454 11.477 0.3334 0.2513 0.4136 0.2513 0.3334 0.7448
3 16 6.6304 -19.7454 11.477 3.4493 -6.8724 12.8541 3.4493 -19.7491 12.8542 0.3334 0.7448 0.4136 0.2513 0.4136 0.7448
3 16 6.6304 -6.8761 11.477 9.3612 -6.8774 9.358 6.3124 -5.2304 10.9262 0.3334 0.2513 0.2507 0.2513 0.3334 0.1832
3 16 6.3124 -5.2304 10.9262 9.3612 -6.8774 9.358 8.9144 -5.2364 8.9113 0.3334 0.1832 0.2507 0.2513 0.2507 0.1832
3 16 9.3612 -6.8774 9.358 6.6304 -6.8761 11.477 9.3612 -19.7441 9.358 0.2507 0.2513 0.3334 0.2513 0.2507 0.7448
3 16 9.3612 -19.7441 9.358 6.6304 -6.8761 11.477 6.6304 -19.7454 11.477 0.2507 0.7448 0.3334 0.2513 0.3334 0.7448
3 16 11.4791 -6.8761 6.6263 10.9282 -5.2305 6.3084 9.3612 -6.8774 9.358 0.1682 0.2513 0.1682 0.1832 0.2507 0.2513
3 16 9.3612 -6.8774 9.358 10.9282 -5.2305 6.3084 8.9144 -5.2364 8.9113 0.2507 0.2513 0.1682 0.1832 0.2507 0.1832
3 16 11.4791 -6.8761 6.6263 9.3612 -6.8774 9.358 11.4791 -19.7454 6.6263 0.1682 0.2513 0.2507 0.2513 0.1682 0.7448
3 16 11.4791 -19.7454 6.6263 9.3612 -6.8774 9.358 9.3612 -19.7441 9.358 0.1682 0.7448 0.2507 0.2513 0.2507 0.7448
3 16 12.8549 -6.8724 3.4447 12.2283 -5.213 3.2768 11.4791 -6.8761 6.6263 0.0852 0.2513 0.0852 0.1832 0.1682 0.2513
3 16 11.4791 -6.8761 6.6263 12.2283 -5.213 3.2768 10.9282 -5.2305 6.3084 0.1682 0.2513 0.0852 0.1832 0.1682 0.1832
3 16 12.8549 -6.8724 3.4447 11.4791 -6.8761 6.6263 12.8549 -19.7491 3.4447 0.0852 0.2513 0.1682 0.2513 0.0852 0.7448
3 16 12.8549 -19.7491 3.4447 11.4791 -6.8761 6.6263 11.4791 -19.7454 6.6263 0.0852 0.7448 0.1682 0.2513 0.1682 0.7448
3 16 13.3995 -6.8661 -0.0023 12.8549 -6.8724 3.4447 13.3995 -19.7553 -0.0023 0.002 0.2513 0.0852 0.2513 0.002 0.7448
3 16 13.3995 -19.7553 -0.0023 12.8549 -6.8724 3.4447 12.8549 -19.7491 3.4447 0.002 0.7448 0.0852 0.2513 0.0852 0.7448
3 16 13.3995 -6.8661 -0.0023 12.7294 -5.1837 -0.0022 12.8549 -6.8724 3.4447 0.002 0.2513 0.002 0.1832 0.0852 0.2513
3 16 12.8549 -6.8724 3.4447 12.7294 -5.1837 -0.0022 12.2283 -5.213 3.2768 0.0852 0.2513 0.002 0.1832 0.0852 0.1832
0 STEP
