0 Untitled Model
0 Name: Untitled Model
0 Author: 
0 BFC CERTIFY CCW
3 16 13.0287 -5.0022 -0.0022 12.5162 -5.034 -3.3657 11.7427 -3.559 -0.002 0.9989 0.1832 0.9155 0.1832 0.9989 0.1094
3 16 11.7427 -3.559 -0.002 12.5162 -5.034 -3.3657 11.3099 -3.5989 -3.0405 0.9989 0.1094 0.9155 0.1832 0.9155 0.1094
3 16 13.0507 -21.6078 -0.0023 11.8717 -23.1691 -0.002 12.542 -21.582 -3.3719 0.9989 0.813 0.9989 0.8883 0.9155 0.813
3 16 12.542 -21.582 -3.3719 11.8717 -23.1691 -0.002 11.4374 -23.1338 -3.0751 0.9155 0.813 0.9989 0.8883 0.9155 0.8882
3 16 12.5162 -5.034 -3.3657 11.1856 -5.0532 -6.4666 11.3099 -3.5989 -3.0405 0.9155 0.1832 0.8324 0.1832 0.9155 0.1094
3 16 11.3099 -3.5989 -3.0405 11.1856 -5.0532 -6.4666 10.1231 -3.6231 -5.8521 0.9155 0.1094 0.8324 0.1832 0.8324 0.1094
3 16 12.542 -21.582 -3.3719 11.4374 -23.1338 -3.0751 11.2111 -21.5661 -6.4809 0.9155 0.813 0.9155 0.8882 0.8324 0.813
3 16 11.2111 -21.5661 -6.4809 11.4374 -23.1338 -3.0751 10.2406 -23.1108 -5.9195 0.8324 0.813 0.9155 0.8882 0.8324 0.8882
3 16 11.1856 -5.0532 -6.4666 9.1251 -5.0601 -9.1283 10.1231 -3.6231 -5.8521 0.8324 0.1832 0.7499 0.1832 0.8324 0.1094
3 16 10.1231 -3.6231 -5.8521 9.1251 -5.0601 -9.1283 8.2626 -3.6316 -8.2655 0.8324 0.1094 0.7499 0.1832 0.7499 0.1094
3 16 11.2111 -21.5661 -6.4809 10.2406 -23.1108 -5.9195 9.1463 -21.5604 -9.1495 0.8324 0.813 0.8324 0.8882 0.7499 0.813
3 16 9.1463 -21.5604 -9.1495 10.2406 -23.1108 -5.9195 8.3573 -23.1058 -8.3594 0.7499 0.813 0.8324 0.8882 0.7499 0.8882
3 16 8.2626 -3.6316 -8.2655 9.1251 -5.0601 -9.1283 5.8485 -3.6233 -10.1252 0.7499 0.1094 0.7499 0.1832 0.6664 0.1094
3 16 5.8485 -3.6233 -10.1252 9.1251 -5.0601 -9.1283 6.4626 -5.0533 -11.1877 0.6664 0.1094 0.7499 0.1832 0.6664 0.1832
3 16 6.4769 -21.566 -11.2132 9.1463 -21.5604 -9.1495 5.9157 -23.112 -10.2412 0.6664 0.813 0.7499 0.813 0.6664 0.8882
3 16 5.9157 -23.112 -10.2412 9.1463 -21.5604 -9.1495 8.3573 -23.1058 -8.3594 0.6664 0.8882 0.7499 0.813 0.7499 0.8882
3 16 5.8485 -3.6233 -10.1252 6.4626 -5.0533 -11.1877 3.0365 -3.5991 -11.3108 0.6664 0.1094 0.6664 0.1832 0.5864 0.1094
3 16 3.0365 -3.5991 -11.3108 6.4626 -5.0533 -11.1877 3.3612 -5.0341 -12.5171 0.5864 0.1094 0.6664 0.1832 0.5864 0.1832
3 16 3.3674 -21.5819 -12.5428 6.4769 -21.566 -11.2132 3.0711 -23.1336 -11.4383 0.5864 0.813 0.6664 0.813 0.5864 0.8883
3 16 3.0711 -23.1336 -11.4383 6.4769 -21.566 -11.2132 5.9157 -23.112 -10.2412 0.5864 0.8883 0.6664 0.813 0.6664 0.8882
3 16 3.0365 -3.5991 -11.3108 3.3612 -5.0341 -12.5171 -0.002 -3.559 -11.7427 0.5864 0.1094 0.5864 0.1832 0.4999 0.1094
3 16 -0.002 -3.559 -11.7427 3.3612 -5.0341 -12.5171 -0.0022 -5.0022 -13.0287 0.4999 0.1094 0.5864 0.1832 0.4999 0.1832
3 16 -0.0023 -21.6078 -13.0507 3.3674 -21.5819 -12.5428 -0.002 -23.1691 -11.8717 0.4999 0.813 0.5864 0.813 0.4999 0.8883
3 16 -0.002 -23.1691 -11.8717 3.3674 -21.5819 -12.5428 3.0711 -23.1336 -11.4383 0.4999 0.8883 0.5864 0.813 0.5864 0.8883
3 16 -0.0022 -5.0022 -13.0287 -3.3657 -5.0339 -12.5162 -0.002 -3.559 -11.7427 0.4999 0.1832 0.4134 0.1832 0.4999 0.1094
3 16 -0.002 -3.559 -11.7427 -3.3657 -5.0339 -12.5162 -3.0405 -3.5989 -11.3099 0.4999 0.1094 0.4134 0.1832 0.4134 0.1094
3 16 -0.0023 -21.6078 -13.0507 -0.002 -23.1691 -11.8717 -3.3718 -21.582 -12.542 0.4999 0.813 0.4999 0.8883 0.4134 0.813
3 16 -3.3718 -21.582 -12.542 -0.002 -23.1691 -11.8717 -3.0751 -23.1338 -11.4374 0.4134 0.813 0.4999 0.8883 0.4134 0.8883
3 16 -3.3657 -5.0339 -12.5162 -6.4667 -5.0532 -11.1856 -3.0405 -3.5989 -11.3099 0.4134 0.1832 0.333 0.1832 0.4134 0.1094
3 16 -3.0405 -3.5989 -11.3099 -6.4667 -5.0532 -11.1856 -5.8521 -3.6232 -10.1232 0.4134 0.1094 0.333 0.1832 0.333 0.1094
3 16 -3.3718 -21.582 -12.542 -3.0751 -23.1338 -11.4374 -6.4809 -21.566 -11.211 0.4134 0.813 0.4134 0.8883 0.333 0.813
3 16 -6.4809 -21.566 -11.211 -3.0751 -23.1338 -11.4374 -5.9195 -23.1108 -10.2406 0.333 0.813 0.4134 0.8883 0.333 0.8883
3 16 -6.4667 -5.0532 -11.1856 -9.1283 -5.0601 -9.1251 -5.8521 -3.6232 -10.1232 0.333 0.1832 0.2509 0.1832 0.333 0.1094
3 16 -5.8521 -3.6232 -10.1232 -9.1283 -5.0601 -9.1251 -8.2656 -3.6316 -8.2626 0.333 0.1094 0.2509 0.1832 0.2509 0.1094
3 16 -6.4809 -21.566 -11.211 -5.9195 -23.1108 -10.2406 -9.1495 -21.5604 -9.1463 0.333 0.813 0.333 0.8883 0.2509 0.813
3 16 -9.1495 -21.5604 -9.1463 -5.9195 -23.1108 -10.2406 -8.3595 -23.1058 -8.3573 0.2509 0.813 0.333 0.8883 0.2509 0.8883
3 16 -8.2656 -3.6316 -8.2626 -9.1283 -5.0601 -9.1251 -10.1252 -3.6233 -5.8485 0.2509 0.1094 0.2509 0.1832 0.1683 0.1094
3 16 -10.1252 -3.6233 -5.8485 -9.1283 -5.0601 -9.1251 -11.1877 -5.0533 -6.4626 0.1683 0.1094 0.2509 0.1832 0.1683 0.1832
3 16 -10.1252 -3.6233 -5.8485 -11.1877 -5.0533 -6.4626 -11.3108 -3.5991 -3.0365 0.1683 0.1094 0.1683 0.1832 0.0851 0.1094
3 16 -11.3108 -3.5991 -3.0365 -11.1877 -5.0533 -6.4626 -12.5171 -5.0341 -3.3612 0.0851 0.1094 0.1683 0.1832 0.0851 0.1832
3 16 -12.5428 -21.5819 -3.3674 -11.2132 -21.566 -6.4769 -11.4383 -23.1336 -3.0711 0.0851 0.813 0.1683 0.813 0.0851 0.8883
3 16 -11.4383 -23.1336 -3.0711 -11.2132 -21.566 -6.4769 -10.2412 -23.112 -5.9157 0.0851 0.8883 0.1683 0.813 0.1683 0.8883
3 16 -11.3108 -3.5991 -3.0365 -12.5171 -5.0341 -3.3612 -11.7427 -3.559 0.002 0.0851 0.1094 0.0851 0.1832 0.0022 0.1094
3 16 -11.7427 -3.559 0.002 -12.5171 -5.0341 -3.3612 -13.0287 -5.0022 0.0022 0.0022 0.1094 0.0851 0.1832 0.0022 0.1832
3 16 -13.0507 -21.6078 0.0023 -12.5428 -21.5819 -3.3674 -11.8717 -23.1691 0.002 0.0022 0.8131 0.0851 0.813 0.0022 0.8884
3 16 -11.8717 -23.1691 0.002 -12.5428 -21.5819 -3.3674 -11.4383 -23.1336 -3.0711 0.0022 0.8884 0.0851 0.813 0.0851 0.8883
3 16 13.7492 -19.7702 -0.0024 13.0507 -21.6078 -0.0023 13.19 -19.7634 -3.5467 0.9989 0.7449 0.9989 0.813 0.9155 0.7449
3 16 13.19 -19.7634 -3.5467 13.0507 -21.6078 -0.0023 12.542 -21.582 -3.3719 0.9155 0.7449 0.9989 0.813 0.9155 0.813
3 16 13.19 -19.7634 -3.5467 12.542 -21.582 -3.3719 11.778 -19.7594 -6.8084 0.9155 0.7449 0.9155 0.813 0.8324 0.7449
3 16 11.778 -19.7594 -6.8084 12.542 -21.582 -3.3719 11.2111 -21.5661 -6.4809 0.8324 0.7449 0.9155 0.813 0.8324 0.813
3 16 11.778 -19.7594 -6.8084 11.2111 -21.5661 -6.4809 9.6052 -19.7578 -9.6086 0.8324 0.7449 0.8324 0.813 0.7499 0.7449
3 16 9.6052 -19.7578 -9.6086 11.2111 -21.5661 -6.4809 9.1463 -21.5604 -9.1495 0.7499 0.7449 0.8324 0.813 0.7499 0.813
3 16 6.8042 -19.7594 -11.7802 9.6052 -19.7578 -9.6086 6.4769 -21.566 -11.2132 0.6664 0.7449 0.7499 0.7449 0.6664 0.813
3 16 6.4769 -21.566 -11.2132 9.6052 -19.7578 -9.6086 9.1463 -21.5604 -9.1495 0.6664 0.813 0.7499 0.7449 0.7499 0.813
3 16 3.542 -19.7634 -13.1908 6.8042 -19.7594 -11.7802 3.3674 -21.5819 -12.5428 0.5864 0.7449 0.6664 0.7449 0.5864 0.813
3 16 3.3674 -21.5819 -12.5428 6.8042 -19.7594 -11.7802 6.4769 -21.566 -11.2132 0.5864 0.813 0.6664 0.7449 0.6664 0.813
3 16 -0.0024 -19.7702 -13.7492 3.542 -19.7634 -13.1908 -0.0023 -21.6078 -13.0507 0.4999 0.7449 0.5864 0.7449 0.4999 0.813
3 16 -0.0023 -21.6078 -13.0507 3.542 -19.7634 -13.1908 3.3674 -21.5819 -12.5428 0.4999 0.813 0.5864 0.7449 0.5864 0.813
3 16 -0.0024 -19.7702 -13.7492 -0.0023 -21.6078 -13.0507 -3.5467 -19.7634 -13.19 0.4999 0.7449 0.4999 0.813 0.4134 0.7449
3 16 -3.5467 -19.7634 -13.19 -0.0023 -21.6078 -13.0507 -3.3718 -21.582 -12.542 0.4134 0.7449 0.4999 0.813 0.4134 0.813
3 16 -3.5467 -19.7634 -13.19 -3.3718 -21.582 -12.542 -6.8043 -19.7594 -11.7801 0.4134 0.7449 0.4134 0.813 0.333 0.7449
3 16 -6.8043 -19.7594 -11.7801 -3.3718 -21.582 -12.542 -6.4809 -21.566 -11.211 0.333 0.7449 0.4134 0.813 0.333 0.813
3 16 -6.8043 -19.7594 -11.7801 -6.4809 -21.566 -11.211 -9.6085 -19.7578 -9.6053 0.333 0.7449 0.333 0.813 0.2509 0.7449
3 16 -9.6085 -19.7578 -9.6053 -6.4809 -21.566 -11.211 -9.1495 -21.5604 -9.1463 0.2509 0.7449 0.333 0.813 0.2509 0.813
3 16 -11.7802 -19.7594 -6.8042 -9.6085 -19.7578 -9.6053 -11.2132 -21.566 -6.4769 0.1683 0.7449 0.2509 0.7449 0.1683 0.813
3 16 -11.2132 -21.566 -6.4769 -9.6085 -19.7578 -9.6053 -9.1495 -21.5604 -9.1463 0.1683 0.813 0.2509 0.7449 0.2509 0.813
3 16 -13.1908 -19.7634 -3.542 -11.7802 -19.7594 -6.8042 -12.5428 -21.5819 -3.3674 0.0851 0.7449 0.1683 0.7449 0.0851 0.813
3 16 -12.5428 -21.5819 -3.3674 -11.7802 -19.7594 -6.8042 -11.2132 -21.566 -6.4769 0.0851 0.813 0.1683 0.7449 0.1683 0.813
3 16 -13.7492 -19.7702 0.0024 -13.1908 -19.7634 -3.542 -13.0507 -21.6078 0.0023 0.0022 0.7449 0.0851 0.7449 0.0022 0.8131
3 16 -13.0507 -21.6078 0.0023 -13.1908 -19.7634 -3.542 -12.5428 -21.5819 -3.3674 0.0022 0.8131 0.0851 0.7449 0.0851 0.813
3 16 13.7492 -6.8509 -0.0023 13.19 -6.8577 -3.5468 13.0287 -5.0022 -0.0022 0.9989 0.2514 0.9155 0.2514 0.9989 0.1832
3 16 13.0287 -5.0022 -0.0022 13.19 -6.8577 -3.5468 12.5162 -5.034 -3.3657 0.9989 0.1832 0.9155 0.2514 0.9155 0.1832
3 16 13.19 -6.8577 -3.5468 13.7492 -6.8509 -0.0023 13.19 -19.7634 -3.5467 0.9155 0.2514 0.9989 0.2514 0.9155 0.7449
3 16 13.19 -19.7634 -3.5467 13.7492 -6.8509 -0.0023 13.7492 -19.7702 -0.0024 0.9155 0.7449 0.9989 0.2514 0.9989 0.7449
3 16 13.19 -6.8577 -3.5468 11.778 -6.8617 -6.8085 12.5162 -5.034 -3.3657 0.9155 0.2514 0.8324 0.2514 0.9155 0.1832
3 16 12.5162 -5.034 -3.3657 11.778 -6.8617 -6.8085 11.1856 -5.0532 -6.4666 0.9155 0.1832 0.8324 0.2514 0.8324 0.1832
3 16 11.778 -6.8617 -6.8085 13.19 -6.8577 -3.5468 11.778 -19.7594 -6.8084 0.8324 0.2514 0.9155 0.2514 0.8324 0.7449
3 16 11.778 -19.7594 -6.8084 13.19 -6.8577 -3.5468 13.19 -19.7634 -3.5467 0.8324 0.7449 0.9155 0.2514 0.9155 0.7449
3 16 11.778 -6.8617 -6.8085 9.6052 -6.8633 -9.6086 11.1856 -5.0532 -6.4666 0.8324 0.2514 0.7499 0.2514 0.8324 0.1832
3 16 11.1856 -5.0532 -6.4666 9.6052 -6.8633 -9.6086 9.1251 -5.0601 -9.1283 0.8324 0.1832 0.7499 0.2514 0.7499 0.1832
3 16 9.6052 -6.8633 -9.6086 11.778 -6.8617 -6.8085 9.6052 -19.7578 -9.6086 0.7499 0.2514 0.8324 0.2514 0.7499 0.7449
3 16 9.6052 -19.7578 -9.6086 11.778 -6.8617 -6.8085 11.778 -19.7594 -6.8084 0.7499 0.7449 0.8324 0.2514 0.8324 0.7449
3 16 6.8042 -6.8617 -11.7802 6.4626 -5.0533 -11.1877 9.6052 -6.8633 -9.6086 0.6664 0.2514 0.6664 0.1832 0.7499 0.2514
3 16 9.6052 -6.8633 -9.6086 6.4626 -5.0533 -11.1877 9.1251 -5.0601 -9.1283 0.7499 0.2514 0.6664 0.1832 0.7499 0.1832
3 16 6.8042 -6.8617 -11.7802 9.6052 -6.8633 -9.6086 6.8042 -19.7594 -11.7802 0.6664 0.2514 0.7499 0.2514 0.6664 0.7449
3 16 6.8042 -19.7594 -11.7802 9.6052 -6.8633 -9.6086 9.6052 -19.7578 -9.6086 0.6664 0.7449 0.7499 0.2514 0.7499 0.7449
3 16 3.542 -6.8577 -13.1908 3.3612 -5.0341 -12.5171 6.8042 -6.8617 -11.7802 0.5864 0.2514 0.5864 0.1832 0.6664 0.2514
3 16 6.8042 -6.8617 -11.7802 3.3612 -5.0341 -12.5171 6.4626 -5.0533 -11.1877 0.6664 0.2514 0.5864 0.1832 0.6664 0.1832
3 16 3.542 -6.8577 -13.1908 6.8042 -6.8617 -11.7802 3.542 -19.7634 -13.1908 0.5864 0.2514 0.6664 0.2514 0.5864 0.7449
3 16 3.542 -19.7634 -13.1908 6.8042 -6.8617 -11.7802 6.8042 -19.7594 -11.7802 0.5864 0.7449 0.6664 0.2514 0.6664 0.7449
3 16 -0.0023 -6.8509 -13.7492 -0.0022 -5.0022 -13.0287 3.542 -6.8577 -13.1908 0.4999 0.2514 0.4999 0.1832 0.5864 0.2514
3 16 3.542 -6.8577 -13.1908 -0.0022 -5.0022 -13.0287 3.3612 -5.0341 -12.5171 0.5864 0.2514 0.4999 0.1832 0.5864 0.1832
3 16 -0.0023 -6.8509 -13.7492 3.542 -6.8577 -13.1908 -0.0024 -19.7702 -13.7492 0.4999 0.2514 0.5864 0.2514 0.4999 0.7449
3 16 -0.0024 -19.7702 -13.7492 3.542 -6.8577 -13.1908 3.542 -19.7634 -13.1908 0.4999 0.7449 0.5864 0.2514 0.5864 0.7449
3 16 -0.0023 -6.8509 -13.7492 -3.5467 -6.8577 -13.19 -0.0022 -5.0022 -13.0287 0.4999 0.2514 0.4134 0.2514 0.4999 0.1832
3 16 -0.0022 -5.0022 -13.0287 -3.5467 -6.8577 -13.19 -3.3657 -5.0339 -12.5162 0.4999 0.1832 0.4134 0.2514 0.4134 0.1832
3 16 -3.5467 -6.8577 -13.19 -0.0023 -6.8509 -13.7492 -3.5467 -19.7634 -13.19 0.4134 0.2514 0.4999 0.2514 0.4134 0.7449
3 16 -3.5467 -19.7634 -13.19 -0.0023 -6.8509 -13.7492 -0.0024 -19.7702 -13.7492 0.4134 0.7449 0.4999 0.2514 0.4999 0.7449
3 16 -3.5467 -6.8577 -13.19 -6.8044 -6.8617 -11.7801 -3.3657 -5.0339 -12.5162 0.4134 0.2514 0.333 0.2514 0.4134 0.1832
3 16 -3.3657 -5.0339 -12.5162 -6.8044 -6.8617 -11.7801 -6.4667 -5.0532 -11.1856 0.4134 0.1832 0.333 0.2514 0.333 0.1832
3 16 -6.8044 -6.8617 -11.7801 -3.5467 -6.8577 -13.19 -6.8043 -19.7594 -11.7801 0.333 0.2514 0.4134 0.2514 0.333 0.7449
3 16 -6.8043 -19.7594 -11.7801 -3.5467 -6.8577 -13.19 -3.5467 -19.7634 -13.19 0.333 0.7449 0.4134 0.2514 0.4134 0.7449
3 16 -6.8044 -6.8617 -11.7801 -9.6085 -6.8634 -9.6053 -6.4667 -5.0532 -11.1856 0.333 0.2514 0.2509 0.2514 0.333 0.1832
3 16 -6.4667 -5.0532 -11.1856 -9.6085 -6.8634 -9.6053 -9.1283 -5.0601 -9.1251 0.333 0.1832 0.2509 0.2514 0.2509 0.1832
3 16 -9.6085 -6.8634 -9.6053 -6.8044 -6.8617 -11.7801 -9.6085 -19.7578 -9.6053 0.2509 0.2514 0.333 0.2514 0.2509 0.7449
3 16 -9.6085 -19.7578 -9.6053 -6.8044 -6.8617 -11.7801 -6.8043 -19.7594 -11.7801 0.2509 0.7449 0.333 0.2514 0.333 0.7449
3 16 -11.7802 -6.8617 -6.8042 -11.1877 -5.0533 -6.4626 -9.6085 -6.8634 -9.6053 0.1683 0.2514 0.1683 0.1832 0.2509 0.2514
3 16 -9.6085 -6.8634 -9.6053 -11.1877 -5.0533 -6.4626 -9.1283 -5.0601 -9.1251 0.2509 0.2514 0.1683 0.1832 0.2509 0.1832
3 16 -11.7802 -6.8617 -6.8042 -9.6085 -6.8634 -9.6053 -11.7802 -19.7594 -6.8042 0.1683 0.2514 0.2509 0.2514 0.1683 0.7449
3 16 -11.7802 -19.7594 -6.8042 -9.6085 -6.8634 -9.6053 -9.6085 -19.7578 -9.6053 0.1683 0.7449 0.2509 0.2514 0.2509 0.7449
3 16 -13.1908 -6.8577 -3.542 -12.5171 -5.0341 -3.3612 -11.7802 -6.8617 -6.8042 0.0851 0.2514 0.0851 0.1832 0.1683 0.2514
3 16 -11.7802 -6.8617 -6.8042 -12.5171 -5.0341 -3.3612 -11.1877 -5.0533 -6.4626 0.1683 0.2514 0.0851 0.1832 0.1683 0.1832
3 16 -13.1908 -6.8577 -3.542 -11.7802 -6.8617 -6.8042 -13.1908 -19.7634 -3.542 0.0851 0.2514 0.1683 0.2514 0.0851 0.7449
3 16 -13.1908 -19.7634 -3.542 -11.7802 -6.8617 -6.8042 -11.7802 -19.7594 -6.8042 0.0851 0.7449 0.1683 0.2514 0.1683 0.7449
3 16 -13.7492 -6.8509 0.0023 -13.0287 -5.0022 0.0022 -13.1908 -6.8577 -3.542 0.0022 0.2514 0.0022 0.1832 0.0851 0.2514
3 16 -13.1908 -6.8577 -3.542 -13.0287 -5.0022 0.0022 -12.5171 -5.0341 -3.3612 0.0851 0.2514 0.0022 0.1832 0.0851 0.1832
3 16 -13.7492 -6.8509 0.0023 -13.1908 -6.8577 -3.542 -13.7492 -19.7702 0.0024 0.0022 0.2514 0.0851 0.2514 0.0022 0.7449
3 16 -13.7492 -19.7702 0.0024 -13.1908 -6.8577 -3.542 -13.1908 -19.7634 -3.542 0.0022 0.7449 0.0851 0.2514 0.0851 0.7449
3 16 -11.2132 -21.566 -6.4769 -9.1495 -21.5604 -9.1463 -10.2412 -23.112 -5.9157 0.1683 0.813 0.2509 0.813 0.1683 0.8883
3 16 -10.2412 -23.112 -5.9157 -9.1495 -21.5604 -9.1463 -8.3595 -23.1058 -8.3573 0.1683 0.8883 0.2509 0.813 0.2509 0.8883
0 STEP
