0 Untitled Model
0 Name: Untitled Model
0 Author: 
0 BFC CERTIFY CCW
3 16 12.9004 -5.08 -0.0022 12.3925 -5.1106 -3.3295 11.6487 -3.6758 -0.002 0.9989 0.1832 0.9155 0.1832 0.9989 0.1094
3 16 11.6487 -3.6758 -0.002 12.3925 -5.1106 -3.3295 11.2185 -3.7147 -3.0135 0.9989 0.1094 0.9155 0.1832 0.9155 0.1094
3 16 12.9193 -21.5355 -0.0022 11.7681 -23.0607 -0.002 12.4151 -21.5109 -3.335 0.9989 0.813 0.9989 0.8883 0.9155 0.813
3 16 12.4151 -21.5109 -3.335 11.7681 -23.0607 -0.002 11.3369 -23.0263 -3.0459 0.9155 0.813 0.9989 0.8883 0.9155 0.8882
3 16 12.3925 -5.1106 -3.3295 11.0744 -5.1291 -6.4005 11.2185 -3.7147 -3.0135 0.9155 0.1832 0.8324 0.1832 0.9155 0.1094
3 16 11.2185 -3.7147 -3.0135 11.0744 -5.1291 -6.4005 10.0405 -3.7382 -5.8028 0.9155 0.1094 0.8324 0.1832 0.8324 0.1094
3 16 12.4151 -21.5109 -3.335 11.3369 -23.0263 -3.0459 11.097 -21.4959 -6.4133 0.9155 0.813 0.9155 0.8882 0.8324 0.813
3 16 11.097 -21.4959 -6.4133 11.3369 -23.0263 -3.0459 10.1496 -23.0044 -5.8656 0.8324 0.813 0.9155 0.8882 0.8324 0.8882
3 16 11.0744 -5.1291 -6.4005 9.0335 -5.1356 -9.0366 10.0405 -3.7382 -5.8028 0.8324 0.1832 0.7499 0.1832 0.8324 0.1094
3 16 10.0405 -3.7382 -5.8028 9.0335 -5.1356 -9.0366 8.1943 -3.7463 -8.1972 0.8324 0.1094 0.7499 0.1832 0.7499 0.1094
3 16 11.097 -21.4959 -6.4133 10.1496 -23.0044 -5.8656 9.0524 -21.4907 -9.0556 0.8324 0.813 0.8324 0.8882 0.7499 0.813
3 16 9.0524 -21.4907 -9.0556 10.1496 -23.0044 -5.8656 8.2828 -22.9989 -8.2851 0.7499 0.813 0.8324 0.8882 0.7499 0.8882
3 16 8.1943 -3.7463 -8.1972 9.0335 -5.1356 -9.0366 5.7992 -3.7384 -10.0425 0.7499 0.1094 0.7499 0.1832 0.6664 0.1094
3 16 5.7992 -3.7384 -10.0425 9.0335 -5.1356 -9.0366 6.3965 -5.1292 -11.0765 0.6664 0.1094 0.7499 0.1832 0.6664 0.1832
3 16 6.4093 -21.4958 -11.0991 9.0524 -21.4907 -9.0556 5.8619 -23.0052 -10.1506 0.6664 0.813 0.7499 0.813 0.6664 0.8882
3 16 5.8619 -23.0052 -10.1506 9.0524 -21.4907 -9.0556 8.2828 -22.9989 -8.2851 0.6664 0.8882 0.7499 0.813 0.7499 0.8882
3 16 5.7992 -3.7384 -10.0425 6.3965 -5.1292 -11.0765 3.0095 -3.7149 -11.2193 0.6664 0.1094 0.6664 0.1832 0.5864 0.1094
3 16 3.0095 -3.7149 -11.2193 6.3965 -5.1292 -11.0765 3.325 -5.1108 -12.3933 0.5864 0.1094 0.6664 0.1832 0.5864 0.1832
3 16 3.3306 -21.5108 -12.4159 6.4093 -21.4958 -11.0991 3.0419 -23.0262 -11.3378 0.5864 0.813 0.6664 0.813 0.5864 0.8883
3 16 3.0419 -23.0262 -11.3378 6.4093 -21.4958 -11.0991 5.8619 -23.0052 -10.1506 0.5864 0.8883 0.6664 0.813 0.6664 0.8882
3 16 3.0095 -3.7149 -11.2193 3.325 -5.1108 -12.3933 -0.002 -3.6758 -11.6487 0.5864 0.1094 0.5864 0.1832 0.4999 0.1094
3 16 -0.002 -3.6758 -11.6487 3.325 -5.1108 -12.3933 -0.0022 -5.08 -12.9004 0.4999 0.1094 0.5864 0.1832 0.4999 0.1832
3 16 -0.0022 -21.5355 -12.9193 3.3306 -21.5108 -12.4159 -0.002 -23.0607 -11.7681 0.4999 0.813 0.5864 0.813 0.4999 0.8883
3 16 -0.002 -23.0607 -11.7681 3.3306 -21.5108 -12.4159 3.0419 -23.0262 -11.3378 0.4999 0.8883 0.5864 0.813 0.5864 0.8883
3 16 -0.0022 -5.08 -12.9004 -3.3294 -5.1106 -12.3925 -0.002 -3.6758 -11.6487 0.4999 0.1832 0.4134 0.1832 0.4999 0.1094
3 16 -0.002 -3.6758 -11.6487 -3.3294 -5.1106 -12.3925 -3.0135 -3.7147 -11.2185 0.4999 0.1094 0.4134 0.1832 0.4134 0.1094
3 16 -0.0022 -21.5355 -12.9193 -0.002 -23.0607 -11.7681 -3.335 -21.5109 -12.4151 0.4999 0.813 0.4999 0.8883 0.4134 0.813
3 16 -3.335 -21.5109 -12.4151 -0.002 -23.0607 -11.7681 -3.0459 -23.0263 -11.3369 0.4134 0.813 0.4999 0.8883 0.4134 0.8883
3 16 -3.3294 -5.1106 -12.3925 -6.4005 -5.1292 -11.0744 -3.0135 -3.7147 -11.2185 0.4134 0.1832 0.333 0.1832 0.4134 0.1094
3 16 -3.0135 -3.7147 -11.2185 -6.4005 -5.1292 -11.0744 -5.8028 -3.7383 -10.0406 0.4134 0.1094 0.333 0.1832 0.333 0.1094
3 16 -3.335 -21.5109 -12.4151 -3.0459 -23.0263 -11.3369 -6.4133 -21.4959 -11.097 0.4134 0.813 0.4134 0.8883 0.333 0.813
3 16 -6.4133 -21.4959 -11.097 -3.0459 -23.0263 -11.3369 -5.8656 -23.0044 -10.1496 0.333 0.813 0.4134 0.8883 0.333 0.8883
3 16 -6.4005 -5.1292 -11.0744 -9.0366 -5.1356 -9.0335 -5.8028 -3.7383 -10.0406 0.333 0.1832 0.2509 0.1832 0.333 0.1094
3 16 -5.8028 -3.7383 -10.0406 -9.0366 -5.1356 -9.0335 -8.1972 -3.7464 -8.1943 0.333 0.1094 0.2509 0.1832 0.2509 0.1094
3 16 -6.4133 -21.4959 -11.097 -5.8656 -23.0044 -10.1496 -9.0556 -21.4907 -9.0524 0.333 0.813 0.333 0.8883 0.2509 0.813
3 16 -9.0556 -21.4907 -9.0524 -5.8656 -23.0044 -10.1496 -8.2851 -22.9989 -8.2828 0.2509 0.813 0.333 0.8883 0.2509 0.8883
3 16 -8.1972 -3.7464 -8.1943 -9.0366 -5.1356 -9.0335 -10.0425 -3.7384 -5.7992 0.2509 0.1094 0.2509 0.1832 0.1683 0.1094
3 16 -10.0425 -3.7384 -5.7992 -9.0366 -5.1356 -9.0335 -11.0765 -5.1292 -6.3965 0.1683 0.1094 0.2509 0.1832 0.1683 0.1832
3 16 -10.0425 -3.7384 -5.7992 -11.0765 -5.1292 -6.3965 -11.2193 -3.7149 -3.0095 0.1683 0.1094 0.1683 0.1832 0.0851 0.1094
3 16 -11.2193 -3.7149 -3.0095 -11.0765 -5.1292 -6.3965 -12.3933 -5.1108 -3.325 0.0851 0.1094 0.1683 0.1832 0.0851 0.1832
3 16 -12.4159 -21.5108 -3.3306 -11.0991 -21.4958 -6.4093 -11.3378 -23.0262 -3.0419 0.0851 0.813 0.1683 0.813 0.0851 0.8883
3 16 -11.3378 -23.0262 -3.0419 -11.0991 -21.4958 -6.4093 -10.1506 -23.0052 -5.8619 0.0851 0.8883 0.1683 0.813 0.1683 0.8883
3 16 -11.2193 -3.7149 -3.0095 -12.3933 -5.1108 -3.325 -11.6487 -3.6758 0.002 0.0851 0.1094 0.0851 0.1832 0.0022 0.1094
3 16 -11.6487 -3.6758 0.002 -12.3933 -5.1108 -3.325 -12.9004 -5.08 0.0022 0.0022 0.1094 0.0851 0.1832 0.0022 0.1832
3 16 -12.9193 -21.5355 0.0022 -12.4159 -21.5108 -3.3306 -11.7681 -23.0607 0.002 0.0022 0.8131 0.0851 0.813 0.0022 0.8884
3 16 -11.7681 -23.0607 0.002 -12.4159 -21.5108 -3.3306 -11.3378 -23.0262 -3.0419 0.0022 0.8884 0.0851 0.813 0.0851 0.8883
3 16 13.5993 -19.7638 -0.0024 12.9193 -21.5355 -0.0022 13.0461 -19.7573 -3.505 0.9989 0.7449 0.9989 0.813 0.9155 0.7449
3 16 13.0461 -19.7573 -3.505 12.9193 -21.5355 -0.0022 12.4151 -21.5109 -3.335 0.9155 0.7449 0.9989 0.813 0.9155 0.813
3 16 13.0461 -19.7573 -3.505 12.4151 -21.5109 -3.335 11.649 -19.7534 -6.7321 0.9155 0.7449 0.9155 0.813 0.8324 0.7449
3 16 11.649 -19.7534 -6.7321 12.4151 -21.5109 -3.335 11.097 -21.4959 -6.4133 0.8324 0.7449 0.9155 0.813 0.8324 0.813
3 16 11.649 -19.7534 -6.7321 11.097 -21.4959 -6.4133 9.4992 -19.7519 -9.5026 0.8324 0.7449 0.8324 0.813 0.7499 0.7449
3 16 9.4992 -19.7519 -9.5026 11.097 -21.4959 -6.4133 9.0524 -21.4907 -9.0556 0.7499 0.7449 0.8324 0.813 0.7499 0.813
3 16 6.7279 -19.7534 -11.6512 9.4992 -19.7519 -9.5026 6.4093 -21.4958 -11.0991 0.6664 0.7449 0.7499 0.7449 0.6664 0.813
3 16 6.4093 -21.4958 -11.0991 9.4992 -19.7519 -9.5026 9.0524 -21.4907 -9.0556 0.6664 0.813 0.7499 0.7449 0.7499 0.813
3 16 3.5003 -19.7573 -13.0468 6.7279 -19.7534 -11.6512 3.3306 -21.5108 -12.4159 0.5864 0.7449 0.6664 0.7449 0.5864 0.813
3 16 3.3306 -21.5108 -12.4159 6.7279 -19.7534 -11.6512 6.4093 -21.4958 -11.0991 0.5864 0.813 0.6664 0.7449 0.6664 0.813
3 16 -0.0024 -19.7638 -13.5993 3.5003 -19.7573 -13.0468 -0.0022 -21.5355 -12.9193 0.4999 0.7449 0.5864 0.7449 0.4999 0.813
3 16 -0.0022 -21.5355 -12.9193 3.5003 -19.7573 -13.0468 3.3306 -21.5108 -12.4159 0.4999 0.813 0.5864 0.7449 0.5864 0.813
3 16 -0.0024 -19.7638 -13.5993 -0.0022 -21.5355 -12.9193 -3.5049 -19.7573 -13.0461 0.4999 0.7449 0.4999 0.813 0.4134 0.7449
3 16 -3.5049 -19.7573 -13.0461 -0.0022 -21.5355 -12.9193 -3.335 -21.5109 -12.4151 0.4134 0.7449 0.4999 0.813 0.4134 0.813
3 16 -3.5049 -19.7573 -13.0461 -3.335 -21.5109 -12.4151 -6.728 -19.7534 -11.6511 0.4134 0.7449 0.4134 0.813 0.333 0.7449
3 16 -6.728 -19.7534 -11.6511 -3.335 -21.5109 -12.4151 -6.4133 -21.4959 -11.097 0.333 0.7449 0.4134 0.813 0.333 0.813
3 16 -6.728 -19.7534 -11.6511 -6.4133 -21.4959 -11.097 -9.5025 -19.7519 -9.4993 0.333 0.7449 0.333 0.813 0.2509 0.7449
3 16 -9.5025 -19.7519 -9.4993 -6.4133 -21.4959 -11.097 -9.0556 -21.4907 -9.0524 0.2509 0.7449 0.333 0.813 0.2509 0.813
3 16 -11.6512 -19.7534 -6.7279 -9.5025 -19.7519 -9.4993 -11.0991 -21.4958 -6.4093 0.1683 0.7449 0.2509 0.7449 0.1683 0.813
3 16 -11.0991 -21.4958 -6.4093 -9.5025 -19.7519 -9.4993 -9.0556 -21.4907 -9.0524 0.1683 0.813 0.2509 0.7449 0.2509 0.813
3 16 -13.0468 -19.7573 -3.5003 -11.6512 -19.7534 -6.7279 -12.4159 -21.5108 -3.3306 0.0851 0.7449 0.1683 0.7449 0.0851 0.813
3 16 -12.4159 -21.5108 -3.3306 -11.6512 -19.7534 -6.7279 -11.0991 -21.4958 -6.4093 0.0851 0.813 0.1683 0.7449 0.1683 0.813
3 16 -13.5993 -19.7638 0.0024 -13.0468 -19.7573 -3.5003 -12.9193 -21.5355 0.0022 0.0022 0.7449 0.0851 0.7449 0.0022 0.8131
3 16 -12.9193 -21.5355 0.0022 -13.0468 -19.7573 -3.5003 -12.4159 -21.5108 -3.3306 0.0022 0.8131 0.0851 0.7449 0.0851 0.813
3 16 13.5993 -6.8574 -0.0023 13.046 -6.864 -3.505 12.9004 -5.08 -0.0022 0.9989 0.2514 0.9155 0.2514 0.9989 0.1832
3 16 12.9004 -5.08 -0.0022 13.046 -6.864 -3.505 12.3925 -5.1106 -3.3295 0.9989 0.1832 0.9155 0.2514 0.9155 0.1832
3 16 13.046 -6.864 -3.505 13.5993 -6.8574 -0.0023 13.0461 -19.7573 -3.505 0.9155 0.2514 0.9989 0.2514 0.9155 0.7449
3 16 13.0461 -19.7573 -3.505 13.5993 -6.8574 -0.0023 13.5993 -19.7638 -0.0024 0.9155 0.7449 0.9989 0.2514 0.9989 0.7449
3 16 13.046 -6.864 -3.505 11.649 -6.8679 -6.7321 12.3925 -5.1106 -3.3295 0.9155 0.2514 0.8324 0.2514 0.9155 0.1832
3 16 12.3925 -5.1106 -3.3295 11.649 -6.8679 -6.7321 11.0744 -5.1291 -6.4005 0.9155 0.1832 0.8324 0.2514 0.8324 0.1832
3 16 11.649 -6.8679 -6.7321 13.046 -6.864 -3.505 11.649 -19.7534 -6.7321 0.8324 0.2514 0.9155 0.2514 0.8324 0.7449
3 16 11.649 -19.7534 -6.7321 13.046 -6.864 -3.505 13.0461 -19.7573 -3.505 0.8324 0.7449 0.9155 0.2514 0.9155 0.7449
3 16 11.649 -6.8679 -6.7321 9.4992 -6.8694 -9.5026 11.0744 -5.1291 -6.4005 0.8324 0.2514 0.7499 0.2514 0.8324 0.1832
3 16 11.0744 -5.1291 -6.4005 9.4992 -6.8694 -9.5026 9.0335 -5.1356 -9.0366 0.8324 0.1832 0.7499 0.2514 0.7499 0.1832
3 16 9.4992 -6.8694 -9.5026 11.649 -6.8679 -6.7321 9.4992 -19.7519 -9.5026 0.7499 0.2514 0.8324 0.2514 0.7499 0.7449
3 16 9.4992 -19.7519 -9.5026 11.649 -6.8679 -6.7321 11.649 -19.7534 -6.7321 0.7499 0.7449 0.8324 0.2514 0.8324 0.7449
3 16 6.7279 -6.8679 -11.6511 6.3965 -5.1292 -11.0765 9.4992 -6.8694 -9.5026 0.6664 0.2514 0.6664 0.1832 0.7499 0.2514
3 16 9.4992 -6.8694 -9.5026 6.3965 -5.1292 -11.0765 9.0335 -5.1356 -9.0366 0.7499 0.2514 0.6664 0.1832 0.7499 0.1832
3 16 6.7279 -6.8679 -11.6511 9.4992 -6.8694 -9.5026 6.7279 -19.7534 -11.6512 0.6664 0.2514 0.7499 0.2514 0.6664 0.7449
3 16 6.7279 -19.7534 -11.6512 9.4992 -6.8694 -9.5026 9.4992 -19.7519 -9.5026 0.6664 0.7449 0.7499 0.2514 0.7499 0.7449
3 16 3.5003 -6.864 -13.0468 3.325 -5.1108 -12.3933 6.7279 -6.8679 -11.6511 0.5864 0.2514 0.5864 0.1832 0.6664 0.2514
3 16 6.7279 -6.8679 -11.6511 3.325 -5.1108 -12.3933 6.3965 -5.1292 -11.0765 0.6664 0.2514 0.5864 0.1832 0.6664 0.1832
3 16 3.5003 -6.864 -13.0468 6.7279 -6.8679 -11.6511 3.5003 -19.7573 -13.0468 0.5864 0.2514 0.6664 0.2514 0.5864 0.7449
3 16 3.5003 -19.7573 -13.0468 6.7279 -6.8679 -11.6511 6.7279 -19.7534 -11.6512 0.5864 0.7449 0.6664 0.2514 0.6664 0.7449
3 16 -0.0023 -6.8574 -13.5993 -0.0022 -5.08 -12.9004 3.5003 -6.864 -13.0468 0.4999 0.2514 0.4999 0.1832 0.5864 0.2514
3 16 3.5003 -6.864 -13.0468 -0.0022 -5.08 -12.9004 3.325 -5.1108 -12.3933 0.5864 0.2514 0.4999 0.1832 0.5864 0.1832
3 16 -0.0023 -6.8574 -13.5993 3.5003 -6.864 -13.0468 -0.0024 -19.7638 -13.5993 0.4999 0.2514 0.5864 0.2514 0.4999 0.7449
3 16 -0.0024 -19.7638 -13.5993 3.5003 -6.864 -13.0468 3.5003 -19.7573 -13.0468 0.4999 0.7449 0.5864 0.2514 0.5864 0.7449
3 16 -0.0023 -6.8574 -13.5993 -3.505 -6.864 -13.0461 -0.0022 -5.08 -12.9004 0.4999 0.2514 0.4134 0.2514 0.4999 0.1832
3 16 -0.0022 -5.08 -12.9004 -3.505 -6.864 -13.0461 -3.3294 -5.1106 -12.3925 0.4999 0.1832 0.4134 0.2514 0.4134 0.1832
3 16 -3.505 -6.864 -13.0461 -0.0023 -6.8574 -13.5993 -3.5049 -19.7573 -13.0461 0.4134 0.2514 0.4999 0.2514 0.4134 0.7449
3 16 -3.5049 -19.7573 -13.0461 -0.0023 -6.8574 -13.5993 -0.0024 -19.7638 -13.5993 0.4134 0.7449 0.4999 0.2514 0.4999 0.7449
3 16 -3.505 -6.864 -13.0461 -6.7281 -6.8679 -11.6511 -3.3294 -5.1106 -12.3925 0.4134 0.2514 0.333 0.2514 0.4134 0.1832
3 16 -3.3294 -5.1106 -12.3925 -6.7281 -6.8679 -11.6511 -6.4005 -5.1292 -11.0744 0.4134 0.1832 0.333 0.2514 0.333 0.1832
3 16 -6.7281 -6.8679 -11.6511 -3.505 -6.864 -13.0461 -6.728 -19.7534 -11.6511 0.333 0.2514 0.4134 0.2514 0.333 0.7449
3 16 -6.728 -19.7534 -11.6511 -3.505 -6.864 -13.0461 -3.5049 -19.7573 -13.0461 0.333 0.7449 0.4134 0.2514 0.4134 0.7449
3 16 -6.7281 -6.8679 -11.6511 -9.5025 -6.8694 -9.4993 -6.4005 -5.1292 -11.0744 0.333 0.2514 0.2509 0.2514 0.333 0.1832
3 16 -6.4005 -5.1292 -11.0744 -9.5025 -6.8694 -9.4993 -9.0366 -5.1356 -9.0335 0.333 0.1832 0.2509 0.2514 0.2509 0.1832
3 16 -9.5025 -6.8694 -9.4993 -6.7281 -6.8679 -11.6511 -9.5025 -19.7519 -9.4993 0.2509 0.2514 0.333 0.2514 0.2509 0.7449
3 16 -9.5025 -19.7519 -9.4993 -6.7281 -6.8679 -11.6511 -6.728 -19.7534 -11.6511 0.2509 0.7449 0.333 0.2514 0.333 0.7449
3 16 -11.6511 -6.8679 -6.7279 -11.0765 -5.1292 -6.3965 -9.5025 -6.8694 -9.4993 0.1683 0.2514 0.1683 0.1832 0.2509 0.2514
3 16 -9.5025 -6.8694 -9.4993 -11.0765 -5.1292 -6.3965 -9.0366 -5.1356 -9.0335 0.2509 0.2514 0.1683 0.1832 0.2509 0.1832
3 16 -11.6511 -6.8679 -6.7279 -9.5025 -6.8694 -9.4993 -11.6512 -19.7534 -6.7279 0.1683 0.2514 0.2509 0.2514 0.1683 0.7449
3 16 -11.6512 -19.7534 -6.7279 -9.5025 -6.8694 -9.4993 -9.5025 -19.7519 -9.4993 0.1683 0.7449 0.2509 0.2514 0.2509 0.7449
3 16 -13.0468 -6.864 -3.5003 -12.3933 -5.1108 -3.325 -11.6511 -6.8679 -6.7279 0.0851 0.2514 0.0851 0.1832 0.1683 0.2514
3 16 -11.6511 -6.8679 -6.7279 -12.3933 -5.1108 -3.325 -11.0765 -5.1292 -6.3965 0.1683 0.2514 0.0851 0.1832 0.1683 0.1832
3 16 -13.0468 -6.864 -3.5003 -11.6511 -6.8679 -6.7279 -13.0468 -19.7573 -3.5003 0.0851 0.2514 0.1683 0.2514 0.0851 0.7449
3 16 -13.0468 -19.7573 -3.5003 -11.6511 -6.8679 -6.7279 -11.6512 -19.7534 -6.7279 0.0851 0.7449 0.1683 0.2514 0.1683 0.7449
3 16 -13.5993 -6.8574 0.0023 -12.9004 -5.08 0.0022 -13.0468 -6.864 -3.5003 0.0022 0.2514 0.0022 0.1832 0.0851 0.2514
3 16 -13.0468 -6.864 -3.5003 -12.9004 -5.08 0.0022 -12.3933 -5.1108 -3.325 0.0851 0.2514 0.0022 0.1832 0.0851 0.1832
3 16 -13.5993 -6.8574 0.0023 -13.0468 -6.864 -3.5003 -13.5993 -19.7638 0.0024 0.0022 0.2514 0.0851 0.2514 0.0022 0.7449
3 16 -13.5993 -19.7638 0.0024 -13.0468 -6.864 -3.5003 -13.0468 -19.7573 -3.5003 0.0022 0.7449 0.0851 0.2514 0.0851 0.7449
3 16 -11.0991 -21.4958 -6.4093 -9.0556 -21.4907 -9.0524 -10.1506 -23.0052 -5.8619 0.1683 0.813 0.2509 0.813 0.1683 0.8883
3 16 -10.1506 -23.0052 -5.8619 -9.0556 -21.4907 -9.0524 -8.2851 -22.9989 -8.2828 0.1683 0.8883 0.2509 0.813 0.2509 0.8883
0 STEP
