0 Untitled Model
0 Name: Untitled Model
0 Author: 
0 BFC CERTIFY CCW
3 16 7.8669 -1.2305 -9.2914 8.8941 -1.225 -8.8975 10 -1.225 -10 0 0 0 0 0 0
3 16 -8.8975 -1.225 -8.8941 -7.8698 -1.2305 -9.2877 -10.0177 -1.2323 -10 0 0 0 0 0 0
3 16 8.9081 -1.23 8.9047 8.6498 0.0073 8.6496 7.8697 -1.2271 9.2822 0 0 0 0 0 0
3 16 7.8697 -1.2271 9.2822 8.6498 0.0073 8.6496 7.594 0.0054 9.0244 0 0 0 0 0 0
3 16 8.9081 -1.23 8.9047 7.8697 -1.2271 9.2822 10 -1.225 10 0 0 0 0 0 0
3 16 -8.9063 -1.23 8.9081 -8.6512 0.0073 8.6495 -9.2914 -1.2305 7.8669 0 0 0 0 0 0
3 16 -9.2914 -1.2305 7.8669 -8.6512 0.0073 8.6495 -9.0244 0.0055 7.5949 0 0 0 0 0 0
3 16 -8.9063 -1.23 8.9081 -9.2914 -1.2305 7.8669 -10.0177 -1.2323 10 0 0 0 0 0 0
3 16 -10.0177 -1.2323 -10 -10.0177 -8.0177 -10 -10.0177 -1.2323 10 0 0 0 0 0 0
3 16 -10.0177 -1.2323 10 -10.0177 -8.0177 -10 -10.0177 -8.0177 10 0 0 0 0 0 0
3 16 10 -8.025 10 -10.0177 -8.0177 10 10 -8.025 -10 0.994 1 0 1 0.994 0
3 16 10 -8.025 -10 -10.0177 -8.0177 10 -10.0177 -8.0177 -10 0.994 0 0 1 0 0
3 16 -7.8698 -1.2305 -9.2877 -7.594 0.0054 -9.0243 7.8669 -1.2305 -9.2914 0 0 0 0 0 0
3 16 7.8669 -1.2305 -9.2914 -7.594 0.0054 -9.0243 7.594 0.0055 -9.0245 0 0 0 0 0 0
3 16 10 -1.225 10 7.8697 -1.2271 9.2822 -10.0177 -1.2323 10 0 0 0 0 0 0
3 16 -10.0177 -1.2323 10 7.8697 -1.2271 9.2822 -7.8665 -1.225 9.2758 0 0 0 0 0 0
0 STEP
