0 Untitled Model
0 Name: Untitled Model
0 Author: 
0 BFC CERTIFY CCW
3 16 13.0928 -4.9634 -0.0023 12.5781 -4.9956 -3.3838 11.7897 -3.5006 -0.002 0.9989 0.1832 0.9155 0.1832 0.9989 0.1094
3 16 11.7897 -3.5006 -0.002 12.5781 -4.9956 -3.3838 11.3556 -3.541 -3.054 0.9989 0.1094 0.9155 0.1832 0.9155 0.1094
3 16 13.1164 -21.644 -0.0023 11.9235 -23.2233 -0.0021 12.6054 -21.6175 -3.3903 0.9989 0.813 0.9989 0.8883 0.9155 0.813
3 16 12.6054 -21.6175 -3.3903 11.9235 -23.2233 -0.0021 11.4876 -23.1875 -3.0898 0.9155 0.813 0.9989 0.8883 0.9155 0.8882
3 16 12.5781 -4.9956 -3.3838 11.2412 -5.0152 -6.4997 11.3556 -3.541 -3.054 0.9155 0.1832 0.8324 0.1832 0.9155 0.1094
3 16 11.3556 -3.541 -3.054 11.2412 -5.0152 -6.4997 10.1644 -3.5656 -5.8768 0.9155 0.1094 0.8324 0.1832 0.8324 0.1094
3 16 12.6054 -21.6175 -3.3903 11.4876 -23.1875 -3.0898 11.2681 -21.6011 -6.5147 0.9155 0.813 0.9155 0.8882 0.8324 0.813
3 16 11.2681 -21.6011 -6.5147 11.4876 -23.1875 -3.0898 10.2861 -23.1639 -5.9464 0.8324 0.813 0.9155 0.8882 0.8324 0.8882
3 16 11.2412 -5.0152 -6.4997 9.1709 -5.0223 -9.1741 10.1644 -3.5656 -5.8768 0.8324 0.1832 0.7499 0.1832 0.8324 0.1094
3 16 10.1644 -3.5656 -5.8768 9.1709 -5.0223 -9.1741 8.2968 -3.5742 -8.2997 0.8324 0.1094 0.7499 0.1832 0.7499 0.1094
3 16 11.2681 -21.6011 -6.5147 10.2861 -23.1639 -5.9464 9.1932 -21.5953 -9.1965 0.8324 0.813 0.8324 0.8882 0.7499 0.813
3 16 9.1932 -21.5953 -9.1965 10.2861 -23.1639 -5.9464 8.3946 -23.1592 -8.3966 0.7499 0.813 0.8324 0.8882 0.7499 0.8882
3 16 8.2968 -3.5742 -8.2997 9.1709 -5.0223 -9.1741 5.8732 -3.5658 -10.1665 0.7499 0.1094 0.7499 0.1832 0.6664 0.1094
3 16 5.8732 -3.5658 -10.1665 9.1709 -5.0223 -9.1741 6.4956 -5.0153 -11.2433 0.6664 0.1094 0.7499 0.1832 0.6664 0.1832
3 16 6.5106 -21.6011 -11.2702 9.1932 -21.5953 -9.1965 5.9426 -23.1654 -10.2865 0.6664 0.813 0.7499 0.813 0.6664 0.8882
3 16 5.9426 -23.1654 -10.2865 9.1932 -21.5953 -9.1965 8.3946 -23.1592 -8.3966 0.6664 0.8882 0.7499 0.813 0.7499 0.8882
3 16 5.8732 -3.5658 -10.1665 6.4956 -5.0153 -11.2433 3.05 -3.5412 -11.3565 0.6664 0.1094 0.6664 0.1832 0.5864 0.1094
3 16 3.05 -3.5412 -11.3565 6.4956 -5.0153 -11.2433 3.3793 -4.9958 -12.5789 0.5864 0.1094 0.6664 0.1832 0.5864 0.1832
3 16 3.3858 -21.6174 -12.6062 6.5106 -21.6011 -11.2702 3.0857 -23.1873 -11.4886 0.5864 0.813 0.6664 0.813 0.5864 0.8883
3 16 3.0857 -23.1873 -11.4886 6.5106 -21.6011 -11.2702 5.9426 -23.1654 -10.2865 0.5864 0.8883 0.6664 0.813 0.6664 0.8882
3 16 3.05 -3.5412 -11.3565 3.3793 -4.9958 -12.5789 -0.002 -3.5006 -11.7897 0.5864 0.1094 0.5864 0.1832 0.4999 0.1094
3 16 -0.002 -3.5006 -11.7897 3.3793 -4.9958 -12.5789 -0.0023 -4.9634 -13.0928 0.4999 0.1094 0.5864 0.1832 0.4999 0.1832
3 16 -0.0023 -21.644 -13.1164 3.3858 -21.6174 -12.6062 -0.0021 -23.2233 -11.9235 0.4999 0.813 0.5864 0.813 0.4999 0.8883
3 16 -0.0021 -23.2233 -11.9235 3.3858 -21.6174 -12.6062 3.0857 -23.1873 -11.4886 0.4999 0.8883 0.5864 0.813 0.5864 0.8883
3 16 -0.0023 -4.9634 -13.0928 -3.3838 -4.9956 -12.5781 -0.002 -3.5006 -11.7897 0.4999 0.1832 0.4134 0.1832 0.4999 0.1094
3 16 -0.002 -3.5006 -11.7897 -3.3838 -4.9956 -12.5781 -3.054 -3.541 -11.3556 0.4999 0.1094 0.4134 0.1832 0.4134 0.1094
3 16 -0.0023 -21.644 -13.1164 -0.0021 -23.2233 -11.9235 -3.3902 -21.6176 -12.6054 0.4999 0.813 0.4999 0.8883 0.4134 0.813
3 16 -3.3902 -21.6176 -12.6054 -0.0021 -23.2233 -11.9235 -3.0898 -23.1875 -11.4876 0.4134 0.813 0.4999 0.8883 0.4134 0.8883
3 16 -3.3838 -4.9956 -12.5781 -6.4997 -5.0152 -11.2412 -3.054 -3.541 -11.3556 0.4134 0.1832 0.333 0.1832 0.4134 0.1094
3 16 -3.054 -3.541 -11.3556 -6.4997 -5.0152 -11.2412 -5.8768 -3.5657 -10.1645 0.4134 0.1094 0.333 0.1832 0.333 0.1094
3 16 -3.3902 -21.6176 -12.6054 -3.0898 -23.1875 -11.4876 -6.5147 -21.6011 -11.2681 0.4134 0.813 0.4134 0.8883 0.333 0.813
3 16 -6.5147 -21.6011 -11.2681 -3.0898 -23.1875 -11.4876 -5.9464 -23.1639 -10.2861 0.333 0.813 0.4134 0.8883 0.333 0.8883
3 16 -6.4997 -5.0152 -11.2412 -9.1741 -5.0223 -9.1709 -5.8768 -3.5657 -10.1645 0.333 0.1832 0.2509 0.1832 0.333 0.1094
3 16 -5.8768 -3.5657 -10.1645 -9.1741 -5.0223 -9.1709 -8.2997 -3.5743 -8.2968 0.333 0.1094 0.2509 0.1832 0.2509 0.1094
3 16 -6.5147 -21.6011 -11.2681 -5.9464 -23.1639 -10.2861 -9.1965 -21.5953 -9.1932 0.333 0.813 0.333 0.8883 0.2509 0.813
3 16 -9.1965 -21.5953 -9.1932 -5.9464 -23.1639 -10.2861 -8.3966 -23.1592 -8.3946 0.2509 0.813 0.333 0.8883 0.2509 0.8883
3 16 -8.2997 -3.5743 -8.2968 -9.1741 -5.0223 -9.1709 -10.1665 -3.5658 -5.8732 0.2509 0.1094 0.2509 0.1832 0.1683 0.1094
3 16 -10.1665 -3.5658 -5.8732 -9.1741 -5.0223 -9.1709 -11.2433 -5.0153 -6.4956 0.1683 0.1094 0.2509 0.1832 0.1683 0.1832
3 16 -10.1665 -3.5658 -5.8732 -11.2433 -5.0153 -6.4956 -11.3565 -3.5412 -3.05 0.1683 0.1094 0.1683 0.1832 0.0851 0.1094
3 16 -11.3565 -3.5412 -3.05 -11.2433 -5.0153 -6.4956 -12.5789 -4.9958 -3.3793 0.0851 0.1094 0.1683 0.1832 0.0851 0.1832
3 16 -12.6062 -21.6174 -3.3858 -11.2702 -21.6011 -6.5106 -11.4886 -23.1873 -3.0857 0.0851 0.813 0.1683 0.813 0.0851 0.8883
3 16 -11.4886 -23.1873 -3.0857 -11.2702 -21.6011 -6.5106 -10.2865 -23.1654 -5.9426 0.0851 0.8883 0.1683 0.813 0.1683 0.8883
3 16 -11.3565 -3.5412 -3.05 -12.5789 -4.9958 -3.3793 -11.7897 -3.5006 0.002 0.0851 0.1094 0.0851 0.1832 0.0022 0.1094
3 16 -11.7897 -3.5006 0.002 -12.5789 -4.9958 -3.3793 -13.0928 -4.9634 0.0023 0.0022 0.1094 0.0851 0.1832 0.0022 0.1832
3 16 -13.1164 -21.644 0.0023 -12.6062 -21.6174 -3.3858 -11.9235 -23.2233 0.0021 0.0022 0.8131 0.0851 0.813 0.0022 0.8884
3 16 -11.9235 -23.2233 0.0021 -12.6062 -21.6174 -3.3858 -11.4886 -23.1873 -3.0857 0.0022 0.8884 0.0851 0.813 0.0851 0.8883
3 16 13.8241 -19.7734 -0.0024 13.1164 -21.644 -0.0023 13.262 -19.7665 -3.5676 0.9989 0.7449 0.9989 0.813 0.9155 0.7449
3 16 13.262 -19.7665 -3.5676 13.1164 -21.644 -0.0023 12.6054 -21.6175 -3.3903 0.9155 0.7449 0.9989 0.813 0.9155 0.813
3 16 13.262 -19.7665 -3.5676 12.6054 -21.6175 -3.3903 11.8425 -19.7624 -6.8466 0.9155 0.7449 0.9155 0.813 0.8324 0.7449
3 16 11.8425 -19.7624 -6.8466 12.6054 -21.6175 -3.3903 11.2681 -21.6011 -6.5147 0.8324 0.7449 0.9155 0.813 0.8324 0.813
3 16 11.8425 -19.7624 -6.8466 11.2681 -21.6011 -6.5147 9.6582 -19.7607 -9.6616 0.8324 0.7449 0.8324 0.813 0.7499 0.7449
3 16 9.6582 -19.7607 -9.6616 11.2681 -21.6011 -6.5147 9.1932 -21.5953 -9.1965 0.7499 0.7449 0.8324 0.813 0.7499 0.813
3 16 6.8423 -19.7624 -11.8447 9.6582 -19.7607 -9.6616 6.5106 -21.6011 -11.2702 0.6664 0.7449 0.7499 0.7449 0.6664 0.813
3 16 6.5106 -21.6011 -11.2702 9.6582 -19.7607 -9.6616 9.1932 -21.5953 -9.1965 0.6664 0.813 0.7499 0.7449 0.7499 0.813
3 16 3.5629 -19.7665 -13.2628 6.8423 -19.7624 -11.8447 3.3858 -21.6174 -12.6062 0.5864 0.7449 0.6664 0.7449 0.5864 0.813
3 16 3.3858 -21.6174 -12.6062 6.8423 -19.7624 -11.8447 6.5106 -21.6011 -11.2702 0.5864 0.813 0.6664 0.7449 0.6664 0.813
3 16 -0.0024 -19.7734 -13.8241 3.5629 -19.7665 -13.2628 -0.0023 -21.644 -13.1164 0.4999 0.7449 0.5864 0.7449 0.4999 0.813
3 16 -0.0023 -21.644 -13.1164 3.5629 -19.7665 -13.2628 3.3858 -21.6174 -12.6062 0.4999 0.813 0.5864 0.7449 0.5864 0.813
3 16 -0.0024 -19.7734 -13.8241 -0.0023 -21.644 -13.1164 -3.5676 -19.7665 -13.262 0.4999 0.7449 0.4999 0.813 0.4134 0.7449
3 16 -3.5676 -19.7665 -13.262 -0.0023 -21.644 -13.1164 -3.3902 -21.6176 -12.6054 0.4134 0.7449 0.4999 0.813 0.4134 0.813
3 16 -3.5676 -19.7665 -13.262 -3.3902 -21.6176 -12.6054 -6.8425 -19.7624 -11.8446 0.4134 0.7449 0.4134 0.813 0.333 0.7449
3 16 -6.8425 -19.7624 -11.8446 -3.3902 -21.6176 -12.6054 -6.5147 -21.6011 -11.2681 0.333 0.7449 0.4134 0.813 0.333 0.813
3 16 -6.8425 -19.7624 -11.8446 -6.5147 -21.6011 -11.2681 -9.6615 -19.7607 -9.6583 0.333 0.7449 0.333 0.813 0.2509 0.7449
3 16 -9.6615 -19.7607 -9.6583 -6.5147 -21.6011 -11.2681 -9.1965 -21.5953 -9.1932 0.2509 0.7449 0.333 0.813 0.2509 0.813
3 16 -11.8447 -19.7624 -6.8423 -9.6615 -19.7607 -9.6583 -11.2702 -21.6011 -6.5106 0.1683 0.7449 0.2509 0.7449 0.1683 0.813
3 16 -11.2702 -21.6011 -6.5106 -9.6615 -19.7607 -9.6583 -9.1965 -21.5953 -9.1932 0.1683 0.813 0.2509 0.7449 0.2509 0.813
3 16 -13.2628 -19.7665 -3.5629 -11.8447 -19.7624 -6.8423 -12.6062 -21.6174 -3.3858 0.0851 0.7449 0.1683 0.7449 0.0851 0.813
3 16 -12.6062 -21.6174 -3.3858 -11.8447 -19.7624 -6.8423 -11.2702 -21.6011 -6.5106 0.0851 0.813 0.1683 0.7449 0.1683 0.813
3 16 -13.8241 -19.7734 0.0024 -13.2628 -19.7665 -3.5629 -13.1164 -21.644 0.0023 0.0022 0.7449 0.0851 0.7449 0.0022 0.8131
3 16 -13.1164 -21.644 0.0023 -13.2628 -19.7665 -3.5629 -12.6062 -21.6174 -3.3858 0.0022 0.8131 0.0851 0.7449 0.0851 0.813
3 16 13.8241 -6.8476 -0.0023 13.2619 -6.8546 -3.5677 13.0928 -4.9634 -0.0023 0.9989 0.2514 0.9155 0.2514 0.9989 0.1832
3 16 13.0928 -4.9634 -0.0023 13.2619 -6.8546 -3.5677 12.5781 -4.9956 -3.3838 0.9989 0.1832 0.9155 0.2514 0.9155 0.1832
3 16 13.2619 -6.8546 -3.5677 13.8241 -6.8476 -0.0023 13.262 -19.7665 -3.5676 0.9155 0.2514 0.9989 0.2514 0.9155 0.7449
3 16 13.262 -19.7665 -3.5676 13.8241 -6.8476 -0.0023 13.8241 -19.7734 -0.0024 0.9155 0.7449 0.9989 0.2514 0.9989 0.7449
3 16 13.2619 -6.8546 -3.5677 11.8425 -6.8586 -6.8466 12.5781 -4.9956 -3.3838 0.9155 0.2514 0.8324 0.2514 0.9155 0.1832
3 16 12.5781 -4.9956 -3.3838 11.8425 -6.8586 -6.8466 11.2412 -5.0152 -6.4997 0.9155 0.1832 0.8324 0.2514 0.8324 0.1832
3 16 11.8425 -6.8586 -6.8466 13.2619 -6.8546 -3.5677 11.8425 -19.7624 -6.8466 0.8324 0.2514 0.9155 0.2514 0.8324 0.7449
3 16 11.8425 -19.7624 -6.8466 13.2619 -6.8546 -3.5677 13.262 -19.7665 -3.5676 0.8324 0.7449 0.9155 0.2514 0.9155 0.7449
3 16 11.8425 -6.8586 -6.8466 9.6582 -6.8603 -9.6616 11.2412 -5.0152 -6.4997 0.8324 0.2514 0.7499 0.2514 0.8324 0.1832
3 16 11.2412 -5.0152 -6.4997 9.6582 -6.8603 -9.6616 9.1709 -5.0223 -9.1741 0.8324 0.1832 0.7499 0.2514 0.7499 0.1832
3 16 9.6582 -6.8603 -9.6616 11.8425 -6.8586 -6.8466 9.6582 -19.7607 -9.6616 0.7499 0.2514 0.8324 0.2514 0.7499 0.7449
3 16 9.6582 -19.7607 -9.6616 11.8425 -6.8586 -6.8466 11.8425 -19.7624 -6.8466 0.7499 0.7449 0.8324 0.2514 0.8324 0.7449
3 16 6.8423 -6.8586 -11.8447 6.4956 -5.0153 -11.2433 9.6582 -6.8603 -9.6616 0.6664 0.2514 0.6664 0.1832 0.7499 0.2514
3 16 9.6582 -6.8603 -9.6616 6.4956 -5.0153 -11.2433 9.1709 -5.0223 -9.1741 0.7499 0.2514 0.6664 0.1832 0.7499 0.1832
3 16 6.8423 -6.8586 -11.8447 9.6582 -6.8603 -9.6616 6.8423 -19.7624 -11.8447 0.6664 0.2514 0.7499 0.2514 0.6664 0.7449
3 16 6.8423 -19.7624 -11.8447 9.6582 -6.8603 -9.6616 9.6582 -19.7607 -9.6616 0.6664 0.7449 0.7499 0.2514 0.7499 0.7449
3 16 3.5629 -6.8546 -13.2627 3.3793 -4.9958 -12.5789 6.8423 -6.8586 -11.8447 0.5864 0.2514 0.5864 0.1832 0.6664 0.2514
3 16 6.8423 -6.8586 -11.8447 3.3793 -4.9958 -12.5789 6.4956 -5.0153 -11.2433 0.6664 0.2514 0.5864 0.1832 0.6664 0.1832
3 16 3.5629 -6.8546 -13.2627 6.8423 -6.8586 -11.8447 3.5629 -19.7665 -13.2628 0.5864 0.2514 0.6664 0.2514 0.5864 0.7449
3 16 3.5629 -19.7665 -13.2628 6.8423 -6.8586 -11.8447 6.8423 -19.7624 -11.8447 0.5864 0.7449 0.6664 0.2514 0.6664 0.7449
3 16 -0.0023 -6.8476 -13.8241 -0.0023 -4.9634 -13.0928 3.5629 -6.8546 -13.2627 0.4999 0.2514 0.4999 0.1832 0.5864 0.2514
3 16 3.5629 -6.8546 -13.2627 -0.0023 -4.9634 -13.0928 3.3793 -4.9958 -12.5789 0.5864 0.2514 0.4999 0.1832 0.5864 0.1832
3 16 -0.0023 -6.8476 -13.8241 3.5629 -6.8546 -13.2627 -0.0024 -19.7734 -13.8241 0.4999 0.2514 0.5864 0.2514 0.4999 0.7449
3 16 -0.0024 -19.7734 -13.8241 3.5629 -6.8546 -13.2627 3.5629 -19.7665 -13.2628 0.4999 0.7449 0.5864 0.2514 0.5864 0.7449
3 16 -0.0023 -6.8476 -13.8241 -3.5676 -6.8546 -13.262 -0.0023 -4.9634 -13.0928 0.4999 0.2514 0.4134 0.2514 0.4999 0.1832
3 16 -0.0023 -4.9634 -13.0928 -3.5676 -6.8546 -13.262 -3.3838 -4.9956 -12.5781 0.4999 0.1832 0.4134 0.2514 0.4134 0.1832
3 16 -3.5676 -6.8546 -13.262 -0.0023 -6.8476 -13.8241 -3.5676 -19.7665 -13.262 0.4134 0.2514 0.4999 0.2514 0.4134 0.7449
3 16 -3.5676 -19.7665 -13.262 -0.0023 -6.8476 -13.8241 -0.0024 -19.7734 -13.8241 0.4134 0.7449 0.4999 0.2514 0.4999 0.7449
3 16 -3.5676 -6.8546 -13.262 -6.8425 -6.8586 -11.8446 -3.3838 -4.9956 -12.5781 0.4134 0.2514 0.333 0.2514 0.4134 0.1832
3 16 -3.3838 -4.9956 -12.5781 -6.8425 -6.8586 -11.8446 -6.4997 -5.0152 -11.2412 0.4134 0.1832 0.333 0.2514 0.333 0.1832
3 16 -6.8425 -6.8586 -11.8446 -3.5676 -6.8546 -13.262 -6.8425 -19.7624 -11.8446 0.333 0.2514 0.4134 0.2514 0.333 0.7449
3 16 -6.8425 -19.7624 -11.8446 -3.5676 -6.8546 -13.262 -3.5676 -19.7665 -13.262 0.333 0.7449 0.4134 0.2514 0.4134 0.7449
3 16 -6.8425 -6.8586 -11.8446 -9.6615 -6.8603 -9.6582 -6.4997 -5.0152 -11.2412 0.333 0.2514 0.2509 0.2514 0.333 0.1832
3 16 -6.4997 -5.0152 -11.2412 -9.6615 -6.8603 -9.6582 -9.1741 -5.0223 -9.1709 0.333 0.1832 0.2509 0.2514 0.2509 0.1832
3 16 -9.6615 -6.8603 -9.6582 -6.8425 -6.8586 -11.8446 -9.6615 -19.7607 -9.6583 0.2509 0.2514 0.333 0.2514 0.2509 0.7449
3 16 -9.6615 -19.7607 -9.6583 -6.8425 -6.8586 -11.8446 -6.8425 -19.7624 -11.8446 0.2509 0.7449 0.333 0.2514 0.333 0.7449
3 16 -11.8447 -6.8586 -6.8423 -11.2433 -5.0153 -6.4956 -9.6615 -6.8603 -9.6582 0.1683 0.2514 0.1683 0.1832 0.2509 0.2514
3 16 -9.6615 -6.8603 -9.6582 -11.2433 -5.0153 -6.4956 -9.1741 -5.0223 -9.1709 0.2509 0.2514 0.1683 0.1832 0.2509 0.1832
3 16 -11.8447 -6.8586 -6.8423 -9.6615 -6.8603 -9.6582 -11.8447 -19.7624 -6.8423 0.1683 0.2514 0.2509 0.2514 0.1683 0.7449
3 16 -11.8447 -19.7624 -6.8423 -9.6615 -6.8603 -9.6582 -9.6615 -19.7607 -9.6583 0.1683 0.7449 0.2509 0.2514 0.2509 0.7449
3 16 -13.2627 -6.8546 -3.5629 -12.5789 -4.9958 -3.3793 -11.8447 -6.8586 -6.8423 0.0851 0.2514 0.0851 0.1832 0.1683 0.2514
3 16 -11.8447 -6.8586 -6.8423 -12.5789 -4.9958 -3.3793 -11.2433 -5.0153 -6.4956 0.1683 0.2514 0.0851 0.1832 0.1683 0.1832
3 16 -13.2627 -6.8546 -3.5629 -11.8447 -6.8586 -6.8423 -13.2628 -19.7665 -3.5629 0.0851 0.2514 0.1683 0.2514 0.0851 0.7449
3 16 -13.2628 -19.7665 -3.5629 -11.8447 -6.8586 -6.8423 -11.8447 -19.7624 -6.8423 0.0851 0.7449 0.1683 0.2514 0.1683 0.7449
3 16 -13.8241 -6.8476 0.0023 -13.0928 -4.9634 0.0023 -13.2627 -6.8546 -3.5629 0.0022 0.2514 0.0022 0.1832 0.0851 0.2514
3 16 -13.2627 -6.8546 -3.5629 -13.0928 -4.9634 0.0023 -12.5789 -4.9958 -3.3793 0.0851 0.2514 0.0022 0.1832 0.0851 0.1832
3 16 -13.8241 -6.8476 0.0023 -13.2627 -6.8546 -3.5629 -13.8241 -19.7734 0.0024 0.0022 0.2514 0.0851 0.2514 0.0022 0.7449
3 16 -13.8241 -19.7734 0.0024 -13.2627 -6.8546 -3.5629 -13.2628 -19.7665 -3.5629 0.0022 0.7449 0.0851 0.2514 0.0851 0.7449
3 16 -11.2702 -21.6011 -6.5106 -9.1965 -21.5953 -9.1932 -10.2865 -23.1654 -5.9426 0.1683 0.813 0.2509 0.813 0.1683 0.8883
3 16 -10.2865 -23.1654 -5.9426 -9.1965 -21.5953 -9.1932 -8.3966 -23.1592 -8.3946 0.1683 0.8883 0.2509 0.813 0.2509 0.8883
0 STEP
