0 Untitled Model
0 Name: Untitled Model
0 Author: 
0 BFC CERTIFY CCW
3 16 27.8665 -1.25 -9.2758 28.8941 -1.25 -8.8975 30 -1.25 -10
3 16 28.8941 -1.25 -8.8975 27.8665 -1.25 -9.2758 28.6326 0 -8.6326
3 16 28.6326 0 -8.6326 27.8665 -1.25 -9.2758 27.5935 0 -9.0002
3 16 -7.8665 -1.25 9.2758 -8.8957 -1.25 8.8975 -10 -1.25 10
3 16 -8.8957 -1.25 8.8975 -7.8665 -1.25 9.2758 -8.6343 0 8.6326
3 16 -8.6343 0 8.6326 -7.8665 -1.25 9.2758 -7.5935 0 9
3 16 29.2758 -1.25 7.8665 28.8975 -1.25 8.8941 30 -1.25 10
3 16 28.8975 -1.25 8.8941 29.2758 -1.25 7.8665 28.633 0 8.6326
3 16 28.633 0 8.6326 29.2758 -1.25 7.8665 29 0 7.5944
3 16 -9.2758 -1.25 -7.8665 -8.8975 -1.25 -8.8941 -10 -1.25 -10
3 16 -8.8975 -1.25 -8.8941 -9.2758 -1.25 -7.8665 -8.6326 0 -8.6327
3 16 -8.6326 0 -8.6327 -9.2758 -1.25 -7.8665 -9 0 -7.5942
3 16 28.8941 -1.25 -8.8975 28.6326 0 -8.6326 29.2758 -1.25 -7.8665
3 16 29.2758 -1.25 -7.8665 28.6326 0 -8.6326 29 0 -7.5946
3 16 28.8941 -1.25 -8.8975 29.2758 -1.25 -7.8665 30 -1.25 -10
3 16 -8.8975 -1.25 -8.8941 -8.6326 0 -8.6327 -7.8694 -1.25 -9.2721
3 16 -7.8694 -1.25 -9.2721 -8.6326 0 -8.6327 -7.5936 0 -8.9998
3 16 -8.8975 -1.25 -8.8941 -7.8694 -1.25 -9.2721 -10 -1.25 -10
3 16 28.8975 -1.25 8.8941 28.633 0 8.6326 27.8694 -1.25 9.2721
3 16 27.8694 -1.25 9.2721 28.633 0 8.6326 27.5936 0 9
3 16 28.8975 -1.25 8.8941 27.8694 -1.25 9.2721 30 -1.25 10
3 16 -8.8957 -1.25 8.8975 -8.6343 0 8.6326 -9.2758 -1.25 7.8665
3 16 -9.2758 -1.25 7.8665 -8.6343 0 8.6326 -9 0 7.5944
3 16 -8.8957 -1.25 8.8975 -9.2758 -1.25 7.8665 -10 -1.25 10
3 16 -10 -1.25 -10 -10 -8 -10 -10 -1.25 10
3 16 -10 -1.25 10 -10 -8 -10 -10 -8 10
3 16 30 -1.25 -10 30 -8 -10 -10 -1.25 -10
3 16 -10 -1.25 -10 30 -8 -10 -10 -8 -10
3 16 -10 -1.25 10 -10 -8 10 30 -1.25 10
3 16 30 -1.25 10 -10 -8 10 30 -8 10
3 16 30 -1.25 10 30 -8 10 30 -1.25 -10
3 16 30 -1.25 -10 30 -8 10 30 -8 -10
3 16 30 -8 10 -10 -8 10 30 -8 -10
3 16 30 -8 -10 -10 -8 10 -10 -8 -10
3 16 -7.8694 -1.25 -9.2721 -7.5936 0 -8.9998 27.8665 -1.25 -9.2758
3 16 27.8665 -1.25 -9.2758 -7.5936 0 -8.9998 27.5935 0 -9.0002
3 16 -10 -1.25 -10 -7.8694 -1.25 -9.2721 30 -1.25 -10
3 16 30 -1.25 -10 -7.8694 -1.25 -9.2721 27.8665 -1.25 -9.2758
3 16 30 -1.25 10 27.8694 -1.25 9.2721 -10 -1.25 10
3 16 -10 -1.25 10 27.8694 -1.25 9.2721 -7.8665 -1.25 9.2758
3 16 -7.5935 0 9 -7.8665 -1.25 9.2758 27.5936 0 9
3 16 27.5936 0 9 -7.8665 -1.25 9.2758 27.8694 -1.25 9.2721
3 16 -9.2758 -1.25 7.8665 -9 0 7.5944 -9.2758 -1.25 -7.8665
3 16 -9.2758 -1.25 -7.8665 -9 0 7.5944 -9 0 -7.5942
3 16 -10 -1.25 10 -9.2758 -1.25 7.8665 -10 -1.25 -10
3 16 -10 -1.25 -10 -9.2758 -1.25 7.8665 -9.2758 -1.25 -7.8665
3 16 30 -1.25 -10 29.2758 -1.25 -7.8665 30 -1.25 10
3 16 30 -1.25 10 29.2758 -1.25 -7.8665 29.2758 -1.25 7.8665
3 16 29 0 7.5944 29.2758 -1.25 7.8665 29 0 -7.5946
3 16 29 0 -7.5946 29.2758 -1.25 7.8665 29.2758 -1.25 -7.8665
3 16 28.6326 0 -8.6326 27.5935 0 -9.0002 26.25 0 -6.25
3 16 -8.6326 0 -8.6327 -9 0 -7.5942 -6.25 0 -6.25
3 16 -8.6343 0 8.6326 -7.5935 0 9 -6.25 0 6.25
3 16 28.633 0 8.6326 29 0 7.5942 26.25 0 6.25
3 16 29 0 -7.5946 28.6326 0 -8.6326 26.25 0 -6.25
3 16 -7.5936 0 -8.9998 -8.6326 0 -8.6327 -6.25 0 -6.25
3 16 27.5936 0 8.9998 28.633 0 8.6326 26.25 0 6.25
3 16 -9 0 7.5944 -8.6343 0 8.6326 -6.25 0 6.25
3 16 27.5935 0 -9.0002 -7.5936 0 -8.9998 26.25 0 -6.25
3 16 26.25 0 -6.25 -7.5936 0 -8.9998 -6.25 0 -6.25
3 16 -7.5935 0 9 27.5936 0 8.9998 -6.25 0 6.25
3 16 -6.25 0 6.25 27.5936 0 8.9998 26.25 0 6.25
3 16 -9 0 -7.5942 -9 0 7.5944 -6.25 0 -6.25
3 16 -6.25 0 -6.25 -9 0 7.5944 -6.25 0 6.25
3 16 29 0 7.5942 29 0 -7.5946 26.25 0 6.25
3 16 26.25 0 6.25 29 0 -7.5946 26.25 0 -6.25
3 16 -6.25 0 -6.25 -6.25 0 6.25 -6.25 -5.25 -6.25
3 16 -6.25 -5.25 -6.25 -6.25 0 6.25 -6.25 -5.25 6.25
3 16 26.25 0 6.25 26.25 0 -6.25 26.25 -5.25 6.25
3 16 26.25 -5.25 6.25 26.25 0 -6.25 26.25 -5.25 -6.25
3 16 -6.25 0 -6.25 -6.25 -5.25 -6.25 26.25 0 -6.25
3 16 26.25 0 -6.25 -6.25 -5.25 -6.25 26.25 -5.25 -6.25
3 16 26.25 0 6.25 26.25 -5.25 6.25 -6.25 0 6.25
3 16 -6.25 0 6.25 26.25 -5.25 6.25 -6.25 -5.25 6.25
3 16 26.25 -5.25 6.25 26.25 -5.25 -6.25 -6.25 -5.25 6.25
3 16 -6.25 -5.25 6.25 26.25 -5.25 -6.25 -6.25 -5.25 -6.25
2 24 27.8665 -1.25 -9.2758 28.8941 -1.25 -8.8975
2 24 28.8941 -1.25 -8.8975 27.8665 -1.25 -9.2758
2 24 28.8941 -1.25 -8.8975 28.6326 0 -8.6326
2 24 28.6326 0 -8.6326 27.5935 0 -9.0002
2 24 -7.8665 -1.25 9.2758 -8.8957 -1.25 8.8975
2 24 -8.8957 -1.25 8.8975 -7.8665 -1.25 9.2758
2 24 -8.8957 -1.25 8.8975 -8.6343 0 8.6326
2 24 -8.6343 0 8.6326 -7.5935 0 9
2 24 29.2758 -1.25 7.8665 28.8975 -1.25 8.8941
2 24 28.8975 -1.25 8.8941 29.2758 -1.25 7.8665
2 24 28.8975 -1.25 8.8941 28.633 0 8.6326
2 24 28.633 0 8.6326 29 0 7.5944
2 24 -9.2758 -1.25 -7.8665 -8.8975 -1.25 -8.8941
2 24 -8.8975 -1.25 -8.8941 -9.2758 -1.25 -7.8665
2 24 -8.8975 -1.25 -8.8941 -8.6326 0 -8.6327
2 24 -8.6326 0 -8.6327 -9 0 -7.5942
2 24 28.8941 -1.25 -8.8975 29.2758 -1.25 -7.8665
2 24 28.6326 0 -8.6326 29 0 -7.5946
2 24 28.8941 -1.25 -8.8975 29.2758 -1.25 -7.8665
2 24 -8.8975 -1.25 -8.8941 -7.8694 -1.25 -9.2721
2 24 -8.6326 0 -8.6327 -7.5936 0 -8.9998
2 24 -8.8975 -1.25 -8.8941 -7.8694 -1.25 -9.2721
2 24 28.8975 -1.25 8.8941 27.8694 -1.25 9.2721
2 24 28.633 0 8.6326 27.5936 0 9
2 24 28.8975 -1.25 8.8941 27.8694 -1.25 9.2721
2 24 -8.8957 -1.25 8.8975 -9.2758 -1.25 7.8665
2 24 -8.6343 0 8.6326 -9 0 7.5944
2 24 -8.8957 -1.25 8.8975 -9.2758 -1.25 7.8665
2 24 -10 -1.25 -10 -10 -8 -10
2 24 -10 -1.25 -10 -10 -1.25 10
2 24 -10 -8 -10 -10 -8 10
2 24 -10 -1.25 10 -10 -8 10
2 24 30 -1.25 -10 30 -8 -10
2 24 30 -1.25 -10 -10 -1.25 -10
2 24 30 -8 -10 -10 -8 -10
2 24 -10 -1.25 -10 -10 -8 -10
2 24 -10 -1.25 10 -10 -8 10
2 24 -10 -1.25 10 30 -1.25 10
2 24 -10 -8 10 30 -8 10
2 24 30 -1.25 10 30 -8 10
2 24 30 -1.25 10 30 -8 10
2 24 30 -1.25 10 30 -1.25 -10
2 24 30 -8 10 30 -8 -10
2 24 30 -1.25 -10 30 -8 -10
2 24 30 -8 10 -10 -8 10
2 24 30 -8 10 30 -8 -10
2 24 -10 -8 10 -10 -8 -10
2 24 30 -8 -10 -10 -8 -10
2 24 27.8665 -1.25 -9.2758 -7.8694 -1.25 -9.2721
2 24 27.5935 0 -9.0002 -7.5936 0 -8.9998
2 24 30 -1.25 -10 -10 -1.25 -10
2 24 27.8665 -1.25 -9.2758 -7.8694 -1.25 -9.2721
2 24 -10 -1.25 10 30 -1.25 10
2 24 -7.8665 -1.25 9.2758 27.8694 -1.25 9.2721
2 24 -7.5935 0 9 27.5936 0 9
2 24 -7.8665 -1.25 9.2758 27.8694 -1.25 9.2721
2 24 -9.2758 -1.25 -7.8665 -9.2758 -1.25 7.8665
2 24 -9 0 -7.5942 -9 0 7.5944
2 24 -10 -1.25 10 -10 -1.25 -10
2 24 -9.2758 -1.25 -7.8665 -9.2758 -1.25 7.8665
2 24 30 -1.25 -10 30 -1.25 10
2 24 29.2758 -1.25 7.8665 29.2758 -1.25 -7.8665
2 24 29 0 7.5944 29 0 -7.5946
2 24 29.2758 -1.25 7.8665 29.2758 -1.25 -7.8665
2 24 28.6326 0 -8.6326 27.5935 0 -9.0002
2 24 -8.6326 0 -8.6327 -9 0 -7.5942
2 24 -8.6343 0 8.6326 -7.5935 0 9
2 24 28.633 0 8.6326 29 0 7.5942
2 24 28.6326 0 -8.6326 29 0 -7.5946
2 24 -8.6326 0 -8.6327 -7.5936 0 -8.9998
2 24 28.633 0 8.6326 27.5936 0 8.9998
2 24 -8.6343 0 8.6326 -9 0 7.5944
2 24 27.5935 0 -9.0002 -7.5936 0 -8.9998
2 24 26.25 0 -6.25 -6.25 0 -6.25
2 24 -7.5935 0 9 27.5936 0 8.9998
2 24 -6.25 0 6.25 26.25 0 6.25
2 24 -9 0 -7.5942 -9 0 7.5944
2 24 -6.25 0 -6.25 -6.25 0 6.25
2 24 29 0 7.5942 29 0 -7.5946
2 24 26.25 0 -6.25 26.25 0 6.25
2 24 -6.25 0 -6.25 -6.25 0 6.25
2 24 -6.25 0 -6.25 -6.25 -5.25 -6.25
2 24 -6.25 0 6.25 -6.25 -5.25 6.25
2 24 -6.25 -5.25 -6.25 -6.25 -5.25 6.25
2 24 26.25 0 6.25 26.25 0 -6.25
2 24 26.25 0 6.25 26.25 -5.25 6.25
2 24 26.25 0 -6.25 26.25 -5.25 -6.25
2 24 26.25 -5.25 6.25 26.25 -5.25 -6.25
2 24 -6.25 0 -6.25 -6.25 -5.25 -6.25
2 24 -6.25 0 -6.25 26.25 0 -6.25
2 24 -6.25 -5.25 -6.25 26.25 -5.25 -6.25
2 24 26.25 0 -6.25 26.25 -5.25 -6.25
2 24 26.25 0 6.25 26.25 -5.25 6.25
2 24 26.25 0 6.25 -6.25 0 6.25
2 24 26.25 -5.25 6.25 -6.25 -5.25 6.25
2 24 -6.25 0 6.25 -6.25 -5.25 6.25
2 24 26.25 -5.25 6.25 26.25 -5.25 -6.25
2 24 26.25 -5.25 6.25 -6.25 -5.25 6.25
2 24 26.25 -5.25 -6.25 -6.25 -5.25 -6.25
2 24 -6.25 -5.25 6.25 -6.25 -5.25 -6.25
2 24 30 -8.075 10 -10 -8.075 10
2 24 30 -8.075 10 30 -8.075 -10
2 24 -10 -8.075 10 -10 -8.075 -10
2 24 30 -8.075 -10 -10 -8.075 -10
0 STEP
