0 Untitled Model
0 Name: Untitled Model
0 Author: 
0 BFC CERTIFY CCW
3 16 -12.708 -5.1966 0.0022 -12.2069 -5.2256 3.2751 -11.5076 -3.8511 0.002 0.9985 0.1832 0.9157 0.1832 0.9985 0.1094
3 16 -11.5076 -3.8511 0.002 -12.2069 -5.2256 3.2751 -11.0813 -3.8883 2.973 0.9985 0.1094 0.9157 0.1832 0.9157 0.1094
3 16 -12.7223 -21.4269 0.0022 -11.6126 -22.898 0.002 -12.2248 -21.4043 3.2798 0.9985 0.813 0.9985 0.8885 0.9157 0.813
3 16 -12.2248 -21.4043 3.2798 -11.6126 -22.898 0.002 -11.1861 -22.8652 3.002 0.9157 0.813 0.9985 0.8885 0.9157 0.8885
3 16 -12.2069 -5.2256 3.2751 -10.9076 -5.2431 6.3013 -11.0813 -3.8883 2.973 0.9157 0.1832 0.8328 0.1832 0.9157 0.1094
3 16 -11.0813 -3.8883 2.973 -10.9076 -5.2431 6.3013 -9.9166 -3.9109 5.7288 0.9157 0.1094 0.8328 0.1832 0.8328 0.1094
3 16 -12.2248 -21.4043 3.2798 -11.1861 -22.8652 3.002 -10.926 -21.3906 6.3118 0.9157 0.813 0.9157 0.8885 0.8328 0.813
3 16 -10.926 -21.3906 6.3118 -11.1861 -22.8652 3.002 -10.013 -22.8449 5.7848 0.8328 0.813 0.9157 0.8885 0.8328 0.8885
3 16 -10.9076 -5.2431 6.3013 -8.8961 -5.249 8.8992 -9.9166 -3.9109 5.7288 0.8328 0.1832 0.7498 0.1832 0.8328 0.1094
3 16 -9.9166 -3.9109 5.7288 -8.8961 -5.249 8.8992 -8.0919 -3.9185 8.0947 0.8328 0.1094 0.7498 0.1832 0.7498 0.1094
3 16 -10.926 -21.3906 6.3118 -10.013 -22.8449 5.7848 -8.9116 -21.386 8.9147 0.8328 0.813 0.8328 0.8885 0.7498 0.813
3 16 -8.9116 -21.386 8.9147 -10.013 -22.8449 5.7848 -8.1709 -22.8387 8.1736 0.7498 0.813 0.8328 0.8885 0.7498 0.8885
3 16 -8.0919 -3.9185 8.0947 -8.8961 -5.249 8.8992 -5.7253 -3.911 9.9186 0.7498 0.1094 0.7498 0.1832 0.6668 0.1094
3 16 -5.7253 -3.911 9.9186 -8.8961 -5.249 8.8992 -6.2974 -5.2431 10.9097 0.6668 0.1094 0.7498 0.1832 0.6668 0.1832
3 16 -6.3079 -21.3906 10.928 -8.9116 -21.386 8.9147 -5.7812 -22.8451 10.0147 0.6668 0.813 0.7498 0.813 0.6668 0.8885
3 16 -5.7812 -22.8451 10.0147 -8.9116 -21.386 8.9147 -8.1709 -22.8387 8.1736 0.6668 0.8885 0.7498 0.813 0.7498 0.8885
3 16 -5.7253 -3.911 9.9186 -6.2974 -5.2431 10.9097 -2.969 -3.8885 11.0821 0.6668 0.1094 0.6668 0.1832 0.5866 0.1094
3 16 -2.969 -3.8885 11.0821 -6.2974 -5.2431 10.9097 -3.2708 -5.2258 12.2077 0.5866 0.1094 0.6668 0.1832 0.5866 0.1832
3 16 -3.2754 -21.4042 12.2256 -6.3079 -21.3906 10.928 -2.9981 -22.865 11.187 0.5866 0.813 0.6668 0.813 0.5866 0.8885
3 16 -2.9981 -22.865 11.187 -6.3079 -21.3906 10.928 -5.7812 -22.8451 10.0147 0.5866 0.8885 0.6668 0.813 0.6668 0.8885
3 16 -2.969 -3.8885 11.0821 -3.2708 -5.2258 12.2077 0.002 -3.8511 11.5076 0.5866 0.1094 0.5866 0.1832 0.5001 0.1094
3 16 0.002 -3.8511 11.5076 -3.2708 -5.2258 12.2077 0.0022 -5.1966 12.708 0.5001 0.1094 0.5866 0.1832 0.5001 0.1832
3 16 0.0022 -21.4269 12.7223 -3.2754 -21.4042 12.2256 0.002 -22.898 11.6126 0.5001 0.813 0.5866 0.813 0.5001 0.8885
3 16 0.002 -22.898 11.6126 -3.2754 -21.4042 12.2256 -2.9981 -22.865 11.187 0.5001 0.8885 0.5866 0.813 0.5866 0.8885
3 16 0.0022 -5.1966 12.708 3.2751 -5.2256 12.2069 0.002 -3.8511 11.5076 0.5001 0.1832 0.4136 0.1832 0.5001 0.1094
3 16 0.002 -3.8511 11.5076 3.2751 -5.2256 12.2069 2.973 -3.8883 11.0813 0.5001 0.1094 0.4136 0.1832 0.4136 0.1094
3 16 0.0022 -21.4269 12.7223 0.002 -22.898 11.6126 3.2798 -21.4043 12.2248 0.5001 0.813 0.5001 0.8885 0.4136 0.813
3 16 3.2798 -21.4043 12.2248 0.002 -22.898 11.6126 3.002 -22.8652 11.1861 0.4136 0.813 0.5001 0.8885 0.4136 0.8885
3 16 3.2751 -5.2256 12.2069 6.3013 -5.2431 10.9076 2.973 -3.8883 11.0813 0.4136 0.1832 0.3334 0.1832 0.4136 0.1094
3 16 2.973 -3.8883 11.0813 6.3013 -5.2431 10.9076 5.7288 -3.9109 9.9166 0.4136 0.1094 0.3334 0.1832 0.3334 0.1094
3 16 3.2798 -21.4043 12.2248 3.002 -22.8652 11.1861 6.3118 -21.3907 10.926 0.4136 0.813 0.4136 0.8885 0.3334 0.813
3 16 6.3118 -21.3907 10.926 3.002 -22.8652 11.1861 5.7848 -22.8449 10.013 0.3334 0.813 0.4136 0.8885 0.3334 0.8885
3 16 6.3013 -5.2431 10.9076 8.8992 -5.249 8.8961 5.7288 -3.9109 9.9166 0.3334 0.1832 0.2507 0.1832 0.3334 0.1094
3 16 5.7288 -3.9109 9.9166 8.8992 -5.249 8.8961 8.0947 -3.9185 8.0919 0.3334 0.1094 0.2507 0.1832 0.2507 0.1094
3 16 6.3118 -21.3907 10.926 5.7848 -22.8449 10.013 8.9147 -21.386 8.9116 0.3334 0.813 0.3334 0.8885 0.2507 0.813
3 16 8.9147 -21.386 8.9116 5.7848 -22.8449 10.013 8.1736 -22.8387 8.1709 0.2507 0.813 0.3334 0.8885 0.2507 0.8885
3 16 8.0947 -3.9185 8.0919 8.8992 -5.249 8.8961 9.9186 -3.911 5.7253 0.2507 0.1094 0.2507 0.1832 0.1682 0.1094
3 16 9.9186 -3.911 5.7253 8.8992 -5.249 8.8961 10.9097 -5.2431 6.2974 0.1682 0.1094 0.2507 0.1832 0.1682 0.1832
3 16 10.928 -21.3906 6.3079 8.9147 -21.386 8.9116 10.0147 -22.8451 5.7812 0.1682 0.813 0.2507 0.813 0.1682 0.8885
3 16 10.0147 -22.8451 5.7812 8.9147 -21.386 8.9116 8.1736 -22.8387 8.1709 0.1682 0.8885 0.2507 0.813 0.2507 0.8885
3 16 9.9186 -3.911 5.7253 10.9097 -5.2431 6.2974 11.0821 -3.8885 2.969 0.1682 0.1094 0.1682 0.1832 0.0852 0.1094
3 16 11.0821 -3.8885 2.969 10.9097 -5.2431 6.2974 12.2077 -5.2258 3.2708 0.0852 0.1094 0.1682 0.1832 0.0852 0.1832
3 16 12.2256 -21.4042 3.2754 10.928 -21.3906 6.3079 11.187 -22.865 2.9981 0.0852 0.813 0.1682 0.813 0.0852 0.8885
3 16 11.187 -22.865 2.9981 10.928 -21.3906 6.3079 10.0147 -22.8451 5.7812 0.0852 0.8885 0.1682 0.813 0.1682 0.8885
3 16 11.0821 -3.8885 2.969 12.2077 -5.2258 3.2708 11.5076 -3.8511 -0.002 0.0852 0.1094 0.0852 0.1832 0.002 0.1094
3 16 11.5076 -3.8511 -0.002 12.2077 -5.2258 3.2708 12.708 -5.1966 -0.0022 0.002 0.1094 0.0852 0.1832 0.002 0.1832
3 16 12.7222 -21.4269 -0.0022 12.2256 -21.4042 3.2754 11.6126 -22.898 -0.002 0.002 0.813 0.0852 0.813 0.002 0.8885
3 16 11.6126 -22.898 -0.002 12.2256 -21.4042 3.2754 11.187 -22.865 2.9981 0.002 0.8885 0.0852 0.813 0.0852 0.8885
3 16 -13.3746 -19.7542 0.0023 -12.7223 -21.4269 0.0022 -12.8302 -19.7481 3.4423 0.9985 0.7448 0.9985 0.813 0.9157 0.7448
3 16 -12.8302 -19.7481 3.4423 -12.7223 -21.4269 0.0022 -12.2248 -21.4043 3.2798 0.9157 0.7448 0.9985 0.813 0.9157 0.813
3 16 -12.8302 -19.7481 3.4423 -12.2248 -21.4043 3.2798 -11.4555 -19.7444 6.6177 0.9157 0.7448 0.9157 0.813 0.8328 0.7448
3 16 -11.4555 -19.7444 6.6177 -12.2248 -21.4043 3.2798 -10.926 -21.3906 6.3118 0.8328 0.7448 0.9157 0.813 0.8328 0.813
3 16 -11.4555 -19.7444 6.6177 -10.926 -21.3906 6.3118 -9.3403 -19.7432 9.3436 0.8328 0.7448 0.8328 0.813 0.7498 0.7448
3 16 -9.3403 -19.7432 9.3436 -10.926 -21.3906 6.3118 -8.9116 -21.386 8.9147 0.7498 0.7448 0.8328 0.813 0.7498 0.813
3 16 -6.6136 -19.7444 11.4576 -9.3403 -19.7432 9.3436 -6.3079 -21.3906 10.928 0.6668 0.7448 0.7498 0.7448 0.6668 0.813
3 16 -6.3079 -21.3906 10.928 -9.3403 -19.7432 9.3436 -8.9116 -21.386 8.9147 0.6668 0.813 0.7498 0.7448 0.7498 0.813
3 16 -3.4377 -19.7481 12.8309 -6.6136 -19.7444 11.4576 -3.2754 -21.4042 12.2256 0.5866 0.7448 0.6668 0.7448 0.5866 0.813
3 16 -3.2754 -21.4042 12.2256 -6.6136 -19.7444 11.4576 -6.3079 -21.3906 10.928 0.5866 0.813 0.6668 0.7448 0.6668 0.813
3 16 0.0023 -19.7542 13.3746 -3.4377 -19.7481 12.8309 0.0022 -21.4269 12.7223 0.5001 0.7448 0.5866 0.7448 0.5001 0.813
3 16 0.0022 -21.4269 12.7223 -3.4377 -19.7481 12.8309 -3.2754 -21.4042 12.2256 0.5001 0.813 0.5866 0.7448 0.5866 0.813
3 16 0.0023 -19.7542 13.3746 0.0022 -21.4269 12.7223 3.4423 -19.7481 12.8302 0.5001 0.7448 0.5001 0.813 0.4136 0.7448
3 16 3.4423 -19.7481 12.8302 0.0022 -21.4269 12.7223 3.2798 -21.4043 12.2248 0.4136 0.7448 0.5001 0.813 0.4136 0.813
3 16 3.4423 -19.7481 12.8302 3.2798 -21.4043 12.2248 6.6177 -19.7444 11.4555 0.4136 0.7448 0.4136 0.813 0.3334 0.7448
3 16 6.6177 -19.7444 11.4555 3.2798 -21.4043 12.2248 6.3118 -21.3907 10.926 0.3334 0.7448 0.4136 0.813 0.3334 0.813
3 16 6.6177 -19.7444 11.4555 6.3118 -21.3907 10.926 9.3436 -19.7432 9.3403 0.3334 0.7448 0.3334 0.813 0.2507 0.7448
3 16 9.3436 -19.7432 9.3403 6.3118 -21.3907 10.926 8.9147 -21.386 8.9116 0.2507 0.7448 0.3334 0.813 0.2507 0.813
3 16 11.4576 -19.7444 6.6136 9.3436 -19.7432 9.3403 10.928 -21.3906 6.3079 0.1682 0.7448 0.2507 0.7448 0.1682 0.813
3 16 10.928 -21.3906 6.3079 9.3436 -19.7432 9.3403 8.9147 -21.386 8.9116 0.1682 0.813 0.2507 0.7448 0.2507 0.813
3 16 12.8309 -19.7481 3.4377 11.4576 -19.7444 6.6136 12.2256 -21.4042 3.2754 0.0852 0.7448 0.1682 0.7448 0.0852 0.813
3 16 12.2256 -21.4042 3.2754 11.4576 -19.7444 6.6136 10.928 -21.3906 6.3079 0.0852 0.813 0.1682 0.7448 0.1682 0.813
3 16 13.3745 -19.7542 -0.0023 12.8309 -19.7481 3.4377 12.7222 -21.4269 -0.0022 0.002 0.7448 0.0852 0.7448 0.002 0.813
3 16 12.7222 -21.4269 -0.0022 12.8309 -19.7481 3.4377 12.2256 -21.4042 3.2754 0.002 0.813 0.0852 0.7448 0.0852 0.813
3 16 -13.3745 -6.8672 0.0023 -12.8302 -6.8734 3.4423 -12.708 -5.1966 0.0022 0.9985 0.2513 0.9157 0.2513 0.9985 0.1832
3 16 -12.708 -5.1966 0.0022 -12.8302 -6.8734 3.4423 -12.2069 -5.2256 3.2751 0.9985 0.1832 0.9157 0.2513 0.9157 0.1832
3 16 -12.8302 -6.8734 3.4423 -13.3745 -6.8672 0.0023 -12.8302 -19.7481 3.4423 0.9157 0.2513 0.9985 0.2513 0.9157 0.7448
3 16 -12.8302 -19.7481 3.4423 -13.3745 -6.8672 0.0023 -13.3746 -19.7542 0.0023 0.9157 0.7448 0.9985 0.2513 0.9985 0.7448
3 16 -12.8302 -6.8734 3.4423 -11.4555 -6.8772 6.6177 -12.2069 -5.2256 3.2751 0.9157 0.2513 0.8328 0.2513 0.9157 0.1832
3 16 -12.2069 -5.2256 3.2751 -11.4555 -6.8772 6.6177 -10.9076 -5.2431 6.3013 0.9157 0.1832 0.8328 0.2513 0.8328 0.1832
3 16 -11.4555 -6.8772 6.6177 -12.8302 -6.8734 3.4423 -11.4555 -19.7444 6.6177 0.8328 0.2513 0.9157 0.2513 0.8328 0.7448
3 16 -11.4555 -19.7444 6.6177 -12.8302 -6.8734 3.4423 -12.8302 -19.7481 3.4423 0.8328 0.7448 0.9157 0.2513 0.9157 0.7448
3 16 -11.4555 -6.8772 6.6177 -9.3403 -6.8785 9.3436 -10.9076 -5.2431 6.3013 0.8328 0.2513 0.7498 0.2513 0.8328 0.1832
3 16 -10.9076 -5.2431 6.3013 -9.3403 -6.8785 9.3436 -8.8961 -5.249 8.8992 0.8328 0.1832 0.7498 0.2513 0.7498 0.1832
3 16 -9.3403 -6.8785 9.3436 -11.4555 -6.8772 6.6177 -9.3403 -19.7432 9.3436 0.7498 0.2513 0.8328 0.2513 0.7498 0.7448
3 16 -9.3403 -19.7432 9.3436 -11.4555 -6.8772 6.6177 -11.4555 -19.7444 6.6177 0.7498 0.7448 0.8328 0.2513 0.8328 0.7448
3 16 -6.6136 -6.8772 11.4576 -6.2974 -5.2431 10.9097 -9.3403 -6.8785 9.3436 0.6668 0.2513 0.6668 0.1832 0.7498 0.2513
3 16 -9.3403 -6.8785 9.3436 -6.2974 -5.2431 10.9097 -8.8961 -5.249 8.8992 0.7498 0.2513 0.6668 0.1832 0.7498 0.1832
3 16 -6.6136 -6.8772 11.4576 -9.3403 -6.8785 9.3436 -6.6136 -19.7444 11.4576 0.6668 0.2513 0.7498 0.2513 0.6668 0.7448
3 16 -6.6136 -19.7444 11.4576 -9.3403 -6.8785 9.3436 -9.3403 -19.7432 9.3436 0.6668 0.7448 0.7498 0.2513 0.7498 0.7448
3 16 -3.4377 -6.8735 12.8309 -3.2708 -5.2258 12.2077 -6.6136 -6.8772 11.4576 0.5866 0.2513 0.5866 0.1832 0.6668 0.2513
3 16 -6.6136 -6.8772 11.4576 -3.2708 -5.2258 12.2077 -6.2974 -5.2431 10.9097 0.6668 0.2513 0.5866 0.1832 0.6668 0.1832
3 16 -3.4377 -6.8735 12.8309 -6.6136 -6.8772 11.4576 -3.4377 -19.7481 12.8309 0.5866 0.2513 0.6668 0.2513 0.5866 0.7448
3 16 -3.4377 -19.7481 12.8309 -6.6136 -6.8772 11.4576 -6.6136 -19.7444 11.4576 0.5866 0.7448 0.6668 0.2513 0.6668 0.7448
3 16 0.0023 -6.8672 13.3745 0.0022 -5.1966 12.708 -3.4377 -6.8735 12.8309 0.5001 0.2513 0.5001 0.1832 0.5866 0.2513
3 16 -3.4377 -6.8735 12.8309 0.0022 -5.1966 12.708 -3.2708 -5.2258 12.2077 0.5866 0.2513 0.5001 0.1832 0.5866 0.1832
3 16 0.0023 -6.8672 13.3745 -3.4377 -6.8735 12.8309 0.0023 -19.7542 13.3746 0.5001 0.2513 0.5866 0.2513 0.5001 0.7448
3 16 0.0023 -19.7542 13.3746 -3.4377 -6.8735 12.8309 -3.4377 -19.7481 12.8309 0.5001 0.7448 0.5866 0.2513 0.5866 0.7448
3 16 0.0023 -6.8672 13.3745 3.4423 -6.8734 12.8302 0.0022 -5.1966 12.708 0.5001 0.2513 0.4136 0.2513 0.5001 0.1832
3 16 0.0022 -5.1966 12.708 3.4423 -6.8734 12.8302 3.2751 -5.2256 12.2069 0.5001 0.1832 0.4136 0.2513 0.4136 0.1832
3 16 3.4423 -6.8734 12.8302 0.0023 -6.8672 13.3745 3.4423 -19.7481 12.8302 0.4136 0.2513 0.5001 0.2513 0.4136 0.7448
3 16 3.4423 -19.7481 12.8302 0.0023 -6.8672 13.3745 0.0023 -19.7542 13.3746 0.4136 0.7448 0.5001 0.2513 0.5001 0.7448
3 16 3.4423 -6.8734 12.8302 6.6177 -6.8772 11.4555 3.2751 -5.2256 12.2069 0.4136 0.2513 0.3334 0.2513 0.4136 0.1832
3 16 3.2751 -5.2256 12.2069 6.6177 -6.8772 11.4555 6.3013 -5.2431 10.9076 0.4136 0.1832 0.3334 0.2513 0.3334 0.1832
3 16 6.6177 -6.8772 11.4555 3.4423 -6.8734 12.8302 6.6177 -19.7444 11.4555 0.3334 0.2513 0.4136 0.2513 0.3334 0.7448
3 16 6.6177 -19.7444 11.4555 3.4423 -6.8734 12.8302 3.4423 -19.7481 12.8302 0.3334 0.7448 0.4136 0.2513 0.4136 0.7448
3 16 6.6177 -6.8772 11.4555 9.3436 -6.8785 9.3403 6.3013 -5.2431 10.9076 0.3334 0.2513 0.2507 0.2513 0.3334 0.1832
3 16 6.3013 -5.2431 10.9076 9.3436 -6.8785 9.3403 8.8992 -5.249 8.8961 0.3334 0.1832 0.2507 0.2513 0.2507 0.1832
3 16 9.3436 -6.8785 9.3403 6.6177 -6.8772 11.4555 9.3436 -19.7432 9.3403 0.2507 0.2513 0.3334 0.2513 0.2507 0.7448
3 16 9.3436 -19.7432 9.3403 6.6177 -6.8772 11.4555 6.6177 -19.7444 11.4555 0.2507 0.7448 0.3334 0.2513 0.3334 0.7448
3 16 11.4576 -6.8772 6.6136 10.9097 -5.2431 6.2974 9.3436 -6.8785 9.3403 0.1682 0.2513 0.1682 0.1832 0.2507 0.2513
3 16 9.3436 -6.8785 9.3403 10.9097 -5.2431 6.2974 8.8992 -5.249 8.8961 0.2507 0.2513 0.1682 0.1832 0.2507 0.1832
3 16 11.4576 -6.8772 6.6136 9.3436 -6.8785 9.3403 11.4576 -19.7444 6.6136 0.1682 0.2513 0.2507 0.2513 0.1682 0.7448
3 16 11.4576 -19.7444 6.6136 9.3436 -6.8785 9.3403 9.3436 -19.7432 9.3403 0.1682 0.7448 0.2507 0.2513 0.2507 0.7448
3 16 12.8309 -6.8735 3.4377 12.2077 -5.2258 3.2708 11.4576 -6.8772 6.6136 0.0852 0.2513 0.0852 0.1832 0.1682 0.2513
3 16 11.4576 -6.8772 6.6136 12.2077 -5.2258 3.2708 10.9097 -5.2431 6.2974 0.1682 0.2513 0.0852 0.1832 0.1682 0.1832
3 16 12.8309 -6.8735 3.4377 11.4576 -6.8772 6.6136 12.8309 -19.7481 3.4377 0.0852 0.2513 0.1682 0.2513 0.0852 0.7448
3 16 12.8309 -19.7481 3.4377 11.4576 -6.8772 6.6136 11.4576 -19.7444 6.6136 0.0852 0.7448 0.1682 0.2513 0.1682 0.7448
3 16 13.3745 -6.8672 -0.0023 12.8309 -6.8735 3.4377 13.3745 -19.7542 -0.0023 0.002 0.2513 0.0852 0.2513 0.002 0.7448
3 16 13.3745 -19.7542 -0.0023 12.8309 -6.8735 3.4377 12.8309 -19.7481 3.4377 0.002 0.7448 0.0852 0.2513 0.0852 0.7448
3 16 13.3745 -6.8672 -0.0023 12.708 -5.1966 -0.0022 12.8309 -6.8735 3.4377 0.002 0.2513 0.002 0.1832 0.0852 0.2513
3 16 12.8309 -6.8735 3.4377 12.708 -5.1966 -0.0022 12.2077 -5.2258 3.2708 0.0852 0.2513 0.002 0.1832 0.0852 0.1832
0 STEP
