0 Untitled Model
0 Name: Untitled Model
0 Author: 
0 BFC CERTIFY CCW
3 16 12.8363 -5.1189 -0.0022 12.3306 -5.149 -3.3113 11.6016 -3.7343 -0.002 0.9989 0.1832 0.9155 0.1832 0.9989 0.1094
3 16 11.6016 -3.7343 -0.002 12.3306 -5.149 -3.3113 11.1727 -3.7726 -3 0.9989 0.1094 0.9155 0.1832 0.9155 0.1094
3 16 12.8536 -21.4993 -0.0022 11.7162 -23.0065 -0.002 12.3517 -21.4754 -3.3166 0.9989 0.813 0.9989 0.8883 0.9155 0.813
3 16 12.3517 -21.4754 -3.3166 11.7162 -23.0065 -0.002 11.2866 -22.9726 -3.0313 0.9155 0.813 0.9989 0.8883 0.9155 0.8882
3 16 12.3306 -5.149 -3.3113 11.0188 -5.1671 -6.3674 11.1727 -3.7726 -3 0.9155 0.1832 0.8324 0.1832 0.9155 0.1094
3 16 11.1727 -3.7726 -3 11.0188 -5.1671 -6.3674 9.9992 -3.7958 -5.7781 0.9155 0.1094 0.8324 0.1832 0.8324 0.1094
3 16 12.3517 -21.4754 -3.3166 11.2866 -22.9726 -3.0313 11.04 -21.4608 -6.3795 0.9155 0.813 0.9155 0.8882 0.8324 0.813
3 16 11.04 -21.4608 -6.3795 11.2866 -22.9726 -3.0313 10.104 -22.9512 -5.8387 0.8324 0.813 0.9155 0.8882 0.8324 0.8882
3 16 11.0188 -5.1671 -6.3674 8.9877 -5.1734 -8.9908 9.9992 -3.7958 -5.7781 0.8324 0.1832 0.7499 0.1832 0.8324 0.1094
3 16 9.9992 -3.7958 -5.7781 8.9877 -5.1734 -8.9908 8.1602 -3.8037 -8.163 0.8324 0.1094 0.7499 0.1832 0.7499 0.1094
3 16 11.04 -21.4608 -6.3795 10.104 -22.9512 -5.8387 9.0055 -21.4558 -9.0086 0.8324 0.813 0.8324 0.8882 0.7499 0.813
3 16 9.0055 -21.4558 -9.0086 10.104 -22.9512 -5.8387 8.2455 -22.9455 -8.248 0.7499 0.813 0.8324 0.8882 0.7499 0.8882
3 16 8.1602 -3.8037 -8.163 8.9877 -5.1734 -8.9908 5.7746 -3.7959 -10.0012 0.7499 0.1094 0.7499 0.1832 0.6664 0.1094
3 16 5.7746 -3.7959 -10.0012 8.9877 -5.1734 -8.9908 6.3635 -5.1672 -11.0209 0.6664 0.1094 0.7499 0.1832 0.6664 0.1832
3 16 6.3755 -21.4608 -11.0421 9.0055 -21.4558 -9.0086 5.835 -22.9518 -10.1053 0.6664 0.813 0.7499 0.813 0.6664 0.8882
3 16 5.835 -22.9518 -10.1053 9.0055 -21.4558 -9.0086 8.2455 -22.9455 -8.248 0.6664 0.8882 0.7499 0.813 0.7499 0.8882
3 16 5.7746 -3.7959 -10.0012 6.3635 -5.1672 -11.0209 2.996 -3.7728 -11.1736 0.6664 0.1094 0.6664 0.1832 0.5864 0.1094
3 16 2.996 -3.7728 -11.1736 6.3635 -5.1672 -11.0209 3.307 -5.1491 -12.3314 0.5864 0.1094 0.6664 0.1832 0.5864 0.1832
3 16 3.3122 -21.4753 -12.3525 6.3755 -21.4608 -11.0421 3.0273 -22.9725 -11.2875 0.5864 0.813 0.6664 0.813 0.5864 0.8883
3 16 3.0273 -22.9725 -11.2875 6.3755 -21.4608 -11.0421 5.835 -22.9518 -10.1053 0.5864 0.8883 0.6664 0.813 0.6664 0.8882
3 16 2.996 -3.7728 -11.1736 3.307 -5.1491 -12.3314 -0.002 -3.7343 -11.6016 0.5864 0.1094 0.5864 0.1832 0.4999 0.1094
3 16 -0.002 -3.7343 -11.6016 3.307 -5.1491 -12.3314 -0.0022 -5.1189 -12.8363 0.4999 0.1094 0.5864 0.1832 0.4999 0.1832
3 16 -0.0022 -21.4993 -12.8536 3.3122 -21.4753 -12.3525 -0.002 -23.0065 -11.7162 0.4999 0.813 0.5864 0.813 0.4999 0.8883
3 16 -0.002 -23.0065 -11.7162 3.3122 -21.4753 -12.3525 3.0273 -22.9725 -11.2875 0.4999 0.8883 0.5864 0.813 0.5864 0.8883
3 16 -0.0022 -5.1189 -12.8363 -3.3113 -5.1489 -12.3306 -0.002 -3.7343 -11.6016 0.4999 0.1832 0.4134 0.1832 0.4999 0.1094
3 16 -0.002 -3.7343 -11.6016 -3.3113 -5.1489 -12.3306 -3 -3.7726 -11.1727 0.4999 0.1094 0.4134 0.1832 0.4134 0.1094
3 16 -0.0022 -21.4993 -12.8536 -0.002 -23.0065 -11.7162 -3.3166 -21.4754 -12.3517 0.4999 0.813 0.4999 0.8883 0.4134 0.813
3 16 -3.3166 -21.4754 -12.3517 -0.002 -23.0065 -11.7162 -3.0313 -22.9726 -11.2866 0.4134 0.813 0.4999 0.8883 0.4134 0.8883
3 16 -3.3113 -5.1489 -12.3306 -6.3675 -5.1671 -11.0188 -3 -3.7726 -11.1727 0.4134 0.1832 0.333 0.1832 0.4134 0.1094
3 16 -3 -3.7726 -11.1727 -6.3675 -5.1671 -11.0188 -5.7781 -3.7958 -9.9993 0.4134 0.1094 0.333 0.1832 0.333 0.1094
3 16 -3.3166 -21.4754 -12.3517 -3.0313 -22.9726 -11.2866 -6.3795 -21.4608 -11.04 0.4134 0.813 0.4134 0.8883 0.333 0.813
3 16 -6.3795 -21.4608 -11.04 -3.0313 -22.9726 -11.2866 -5.8387 -22.9512 -10.104 0.333 0.813 0.4134 0.8883 0.333 0.8883
3 16 -6.3675 -5.1671 -11.0188 -8.9908 -5.1734 -8.9877 -5.7781 -3.7958 -9.9993 0.333 0.1832 0.2509 0.1832 0.333 0.1094
3 16 -5.7781 -3.7958 -9.9993 -8.9908 -5.1734 -8.9877 -8.163 -3.8037 -8.1602 0.333 0.1094 0.2509 0.1832 0.2509 0.1094
3 16 -6.3795 -21.4608 -11.04 -5.8387 -22.9512 -10.104 -9.0086 -21.4558 -9.0055 0.333 0.813 0.333 0.8883 0.2509 0.813
3 16 -9.0086 -21.4558 -9.0055 -5.8387 -22.9512 -10.104 -8.248 -22.9455 -8.2455 0.2509 0.813 0.333 0.8883 0.2509 0.8883
3 16 -8.163 -3.8037 -8.1602 -8.9908 -5.1734 -8.9877 -10.0012 -3.7959 -5.7746 0.2509 0.1094 0.2509 0.1832 0.1683 0.1094
3 16 -10.0012 -3.7959 -5.7746 -8.9908 -5.1734 -8.9877 -11.0209 -5.1672 -6.3635 0.1683 0.1094 0.2509 0.1832 0.1683 0.1832
3 16 -10.0012 -3.7959 -5.7746 -11.0209 -5.1672 -6.3635 -11.1736 -3.7728 -2.996 0.1683 0.1094 0.1683 0.1832 0.0851 0.1094
3 16 -11.1736 -3.7728 -2.996 -11.0209 -5.1672 -6.3635 -12.3314 -5.1491 -3.307 0.0851 0.1094 0.1683 0.1832 0.0851 0.1832
3 16 -12.3525 -21.4753 -3.3122 -11.0421 -21.4608 -6.3755 -11.2875 -22.9725 -3.0273 0.0851 0.813 0.1683 0.813 0.0851 0.8883
3 16 -11.2875 -22.9725 -3.0273 -11.0421 -21.4608 -6.3755 -10.1053 -22.9518 -5.835 0.0851 0.8883 0.1683 0.813 0.1683 0.8883
3 16 -11.1736 -3.7728 -2.996 -12.3314 -5.1491 -3.307 -11.6016 -3.7343 0.002 0.0851 0.1094 0.0851 0.1832 0.0022 0.1094
3 16 -11.6016 -3.7343 0.002 -12.3314 -5.1491 -3.307 -12.8363 -5.1189 0.0022 0.0022 0.1094 0.0851 0.1832 0.0022 0.1832
3 16 -12.8536 -21.4993 0.0022 -12.3525 -21.4753 -3.3122 -11.7162 -23.0065 0.002 0.0022 0.8131 0.0851 0.813 0.0022 0.8884
3 16 -11.7162 -23.0065 0.002 -12.3525 -21.4753 -3.3122 -11.2875 -22.9725 -3.0273 0.0022 0.8884 0.0851 0.813 0.0851 0.8883
3 16 13.5244 -19.7606 -0.0024 12.8536 -21.4993 -0.0022 12.9741 -19.7542 -3.4841 0.9989 0.7449 0.9989 0.813 0.9155 0.7449
3 16 12.9741 -19.7542 -3.4841 12.8536 -21.4993 -0.0022 12.3517 -21.4754 -3.3166 0.9155 0.7449 0.9989 0.813 0.9155 0.813
3 16 12.9741 -19.7542 -3.4841 12.3517 -21.4754 -3.3166 11.5845 -19.7504 -6.694 0.9155 0.7449 0.9155 0.813 0.8324 0.7449
3 16 11.5845 -19.7504 -6.694 12.3517 -21.4754 -3.3166 11.04 -21.4608 -6.3795 0.8324 0.7449 0.9155 0.813 0.8324 0.813
3 16 11.5845 -19.7504 -6.694 11.04 -21.4608 -6.3795 9.4463 -19.749 -9.4496 0.8324 0.7449 0.8324 0.813 0.7499 0.7449
3 16 9.4463 -19.749 -9.4496 11.04 -21.4608 -6.3795 9.0055 -21.4558 -9.0086 0.7499 0.7449 0.8324 0.813 0.7499 0.813
3 16 6.6898 -19.7504 -11.5866 9.4463 -19.749 -9.4496 6.3755 -21.4608 -11.0421 0.6664 0.7449 0.7499 0.7449 0.6664 0.813
3 16 6.3755 -21.4608 -11.0421 9.4463 -19.749 -9.4496 9.0055 -21.4558 -9.0086 0.6664 0.813 0.7499 0.7449 0.7499 0.813
3 16 3.4795 -19.7542 -12.9748 6.6898 -19.7504 -11.5866 3.3122 -21.4753 -12.3525 0.5864 0.7449 0.6664 0.7449 0.5864 0.813
3 16 3.3122 -21.4753 -12.3525 6.6898 -19.7504 -11.5866 6.3755 -21.4608 -11.0421 0.5864 0.813 0.6664 0.7449 0.6664 0.813
3 16 -0.0024 -19.7606 -13.5244 3.4795 -19.7542 -12.9748 -0.0022 -21.4993 -12.8536 0.4999 0.7449 0.5864 0.7449 0.4999 0.813
3 16 -0.0022 -21.4993 -12.8536 3.4795 -19.7542 -12.9748 3.3122 -21.4753 -12.3525 0.4999 0.813 0.5864 0.7449 0.5864 0.813
3 16 -0.0024 -19.7606 -13.5244 -0.0022 -21.4993 -12.8536 -3.4841 -19.7542 -12.9741 0.4999 0.7449 0.4999 0.813 0.4134 0.7449
3 16 -3.4841 -19.7542 -12.9741 -0.0022 -21.4993 -12.8536 -3.3166 -21.4754 -12.3517 0.4134 0.7449 0.4999 0.813 0.4134 0.813
3 16 -3.4841 -19.7542 -12.9741 -3.3166 -21.4754 -12.3517 -6.6899 -19.7504 -11.5866 0.4134 0.7449 0.4134 0.813 0.333 0.7449
3 16 -6.6899 -19.7504 -11.5866 -3.3166 -21.4754 -12.3517 -6.3795 -21.4608 -11.04 0.333 0.7449 0.4134 0.813 0.333 0.813
3 16 -6.6899 -19.7504 -11.5866 -6.3795 -21.4608 -11.04 -9.4495 -19.749 -9.4463 0.333 0.7449 0.333 0.813 0.2509 0.7449
3 16 -9.4495 -19.749 -9.4463 -6.3795 -21.4608 -11.04 -9.0086 -21.4558 -9.0055 0.2509 0.7449 0.333 0.813 0.2509 0.813
3 16 -11.5866 -19.7504 -6.6898 -9.4495 -19.749 -9.4463 -11.0421 -21.4608 -6.3755 0.1683 0.7449 0.2509 0.7449 0.1683 0.813
3 16 -11.0421 -21.4608 -6.3755 -9.4495 -19.749 -9.4463 -9.0086 -21.4558 -9.0055 0.1683 0.813 0.2509 0.7449 0.2509 0.813
3 16 -12.9749 -19.7542 -3.4795 -11.5866 -19.7504 -6.6898 -12.3525 -21.4753 -3.3122 0.0851 0.7449 0.1683 0.7449 0.0851 0.813
3 16 -12.3525 -21.4753 -3.3122 -11.5866 -19.7504 -6.6898 -11.0421 -21.4608 -6.3755 0.0851 0.813 0.1683 0.7449 0.1683 0.813
3 16 -13.5244 -19.7606 0.0024 -12.9749 -19.7542 -3.4795 -12.8536 -21.4993 0.0022 0.0022 0.7449 0.0851 0.7449 0.0022 0.8131
3 16 -12.8536 -21.4993 0.0022 -12.9749 -19.7542 -3.4795 -12.3525 -21.4753 -3.3122 0.0022 0.8131 0.0851 0.7449 0.0851 0.813
3 16 13.5244 -6.8607 -0.0023 12.9741 -6.8671 -3.4841 12.8363 -5.1189 -0.0022 0.9989 0.2514 0.9155 0.2514 0.9989 0.1832
3 16 12.8363 -5.1189 -0.0022 12.9741 -6.8671 -3.4841 12.3306 -5.149 -3.3113 0.9989 0.1832 0.9155 0.2514 0.9155 0.1832
3 16 12.9741 -6.8671 -3.4841 13.5244 -6.8607 -0.0023 12.9741 -19.7542 -3.4841 0.9155 0.2514 0.9989 0.2514 0.9155 0.7449
3 16 12.9741 -19.7542 -3.4841 13.5244 -6.8607 -0.0023 13.5244 -19.7606 -0.0024 0.9155 0.7449 0.9989 0.2514 0.9989 0.7449
3 16 12.9741 -6.8671 -3.4841 11.5845 -6.871 -6.694 12.3306 -5.149 -3.3113 0.9155 0.2514 0.8324 0.2514 0.9155 0.1832
3 16 12.3306 -5.149 -3.3113 11.5845 -6.871 -6.694 11.0188 -5.1671 -6.3674 0.9155 0.1832 0.8324 0.2514 0.8324 0.1832
3 16 11.5845 -6.871 -6.694 12.9741 -6.8671 -3.4841 11.5845 -19.7504 -6.694 0.8324 0.2514 0.9155 0.2514 0.8324 0.7449
3 16 11.5845 -19.7504 -6.694 12.9741 -6.8671 -3.4841 12.9741 -19.7542 -3.4841 0.8324 0.7449 0.9155 0.2514 0.9155 0.7449
3 16 11.5845 -6.871 -6.694 9.4463 -6.8724 -9.4496 11.0188 -5.1671 -6.3674 0.8324 0.2514 0.7499 0.2514 0.8324 0.1832
3 16 11.0188 -5.1671 -6.3674 9.4463 -6.8724 -9.4496 8.9877 -5.1734 -8.9908 0.8324 0.1832 0.7499 0.2514 0.7499 0.1832
3 16 9.4463 -6.8724 -9.4496 11.5845 -6.871 -6.694 9.4463 -19.749 -9.4496 0.7499 0.2514 0.8324 0.2514 0.7499 0.7449
3 16 9.4463 -19.749 -9.4496 11.5845 -6.871 -6.694 11.5845 -19.7504 -6.694 0.7499 0.7449 0.8324 0.2514 0.8324 0.7449
3 16 6.6898 -6.871 -11.5866 6.3635 -5.1672 -11.0209 9.4463 -6.8724 -9.4496 0.6664 0.2514 0.6664 0.1832 0.7499 0.2514
3 16 9.4463 -6.8724 -9.4496 6.3635 -5.1672 -11.0209 8.9877 -5.1734 -8.9908 0.7499 0.2514 0.6664 0.1832 0.7499 0.1832
3 16 6.6898 -6.871 -11.5866 9.4463 -6.8724 -9.4496 6.6898 -19.7504 -11.5866 0.6664 0.2514 0.7499 0.2514 0.6664 0.7449
3 16 6.6898 -19.7504 -11.5866 9.4463 -6.8724 -9.4496 9.4463 -19.749 -9.4496 0.6664 0.7449 0.7499 0.2514 0.7499 0.7449
3 16 3.4795 -6.8672 -12.9748 3.307 -5.1491 -12.3314 6.6898 -6.871 -11.5866 0.5864 0.2514 0.5864 0.1832 0.6664 0.2514
3 16 6.6898 -6.871 -11.5866 3.307 -5.1491 -12.3314 6.3635 -5.1672 -11.0209 0.6664 0.2514 0.5864 0.1832 0.6664 0.1832
3 16 3.4795 -6.8672 -12.9748 6.6898 -6.871 -11.5866 3.4795 -19.7542 -12.9748 0.5864 0.2514 0.6664 0.2514 0.5864 0.7449
3 16 3.4795 -19.7542 -12.9748 6.6898 -6.871 -11.5866 6.6898 -19.7504 -11.5866 0.5864 0.7449 0.6664 0.2514 0.6664 0.7449
3 16 -0.0023 -6.8607 -13.5244 -0.0022 -5.1189 -12.8363 3.4795 -6.8672 -12.9748 0.4999 0.2514 0.4999 0.1832 0.5864 0.2514
3 16 3.4795 -6.8672 -12.9748 -0.0022 -5.1189 -12.8363 3.307 -5.1491 -12.3314 0.5864 0.2514 0.4999 0.1832 0.5864 0.1832
3 16 -0.0023 -6.8607 -13.5244 3.4795 -6.8672 -12.9748 -0.0024 -19.7606 -13.5244 0.4999 0.2514 0.5864 0.2514 0.4999 0.7449
3 16 -0.0024 -19.7606 -13.5244 3.4795 -6.8672 -12.9748 3.4795 -19.7542 -12.9748 0.4999 0.7449 0.5864 0.2514 0.5864 0.7449
3 16 -0.0023 -6.8607 -13.5244 -3.4841 -6.8671 -12.9741 -0.0022 -5.1189 -12.8363 0.4999 0.2514 0.4134 0.2514 0.4999 0.1832
3 16 -0.0022 -5.1189 -12.8363 -3.4841 -6.8671 -12.9741 -3.3113 -5.1489 -12.3306 0.4999 0.1832 0.4134 0.2514 0.4134 0.1832
3 16 -3.4841 -6.8671 -12.9741 -0.0023 -6.8607 -13.5244 -3.4841 -19.7542 -12.9741 0.4134 0.2514 0.4999 0.2514 0.4134 0.7449
3 16 -3.4841 -19.7542 -12.9741 -0.0023 -6.8607 -13.5244 -0.0024 -19.7606 -13.5244 0.4134 0.7449 0.4999 0.2514 0.4999 0.7449
3 16 -3.4841 -6.8671 -12.9741 -6.6899 -6.871 -11.5866 -3.3113 -5.1489 -12.3306 0.4134 0.2514 0.333 0.2514 0.4134 0.1832
3 16 -3.3113 -5.1489 -12.3306 -6.6899 -6.871 -11.5866 -6.3675 -5.1671 -11.0188 0.4134 0.1832 0.333 0.2514 0.333 0.1832
3 16 -6.6899 -6.871 -11.5866 -3.4841 -6.8671 -12.9741 -6.6899 -19.7504 -11.5866 0.333 0.2514 0.4134 0.2514 0.333 0.7449
3 16 -6.6899 -19.7504 -11.5866 -3.4841 -6.8671 -12.9741 -3.4841 -19.7542 -12.9741 0.333 0.7449 0.4134 0.2514 0.4134 0.7449
3 16 -6.6899 -6.871 -11.5866 -9.4495 -6.8724 -9.4463 -6.3675 -5.1671 -11.0188 0.333 0.2514 0.2509 0.2514 0.333 0.1832
3 16 -6.3675 -5.1671 -11.0188 -9.4495 -6.8724 -9.4463 -8.9908 -5.1734 -8.9877 0.333 0.1832 0.2509 0.2514 0.2509 0.1832
3 16 -9.4495 -6.8724 -9.4463 -6.6899 -6.871 -11.5866 -9.4495 -19.749 -9.4463 0.2509 0.2514 0.333 0.2514 0.2509 0.7449
3 16 -9.4495 -19.749 -9.4463 -6.6899 -6.871 -11.5866 -6.6899 -19.7504 -11.5866 0.2509 0.7449 0.333 0.2514 0.333 0.7449
3 16 -11.5866 -6.871 -6.6898 -11.0209 -5.1672 -6.3635 -9.4495 -6.8724 -9.4463 0.1683 0.2514 0.1683 0.1832 0.2509 0.2514
3 16 -9.4495 -6.8724 -9.4463 -11.0209 -5.1672 -6.3635 -8.9908 -5.1734 -8.9877 0.2509 0.2514 0.1683 0.1832 0.2509 0.1832
3 16 -11.5866 -6.871 -6.6898 -9.4495 -6.8724 -9.4463 -11.5866 -19.7504 -6.6898 0.1683 0.2514 0.2509 0.2514 0.1683 0.7449
3 16 -11.5866 -19.7504 -6.6898 -9.4495 -6.8724 -9.4463 -9.4495 -19.749 -9.4463 0.1683 0.7449 0.2509 0.2514 0.2509 0.7449
3 16 -12.9748 -6.8672 -3.4795 -12.3314 -5.1491 -3.307 -11.5866 -6.871 -6.6898 0.0851 0.2514 0.0851 0.1832 0.1683 0.2514
3 16 -11.5866 -6.871 -6.6898 -12.3314 -5.1491 -3.307 -11.0209 -5.1672 -6.3635 0.1683 0.2514 0.0851 0.1832 0.1683 0.1832
3 16 -12.9748 -6.8672 -3.4795 -11.5866 -6.871 -6.6898 -12.9749 -19.7542 -3.4795 0.0851 0.2514 0.1683 0.2514 0.0851 0.7449
3 16 -12.9749 -19.7542 -3.4795 -11.5866 -6.871 -6.6898 -11.5866 -19.7504 -6.6898 0.0851 0.7449 0.1683 0.2514 0.1683 0.7449
3 16 -13.5244 -6.8607 0.0023 -12.8363 -5.1189 0.0022 -12.9748 -6.8672 -3.4795 0.0022 0.2514 0.0022 0.1832 0.0851 0.2514
3 16 -12.9748 -6.8672 -3.4795 -12.8363 -5.1189 0.0022 -12.3314 -5.1491 -3.307 0.0851 0.2514 0.0022 0.1832 0.0851 0.1832
3 16 -13.5244 -6.8607 0.0023 -12.9748 -6.8672 -3.4795 -13.5244 -19.7606 0.0024 0.0022 0.2514 0.0851 0.2514 0.0022 0.7449
3 16 -13.5244 -19.7606 0.0024 -12.9748 -6.8672 -3.4795 -12.9749 -19.7542 -3.4795 0.0022 0.7449 0.0851 0.2514 0.0851 0.7449
3 16 -11.0421 -21.4608 -6.3755 -9.0086 -21.4558 -9.0055 -10.1053 -22.9518 -5.835 0.1683 0.813 0.2509 0.813 0.1683 0.8883
3 16 -10.1053 -22.9518 -5.835 -9.0086 -21.4558 -9.0055 -8.248 -22.9455 -8.2455 0.1683 0.8883 0.2509 0.813 0.2509 0.8883
0 STEP
