0 Untitled Model
0 Name: Untitled Model
0 Author: 
0 BFC CERTIFY CCW
3 16 13.3066 -4.8338 -0.0023 12.7843 -4.8679 -3.4441 11.9465 -3.3058 -0.002 0.9989 0.1832 0.9155 0.1832 0.9989 0.1094
3 16 11.9465 -3.3058 -0.002 12.7843 -4.8679 -3.4441 11.5081 -3.348 -3.099 0.9989 0.1094 0.9155 0.1832 0.9155 0.1094
3 16 13.3354 -21.7647 -0.0023 12.0963 -23.404 -0.0021 12.8168 -21.736 -3.4517 0.9989 0.813 0.9989 0.8883 0.9155 0.813
3 16 12.8168 -21.736 -3.4517 12.0963 -23.404 -0.0021 11.6552 -23.3665 -3.1385 0.9155 0.813 0.9989 0.8883 0.9155 0.8882
3 16 12.7843 -4.8679 -3.4441 11.4265 -4.8886 -6.6099 11.5081 -3.348 -3.099 0.9155 0.1832 0.8324 0.1832 0.9155 0.1094
3 16 11.5081 -3.348 -3.099 11.4265 -4.8886 -6.6099 10.3021 -3.3738 -5.959 0.9155 0.1094 0.8324 0.1832 0.8324 0.1094
3 16 12.8168 -21.736 -3.4517 11.6552 -23.3665 -3.1385 11.4581 -21.7181 -6.6274 0.9155 0.813 0.9155 0.8882 0.8324 0.813
3 16 11.4581 -21.7181 -6.6274 11.6552 -23.3665 -3.1385 10.4378 -23.3412 -6.0362 0.8324 0.813 0.9155 0.8882 0.8324 0.8882
3 16 11.4265 -4.8886 -6.6099 9.3236 -4.8964 -9.3268 10.3021 -3.3738 -5.959 0.8324 0.1832 0.7499 0.1832 0.8324 0.1094
3 16 10.3021 -3.3738 -5.959 9.3236 -4.8964 -9.3268 8.4106 -3.383 -8.4135 0.8324 0.1094 0.7499 0.1832 0.7499 0.1094
3 16 11.4581 -21.7181 -6.6274 10.4378 -23.3412 -6.0362 9.3497 -21.7116 -9.353 0.8324 0.813 0.8324 0.8882 0.7499 0.813
3 16 9.3497 -21.7116 -9.353 10.4378 -23.3412 -6.0362 8.5188 -23.3373 -8.5205 0.7499 0.813 0.8324 0.8882 0.7499 0.8882
3 16 8.4106 -3.383 -8.4135 9.3236 -4.8964 -9.3268 5.9553 -3.374 -10.3042 0.7499 0.1094 0.7499 0.1832 0.6664 0.1094
3 16 5.9553 -3.374 -10.3042 9.3236 -4.8964 -9.3268 6.6057 -4.8887 -11.4287 0.6664 0.1094 0.7499 0.1832 0.6664 0.1832
3 16 6.6233 -21.718 -11.4603 9.3497 -21.7116 -9.353 6.0323 -23.3433 -10.4375 0.6664 0.813 0.7499 0.813 0.6664 0.8882
3 16 6.0323 -23.3433 -10.4375 9.3497 -21.7116 -9.353 8.5188 -23.3373 -8.5205 0.6664 0.8882 0.7499 0.813 0.7499 0.8882
3 16 5.9553 -3.374 -10.3042 6.6057 -4.8887 -11.4287 3.0949 -3.3482 -11.509 0.6664 0.1094 0.6664 0.1832 0.5864 0.1094
3 16 3.0949 -3.3482 -11.509 6.6057 -4.8887 -11.4287 3.4396 -4.868 -12.7852 0.5864 0.1094 0.6664 0.1832 0.5864 0.1832
3 16 3.4471 -21.7358 -12.8177 6.6233 -21.718 -11.4603 3.1344 -23.3663 -11.6561 0.5864 0.813 0.6664 0.813 0.5864 0.8883
3 16 3.1344 -23.3663 -11.6561 6.6233 -21.718 -11.4603 6.0323 -23.3433 -10.4375 0.5864 0.8883 0.6664 0.813 0.6664 0.8882
3 16 3.0949 -3.3482 -11.509 3.4396 -4.868 -12.7852 -0.002 -3.3058 -11.9465 0.5864 0.1094 0.5864 0.1832 0.4999 0.1094
3 16 -0.002 -3.3058 -11.9465 3.4396 -4.868 -12.7852 -0.0023 -4.8338 -13.3066 0.4999 0.1094 0.5864 0.1832 0.4999 0.1832
3 16 -0.0023 -21.7647 -13.3354 3.4471 -21.7358 -12.8177 -0.0021 -23.404 -12.0963 0.4999 0.813 0.5864 0.813 0.4999 0.8883
3 16 -0.0021 -23.404 -12.0963 3.4471 -21.7358 -12.8177 3.1344 -23.3663 -11.6561 0.4999 0.8883 0.5864 0.813 0.5864 0.8883
3 16 -0.0023 -4.8338 -13.3066 -3.4441 -4.8678 -12.7843 -0.002 -3.3058 -11.9465 0.4999 0.1832 0.4134 0.1832 0.4999 0.1094
3 16 -0.002 -3.3058 -11.9465 -3.4441 -4.8678 -12.7843 -3.099 -3.348 -11.5081 0.4999 0.1094 0.4134 0.1832 0.4134 0.1094
3 16 -0.0023 -21.7647 -13.3354 -0.0021 -23.404 -12.0963 -3.4516 -21.736 -12.8168 0.4999 0.813 0.4999 0.8883 0.4134 0.813
3 16 -3.4516 -21.736 -12.8168 -0.0021 -23.404 -12.0963 -3.1385 -23.3665 -11.6552 0.4134 0.813 0.4999 0.8883 0.4134 0.8883
3 16 -3.4441 -4.8678 -12.7843 -6.6099 -4.8887 -11.4265 -3.099 -3.348 -11.5081 0.4134 0.1832 0.333 0.1832 0.4134 0.1094
3 16 -3.099 -3.348 -11.5081 -6.6099 -4.8887 -11.4265 -5.959 -3.3739 -10.3022 0.4134 0.1094 0.333 0.1832 0.333 0.1094
3 16 -3.4516 -21.736 -12.8168 -3.1385 -23.3665 -11.6552 -6.6275 -21.718 -11.4581 0.4134 0.813 0.4134 0.8883 0.333 0.813
3 16 -6.6275 -21.718 -11.4581 -3.1385 -23.3665 -11.6552 -6.0362 -23.3412 -10.4378 0.333 0.813 0.4134 0.8883 0.333 0.8883
3 16 -6.6099 -4.8887 -11.4265 -9.3268 -4.8964 -9.3236 -5.959 -3.3739 -10.3022 0.333 0.1832 0.2509 0.1832 0.333 0.1094
3 16 -5.959 -3.3739 -10.3022 -9.3268 -4.8964 -9.3236 -8.4136 -3.3831 -8.4107 0.333 0.1094 0.2509 0.1832 0.2509 0.1094
3 16 -6.6275 -21.718 -11.4581 -6.0362 -23.3412 -10.4378 -9.353 -21.7116 -9.3497 0.333 0.813 0.333 0.8883 0.2509 0.813
3 16 -9.353 -21.7116 -9.3497 -6.0362 -23.3412 -10.4378 -8.5205 -23.3373 -8.5188 0.2509 0.813 0.333 0.8883 0.2509 0.8883
3 16 -8.4136 -3.3831 -8.4107 -9.3268 -4.8964 -9.3236 -10.3042 -3.374 -5.9553 0.2509 0.1094 0.2509 0.1832 0.1683 0.1094
3 16 -10.3042 -3.374 -5.9553 -9.3268 -4.8964 -9.3236 -11.4287 -4.8887 -6.6057 0.1683 0.1094 0.2509 0.1832 0.1683 0.1832
3 16 -10.3042 -3.374 -5.9553 -11.4287 -4.8887 -6.6057 -11.509 -3.3482 -3.0949 0.1683 0.1094 0.1683 0.1832 0.0851 0.1094
3 16 -11.509 -3.3482 -3.0949 -11.4287 -4.8887 -6.6057 -12.7852 -4.868 -3.4396 0.0851 0.1094 0.1683 0.1832 0.0851 0.1832
3 16 -12.8177 -21.7358 -3.4471 -11.4603 -21.718 -6.6233 -11.6561 -23.3663 -3.1344 0.0851 0.813 0.1683 0.813 0.0851 0.8883
3 16 -11.6561 -23.3663 -3.1344 -11.4603 -21.718 -6.6233 -10.4375 -23.3433 -6.0323 0.0851 0.8883 0.1683 0.813 0.1683 0.8883
3 16 -11.509 -3.3482 -3.0949 -12.7852 -4.868 -3.4396 -11.9465 -3.3058 0.002 0.0851 0.1094 0.0851 0.1832 0.0022 0.1094
3 16 -11.9465 -3.3058 0.002 -12.7852 -4.868 -3.4396 -13.3066 -4.8338 0.0023 0.0022 0.1094 0.0851 0.1832 0.0022 0.1832
3 16 -13.3354 -21.7647 0.0023 -12.8177 -21.7358 -3.4471 -12.0963 -23.404 0.0021 0.0022 0.8131 0.0851 0.813 0.0022 0.8884
3 16 -12.0963 -23.404 0.0021 -12.8177 -21.7358 -3.4471 -11.6561 -23.3663 -3.1344 0.0022 0.8884 0.0851 0.813 0.0851 0.8883
3 16 14.0739 -19.7841 -0.0024 13.3354 -21.7647 -0.0023 13.5019 -19.7767 -3.6372 0.9989 0.7449 0.9989 0.813 0.9155 0.7449
3 16 13.5019 -19.7767 -3.6372 13.3354 -21.7647 -0.0023 12.8168 -21.736 -3.4517 0.9155 0.7449 0.9989 0.813 0.9155 0.813
3 16 13.5019 -19.7767 -3.6372 12.8168 -21.736 -3.4517 12.0575 -19.7724 -6.9738 0.9155 0.7449 0.9155 0.813 0.8324 0.7449
3 16 12.0575 -19.7724 -6.9738 12.8168 -21.736 -3.4517 11.4581 -21.7181 -6.6274 0.8324 0.7449 0.9155 0.813 0.8324 0.813
3 16 12.0575 -19.7724 -6.9738 11.4581 -21.7181 -6.6274 9.8348 -19.7705 -9.8383 0.8324 0.7449 0.8324 0.813 0.7499 0.7449
3 16 9.8348 -19.7705 -9.8383 11.4581 -21.7181 -6.6274 9.3497 -21.7116 -9.353 0.7499 0.7449 0.8324 0.813 0.7499 0.813
3 16 6.9694 -19.7724 -12.0598 9.8348 -19.7705 -9.8383 6.6233 -21.718 -11.4603 0.6664 0.7449 0.7499 0.7449 0.6664 0.813
3 16 6.6233 -21.718 -11.4603 9.8348 -19.7705 -9.8383 9.3497 -21.7116 -9.353 0.6664 0.813 0.7499 0.7449 0.7499 0.813
3 16 3.6324 -19.7767 -13.5027 6.9694 -19.7724 -12.0598 3.4471 -21.7358 -12.8177 0.5864 0.7449 0.6664 0.7449 0.5864 0.813
3 16 3.4471 -21.7358 -12.8177 6.9694 -19.7724 -12.0598 6.6233 -21.718 -11.4603 0.5864 0.813 0.6664 0.7449 0.6664 0.813
3 16 -0.0024 -19.7841 -14.0739 3.6324 -19.7767 -13.5027 -0.0023 -21.7647 -13.3354 0.4999 0.7449 0.5864 0.7449 0.4999 0.813
3 16 -0.0023 -21.7647 -13.3354 3.6324 -19.7767 -13.5027 3.4471 -21.7358 -12.8177 0.4999 0.813 0.5864 0.7449 0.5864 0.813
3 16 -0.0024 -19.7841 -14.0739 -0.0023 -21.7647 -13.3354 -3.6371 -19.7767 -13.5019 0.4999 0.7449 0.4999 0.813 0.4134 0.7449
3 16 -3.6371 -19.7767 -13.5019 -0.0023 -21.7647 -13.3354 -3.4516 -21.736 -12.8168 0.4134 0.7449 0.4999 0.813 0.4134 0.813
3 16 -3.6371 -19.7767 -13.5019 -3.4516 -21.736 -12.8168 -6.9696 -19.7724 -12.0596 0.4134 0.7449 0.4134 0.813 0.333 0.7449
3 16 -6.9696 -19.7724 -12.0596 -3.4516 -21.736 -12.8168 -6.6275 -21.718 -11.4581 0.333 0.7449 0.4134 0.813 0.333 0.813
3 16 -6.9696 -19.7724 -12.0596 -6.6275 -21.718 -11.4581 -9.8382 -19.7705 -9.8349 0.333 0.7449 0.333 0.813 0.2509 0.7449
3 16 -9.8382 -19.7705 -9.8349 -6.6275 -21.718 -11.4581 -9.353 -21.7116 -9.3497 0.2509 0.7449 0.333 0.813 0.2509 0.813
3 16 -12.0598 -19.7724 -6.9694 -9.8382 -19.7705 -9.8349 -11.4603 -21.718 -6.6233 0.1683 0.7449 0.2509 0.7449 0.1683 0.813
3 16 -11.4603 -21.718 -6.6233 -9.8382 -19.7705 -9.8349 -9.353 -21.7116 -9.3497 0.1683 0.813 0.2509 0.7449 0.2509 0.813
3 16 -13.5027 -19.7767 -3.6324 -12.0598 -19.7724 -6.9694 -12.8177 -21.7358 -3.4471 0.0851 0.7449 0.1683 0.7449 0.0851 0.813
3 16 -12.8177 -21.7358 -3.4471 -12.0598 -19.7724 -6.9694 -11.4603 -21.718 -6.6233 0.0851 0.813 0.1683 0.7449 0.1683 0.813
3 16 -14.0739 -19.7841 0.0024 -13.5027 -19.7767 -3.6324 -13.3354 -21.7647 0.0023 0.0022 0.7449 0.0851 0.7449 0.0022 0.8131
3 16 -13.3354 -21.7647 0.0023 -13.5027 -19.7767 -3.6324 -12.8177 -21.7358 -3.4471 0.0022 0.8131 0.0851 0.7449 0.0851 0.813
3 16 14.0739 -6.8367 -0.0024 13.5018 -6.8441 -3.6373 13.3066 -4.8338 -0.0023 0.9989 0.2514 0.9155 0.2514 0.9989 0.1832
3 16 13.3066 -4.8338 -0.0023 13.5018 -6.8441 -3.6373 12.7843 -4.8679 -3.4441 0.9989 0.1832 0.9155 0.2514 0.9155 0.1832
3 16 13.5018 -6.8441 -3.6373 14.0739 -6.8367 -0.0024 13.5019 -19.7767 -3.6372 0.9155 0.2514 0.9989 0.2514 0.9155 0.7449
3 16 13.5019 -19.7767 -3.6372 14.0739 -6.8367 -0.0024 14.0739 -19.7841 -0.0024 0.9155 0.7449 0.9989 0.2514 0.9989 0.7449
3 16 13.5018 -6.8441 -3.6373 12.0575 -6.8483 -6.9738 12.7843 -4.8679 -3.4441 0.9155 0.2514 0.8324 0.2514 0.9155 0.1832
3 16 12.7843 -4.8679 -3.4441 12.0575 -6.8483 -6.9738 11.4265 -4.8886 -6.6099 0.9155 0.1832 0.8324 0.2514 0.8324 0.1832
3 16 12.0575 -6.8483 -6.9738 13.5018 -6.8441 -3.6373 12.0575 -19.7724 -6.9738 0.8324 0.2514 0.9155 0.2514 0.8324 0.7449
3 16 12.0575 -19.7724 -6.9738 13.5018 -6.8441 -3.6373 13.5019 -19.7767 -3.6372 0.8324 0.7449 0.9155 0.2514 0.9155 0.7449
3 16 12.0575 -6.8483 -6.9738 9.8348 -6.8502 -9.8382 11.4265 -4.8886 -6.6099 0.8324 0.2514 0.7499 0.2514 0.8324 0.1832
3 16 11.4265 -4.8886 -6.6099 9.8348 -6.8502 -9.8382 9.3236 -4.8964 -9.3268 0.8324 0.1832 0.7499 0.2514 0.7499 0.1832
3 16 9.8348 -6.8502 -9.8382 12.0575 -6.8483 -6.9738 9.8348 -19.7705 -9.8383 0.7499 0.2514 0.8324 0.2514 0.7499 0.7449
3 16 9.8348 -19.7705 -9.8383 12.0575 -6.8483 -6.9738 12.0575 -19.7724 -6.9738 0.7499 0.7449 0.8324 0.2514 0.8324 0.7449
3 16 6.9694 -6.8484 -12.0597 6.6057 -4.8887 -11.4287 9.8348 -6.8502 -9.8382 0.6664 0.2514 0.6664 0.1832 0.7499 0.2514
3 16 9.8348 -6.8502 -9.8382 6.6057 -4.8887 -11.4287 9.3236 -4.8964 -9.3268 0.7499 0.2514 0.6664 0.1832 0.7499 0.1832
3 16 6.9694 -6.8484 -12.0597 9.8348 -6.8502 -9.8382 6.9694 -19.7724 -12.0598 0.6664 0.2514 0.7499 0.2514 0.6664 0.7449
3 16 6.9694 -19.7724 -12.0598 9.8348 -6.8502 -9.8382 9.8348 -19.7705 -9.8383 0.6664 0.7449 0.7499 0.2514 0.7499 0.7449
3 16 3.6324 -6.8441 -13.5026 3.4396 -4.868 -12.7852 6.9694 -6.8484 -12.0597 0.5864 0.2514 0.5864 0.1832 0.6664 0.2514
3 16 6.9694 -6.8484 -12.0597 3.4396 -4.868 -12.7852 6.6057 -4.8887 -11.4287 0.6664 0.2514 0.5864 0.1832 0.6664 0.1832
3 16 3.6324 -6.8441 -13.5026 6.9694 -6.8484 -12.0597 3.6324 -19.7767 -13.5027 0.5864 0.2514 0.6664 0.2514 0.5864 0.7449
3 16 3.6324 -19.7767 -13.5027 6.9694 -6.8484 -12.0597 6.9694 -19.7724 -12.0598 0.5864 0.7449 0.6664 0.2514 0.6664 0.7449
3 16 -0.0024 -6.8367 -14.0739 -0.0023 -4.8338 -13.3066 3.6324 -6.8441 -13.5026 0.4999 0.2514 0.4999 0.1832 0.5864 0.2514
3 16 3.6324 -6.8441 -13.5026 -0.0023 -4.8338 -13.3066 3.4396 -4.868 -12.7852 0.5864 0.2514 0.4999 0.1832 0.5864 0.1832
3 16 -0.0024 -6.8367 -14.0739 3.6324 -6.8441 -13.5026 -0.0024 -19.7841 -14.0739 0.4999 0.2514 0.5864 0.2514 0.4999 0.7449
3 16 -0.0024 -19.7841 -14.0739 3.6324 -6.8441 -13.5026 3.6324 -19.7767 -13.5027 0.4999 0.7449 0.5864 0.2514 0.5864 0.7449
3 16 -0.0024 -6.8367 -14.0739 -3.6372 -6.8441 -13.5019 -0.0023 -4.8338 -13.3066 0.4999 0.2514 0.4134 0.2514 0.4999 0.1832
3 16 -0.0023 -4.8338 -13.3066 -3.6372 -6.8441 -13.5019 -3.4441 -4.8678 -12.7843 0.4999 0.1832 0.4134 0.2514 0.4134 0.1832
3 16 -3.6372 -6.8441 -13.5019 -0.0024 -6.8367 -14.0739 -3.6371 -19.7767 -13.5019 0.4134 0.2514 0.4999 0.2514 0.4134 0.7449
3 16 -3.6371 -19.7767 -13.5019 -0.0024 -6.8367 -14.0739 -0.0024 -19.7841 -14.0739 0.4134 0.7449 0.4999 0.2514 0.4999 0.7449
3 16 -3.6372 -6.8441 -13.5019 -6.9697 -6.8484 -12.0596 -3.4441 -4.8678 -12.7843 0.4134 0.2514 0.333 0.2514 0.4134 0.1832
3 16 -3.4441 -4.8678 -12.7843 -6.9697 -6.8484 -12.0596 -6.6099 -4.8887 -11.4265 0.4134 0.1832 0.333 0.2514 0.333 0.1832
3 16 -6.9697 -6.8484 -12.0596 -3.6372 -6.8441 -13.5019 -6.9696 -19.7724 -12.0596 0.333 0.2514 0.4134 0.2514 0.333 0.7449
3 16 -6.9696 -19.7724 -12.0596 -3.6372 -6.8441 -13.5019 -3.6371 -19.7767 -13.5019 0.333 0.7449 0.4134 0.2514 0.4134 0.7449
3 16 -6.9697 -6.8484 -12.0596 -9.8381 -6.8503 -9.8349 -6.6099 -4.8887 -11.4265 0.333 0.2514 0.2509 0.2514 0.333 0.1832
3 16 -6.6099 -4.8887 -11.4265 -9.8381 -6.8503 -9.8349 -9.3268 -4.8964 -9.3236 0.333 0.1832 0.2509 0.2514 0.2509 0.1832
3 16 -9.8381 -6.8503 -9.8349 -6.9697 -6.8484 -12.0596 -9.8382 -19.7705 -9.8349 0.2509 0.2514 0.333 0.2514 0.2509 0.7449
3 16 -9.8382 -19.7705 -9.8349 -6.9697 -6.8484 -12.0596 -6.9696 -19.7724 -12.0596 0.2509 0.7449 0.333 0.2514 0.333 0.7449
3 16 -12.0597 -6.8484 -6.9694 -11.4287 -4.8887 -6.6057 -9.8381 -6.8503 -9.8349 0.1683 0.2514 0.1683 0.1832 0.2509 0.2514
3 16 -9.8381 -6.8503 -9.8349 -11.4287 -4.8887 -6.6057 -9.3268 -4.8964 -9.3236 0.2509 0.2514 0.1683 0.1832 0.2509 0.1832
3 16 -12.0597 -6.8484 -6.9694 -9.8381 -6.8503 -9.8349 -12.0598 -19.7724 -6.9694 0.1683 0.2514 0.2509 0.2514 0.1683 0.7449
3 16 -12.0598 -19.7724 -6.9694 -9.8381 -6.8503 -9.8349 -9.8382 -19.7705 -9.8349 0.1683 0.7449 0.2509 0.2514 0.2509 0.7449
3 16 -13.5026 -6.8441 -3.6324 -12.7852 -4.868 -3.4396 -12.0597 -6.8484 -6.9694 0.0851 0.2514 0.0851 0.1832 0.1683 0.2514
3 16 -12.0597 -6.8484 -6.9694 -12.7852 -4.868 -3.4396 -11.4287 -4.8887 -6.6057 0.1683 0.2514 0.0851 0.1832 0.1683 0.1832
3 16 -13.5026 -6.8441 -3.6324 -12.0597 -6.8484 -6.9694 -13.5027 -19.7767 -3.6324 0.0851 0.2514 0.1683 0.2514 0.0851 0.7449
3 16 -13.5027 -19.7767 -3.6324 -12.0597 -6.8484 -6.9694 -12.0598 -19.7724 -6.9694 0.0851 0.7449 0.1683 0.2514 0.1683 0.7449
3 16 -14.0739 -6.8367 0.0024 -13.3066 -4.8338 0.0023 -13.5026 -6.8441 -3.6324 0.0022 0.2514 0.0022 0.1832 0.0851 0.2514
3 16 -13.5026 -6.8441 -3.6324 -13.3066 -4.8338 0.0023 -12.7852 -4.868 -3.4396 0.0851 0.2514 0.0022 0.1832 0.0851 0.1832
3 16 -14.0739 -6.8367 0.0024 -13.5026 -6.8441 -3.6324 -14.0739 -19.7841 0.0024 0.0022 0.2514 0.0851 0.2514 0.0022 0.7449
3 16 -14.0739 -19.7841 0.0024 -13.5026 -6.8441 -3.6324 -13.5027 -19.7767 -3.6324 0.0022 0.7449 0.0851 0.2514 0.0851 0.7449
3 16 -11.4603 -21.718 -6.6233 -9.353 -21.7116 -9.3497 -10.4375 -23.3433 -6.0323 0.1683 0.813 0.2509 0.813 0.1683 0.8883
3 16 -10.4375 -23.3433 -6.0323 -9.353 -21.7116 -9.3497 -8.5205 -23.3373 -8.5188 0.1683 0.8883 0.2509 0.813 0.2509 0.8883
0 STEP
