0 Untitled Model
0 Name: Untitled Model
0 Author: 
0 BFC CERTIFY CCW
3 16 13.2211 -4.8856 -0.0023 12.7018 -4.919 -3.42 11.8838 -3.3837 -0.002 0.9989 0.1832 0.9155 0.1832 0.9989 0.1094
3 16 11.8838 -3.3837 -0.002 12.7018 -4.919 -3.42 11.4471 -3.4252 -3.081 0.9989 0.1094 0.9155 0.1832 0.9155 0.1094
3 16 13.2478 -21.7164 -0.0023 12.0272 -23.3317 -0.0021 12.7322 -21.6886 -3.4271 0.9989 0.813 0.9989 0.8883 0.9155 0.813
3 16 12.7322 -21.6886 -3.4271 12.0272 -23.3317 -0.0021 11.5881 -23.2949 -3.119 0.9155 0.813 0.9989 0.8883 0.9155 0.8882
3 16 12.7018 -4.919 -3.42 11.3524 -4.9392 -6.5658 11.4471 -3.4252 -3.081 0.9155 0.1832 0.8324 0.1832 0.9155 0.1094
3 16 11.4471 -3.4252 -3.081 11.3524 -4.9392 -6.5658 10.247 -3.4505 -5.9261 0.9155 0.1094 0.8324 0.1832 0.8324 0.1094
3 16 12.7322 -21.6886 -3.4271 11.5881 -23.2949 -3.119 11.3821 -21.6713 -6.5823 0.9155 0.813 0.9155 0.8882 0.8324 0.813
3 16 11.3821 -21.6713 -6.5823 11.5881 -23.2949 -3.119 10.3771 -23.2703 -6.0003 0.8324 0.813 0.9155 0.8882 0.8324 0.8882
3 16 11.3524 -4.9392 -6.5658 9.2625 -4.9468 -9.2658 10.247 -3.4505 -5.9261 0.8324 0.1832 0.7499 0.1832 0.8324 0.1094
3 16 10.247 -3.4505 -5.9261 9.2625 -4.9468 -9.2658 8.3651 -3.4595 -8.368 0.8324 0.1094 0.7499 0.1832 0.7499 0.1094
3 16 11.3821 -21.6713 -6.5823 10.3771 -23.2703 -6.0003 9.2871 -21.6651 -9.2904 0.8324 0.813 0.8324 0.8882 0.7499 0.813
3 16 9.2871 -21.6651 -9.2904 10.3771 -23.2703 -6.0003 8.4691 -23.2661 -8.4709 0.7499 0.813 0.8324 0.8882 0.7499 0.8882
3 16 8.3651 -3.4595 -8.368 9.2625 -4.9468 -9.2658 5.9225 -3.4507 -10.2491 0.7499 0.1094 0.7499 0.1832 0.6664 0.1094
3 16 5.9225 -3.4507 -10.2491 9.2625 -4.9468 -9.2658 6.5617 -4.9393 -11.3545 0.6664 0.1094 0.7499 0.1832 0.6664 0.1832
3 16 6.5782 -21.6713 -11.3843 9.2871 -21.6651 -9.2904 5.9964 -23.2721 -10.3771 0.6664 0.813 0.7499 0.813 0.6664 0.8882
3 16 5.9964 -23.2721 -10.3771 9.2871 -21.6651 -9.2904 8.4691 -23.2661 -8.4709 0.6664 0.8882 0.7499 0.813 0.7499 0.8882
3 16 5.9225 -3.4507 -10.2491 6.5617 -4.9393 -11.3545 3.077 -3.4254 -11.448 0.6664 0.1094 0.6664 0.1832 0.5864 0.1094
3 16 3.077 -3.4254 -11.448 6.5617 -4.9393 -11.3545 3.4155 -4.9191 -12.7027 0.5864 0.1094 0.6664 0.1832 0.5864 0.1832
3 16 3.4226 -21.6884 -12.7331 6.5782 -21.6713 -11.3843 3.115 -23.2947 -11.5891 0.5864 0.813 0.6664 0.813 0.5864 0.8883
3 16 3.115 -23.2947 -11.5891 6.5782 -21.6713 -11.3843 5.9964 -23.2721 -10.3771 0.5864 0.8883 0.6664 0.813 0.6664 0.8882
3 16 3.077 -3.4254 -11.448 3.4155 -4.9191 -12.7027 -0.002 -3.3837 -11.8838 0.5864 0.1094 0.5864 0.1832 0.4999 0.1094
3 16 -0.002 -3.3837 -11.8838 3.4155 -4.9191 -12.7027 -0.0023 -4.8856 -13.2211 0.4999 0.1094 0.5864 0.1832 0.4999 0.1832
3 16 -0.0023 -21.7164 -13.2478 3.4226 -21.6884 -12.7331 -0.0021 -23.3317 -12.0272 0.4999 0.813 0.5864 0.813 0.4999 0.8883
3 16 -0.0021 -23.3317 -12.0272 3.4226 -21.6884 -12.7331 3.115 -23.2947 -11.5891 0.4999 0.8883 0.5864 0.813 0.5864 0.8883
3 16 -0.0023 -4.8856 -13.2211 -3.42 -4.9189 -12.7018 -0.002 -3.3837 -11.8838 0.4999 0.1832 0.4134 0.1832 0.4999 0.1094
3 16 -0.002 -3.3837 -11.8838 -3.42 -4.9189 -12.7018 -3.081 -3.4252 -11.4471 0.4999 0.1094 0.4134 0.1832 0.4134 0.1094
3 16 -0.0023 -21.7164 -13.2478 -0.0021 -23.3317 -12.0272 -3.4271 -21.6886 -12.7322 0.4999 0.813 0.4999 0.8883 0.4134 0.813
3 16 -3.4271 -21.6886 -12.7322 -0.0021 -23.3317 -12.0272 -3.119 -23.2949 -11.5881 0.4134 0.813 0.4999 0.8883 0.4134 0.8883
3 16 -3.42 -4.9189 -12.7018 -6.5659 -4.9393 -11.3523 -3.081 -3.4252 -11.4471 0.4134 0.1832 0.333 0.1832 0.4134 0.1094
3 16 -3.081 -3.4252 -11.4471 -6.5659 -4.9393 -11.3523 -5.9261 -3.4506 -10.2471 0.4134 0.1094 0.333 0.1832 0.333 0.1094
3 16 -3.4271 -21.6886 -12.7322 -3.119 -23.2949 -11.5881 -6.5824 -21.6713 -11.3821 0.4134 0.813 0.4134 0.8883 0.333 0.813
3 16 -6.5824 -21.6713 -11.3821 -3.119 -23.2949 -11.5881 -6.0003 -23.2703 -10.3771 0.333 0.813 0.4134 0.8883 0.333 0.8883
3 16 -6.5659 -4.9393 -11.3523 -9.2658 -4.9468 -9.2625 -5.9261 -3.4506 -10.2471 0.333 0.1832 0.2509 0.1832 0.333 0.1094
3 16 -5.9261 -3.4506 -10.2471 -9.2658 -4.9468 -9.2625 -8.3681 -3.4596 -8.3651 0.333 0.1094 0.2509 0.1832 0.2509 0.1094
3 16 -6.5824 -21.6713 -11.3821 -6.0003 -23.2703 -10.3771 -9.2904 -21.6651 -9.2871 0.333 0.813 0.333 0.8883 0.2509 0.813
3 16 -9.2904 -21.6651 -9.2871 -6.0003 -23.2703 -10.3771 -8.471 -23.2661 -8.4691 0.2509 0.813 0.333 0.8883 0.2509 0.8883
3 16 -8.3681 -3.4596 -8.3651 -9.2658 -4.9468 -9.2625 -10.2491 -3.4507 -5.9225 0.2509 0.1094 0.2509 0.1832 0.1683 0.1094
3 16 -10.2491 -3.4507 -5.9225 -9.2658 -4.9468 -9.2625 -11.3545 -4.9393 -6.5617 0.1683 0.1094 0.2509 0.1832 0.1683 0.1832
3 16 -10.2491 -3.4507 -5.9225 -11.3545 -4.9393 -6.5617 -11.448 -3.4254 -3.077 0.1683 0.1094 0.1683 0.1832 0.0851 0.1094
3 16 -11.448 -3.4254 -3.077 -11.3545 -4.9393 -6.5617 -12.7027 -4.9191 -3.4155 0.0851 0.1094 0.1683 0.1832 0.0851 0.1832
3 16 -12.7331 -21.6884 -3.4226 -11.3843 -21.6713 -6.5782 -11.5891 -23.2947 -3.115 0.0851 0.813 0.1683 0.813 0.0851 0.8883
3 16 -11.5891 -23.2947 -3.115 -11.3843 -21.6713 -6.5782 -10.3771 -23.2721 -5.9964 0.0851 0.8883 0.1683 0.813 0.1683 0.8883
3 16 -11.448 -3.4254 -3.077 -12.7027 -4.9191 -3.4155 -11.8838 -3.3837 0.002 0.0851 0.1094 0.0851 0.1832 0.0022 0.1094
3 16 -11.8838 -3.3837 0.002 -12.7027 -4.9191 -3.4155 -13.2211 -4.8856 0.0023 0.0022 0.1094 0.0851 0.1832 0.0022 0.1832
3 16 -13.2478 -21.7164 0.0023 -12.7331 -21.6884 -3.4226 -12.0272 -23.3317 0.0021 0.0022 0.8131 0.0851 0.813 0.0022 0.8884
3 16 -12.0272 -23.3317 0.0021 -12.7331 -21.6884 -3.4226 -11.5891 -23.2947 -3.115 0.0022 0.8884 0.0851 0.813 0.0851 0.8883
3 16 13.974 -19.7799 -0.0024 13.2478 -21.7164 -0.0023 13.4059 -19.7726 -3.6094 0.9989 0.7449 0.9989 0.813 0.9155 0.7449
3 16 13.4059 -19.7726 -3.6094 13.2478 -21.7164 -0.0023 12.7322 -21.6886 -3.4271 0.9155 0.7449 0.9989 0.813 0.9155 0.813
3 16 13.4059 -19.7726 -3.6094 12.7322 -21.6886 -3.4271 11.9715 -19.7684 -6.9229 0.9155 0.7449 0.9155 0.813 0.8324 0.7449
3 16 11.9715 -19.7684 -6.9229 12.7322 -21.6886 -3.4271 11.3821 -21.6713 -6.5823 0.8324 0.7449 0.9155 0.813 0.8324 0.813
3 16 11.9715 -19.7684 -6.9229 11.3821 -21.6713 -6.5823 9.7642 -19.7666 -9.7676 0.8324 0.7449 0.8324 0.813 0.7499 0.7449
3 16 9.7642 -19.7666 -9.7676 11.3821 -21.6713 -6.5823 9.2871 -21.6651 -9.2904 0.7499 0.7449 0.8324 0.813 0.7499 0.813
3 16 6.9186 -19.7684 -11.9737 9.7642 -19.7666 -9.7676 6.5782 -21.6713 -11.3843 0.6664 0.7449 0.7499 0.7449 0.6664 0.813
3 16 6.5782 -21.6713 -11.3843 9.7642 -19.7666 -9.7676 9.2871 -21.6651 -9.2904 0.6664 0.813 0.7499 0.7449 0.7499 0.813
3 16 3.6046 -19.7726 -13.4067 6.9186 -19.7684 -11.9737 3.4226 -21.6884 -12.7331 0.5864 0.7449 0.6664 0.7449 0.5864 0.813
3 16 3.4226 -21.6884 -12.7331 6.9186 -19.7684 -11.9737 6.5782 -21.6713 -11.3843 0.5864 0.813 0.6664 0.7449 0.6664 0.813
3 16 -0.0024 -19.7799 -13.974 3.6046 -19.7726 -13.4067 -0.0023 -21.7164 -13.2478 0.4999 0.7449 0.5864 0.7449 0.4999 0.813
3 16 -0.0023 -21.7164 -13.2478 3.6046 -19.7726 -13.4067 3.4226 -21.6884 -12.7331 0.4999 0.813 0.5864 0.7449 0.5864 0.813
3 16 -0.0024 -19.7799 -13.974 -0.0023 -21.7164 -13.2478 -3.6093 -19.7726 -13.4059 0.4999 0.7449 0.4999 0.813 0.4134 0.7449
3 16 -3.6093 -19.7726 -13.4059 -0.0023 -21.7164 -13.2478 -3.4271 -21.6886 -12.7322 0.4134 0.7449 0.4999 0.813 0.4134 0.813
3 16 -3.6093 -19.7726 -13.4059 -3.4271 -21.6886 -12.7322 -6.9188 -19.7684 -11.9736 0.4134 0.7449 0.4134 0.813 0.333 0.7449
3 16 -6.9188 -19.7684 -11.9736 -3.4271 -21.6886 -12.7322 -6.5824 -21.6713 -11.3821 0.333 0.7449 0.4134 0.813 0.333 0.813
3 16 -6.9188 -19.7684 -11.9736 -6.5824 -21.6713 -11.3821 -9.7675 -19.7666 -9.7642 0.333 0.7449 0.333 0.813 0.2509 0.7449
3 16 -9.7675 -19.7666 -9.7642 -6.5824 -21.6713 -11.3821 -9.2904 -21.6651 -9.2871 0.2509 0.7449 0.333 0.813 0.2509 0.813
3 16 -11.9738 -19.7684 -6.9186 -9.7675 -19.7666 -9.7642 -11.3843 -21.6713 -6.5782 0.1683 0.7449 0.2509 0.7449 0.1683 0.813
3 16 -11.3843 -21.6713 -6.5782 -9.7675 -19.7666 -9.7642 -9.2904 -21.6651 -9.2871 0.1683 0.813 0.2509 0.7449 0.2509 0.813
3 16 -13.4067 -19.7726 -3.6046 -11.9738 -19.7684 -6.9186 -12.7331 -21.6884 -3.4226 0.0851 0.7449 0.1683 0.7449 0.0851 0.813
3 16 -12.7331 -21.6884 -3.4226 -11.9738 -19.7684 -6.9186 -11.3843 -21.6713 -6.5782 0.0851 0.813 0.1683 0.7449 0.1683 0.813
3 16 -13.974 -19.7799 0.0024 -13.4067 -19.7726 -3.6046 -13.2478 -21.7164 0.0023 0.0022 0.7449 0.0851 0.7449 0.0022 0.8131
3 16 -13.2478 -21.7164 0.0023 -13.4067 -19.7726 -3.6046 -12.7331 -21.6884 -3.4226 0.0022 0.8131 0.0851 0.7449 0.0851 0.813
3 16 13.974 -6.8411 -0.0024 13.4059 -6.8483 -3.6094 13.2211 -4.8856 -0.0023 0.9989 0.2514 0.9155 0.2514 0.9989 0.1832
3 16 13.2211 -4.8856 -0.0023 13.4059 -6.8483 -3.6094 12.7018 -4.919 -3.42 0.9989 0.1832 0.9155 0.2514 0.9155 0.1832
3 16 13.4059 -6.8483 -3.6094 13.974 -6.8411 -0.0024 13.4059 -19.7726 -3.6094 0.9155 0.2514 0.9989 0.2514 0.9155 0.7449
3 16 13.4059 -19.7726 -3.6094 13.974 -6.8411 -0.0024 13.974 -19.7799 -0.0024 0.9155 0.7449 0.9989 0.2514 0.9989 0.7449
3 16 13.4059 -6.8483 -3.6094 11.9715 -6.8525 -6.9229 12.7018 -4.919 -3.42 0.9155 0.2514 0.8324 0.2514 0.9155 0.1832
3 16 12.7018 -4.919 -3.42 11.9715 -6.8525 -6.9229 11.3524 -4.9392 -6.5658 0.9155 0.1832 0.8324 0.2514 0.8324 0.1832
3 16 11.9715 -6.8525 -6.9229 13.4059 -6.8483 -3.6094 11.9715 -19.7684 -6.9229 0.8324 0.2514 0.9155 0.2514 0.8324 0.7449
3 16 11.9715 -19.7684 -6.9229 13.4059 -6.8483 -3.6094 13.4059 -19.7726 -3.6094 0.8324 0.7449 0.9155 0.2514 0.9155 0.7449
3 16 11.9715 -6.8525 -6.9229 9.7641 -6.8543 -9.7676 11.3524 -4.9392 -6.5658 0.8324 0.2514 0.7499 0.2514 0.8324 0.1832
3 16 11.3524 -4.9392 -6.5658 9.7641 -6.8543 -9.7676 9.2625 -4.9468 -9.2658 0.8324 0.1832 0.7499 0.2514 0.7499 0.1832
3 16 9.7641 -6.8543 -9.7676 11.9715 -6.8525 -6.9229 9.7642 -19.7666 -9.7676 0.7499 0.2514 0.8324 0.2514 0.7499 0.7449
3 16 9.7642 -19.7666 -9.7676 11.9715 -6.8525 -6.9229 11.9715 -19.7684 -6.9229 0.7499 0.7449 0.8324 0.2514 0.8324 0.7449
3 16 6.9186 -6.8525 -11.9737 6.5617 -4.9393 -11.3545 9.7641 -6.8543 -9.7676 0.6664 0.2514 0.6664 0.1832 0.7499 0.2514
3 16 9.7641 -6.8543 -9.7676 6.5617 -4.9393 -11.3545 9.2625 -4.9468 -9.2658 0.7499 0.2514 0.6664 0.1832 0.7499 0.1832
3 16 6.9186 -6.8525 -11.9737 9.7641 -6.8543 -9.7676 6.9186 -19.7684 -11.9737 0.6664 0.2514 0.7499 0.2514 0.6664 0.7449
3 16 6.9186 -19.7684 -11.9737 9.7641 -6.8543 -9.7676 9.7642 -19.7666 -9.7676 0.6664 0.7449 0.7499 0.2514 0.7499 0.7449
3 16 3.6046 -6.8483 -13.4067 3.4155 -4.9191 -12.7027 6.9186 -6.8525 -11.9737 0.5864 0.2514 0.5864 0.1832 0.6664 0.2514
3 16 6.9186 -6.8525 -11.9737 3.4155 -4.9191 -12.7027 6.5617 -4.9393 -11.3545 0.6664 0.2514 0.5864 0.1832 0.6664 0.1832
3 16 3.6046 -6.8483 -13.4067 6.9186 -6.8525 -11.9737 3.6046 -19.7726 -13.4067 0.5864 0.2514 0.6664 0.2514 0.5864 0.7449
3 16 3.6046 -19.7726 -13.4067 6.9186 -6.8525 -11.9737 6.9186 -19.7684 -11.9737 0.5864 0.7449 0.6664 0.2514 0.6664 0.7449
3 16 -0.0024 -6.8411 -13.974 -0.0023 -4.8856 -13.2211 3.6046 -6.8483 -13.4067 0.4999 0.2514 0.4999 0.1832 0.5864 0.2514
3 16 3.6046 -6.8483 -13.4067 -0.0023 -4.8856 -13.2211 3.4155 -4.9191 -12.7027 0.5864 0.2514 0.4999 0.1832 0.5864 0.1832
3 16 -0.0024 -6.8411 -13.974 3.6046 -6.8483 -13.4067 -0.0024 -19.7799 -13.974 0.4999 0.2514 0.5864 0.2514 0.4999 0.7449
3 16 -0.0024 -19.7799 -13.974 3.6046 -6.8483 -13.4067 3.6046 -19.7726 -13.4067 0.4999 0.7449 0.5864 0.2514 0.5864 0.7449
3 16 -0.0024 -6.8411 -13.974 -3.6093 -6.8483 -13.4059 -0.0023 -4.8856 -13.2211 0.4999 0.2514 0.4134 0.2514 0.4999 0.1832
3 16 -0.0023 -4.8856 -13.2211 -3.6093 -6.8483 -13.4059 -3.42 -4.9189 -12.7018 0.4999 0.1832 0.4134 0.2514 0.4134 0.1832
3 16 -3.6093 -6.8483 -13.4059 -0.0024 -6.8411 -13.974 -3.6093 -19.7726 -13.4059 0.4134 0.2514 0.4999 0.2514 0.4134 0.7449
3 16 -3.6093 -19.7726 -13.4059 -0.0024 -6.8411 -13.974 -0.0024 -19.7799 -13.974 0.4134 0.7449 0.4999 0.2514 0.4999 0.7449
3 16 -3.6093 -6.8483 -13.4059 -6.9188 -6.8525 -11.9736 -3.42 -4.9189 -12.7018 0.4134 0.2514 0.333 0.2514 0.4134 0.1832
3 16 -3.42 -4.9189 -12.7018 -6.9188 -6.8525 -11.9736 -6.5659 -4.9393 -11.3523 0.4134 0.1832 0.333 0.2514 0.333 0.1832
3 16 -6.9188 -6.8525 -11.9736 -3.6093 -6.8483 -13.4059 -6.9188 -19.7684 -11.9736 0.333 0.2514 0.4134 0.2514 0.333 0.7449
3 16 -6.9188 -19.7684 -11.9736 -3.6093 -6.8483 -13.4059 -3.6093 -19.7726 -13.4059 0.333 0.7449 0.4134 0.2514 0.4134 0.7449
3 16 -6.9188 -6.8525 -11.9736 -9.7675 -6.8543 -9.7642 -6.5659 -4.9393 -11.3523 0.333 0.2514 0.2509 0.2514 0.333 0.1832
3 16 -6.5659 -4.9393 -11.3523 -9.7675 -6.8543 -9.7642 -9.2658 -4.9468 -9.2625 0.333 0.1832 0.2509 0.2514 0.2509 0.1832
3 16 -9.7675 -6.8543 -9.7642 -6.9188 -6.8525 -11.9736 -9.7675 -19.7666 -9.7642 0.2509 0.2514 0.333 0.2514 0.2509 0.7449
3 16 -9.7675 -19.7666 -9.7642 -6.9188 -6.8525 -11.9736 -6.9188 -19.7684 -11.9736 0.2509 0.7449 0.333 0.2514 0.333 0.7449
3 16 -11.9737 -6.8525 -6.9186 -11.3545 -4.9393 -6.5617 -9.7675 -6.8543 -9.7642 0.1683 0.2514 0.1683 0.1832 0.2509 0.2514
3 16 -9.7675 -6.8543 -9.7642 -11.3545 -4.9393 -6.5617 -9.2658 -4.9468 -9.2625 0.2509 0.2514 0.1683 0.1832 0.2509 0.1832
3 16 -11.9737 -6.8525 -6.9186 -9.7675 -6.8543 -9.7642 -11.9738 -19.7684 -6.9186 0.1683 0.2514 0.2509 0.2514 0.1683 0.7449
3 16 -11.9738 -19.7684 -6.9186 -9.7675 -6.8543 -9.7642 -9.7675 -19.7666 -9.7642 0.1683 0.7449 0.2509 0.2514 0.2509 0.7449
3 16 -13.4067 -6.8483 -3.6046 -12.7027 -4.9191 -3.4155 -11.9737 -6.8525 -6.9186 0.0851 0.2514 0.0851 0.1832 0.1683 0.2514
3 16 -11.9737 -6.8525 -6.9186 -12.7027 -4.9191 -3.4155 -11.3545 -4.9393 -6.5617 0.1683 0.2514 0.0851 0.1832 0.1683 0.1832
3 16 -13.4067 -6.8483 -3.6046 -11.9737 -6.8525 -6.9186 -13.4067 -19.7726 -3.6046 0.0851 0.2514 0.1683 0.2514 0.0851 0.7449
3 16 -13.4067 -19.7726 -3.6046 -11.9737 -6.8525 -6.9186 -11.9738 -19.7684 -6.9186 0.0851 0.7449 0.1683 0.2514 0.1683 0.7449
3 16 -13.974 -6.8411 0.0024 -13.2211 -4.8856 0.0023 -13.4067 -6.8483 -3.6046 0.0022 0.2514 0.0022 0.1832 0.0851 0.2514
3 16 -13.4067 -6.8483 -3.6046 -13.2211 -4.8856 0.0023 -12.7027 -4.9191 -3.4155 0.0851 0.2514 0.0022 0.1832 0.0851 0.1832
3 16 -13.974 -6.8411 0.0024 -13.4067 -6.8483 -3.6046 -13.974 -19.7799 0.0024 0.0022 0.2514 0.0851 0.2514 0.0022 0.7449
3 16 -13.974 -19.7799 0.0024 -13.4067 -6.8483 -3.6046 -13.4067 -19.7726 -3.6046 0.0022 0.7449 0.0851 0.2514 0.0851 0.7449
3 16 -11.3843 -21.6713 -6.5782 -9.2904 -21.6651 -9.2871 -10.3771 -23.2721 -5.9964 0.1683 0.813 0.2509 0.813 0.1683 0.8883
3 16 -10.3771 -23.2721 -5.9964 -9.2904 -21.6651 -9.2871 -8.471 -23.2661 -8.4691 0.1683 0.8883 0.2509 0.813 0.2509 0.8883
0 STEP
