0 Untitled Model
0 Name: Untitled Model
0 Author: 
0 BFC CERTIFY CCW
3 16 -10 0 30 -10 0 -10 -10 -24 30
3 16 -10 -24 30 -10 0 -10 -10 -24 -10
3 16 30 -24 30 -10 -24 30 30 -24 -10
3 16 30 -24 -10 -10 -24 30 -10 -24 -10
3 16 -10 -24 30 30 -24 30 -10 0 30
3 16 -10 0 30 30 -24 30 30 0 30
3 16 30 0 30 30 -24 30 30 0 -10
3 16 30 0 -10 30 -24 30 30 -24 -10
3 16 -10 0 -10 30 0 -10 -10 -24 -10
3 16 -10 -24 -10 30 0 -10 30 -24 -10
3 16 15.5396 0 13.1983 13.1983 0 15.5396 17.3124 0 14.2218
3 16 17.3124 0 14.2218 13.1983 0 15.5396 14.2218 0 17.3123
3 16 14.2218 0 17.3123 13.1983 0 15.5396 10 0 18.4436
3 16 10 0 18.4436 13.1983 0 15.5396 10 0 16.3966
3 16 10 0 16.3966 6.8017 0 15.5396 10 0 18.4436
3 16 10 0 18.4436 6.8017 0 15.5396 5.7782 0 17.3123
3 16 6.8017 0 15.5396 4.4604 0 13.1983 5.7782 0 17.3123
3 16 5.7782 0 17.3123 4.4604 0 13.1983 2.6876 0 14.2218
3 16 4.4604 0 13.1983 3.6034 0 10 2.6876 0 14.2218
3 16 2.6876 0 14.2218 3.6034 0 10 1.5564 0 10
3 16 3.6034 0 10 4.4604 0 6.8017 1.5564 0 10
3 16 1.5564 0 10 4.4604 0 6.8017 2.6876 0 5.7782
3 16 4.4604 0 6.8017 6.8017 0 4.4604 2.6876 0 5.7782
3 16 2.6876 0 5.7782 6.8017 0 4.4604 5.7782 0 2.6877
3 16 6.8017 0 4.4604 10 0 3.6034 5.7782 0 2.6877
3 16 5.7782 0 2.6877 10 0 3.6034 10 0 1.5564
3 16 10 0 3.6034 13.1983 0 4.4604 10 0 1.5564
3 16 10 0 1.5564 13.1983 0 4.4604 14.2218 0 2.6877
3 16 13.1983 0 4.4604 15.5396 0 6.8017 14.2218 0 2.6877
3 16 14.2218 0 2.6877 15.5396 0 6.8017 17.3124 0 5.7782
3 16 15.5396 0 6.8017 16.3966 0 10 17.3124 0 5.7782
3 16 17.3124 0 5.7782 16.3966 0 10 18.4436 0 10
3 16 16.3966 0 10 15.5396 0 13.1983 18.4436 0 10
3 16 18.4436 0 10 15.5396 0 13.1983 17.3124 0 14.2218
3 16 10 -21.25 18.4436 14.2218 -21.25 17.3123 10 0 18.4436
3 16 10 0 18.4436 14.2218 -21.25 17.3123 14.2218 0 17.3123
3 16 5.7782 -21.25 17.3123 10 -21.25 18.4436 5.7782 0 17.3123
3 16 5.7782 0 17.3123 10 -21.25 18.4436 10 0 18.4436
3 16 2.6876 -21.25 14.2218 5.7782 -21.25 17.3123 2.6876 0 14.2218
3 16 2.6876 0 14.2218 5.7782 -21.25 17.3123 5.7782 0 17.3123
3 16 1.5564 -21.25 10 2.6876 -21.25 14.2218 1.5564 0 10
3 16 1.5564 0 10 2.6876 -21.25 14.2218 2.6876 0 14.2218
3 16 2.6876 -21.25 5.7782 1.5564 -21.25 10 2.6876 0 5.7782
3 16 2.6876 0 5.7782 1.5564 -21.25 10 1.5564 0 10
3 16 5.7782 -21.25 2.6877 2.6876 -21.25 5.7782 5.7782 0 2.6877
3 16 5.7782 0 2.6877 2.6876 -21.25 5.7782 2.6876 0 5.7782
3 16 10 -21.25 1.5564 5.7782 -21.25 2.6877 10 0 1.5564
3 16 10 0 1.5564 5.7782 -21.25 2.6877 5.7782 0 2.6877
3 16 14.2218 -21.25 2.6877 10 -21.25 1.5564 14.2218 0 2.6877
3 16 14.2218 0 2.6877 10 -21.25 1.5564 10 0 1.5564
3 16 17.3123 -21.25 5.7782 14.2218 -21.25 2.6877 17.3124 0 5.7782
3 16 17.3124 0 5.7782 14.2218 -21.25 2.6877 14.2218 0 2.6877
3 16 18.4436 -21.25 10 17.3123 -21.25 5.7782 18.4436 0 10
3 16 18.4436 0 10 17.3123 -21.25 5.7782 17.3124 0 5.7782
3 16 17.3124 -21.25 14.2218 18.4436 -21.25 10 17.3124 0 14.2218
3 16 17.3124 0 14.2218 18.4436 -21.25 10 18.4436 0 10
3 16 13.1983 0 15.5396 15.5396 0 13.1983 13.1983 -21.0063 15.5396
3 16 13.1983 -21.0063 15.5396 15.5396 0 13.1983 15.5396 -21.0063 13.1983
3 16 10 0 16.3966 13.1983 0 15.5396 10 -21.0063 16.3966
3 16 10 -21.0063 16.3966 13.1983 0 15.5396 13.1983 -21.0063 15.5396
3 16 6.8017 0 15.5396 10 0 16.3966 6.8017 -21.0063 15.5396
3 16 6.8017 -21.0063 15.5396 10 0 16.3966 10 -21.0063 16.3966
3 16 4.4604 0 13.1983 6.8017 0 15.5396 4.4604 -21.0063 13.1983
3 16 4.4604 -21.0063 13.1983 6.8017 0 15.5396 6.8017 -21.0063 15.5396
3 16 3.6034 0 10 4.4604 0 13.1983 3.6034 -21.0063 10
3 16 3.6034 -21.0063 10 4.4604 0 13.1983 4.4604 -21.0063 13.1983
3 16 4.4604 0 6.8017 3.6034 0 10 4.4604 -21.0063 6.8017
3 16 4.4604 -21.0063 6.8017 3.6034 0 10 3.6034 -21.0063 10
3 16 6.8017 0 4.4604 4.4604 0 6.8017 6.8017 -21.0063 4.4604
3 16 6.8017 -21.0063 4.4604 4.4604 0 6.8017 4.4604 -21.0063 6.8017
3 16 10 0 3.6034 6.8017 0 4.4604 10 -21.0063 3.6034
3 16 10 -21.0063 3.6034 6.8017 0 4.4604 6.8017 -21.0063 4.4604
3 16 13.1983 0 4.4604 10 0 3.6034 13.1983 -21.0063 4.4604
3 16 13.1983 -21.0063 4.4604 10 0 3.6034 10 -21.0063 3.6034
3 16 15.5396 0 6.8017 13.1983 0 4.4604 15.5396 -21.0063 6.8017
3 16 15.5396 -21.0063 6.8017 13.1983 0 4.4604 13.1983 -21.0063 4.4604
3 16 16.3966 0 10 15.5396 0 6.8017 16.3966 -21.0063 10
3 16 16.3966 -21.0063 10 15.5396 0 6.8017 15.5396 -21.0063 6.8017
3 16 15.5396 0 13.1983 16.3966 0 10 15.5396 -21.0063 13.1983
3 16 15.5396 -21.0063 13.1983 16.3966 0 10 16.3966 -21.0063 10
3 16 17.3124 0 14.2218 14.2218 0 17.3123 17.3124 -21.25 14.2218
3 16 17.3124 -21.25 14.2218 14.2218 0 17.3123 14.2218 -21.25 17.3123
3 16 27 -21.25 -7 -7 -21.25 -7 27 -21.25 27
3 16 27 -21.25 27 -7 -21.25 -7 -7 -21.25 27
3 16 -7 -21.25 27 -7 -21.25 -7 -7 0 27
3 16 -7 0 27 -7 -21.25 -7 -7 0 -7
3 16 27 -21.25 -7 27 -21.25 27 27 0 -7
3 16 27 0 -7 27 -21.25 27 27 0 27
3 16 27 -21.25 27 -7 -21.25 27 27 0 27
3 16 27 0 27 -7 -21.25 27 -7 0 27
3 16 -7 -21.25 -7 27 -21.25 -7 -7 0 -7
3 16 -7 0 -7 27 -21.25 -7 27 0 -7
3 16 -10 0 30 30 0 30 -7 0 27
3 16 -7 0 27 30 0 30 27 0 27
3 16 30 0 30 30 0 -10 27 0 27
3 16 27 0 27 30 0 -10 27 0 -7
3 16 30 0 -10 -10 0 -10 27 0 -7
3 16 27 0 -7 -10 0 -10 -7 0 -7
3 16 -10 0 30 -7 0 27 -10 0 -10
3 16 -10 0 -10 -7 0 27 -7 0 -7
3 16 0 -28.45 0 5.4144 -28.45 3.126 3.126 -28.45 5.4144
3 16 3.126 -28.45 5.4144 0 -28.45 6.252 0 -28.45 0
3 16 0 -28.45 6.252 -3.126 -28.45 5.4144 0 -28.45 0
3 16 -3.126 -28.45 5.4144 -5.4144 -28.45 3.126 0 -28.45 0
3 16 -5.4144 -28.45 3.126 -6.252 -28.45 0 0 -28.45 0
3 16 -6.252 -28.45 0 -5.4144 -28.45 -3.126 0 -28.45 0
3 16 -5.4144 -28.45 -3.126 -3.126 -28.45 -5.4144 0 -28.45 0
3 16 -3.126 -28.45 -5.4144 0 -28.45 -6.252 0 -28.45 0
3 16 0 -28.45 -6.252 3.126 -28.45 -5.4144 0 -28.45 0
3 16 3.126 -28.45 -5.4144 5.4144 -28.45 -3.126 0 -28.45 0
3 16 5.4144 -28.45 -3.126 6.252 -28.45 0 0 -28.45 0
3 16 6.252 -28.45 0 5.4144 -28.45 3.126 0 -28.45 0
3 16 5.4144 -24 3.126 3.126 -24 5.4144 5.4144 -28.45 3.126
3 16 5.4144 -28.45 3.126 3.126 -24 5.4144 3.126 -28.45 5.4144
3 16 3.126 -24 5.4144 0 -24 6.252 3.126 -28.45 5.4144
3 16 3.126 -28.45 5.4144 0 -24 6.252 0 -28.45 6.252
3 16 0 -24 6.252 -3.126 -24 5.4144 0 -28.45 6.252
3 16 0 -28.45 6.252 -3.126 -24 5.4144 -3.126 -28.45 5.4144
3 16 -3.126 -24 5.4144 -5.4144 -24 3.126 -3.126 -28.45 5.4144
3 16 -3.126 -28.45 5.4144 -5.4144 -24 3.126 -5.4144 -28.45 3.126
3 16 -5.4144 -24 3.126 -6.252 -24 0 -5.4144 -28.45 3.126
3 16 -5.4144 -28.45 3.126 -6.252 -24 0 -6.252 -28.45 0
3 16 -6.252 -24 0 -5.4144 -24 -3.126 -6.252 -28.45 0
3 16 -6.252 -28.45 0 -5.4144 -24 -3.126 -5.4144 -28.45 -3.126
3 16 -5.4144 -24 -3.126 -3.126 -24 -5.4144 -5.4144 -28.45 -3.126
3 16 -5.4144 -28.45 -3.126 -3.126 -24 -5.4144 -3.126 -28.45 -5.4144
3 16 -3.126 -24 -5.4144 0 -24 -6.252 -3.126 -28.45 -5.4144
3 16 -3.126 -28.45 -5.4144 0 -24 -6.252 0 -28.45 -6.252
3 16 0 -24 -6.252 3.126 -24 -5.4144 0 -28.45 -6.252
3 16 0 -28.45 -6.252 3.126 -24 -5.4144 3.126 -28.45 -5.4144
3 16 3.126 -24 -5.4144 5.4144 -24 -3.126 3.126 -28.45 -5.4144
3 16 3.126 -28.45 -5.4144 5.4144 -24 -3.126 5.4144 -28.45 -3.126
3 16 5.4144 -24 -3.126 6.252 -24 0 5.4144 -28.45 -3.126
3 16 5.4144 -28.45 -3.126 6.252 -24 0 6.252 -28.45 0
3 16 6.252 -24 0 5.4144 -24 3.126 6.252 -28.45 0
3 16 6.252 -28.45 0 5.4144 -24 3.126 5.4144 -28.45 3.126
3 16 20 -28.45 20 25.4144 -28.45 23.126 23.126 -28.45 25.4144
3 16 23.126 -28.45 25.4144 20 -28.45 26.252 20 -28.45 20
3 16 20 -28.45 26.252 16.874 -28.45 25.4144 20 -28.45 20
3 16 16.874 -28.45 25.4144 14.5856 -28.45 23.126 20 -28.45 20
3 16 14.5856 -28.45 23.126 13.748 -28.45 20 20 -28.45 20
3 16 13.748 -28.45 20 14.5856 -28.45 16.874 20 -28.45 20
3 16 14.5856 -28.45 16.874 16.874 -28.45 14.5856 20 -28.45 20
3 16 16.874 -28.45 14.5856 20 -28.45 13.748 20 -28.45 20
3 16 20 -28.45 13.748 23.126 -28.45 14.5856 20 -28.45 20
3 16 23.126 -28.45 14.5856 25.4144 -28.45 16.874 20 -28.45 20
3 16 25.4144 -28.45 16.874 26.252 -28.45 20 20 -28.45 20
3 16 26.252 -28.45 20 25.4144 -28.45 23.126 20 -28.45 20
3 16 25.4144 -24 23.126 23.126 -24 25.4144 25.4144 -28.45 23.126
3 16 25.4144 -28.45 23.126 23.126 -24 25.4144 23.126 -28.45 25.4144
3 16 23.126 -24 25.4144 20 -24 26.252 23.126 -28.45 25.4144
3 16 23.126 -28.45 25.4144 20 -24 26.252 20 -28.45 26.252
3 16 20 -24 26.252 16.874 -24 25.4144 20 -28.45 26.252
3 16 20 -28.45 26.252 16.874 -24 25.4144 16.874 -28.45 25.4144
3 16 16.874 -24 25.4144 14.5856 -24 23.126 16.874 -28.45 25.4144
3 16 16.874 -28.45 25.4144 14.5856 -24 23.126 14.5856 -28.45 23.126
3 16 14.5856 -24 23.126 13.748 -24 20 14.5856 -28.45 23.126
3 16 14.5856 -28.45 23.126 13.748 -24 20 13.748 -28.45 20
3 16 13.748 -24 20 14.5856 -24 16.874 13.748 -28.45 20
3 16 13.748 -28.45 20 14.5856 -24 16.874 14.5856 -28.45 16.874
3 16 14.5856 -24 16.874 16.874 -24 14.5856 14.5856 -28.45 16.874
3 16 14.5856 -28.45 16.874 16.874 -24 14.5856 16.874 -28.45 14.5856
3 16 16.874 -24 14.5856 20 -24 13.748 16.874 -28.45 14.5856
3 16 16.874 -28.45 14.5856 20 -24 13.748 20 -28.45 13.748
3 16 20 -24 13.748 23.126 -24 14.5856 20 -28.45 13.748
3 16 20 -28.45 13.748 23.126 -24 14.5856 23.126 -28.45 14.5856
3 16 23.126 -24 14.5856 25.4144 -24 16.874 23.126 -28.45 14.5856
3 16 23.126 -28.45 14.5856 25.4144 -24 16.874 25.4144 -28.45 16.874
3 16 25.4144 -24 16.874 26.252 -24 20 25.4144 -28.45 16.874
3 16 25.4144 -28.45 16.874 26.252 -24 20 26.252 -28.45 20
3 16 26.252 -24 20 25.4144 -24 23.126 26.252 -28.45 20
3 16 26.252 -28.45 20 25.4144 -24 23.126 25.4144 -28.45 23.126
3 16 20 -28.45 0 25.4144 -28.45 3.126 23.126 -28.45 5.4144
3 16 23.126 -28.45 5.4144 20 -28.45 6.252 20 -28.45 0
3 16 20 -28.45 6.252 16.874 -28.45 5.4144 20 -28.45 0
3 16 16.874 -28.45 5.4144 14.5856 -28.45 3.126 20 -28.45 0
3 16 14.5856 -28.45 3.126 13.748 -28.45 0 20 -28.45 0
3 16 13.748 -28.45 0 14.5856 -28.45 -3.126 20 -28.45 0
3 16 14.5856 -28.45 -3.126 16.874 -28.45 -5.4144 20 -28.45 0
3 16 16.874 -28.45 -5.4144 20 -28.45 -6.252 20 -28.45 0
3 16 20 -28.45 -6.252 23.126 -28.45 -5.4144 20 -28.45 0
3 16 23.126 -28.45 -5.4144 25.4144 -28.45 -3.126 20 -28.45 0
3 16 25.4144 -28.45 -3.126 26.252 -28.45 0 20 -28.45 0
3 16 26.252 -28.45 0 25.4144 -28.45 3.126 20 -28.45 0
3 16 25.4144 -24 3.126 23.126 -24 5.4144 25.4144 -28.45 3.126
3 16 25.4144 -28.45 3.126 23.126 -24 5.4144 23.126 -28.45 5.4144
3 16 23.126 -24 5.4144 20 -24 6.252 23.126 -28.45 5.4144
3 16 23.126 -28.45 5.4144 20 -24 6.252 20 -28.45 6.252
3 16 20 -24 6.252 16.874 -24 5.4144 20 -28.45 6.252
3 16 20 -28.45 6.252 16.874 -24 5.4144 16.874 -28.45 5.4144
3 16 16.874 -24 5.4144 14.5856 -24 3.126 16.874 -28.45 5.4144
3 16 16.874 -28.45 5.4144 14.5856 -24 3.126 14.5856 -28.45 3.126
3 16 14.5856 -24 3.126 13.748 -24 0 14.5856 -28.45 3.126
3 16 14.5856 -28.45 3.126 13.748 -24 0 13.748 -28.45 0
3 16 13.748 -24 0 14.5856 -24 -3.126 13.748 -28.45 0
3 16 13.748 -28.45 0 14.5856 -24 -3.126 14.5856 -28.45 -3.126
3 16 14.5856 -24 -3.126 16.874 -24 -5.4144 14.5856 -28.45 -3.126
3 16 14.5856 -28.45 -3.126 16.874 -24 -5.4144 16.874 -28.45 -5.4144
3 16 16.874 -24 -5.4144 20 -24 -6.252 16.874 -28.45 -5.4144
3 16 16.874 -28.45 -5.4144 20 -24 -6.252 20 -28.45 -6.252
3 16 20 -24 -6.252 23.126 -24 -5.4144 20 -28.45 -6.252
3 16 20 -28.45 -6.252 23.126 -24 -5.4144 23.126 -28.45 -5.4144
3 16 23.126 -24 -5.4144 25.4144 -24 -3.126 23.126 -28.45 -5.4144
3 16 23.126 -28.45 -5.4144 25.4144 -24 -3.126 25.4144 -28.45 -3.126
3 16 25.4144 -24 -3.126 26.252 -24 0 25.4144 -28.45 -3.126
3 16 25.4144 -28.45 -3.126 26.252 -24 0 26.252 -28.45 0
3 16 26.252 -24 0 25.4144 -24 3.126 26.252 -28.45 0
3 16 26.252 -28.45 0 25.4144 -24 3.126 25.4144 -28.45 3.126
3 16 0 -28.45 20 5.4144 -28.45 23.126 3.126 -28.45 25.4144
3 16 3.126 -28.45 25.4144 0 -28.45 26.252 0 -28.45 20
3 16 0 -28.45 26.252 -3.126 -28.45 25.4144 0 -28.45 20
3 16 -3.126 -28.45 25.4144 -5.4144 -28.45 23.126 0 -28.45 20
3 16 -5.4144 -28.45 23.126 -6.252 -28.45 20 0 -28.45 20
3 16 -6.252 -28.45 20 -5.4144 -28.45 16.874 0 -28.45 20
3 16 -5.4144 -28.45 16.874 -3.126 -28.45 14.5856 0 -28.45 20
3 16 -3.126 -28.45 14.5856 0 -28.45 13.748 0 -28.45 20
3 16 0 -28.45 13.748 3.126 -28.45 14.5856 0 -28.45 20
3 16 3.126 -28.45 14.5856 5.4144 -28.45 16.874 0 -28.45 20
3 16 5.4144 -28.45 16.874 6.252 -28.45 20 0 -28.45 20
3 16 6.252 -28.45 20 5.4144 -28.45 23.126 0 -28.45 20
3 16 5.4144 -24 23.126 3.126 -24 25.4144 5.4144 -28.45 23.126
3 16 5.4144 -28.45 23.126 3.126 -24 25.4144 3.126 -28.45 25.4144
3 16 3.126 -24 25.4144 0 -24 26.252 3.126 -28.45 25.4144
3 16 3.126 -28.45 25.4144 0 -24 26.252 0 -28.45 26.252
3 16 0 -24 26.252 -3.126 -24 25.4144 0 -28.45 26.252
3 16 0 -28.45 26.252 -3.126 -24 25.4144 -3.126 -28.45 25.4144
3 16 -3.126 -24 25.4144 -5.4144 -24 23.126 -3.126 -28.45 25.4144
3 16 -3.126 -28.45 25.4144 -5.4144 -24 23.126 -5.4144 -28.45 23.126
3 16 -5.4144 -24 23.126 -6.252 -24 20 -5.4144 -28.45 23.126
3 16 -5.4144 -28.45 23.126 -6.252 -24 20 -6.252 -28.45 20
3 16 -6.252 -24 20 -5.4144 -24 16.874 -6.252 -28.45 20
3 16 -6.252 -28.45 20 -5.4144 -24 16.874 -5.4144 -28.45 16.874
3 16 -5.4144 -24 16.874 -3.126 -24 14.5856 -5.4144 -28.45 16.874
3 16 -5.4144 -28.45 16.874 -3.126 -24 14.5856 -3.126 -28.45 14.5856
3 16 -3.126 -24 14.5856 0 -24 13.748 -3.126 -28.45 14.5856
3 16 -3.126 -28.45 14.5856 0 -24 13.748 0 -28.45 13.748
3 16 0 -24 13.748 3.126 -24 14.5856 0 -28.45 13.748
3 16 0 -28.45 13.748 3.126 -24 14.5856 3.126 -28.45 14.5856
3 16 3.126 -24 14.5856 5.4144 -24 16.874 3.126 -28.45 14.5856
3 16 3.126 -28.45 14.5856 5.4144 -24 16.874 5.4144 -28.45 16.874
3 16 5.4144 -24 16.874 6.252 -24 20 5.4144 -28.45 16.874
3 16 5.4144 -28.45 16.874 6.252 -24 20 6.252 -28.45 20
3 16 6.252 -24 20 5.4144 -24 23.126 6.252 -28.45 20
3 16 6.252 -28.45 20 5.4144 -24 23.126 5.4144 -28.45 23.126
2 24 -10 0 30 -10 0 -10
2 24 -10 0 30 -10 -24 30
2 24 -10 0 -10 -10 -24 -10
2 24 -10 -24 30 -10 -24 -10
2 24 30 -24 30 -10 -24 30
2 24 30 -24 30 30 -24 -10
2 24 -10 -24 30 -10 -24 -10
2 24 30 -24 -10 -10 -24 -10
2 24 -10 -24 30 30 -24 30
2 24 -10 -24 30 -10 0 30
2 24 30 -24 30 30 0 30
2 24 -10 0 30 30 0 30
2 24 30 0 30 30 -24 30
2 24 30 0 30 30 0 -10
2 24 30 -24 30 30 -24 -10
2 24 30 0 -10 30 -24 -10
2 24 -10 0 -10 30 0 -10
2 24 -10 0 -10 -10 -24 -10
2 24 30 0 -10 30 -24 -10
2 24 -10 -24 -10 30 -24 -10
2 24 15.5396 0 13.1983 13.1983 0 15.5396
2 24 17.3124 0 14.2218 14.2218 0 17.3123
2 24 14.2218 0 17.3123 10 0 18.4436
2 24 13.1983 0 15.5396 10 0 16.3966
2 24 10 0 16.3966 6.8017 0 15.5396
2 24 10 0 18.4436 5.7782 0 17.3123
2 24 6.8017 0 15.5396 4.4604 0 13.1983
2 24 5.7782 0 17.3123 2.6876 0 14.2218
2 24 4.4604 0 13.1983 3.6034 0 10
2 24 2.6876 0 14.2218 1.5564 0 10
2 24 3.6034 0 10 4.4604 0 6.8017
2 24 1.5564 0 10 2.6876 0 5.7782
2 24 4.4604 0 6.8017 6.8017 0 4.4604
2 24 2.6876 0 5.7782 5.7782 0 2.6877
2 24 6.8017 0 4.4604 10 0 3.6034
2 24 5.7782 0 2.6877 10 0 1.5564
2 24 10 0 3.6034 13.1983 0 4.4604
2 24 10 0 1.5564 14.2218 0 2.6877
2 24 13.1983 0 4.4604 15.5396 0 6.8017
2 24 14.2218 0 2.6877 17.3124 0 5.7782
2 24 15.5396 0 6.8017 16.3966 0 10
2 24 17.3124 0 5.7782 18.4436 0 10
2 24 15.5396 0 13.1983 16.3966 0 10
2 24 17.3124 0 14.2218 18.4436 0 10
2 24 10 -21.25 18.4436 14.2218 -21.25 17.3123
2 24 10 0 18.4436 14.2218 0 17.3123
2 24 10 -21.25 18.4436 5.7782 -21.25 17.3123
2 24 10 0 18.4436 5.7782 0 17.3123
2 24 5.7782 -21.25 17.3123 2.6876 -21.25 14.2218
2 24 5.7782 0 17.3123 2.6876 0 14.2218
2 24 2.6876 -21.25 14.2218 1.5564 -21.25 10
2 24 2.6876 0 14.2218 1.5564 0 10
2 24 1.5564 -21.25 10 2.6876 -21.25 5.7782
2 24 1.5564 0 10 2.6876 0 5.7782
2 24 2.6876 -21.25 5.7782 5.7782 -21.25 2.6877
2 24 2.6876 0 5.7782 5.7782 0 2.6877
2 24 5.7782 -21.25 2.6877 10 -21.25 1.5564
2 24 5.7782 0 2.6877 10 0 1.5564
2 24 10 -21.25 1.5564 14.2218 -21.25 2.6877
2 24 10 0 1.5564 14.2218 0 2.6877
2 24 14.2218 -21.25 2.6877 17.3123 -21.25 5.7782
2 24 14.2218 0 2.6877 17.3124 0 5.7782
2 24 17.3123 -21.25 5.7782 18.4436 -21.25 10
2 24 17.3124 0 5.7782 18.4436 0 10
2 24 18.4436 -21.25 10 17.3124 -21.25 14.2218
2 24 18.4436 0 10 17.3124 0 14.2218
2 24 13.1983 0 15.5396 15.5396 0 13.1983
2 24 13.1983 -21.0063 15.5396 15.5396 -21.0063 13.1983
2 24 13.1983 0 15.5396 10 0 16.3966
2 24 13.1983 -21.0063 15.5396 10 -21.0063 16.3966
2 24 10 0 16.3966 6.8017 0 15.5396
2 24 10 -21.0063 16.3966 6.8017 -21.0063 15.5396
2 24 6.8017 0 15.5396 4.4604 0 13.1983
2 24 6.8017 -21.0063 15.5396 4.4604 -21.0063 13.1983
2 24 4.4604 0 13.1983 3.6034 0 10
2 24 4.4604 -21.0063 13.1983 3.6034 -21.0063 10
2 24 3.6034 0 10 4.4604 0 6.8017
2 24 3.6034 -21.0063 10 4.4604 -21.0063 6.8017
2 24 4.4604 0 6.8017 6.8017 0 4.4604
2 24 4.4604 -21.0063 6.8017 6.8017 -21.0063 4.4604
2 24 6.8017 0 4.4604 10 0 3.6034
2 24 6.8017 -21.0063 4.4604 10 -21.0063 3.6034
2 24 10 0 3.6034 13.1983 0 4.4604
2 24 10 -21.0063 3.6034 13.1983 -21.0063 4.4604
2 24 13.1983 0 4.4604 15.5396 0 6.8017
2 24 13.1983 -21.0063 4.4604 15.5396 -21.0063 6.8017
2 24 15.5396 0 6.8017 16.3966 0 10
2 24 15.5396 -21.0063 6.8017 16.3966 -21.0063 10
2 24 15.5396 0 13.1983 16.3966 0 10
2 24 15.5396 -21.0063 13.1983 16.3966 -21.0063 10
2 24 14.2218 0 17.3123 17.3124 0 14.2218
2 24 14.2218 -21.25 17.3123 17.3124 -21.25 14.2218
2 24 27 -21.25 -7 -7 -21.25 -7
2 24 27 -21.25 -7 27 -21.25 27
2 24 -7 -21.25 -7 -7 -21.25 27
2 24 27 -21.25 27 -7 -21.25 27
2 24 -7 -21.25 27 -7 -21.25 -7
2 24 -7 -21.25 27 -7 0 27
2 24 -7 -21.25 -7 -7 0 -7
2 24 -7 0 27 -7 0 -7
2 24 27 -21.25 -7 27 -21.25 27
2 24 27 -21.25 -7 27 0 -7
2 24 27 -21.25 27 27 0 27
2 24 27 0 -7 27 0 27
2 24 27 -21.25 27 -7 -21.25 27
2 24 27 -21.25 27 27 0 27
2 24 -7 -21.25 27 -7 0 27
2 24 27 0 27 -7 0 27
2 24 -7 -21.25 -7 27 -21.25 -7
2 24 -7 -21.25 -7 -7 0 -7
2 24 27 -21.25 -7 27 0 -7
2 24 -7 0 -7 27 0 -7
2 24 -10 0 30 30 0 30
2 24 -7 0 27 27 0 27
2 24 30 0 30 30 0 -10
2 24 27 0 27 27 0 -7
2 24 30 0 -10 -10 0 -10
2 24 27 0 -7 -7 0 -7
2 24 -10 0 30 -10 0 -10
2 24 -7 0 27 -7 0 -7
2 24 5.4144 -28.45 3.126 3.126 -28.45 5.4144
2 24 3.126 -28.45 5.4144 0 -28.45 6.252
2 24 0 -28.45 6.252 -3.126 -28.45 5.4144
2 24 -3.126 -28.45 5.4144 -5.4144 -28.45 3.126
2 24 -5.4144 -28.45 3.126 -6.252 -28.45 0
2 24 -6.252 -28.45 0 -5.4144 -28.45 -3.126
2 24 -5.4144 -28.45 -3.126 -3.126 -28.45 -5.4144
2 24 -3.126 -28.45 -5.4144 0 -28.45 -6.252
2 24 0 -28.45 -6.252 3.126 -28.45 -5.4144
2 24 3.126 -28.45 -5.4144 5.4144 -28.45 -3.126
2 24 5.4144 -28.45 -3.126 6.252 -28.45 0
2 24 5.4144 -28.45 3.126 6.252 -28.45 0
2 24 5.4144 -24 3.126 3.126 -24 5.4144
2 24 5.4144 -28.45 3.126 3.126 -28.45 5.4144
2 24 3.126 -24 5.4144 0 -24 6.252
2 24 3.126 -28.45 5.4144 0 -28.45 6.252
2 24 0 -24 6.252 -3.126 -24 5.4144
2 24 0 -28.45 6.252 -3.126 -28.45 5.4144
2 24 -3.126 -24 5.4144 -5.4144 -24 3.126
2 24 -3.126 -28.45 5.4144 -5.4144 -28.45 3.126
2 24 -5.4144 -24 3.126 -6.252 -24 0
2 24 -5.4144 -28.45 3.126 -6.252 -28.45 0
2 24 -6.252 -24 0 -5.4144 -24 -3.126
2 24 -6.252 -28.45 0 -5.4144 -28.45 -3.126
2 24 -5.4144 -24 -3.126 -3.126 -24 -5.4144
2 24 -5.4144 -28.45 -3.126 -3.126 -28.45 -5.4144
2 24 -3.126 -24 -5.4144 0 -24 -6.252
2 24 -3.126 -28.45 -5.4144 0 -28.45 -6.252
2 24 0 -24 -6.252 3.126 -24 -5.4144
2 24 0 -28.45 -6.252 3.126 -28.45 -5.4144
2 24 3.126 -24 -5.4144 5.4144 -24 -3.126
2 24 3.126 -28.45 -5.4144 5.4144 -28.45 -3.126
2 24 5.4144 -24 -3.126 6.252 -24 0
2 24 5.4144 -28.45 -3.126 6.252 -28.45 0
2 24 5.4144 -24 3.126 6.252 -24 0
2 24 5.4144 -28.45 3.126 6.252 -28.45 0
2 24 25.4144 -28.45 23.126 23.126 -28.45 25.4144
2 24 23.126 -28.45 25.4144 20 -28.45 26.252
2 24 20 -28.45 26.252 16.874 -28.45 25.4144
2 24 16.874 -28.45 25.4144 14.5856 -28.45 23.126
2 24 14.5856 -28.45 23.126 13.748 -28.45 20
2 24 13.748 -28.45 20 14.5856 -28.45 16.874
2 24 14.5856 -28.45 16.874 16.874 -28.45 14.5856
2 24 16.874 -28.45 14.5856 20 -28.45 13.748
2 24 20 -28.45 13.748 23.126 -28.45 14.5856
2 24 23.126 -28.45 14.5856 25.4144 -28.45 16.874
2 24 25.4144 -28.45 16.874 26.252 -28.45 20
2 24 25.4144 -28.45 23.126 26.252 -28.45 20
2 24 25.4144 -24 23.126 23.126 -24 25.4144
2 24 25.4144 -28.45 23.126 23.126 -28.45 25.4144
2 24 23.126 -24 25.4144 20 -24 26.252
2 24 23.126 -28.45 25.4144 20 -28.45 26.252
2 24 20 -24 26.252 16.874 -24 25.4144
2 24 20 -28.45 26.252 16.874 -28.45 25.4144
2 24 16.874 -24 25.4144 14.5856 -24 23.126
2 24 16.874 -28.45 25.4144 14.5856 -28.45 23.126
2 24 14.5856 -24 23.126 13.748 -24 20
2 24 14.5856 -28.45 23.126 13.748 -28.45 20
2 24 13.748 -24 20 14.5856 -24 16.874
2 24 13.748 -28.45 20 14.5856 -28.45 16.874
2 24 14.5856 -24 16.874 16.874 -24 14.5856
2 24 14.5856 -28.45 16.874 16.874 -28.45 14.5856
2 24 16.874 -24 14.5856 20 -24 13.748
2 24 16.874 -28.45 14.5856 20 -28.45 13.748
2 24 20 -24 13.748 23.126 -24 14.5856
2 24 20 -28.45 13.748 23.126 -28.45 14.5856
2 24 23.126 -24 14.5856 25.4144 -24 16.874
2 24 23.126 -28.45 14.5856 25.4144 -28.45 16.874
2 24 25.4144 -24 16.874 26.252 -24 20
2 24 25.4144 -28.45 16.874 26.252 -28.45 20
2 24 25.4144 -24 23.126 26.252 -24 20
2 24 25.4144 -28.45 23.126 26.252 -28.45 20
2 24 25.4144 -28.45 3.126 23.126 -28.45 5.4144
2 24 23.126 -28.45 5.4144 20 -28.45 6.252
2 24 20 -28.45 6.252 16.874 -28.45 5.4144
2 24 16.874 -28.45 5.4144 14.5856 -28.45 3.126
2 24 14.5856 -28.45 3.126 13.748 -28.45 0
2 24 13.748 -28.45 0 14.5856 -28.45 -3.126
2 24 14.5856 -28.45 -3.126 16.874 -28.45 -5.4144
2 24 16.874 -28.45 -5.4144 20 -28.45 -6.252
2 24 20 -28.45 -6.252 23.126 -28.45 -5.4144
2 24 23.126 -28.45 -5.4144 25.4144 -28.45 -3.126
2 24 25.4144 -28.45 -3.126 26.252 -28.45 0
2 24 25.4144 -28.45 3.126 26.252 -28.45 0
2 24 25.4144 -24 3.126 23.126 -24 5.4144
2 24 25.4144 -28.45 3.126 23.126 -28.45 5.4144
2 24 23.126 -24 5.4144 20 -24 6.252
2 24 23.126 -28.45 5.4144 20 -28.45 6.252
2 24 20 -24 6.252 16.874 -24 5.4144
2 24 20 -28.45 6.252 16.874 -28.45 5.4144
2 24 16.874 -24 5.4144 14.5856 -24 3.126
2 24 16.874 -28.45 5.4144 14.5856 -28.45 3.126
2 24 14.5856 -24 3.126 13.748 -24 0
2 24 14.5856 -28.45 3.126 13.748 -28.45 0
2 24 13.748 -24 0 14.5856 -24 -3.126
2 24 13.748 -28.45 0 14.5856 -28.45 -3.126
2 24 14.5856 -24 -3.126 16.874 -24 -5.4144
2 24 14.5856 -28.45 -3.126 16.874 -28.45 -5.4144
2 24 16.874 -24 -5.4144 20 -24 -6.252
2 24 16.874 -28.45 -5.4144 20 -28.45 -6.252
2 24 20 -24 -6.252 23.126 -24 -5.4144
2 24 20 -28.45 -6.252 23.126 -28.45 -5.4144
2 24 23.126 -24 -5.4144 25.4144 -24 -3.126
2 24 23.126 -28.45 -5.4144 25.4144 -28.45 -3.126
2 24 25.4144 -24 -3.126 26.252 -24 0
2 24 25.4144 -28.45 -3.126 26.252 -28.45 0
2 24 25.4144 -24 3.126 26.252 -24 0
2 24 25.4144 -28.45 3.126 26.252 -28.45 0
2 24 5.4144 -28.45 23.126 3.126 -28.45 25.4144
2 24 3.126 -28.45 25.4144 0 -28.45 26.252
2 24 0 -28.45 26.252 -3.126 -28.45 25.4144
2 24 -3.126 -28.45 25.4144 -5.4144 -28.45 23.126
2 24 -5.4144 -28.45 23.126 -6.252 -28.45 20
2 24 -6.252 -28.45 20 -5.4144 -28.45 16.874
2 24 -5.4144 -28.45 16.874 -3.126 -28.45 14.5856
2 24 -3.126 -28.45 14.5856 0 -28.45 13.748
2 24 0 -28.45 13.748 3.126 -28.45 14.5856
2 24 3.126 -28.45 14.5856 5.4144 -28.45 16.874
2 24 5.4144 -28.45 16.874 6.252 -28.45 20
2 24 5.4144 -28.45 23.126 6.252 -28.45 20
2 24 5.4144 -24 23.126 3.126 -24 25.4144
2 24 5.4144 -28.45 23.126 3.126 -28.45 25.4144
2 24 3.126 -24 25.4144 0 -24 26.252
2 24 3.126 -28.45 25.4144 0 -28.45 26.252
2 24 0 -24 26.252 -3.126 -24 25.4144
2 24 0 -28.45 26.252 -3.126 -28.45 25.4144
2 24 -3.126 -24 25.4144 -5.4144 -24 23.126
2 24 -3.126 -28.45 25.4144 -5.4144 -28.45 23.126
2 24 -5.4144 -24 23.126 -6.252 -24 20
2 24 -5.4144 -28.45 23.126 -6.252 -28.45 20
2 24 -6.252 -24 20 -5.4144 -24 16.874
2 24 -6.252 -28.45 20 -5.4144 -28.45 16.874
2 24 -5.4144 -24 16.874 -3.126 -24 14.5856
2 24 -5.4144 -28.45 16.874 -3.126 -28.45 14.5856
2 24 -3.126 -24 14.5856 0 -24 13.748
2 24 -3.126 -28.45 14.5856 0 -28.45 13.748
2 24 0 -24 13.748 3.126 -24 14.5856
2 24 0 -28.45 13.748 3.126 -28.45 14.5856
2 24 3.126 -24 14.5856 5.4144 -24 16.874
2 24 3.126 -28.45 14.5856 5.4144 -28.45 16.874
2 24 5.4144 -24 16.874 6.252 -24 20
2 24 5.4144 -28.45 16.874 6.252 -28.45 20
2 24 5.4144 -24 23.126 6.252 -24 20
2 24 5.4144 -28.45 23.126 6.252 -28.45 20
2 24 -10 0 -10.025 30 0 -10.025
2 24 -10 0 -10.025 -10 -24 -10.025
2 24 30 0 -10.025 30 -24 -10.025
2 24 -10 -24 -10.025 30 -24 -10.025
2 24 -10 -24 30.025 30 -24 30.025
2 24 -10 -24 30.025 -10 0 30.025
2 24 30 -24 30.025 30 0 30.025
2 24 -10 0 30.025 30 0 30.025
0 STEP
