0 Untitled Model
0 Name: Untitled Model
0 Author: 
0 BFC CERTIFY CCW
3 16 70.0144 -8.0144 10.0144 70.0144 0.0144 10.0144 -10.0144 -8.0144 10.0144 0.9216 0.479 0.9722 0.479 0.9216 0.9852
3 16 -10.0144 -8.0144 10.0144 70.0144 0.0144 10.0144 -10.0144 0.0144 10.0145 0.9216 0.9852 0.9722 0.479 0.9722 0.9852
3 16 70.0177 -15.3356 -15.181 70.0151 -16.015 -9.9869 -10.0177 -15.3356 -15.181 0.34 0.0078 0.3737 0.0078 0.34 0.5232
3 16 -10.0177 -15.3356 -15.181 70.0151 -16.015 -9.9869 -10.0151 -16.015 -9.9869 0.34 0.5232 0.3737 0.0078 0.3737 0.5232
3 16 70.0177 -10.1546 -24.1546 70.0177 -13.3358 -20.0088 -10.0177 -10.1546 -24.1546 0.2726 0.0078 0.3063 0.0078 0.2726 0.5232
3 16 -10.0177 -10.1546 -24.1546 70.0177 -13.3358 -20.0088 -10.0177 -13.3358 -20.0088 0.2726 0.5232 0.3063 0.0078 0.3063 0.5232
3 16 -10.0144 8.0144 -30.0144 70.0144 8.0144 -30.0144 -10.0177 3.9987 -30.0176 0.1457 0.5232 0.1457 0.0078 0.1714 0.5232
3 16 -10.0177 3.9987 -30.0176 70.0144 8.0144 -30.0144 70.0177 3.9987 -30.0176 0.1714 0.5232 0.1457 0.0078 0.1714 0.0078
3 16 70.0144 0.0144 10.0144 70.0144 -8.0144 10.0144 70.0144 0.0144 -9.9856 0.5505 0.7435 0.5505 0.6929 0.677 0.7435
3 16 70.0144 0.0144 -9.9856 70.0144 -8.0144 10.0144 70.0144 -8.0144 -9.9856 0.677 0.7435 0.5505 0.6929 0.677 0.6929
3 16 70.0177 -15.3356 -15.181 70.0144 -8.0144 -9.9856 70.0151 -16.015 -9.9869 0.7098 0.6466 0.677 0.6929 0.6771 0.6423
3 16 70.0177 -10.1546 -24.1546 70.0144 -8.0144 -9.9856 70.0177 -13.3358 -20.0088 0.7665 0.6794 0.677 0.6929 0.7403 0.6593
3 16 70.0177 -13.3358 -20.0088 70.0144 -8.0144 -9.9856 70.0177 -15.3356 -15.181 0.7403 0.6593 0.677 0.6929 0.7098 0.6466
3 16 70.0144 0.0144 -9.9856 70.0177 -6.0088 -27.3358 70.0177 -1.181 -29.3356 0.677 0.7435 0.7866 0.7056 0.7992 0.7362
3 16 70.0177 -1.181 -29.3356 70.0177 3.9987 -30.0176 70.0144 0.0144 -9.9856 0.7992 0.7362 0.8035 0.7689 0.677 0.7435
3 16 70.0144 0.0144 -9.9856 70.0177 3.9987 -30.0176 70.0144 8.0144 -9.9856 0.677 0.7435 0.8035 0.7689 0.677 0.7942
3 16 70.0144 -8.0144 -9.9856 70.0177 -10.1546 -24.1546 70.0144 0.0144 -9.9856 0.677 0.6929 0.7665 0.6794 0.677 0.7435
3 16 70.0144 0.0144 -9.9856 70.0177 -10.1546 -24.1546 70.0177 -6.0088 -27.3358 0.677 0.7435 0.7665 0.6794 0.7866 0.7056
3 16 70.0144 8.0144 -9.9856 70.0177 3.9987 -30.0176 70.0144 8.0144 -30.0144 0.677 0.7942 0.8035 0.7689 0.8035 0.7942
3 16 -10.0144 -8.0144 -9.9856 -10.0177 -13.3358 -20.0088 -10.0177 -15.3356 -15.181 0.6288 0.5771 0.5655 0.5435 0.596 0.5308
3 16 70.0177 -15.3356 -15.181 -10.0177 -15.3356 -15.181 70.0177 -13.3358 -20.0088 0.34 0.0078 0.34 0.5232 0.3063 0.0078
3 16 70.0177 -13.3358 -20.0088 -10.0177 -15.3356 -15.181 -10.0177 -13.3358 -20.0088 0.3063 0.0078 0.34 0.5232 0.3063 0.5232
3 16 70.0177 -1.181 -29.3356 -10.0177 -1.181 -29.3356 70.0177 3.9987 -30.0176 0.2052 0.0078 0.2052 0.5232 0.1714 0.0078
3 16 70.0177 3.9987 -30.0176 -10.0177 -1.181 -29.3356 -10.0177 3.9987 -30.0176 0.1714 0.0078 0.2052 0.5232 0.1714 0.5232
3 16 70.0177 -6.0088 -27.3358 -10.0177 -6.0088 -27.3358 70.0177 -1.181 -29.3356 0.2389 0.0078 0.2389 0.5232 0.2052 0.0078
3 16 70.0177 -1.181 -29.3356 -10.0177 -6.0088 -27.3358 -10.0177 -1.181 -29.3356 0.2052 0.0078 0.2389 0.5232 0.2052 0.5232
3 16 70.0177 -10.1546 -24.1546 -10.0177 -10.1546 -24.1546 70.0177 -6.0088 -27.3358 0.2726 0.0078 0.2726 0.5232 0.2389 0.0078
3 16 70.0177 -6.0088 -27.3358 -10.0177 -10.1546 -24.1546 -10.0177 -6.0088 -27.3358 0.2389 0.0078 0.2726 0.5232 0.2389 0.5232
3 16 70.0144 -8.0144 -9.9856 -10.0144 -8.0144 -9.9856 70.0151 -16.015 -9.9869 0.5144 0.7653 0.0083 0.7653 0.5144 0.7147
3 16 70.0151 -16.015 -9.9869 -10.0144 -8.0144 -9.9856 -10.0151 -16.015 -9.9869 0.5144 0.7147 0.0083 0.7653 0.0083 0.7147
3 16 70.0144 -8.0144 10.0144 -10.0144 -8.0144 10.0144 70.0144 -8.0144 -9.9856 0.5312 0.512 0.5312 0.0059 0.6577 0.512
3 16 70.0144 -8.0144 -9.9856 -10.0144 -8.0144 10.0144 -10.0144 -8.0144 -9.9856 0.6577 0.512 0.5312 0.0059 0.6577 0.0059
3 16 -10.0144 -8.0144 10.0144 -10.0144 0.0144 10.0145 -10.0144 -8.0144 -9.9856 0.7553 0.5771 0.7554 0.6277 0.6288 0.5771
3 16 -10.0144 -8.0144 -9.9856 -10.0144 0.0144 10.0145 -10.0145 0.0144 -9.9856 0.6288 0.5771 0.7554 0.6277 0.6288 0.6277
3 16 -10.0144 -8.0144 -9.9856 -10.0177 -15.3356 -15.181 -10.0151 -16.015 -9.9869 0.6288 0.5771 0.596 0.5308 0.6288 0.5265
3 16 -10.0177 -6.0088 -27.3358 -10.0145 0.0144 -9.9856 -10.0177 -1.181 -29.3356 0.5192 0.5898 0.6288 0.6277 0.5066 0.6204
3 16 -10.0144 -8.0144 -9.9856 -10.0177 -10.1546 -24.1546 -10.0177 -13.3358 -20.0088 0.6288 0.5771 0.5393 0.5636 0.5655 0.5435
3 16 -10.0144 -8.0144 -9.9856 -10.0145 0.0144 -9.9856 -10.0177 -10.1546 -24.1546 0.6288 0.5771 0.6288 0.6277 0.5393 0.5636
3 16 -10.0177 -10.1546 -24.1546 -10.0145 0.0144 -9.9856 -10.0177 -6.0088 -27.3358 0.5393 0.5636 0.6288 0.6277 0.5192 0.5898
3 16 -10.0177 3.9987 -30.0176 -10.0144 8.0144 -9.9856 -10.0144 8.0144 -30.0144 0.5023 0.6531 0.6288 0.6784 0.5023 0.6784
3 16 -10.0177 -1.181 -29.3356 -10.0145 0.0144 -9.9856 -10.0177 3.9987 -30.0176 0.5066 0.6204 0.6288 0.6277 0.5023 0.6531
3 16 -10.0177 3.9987 -30.0176 -10.0145 0.0144 -9.9856 -10.0144 8.0144 -9.9856 0.5023 0.6531 0.6288 0.6277 0.6288 0.6784
3 16 70.0144 8.0144 -9.9856 -10.0144 8.0144 -9.9856 70.0144 0.0144 -9.9856 0.8204 0.9852 0.8204 0.479 0.871 0.9852
3 16 70.0144 0.0144 -9.9856 -10.0144 8.0144 -9.9856 -10.0145 0.0144 -9.9856 0.871 0.9852 0.8204 0.479 0.871 0.479
3 16 70.0144 0.0144 10.0144 70.0144 0.0144 -9.9856 66.2356 0.0144 6.2356 0.0082 0.0078 0.1348 0.0078 0.0319 0.0315
3 16 66.2356 0.0144 6.2356 70.0144 0.0144 -9.9856 66.2356 0.0144 -9.9856 0.0319 0.0315 0.1348 0.0078 0.1348 0.0315
3 16 48.4856 -5.2356 -6.2356 48.4856 0.0144 -6.2356 48.4856 -5.2356 -9.9856 0.8054 0.8324 0.7722 0.8324 0.8054 0.8087
3 16 48.4856 -5.2356 -9.9856 48.4856 0.0144 -6.2356 48.4856 0.0144 -9.9856 0.8054 0.8087 0.7722 0.8324 0.7722 0.8087
3 16 61.5144 0.0144 -9.9856 61.5144 0.0144 -6.2356 61.5144 -5.2356 -9.9856 0.0391 0.9091 0.0391 0.9328 0.0059 0.9091
3 16 61.5144 -5.2356 -9.9856 61.5144 0.0144 -6.2356 61.5144 -5.2356 -6.2356 0.0059 0.9091 0.0391 0.9328 0.0059 0.9328
3 16 61.5144 -5.2356 -6.2356 61.5144 0.0144 -6.2356 58.4856 -5.2356 -6.2356 0.5885 0.9607 0.5553 0.9607 0.5885 0.9417
3 16 58.4856 -5.2356 -6.2356 61.5144 0.0144 -6.2356 58.4856 0.0144 -6.2356 0.5885 0.9417 0.5553 0.9607 0.5553 0.9417
3 16 58.4856 -5.2356 -6.2356 58.4856 0.0144 -6.2356 58.4856 -5.2356 -9.9856 0.6469 0.5268 0.6801 0.5268 0.6469 0.5505
3 16 58.4856 -5.2356 -9.9856 58.4856 0.0144 -6.2356 58.4856 0.0144 -9.9856 0.6469 0.5505 0.6801 0.5268 0.6801 0.5505
3 16 58.4856 0.0144 -9.9856 58.4856 0.0144 -6.2356 61.5144 0.0144 -9.9856 0.6758 0.9732 0.6995 0.9732 0.6758 0.9921
3 16 61.5144 0.0144 -9.9856 58.4856 0.0144 -6.2356 61.5144 0.0144 -6.2356 0.6758 0.9921 0.6995 0.9732 0.6995 0.9921
3 16 66.2356 -5.2356 -9.9856 66.2356 -5.2356 6.2356 66.2356 0.0144 -9.9856 0.7143 0.2645 0.7143 0.1617 0.7475 0.2645
3 16 66.2356 0.0144 -9.9856 66.2356 -5.2356 6.2356 66.2356 0.0144 6.2356 0.7475 0.2645 0.7143 0.1617 0.7475 0.1617
3 16 66.2356 0.0144 6.2356 66.2356 -5.2356 6.2356 -6.2355 0.0479 6.2356 0.9408 0.0059 0.9741 0.0059 0.9408 0.4646
3 16 -6.2355 0.0479 6.2356 66.2356 -5.2356 6.2356 -6.2355 -5.2022 6.2356 0.9408 0.4646 0.9741 0.0059 0.9739 0.4646
3 16 51.5144 0.0144 -6.2356 51.5144 -5.2356 -6.2356 51.5145 0.0144 -9.9856 0.7475 0.448 0.7143 0.448 0.7475 0.4243
3 16 51.5145 0.0144 -9.9856 51.5144 -5.2356 -6.2356 51.5145 -5.2356 -9.9856 0.7475 0.4243 0.7143 0.448 0.7143 0.4243
3 16 48.4856 -5.2356 -6.2356 51.5144 -5.2356 -6.2356 48.4856 0.0144 -6.2356 0.2372 0.9907 0.2372 0.9717 0.2704 0.9907
3 16 48.4856 0.0144 -6.2356 51.5144 -5.2356 -6.2356 51.5144 0.0144 -6.2356 0.2704 0.9907 0.2372 0.9717 0.2704 0.9717
3 16 48.4856 0.0144 -9.9856 48.4856 0.0144 -6.2356 51.5145 0.0144 -9.9856 0.579 0.9941 0.5553 0.9941 0.579 0.9752
3 16 51.5145 0.0144 -9.9856 48.4856 0.0144 -6.2356 51.5144 0.0144 -6.2356 0.579 0.9752 0.5553 0.9941 0.5553 0.9752
3 16 38.4856 0.0144 -6.2356 38.4856 -5.2356 -6.2356 41.5144 0.0144 -6.2356 0.1071 0.9589 0.1403 0.9589 0.1071 0.9779
3 16 41.5144 0.0144 -6.2356 38.4856 -5.2356 -6.2356 41.5144 -5.2356 -6.2356 0.1071 0.9779 0.1403 0.9589 0.1403 0.9779
3 16 66.2356 0.0144 -9.9856 61.5144 0.0144 -9.9856 66.2356 -5.2356 -9.9856 0.871 0.9615 0.871 0.9315 0.9042 0.9615
3 16 66.2356 -5.2356 -9.9856 61.5144 0.0144 -9.9856 61.5144 -5.2356 -9.9856 0.9042 0.9615 0.871 0.9315 0.9042 0.9315
3 16 58.4856 0.0144 -9.9856 51.5145 0.0144 -9.9856 58.4856 -5.2356 -9.9856 0.871 0.9125 0.871 0.8682 0.9042 0.9125
3 16 58.4856 -5.2356 -9.9856 51.5145 0.0144 -9.9856 51.5145 -5.2356 -9.9856 0.9042 0.9125 0.871 0.8682 0.9042 0.8682
3 16 41.5144 0.0144 -9.9856 41.5144 -5.2356 -9.9856 48.4856 0.0144 -9.9856 0.871 0.8049 0.9042 0.8049 0.871 0.8492
3 16 48.4856 0.0144 -9.9856 41.5144 -5.2356 -9.9856 48.4856 -5.2356 -9.9856 0.871 0.8492 0.9042 0.8049 0.9042 0.8492
3 16 -10.0144 0.0144 10.0145 70.0144 0.0144 10.0144 -6.2355 0.0479 6.2356 0.0082 0.514 0.0082 0.0078 0.0319 0.4903
3 16 -6.2355 0.0479 6.2356 70.0144 0.0144 10.0144 66.2356 0.0144 6.2356 0.0319 0.4903 0.0082 0.0078 0.0319 0.0315
3 16 28.4856 -5.2356 -6.2356 28.4856 0.0144 -6.2356 28.4856 -5.2356 -9.9856 0.7191 0.3861 0.7524 0.3861 0.7191 0.4098
3 16 28.4856 -5.2356 -9.9856 28.4856 0.0144 -6.2356 28.4856 0.0144 -9.9856 0.7191 0.4098 0.7524 0.3861 0.7524 0.4098
3 16 41.5144 0.0144 -9.9856 41.5144 0.0144 -6.2356 41.5144 -5.2356 -9.9856 0.4892 0.5263 0.5129 0.5263 0.4892 0.5596
3 16 41.5144 -5.2356 -9.9856 41.5144 0.0144 -6.2356 41.5144 -5.2356 -6.2356 0.4892 0.5596 0.5129 0.5263 0.5129 0.5596
3 16 38.4856 -5.2356 -6.2356 38.4856 0.0144 -6.2356 38.4856 -5.2356 -9.9856 0.0796 0.4706 0.0464 0.4706 0.0796 0.4469
3 16 38.4856 -5.2356 -9.9856 38.4856 0.0144 -6.2356 38.4856 0.0144 -9.9856 0.0796 0.4469 0.0464 0.4706 0.0464 0.4469
3 16 38.4856 0.0144 -9.9856 38.4856 0.0144 -6.2356 41.5144 0.0144 -9.9856 0.4779 0.9704 0.4779 0.9941 0.4589 0.9704
3 16 41.5144 0.0144 -9.9856 38.4856 0.0144 -6.2356 41.5144 0.0144 -6.2356 0.4589 0.9704 0.4779 0.9941 0.4589 0.9941
3 16 31.5144 0.0144 -6.2356 31.5144 -5.2356 -6.2356 31.5144 0.0144 -9.9856 0.242 0.9336 0.2752 0.9336 0.242 0.9573
3 16 31.5144 0.0144 -9.9856 31.5144 -5.2356 -6.2356 31.5144 -5.2356 -9.9856 0.242 0.9573 0.2752 0.9336 0.2752 0.9573
3 16 28.4856 -5.2356 -6.2356 31.5144 -5.2356 -6.2356 28.4856 0.0144 -6.2356 0.1553 0.9779 0.1553 0.9589 0.1885 0.9779
3 16 28.4856 0.0144 -6.2356 31.5144 -5.2356 -6.2356 31.5144 0.0144 -6.2356 0.1885 0.9779 0.1553 0.9589 0.1885 0.9589
3 16 28.4856 0.0144 -9.9856 28.4856 0.0144 -6.2356 31.5144 0.0144 -9.9856 0.6225 0.9697 0.6225 0.9934 0.6035 0.9697
3 16 31.5144 0.0144 -9.9856 28.4856 0.0144 -6.2356 31.5144 0.0144 -6.2356 0.6035 0.9697 0.6225 0.9934 0.6035 0.9934
3 16 38.4856 0.0144 -9.9856 31.5144 0.0144 -9.9856 38.4856 -5.2356 -9.9856 0.871 0.7859 0.871 0.7416 0.9042 0.7859
3 16 38.4856 -5.2356 -9.9856 31.5144 0.0144 -9.9856 31.5144 -5.2356 -9.9856 0.9042 0.7859 0.871 0.7416 0.9042 0.7416
3 16 21.5144 0.0144 -9.9856 21.5144 -5.2356 -9.9856 28.4856 0.0144 -9.9856 0.871 0.6784 0.9042 0.6784 0.871 0.7227
3 16 28.4856 0.0144 -9.9856 21.5144 -5.2356 -9.9856 28.4856 -5.2356 -9.9856 0.871 0.7227 0.9042 0.6784 0.9042 0.7227
3 16 8.4856 -5.2356 -6.2356 8.4856 0.0144 -6.2356 8.4856 -5.2356 -9.9856 0.0464 0.0517 0.0796 0.0517 0.0464 0.0754
3 16 8.4856 -5.2356 -9.9856 8.4856 0.0144 -6.2356 8.4856 0.0144 -9.9856 0.0464 0.0754 0.0796 0.0517 0.0796 0.0754
3 16 21.5144 0.0144 -9.9856 21.5144 0.0144 -6.2356 21.5144 -5.2356 -9.9856 0.7047 0.9205 0.7047 0.8968 0.7379 0.9205
3 16 21.5144 -5.2356 -9.9856 21.5144 0.0144 -6.2356 21.5145 -5.2356 -6.2356 0.7379 0.9205 0.7047 0.8968 0.7379 0.8968
3 16 21.5145 -5.2356 -6.2356 21.5144 0.0144 -6.2356 18.4856 -5.2356 -6.2356 0.7909 0.9804 0.7577 0.9804 0.7909 0.9614
3 16 18.4856 -5.2356 -6.2356 21.5144 0.0144 -6.2356 18.4856 0.0144 -6.2356 0.7909 0.9614 0.7577 0.9804 0.7577 0.9614
3 16 18.4856 -5.2356 -6.2356 18.4856 0.0144 -6.2356 18.4856 -5.2356 -9.9856 0.1273 0.4754 0.0941 0.4754 0.1273 0.4517
3 16 18.4856 -5.2356 -9.9856 18.4856 0.0144 -6.2356 18.4856 0.0144 -9.9856 0.1273 0.4517 0.0941 0.4754 0.0941 0.4517
3 16 18.4856 0.0144 -9.9856 18.4856 0.0144 -6.2356 21.5144 0.0144 -9.9856 0.5405 0.9898 0.5167 0.9898 0.5405 0.9708
3 16 21.5144 0.0144 -9.9856 18.4856 0.0144 -6.2356 21.5144 0.0144 -6.2356 0.5405 0.9708 0.5167 0.9898 0.5167 0.9708
3 16 -6.2355 0.0479 6.2356 -6.2355 -5.2022 6.2356 -6.2356 0.0479 -9.9855 0.7288 0.0444 0.7618 0.0444 0.7288 0.1472
3 16 -6.2356 0.0479 -9.9855 -6.2355 -5.2022 6.2356 -6.2355 -5.2022 -9.9856 0.7288 0.1472 0.7618 0.0444 0.7618 0.1472
3 16 11.5144 0.0144 -6.2356 11.5145 -5.2356 -6.2356 11.5144 0.0144 -9.9856 0.0873 0.9328 0.0541 0.9328 0.0873 0.9091
3 16 11.5144 0.0144 -9.9856 11.5145 -5.2356 -6.2356 11.5145 -5.2356 -9.9856 0.0873 0.9091 0.0541 0.9328 0.0541 0.9091
3 16 8.4856 -5.2356 -6.2356 11.5145 -5.2356 -6.2356 8.4856 0.0144 -6.2356 0.2035 0.9589 0.2224 0.9589 0.2035 0.9921
3 16 8.4856 0.0144 -6.2356 11.5145 -5.2356 -6.2356 11.5144 0.0144 -6.2356 0.2035 0.9921 0.2224 0.9589 0.2224 0.9921
3 16 8.4856 0.0144 -9.9856 8.4856 0.0144 -6.2356 11.5144 0.0144 -9.9856 0.5115 0.7978 0.4878 0.7978 0.5115 0.7788
3 16 11.5144 0.0144 -9.9856 8.4856 0.0144 -6.2356 11.5144 0.0144 -6.2356 0.5115 0.7788 0.4878 0.7978 0.4878 0.7788
3 16 -1.5144 -5.2355 -6.2356 -1.5144 0.0144 -6.2356 -1.5144 -5.2355 -9.9855 0.6608 0.9261 0.6276 0.9261 0.6608 0.9024
3 16 -1.5144 -5.2355 -9.9855 -1.5144 0.0144 -6.2356 -1.5144 0.0144 -9.9856 0.6608 0.9024 0.6276 0.9261 0.6276 0.9024
3 16 1.5144 0.0144 -6.2356 1.5144 -5.2356 -6.2356 1.5144 0.0144 -9.9856 0.6758 0.935 0.709 0.935 0.6758 0.9587
3 16 1.5144 0.0144 -9.9856 1.5144 -5.2356 -6.2356 1.5144 -5.2356 -9.9856 0.6758 0.9587 0.709 0.935 0.709 0.9587
3 16 -1.5144 0.0144 -6.2356 1.5144 0.0144 -6.2356 -1.5144 0.0144 -9.9856 0.6372 0.9887 0.6372 0.9697 0.6609 0.9887
3 16 -1.5144 0.0144 -9.9856 1.5144 0.0144 -6.2356 1.5144 0.0144 -9.9856 0.6609 0.9887 0.6372 0.9697 0.6609 0.9697
3 16 -1.5144 0.0144 -6.2356 -1.5144 -5.2355 -6.2356 1.5144 0.0144 -6.2356 0.7866 0.8801 0.7866 0.8469 0.8056 0.8801
3 16 1.5144 0.0144 -6.2356 -1.5144 -5.2355 -6.2356 1.5144 -5.2356 -6.2356 0.8056 0.8801 0.7866 0.8469 0.8056 0.8469
3 16 18.4856 0.0144 -9.9856 11.5144 0.0144 -9.9856 18.4856 -5.2356 -9.9856 0.871 0.6594 0.871 0.6151 0.9042 0.6594
3 16 18.4856 -5.2356 -9.9856 11.5144 0.0144 -9.9856 11.5145 -5.2356 -9.9856 0.9042 0.6594 0.871 0.6151 0.9042 0.6151
3 16 1.5144 0.0144 -9.9856 1.5144 -5.2356 -9.9856 8.4856 0.0144 -9.9856 0.871 0.5518 0.9042 0.5518 0.871 0.5961
3 16 8.4856 0.0144 -9.9856 1.5144 -5.2356 -9.9856 8.4856 -5.2356 -9.9856 0.871 0.5961 0.9042 0.5518 0.9042 0.5961
3 16 -6.2356 0.0479 -9.9855 -6.2355 -5.2022 -9.9856 -1.5144 0.0144 -9.9856 0.8708 0.5028 0.904 0.5028 0.871 0.5328
3 16 -1.5144 0.0144 -9.9856 -6.2355 -5.2022 -9.9856 -1.5144 -5.2355 -9.9855 0.871 0.5328 0.904 0.5028 0.9042 0.5328
3 16 -10.0144 0.0144 10.0145 -6.2355 0.0479 6.2356 -10.0145 0.0144 -9.9856 0.0082 0.514 0.0319 0.4903 0.1348 0.514
3 16 -10.0145 0.0144 -9.9856 -6.2355 0.0479 6.2356 -6.2356 0.0479 -9.9855 0.1348 0.514 0.0319 0.4903 0.1348 0.4903
3 16 -1.5144 -5.2355 -9.9855 -6.2355 -5.2022 -9.9856 -1.5144 -5.2355 -6.2356 0.9232 0.4345 0.9232 0.4646 0.8995 0.4345
3 16 -1.5144 -5.2355 -6.2356 -6.2355 -5.2022 -9.9856 -6.2355 -5.2022 6.2356 0.8995 0.4345 0.9232 0.4646 0.8204 0.4646
3 16 18.4856 -5.2356 -6.2356 18.4856 -5.2356 -9.9856 11.5145 -5.2356 -6.2356 0.8995 0.308 0.9232 0.308 0.8995 0.3523
3 16 11.5145 -5.2356 -6.2356 18.4856 -5.2356 -9.9856 11.5145 -5.2356 -9.9856 0.8995 0.3523 0.9232 0.308 0.9232 0.3523
3 16 28.4856 -5.2356 -6.2356 28.4856 -5.2356 -9.9856 21.5145 -5.2356 -6.2356 0.8995 0.2447 0.9232 0.2447 0.8995 0.289
3 16 21.5145 -5.2356 -6.2356 28.4856 -5.2356 -9.9856 21.5144 -5.2356 -9.9856 0.8995 0.289 0.9232 0.2447 0.9232 0.289
3 16 38.4856 -5.2356 -6.2356 38.4856 -5.2356 -9.9856 31.5144 -5.2356 -6.2356 0.8995 0.1814 0.9232 0.1814 0.8995 0.2257
3 16 31.5144 -5.2356 -6.2356 38.4856 -5.2356 -9.9856 31.5144 -5.2356 -9.9856 0.8995 0.2257 0.9232 0.1814 0.9232 0.2257
3 16 1.5144 -5.2356 -9.9856 1.5144 -5.2356 -6.2356 8.4856 -5.2356 -9.9856 0.9232 0.4156 0.8995 0.4156 0.9232 0.3713
3 16 8.4856 -5.2356 -9.9856 1.5144 -5.2356 -6.2356 8.4856 -5.2356 -6.2356 0.9232 0.3713 0.8995 0.4156 0.8995 0.3713
3 16 48.4856 -5.2356 -6.2356 48.4856 -5.2356 -9.9856 41.5144 -5.2356 -6.2356 0.8995 0.1182 0.9232 0.1182 0.8995 0.1625
3 16 41.5144 -5.2356 -6.2356 48.4856 -5.2356 -9.9856 41.5144 -5.2356 -9.9856 0.8995 0.1625 0.9232 0.1182 0.9232 0.1625
3 16 58.4856 -5.2356 -6.2356 58.4856 -5.2356 -9.9856 51.5144 -5.2356 -6.2356 0.8995 0.0549 0.9232 0.0549 0.8995 0.0992
3 16 51.5144 -5.2356 -6.2356 58.4856 -5.2356 -9.9856 51.5145 -5.2356 -9.9856 0.8995 0.0992 0.9232 0.0549 0.9232 0.0992
3 16 66.2356 -5.2356 6.2356 66.2356 -5.2356 -9.9856 61.5144 -5.2356 -6.2356 0.8204 0.0059 0.9232 0.0059 0.8995 0.0359
3 16 61.5144 -5.2356 -6.2356 66.2356 -5.2356 -9.9856 61.5144 -5.2356 -9.9856 0.8995 0.0359 0.9232 0.0059 0.9232 0.0359
3 16 -6.2355 -5.2022 6.2356 8.4856 -5.2356 -6.2356 1.5144 -5.2356 -6.2356 0.8204 0.4646 0.8995 0.3713 0.8995 0.4156
3 16 -6.2355 -5.2022 6.2356 1.5144 -5.2356 -6.2356 -1.5144 -5.2355 -6.2356 0.8204 0.4646 0.8995 0.4156 0.8995 0.4345
3 16 -6.2355 -5.2022 6.2356 18.4856 -5.2356 -6.2356 11.5145 -5.2356 -6.2356 0.8204 0.4646 0.8995 0.308 0.8995 0.3523
3 16 -6.2355 -5.2022 6.2356 11.5145 -5.2356 -6.2356 8.4856 -5.2356 -6.2356 0.8204 0.4646 0.8995 0.3523 0.8995 0.3713
3 16 -6.2355 -5.2022 6.2356 28.4856 -5.2356 -6.2356 21.5145 -5.2356 -6.2356 0.8204 0.4646 0.8995 0.2447 0.8995 0.289
3 16 -6.2355 -5.2022 6.2356 21.5145 -5.2356 -6.2356 18.4856 -5.2356 -6.2356 0.8204 0.4646 0.8995 0.289 0.8995 0.308
3 16 66.2356 -5.2356 6.2356 38.4856 -5.2356 -6.2356 31.5144 -5.2356 -6.2356 0.8204 0.0059 0.8995 0.1814 0.8995 0.2257
3 16 66.2356 -5.2356 6.2356 31.5144 -5.2356 -6.2356 -6.2355 -5.2022 6.2356 0.8204 0.0059 0.8995 0.2257 0.8204 0.4646
3 16 31.5144 -5.2356 -6.2356 28.4856 -5.2356 -6.2356 -6.2355 -5.2022 6.2356 0.8995 0.2257 0.8995 0.2447 0.8204 0.4646
3 16 66.2356 -5.2356 6.2356 48.4856 -5.2356 -6.2356 41.5144 -5.2356 -6.2356 0.8204 0.0059 0.8995 0.1182 0.8995 0.1625
3 16 66.2356 -5.2356 6.2356 41.5144 -5.2356 -6.2356 38.4856 -5.2356 -6.2356 0.8204 0.0059 0.8995 0.1625 0.8995 0.1814
3 16 58.4856 -5.2356 -6.2356 51.5144 -5.2356 -6.2356 66.2356 -5.2356 6.2356 0.8995 0.0549 0.8995 0.0992 0.8204 0.0059
3 16 66.2356 -5.2356 6.2356 51.5144 -5.2356 -6.2356 48.4856 -5.2356 -6.2356 0.8204 0.0059 0.8995 0.0992 0.8995 0.1182
3 16 58.4856 -5.2356 -6.2356 66.2356 -5.2356 6.2356 61.5144 -5.2356 -6.2356 0.8995 0.0549 0.8204 0.0059 0.8995 0.0359
3 16 -6.2356 8.0144 -13.7644 9.1106 2.7644 -13.7644 -6.2335 -11.8755 -13.7607 0.3909 0.4665 0.4241 0.3693 0.5168 0.4665
3 16 -6.2335 -11.8755 -13.7607 9.1106 2.7644 -13.7644 9.1084 -11.8755 -13.7605 0.5168 0.4665 0.4241 0.3693 0.5168 0.3693
3 16 -6.2323 0.3478 -25.8313 -6.2323 -3.1206 -24.605 9.1073 0.3478 -25.8313 0.4669 0.5866 0.4669 0.6099 0.3696 0.5865
3 16 9.1073 0.3478 -25.8313 -6.2323 -3.1206 -24.605 9.1073 -3.1216 -24.6045 0.3696 0.5865 0.4669 0.6099 0.3696 0.6098
3 16 7.9811 -5.1219 -23.4619 -6.2323 -6.2737 -22.5945 6.5166 -6.933 -21.9926 0.3767 0.6245 0.4669 0.6337 0.386 0.6392
3 16 6.5166 -6.933 -21.9926 -6.2323 -6.2737 -22.5945 5.9831 -8.7985 -19.9871 0.386 0.6392 0.4669 0.6337 0.3893 0.6566
3 16 5.9831 -8.7985 -19.9871 -6.2323 -6.2737 -22.5945 -6.2324 -8.6207 -20.2707 0.3893 0.6566 0.4669 0.6337 0.4668 0.6546
3 16 -6.2324 -8.6207 -20.2707 -6.2323 -10.4139 -17.5969 5.9831 -8.7985 -19.9871 0.4668 0.6546 0.4668 0.675 0.3893 0.6566
3 16 5.9831 -8.7985 -19.9871 -6.2323 -10.4139 -17.5969 6.523 -10.1714 -17.9836 0.3893 0.6566 0.4668 0.675 0.3859 0.6719
3 16 7.9907 -10.7823 -16.5177 9.1084 -11.8755 -13.7605 9.1084 -10.8605 -16.0984 0.3766 0.682 0.3694 0.7009 0.3694 0.6846
3 16 9.1073 0.3478 -25.8313 9.1077 2.7631 -23.8965 9.1109 2.7652 -26.1873 0.2925 0.9557 0.3049 0.971 0.2902 0.9709
3 16 10.8894 2.7644 -13.7644 10 2.7612 -15.9776 9.1106 2.7644 -13.7644 0.7481 0.3527 0.7536 0.3385 0.7591 0.3527
3 16 10.8916 -11.8755 -13.7605 10.8916 -10.8605 -16.0984 10.8894 2.7644 -13.7644 0.777 0.5561 0.7919 0.5625 0.777 0.6487
3 16 10.8894 2.7644 -13.7644 10.8916 -10.8605 -16.0984 10.8924 2.7631 -16.1014 0.777 0.6487 0.7919 0.5625 0.7919 0.6487
3 16 7.9891 8.0177 -16.522 7.9907 -10.7823 -16.5177 9.1076 2.7631 -16.1014 0.1023 0.8412 0.2212 0.8412 0.1355 0.8489
3 16 9.1076 2.7631 -16.1014 7.9907 -10.7823 -16.5177 9.1084 -10.8605 -16.0984 0.1355 0.8489 0.2212 0.8412 0.2217 0.8489
3 16 9.1084 -11.8755 -13.7605 9.1106 2.7644 -13.7644 9.1084 -10.8605 -16.0984 0.7293 0.279 0.7293 0.3716 0.7143 0.2854
3 16 9.1084 -10.8605 -16.0984 9.1106 2.7644 -13.7644 9.1076 2.7631 -16.1014 0.7143 0.2854 0.7293 0.3716 0.7143 0.3716
3 16 7.9895 8.0178 -23.4783 10 8.0116 -24.0222 9.1077 2.7631 -23.8965 0.1023 0.7884 0.1023 0.7752 0.1355 0.7808
3 16 9.1077 2.7631 -23.8965 10 8.0116 -24.0222 10 2.7612 -24.0224 0.1355 0.7808 0.1023 0.7752 0.1355 0.7752
3 16 12.0109 8.0177 -16.522 10 8.0115 -15.9778 10.8924 2.7631 -16.1014 0.2372 0.7884 0.2372 0.7752 0.2704 0.7808
3 16 10.8924 2.7631 -16.1014 10 8.0115 -15.9778 10 2.7612 -15.9776 0.2704 0.7808 0.2372 0.7752 0.2704 0.7752
3 16 10 8.0115 -15.9778 12.0109 8.0177 -16.522 10 8.025 -20 0.0561 0.1379 0.0481 0.1275 0.0715 0.1178
3 16 10 8.025 -20 12.0109 8.0177 -16.522 13.4793 8.0177 -17.991 0.0715 0.1178 0.0481 0.1275 0.0464 0.1145
3 16 13.4793 8.0177 -17.991 14.0177 8.0177 -19.9998 10 8.025 -20 0.0464 0.1145 0.0514 0.1024 0.0715 0.1178
3 16 10 8.025 -20 14.0177 8.0177 -19.9998 13.4795 8.0177 -22.0086 0.0715 0.1178 0.0514 0.1024 0.0618 0.0944
3 16 13.4795 8.0177 -22.0086 12.0105 8.0178 -23.4783 10 8.025 -20 0.0618 0.0944 0.0748 0.0927 0.0715 0.1178
3 16 10 8.025 -20 12.0105 8.0178 -23.4783 10 8.0116 -24.0222 0.0715 0.1178 0.0748 0.0927 0.0869 0.0977
3 16 10 8.0116 -24.0222 7.9895 8.0178 -23.4783 10 8.025 -20 0.0869 0.0977 0.0949 0.1081 0.0715 0.1178
3 16 10 8.025 -20 7.9895 8.0178 -23.4783 6.5205 8.0177 -22.0086 0.0715 0.1178 0.0949 0.1081 0.0966 0.1211
3 16 6.5205 8.0177 -22.0086 5.9823 8.0177 -19.9998 10 8.025 -20 0.0966 0.1211 0.0916 0.1332 0.0715 0.1178
3 16 10 8.025 -20 5.9823 8.0177 -19.9998 6.5207 8.0177 -17.991 0.0715 0.1178 0.0916 0.1332 0.0812 0.1412
3 16 6.5207 8.0177 -17.991 7.9891 8.0177 -16.522 10 8.025 -20 0.0812 0.1412 0.0682 0.1429 0.0715 0.1178
3 16 10 8.025 -20 7.9891 8.0177 -16.522 10 8.0115 -15.9778 0.0715 0.1178 0.0682 0.1429 0.0561 0.1379
3 16 12.0092 -10.7825 -16.5176 13.477 -10.0452 -17.9834 12.0109 8.0177 -16.522 0.3561 0.7884 0.3515 0.8016 0.2372 0.7884
3 16 12.0109 8.0177 -16.522 13.477 -10.0452 -17.9834 13.4793 8.0177 -17.991 0.2372 0.7884 0.3515 0.8016 0.2372 0.8016
3 16 10.8916 -11.8755 -13.7605 12.0092 -10.7825 -16.5176 10.8916 -10.8605 -16.0984 0.3585 0.7009 0.3514 0.6819 0.3585 0.6846
3 16 14.017 -8.7562 -19.9875 13.4834 -6.9331 -21.9925 14.0177 8.0177 -19.9998 0.3433 0.8148 0.3318 0.828 0.2372 0.8148
3 16 14.0177 8.0177 -19.9998 13.4834 -6.9331 -21.9925 13.4795 8.0177 -22.0086 0.2372 0.8148 0.3318 0.828 0.2372 0.828
3 16 13.4834 -6.9331 -21.9925 12.0193 -5.1224 -23.4614 13.4795 8.0177 -22.0086 0.3318 0.828 0.3203 0.8412 0.2372 0.828
3 16 13.4795 8.0177 -22.0086 12.0193 -5.1224 -23.4614 12.0105 8.0178 -23.4783 0.2372 0.828 0.3203 0.8412 0.2372 0.8412
3 16 5.9823 8.0177 -19.9998 5.9831 -8.7985 -19.9871 6.5207 8.0177 -17.991 0.1023 0.8148 0.2086 0.8148 0.1023 0.828
3 16 6.5207 8.0177 -17.991 5.9831 -8.7985 -19.9871 6.523 -10.1714 -17.9836 0.1023 0.828 0.2086 0.8148 0.2173 0.828
3 16 7.9895 8.0178 -23.4783 7.9811 -5.1219 -23.4619 6.5205 8.0177 -22.0086 0.1023 0.7884 0.1854 0.7884 0.1023 0.8016
3 16 6.5205 8.0177 -22.0086 7.9811 -5.1219 -23.4619 6.5166 -6.933 -21.9926 0.1023 0.8016 0.1854 0.7884 0.1968 0.8016
3 16 13.477 -10.0452 -17.9834 14.017 -8.7562 -19.9875 13.4793 8.0177 -17.991 0.3515 0.8016 0.3433 0.8148 0.2372 0.8016
3 16 13.4793 8.0177 -17.991 14.017 -8.7562 -19.9875 14.0177 8.0177 -19.9998 0.2372 0.8016 0.3433 0.8148 0.2372 0.8148
3 16 10 2.7612 -24.0224 10.8923 2.7631 -23.8965 10.8893 2.7648 -26.187 0.7283 0.468 0.729 0.4735 0.7143 0.4735
3 16 6.5205 8.0177 -22.0086 6.5166 -6.933 -21.9926 5.9823 8.0177 -19.9998 0.1023 0.8016 0.1968 0.8016 0.1023 0.8148
3 16 5.9823 8.0177 -19.9998 6.5166 -6.933 -21.9926 5.9831 -8.7985 -19.9871 0.1023 0.8148 0.1968 0.8016 0.2086 0.8148
3 16 6.5207 8.0177 -17.991 6.523 -10.1714 -17.9836 7.9891 8.0177 -16.522 0.1023 0.828 0.2173 0.828 0.1023 0.8412
3 16 7.9891 8.0177 -16.522 6.523 -10.1714 -17.9836 7.9907 -10.7823 -16.5177 0.1023 0.8412 0.2173 0.828 0.2212 0.8412
3 16 12.0105 8.0178 -23.4783 12.0193 -5.1224 -23.4614 10.8923 2.7631 -23.8965 0.2372 0.8412 0.3203 0.8412 0.2704 0.8489
3 16 10.8923 2.7631 -23.8965 12.0193 -5.1224 -23.4614 10.8985 -4.4721 -23.8851 0.2704 0.8489 0.3203 0.8412 0.3162 0.8489
3 16 9.1073 0.3478 -25.8313 9.1109 2.7652 -26.1873 -6.2323 0.3478 -25.8313 0.3696 0.5865 0.3697 0.5711 0.4669 0.5866
3 16 -6.2323 0.3478 -25.8313 9.1109 2.7652 -26.1873 -6.2323 2.9983 -26.2137 0.4669 0.5866 0.3697 0.5711 0.467 0.5696
3 16 10.8927 0.3478 -25.8313 10.8923 2.7631 -23.8965 10.8927 -3.1215 -24.6046 0.7364 0.9655 0.724 0.9807 0.7286 0.9435
3 16 -6.2323 0.3478 -25.8313 -6.2356 8.0144 -13.7644 -6.2323 -3.1206 -24.605 0.0489 0.2101 0.1255 0.1616 0.0567 0.232
3 16 -6.2356 8.0145 -26.2356 -10.0144 8.0144 -30.0144 -6.2356 8.0144 -13.7644 0.6996 0.03 0.6758 0.0064 0.7789 0.0297
3 16 -6.2356 8.0144 -13.7644 -10.0144 8.0144 -30.0144 -10.0144 8.0144 -9.9856 0.7789 0.0297 0.6758 0.0064 0.8025 0.0059
3 16 -6.2323 2.9983 -26.2137 -6.2356 8.0145 -26.2356 -6.2356 8.0144 -13.7644 0.0465 0.1933 0.0464 0.1616 0.1255 0.1616
3 16 -6.2323 -6.2737 -22.5945 -6.2356 8.0144 -13.7644 -6.2324 -8.6207 -20.2707 0.0694 0.252 0.1255 0.1616 0.0842 0.2669
3 16 -6.2323 -3.1206 -24.605 -6.2356 8.0144 -13.7644 -6.2323 -6.2737 -22.5945 0.0567 0.232 0.1255 0.1616 0.0694 0.252
3 16 -6.2323 -10.4139 -17.5969 -6.2356 8.0144 -13.7644 -6.2335 -11.8755 -13.7607 0.1011 0.2782 0.1255 0.1616 0.1255 0.2875
3 16 -6.2324 -8.6207 -20.2707 -6.2356 8.0144 -13.7644 -6.2323 -10.4139 -17.5969 0.0842 0.2669 0.1255 0.1616 0.1011 0.2782
3 16 -6.2323 2.9983 -26.2137 -6.2356 8.0144 -13.7644 -6.2323 0.3478 -25.8313 0.0465 0.1933 0.1255 0.1616 0.0489 0.2101
3 16 7.9811 -5.1219 -23.4619 -6.2323 -3.1206 -24.605 -6.2323 -6.2737 -22.5945 0.3767 0.6245 0.4669 0.6099 0.4669 0.6337
3 16 6.523 -10.1714 -17.9836 -6.2323 -10.4139 -17.5969 7.9907 -10.7823 -16.5177 0.3859 0.6719 0.4668 0.675 0.3766 0.682
3 16 9.1084 -11.8755 -13.7605 7.9907 -10.7823 -16.5177 -6.2335 -11.8755 -13.7607 0.3694 0.7009 0.3766 0.682 0.4667 0.7012
3 16 -6.2335 -11.8755 -13.7607 7.9907 -10.7823 -16.5177 -6.2323 -10.4139 -17.5969 0.4667 0.7012 0.3766 0.682 0.4668 0.675
3 16 9.1109 2.7652 -26.1873 -6.2356 8.0145 -26.2356 -6.2323 2.9983 -26.2137 0.3697 0.5711 0.467 0.538 0.467 0.5696
3 16 9.1073 -3.1216 -24.6045 9.1015 -4.4721 -23.8852 9.1077 2.7631 -23.8965 0.3003 0.9338 0.305 0.9252 0.3049 0.971
3 16 9.1073 -3.1216 -24.6045 9.1077 2.7631 -23.8965 9.1073 0.3478 -25.8313 0.3003 0.9338 0.3049 0.971 0.2925 0.9557
3 16 7.9895 8.0178 -23.4783 9.1077 2.7631 -23.8965 7.9811 -5.1219 -23.4619 0.1023 0.7884 0.1355 0.7808 0.1854 0.7884
3 16 7.9811 -5.1219 -23.4619 9.1077 2.7631 -23.8965 9.1015 -4.4721 -23.8852 0.1854 0.7884 0.1355 0.7808 0.1812 0.7808
3 16 10 2.7612 -24.0224 10 8.0116 -24.0222 10.8923 2.7631 -23.8965 0.2704 0.8545 0.2372 0.8545 0.2704 0.8489
3 16 10.8923 2.7631 -23.8965 10 8.0116 -24.0222 12.0105 8.0178 -23.4783 0.2704 0.8489 0.2372 0.8545 0.2372 0.8412
3 16 10.8927 0.3478 -25.8313 10.8893 2.7648 -26.187 10.8923 2.7631 -23.8965 0.7364 0.9655 0.7386 0.9807 0.724 0.9807
3 16 10.8927 -3.1215 -24.6046 10.8923 2.7631 -23.8965 10.8985 -4.4721 -23.8851 0.7286 0.9435 0.724 0.9807 0.724 0.9349
3 16 9.1073 -3.1216 -24.6045 -6.2323 -3.1206 -24.605 9.1015 -4.4721 -23.8852 0.3696 0.6098 0.4669 0.6099 0.3696 0.6195
3 16 -6.2323 -3.1206 -24.605 7.9811 -5.1219 -23.4619 9.1015 -4.4721 -23.8852 0.4669 0.6099 0.3767 0.6245 0.3696 0.6195
3 16 12.0109 8.0177 -16.522 10.8924 2.7631 -16.1014 12.0092 -10.7825 -16.5176 0.2372 0.7884 0.2704 0.7808 0.3561 0.7884
3 16 12.0092 -10.7825 -16.5176 10.8924 2.7631 -16.1014 10.8916 -10.8605 -16.0984 0.3561 0.7884 0.2704 0.7808 0.3566 0.7808
3 16 10 2.7612 -15.9776 10 8.0115 -15.9778 9.1076 2.7631 -16.1014 0.1355 0.8545 0.1023 0.8545 0.1355 0.8489
3 16 9.1076 2.7631 -16.1014 10 8.0115 -15.9778 7.9891 8.0177 -16.522 0.1355 0.8489 0.1023 0.8545 0.1023 0.8412
3 16 10.8894 2.7644 -13.7644 10.8924 2.7631 -16.1014 10 2.7612 -15.9776 0.7481 0.3527 0.7481 0.3378 0.7536 0.3385
3 16 9.1106 2.7644 -13.7644 10 2.7612 -15.9776 9.1076 2.7631 -16.1014 0.7591 0.3527 0.7536 0.3385 0.7591 0.3378
3 16 10 2.7612 -24.0224 9.1109 2.7652 -26.1873 9.1077 2.7631 -23.8965 0.7283 0.468 0.7143 0.4624 0.729 0.4624
3 16 10 2.7612 -24.0224 10.8893 2.7648 -26.187 9.1109 2.7652 -26.1873 0.7283 0.468 0.7143 0.4735 0.7143 0.4624
3 16 26.5166 -6.933 -21.9925 27.9806 -5.1226 -23.4612 13.4834 -6.9331 -21.9925 0.2594 0.6391 0.2502 0.6244 0.3421 0.6392
3 16 13.4834 -6.9331 -21.9925 27.9806 -5.1226 -23.4612 12.0193 -5.1224 -23.4614 0.3421 0.6392 0.2502 0.6244 0.3514 0.6245
3 16 27.9908 -10.7823 -16.5177 29.1084 -11.8755 -13.7605 29.1084 -10.8605 -16.0984 0.2501 0.6819 0.243 0.7009 0.243 0.6846
3 16 29.1073 0.3478 -25.8313 29.1077 2.7631 -23.8965 29.111 2.7653 -26.1873 0.3392 0.9611 0.324 0.9735 0.3239 0.9589
3 16 30.8894 2.7644 -13.7644 30 2.7612 -15.9776 29.1106 2.7644 -13.7644 0.7481 0.3233 0.7536 0.3091 0.7591 0.3233
3 16 30.8916 -11.8755 -13.7605 30.8916 -10.8605 -16.0984 30.8894 2.7644 -13.7644 0.4589 0.8633 0.4739 0.8698 0.4589 0.956
3 16 30.8894 2.7644 -13.7644 30.8916 -10.8605 -16.0984 30.8924 2.7631 -16.1014 0.4589 0.956 0.4739 0.8698 0.4739 0.956
3 16 27.9891 8.0177 -16.522 27.9908 -10.7823 -16.5177 29.1076 2.7631 -16.1014 0.3721 0.8412 0.4911 0.8412 0.4054 0.8489
3 16 29.1076 2.7631 -16.1014 27.9908 -10.7823 -16.5177 29.1084 -10.8605 -16.0984 0.4054 0.8489 0.4911 0.8412 0.4915 0.8489
3 16 29.1084 -11.8755 -13.7605 29.1106 2.7644 -13.7644 29.1084 -10.8605 -16.0984 0.7095 0.5267 0.8021 0.5267 0.716 0.5416
3 16 29.1084 -10.8605 -16.0984 29.1106 2.7644 -13.7644 29.1076 2.7631 -16.1014 0.716 0.5416 0.8021 0.5267 0.8021 0.5416
3 16 27.9895 8.0178 -23.4783 30 8.0116 -24.0222 29.1077 2.7631 -23.8965 0.3721 0.7884 0.3721 0.7752 0.4054 0.7808
3 16 29.1077 2.7631 -23.8965 30 8.0116 -24.0222 30 2.7612 -24.0224 0.4054 0.7808 0.3721 0.7752 0.4054 0.7752
3 16 32.0109 8.0177 -16.522 30 8.0115 -15.9778 30.8924 2.7631 -16.1014 0.6362 0.8241 0.6362 0.8373 0.603 0.8317
3 16 30.8924 2.7631 -16.1014 30 8.0115 -15.9778 30 2.7612 -15.9776 0.603 0.8317 0.6362 0.8373 0.603 0.8373
3 16 30 8.0115 -15.9778 32.0109 8.0177 -16.522 30 8.025 -20 0.2517 0.8739 0.2638 0.8689 0.2671 0.894
3 16 30 8.025 -20 32.0109 8.0177 -16.522 33.4793 8.0177 -17.991 0.2671 0.894 0.2638 0.8689 0.2768 0.8706
3 16 33.4793 8.0177 -17.991 34.0177 8.0177 -19.9998 30 8.025 -20 0.2768 0.8706 0.2872 0.8786 0.2671 0.894
3 16 30 8.025 -20 34.0177 8.0177 -19.9998 33.4796 8.0177 -22.0086 0.2671 0.894 0.2872 0.8786 0.2922 0.8907
3 16 33.4796 8.0177 -22.0086 32.0105 8.0178 -23.4783 30 8.025 -20 0.2922 0.8907 0.2905 0.9037 0.2671 0.894
3 16 30 8.025 -20 32.0105 8.0178 -23.4783 30 8.0116 -24.0222 0.2671 0.894 0.2905 0.9037 0.2825 0.9141
3 16 30 8.0116 -24.0222 27.9895 8.0178 -23.4783 30 8.025 -20 0.2825 0.9141 0.2704 0.9191 0.2671 0.894
3 16 30 8.025 -20 27.9895 8.0178 -23.4783 26.5205 8.0177 -22.0086 0.2671 0.894 0.2704 0.9191 0.2574 0.9174
3 16 26.5205 8.0177 -22.0086 25.9823 8.0177 -19.9998 30 8.025 -20 0.2574 0.9174 0.247 0.9094 0.2671 0.894
3 16 30 8.025 -20 25.9823 8.0177 -19.9998 26.5207 8.0177 -17.991 0.2671 0.894 0.247 0.9094 0.242 0.8973
3 16 26.5207 8.0177 -17.991 27.9891 8.0177 -16.522 30 8.025 -20 0.242 0.8973 0.2437 0.8843 0.2671 0.894
3 16 30 8.025 -20 27.9891 8.0177 -16.522 30 8.0115 -15.9778 0.2671 0.894 0.2437 0.8843 0.2517 0.8739
3 16 32.0091 -10.7825 -16.5175 33.4769 -10.045 -17.9834 32.0109 8.0177 -16.522 0.5172 0.8241 0.5219 0.8109 0.6362 0.8241
3 16 32.0109 8.0177 -16.522 33.4769 -10.045 -17.9834 33.4793 8.0177 -17.991 0.6362 0.8241 0.5219 0.8109 0.6362 0.8108
3 16 30.8916 -11.8755 -13.7605 32.0091 -10.7825 -16.5175 30.8916 -10.8605 -16.0984 0.232 0.7007 0.2249 0.6818 0.232 0.6844
3 16 34.0169 -8.7562 -19.9874 33.4834 -6.933 -21.9926 34.0177 8.0177 -19.9998 0.5301 0.7977 0.5416 0.7845 0.6362 0.7976
3 16 34.0177 8.0177 -19.9998 33.4834 -6.933 -21.9926 33.4796 8.0177 -22.0086 0.6362 0.7976 0.5416 0.7845 0.6362 0.7844
3 16 33.4834 -6.933 -21.9926 34.0169 -8.7562 -19.9874 46.5166 -6.9331 -21.9924 0.2156 0.6391 0.2122 0.6562 0.1329 0.639
3 16 46.5166 -6.9331 -21.9924 34.0169 -8.7562 -19.9874 45.9832 -8.7985 -19.9872 0.1329 0.639 0.2122 0.6562 0.1363 0.6564
3 16 33.4834 -6.933 -21.9926 32.0193 -5.1225 -23.4613 33.4796 8.0177 -22.0086 0.5416 0.7845 0.553 0.7713 0.6362 0.7844
3 16 33.4796 8.0177 -22.0086 32.0193 -5.1225 -23.4613 32.0105 8.0178 -23.4783 0.6362 0.7844 0.553 0.7713 0.6361 0.7712
3 16 25.9823 8.0177 -19.9998 25.9831 -8.7985 -19.9872 26.5207 8.0177 -17.991 0.3721 0.8148 0.4785 0.8148 0.3721 0.828
3 16 26.5207 8.0177 -17.991 25.9831 -8.7985 -19.9872 26.5231 -10.1713 -17.9837 0.3721 0.828 0.4785 0.8148 0.4872 0.828
3 16 27.9895 8.0178 -23.4783 27.9806 -5.1226 -23.4612 26.5205 8.0177 -22.0086 0.3721 0.7884 0.4553 0.7884 0.3721 0.8016
3 16 26.5205 8.0177 -22.0086 27.9806 -5.1226 -23.4612 26.5166 -6.933 -21.9925 0.3721 0.8016 0.4553 0.7884 0.4667 0.8016
3 16 33.4769 -10.045 -17.9834 34.0169 -8.7562 -19.9874 33.4793 8.0177 -17.991 0.5219 0.8109 0.5301 0.7977 0.6362 0.8108
3 16 33.4793 8.0177 -17.991 34.0169 -8.7562 -19.9874 34.0177 8.0177 -19.9998 0.6362 0.8108 0.5301 0.7977 0.6362 0.7976
3 16 30 2.7612 -24.0224 30.8923 2.7631 -23.8965 30.8894 2.7646 -26.1869 0.5329 0.5444 0.5274 0.5451 0.5274 0.5304
3 16 26.5205 8.0177 -22.0086 26.5166 -6.933 -21.9925 25.9823 8.0177 -19.9998 0.3721 0.8016 0.4667 0.8016 0.3721 0.8148
3 16 25.9823 8.0177 -19.9998 26.5166 -6.933 -21.9925 25.9831 -8.7985 -19.9872 0.3721 0.8148 0.4667 0.8016 0.4785 0.8148
3 16 26.5207 8.0177 -17.991 26.5231 -10.1713 -17.9837 27.9891 8.0177 -16.522 0.3721 0.828 0.4872 0.828 0.3721 0.8412
3 16 27.9891 8.0177 -16.522 26.5231 -10.1713 -17.9837 27.9908 -10.7823 -16.5177 0.3721 0.8412 0.4872 0.828 0.4911 0.8412
3 16 30.8927 0.3478 -25.8313 30.8927 -3.1215 -24.6046 49.1073 0.3478 -25.8313 0.232 0.5863 0.232 0.6097 0.1166 0.5863
3 16 49.1073 0.3478 -25.8313 30.8927 -3.1215 -24.6046 49.1073 -3.1214 -24.6046 0.1166 0.5863 0.232 0.6097 0.1165 0.6096
3 16 32.0105 8.0178 -23.4783 32.0193 -5.1225 -23.4613 30.8923 2.7631 -23.8965 0.6361 0.7712 0.553 0.7713 0.6029 0.7636
3 16 30.8923 2.7631 -23.8965 32.0193 -5.1225 -23.4613 30.8985 -4.4721 -23.8851 0.6029 0.7636 0.553 0.7713 0.5572 0.7636
3 16 30.8927 0.3478 -25.8313 30.8923 2.7631 -23.8965 30.8927 -3.1215 -24.6046 0.6436 0.9428 0.6589 0.9552 0.6217 0.9506
3 16 30.8894 2.7646 -26.1869 30.8927 0.3478 -25.8313 49.1107 2.7648 -26.187 0.2321 0.5709 0.232 0.5863 0.1166 0.5709
3 16 49.1107 2.7648 -26.187 30.8927 0.3478 -25.8313 49.1073 0.3478 -25.8313 0.1166 0.5709 0.232 0.5863 0.1166 0.5863
3 16 27.9908 -10.7823 -16.5177 26.5231 -10.1713 -17.9837 12.0092 -10.7825 -16.5176 0.2501 0.6819 0.2594 0.6718 0.3514 0.6819
3 16 12.0092 -10.7825 -16.5176 26.5231 -10.1713 -17.9837 13.477 -10.0452 -17.9834 0.3514 0.6819 0.2594 0.6718 0.3421 0.6715
3 16 29.1084 -11.8755 -13.7605 27.9908 -10.7823 -16.5177 10.8916 -11.8755 -13.7605 0.243 0.7009 0.2501 0.6819 0.3585 0.7009
3 16 10.8916 -11.8755 -13.7605 27.9908 -10.7823 -16.5177 12.0092 -10.7825 -16.5176 0.3585 0.7009 0.2501 0.6819 0.3514 0.6819
3 16 29.1073 -3.1214 -24.6046 29.1016 -4.4721 -23.8851 29.1077 2.7631 -23.8965 0.3611 0.9689 0.3697 0.9735 0.324 0.9735
3 16 29.1073 -3.1214 -24.6046 29.1077 2.7631 -23.8965 29.1073 0.3478 -25.8313 0.3611 0.9689 0.324 0.9735 0.3392 0.9611
3 16 27.9895 8.0178 -23.4783 29.1077 2.7631 -23.8965 27.9806 -5.1226 -23.4612 0.3721 0.7884 0.4054 0.7808 0.4553 0.7884
3 16 27.9806 -5.1226 -23.4612 29.1077 2.7631 -23.8965 29.1016 -4.4721 -23.8851 0.4553 0.7884 0.4054 0.7808 0.4511 0.7808
3 16 30 2.7612 -24.0224 30 8.0116 -24.0222 30.8923 2.7631 -23.8965 0.6029 0.758 0.6361 0.758 0.6029 0.7636
3 16 30.8923 2.7631 -23.8965 30 8.0116 -24.0222 32.0105 8.0178 -23.4783 0.6029 0.7636 0.6361 0.758 0.6361 0.7712
3 16 30.8927 0.3478 -25.8313 30.8894 2.7646 -26.1869 30.8923 2.7631 -23.8965 0.6436 0.9428 0.6589 0.9405 0.6589 0.9552
3 16 30.8927 -3.1215 -24.6046 30.8923 2.7631 -23.8965 30.8985 -4.4721 -23.8851 0.6217 0.9506 0.6589 0.9552 0.6131 0.9552
3 16 32.0109 8.0177 -16.522 30.8924 2.7631 -16.1014 32.0091 -10.7825 -16.5175 0.6362 0.8241 0.603 0.8317 0.5172 0.8241
3 16 32.0091 -10.7825 -16.5175 30.8924 2.7631 -16.1014 30.8916 -10.8605 -16.0984 0.5172 0.8241 0.603 0.8317 0.5168 0.8318
3 16 30 2.7612 -15.9776 30 8.0115 -15.9778 29.1076 2.7631 -16.1014 0.4054 0.8545 0.3721 0.8545 0.4054 0.8489
3 16 29.1076 2.7631 -16.1014 30 8.0115 -15.9778 27.9891 8.0177 -16.522 0.4054 0.8489 0.3721 0.8545 0.3721 0.8412
3 16 30.8894 2.7644 -13.7644 30.8924 2.7631 -16.1014 30 2.7612 -15.9776 0.7481 0.3233 0.7481 0.3084 0.7536 0.3091
3 16 29.1106 2.7644 -13.7644 30 2.7612 -15.9776 29.1076 2.7631 -16.1014 0.7591 0.3233 0.7536 0.3091 0.7591 0.3084
3 16 30 2.7612 -24.0224 29.111 2.7653 -26.1873 29.1077 2.7631 -23.8965 0.5329 0.5444 0.5385 0.5304 0.5385 0.5451
3 16 30 2.7612 -24.0224 30.8894 2.7646 -26.1869 29.111 2.7653 -26.1873 0.5329 0.5444 0.5274 0.5304 0.5385 0.5304
3 16 -10.0144 8.0144 -9.9856 70.0144 8.0144 -9.9856 -6.2356 8.0144 -13.7644 0.8025 0.0059 0.8023 0.5117 0.7789 0.0297
3 16 -6.2356 8.0144 -13.7644 70.0144 8.0144 -9.9856 66.2356 8.0144 -13.7644 0.7789 0.0297 0.8023 0.5117 0.7785 0.4881
3 16 66.2356 8.0145 -26.2356 70.0144 8.0144 -30.0144 -6.2356 8.0145 -26.2356 0.6995 0.4885 0.6758 0.5123 0.6996 0.03
3 16 -6.2356 8.0145 -26.2356 70.0144 8.0144 -30.0144 -10.0144 8.0144 -30.0144 0.6996 0.03 0.6758 0.5123 0.6758 0.0064
3 16 70.0144 8.0144 -9.9856 70.0144 8.0144 -30.0144 66.2356 8.0144 -13.7644 0.8023 0.5117 0.6758 0.5123 0.7785 0.4881
3 16 66.2356 8.0144 -13.7644 70.0144 8.0144 -30.0144 66.2356 8.0145 -26.2356 0.7785 0.4881 0.6758 0.5123 0.6995 0.4885
3 16 47.9908 -10.7823 -16.5177 49.1084 -11.8755 -13.7605 49.1084 -10.8605 -16.0984 0.1236 0.6818 0.1165 0.7008 0.1165 0.6845
3 16 49.1073 0.3478 -25.8313 49.1077 2.7631 -23.8965 49.1107 2.7648 -26.187 0.5079 0.9439 0.4927 0.9564 0.4926 0.9417
3 16 50.8894 2.7644 -13.7644 50 2.7612 -15.9776 49.1106 2.7644 -13.7644 0.7481 0.2939 0.7536 0.2797 0.7591 0.2939
3 16 50.8916 -11.8755 -13.7605 50.8916 -10.8605 -16.0984 50.8894 2.7644 -13.7644 0.111 0.0503 0.126 0.0567 0.111 0.1429
3 16 50.8894 2.7644 -13.7644 50.8916 -10.8605 -16.0984 50.8924 2.7631 -16.1014 0.111 0.1429 0.126 0.0567 0.126 0.1429
3 16 47.9891 8.0177 -16.522 47.9908 -10.7823 -16.5177 49.1077 2.7631 -16.1014 0.6517 0.8747 0.7706 0.8747 0.6849 0.8823
3 16 49.1077 2.7631 -16.1014 47.9908 -10.7823 -16.5177 49.1084 -10.8605 -16.0984 0.6849 0.8823 0.7706 0.8747 0.7711 0.8823
3 16 49.1084 -11.8755 -13.7605 49.1106 2.7644 -13.7644 49.1084 -10.8605 -16.0984 0.3909 0.4804 0.4835 0.4804 0.3974 0.4954
3 16 49.1084 -10.8605 -16.0984 49.1106 2.7644 -13.7644 49.1077 2.7631 -16.1014 0.3974 0.4954 0.4835 0.4804 0.4835 0.4954
3 16 47.9895 8.0178 -23.4783 50 8.0116 -24.0222 49.1077 2.7631 -23.8965 0.6517 0.8218 0.6517 0.8086 0.6849 0.8142
3 16 49.1077 2.7631 -23.8965 50 8.0116 -24.0222 50 2.7612 -24.0224 0.6849 0.8142 0.6517 0.8086 0.6849 0.8086
3 16 52.0109 8.0177 -16.522 50 8.0115 -15.9778 50.8924 2.7631 -16.1014 0.0191 0.8946 0.0059 0.8946 0.0114 0.8614
3 16 50.8924 2.7631 -16.1014 50 8.0115 -15.9778 50 2.7612 -15.9776 0.0114 0.8614 0.0059 0.8946 0.0059 0.8614
3 16 50 8.0115 -15.9778 52.0109 8.0177 -16.522 50 8.025 -20 0.7626 0.942 0.7546 0.9316 0.778 0.9219
3 16 50 8.025 -20 52.0109 8.0177 -16.522 53.4793 8.0177 -17.991 0.778 0.9219 0.7546 0.9316 0.7529 0.9186
3 16 53.4793 8.0177 -17.991 54.0177 8.0177 -19.9998 50 8.025 -20 0.7529 0.9186 0.7579 0.9065 0.778 0.9219
3 16 50 8.025 -20 54.0177 8.0177 -19.9998 53.4796 8.0177 -22.0086 0.778 0.9219 0.7579 0.9065 0.7683 0.8985
3 16 53.4796 8.0177 -22.0086 52.0105 8.0178 -23.4783 50 8.025 -20 0.7683 0.8985 0.7813 0.8968 0.778 0.9219
3 16 50 8.025 -20 52.0105 8.0178 -23.4783 50 8.0116 -24.0222 0.778 0.9219 0.7813 0.8968 0.7934 0.9018
3 16 50 8.0116 -24.0222 47.9895 8.0178 -23.4783 50 8.025 -20 0.7934 0.9018 0.8014 0.9122 0.778 0.9219
3 16 50 8.025 -20 47.9895 8.0178 -23.4783 46.5205 8.0177 -22.0086 0.778 0.9219 0.8014 0.9122 0.8031 0.9252
3 16 46.5205 8.0177 -22.0086 45.9823 8.0177 -19.9998 50 8.025 -20 0.8031 0.9252 0.7981 0.9373 0.778 0.9219
3 16 50 8.025 -20 45.9823 8.0177 -19.9998 46.5207 8.0177 -17.991 0.778 0.9219 0.7981 0.9373 0.7877 0.9453
3 16 46.5207 8.0177 -17.991 47.9891 8.0177 -16.522 50 8.025 -20 0.7877 0.9453 0.7747 0.947 0.778 0.9219
3 16 50 8.025 -20 47.9891 8.0177 -16.522 50 8.0115 -15.9778 0.778 0.9219 0.7747 0.947 0.7626 0.942
3 16 52.0092 -10.7825 -16.5176 53.477 -10.0452 -17.9833 52.0109 8.0177 -16.522 0.0191 0.7757 0.0323 0.7804 0.0191 0.8946
3 16 52.0109 8.0177 -16.522 53.477 -10.0452 -17.9833 53.4793 8.0177 -17.991 0.0191 0.8946 0.0323 0.7804 0.0323 0.8946
3 16 50.8916 -11.8755 -13.7605 52.0092 -10.7825 -16.5176 50.8916 -10.8605 -16.0984 0.1056 0.7007 0.0984 0.6817 0.1056 0.6843
3 16 54.0169 -8.7562 -19.9874 53.4834 -6.9329 -21.9927 54.0177 8.0177 -19.9998 0.0455 0.7885 0.0587 0.8001 0.0455 0.8946
3 16 54.0177 8.0177 -19.9998 53.4834 -6.9329 -21.9927 53.4796 8.0177 -22.0086 0.0455 0.8946 0.0587 0.8001 0.0587 0.8946
3 16 53.4834 -6.9329 -21.9927 54.0169 -8.7562 -19.9874 66.2323 -6.2737 -22.5945 0.0891 0.639 0.0857 0.6562 0.0082 0.6333
3 16 66.2323 -6.2737 -22.5945 54.0169 -8.7562 -19.9874 66.2324 -8.6207 -20.2706 0.0082 0.6333 0.0857 0.6562 0.0082 0.6543
3 16 53.4834 -6.9329 -21.9927 52.0189 -5.1219 -23.4619 53.4796 8.0177 -22.0086 0.0587 0.8001 0.0719 0.8115 0.0587 0.8946
3 16 53.4796 8.0177 -22.0086 52.0189 -5.1219 -23.4619 52.0105 8.0178 -23.4783 0.0587 0.8946 0.0719 0.8115 0.0719 0.8946
3 16 45.9823 8.0177 -19.9998 45.9832 -8.7985 -19.9872 46.5207 8.0177 -17.991 0.6517 0.8483 0.758 0.8483 0.6517 0.8615
3 16 46.5207 8.0177 -17.991 45.9832 -8.7985 -19.9872 46.5231 -10.1713 -17.9836 0.6517 0.8615 0.758 0.8483 0.7667 0.8615
3 16 47.9895 8.0178 -23.4783 47.9807 -5.1225 -23.4613 46.5205 8.0177 -22.0086 0.6517 0.8218 0.7348 0.8218 0.6517 0.8351
3 16 46.5205 8.0177 -22.0086 47.9807 -5.1225 -23.4613 46.5166 -6.9331 -21.9924 0.6517 0.8351 0.7348 0.8218 0.7463 0.8351
3 16 66.2324 -8.6207 -20.2706 54.0169 -8.7562 -19.9874 66.2324 -10.4139 -17.5969 0.0082 0.6543 0.0857 0.6562 0.0082 0.6747
3 16 66.2324 -10.4139 -17.5969 54.0169 -8.7562 -19.9874 53.477 -10.0452 -17.9833 0.0082 0.6747 0.0857 0.6562 0.0891 0.6713
3 16 53.477 -10.0452 -17.9833 54.0169 -8.7562 -19.9874 53.4793 8.0177 -17.991 0.0323 0.7804 0.0455 0.7885 0.0323 0.8946
3 16 53.4793 8.0177 -17.991 54.0169 -8.7562 -19.9874 54.0177 8.0177 -19.9998 0.0323 0.8946 0.0455 0.7885 0.0455 0.8946
3 16 50 2.7612 -24.0224 50.8923 2.7631 -23.8965 50.8891 2.7652 -26.1873 0.6524 0.6429 0.6579 0.6422 0.6579 0.6569
3 16 46.5205 8.0177 -22.0086 46.5166 -6.9331 -21.9924 45.9823 8.0177 -19.9998 0.6517 0.8351 0.7463 0.8351 0.6517 0.8483
3 16 45.9823 8.0177 -19.9998 46.5166 -6.9331 -21.9924 45.9832 -8.7985 -19.9872 0.6517 0.8483 0.7463 0.8351 0.758 0.8483
3 16 46.5207 8.0177 -17.991 46.5231 -10.1713 -17.9836 47.9891 8.0177 -16.522 0.6517 0.8615 0.7667 0.8615 0.6517 0.8747
3 16 47.9891 8.0177 -16.522 46.5231 -10.1713 -17.9836 47.9908 -10.7823 -16.5177 0.6517 0.8747 0.7667 0.8615 0.7706 0.8747
3 16 50.8927 -3.1216 -24.6045 66.2323 -3.1206 -24.605 50.8927 0.3478 -25.8313 0.1055 0.6096 0.0082 0.6096 0.1055 0.5863
3 16 50.8927 0.3478 -25.8313 66.2323 -3.1206 -24.605 66.2323 0.3478 -25.8313 0.1055 0.5863 0.0082 0.6096 0.0082 0.5863
3 16 66.2356 8.0145 -26.2356 50.8891 2.7652 -26.1873 66.2323 2.9983 -26.2137 0.0082 0.5376 0.1055 0.5709 0.0082 0.5693
3 16 52.0105 8.0178 -23.4783 52.0189 -5.1219 -23.4619 50.8923 2.7631 -23.8965 0.0719 0.8946 0.0719 0.8115 0.0796 0.8614
3 16 50.8923 2.7631 -23.8965 52.0189 -5.1219 -23.4619 50.8985 -4.4721 -23.8852 0.0796 0.8614 0.0719 0.8115 0.0796 0.8157
3 16 50.8927 -3.1216 -24.6045 50.8985 -4.4721 -23.8852 66.2323 -3.1206 -24.605 0.1055 0.6096 0.1055 0.6193 0.0082 0.6096
3 16 50.8985 -4.4721 -23.8852 52.0189 -5.1219 -23.4619 66.2323 -3.1206 -24.605 0.1055 0.6193 0.0984 0.6243 0.0082 0.6096
3 16 50.8927 0.3478 -25.8313 50.8923 2.7631 -23.8965 50.8927 -3.1216 -24.6045 0.4268 0.9608 0.442 0.9732 0.4048 0.9686
3 16 66.2323 2.9983 -26.2137 50.8891 2.7652 -26.1873 66.2323 0.3478 -25.8313 0.0082 0.5693 0.1055 0.5709 0.0082 0.5863
3 16 66.2323 0.3478 -25.8313 50.8891 2.7652 -26.1873 50.8927 0.3478 -25.8313 0.0082 0.5863 0.1055 0.5709 0.1055 0.5863
3 16 66.2323 2.9983 -26.2137 66.2356 8.0144 -13.7644 66.2356 8.0145 -26.2356 0.0465 0.4004 0.1255 0.4321 0.0464 0.4321
3 16 66.2356 8.0144 -13.7644 66.2323 0.3478 -25.8313 66.2323 -3.1206 -24.605 0.1255 0.4321 0.0489 0.3836 0.0567 0.3617
3 16 66.2323 2.9983 -26.2137 66.2323 0.3478 -25.8313 66.2356 8.0144 -13.7644 0.0465 0.4004 0.0489 0.3836 0.1255 0.4321
3 16 66.2356 8.0144 -13.7644 66.2323 -6.2737 -22.5945 66.2324 -8.6207 -20.2706 0.1255 0.4321 0.0694 0.3417 0.0842 0.3268
3 16 66.2356 8.0144 -13.7644 66.2323 -3.1206 -24.605 66.2323 -6.2737 -22.5945 0.1255 0.4321 0.0567 0.3617 0.0694 0.3417
3 16 66.2356 8.0144 -13.7644 66.2324 -10.4139 -17.5969 66.2335 -11.8755 -13.7607 0.1255 0.4321 0.1011 0.3155 0.1255 0.3062
3 16 66.2356 8.0144 -13.7644 66.2324 -8.6207 -20.2706 66.2324 -10.4139 -17.5969 0.1255 0.4321 0.0842 0.3268 0.1011 0.3155
3 16 66.2324 -10.4139 -17.5969 53.477 -10.0452 -17.9833 52.0092 -10.7825 -16.5176 0.0082 0.6747 0.0891 0.6713 0.0984 0.6817
3 16 66.2324 -10.4139 -17.5969 52.0092 -10.7825 -16.5176 66.2335 -11.8755 -13.7607 0.0082 0.6747 0.0984 0.6817 0.0083 0.7009
3 16 66.2335 -11.8755 -13.7607 52.0092 -10.7825 -16.5176 50.8916 -11.8755 -13.7605 0.0083 0.7009 0.0984 0.6817 0.1056 0.7007
3 16 66.2356 8.0144 -13.7644 66.2335 -11.8755 -13.7607 50.8894 2.7644 -13.7644 0.3909 0.0078 0.5168 0.0078 0.4241 0.1051
3 16 50.8894 2.7644 -13.7644 66.2335 -11.8755 -13.7607 50.8916 -11.8755 -13.7605 0.4241 0.1051 0.5168 0.0078 0.5168 0.1051
3 16 49.1073 -3.1214 -24.6046 49.1016 -4.4721 -23.8851 49.1077 2.7631 -23.8965 0.5298 0.9517 0.5384 0.9563 0.4927 0.9564
3 16 49.1073 -3.1214 -24.6046 49.1077 2.7631 -23.8965 49.1073 0.3478 -25.8313 0.5298 0.9517 0.4927 0.9564 0.5079 0.9439
3 16 47.9895 8.0178 -23.4783 49.1077 2.7631 -23.8965 47.9807 -5.1225 -23.4613 0.6517 0.8218 0.6849 0.8142 0.7348 0.8218
3 16 47.9807 -5.1225 -23.4613 49.1077 2.7631 -23.8965 49.1016 -4.4721 -23.8851 0.7348 0.8218 0.6849 0.8142 0.7306 0.8142
3 16 50 2.7612 -24.0224 50 8.0116 -24.0222 50.8923 2.7631 -23.8965 0.0851 0.8614 0.0851 0.8946 0.0796 0.8614
3 16 50.8923 2.7631 -23.8965 50 8.0116 -24.0222 52.0105 8.0178 -23.4783 0.0796 0.8614 0.0851 0.8946 0.0719 0.8946
3 16 50.8927 0.3478 -25.8313 50.8891 2.7652 -26.1873 50.8923 2.7631 -23.8965 0.4268 0.9608 0.442 0.9586 0.442 0.9732
3 16 50.8927 -3.1216 -24.6045 50.8923 2.7631 -23.8965 50.8985 -4.4721 -23.8852 0.4048 0.9686 0.442 0.9732 0.3962 0.9732
3 16 66.2323 -6.2737 -22.5945 52.0189 -5.1219 -23.4619 53.4834 -6.9329 -21.9927 0.0082 0.6333 0.0984 0.6243 0.0891 0.639
3 16 66.2323 -3.1206 -24.605 52.0189 -5.1219 -23.4619 66.2323 -6.2737 -22.5945 0.0082 0.6096 0.0984 0.6243 0.0082 0.6333
3 16 52.0109 8.0177 -16.522 50.8924 2.7631 -16.1014 52.0092 -10.7825 -16.5176 0.0191 0.8946 0.0114 0.8614 0.0191 0.7757
3 16 52.0092 -10.7825 -16.5176 50.8924 2.7631 -16.1014 50.8916 -10.8605 -16.0984 0.0191 0.7757 0.0114 0.8614 0.0114 0.7752
3 16 50 2.7612 -15.9776 50 8.0115 -15.9778 49.1077 2.7631 -16.1014 0.6849 0.8879 0.6517 0.8879 0.6849 0.8823
3 16 49.1077 2.7631 -16.1014 50 8.0115 -15.9778 47.9891 8.0177 -16.522 0.6849 0.8823 0.6517 0.8879 0.6517 0.8747
3 16 50.8894 2.7644 -13.7644 50.8924 2.7631 -16.1014 50 2.7612 -15.9776 0.7481 0.2939 0.7481 0.279 0.7536 0.2797
3 16 49.1106 2.7644 -13.7644 50 2.7612 -15.9776 49.1077 2.7631 -16.1014 0.7591 0.2939 0.7536 0.2797 0.7591 0.279
3 16 50 2.7612 -24.0224 49.1107 2.7648 -26.187 49.1077 2.7631 -23.8965 0.6524 0.6429 0.6469 0.6569 0.6469 0.6422
3 16 50 2.7612 -24.0224 50.8891 2.7652 -26.1873 49.1107 2.7648 -26.187 0.6524 0.6429 0.6579 0.6569 0.6469 0.6569
3 16 10.8894 2.7644 -13.7644 29.1106 2.7644 -13.7644 10.8916 -11.8755 -13.7605 0.4241 0.3582 0.4241 0.2427 0.5168 0.3582
3 16 10.8916 -11.8755 -13.7605 29.1106 2.7644 -13.7644 29.1084 -11.8755 -13.7605 0.5168 0.3582 0.4241 0.2427 0.5168 0.2427
3 16 66.2356 8.0145 -26.2356 49.1107 2.7648 -26.187 50.8891 2.7652 -26.1873 0.0082 0.5376 0.1166 0.5709 0.1055 0.5709
3 16 33.4834 -6.933 -21.9926 46.5166 -6.9331 -21.9924 32.0193 -5.1225 -23.4613 0.2156 0.6391 0.1329 0.639 0.2249 0.6243
3 16 32.0193 -5.1225 -23.4613 46.5166 -6.9331 -21.9924 47.9807 -5.1225 -23.4613 0.2249 0.6243 0.1329 0.639 0.1236 0.6243
3 16 32.0091 -10.7825 -16.5175 47.9908 -10.7823 -16.5177 33.4769 -10.045 -17.9834 0.2249 0.6818 0.1236 0.6818 0.2156 0.6714
3 16 33.4769 -10.045 -17.9834 47.9908 -10.7823 -16.5177 46.5231 -10.1713 -17.9836 0.2156 0.6714 0.1236 0.6818 0.1329 0.6717
3 16 30.8916 -11.8755 -13.7605 49.1084 -11.8755 -13.7605 32.0091 -10.7825 -16.5175 0.232 0.7007 0.1165 0.7008 0.2249 0.6818
3 16 32.0091 -10.7825 -16.5175 49.1084 -11.8755 -13.7605 47.9908 -10.7823 -16.5177 0.2249 0.6818 0.1165 0.7008 0.1236 0.6818
3 16 29.111 2.7653 -26.1873 10.8893 2.7648 -26.187 29.1073 0.3478 -25.8313 0.2431 0.5709 0.3586 0.571 0.2431 0.5863
3 16 29.1073 0.3478 -25.8313 10.8893 2.7648 -26.187 10.8927 0.3478 -25.8313 0.2431 0.5863 0.3586 0.571 0.3586 0.5864
3 16 29.1073 0.3478 -25.8313 10.8927 0.3478 -25.8313 29.1073 -3.1214 -24.6046 0.2431 0.5863 0.3586 0.5864 0.2431 0.6097
3 16 29.1073 -3.1214 -24.6046 10.8927 0.3478 -25.8313 10.8927 -3.1215 -24.6046 0.2431 0.6097 0.3586 0.5864 0.3586 0.6098
3 16 26.5166 -6.933 -21.9925 13.4834 -6.9331 -21.9925 25.9831 -8.7985 -19.9872 0.2594 0.6391 0.3421 0.6392 0.2628 0.6564
3 16 25.9831 -8.7985 -19.9872 13.4834 -6.9331 -21.9925 14.017 -8.7562 -19.9875 0.2628 0.6564 0.3421 0.6392 0.3388 0.6564
3 16 49.1106 2.7644 -13.7644 49.1084 -11.8755 -13.7605 30.8894 2.7644 -13.7644 0.4241 0.1162 0.5168 0.1162 0.4241 0.2316
3 16 30.8894 2.7644 -13.7644 49.1084 -11.8755 -13.7605 30.8916 -11.8755 -13.7605 0.4241 0.2316 0.5168 0.1162 0.5168 0.2316
3 16 49.1106 2.7644 -13.7644 66.2356 8.0144 -13.7644 50.8894 2.7644 -13.7644 0.4241 0.1162 0.3909 0.0078 0.4241 0.1051
3 16 66.2356 8.0144 -13.7644 30.8894 2.7644 -13.7644 -6.2356 8.0144 -13.7644 0.3909 0.0078 0.4241 0.2316 0.3909 0.4665
3 16 30.8894 2.7644 -13.7644 29.1106 2.7644 -13.7644 -6.2356 8.0144 -13.7644 0.4241 0.2316 0.4241 0.2427 0.3909 0.4665
3 16 -6.2356 8.0144 -13.7644 29.1106 2.7644 -13.7644 10.8894 2.7644 -13.7644 0.3909 0.4665 0.4241 0.2427 0.4241 0.3582
3 16 46.5231 -10.1713 -17.9836 45.9832 -8.7985 -19.9872 33.4769 -10.045 -17.9834 0.1329 0.6717 0.1363 0.6564 0.2156 0.6714
3 16 33.4769 -10.045 -17.9834 45.9832 -8.7985 -19.9872 34.0169 -8.7562 -19.9874 0.2156 0.6714 0.1363 0.6564 0.2122 0.6562
3 16 32.0193 -5.1225 -23.4613 47.9807 -5.1225 -23.4613 30.8927 -3.1215 -24.6046 0.2249 0.6243 0.1236 0.6243 0.232 0.6097
3 16 30.8927 -3.1215 -24.6046 47.9807 -5.1225 -23.4613 49.1073 -3.1214 -24.6046 0.232 0.6097 0.1236 0.6243 0.1165 0.6096
3 16 32.0193 -5.1225 -23.4613 30.8927 -3.1215 -24.6046 30.8985 -4.4721 -23.8851 0.2249 0.6243 0.232 0.6097 0.232 0.6194
3 16 49.1073 -3.1214 -24.6046 47.9807 -5.1225 -23.4613 49.1016 -4.4721 -23.8851 0.1165 0.6096 0.1236 0.6243 0.1165 0.6193
3 16 12.0193 -5.1224 -23.4614 10.8927 -3.1215 -24.6046 10.8985 -4.4721 -23.8851 0.3514 0.6245 0.3586 0.6098 0.3586 0.6195
3 16 12.0193 -5.1224 -23.4614 27.9806 -5.1226 -23.4612 10.8927 -3.1215 -24.6046 0.3514 0.6245 0.2502 0.6244 0.3586 0.6098
3 16 10.8927 -3.1215 -24.6046 27.9806 -5.1226 -23.4612 29.1073 -3.1214 -24.6046 0.3586 0.6098 0.2502 0.6244 0.2431 0.6097
3 16 29.1073 -3.1214 -24.6046 27.9806 -5.1226 -23.4612 29.1016 -4.4721 -23.8851 0.2431 0.6097 0.2502 0.6244 0.2431 0.6194
3 16 26.5231 -10.1713 -17.9837 25.9831 -8.7985 -19.9872 13.477 -10.0452 -17.9834 0.2594 0.6718 0.2628 0.6564 0.3421 0.6715
3 16 13.477 -10.0452 -17.9834 25.9831 -8.7985 -19.9872 14.017 -8.7562 -19.9875 0.3421 0.6715 0.2628 0.6564 0.3388 0.6564
3 16 29.111 2.7653 -26.1873 -6.2356 8.0145 -26.2356 10.8893 2.7648 -26.187 0.2431 0.5709 0.467 0.538 0.3586 0.571
3 16 66.2356 8.0145 -26.2356 30.8894 2.7646 -26.1869 49.1107 2.7648 -26.187 0.0082 0.5376 0.2321 0.5709 0.1166 0.5709
3 16 66.2356 8.0145 -26.2356 -6.2356 8.0145 -26.2356 30.8894 2.7646 -26.1869 0.0082 0.5376 0.467 0.538 0.2321 0.5709
3 16 -6.2356 8.0145 -26.2356 29.111 2.7653 -26.1873 30.8894 2.7646 -26.1869 0.467 0.538 0.2431 0.5709 0.2321 0.5709
3 16 10.8893 2.7648 -26.187 -6.2356 8.0145 -26.2356 9.1109 2.7652 -26.1873 0.3586 0.571 0.467 0.538 0.3697 0.5711
3 16 -6.2356 8.0144 -13.7644 10.8894 2.7644 -13.7644 9.1106 2.7644 -13.7644 0.3909 0.4665 0.4241 0.3582 0.4241 0.3693
3 16 49.1106 2.7644 -13.7644 30.8894 2.7644 -13.7644 66.2356 8.0144 -13.7644 0.4241 0.1162 0.4241 0.2316 0.3909 0.0078
0 STEP
