0 Untitled Model
0 Name: Untitled Model
0 Author: 
0 BFC CERTIFY CCW
3 16 15.4496 8.0177 -13.1463 15.4449 5.0317 -13.1443 16.0782 8.0177 -11.6287 0.4858 0.3744 0.5195 0.3741 0.4858 0.3931
3 16 16.0782 8.0177 -11.6287 15.4449 5.0317 -13.1443 16.0738 4.9295 -11.6258 0.4858 0.3931 0.5195 0.3741 0.5207 0.3934
3 16 14.444 4.7019 -14.4483 15.4449 5.0317 -13.1443 14.4496 8.0177 -14.4495 0.5233 0.3553 0.5195 0.3741 0.4858 0.3553
3 16 14.4496 8.0177 -14.4495 15.4449 5.0317 -13.1443 15.4496 8.0177 -13.1463 0.4858 0.3553 0.5195 0.3741 0.4858 0.3744
3 16 13.1395 3.9226 -15.4486 14.444 4.7019 -14.4483 13.1465 8.0177 -15.4495 0.5323 0.3365 0.5233 0.3553 0.4858 0.3364
3 16 13.1465 8.0177 -15.4495 14.444 4.7019 -14.4483 14.4496 8.0177 -14.4495 0.4858 0.3364 0.5233 0.3553 0.4858 0.3553
3 16 11.6209 2.8359 -16.0768 13.1395 3.9226 -15.4486 11.6288 8.0177 -16.0782 0.5451 0.3176 0.5323 0.3365 0.4858 0.3178
3 16 11.6288 8.0177 -16.0782 13.1395 3.9226 -15.4486 13.1465 8.0177 -15.4495 0.4858 0.3178 0.5323 0.3365 0.4858 0.3364
3 16 9.9923 1.6043 -16.2906 11.6209 2.8359 -16.0768 9.9997 8.0176 -16.2925 0.5593 0.2988 0.5451 0.3176 0.486 0.2987
3 16 9.9997 8.0176 -16.2925 11.6209 2.8359 -16.0768 11.6288 8.0177 -16.0782 0.486 0.2987 0.5451 0.3176 0.4858 0.3178
3 16 8.3692 0.6093 -16.0523 9.9923 1.6043 -16.2906 8.3786 7.8852 -16.0518 0.5705 0.2798 0.5593 0.2988 0.4873 0.2797
3 16 8.3786 7.8852 -16.0518 9.9923 1.6043 -16.2906 9.9997 8.0176 -16.2925 0.4873 0.2797 0.5593 0.2988 0.486 0.2987
3 16 6.8457 -0.6153 -15.446 8.3692 0.6093 -16.0523 6.8541 8.0175 -15.4496 0.5848 0.261 0.5705 0.2798 0.486 0.2608
3 16 6.8541 8.0175 -15.4496 8.3692 0.6093 -16.0523 8.3786 7.8852 -16.0518 0.486 0.2608 0.5705 0.2798 0.4873 0.2797
3 16 5.5436 -1.4375 -14.4465 6.8457 -0.6153 -15.446 5.5505 8.0177 -14.4496 0.5944 0.242 0.5848 0.261 0.4858 0.2418
3 16 5.5505 8.0177 -14.4496 6.8457 -0.6153 -15.446 6.8541 8.0175 -15.4496 0.4858 0.2418 0.5848 0.261 0.486 0.2608
3 16 4.5436 -2.0101 -13.142 5.5436 -1.4375 -14.4465 4.55 8.0177 -13.1456 0.601 0.223 0.5944 0.242 0.4858 0.223
3 16 4.55 8.0177 -13.1456 5.5436 -1.4375 -14.4465 5.5505 8.0177 -14.4496 0.4858 0.223 0.5944 0.242 0.4858 0.2418
3 16 14.4497 8.0177 -5.5506 14.4431 1.7809 -5.5468 13.1463 8.0177 -4.5504 0.4858 0.469 0.5573 0.4688 0.4858 0.4877
3 16 13.1463 8.0177 -4.5504 14.4431 1.7809 -5.5468 13.1393 0.83 -4.5472 0.4858 0.4877 0.5573 0.4688 0.5683 0.4878
3 16 15.4497 8.0177 -6.8538 15.4437 2.756 -6.8498 14.4497 8.0177 -5.5506 0.4858 0.4498 0.5461 0.45 0.4858 0.469
3 16 14.4497 8.0177 -5.5506 15.4437 2.756 -6.8498 14.4431 1.7809 -5.5468 0.4858 0.469 0.5461 0.45 0.5573 0.4688
3 16 16.0783 8.0177 -8.3715 16.073 3.673 -8.3675 15.4497 8.0177 -6.8538 0.4858 0.4312 0.5354 0.4311 0.4858 0.4498
3 16 15.4497 8.0177 -6.8538 16.073 3.673 -8.3675 15.4437 2.756 -6.8498 0.4858 0.4498 0.5354 0.4311 0.5461 0.45
3 16 16.2926 8.0177 -10.0001 16.288 4.4396 -9.9965 16.0783 8.0177 -8.3715 0.4858 0.4121 0.5264 0.4122 0.4858 0.4312
3 16 16.0783 8.0177 -8.3715 16.288 4.4396 -9.9965 16.073 3.673 -8.3675 0.4858 0.4312 0.5264 0.4122 0.5354 0.4311
3 16 16.0782 8.0177 -11.6287 16.0738 4.9295 -11.6258 16.2926 8.0177 -10.0001 0.4858 0.3931 0.5207 0.3934 0.4858 0.4121
3 16 16.2926 8.0177 -10.0001 16.0738 4.9295 -11.6258 16.288 4.4396 -9.9965 0.4858 0.4121 0.5207 0.3934 0.5264 0.4122
3 16 7.8818 0.5411 -17.86 7.8927 8.0181 -17.8633 9.3678 1.7145 -18.0566 0.607 0.4866 0.6927 0.4859 0.6206 0.5036
3 16 9.3678 1.7145 -18.0566 7.8927 8.0181 -17.8633 9.3779 8.0179 -18.0591 0.6206 0.5036 0.6927 0.4859 0.6928 0.5031
3 16 5.9213 -0.8308 -17.0467 5.9292 8.0177 -17.0504 7.8818 0.5411 -17.86 0.591 0.4624 0.6925 0.4616 0.607 0.4866
3 16 7.8818 0.5411 -17.86 5.9292 8.0177 -17.0504 7.8927 8.0181 -17.8633 0.607 0.4866 0.6925 0.4616 0.6927 0.4859
3 16 4.2376 -1.8571 -15.7534 4.2432 8.0177 -15.7566 5.9213 -0.8308 -17.0467 0.5791 0.4381 0.6923 0.4373 0.591 0.4624
3 16 5.9213 -0.8308 -17.0467 4.2432 8.0177 -15.7566 5.9292 8.0177 -17.0504 0.591 0.4624 0.6923 0.4373 0.6925 0.4616
3 16 2.9455 -2.562 -14.0681 2.9495 8.0177 -14.0706 4.2376 -1.8571 -15.7534 0.5708 0.4139 0.6921 0.4129 0.5791 0.4381
3 16 4.2376 -1.8571 -15.7534 2.9495 8.0177 -14.0706 4.2432 8.0177 -15.7566 0.5791 0.4381 0.6921 0.4129 0.6923 0.4373
3 16 14.0703 8.0177 -2.9493 14.0742 6.4021 -2.9431 15.7566 8.0176 -4.2431 0.0959 0.796 0.0776 0.796 0.0959 0.7716
3 16 15.7566 8.0176 -4.2431 14.0742 6.4021 -2.9431 15.9292 6.4163 -4.4286 0.0959 0.7716 0.0776 0.796 0.0777 0.7691
3 16 15.7566 8.0176 -4.2431 15.9292 6.4163 -4.4286 17.0497 8.0177 -5.9282 0.0959 0.7716 0.0777 0.7691 0.0959 0.7474
3 16 17.0497 8.0177 -5.9282 15.9292 6.4163 -4.4286 17.0217 6.4122 -5.8729 0.0959 0.7474 0.0777 0.7691 0.0777 0.7482
3 16 10.002 0.0144 6.2356 9.996 -1.3961 2.5467 9.9962 -1.655 4.9805 0.4963 0.9003 0.4536 0.8839 0.4817 0.881
3 16 -0.0972 -3.8482 -7.9204 -0.0959 -3.8554 -9.9823 -2.034 -4.1786 -7.9205 0.728 0.4464 0.7517 0.4463 0.728 0.4691
3 16 -2.034 -4.1786 -7.9205 -0.0959 -3.8554 -9.9823 -2.033 -4.1858 -9.9823 0.728 0.4691 0.7517 0.4463 0.7517 0.469
3 16 -2.033 -4.1858 -6.372 -0.0964 -3.8553 -6.3857 -2.034 -4.1786 -7.9205 0.71 0.4686 0.7105 0.4464 0.728 0.4691
3 16 -2.034 -4.1786 -7.9205 -0.0964 -3.8553 -6.3857 -0.0972 -3.8482 -7.9204 0.728 0.4691 0.7105 0.4464 0.728 0.4464
3 16 1.3286 -3.5054 -7.9179 1.0792 -3.5128 -9.9821 -0.0972 -3.8482 -7.9204 0.728 0.4295 0.7518 0.4322 0.728 0.4464
3 16 -0.0972 -3.8482 -7.9204 1.0792 -3.5128 -9.9821 -0.0959 -3.8554 -9.9823 0.728 0.4464 0.7518 0.4322 0.7517 0.4463
3 16 -0.0972 -3.8482 -7.9204 -0.0964 -3.8553 -6.3857 1.3286 -3.5054 -7.9179 0.728 0.4464 0.7105 0.4464 0.728 0.4295
3 16 1.3286 -3.5054 -7.9179 -0.0964 -3.8553 -6.3857 1.5291 -3.5135 -6.2131 0.728 0.4295 0.7105 0.4464 0.7086 0.4272
3 16 1.0792 -3.5128 -9.9821 1.3286 -3.5054 -7.9179 1.8929 -3.2361 -9.9854 0.7518 0.4322 0.728 0.4295 0.752 0.4223
3 16 1.8929 -3.2361 -9.9854 1.3286 -3.5054 -7.9179 2.1335 -3.2725 -7.894 0.752 0.4223 0.728 0.4295 0.7278 0.4202
3 16 7.4199 -2.2853 2.2278 6.0277 -2.7662 2.0374 7.1766 -2.5503 4.8286 0.0694 0.6348 0.0714 0.6515 0.0395 0.6382
3 16 7.1766 -2.5503 4.8286 6.0277 -2.7662 2.0374 4.4277 -3.2838 4.6142 0.0395 0.6382 0.0714 0.6515 0.0417 0.6707
3 16 7.6318 -2.0549 -0.032 6.4302 -2.4745 -0.1417 7.4199 -2.2853 2.2278 0.0954 0.6318 0.0965 0.6462 0.0694 0.6348
3 16 7.4199 -2.2853 2.2278 6.4302 -2.4745 -0.1417 6.0277 -2.7662 2.0374 0.0694 0.6348 0.0965 0.6462 0.0714 0.6515
3 16 5.4482 -2.5281 -3.2597 6.4302 -2.4745 -0.1417 6.2924 -2.3967 -2.7978 0.1325 0.6575 0.0965 0.6462 0.1272 0.6478
3 16 6.2924 -2.3967 -2.7978 6.4302 -2.4745 -0.1417 7.6318 -2.0549 -0.032 0.1272 0.6478 0.0965 0.6462 0.0954 0.6318
3 16 9.9962 -1.655 4.9805 9.996 -1.3961 2.5467 7.1766 -2.5503 4.8286 0.0379 0.6041 0.066 0.6033 0.0395 0.6382
3 16 7.1766 -2.5503 4.8286 9.996 -1.3961 2.5467 7.4199 -2.2853 2.2278 0.0395 0.6382 0.066 0.6033 0.0694 0.6348
3 16 9.996 -1.3961 2.5467 9.9958 -1.1527 0.2576 7.4199 -2.2853 2.2278 0.066 0.6033 0.0923 0.6026 0.0694 0.6348
3 16 7.4199 -2.2853 2.2278 9.9958 -1.1527 0.2576 7.6318 -2.0549 -0.032 0.0694 0.6348 0.0923 0.6026 0.0954 0.6318
3 16 7.8866 -1.8466 -2.1367 7.6318 -2.0549 -0.032 9.9982 -0.9268 -1.8802 0.1198 0.6284 0.0954 0.6318 0.1171 0.6018
3 16 9.9982 -0.9268 -1.8802 7.6318 -2.0549 -0.032 9.9958 -1.1527 0.2576 0.1171 0.6018 0.0954 0.6318 0.0923 0.6026
3 16 -2.033 -4.1858 -6.372 -6.2409 -4.7192 -6.3771 -2.0305 -4.7223 -6.372 0.0705 0.1351 0.1197 0.1413 0.0705 0.1413
3 16 -2.0305 -4.7223 -6.372 -0.0509 -4.7222 -6.3715 -2.033 -4.1858 -6.372 0.0705 0.1413 0.0474 0.1414 0.0705 0.1351
3 16 -2.033 -4.1858 -6.372 -0.0509 -4.7222 -6.3715 -0.0964 -3.8553 -6.3857 0.0705 0.1351 0.0474 0.1414 0.0482 0.1308
3 16 1.8955 -0.2937 -9.9845 2.1361 -0.2899 -7.8935 4.6398 -0.2922 -9.987 0.9382 0.1665 0.9191 0.1816 0.9162 0.1445
3 16 4.6398 -0.2922 -9.987 2.1361 -0.2899 -7.8935 4.8391 -0.2895 -8.4627 0.9162 0.1445 0.9191 0.1816 0.9021 0.1554
3 16 7.8931 -0.29 -2.1361 8.3956 -0.2896 -4.7453 6.2868 -0.2899 -2.8014 0.826 0.1815 0.8429 0.1566 0.8443 0.1891
3 16 6.2868 -0.2899 -2.8014 8.3956 -0.2896 -4.7453 7.2693 -0.2895 -5.2275 0.8443 0.1891 0.8429 0.1566 0.856 0.1619
3 16 6.2924 -2.3967 -2.7978 6.2868 -0.2899 -2.8014 5.4482 -2.5281 -3.2597 0.0327 0.9442 0.0086 0.9438 0.0343 0.9333
3 16 5.4482 -2.5281 -3.2597 6.2868 -0.2899 -2.8014 5.2597 -0.2899 -3.4178 0.0343 0.9333 0.0086 0.9438 0.0087 0.9301
3 16 4.2382 -2.5457 -4.2381 3.0073 -2.909 -5.6306 4.2435 -4.7223 -4.2431 0.0346 0.9154 0.0394 0.8939 0.0597 0.9158
3 16 4.2435 -4.7223 -4.2431 3.0073 -2.909 -5.6306 2.9961 -4.7286 -5.6476 0.0597 0.9158 0.0394 0.8939 0.0601 0.8941
3 16 1.5291 -3.5135 -6.2131 -0.0964 -3.8553 -6.3857 1.5343 -4.7223 -6.2126 0.0289 0.1272 0.0482 0.1308 0.0288 0.1414
3 16 1.5343 -4.7223 -6.2126 -0.0964 -3.8553 -6.3857 -0.0509 -4.7222 -6.3715 0.0288 0.1414 0.0482 0.1308 0.0474 0.1414
3 16 19.5771 3.2062 -10.5461 21.0782 3.71 -7.6197 21.2551 3.2 -7.302 0.8556 0.6455 0.8185 0.6522 0.814 0.6466
3 16 23.4465 2.7573 -1.6606 19.8923 0.339 -1.0299 21.3619 2.7575 -5.9267 0.3374 0.0583 0.3466 0.107 0.2877 0.0803
3 16 21.3619 2.7575 -5.9267 19.8923 0.339 -1.0299 16.9183 0.4588 -8.5174 0.2877 0.0803 0.3466 0.107 0.2596 0.1383
3 16 21.2166 2.8803 -6.5414 21.3619 2.7575 -5.9267 16.9183 0.4588 -8.5174 0.2803 0.0813 0.2877 0.0803 0.2596 0.1383
3 16 21.0153 4.3703 -7.7457 19.5771 3.2062 -10.5461 20.9354 6.478 -7.9054 0.8203 0.6598 0.8556 0.6455 0.8231 0.6839
3 16 20.7068 7.5305 -8.3628 20.9354 6.478 -7.9054 19.5771 3.2062 -10.5461 0.8293 0.6957 0.8231 0.6839 0.8556 0.6455
3 16 28.2854 3.1919 6.7835 26.7838 3.6867 3.7905 26.8512 4.3735 3.9256 0.291 0.0476 0.2965 0.0094 0.3046 0.0109
3 16 27.1372 7.57 4.5118 27.523 8.0174 5.2695 28.2854 3.1919 6.7835 0.3408 0.0189 0.3462 0.029 0.291 0.0476
3 16 26.9399 6.6603 4.1031 28.2854 3.1919 6.7835 26.8512 4.3735 3.9256 0.3308 0.014 0.291 0.0476 0.3046 0.0109
3 16 20.208 8.0218 -9.3461 19.5771 3.2062 -10.5461 19.8104 8.0176 -10.1556 0.8414 0.7006 0.8556 0.6455 0.8524 0.7005
3 16 2.5433 -1.272 -26.2311 1.2519 -2.0232 -26.2313 4.2376 -1.8571 -15.7534 0.457 0.8712 0.4399 0.8708 0.4733 0.75
3 16 4.2376 -1.8571 -15.7534 1.2519 -2.0232 -26.2313 2.9455 -2.562 -14.0681 0.4733 0.75 0.4399 0.8708 0.4567 0.7305
3 16 2.0281 -3.0623 -11.9539 0.1088 -2.627 -26.2317 -1.3244 -3.974 -11.9549 0.445 0.706 0.425 0.8706 0.405 0.7061
3 16 -1.3244 -3.974 -11.9549 0.1088 -2.627 -26.2317 -1.3801 -3.2904 -26.2319 0.405 0.7061 0.425 0.8706 0.4064 0.8704
3 16 3.5526 -0.5831 -26.2309 2.5433 -1.272 -26.2311 5.9213 -0.8308 -17.0467 0.471 0.8717 0.457 0.8712 0.4956 0.7653
3 16 5.9213 -0.8308 -17.0467 2.5433 -1.272 -26.2311 4.2376 -1.8571 -15.7534 0.4956 0.7653 0.457 0.8712 0.4733 0.75
3 16 7.4782 3.0283 -26.2326 7.4831 8.0128 -26.232 6.2937 1.7378 -26.2303 0.6343 0.2203 0.6915 0.2203 0.6196 0.2341
3 16 20.9614 2.7848 -0.5148 18.8477 2.7953 -4.7861 20.3969 2.7746 -0.2396 0.857 0.2717 0.8012 0.2716 0.8577 0.2645
3 16 20.3969 2.7746 -0.2396 18.8477 2.7953 -4.7861 18.2561 2.775 -4.5053 0.8577 0.2645 0.8012 0.2716 0.8013 0.2639
3 16 23.7701 8.0177 10.0177 24.5888 8.0249 6.0834 24.149 8.0207 6.1515 0.5969 0.9933 0.5874 0.9502 0.5925 0.951
3 16 19.9218 2.7748 -0.0113 20.3969 2.7746 -0.2396 17.9494 2.775 -4.0487 0.8034 0.1238 0.8033 0.1179 0.8552 0.1235
3 16 17.9494 2.775 -4.0487 20.3969 2.7746 -0.2396 18.2561 2.775 -4.5053 0.8552 0.1235 0.8033 0.1179 0.8583 0.1181
3 16 17.186 2.7732 -2.7549 17.9494 2.775 -4.0487 16.2988 2.7719 -4.8755 0.8458 0.1379 0.8552 0.1235 0.8724 0.1362
3 16 16.2988 2.7719 -4.8755 17.9494 2.775 -4.0487 16.9373 2.7724 -5.763 0.8724 0.1362 0.8552 0.1235 0.8783 0.1252
3 16 16.9373 2.7724 -5.763 16.9651 3.7769 -5.7882 16.2988 2.7719 -4.8755 0.0356 0.7499 0.0474 0.7495 0.0357 0.7623
3 16 16.2988 2.7719 -4.8755 16.9651 3.7769 -5.7882 16.1977 3.8751 -4.7345 0.0357 0.7623 0.0474 0.7495 0.0486 0.7645
3 16 23.0976 2.7724 6.2388 21.8941 2.7745 4.0262 20.9788 2.7722 6.2404 0.7224 0.1232 0.7516 0.1242 0.7333 0.145
3 16 20.9788 2.7722 6.2404 21.8941 2.7745 4.0262 20.1093 2.7736 4.1899 0.7333 0.145 0.7516 0.1242 0.759 0.1434
3 16 20.1093 2.7736 4.1899 16.0806 0.7199 4.5475 20.9788 2.7722 6.2404 0.2064 0.7472 0.2564 0.7331 0.2063 0.7729
3 16 20.9788 2.7722 6.2404 16.0806 0.7199 4.5475 11.9483 -1.1877 6.2342 0.2063 0.7729 0.2564 0.7331 0.3124 0.7328
3 16 15.9292 6.4163 -4.4286 16.1977 3.8751 -4.7345 17.0217 6.4122 -5.8729 0.0777 0.7691 0.0486 0.7645 0.0777 0.7482
3 16 17.0217 6.4122 -5.8729 16.1977 3.8751 -4.7345 16.9651 3.7769 -5.7882 0.0777 0.7482 0.0486 0.7645 0.0474 0.7495
3 16 14.0742 6.4021 -2.9431 14.0746 3.8442 -2.9434 15.9292 6.4163 -4.4286 0.0776 0.796 0.0482 0.796 0.0777 0.7691
3 16 15.9292 6.4163 -4.4286 14.0746 3.8442 -2.9434 16.1977 3.8751 -4.7345 0.0777 0.7691 0.0482 0.796 0.0486 0.7645
3 16 11.9581 3.5633 -2.1391 14.0746 3.8442 -2.9434 11.9581 6.3923 -2.1391 0.045 0.8223 0.0482 0.796 0.0775 0.8223
3 16 11.9581 6.3923 -2.1391 14.0746 3.8442 -2.9434 14.0742 6.4021 -2.9431 0.0775 0.8223 0.0482 0.796 0.0776 0.796
3 16 11.9483 -1.1877 6.2342 11.9625 6.3992 -1.4936 11.9551 8.013 -2.1411 0.4961 0.6116 0.5833 0.5216 0.6017 0.5152
3 16 11.9551 8.013 -2.1411 11.9625 6.3992 -1.4936 11.9581 6.3923 -2.1391 0.6017 0.5152 0.5833 0.5216 0.5832 0.5152
3 16 14.0617 1.021 -2.9455 17.186 2.7732 -2.7549 16.2988 2.7719 -4.8755 0.2441 0.6451 0.2064 0.6607 0.2063 0.6342
3 16 16.1977 3.8751 -4.7345 14.0746 3.8442 -2.9434 16.2988 2.7719 -4.8755 0.0486 0.7645 0.0482 0.796 0.0357 0.7623
3 16 16.2988 2.7719 -4.8755 14.0746 3.8442 -2.9434 14.0617 1.021 -2.9455 0.0357 0.7623 0.0482 0.796 0.0159 0.796
3 16 17.9051 8.0227 -7.4257 20.208 8.0218 -9.3461 17.5917 8.025 -8.9286 0.668 0.7911 0.6437 0.7682 0.672 0.7738
3 16 17.5917 8.025 -8.9286 20.208 8.0218 -9.3461 19.8104 8.0176 -10.1556 0.672 0.7738 0.6437 0.7682 0.6486 0.759
3 16 19.43 2.8276 -5.061 21.5212 2.801 -0.7869 21.3619 2.7575 -5.9267 0.8009 0.2792 0.857 0.2789 0.802 0.3018
3 16 21.3619 2.7575 -5.9267 21.5212 2.801 -0.7869 23.4465 2.7573 -1.6606 0.802 0.3018 0.857 0.2789 0.857 0.3016
3 16 27.523 8.0174 5.2695 24.5888 8.0249 6.0834 28.2842 8.0112 6.784 0.5547 0.9416 0.5874 0.9502 0.5465 0.9583
3 16 11.9467 1.7797 -11.9537 4.5436 -2.0101 -13.142 3.9145 -2.4697 -11.9479 0.0846 0.0803 0.0063 0.0229 0.0094 0.0064
3 16 15.4449 5.0317 -13.1443 11.9467 1.7797 -11.9537 16.0738 4.9295 -11.6258 0.113 0.1289 0.0846 0.0803 0.1293 0.1199
3 16 14.444 4.7019 -14.4483 11.9467 1.7797 -11.9537 15.4449 5.0317 -13.1443 0.0932 0.1313 0.0846 0.0803 0.113 0.1289
3 16 11.9467 1.7797 -11.9537 14.444 4.7019 -14.4483 13.1395 3.9226 -15.4486 0.0846 0.0803 0.0932 0.1313 0.0729 0.1272
3 16 11.6209 2.8359 -16.0768 11.9467 1.7797 -11.9537 13.1395 3.9226 -15.4486 0.0533 0.1172 0.0846 0.0803 0.0729 0.1272
3 16 9.9923 1.6043 -16.2906 11.9467 1.7797 -11.9537 11.6209 2.8359 -16.0768 0.035 0.1021 0.0846 0.0803 0.0533 0.1172
3 16 8.3692 0.6093 -16.0523 11.9467 1.7797 -11.9537 9.9923 1.6043 -16.2906 0.0211 0.0848 0.0846 0.0803 0.035 0.1021
3 16 6.8457 -0.6153 -15.446 11.9467 1.7797 -11.9537 8.3692 0.6093 -16.0523 0.0104 0.0637 0.0846 0.0803 0.0211 0.0848
3 16 11.9467 1.7797 -11.9537 13.1393 0.83 -4.5472 14.4431 1.7809 -5.5468 0.0846 0.0803 0.1506 0.022 0.1557 0.0433
3 16 16.073 3.673 -8.3675 11.9467 1.7797 -11.9537 15.4437 2.756 -6.8498 0.1516 0.0865 0.0846 0.0803 0.156 0.0653
3 16 16.288 4.4396 -9.9965 11.9467 1.7797 -11.9537 16.073 3.673 -8.3675 0.1427 0.105 0.0846 0.0803 0.1516 0.0865
3 16 11.9467 1.7797 -11.9537 16.288 4.4396 -9.9965 16.0738 4.9295 -11.6258 0.0846 0.0803 0.1427 0.105 0.1293 0.1199
3 16 3.9145 -2.4697 -11.9479 3.9201 8.0173 -11.9469 11.9467 1.7797 -11.9537 0.1963 0.6503 0.1962 0.7711 0.105 0.699
3 16 11.9467 1.7797 -11.9537 3.9201 8.0173 -11.9469 11.9519 8.0144 -11.9519 0.105 0.699 0.1962 0.7711 0.1044 0.7711
3 16 17.9893 8.0116 -13.7518 16.0222 8.0191 -14.8257 15.4496 8.0177 -13.1463 0.6711 0.7178 0.6942 0.7056 0.6981 0.7251
3 16 15.4496 8.0177 -13.1463 16.0222 8.0191 -14.8257 14.4496 8.0177 -14.4495 0.6981 0.7251 0.6942 0.7056 0.7103 0.7101
3 16 11.5596 8.0243 -18.2995 11.6288 8.0177 -16.0782 14.2382 8.0194 -17.0318 0.7462 0.666 0.7437 0.6921 0.7161 0.6801
3 16 14.2382 8.0194 -17.0318 11.6288 8.0177 -16.0782 13.1465 8.0177 -15.4495 0.7161 0.6801 0.7437 0.6921 0.7259 0.6988
3 16 13.5438 8.0191 -19.7826 11.5596 8.0243 -18.2995 14.2382 8.0194 -17.0318 0.7258 0.6482 0.7462 0.666 0.7161 0.6801
3 16 13.1465 8.0177 -15.4495 14.4496 8.0177 -14.4495 14.2382 8.0194 -17.0318 0.7259 0.6988 0.7103 0.7101 0.7161 0.6801
3 16 14.2382 8.0194 -17.0318 14.4496 8.0177 -14.4495 16.0222 8.0191 -14.8257 0.7161 0.6801 0.7103 0.7101 0.6942 0.7056
3 16 -1.0302 -6.5369 -22.8851 -4.9388 -7.4043 -22.8876 -2.0173 -6.475 -30.0181 0.0973 0.3616 0.0973 0.4076 0.0156 0.3726
3 16 -2.0173 -6.475 -30.0181 -4.9388 -7.4043 -22.8876 -5.4064 -7.3557 -30.0178 0.0156 0.3726 0.0973 0.4076 0.0158 0.4129
3 16 7.7278 -2.0363 -23.2018 4.7662 -4.0314 -22.8945 5.434 -2.0627 -30.0193 0.0916 0.2483 0.0964 0.2891 0.013 0.2731
3 16 5.434 -2.0627 -30.0193 4.7662 -4.0314 -22.8945 2.9041 -3.9811 -30.0188 0.013 0.2731 0.0964 0.2891 0.0146 0.3094
3 16 -0.3382 -6.5749 -17.8998 -4.6124 -7.432 -17.9022 -1.0302 -6.5369 -22.8851 0.1546 0.3539 0.1545 0.404 0.0973 0.3616
3 16 -1.0302 -6.5369 -22.8851 -4.6124 -7.432 -17.9022 -4.9388 -7.4043 -22.8876 0.0973 0.3616 0.1545 0.404 0.0973 0.4076
3 16 9.5685 -2.0408 -17.9577 6.0798 -4.0651 -17.9241 7.7278 -2.0363 -23.2018 0.1522 0.2286 0.1537 0.2748 0.0916 0.2483
3 16 7.7278 -2.0363 -23.2018 6.0798 -4.0651 -17.9241 4.7662 -4.0314 -22.8945 0.0916 0.2483 0.1537 0.2748 0.0964 0.2891
3 16 -10.0166 -7.9953 -22.8864 -4.9388 -7.4043 -22.8876 -10.0167 -7.9956 -17.9017 0.0973 0.4661 0.0973 0.4076 0.1544 0.4662
3 16 -10.0167 -7.9956 -17.9017 -4.9388 -7.4043 -22.8876 -4.6124 -7.432 -17.9022 0.1544 0.4662 0.0973 0.4076 0.1545 0.404
3 16 -10.0167 -7.9956 -17.9017 -4.6124 -7.432 -17.9022 -10.0168 -7.9959 -12.9162 0.1544 0.4662 0.1545 0.404 0.2115 0.4663
3 16 -10.0168 -7.9959 -12.9162 -4.6124 -7.432 -17.9022 -4.2866 -7.4563 -12.9165 0.2115 0.4663 0.1545 0.404 0.2117 0.4005
3 16 -4.6124 -7.432 -17.9022 -0.3382 -6.5749 -17.8998 -4.2866 -7.4563 -12.9165 0.1545 0.404 0.1546 0.3539 0.2117 0.4005
3 16 -4.2866 -7.4563 -12.9165 -0.3382 -6.5749 -17.8998 0.3542 -6.6102 -12.9165 0.2117 0.4005 0.1546 0.3539 0.2118 0.3463
3 16 6.0798 -4.0651 -17.9241 9.5685 -2.0408 -17.9577 7.4067 -4.1046 -12.9136 0.1537 0.2748 0.1522 0.2286 0.2115 0.2604
3 16 7.4067 -4.1046 -12.9136 9.5685 -2.0408 -17.9577 11.4281 -2.0984 -12.7743 0.2115 0.2604 0.1522 0.2286 0.2123 0.2089
3 16 10.4546 0.2062 -23.1299 7.7278 -2.0363 -23.2018 7.6546 0.2047 -30.0199 0.0901 0.2078 0.0916 0.2483 0.0101 0.237
3 16 7.6546 0.2047 -30.0199 7.7278 -2.0363 -23.2018 5.434 -2.0627 -30.0193 0.0101 0.237 0.0916 0.2483 0.013 0.2731
3 16 12.8114 0.3624 -17.8972 9.5685 -2.0408 -17.9577 10.4546 0.2062 -23.1299 0.1508 0.1823 0.1522 0.2286 0.0901 0.2078
3 16 10.4546 0.2062 -23.1299 9.5685 -2.0408 -17.9577 7.7278 -2.0363 -23.2018 0.0901 0.2078 0.1522 0.2286 0.0916 0.2483
3 16 -10.0168 -7.9959 -12.9162 -4.2866 -7.4563 -12.9165 -10.0169 -7.9962 -8.4981 0.2115 0.4663 0.2117 0.4005 0.2621 0.4665
3 16 -10.0169 -7.9962 -8.4981 -4.2866 -7.4563 -12.9165 -3.9987 -7.4736 -8.4983 0.2621 0.4665 0.2117 0.4005 0.2624 0.3974
3 16 -4.2866 -7.4563 -12.9165 0.3542 -6.6102 -12.9165 -3.9987 -7.4736 -8.4983 0.2117 0.4005 0.2118 0.3463 0.2624 0.3974
3 16 -3.9987 -7.4736 -8.4983 0.3542 -6.6102 -12.9165 0.9673 -6.637 -8.4988 0.2624 0.3974 0.2118 0.3463 0.2625 0.3396
3 16 7.4067 -4.1046 -12.9136 11.4281 -2.0984 -12.7743 8.581 -4.1307 -8.4997 0.2115 0.2604 0.2123 0.2089 0.2623 0.2476
3 16 8.581 -4.1307 -8.4997 11.4281 -2.0984 -12.7743 12.7635 -2.1209 -8.545 0.2623 0.2476 0.2123 0.2089 0.2611 0.1944
3 16 2.0067 -6.674 -1.0054 -3.5113 -7.4983 -1.0077 0.9673 -6.637 -8.4988 0.3486 0.3283 0.3483 0.3923 0.2625 0.3396
3 16 0.9673 -6.637 -8.4988 -3.5113 -7.4983 -1.0077 -3.9987 -7.4736 -8.4983 0.2625 0.3396 0.3483 0.3923 0.2624 0.3974
3 16 15.2207 -2.2017 -1.0674 10.5688 -4.1663 -1.0274 12.7635 -2.1209 -8.545 0.3475 0.168 0.3485 0.2259 0.2611 0.1944
3 16 12.7635 -2.1209 -8.545 10.5688 -4.1663 -1.0274 8.581 -4.1307 -8.4997 0.2611 0.1944 0.3485 0.2259 0.2623 0.2476
3 16 -3.5113 -7.4983 -1.0077 -10.017 -7.9966 -1.0073 -3.9987 -7.4736 -8.4983 0.3483 0.3923 0.3479 0.467 0.2624 0.3974
3 16 -3.9987 -7.4736 -8.4983 -10.017 -7.9966 -1.0073 -10.0169 -7.9962 -8.4981 0.2624 0.3974 0.3479 0.467 0.2621 0.4665
3 16 12.7635 -2.1209 -8.545 16.9183 0.4588 -8.5174 15.2207 -2.2017 -1.0674 0.2611 0.1944 0.2596 0.1383 0.3475 0.168
3 16 15.2207 -2.2017 -1.0674 16.9183 0.4588 -8.5174 19.8923 0.339 -1.0299 0.3475 0.168 0.2596 0.1383 0.3466 0.107
3 16 11.4281 -2.0984 -12.7743 15.0137 0.4623 -13.0042 12.7635 -2.1209 -8.545 0.2123 0.2089 0.2075 0.1586 0.2611 0.1944
3 16 12.7635 -2.1209 -8.545 15.0137 0.4623 -13.0042 16.9183 0.4588 -8.5174 0.2611 0.1944 0.2075 0.1586 0.2596 0.1383
3 16 9.5685 -2.0408 -17.9577 12.8114 0.3624 -17.8972 11.4281 -2.0984 -12.7743 0.1522 0.2286 0.1508 0.1823 0.2123 0.2089
3 16 11.4281 -2.0984 -12.7743 12.8114 0.3624 -17.8972 15.0137 0.4623 -13.0042 0.2123 0.2089 0.1508 0.1823 0.2075 0.1586
3 16 -10.0131 -7.9911 -30.0152 -5.4064 -7.3557 -30.0178 -10.0166 -7.9953 -22.8864 0.0157 0.4661 0.0158 0.4129 0.0973 0.4661
3 16 -10.0166 -7.9953 -22.8864 -5.4064 -7.3557 -30.0178 -4.9388 -7.4043 -22.8876 0.0973 0.4661 0.0158 0.4129 0.0973 0.4076
3 16 3.5334 -6.7183 10.0174 -2.7959 -7.5251 10.0176 3.0463 -6.7111 6.4881 0.4749 0.3118 0.4746 0.385 0.4347 0.3171
3 16 3.0463 -6.7111 6.4881 -2.7959 -7.5251 10.0176 -3.0238 -7.5229 6.4829 0.4347 0.3171 0.4746 0.385 0.4342 0.3873
3 16 18.7787 -2.2852 10.0165 13.4833 -4.1977 10.0169 17.6782 -2.2823 6.4103 0.4752 0.1297 0.4753 0.1941 0.4339 0.1416
3 16 17.6782 -2.2823 6.4103 13.4833 -4.1977 10.0169 12.5566 -4.2018 6.445 0.4339 0.1416 0.4753 0.1941 0.4345 0.2043
3 16 23.9115 0.0296 10.0159 18.7787 -2.2852 10.0165 22.8669 0.2196 6.4575 0.4744 0.0651 0.4752 0.1297 0.4335 0.0756
3 16 22.8669 0.2196 6.4575 18.7787 -2.2852 10.0165 17.6782 -2.2823 6.4103 0.4335 0.0756 0.4752 0.1297 0.4339 0.1416
3 16 23.9115 0.0296 10.0159 10.002 8.0144 10.0144 18.7787 -2.2852 10.0165 0.0651 0.567 0.2203 0.4737 0.1211 0.5923
3 16 18.7787 -2.2852 10.0165 10.002 8.0144 10.0144 10.002 0.0144 10.0144 0.1211 0.5923 0.2203 0.4737 0.2203 0.5665
3 16 28.2817 2.2958 10.0103 23.9115 0.0296 10.0159 28.2854 3.1919 6.7835 0.4735 0.0088 0.4744 0.0651 0.4355 0.0049
3 16 28.2854 3.1919 6.7835 23.9115 0.0296 10.0159 22.8669 0.2196 6.4575 0.4355 0.0049 0.4744 0.0651 0.4335 0.0756
3 16 26.0196 2.8893 3.0663 26.6092 3.1794 3.4675 22.8669 0.2196 6.4575 0.3926 0.0303 0.3969 0.0226 0.4335 0.0756
3 16 28.2854 3.1919 6.7835 22.8669 0.2196 6.4575 26.6092 3.1794 3.4675 0.4355 0.0049 0.4335 0.0756 0.3969 0.0226
3 16 28.2842 8.0112 6.784 28.2766 8.0144 10.0144 28.2854 3.1919 6.7835 0.8694 0.9278 0.905 0.9278 0.8694 0.9846
3 16 28.2854 3.1919 6.7835 28.2766 8.0144 10.0144 28.2817 2.2958 10.0103 0.8694 0.9846 0.905 0.9278 0.905 0.9952
3 16 8.7691 -5.518 10.0172 10.002 0.0144 10.0144 3.5334 -6.7183 10.0174 0.2353 0.6287 0.2203 0.5665 0.2961 0.641
3 16 3.5334 -6.7183 10.0174 10.002 0.0144 10.0144 -10.0144 0.0144 10.0144 0.2961 0.641 0.2203 0.5665 0.4501 0.5665
3 16 -10.017 -7.9971 6.4836 -3.0238 -7.5229 6.4829 -10.0138 -7.9938 10.0148 0.4337 0.4675 0.4342 0.3873 0.4741 0.4677
3 16 -10.0138 -7.9938 10.0148 -3.0238 -7.5229 6.4829 -2.7959 -7.5251 10.0176 0.4741 0.4677 0.4342 0.3873 0.4746 0.385
3 16 -10.0144 0.0144 -9.9856 -10.0131 -7.9911 -30.0152 -10.0166 -7.9953 -22.8864 0.711 0.1033 0.4825 0.0115 0.5623 0.0115
3 16 -10.0144 0.0144 -9.9856 -10.0166 -7.9953 -22.8864 -10.0167 -7.9956 -17.9017 0.711 0.1033 0.5623 0.0115 0.6198 0.0115
3 16 -10.0168 -7.9959 -12.9162 -10.0144 0.0144 -9.9856 -10.0167 -7.9956 -17.9017 0.6774 0.0115 0.711 0.1033 0.6198 0.0115
3 16 9.9982 -0.9268 -1.8802 9.9958 -1.1527 0.2576 10.0009 -0.2937 -1.8841 0.4025 0.8892 0.4273 0.8867 0.4024 0.8965
3 16 10.0009 -0.2937 -1.8841 9.9958 -1.1527 0.2576 10.002 8.0144 10.0144 0.4024 0.8965 0.4273 0.8867 0.5369 0.9926
3 16 9.9958 -1.1527 0.2576 10.002 0.0144 6.2356 10.002 8.0144 10.0144 0.4273 0.8867 0.4963 0.9003 0.5369 0.9926
3 16 10.0471 -0.866 -4.6359 10.003 -0.2923 -4.6118 9.9737 -0.1945 -9.9667 0.371 0.8898 0.3713 0.8964 0.3093 0.8974
3 16 10.002 8.0144 -9.9856 9.9737 -0.1945 -9.9667 10.003 -0.2923 -4.6118 0.3088 0.992 0.3093 0.8974 0.3713 0.8964
3 16 -10.0144 8.0144 -9.9856 -10.0144 0.0144 -9.9856 -6.2356 0.0144 -9.9856 0.0708 0.9906 0.071 0.8985 0.1118 0.8985
3 16 -6.2335 -4.7212 -7.9205 -6.2356 0.0144 -9.9856 -6.2409 -4.7192 -6.3771 0.938 0.7949 0.9924 0.771 0.938 0.8125
3 16 7.0453 -2.7019 6.2328 2.0132 -3.8471 6.2294 10.002 0.0144 6.2356 0.3834 0.5091 0.3258 0.5225 0.4176 0.4782
3 16 10.002 0.0144 6.2356 2.0132 -3.8471 6.2294 -6.2356 0.0144 6.2356 0.4176 0.4782 0.3258 0.5225 0.2308 0.4782
3 16 -6.2356 0.0144 -9.9856 -10.0144 0.0144 -9.9856 -6.2356 0.0144 6.2356 0.9495 0.0148 0.9914 0.0145 0.9508 0.2069
3 16 -6.2356 0.0144 6.2356 -10.0144 0.0144 -9.9856 -10.0144 0.0144 10.0144 0.9508 0.2069 0.9914 0.0145 0.9931 0.2486
3 16 10.002 0.0144 10.0144 10.002 8.0144 10.0144 10.002 0.0144 6.2356 0.5372 0.9004 0.5369 0.9926 0.4963 0.9003
3 16 7.0453 -2.7019 6.2328 9.9988 -1.7921 6.2377 7.1766 -2.5503 4.8286 0.0231 0.6401 0.0233 0.6044 0.0395 0.6382
3 16 7.1766 -2.5503 4.8286 9.9988 -1.7921 6.2377 9.9962 -1.655 4.9805 0.0395 0.6382 0.0233 0.6044 0.0379 0.6041
3 16 10.002 0.0144 6.2356 9.9962 -1.655 4.9805 9.9988 -1.7921 6.2377 0.4963 0.9003 0.4817 0.881 0.4963 0.8795
3 16 10.002 0.0144 6.2356 9.9958 -1.1527 0.2576 9.996 -1.3961 2.5467 0.4963 0.9003 0.4273 0.8867 0.4536 0.8839
3 16 7.8931 -0.29 -2.1361 6.2868 -0.2899 -2.8014 7.8866 -1.8466 -2.1367 0.0083 0.9637 0.0086 0.9438 0.0261 0.9639
3 16 7.8866 -1.8466 -2.1367 6.2868 -0.2899 -2.8014 6.2924 -2.3967 -2.7978 0.0261 0.9639 0.0086 0.9438 0.0327 0.9442
3 16 1.8955 -0.2937 -9.9845 1.8929 -3.2361 -9.9854 2.1361 -0.2899 -7.8935 0.0079 0.8427 0.0416 0.842 0.0085 0.867
3 16 2.1361 -0.2899 -7.8935 1.8929 -3.2361 -9.9854 2.1335 -3.2725 -7.894 0.0085 0.867 0.0416 0.842 0.0426 0.8662
3 16 -6.2368 -4.725 -9.9849 -6.2335 -4.7212 -7.9205 -2.033 -4.1858 -9.9823 0.752 0.5181 0.728 0.5181 0.7517 0.469
3 16 -2.033 -4.1858 -9.9823 -6.2335 -4.7212 -7.9205 -2.034 -4.1786 -7.9205 0.7517 0.469 0.728 0.5181 0.728 0.4691
3 16 2.0155 -4.7284 6.2288 2.0132 -3.8471 6.2294 4.4309 -4.7223 4.6126 0.9424 0.7189 0.9322 0.7191 0.9419 0.6855
3 16 4.4309 -4.7223 4.6126 2.0132 -3.8471 6.2294 4.4277 -3.2838 4.6142 0.9419 0.6855 0.9322 0.7191 0.9254 0.6857
3 16 6.0277 -2.7662 2.0374 6.0307 -4.7223 2.0356 4.4277 -3.2838 4.6142 0.9191 0.6509 0.9415 0.6506 0.9254 0.6857
3 16 4.4277 -3.2838 4.6142 6.0307 -4.7223 2.0356 4.4309 -4.7223 4.6126 0.9254 0.6857 0.9415 0.6506 0.9419 0.6855
3 16 6.0307 -4.7223 2.0356 6.0277 -2.7662 2.0374 6.4329 -4.7223 -0.1423 0.9415 0.6506 0.9191 0.6509 0.9412 0.6251
3 16 6.4329 -4.7223 -0.1423 6.0277 -2.7662 2.0374 6.4302 -2.4745 -0.1417 0.9412 0.6251 0.9191 0.6509 0.9154 0.6255
3 16 4.2435 -4.7223 -4.2431 5.4487 -4.7284 -3.2596 4.2382 -2.5457 -4.2381 0.0597 0.9158 0.0594 0.9337 0.0346 0.9154
3 16 4.2382 -2.5457 -4.2381 5.4487 -4.7284 -3.2596 5.4482 -2.5281 -3.2597 0.0346 0.9154 0.0594 0.9337 0.0343 0.9333
3 16 3.0073 -2.909 -5.6306 1.5291 -3.5135 -6.2131 2.9961 -4.7286 -5.6476 0.0119 0.1224 0.0289 0.1272 0.0119 0.1414
3 16 2.9961 -4.7286 -5.6476 1.5291 -3.5135 -6.2131 1.5343 -4.7223 -6.2126 0.0119 0.1414 0.0289 0.1272 0.0288 0.1414
3 16 6.4302 -2.4745 -0.1417 5.4482 -2.5281 -3.2597 6.4329 -4.7223 -0.1423 0.9154 0.6255 0.9155 0.5874 0.9412 0.6251
3 16 6.4329 -4.7223 -0.1423 5.4482 -2.5281 -3.2597 5.4487 -4.7284 -3.2596 0.9412 0.6251 0.9155 0.5874 0.9407 0.5871
3 16 7.1766 -2.5503 4.8286 4.4277 -3.2838 4.6142 7.0453 -2.7019 6.2328 0.0395 0.6382 0.0417 0.6707 0.0231 0.6401
3 16 7.0453 -2.7019 6.2328 4.4277 -3.2838 4.6142 2.0132 -3.8471 6.2294 0.0231 0.6401 0.0417 0.6707 0.023 0.6992
3 16 -2.034 -4.1786 -7.9205 -6.2335 -4.7212 -7.9205 -2.033 -4.1858 -6.372 0.728 0.4691 0.728 0.5181 0.71 0.4686
3 16 -2.033 -4.1858 -6.372 -6.2335 -4.7212 -7.9205 -6.2409 -4.7192 -6.3771 0.71 0.4686 0.728 0.5181 0.7103 0.5181
3 16 5.1915 -0.2893 -7.2856 3.26 -0.2897 -5.525 6.0708 -0.2894 -6.1523 0.8896 0.1621 0.8909 0.1916 0.8732 0.1641
3 16 6.0708 -0.2894 -6.1523 3.26 -0.2897 -5.525 4.243 -0.29 -4.2436 0.8732 0.1641 0.8909 0.1916 0.8725 0.194
3 16 7.2693 -0.2895 -5.2275 6.0708 -0.2894 -6.1523 5.2597 -0.2899 -3.4178 0.856 0.1619 0.8732 0.1641 0.8576 0.1925
3 16 5.2597 -0.2899 -3.4178 6.0708 -0.2894 -6.1523 4.243 -0.29 -4.2436 0.8576 0.1925 0.8732 0.1641 0.8725 0.194
3 16 7.2693 -0.2895 -5.2275 5.2597 -0.2899 -3.4178 6.2868 -0.2899 -2.8014 0.856 0.1619 0.8576 0.1925 0.8443 0.1891
3 16 3.26 -0.2897 -5.525 5.1915 -0.2893 -7.2856 2.7969 -0.2897 -6.2981 0.8909 0.1916 0.8896 0.1621 0.9009 0.1891
3 16 5.1915 -0.2893 -7.2856 4.8391 -0.2895 -8.4627 2.7969 -0.2897 -6.2981 0.8896 0.1621 0.9021 0.1554 0.9009 0.1891
3 16 2.7969 -0.2897 -6.2981 4.8391 -0.2895 -8.4627 2.1361 -0.2899 -7.8935 0.9009 0.1891 0.9021 0.1554 0.9191 0.1816
3 16 4.7209 -2.5007 -10.0093 9.9737 -0.1945 -9.9667 4.6398 -0.2922 -9.987 0.2381 0.8698 0.2989 0.8965 0.2371 0.8953
3 16 4.6398 -0.2922 -9.987 9.9737 -0.1945 -9.9667 10.002 8.0144 -9.9856 0.2371 0.8953 0.2989 0.8965 0.299 0.991
3 16 -10.0144 8.0144 -9.9856 1.8955 -0.2937 -9.9845 10.002 8.0144 -9.9856 0.0708 0.9906 0.2058 0.8952 0.299 0.991
3 16 10.002 8.0144 -9.9856 1.8955 -0.2937 -9.9845 4.6398 -0.2922 -9.987 0.299 0.991 0.2058 0.8952 0.2371 0.8953
3 16 11.9519 8.0144 -11.9519 11.948 8.0166 -4.0688 11.9467 1.7797 -11.9537 0.685 0.8464 0.6852 0.9369 0.6134 0.8466
3 16 11.9467 1.7797 -11.9537 11.948 8.0166 -4.0688 11.9416 0.1235 -4.0693 0.6134 0.8466 0.6852 0.9369 0.5946 0.9371
3 16 11.6288 8.0177 -16.0782 11.5596 8.0243 -18.2995 9.9997 8.0176 -16.2925 0.7437 0.6921 0.7462 0.666 0.7626 0.6901
3 16 10.3845 8.0109 -18.7178 9.9783 8.0176 -18.298 11.5596 8.0243 -18.2995 0.76 0.6613 0.7649 0.6662 0.7462 0.666
3 16 11.5596 8.0243 -18.2995 9.9783 8.0176 -18.298 9.9997 8.0176 -16.2925 0.7462 0.666 0.7649 0.6662 0.7626 0.6901
3 16 9.9997 8.0176 -16.2925 9.3779 8.0179 -18.0591 8.3786 7.8852 -16.0518 0.7626 0.6901 0.772 0.669 0.7811 0.6937
3 16 8.3786 7.8852 -16.0518 9.3779 8.0179 -18.0591 7.8927 8.0181 -17.8633 0.7811 0.6937 0.772 0.669 0.7882 0.6759
3 16 8.3786 7.8852 -16.0518 7.8927 8.0181 -17.8633 6.8541 8.0175 -15.4496 0.7811 0.6937 0.7882 0.6759 0.7982 0.7011
3 16 6.8541 8.0175 -15.4496 7.8927 8.0181 -17.8633 5.9292 8.0177 -17.0504 0.7982 0.7011 0.7882 0.6759 0.8129 0.6807
3 16 6.8541 8.0175 -15.4496 5.9292 8.0177 -17.0504 5.5505 8.0177 -14.4496 0.7982 0.7011 0.8129 0.6807 0.8121 0.7137
3 16 5.5505 8.0177 -14.4496 5.9292 8.0177 -17.0504 4.2432 8.0177 -15.7566 0.8121 0.7137 0.8129 0.6807 0.8234 0.7027
3 16 5.5505 8.0177 -14.4496 4.2432 8.0177 -15.7566 4.55 8.0177 -13.1456 0.8121 0.7137 0.8234 0.7027 0.8237 0.7293
3 16 4.55 8.0177 -13.1456 4.2432 8.0177 -15.7566 2.9495 8.0177 -14.0706 0.8237 0.7293 0.8234 0.7027 0.8375 0.722
3 16 4.55 8.0177 -13.1456 2.9495 8.0177 -14.0706 3.9201 8.0173 -11.9469 0.8237 0.7293 0.8375 0.722 0.8313 0.7433
3 16 3.9201 8.0173 -11.9469 2.9495 8.0177 -14.0706 2.031 8.0128 -11.9554 0.8313 0.7433 0.8375 0.722 0.8568 0.7402
3 16 13.1463 8.0177 -4.5504 11.948 8.0166 -4.0688 14.0703 8.0177 -2.9493 0.7223 0.8263 0.7363 0.8323 0.7113 0.8443
3 16 14.0703 8.0177 -2.9493 11.948 8.0166 -4.0688 11.9551 8.013 -2.1411 0.7113 0.8443 0.7363 0.8323 0.7359 0.8544
3 16 13.1463 8.0177 -4.5504 14.0703 8.0177 -2.9493 14.4497 8.0177 -5.5506 0.7223 0.8263 0.7113 0.8443 0.7074 0.8142
3 16 14.4497 8.0177 -5.5506 14.0703 8.0177 -2.9493 15.7566 8.0176 -4.2431 0.7074 0.8142 0.7113 0.8443 0.6921 0.8288
3 16 14.4497 8.0177 -5.5506 15.7566 8.0176 -4.2431 15.4497 8.0177 -6.8538 0.7074 0.8142 0.6921 0.8288 0.6961 0.7987
3 16 15.4497 8.0177 -6.8538 15.7566 8.0176 -4.2431 17.0497 8.0177 -5.9282 0.6961 0.7987 0.6921 0.8288 0.6776 0.8088
3 16 17.0497 8.0177 -5.9282 17.3293 8.0122 -6.4785 15.4497 8.0177 -6.8538 0.6776 0.8088 0.6745 0.8023 0.6961 0.7987
3 16 15.4497 8.0177 -6.8538 17.3293 8.0122 -6.4785 16.0783 8.0177 -8.3715 0.6961 0.7987 0.6745 0.8023 0.6892 0.7808
3 16 16.2926 8.0177 -10.0001 16.0783 8.0177 -8.3715 17.5917 8.025 -8.9286 0.6872 0.7617 0.6892 0.7808 0.672 0.7738
3 16 17.3293 8.0122 -6.4785 17.6152 8.0196 -6.9504 16.0783 8.0177 -8.3715 0.6745 0.8023 0.6713 0.7967 0.6892 0.7808
3 16 16.0783 8.0177 -8.3715 17.6152 8.0196 -6.9504 17.5917 8.025 -8.9286 0.6892 0.7808 0.6713 0.7967 0.672 0.7738
3 16 16.2926 8.0177 -10.0001 17.5917 8.025 -8.9286 16.0782 8.0177 -11.6287 0.6872 0.7617 0.672 0.7738 0.6902 0.7427
3 16 16.0782 8.0177 -11.6287 17.5917 8.025 -8.9286 17.9893 8.0116 -13.7518 0.6902 0.7427 0.672 0.7738 0.6711 0.7178
3 16 3.9145 -2.4697 -11.9479 4.5436 -2.0101 -13.142 3.9201 8.0173 -11.9469 0.6063 0.2072 0.601 0.223 0.4858 0.2072
3 16 3.9201 8.0173 -11.9469 4.5436 -2.0101 -13.142 4.55 8.0177 -13.1456 0.4858 0.2072 0.601 0.223 0.4858 0.223
3 16 13.1463 8.0177 -4.5504 13.1393 0.83 -4.5472 11.948 8.0166 -4.0688 0.4858 0.4877 0.5683 0.4878 0.4858 0.5029
3 16 11.948 8.0166 -4.0688 13.1393 0.83 -4.5472 11.9416 0.1235 -4.0693 0.4858 0.5029 0.5683 0.4878 0.5765 0.5029
3 16 11.9514 -0.1845 -2.1374 14.0617 1.021 -2.9455 11.9581 3.5633 -2.1391 0.0018 0.8223 0.0159 0.796 0.045 0.8223
3 16 11.9581 3.5633 -2.1391 14.0617 1.021 -2.9455 14.0746 3.8442 -2.9434 0.045 0.8223 0.0159 0.796 0.0482 0.796
3 16 -10.0144 8.0144 -9.9856 10.002 8.0144 -9.9856 2.031 8.0128 -11.9554 0.9947 0.7642 0.7604 0.764 0.8568 0.7402
3 16 2.031 8.0128 -11.9554 10.002 8.0144 -9.9856 3.9201 8.0173 -11.9469 0.8568 0.7402 0.7604 0.764 0.8313 0.7433
3 16 7.4831 8.0128 -26.232 10.0116 8.0127 -30.0182 -6.2356 8.0144 -26.2356 0.7951 0.5736 0.768 0.5322 0.9551 0.5747
3 16 -6.2356 8.0144 -26.2356 10.0116 8.0127 -30.0182 -10.0144 8.0144 -30.0144 0.9551 0.5747 0.768 0.5322 0.9968 0.5338
3 16 -6.2356 8.0144 -11.9519 -1.3244 -3.974 -11.9549 -6.2368 -4.6079 -11.9526 0.6157 0.5306 0.6721 0.6676 0.6157 0.6756
3 16 14.0703 8.0177 -2.9493 11.9551 8.013 -2.1411 14.0742 6.4021 -2.9431 0.0959 0.796 0.0959 0.8223 0.0776 0.796
3 16 14.0742 6.4021 -2.9431 11.9551 8.013 -2.1411 11.9581 6.3923 -2.1391 0.0776 0.796 0.0959 0.8223 0.0775 0.8223
3 16 11.948 8.0166 -4.0688 11.9519 8.0144 -11.9519 10.002 8.0144 -9.9856 0.7363 0.8323 0.7386 0.7406 0.7604 0.764
3 16 23.1013 8.0177 6.2323 20.9788 2.7722 6.2404 11.9519 8.0144 6.2356 0.2013 0.8474 0.2257 0.7871 0.3296 0.8474
3 16 11.9519 8.0144 6.2356 20.9788 2.7722 6.2404 11.9483 -1.1877 6.2342 0.3296 0.8474 0.2257 0.7871 0.3296 0.7417
3 16 10.002 8.0144 10.0144 23.7701 8.0177 10.0177 11.9519 8.0144 6.2356 0.7568 0.9936 0.5969 0.9933 0.7346 0.9523
3 16 11.9519 8.0144 6.2356 23.7701 8.0177 10.0177 23.1013 8.0177 6.2323 0.7346 0.9523 0.5969 0.9933 0.6047 0.952
3 16 11.9519 8.0144 6.2356 11.9483 -1.1877 6.2342 11.9551 8.013 -2.1411 0.6017 0.6116 0.4961 0.6116 0.6017 0.5152
3 16 11.9581 6.3923 -2.1391 11.9625 6.3992 -1.4936 11.9581 3.5633 -2.1391 0.5832 0.5152 0.5833 0.5216 0.5508 0.5152
3 16 11.9581 3.5633 -2.1391 11.9625 6.3992 -1.4936 11.9483 -1.1877 6.2342 0.5508 0.5152 0.5833 0.5216 0.4961 0.6116
3 16 11.9483 -1.1877 6.2342 11.9513 -0.6802 2.051 11.9581 3.5633 -2.1391 0.4961 0.6116 0.5019 0.5634 0.5508 0.5152
3 16 23.0976 2.7724 6.2388 20.9788 2.7722 6.2404 23.0975 4.3663 6.225 0.2014 0.7871 0.2257 0.7871 0.2014 0.8057
3 16 23.7701 8.0177 10.0177 23.6465 8.0123 6.2285 23.1013 8.0177 6.2323 0.5969 0.9933 0.5983 0.952 0.6047 0.952
3 16 20.9788 2.7722 6.2404 23.1013 8.0177 6.2323 23.0996 6.3047 6.225 0.2257 0.7871 0.2013 0.8474 0.2014 0.828
3 16 20.9788 2.7722 6.2404 23.0996 6.3047 6.225 23.0975 4.3663 6.225 0.2257 0.7871 0.2014 0.828 0.2014 0.8057
3 16 14.0617 1.021 -2.9455 15.0654 0.8734 0.7938 17.186 2.7732 -2.7549 0.2441 0.6451 0.2503 0.6888 0.2064 0.6607
3 16 17.186 2.7732 -2.7549 15.0654 0.8734 0.7938 18.6473 2.7733 0.7176 0.2064 0.6607 0.2503 0.6888 0.2064 0.704
3 16 11.9513 -0.6802 2.051 15.0654 0.8734 0.7938 11.9514 -0.1845 -2.1374 0.2931 0.6882 0.2503 0.6888 0.2738 0.6437
3 16 11.9514 -0.1845 -2.1374 15.0654 0.8734 0.7938 14.0617 1.021 -2.9455 0.2738 0.6437 0.2503 0.6888 0.2441 0.6451
3 16 18.6473 2.7733 0.7176 19.9218 2.7748 -0.0113 17.186 2.7732 -2.7549 0.8024 0.1406 0.8034 0.1238 0.8458 0.1379
3 16 17.186 2.7732 -2.7549 19.9218 2.7748 -0.0113 17.9494 2.775 -4.0487 0.8458 0.1379 0.8034 0.1238 0.8552 0.1235
3 16 19.8104 8.0176 -10.1556 17.9893 8.0116 -13.7518 17.5917 8.025 -8.9286 0.6486 0.759 0.6711 0.7178 0.672 0.7738
3 16 28.2854 3.1919 6.7835 27.523 8.0174 5.2695 28.2842 8.0112 6.784 0.291 0.0476 0.3462 0.029 0.3467 0.0476
3 16 17.9893 8.0116 -13.7518 15.4496 8.0177 -13.1463 16.0782 8.0177 -11.6287 0.6711 0.7178 0.6981 0.7251 0.6902 0.7427
3 16 9.3678 1.7145 -18.0566 6.2937 1.7378 -26.2303 7.8818 0.5411 -17.86 0.5443 0.7787 0.5122 0.874 0.5227 0.7755
3 16 7.8818 0.5411 -17.86 6.2937 1.7378 -26.2303 4.8354 0.4015 -26.2307 0.5227 0.7755 0.5122 0.874 0.4895 0.8725
3 16 7.8818 0.5411 -17.86 4.8354 0.4015 -26.2307 5.9213 -0.8308 -17.0467 0.5227 0.7755 0.4895 0.8725 0.4956 0.7653
3 16 5.9213 -0.8308 -17.0467 4.8354 0.4015 -26.2307 3.5526 -0.5831 -26.2309 0.4956 0.7653 0.4895 0.8725 0.471 0.8717
3 16 2.0281 -3.0623 -11.9539 2.9455 -2.562 -14.0681 0.1088 -2.627 -26.2317 0.445 0.706 0.4567 0.7305 0.425 0.8706
3 16 0.1088 -2.627 -26.2317 2.9455 -2.562 -14.0681 1.2519 -2.0232 -26.2313 0.425 0.8706 0.4567 0.7305 0.4399 0.8708
3 16 -1.3244 -3.974 -11.9549 2.031 8.0128 -11.9554 2.0281 -3.0623 -11.9539 0.6721 0.6676 0.7109 0.5307 0.7109 0.6578
3 16 -1.3801 -3.2904 -26.2319 -6.2381 -4.6078 -26.2339 -1.3244 -3.974 -11.9549 0.4064 0.8704 0.3485 0.8705 0.405 0.7061
3 16 -1.3244 -3.974 -11.9549 -6.2381 -4.6078 -26.2339 -6.2368 -4.6079 -11.9526 0.405 0.7061 0.3485 0.8705 0.348 0.7064
3 16 2.0281 -3.0623 -11.9539 2.031 8.0128 -11.9554 2.9455 -2.562 -14.0681 0.5649 0.3873 0.6919 0.3864 0.5708 0.4139
3 16 2.9455 -2.562 -14.0681 2.031 8.0128 -11.9554 2.9495 8.0177 -14.0706 0.5708 0.4139 0.6919 0.3864 0.6921 0.4129
3 16 -6.2356 8.0144 -11.9519 2.031 8.0128 -11.9554 -1.3244 -3.974 -11.9549 0.6157 0.5306 0.7109 0.5307 0.6721 0.6676
3 16 -6.2381 -4.6078 -26.2339 -6.2356 8.0144 -26.2356 -6.2368 -4.6079 -11.9526 0.9303 0.7704 0.9302 0.9152 0.7661 0.7704
3 16 -6.2368 -4.6079 -11.9526 -6.2356 8.0144 -26.2356 -6.2356 8.0144 -11.9519 0.7661 0.7704 0.9302 0.9152 0.7661 0.9151
3 16 -6.2381 -4.6078 -26.2339 -1.3801 -3.2904 -26.2319 -6.2356 8.0144 -26.2356 0.5465 0.3781 0.5623 0.3224 0.6915 0.3781
3 16 0.1088 -2.627 -26.2317 -6.2356 8.0144 -26.2356 -1.3801 -3.2904 -26.2319 0.5694 0.3051 0.6915 0.3781 0.5623 0.3224
3 16 1.2519 -2.0232 -26.2313 -6.2356 8.0144 -26.2356 0.1088 -2.627 -26.2317 0.5763 0.2919 0.6915 0.3781 0.5694 0.3051
3 16 4.8354 0.4015 -26.2307 7.4831 8.0128 -26.232 3.5526 -0.5831 -26.2309 0.6043 0.2508 0.6915 0.2203 0.5929 0.2655
3 16 6.2937 1.7378 -26.2303 7.4831 8.0128 -26.232 4.8354 0.4015 -26.2307 0.6196 0.2341 0.6915 0.2203 0.6043 0.2508
3 16 2.5433 -1.272 -26.2311 3.5526 -0.5831 -26.2309 -6.2356 8.0144 -26.2356 0.585 0.2771 0.5929 0.2655 0.6915 0.3781
3 16 -6.2356 8.0144 -26.2356 3.5526 -0.5831 -26.2309 7.4831 8.0128 -26.232 0.6915 0.3781 0.5929 0.2655 0.6915 0.2203
3 16 23.7701 8.0177 10.0177 28.2766 8.0144 10.0144 24.5888 8.0249 6.0834 0.5969 0.9933 0.5465 0.9933 0.5874 0.9502
3 16 24.5888 8.0249 6.0834 28.2766 8.0144 10.0144 28.2842 8.0112 6.784 0.5874 0.9502 0.5465 0.9933 0.5465 0.9583
3 16 10.002 8.0144 10.0144 23.9115 0.0296 10.0159 23.7701 8.0177 10.0177 0.2203 0.4737 0.0651 0.567 0.0608 0.4737
3 16 23.7701 8.0177 10.0177 23.9115 0.0296 10.0159 28.2817 2.2958 10.0103 0.0608 0.4737 0.0651 0.567 0.0106 0.5397
3 16 -6.2356 8.0144 -26.2356 1.2519 -2.0232 -26.2313 2.5433 -1.272 -26.2311 0.6915 0.3781 0.5763 0.2919 0.585 0.2771
3 16 10.0009 -0.2937 -1.8841 10.003 -0.2923 -4.6118 7.8931 -0.29 -2.1361 0.8067 0.1664 0.8286 0.1445 0.826 0.1815
3 16 7.8931 -0.29 -2.1361 10.003 -0.2923 -4.6118 8.3956 -0.2896 -4.7453 0.826 0.1815 0.8286 0.1445 0.8429 0.1566
3 16 2.0155 -4.7284 6.2288 -6.2356 -4.7256 6.2356 2.0132 -3.8471 6.2294 0.3258 0.5326 0.2308 0.5326 0.3258 0.5225
3 16 2.0132 -3.8471 6.2294 -6.2356 -4.7256 6.2356 -6.2356 0.0144 6.2356 0.3258 0.5225 0.2308 0.5326 0.2308 0.4782
3 16 10.0009 -0.2937 -1.8841 7.8931 -0.29 -2.1361 9.9982 -0.9268 -1.8802 0.0079 0.9882 0.0083 0.9637 0.0152 0.9883
3 16 9.9982 -0.9268 -1.8802 7.8931 -0.29 -2.1361 7.8866 -1.8466 -2.1367 0.0152 0.9883 0.0083 0.9637 0.0261 0.9639
3 16 17.2509 3.781 -6.3362 16.9651 3.7769 -5.7882 17.2223 2.7693 -6.3073 0.0475 0.7423 0.0474 0.7495 0.0356 0.7428
3 16 17.2223 2.7693 -6.3073 16.9651 3.7769 -5.7882 16.9373 2.7724 -5.763 0.0356 0.7428 0.0474 0.7495 0.0356 0.7499
3 16 16.9651 3.7769 -5.7882 17.2509 3.781 -6.3362 17.0217 6.4122 -5.8729 0.0474 0.7495 0.0475 0.7423 0.0777 0.7482
3 16 17.0217 6.4122 -5.8729 17.2509 3.781 -6.3362 17.3005 6.4082 -6.4223 0.0777 0.7482 0.0475 0.7423 0.0775 0.7412
3 16 17.3293 8.0122 -6.4785 17.0497 8.0177 -5.9282 17.3005 6.4082 -6.4223 0.0959 0.7405 0.0959 0.7474 0.0775 0.7412
3 16 17.3005 6.4082 -6.4223 17.0497 8.0177 -5.9282 17.0217 6.4122 -5.8729 0.0775 0.7412 0.0959 0.7474 0.0777 0.7482
3 16 18.672 3.6896 -6.4521 18.8441 3.1734 -6.1316 21.0782 3.71 -7.6197 0.7764 0.2805 0.7848 0.2792 0.7813 0.3098
3 16 21.0782 3.71 -7.6197 18.8441 3.1734 -6.1316 21.2551 3.2 -7.302 0.7813 0.3098 0.7848 0.2792 0.7881 0.3088
3 16 21.0153 4.3703 -7.7457 18.6095 4.3708 -6.5776 21.0782 3.71 -7.6197 0.7739 0.3114 0.7678 0.2827 0.7813 0.3098
3 16 21.0782 3.71 -7.6197 18.6095 4.3708 -6.5776 18.672 3.6896 -6.4521 0.7813 0.3098 0.7678 0.2827 0.7764 0.2805
3 16 18.5299 6.4792 -6.7375 18.6095 4.3708 -6.5776 20.9354 6.478 -7.9054 0.7437 0.2889 0.7678 0.2827 0.7501 0.3172
3 16 20.9354 6.478 -7.9054 18.6095 4.3708 -6.5776 21.0153 4.3703 -7.7457 0.7501 0.3172 0.7678 0.2827 0.7739 0.3114
3 16 18.3095 7.5285 -7.1942 18.5299 6.4792 -6.7375 20.7068 7.5305 -8.3628 0.7305 0.2915 0.7437 0.2889 0.7369 0.3203
3 16 20.7068 7.5305 -8.3628 18.5299 6.4792 -6.7375 20.9354 6.478 -7.9054 0.7369 0.3203 0.7437 0.2889 0.7501 0.3172
3 16 17.9051 8.0227 -7.4257 18.3095 7.5285 -7.1942 20.208 8.0218 -9.3461 0.723 0.2898 0.7305 0.2915 0.7241 0.3235
3 16 20.208 8.0218 -9.3461 18.3095 7.5285 -7.1942 20.7068 7.5305 -8.3628 0.7241 0.3235 0.7305 0.2915 0.7369 0.3203
3 16 24.2359 3.2813 4.5685 24.4154 3.7305 4.8873 26.6092 3.1794 3.4675 0.9305 0.281 0.9381 0.2827 0.9246 0.3094
3 16 26.6092 3.1794 3.4675 24.4154 3.7305 4.8873 26.7838 3.6867 3.7905 0.9246 0.3094 0.9381 0.2827 0.9311 0.3112
3 16 26.7838 3.6867 3.7905 24.4154 3.7305 4.8873 26.8512 4.3735 3.9256 0.9311 0.3112 0.9381 0.2827 0.9386 0.3131
3 16 26.8512 4.3735 3.9256 24.4154 3.7305 4.8873 24.4813 4.3741 5.0225 0.9386 0.3131 0.9381 0.2827 0.9464 0.2855
3 16 24.4813 4.3741 5.0225 24.5705 6.6617 5.1995 26.8512 4.3735 3.9256 0.9464 0.2855 0.972 0.2945 0.9386 0.3131
3 16 26.8512 4.3735 3.9256 24.5705 6.6617 5.1995 26.9399 6.6603 4.1031 0.9386 0.3131 0.972 0.2945 0.9636 0.3213
3 16 24.5705 6.6617 5.1995 24.7794 7.5668 5.6029 26.9399 6.6603 4.1031 0.972 0.2945 0.9832 0.2974 0.9636 0.3213
3 16 26.9399 6.6603 4.1031 24.7794 7.5668 5.6029 27.1372 7.57 4.5118 0.9636 0.3213 0.9832 0.2974 0.9748 0.3249
3 16 27.1372 7.57 4.5118 24.7794 7.5668 5.6029 27.523 8.0174 5.2695 0.5599 0.9309 0.5855 0.9426 0.5547 0.9416
3 16 27.523 8.0174 5.2695 24.7794 7.5668 5.6029 24.5888 8.0249 6.0834 0.5547 0.9416 0.5855 0.9426 0.5874 0.9502
3 16 26.0196 2.8893 3.0663 25.5316 2.757 2.6067 23.9094 2.9467 4.0347 0.9182 0.3044 0.9118 0.3013 0.9213 0.2795
3 16 23.9094 2.9467 4.0347 25.5316 2.757 2.6067 23.6122 2.7745 3.4868 0.9213 0.2795 0.9118 0.3013 0.9133 0.2791
3 16 23.9094 2.9467 4.0347 24.2359 3.2813 4.5685 26.0196 2.8893 3.0663 0.9213 0.2795 0.9305 0.281 0.9182 0.3044
3 16 26.0196 2.8893 3.0663 24.2359 3.2813 4.5685 26.6092 3.1794 3.4675 0.9182 0.3044 0.9305 0.281 0.9246 0.3094
3 16 21.2166 2.8803 -6.5414 19.1703 2.918 -5.5651 21.3619 2.7575 -5.9267 0.7954 0.3037 0.7938 0.2791 0.802 0.3018
3 16 21.3619 2.7575 -5.9267 19.1703 2.918 -5.5651 19.43 2.8276 -5.061 0.802 0.3018 0.7938 0.2791 0.8009 0.2792
3 16 21.2551 3.2 -7.302 18.8441 3.1734 -6.1316 21.2166 2.8803 -6.5414 0.7881 0.3088 0.7848 0.2792 0.7954 0.3037
3 16 21.2166 2.8803 -6.5414 18.8441 3.1734 -6.1316 19.1703 2.918 -5.5651 0.7954 0.3037 0.7848 0.2792 0.7938 0.2791
3 16 23.6409 6.2996 6.2267 23.0996 6.3047 6.225 23.6465 8.0123 6.2285 0.1951 0.8277 0.2014 0.828 0.1951 0.8474
3 16 23.6465 8.0123 6.2285 23.0996 6.3047 6.225 23.1013 8.0177 6.2323 0.1951 0.8474 0.2014 0.828 0.2013 0.8474
3 16 23.6395 4.372 6.2273 23.6376 2.7688 6.239 23.0975 4.3663 6.225 0.1951 0.8056 0.1958 0.7871 0.2014 0.8057
3 16 23.0975 4.3663 6.225 23.6376 2.7688 6.239 23.0976 2.7724 6.2388 0.2014 0.8057 0.1958 0.7871 0.2014 0.7871
3 16 23.6409 6.2996 6.2267 23.6395 4.372 6.2273 23.0996 6.3047 6.225 0.1951 0.8277 0.1951 0.8056 0.2014 0.828
3 16 23.0996 6.3047 6.225 23.6395 4.372 6.2273 23.0975 4.3663 6.225 0.2014 0.828 0.1951 0.8056 0.2014 0.8057
3 16 17.6152 8.0196 -6.9504 17.3293 8.0122 -6.4785 17.8526 6.4437 -6.8314 0.7225 0.2836 0.7215 0.2773 0.7411 0.2813
3 16 17.8526 6.4437 -6.8314 17.3293 8.0122 -6.4785 17.3005 6.4082 -6.4223 0.7411 0.2813 0.7215 0.2773 0.7395 0.2732
3 16 17.2509 3.781 -6.3362 17.896 3.7339 -6.6449 17.3005 6.4082 -6.4223 0.7682 0.2643 0.7714 0.2723 0.7395 0.2732
3 16 17.3005 6.4082 -6.4223 17.896 3.7339 -6.6449 17.8526 6.4437 -6.8314 0.7395 0.2732 0.7714 0.2723 0.7411 0.2813
3 16 18.1196 2.8431 -6.1941 17.896 3.7339 -6.6449 17.2223 2.7693 -6.3073 0.7829 0.27 0.7714 0.2723 0.7787 0.2601
3 16 17.2223 2.7693 -6.3073 17.896 3.7339 -6.6449 17.2509 3.781 -6.3362 0.7787 0.2601 0.7714 0.2723 0.7682 0.2643
3 16 17.8526 6.4437 -6.8314 18.3095 7.5285 -7.1942 17.6152 8.0196 -6.9504 0.7411 0.2813 0.7305 0.2915 0.7225 0.2836
3 16 17.6152 8.0196 -6.9504 18.3095 7.5285 -7.1942 17.9051 8.0227 -7.4257 0.7225 0.2836 0.7305 0.2915 0.723 0.2898
3 16 17.896 3.7339 -6.6449 18.6095 4.3708 -6.5776 17.8526 6.4437 -6.8314 0.7714 0.2723 0.7678 0.2827 0.7411 0.2813
3 16 17.8526 6.4437 -6.8314 18.6095 4.3708 -6.5776 18.5299 6.4792 -6.7375 0.7411 0.2813 0.7678 0.2827 0.7437 0.2889
3 16 17.896 3.7339 -6.6449 18.672 3.6896 -6.4521 18.6095 4.3708 -6.5776 0.7714 0.2723 0.7764 0.2805 0.7678 0.2827
3 16 17.896 3.7339 -6.6449 18.1196 2.8431 -6.1941 18.672 3.6896 -6.4521 0.7714 0.2723 0.7829 0.27 0.7764 0.2805
3 16 19.1703 2.918 -5.5651 18.8441 3.1734 -6.1316 18.1196 2.8431 -6.1941 0.7938 0.2791 0.7848 0.2792 0.7829 0.27
3 16 18.1196 2.8431 -6.1941 18.8441 3.1734 -6.1316 18.672 3.6896 -6.4521 0.7829 0.27 0.7848 0.2792 0.7764 0.2805
3 16 17.6152 8.0196 -6.9504 17.9051 8.0227 -7.4257 17.5917 8.025 -8.9286 0.6713 0.7967 0.668 0.7911 0.672 0.7738
3 16 24.1963 6.4802 5.83 24.7794 7.5668 5.6029 24.5705 6.6617 5.1995 0.9738 0.286 0.9832 0.2974 0.972 0.2945
3 16 24.1494 4.3739 5.7447 24.1963 6.4802 5.83 24.4813 4.3741 5.0225 0.9507 0.2772 0.9738 0.286 0.9464 0.2855
3 16 24.4813 4.3741 5.0225 24.1963 6.4802 5.83 24.5705 6.6617 5.1995 0.9464 0.2855 0.9738 0.286 0.972 0.2945
3 16 23.8662 2.857 5.2541 24.1494 4.3739 5.7447 24.4154 3.7305 4.8873 0.9327 0.2708 0.9507 0.2772 0.9381 0.2827
3 16 24.4154 3.7305 4.8873 24.1494 4.3739 5.7447 24.4813 4.3741 5.0225 0.9381 0.2827 0.9507 0.2772 0.9464 0.2855
3 16 24.2359 3.2813 4.5685 23.8662 2.857 5.2541 24.4154 3.7305 4.8873 0.9305 0.281 0.9327 0.2708 0.9381 0.2827
3 16 23.9094 2.9467 4.0347 23.8662 2.857 5.2541 24.2359 3.2813 4.5685 0.9213 0.2795 0.9327 0.2708 0.9305 0.281
3 16 24.149 8.0207 6.1515 24.1963 6.4802 5.83 23.6465 8.0123 6.2285 0.9918 0.29 0.9738 0.286 0.9935 0.2843
3 16 23.6465 8.0123 6.2285 24.1963 6.4802 5.83 23.6409 6.2996 6.2267 0.9935 0.2843 0.9738 0.286 0.9748 0.2778
3 16 23.6395 4.372 6.2273 23.6409 6.2996 6.2267 24.1494 4.3739 5.7447 0.9542 0.2696 0.9748 0.2778 0.9507 0.2772
3 16 24.1494 4.3739 5.7447 23.6409 6.2996 6.2267 24.1963 6.4802 5.83 0.9507 0.2772 0.9748 0.2778 0.9738 0.286
3 16 23.8662 2.857 5.2541 23.6376 2.7688 6.239 24.1494 4.3739 5.7447 0.9327 0.2708 0.9393 0.2609 0.9507 0.2772
3 16 24.1494 4.3739 5.7447 23.6376 2.7688 6.239 23.6395 4.372 6.2273 0.9507 0.2772 0.9393 0.2609 0.9542 0.2696
3 16 23.6465 8.0123 6.2285 23.7701 8.0177 10.0177 24.149 8.0207 6.1515 0.5983 0.952 0.5969 0.9933 0.5925 0.951
3 16 17.2223 2.7693 -6.3073 16.9373 2.7724 -5.763 18.2561 2.775 -4.5053 0.8797 0.1193 0.8783 0.1252 0.8583 0.1181
3 16 18.2561 2.775 -4.5053 16.9373 2.7724 -5.763 17.9494 2.775 -4.0487 0.8583 0.1181 0.8783 0.1252 0.8552 0.1235
3 16 23.6376 2.7688 6.239 22.5375 2.7742 4.0261 23.0976 2.7724 6.2388 0.7218 0.1177 0.7483 0.1176 0.7224 0.1232
3 16 23.0976 2.7724 6.2388 22.5375 2.7742 4.0261 21.8941 2.7745 4.0262 0.7224 0.1232 0.7483 0.1176 0.7516 0.1242
3 16 23.6122 2.7745 3.4868 23.0746 2.7744 3.7566 23.9094 2.9467 4.0347 0.9133 0.2791 0.9129 0.2719 0.9213 0.2795
3 16 23.9094 2.9467 4.0347 23.0746 2.7744 3.7566 23.8662 2.857 5.2541 0.9213 0.2795 0.9129 0.2719 0.9327 0.2708
3 16 21.5212 2.801 -0.7869 19.43 2.8276 -5.061 20.9614 2.7848 -0.5148 0.857 0.2789 0.8009 0.2792 0.857 0.2717
3 16 20.9614 2.7848 -0.5148 19.43 2.8276 -5.061 18.8477 2.7953 -4.7861 0.857 0.2717 0.8009 0.2792 0.8012 0.2716
3 16 23.0746 2.7744 3.7566 22.5375 2.7742 4.0261 23.8662 2.857 5.2541 0.9129 0.2719 0.9127 0.2649 0.9327 0.2708
3 16 23.8662 2.857 5.2541 22.5375 2.7742 4.0261 23.6376 2.7688 6.239 0.9327 0.2708 0.9127 0.2649 0.9393 0.2609
3 16 3.26 -0.2897 -5.525 2.7969 -0.2897 -6.2981 3.0073 -2.909 -5.6306 0.009 0.8968 0.0089 0.8866 0.0394 0.8939
3 16 3.0073 -2.909 -5.6306 2.7969 -0.2897 -6.2981 2.703 -3.0614 -6.339 0.0394 0.8939 0.0089 0.8866 0.0406 0.8853
3 16 2.7969 -0.2897 -6.2981 2.1361 -0.2899 -7.8935 2.703 -3.0614 -6.339 0.0089 0.8866 0.0085 0.867 0.0406 0.8853
3 16 2.703 -3.0614 -6.339 2.1361 -0.2899 -7.8935 2.1335 -3.2725 -7.894 0.0406 0.8853 0.0085 0.867 0.0426 0.8662
3 16 2.703 -3.0614 -6.339 2.1335 -3.2725 -7.894 1.3286 -3.5054 -7.9179 0.7098 0.413 0.7278 0.4202 0.728 0.4295
3 16 4.9631 -2.5913 -8.4998 4.7209 -2.5007 -10.0093 4.8391 -0.2895 -8.4627 0.5624 0.8414 0.5634 0.8236 0.5888 0.8415
3 16 4.8391 -0.2895 -8.4627 4.7209 -2.5007 -10.0093 4.6398 -0.2922 -9.987 0.5888 0.8415 0.5634 0.8236 0.5887 0.8236
3 16 4.9631 -2.5913 -8.4998 4.8391 -0.2895 -8.4627 5.3511 -2.5741 -7.3346 0.5624 0.8414 0.5888 0.8415 0.5625 0.8555
3 16 5.3511 -2.5741 -7.3346 4.8391 -0.2895 -8.4627 5.1915 -0.2893 -7.2856 0.5625 0.8555 0.5888 0.8415 0.5888 0.8556
3 16 5.3511 -2.5741 -7.3346 5.1915 -0.2893 -7.2856 6.2101 -2.3466 -6.1959 0.5625 0.8555 0.5888 0.8556 0.5646 0.872
3 16 6.2101 -2.3466 -6.1959 5.1915 -0.2893 -7.2856 6.0708 -0.2894 -6.1523 0.5646 0.872 0.5888 0.8556 0.5883 0.8721
3 16 6.2101 -2.3466 -6.1959 6.0708 -0.2894 -6.1523 7.3701 -1.9603 -5.2598 0.5646 0.872 0.5883 0.8721 0.5683 0.8894
3 16 7.3701 -1.9603 -5.2598 6.0708 -0.2894 -6.1523 7.2693 -0.2895 -5.2275 0.5683 0.8894 0.5883 0.8721 0.5875 0.8895
3 16 8.4844 -1.5344 -4.7736 8.3956 -0.2896 -4.7453 10.0471 -0.866 -4.6359 0.5724 0.9036 0.5867 0.9036 0.5788 0.9225
3 16 10.0471 -0.866 -4.6359 8.3956 -0.2896 -4.7453 10.003 -0.2923 -4.6118 0.5788 0.9225 0.5867 0.9036 0.5853 0.9224
3 16 7.3701 -1.9603 -5.2598 7.2693 -0.2895 -5.2275 8.4844 -1.5344 -4.7736 0.5683 0.8894 0.5875 0.8895 0.5724 0.9036
3 16 8.4844 -1.5344 -4.7736 7.2693 -0.2895 -5.2275 8.3956 -0.2896 -4.7453 0.5724 0.9036 0.5875 0.8895 0.5867 0.9036
3 16 9.9737 -0.1945 -9.9667 8.4844 -1.5344 -4.7736 10.0471 -0.866 -4.6359 0.8276 0.3115 0.8493 0.372 0.8296 0.3734
3 16 9.9737 -0.1945 -9.9667 5.3511 -2.5741 -7.3346 6.2101 -2.3466 -6.1959 0.8276 0.3115 0.8873 0.3425 0.8771 0.3556
3 16 9.9737 -0.1945 -9.9667 4.7209 -2.5007 -10.0093 4.9631 -2.5913 -8.4998 0.8276 0.3115 0.8937 0.3113 0.8915 0.329
3 16 9.9737 -0.1945 -9.9667 6.2101 -2.3466 -6.1959 7.3701 -1.9603 -5.2598 0.8276 0.3115 0.8771 0.3556 0.8631 0.3664
3 16 9.9737 -0.1945 -9.9667 7.3701 -1.9603 -5.2598 8.4844 -1.5344 -4.7736 0.8276 0.3115 0.8631 0.3664 0.8493 0.372
3 16 9.9737 -0.1945 -9.9667 4.9631 -2.5913 -8.4998 5.3511 -2.5741 -7.3346 0.8276 0.3115 0.8915 0.329 0.8873 0.3425
3 16 14.0944 4.8155 -20.2862 13.869 5.8427 -21.9512 13.5438 8.0191 -19.7826 0.2618 0.0336 0.281 0.0452 0.2571 0.0713
3 16 13.5438 8.0191 -19.7826 13.869 5.8427 -21.9512 13.8666 8.0115 -21.9739 0.2571 0.0713 0.281 0.0452 0.2822 0.0702
3 16 10.4546 0.2062 -23.1299 14.0467 3.2467 -21.6597 12.8114 0.3624 -17.8972 0.0901 0.2078 0.103 0.153 0.1508 0.1823
3 16 12.8114 0.3624 -17.8972 14.0467 3.2467 -21.6597 15.6143 2.7348 -17.6832 0.1508 0.1823 0.103 0.153 0.1505 0.1403
3 16 19.5771 3.2062 -10.5461 17.8781 3.4692 -13.9885 17.9924 5.8389 -13.7525 0.8556 0.6455 0.8987 0.6495 0.8978 0.6742
3 16 17.8781 3.4692 -13.9885 15.0137 0.4623 -13.0042 15.6143 2.7348 -17.6832 0.1932 0.1139 0.2075 0.1586 0.1505 0.1403
3 16 15.6143 2.7348 -17.6832 15.0137 0.4623 -13.0042 12.8114 0.3624 -17.8972 0.1505 0.1403 0.2075 0.1586 0.1508 0.1823
3 16 10.0116 8.0127 -30.0182 13.869 5.8427 -21.9512 10.0165 3.1938 -30.0177 0.903 0.6375 0.8017 0.6127 0.9029 0.5818
3 16 10.0165 3.1938 -30.0177 13.869 5.8427 -21.9512 14.0467 3.2467 -21.6597 0.9029 0.5818 0.8017 0.6127 0.7982 0.5828
3 16 14.0467 3.2467 -21.6597 13.869 5.8427 -21.9512 14.0944 4.8155 -20.2862 0.2763 0.015 0.281 0.0452 0.2618 0.0336
3 16 16.9936 4.8987 -14.7235 16.0222 8.0191 -14.8257 17.9924 5.8389 -13.7525 0.1849 0.0311 0.1903 0.0686 0.1676 0.0404
3 16 17.9924 5.8389 -13.7525 16.0222 8.0191 -14.8257 17.9893 8.0116 -13.7518 0.1676 0.0404 0.1903 0.0686 0.1646 0.0653
3 16 19.5771 3.2062 -10.5461 17.9924 5.8389 -13.7525 19.8104 8.0176 -10.1556 0.8556 0.6455 0.8978 0.6742 0.8524 0.7005
3 16 19.8104 8.0176 -10.1556 17.9924 5.8389 -13.7525 17.9893 8.0116 -13.7518 0.8524 0.7005 0.8978 0.6742 0.8985 0.6991
3 16 17.8781 3.4692 -13.9885 19.5771 3.2062 -10.5461 15.0137 0.4623 -13.0042 0.1932 0.1139 0.2331 0.0964 0.2075 0.1586
3 16 15.0137 0.4623 -13.0042 19.5771 3.2062 -10.5461 16.9183 0.4588 -8.5174 0.2075 0.1586 0.2331 0.0964 0.2596 0.1383
3 16 16.9936 4.8987 -14.7235 17.9924 5.8389 -13.7525 17.8781 3.4692 -13.9885 0.1849 0.0311 0.1676 0.0404 0.1738 0.0153
3 16 9.9783 8.0176 -18.298 9.3779 8.0179 -18.0591 9.9997 8.0176 -16.2925 0.7649 0.6662 0.772 0.669 0.7626 0.6901
3 16 10.457 8.0174 -19.3487 10.4962 3.2617 -19.333 10.3845 8.0109 -18.7178 0.8534 0.9921 0.8537 0.9377 0.8608 0.9922
3 16 10.3845 8.0109 -18.7178 10.4962 3.2617 -19.333 10.4191 2.9205 -18.678 0.8608 0.9922 0.8537 0.9377 0.8614 0.9338
3 16 10.3845 8.0109 -18.7178 10.4191 2.9205 -18.678 9.9783 8.0176 -18.298 0.6929 0.5174 0.6346 0.518 0.6929 0.5106
3 16 9.9783 8.0176 -18.298 10.4191 2.9205 -18.678 10.0018 2.2649 -18.2913 0.6929 0.5106 0.6346 0.518 0.627 0.5114
3 16 10.1796 8.0175 -19.9955 7.4831 8.0128 -26.232 10.2142 3.2402 -19.9813 0.8453 0.9921 0.7672 0.9922 0.8456 0.9375
3 16 10.2142 3.2402 -19.9813 7.4831 8.0128 -26.232 7.4782 3.0283 -26.2326 0.8456 0.9375 0.7672 0.9922 0.7672 0.9351
3 16 9.3678 1.7145 -18.0566 9.3779 8.0179 -18.0591 10.0018 2.2649 -18.2913 0.6206 0.5036 0.6928 0.5031 0.627 0.5114
3 16 10.0018 2.2649 -18.2913 9.3779 8.0179 -18.0591 9.9783 8.0176 -18.298 0.627 0.5114 0.6928 0.5031 0.6929 0.5106
3 16 10.3845 8.0109 -18.7178 11.5596 8.0243 -18.2995 10.457 8.0174 -19.3487 0.76 0.6613 0.7462 0.666 0.7594 0.6538
3 16 10.457 8.0174 -19.3487 11.5596 8.0243 -18.2995 13.5438 8.0191 -19.7826 0.7594 0.6538 0.7462 0.666 0.7258 0.6482
3 16 10.457 8.0174 -19.3487 10.1796 8.0175 -19.9955 10.4962 3.2617 -19.333 0.8534 0.9921 0.8453 0.9921 0.8537 0.9377
3 16 10.4962 3.2617 -19.333 10.1796 8.0175 -19.9955 10.2142 3.2402 -19.9813 0.8537 0.9377 0.8453 0.9921 0.8456 0.9375
3 16 13.5438 8.0191 -19.7826 10.1796 8.0175 -19.9955 10.457 8.0174 -19.3487 0.7258 0.6482 0.7628 0.6462 0.7594 0.6538
3 16 10.002 8.0144 10.0144 10.002 8.0144 -9.9856 10.0009 -0.2937 -1.8841 0.5369 0.9926 0.3088 0.992 0.4024 0.8965
3 16 10.002 8.0144 -9.9856 10.003 -0.2923 -4.6118 10.0009 -0.2937 -1.8841 0.3088 0.992 0.3713 0.8964 0.4024 0.8965
3 16 10.002 0.0144 6.2356 -6.2356 0.0144 6.2356 10.002 0.0144 10.0144 0.7586 0.2083 0.9508 0.2069 0.7588 0.2502
3 16 10.002 0.0144 10.0144 -6.2356 0.0144 6.2356 -10.0144 0.0144 10.0144 0.7588 0.2502 0.9508 0.2069 0.9931 0.2486
3 16 -6.2356 8.0144 -11.9519 -10.0144 8.0144 -9.9856 2.031 8.0128 -11.9554 0.9535 0.7413 0.9947 0.7642 0.8568 0.7402
3 16 -10.0144 8.0144 -9.9856 -10.0144 8.0144 -30.0144 -10.0144 0.0144 -9.9856 0.711 0.1956 0.4825 0.1955 0.711 0.1033
3 16 -10.0144 0.0144 -9.9856 -10.0144 8.0144 -30.0144 -10.0131 -7.9911 -30.0152 0.711 0.1033 0.4825 0.1955 0.4825 0.0115
3 16 24.1963 6.4802 5.83 24.149 8.0207 6.1515 24.7794 7.5668 5.6029 0.9738 0.286 0.9918 0.29 0.9832 0.2974
3 16 24.7794 7.5668 5.6029 24.149 8.0207 6.1515 24.5888 8.0249 6.0834 0.9832 0.2974 0.9918 0.29 0.9905 0.2949
3 16 18.3095 7.5285 -7.1942 17.8526 6.4437 -6.8314 18.5299 6.4792 -6.7375 0.7305 0.2915 0.7411 0.2813 0.7437 0.2889
3 16 27.1372 7.57 4.5118 28.2854 3.1919 6.7835 26.9399 6.6603 4.1031 0.3408 0.0189 0.291 0.0476 0.3308 0.014
3 16 28.2854 3.1919 6.7835 26.6092 3.1794 3.4675 26.7838 3.6867 3.7905 0.291 0.0476 0.291 0.005 0.2965 0.0094
3 16 22.8669 0.2196 6.4575 25.5316 2.757 2.6067 26.0196 2.8893 3.0663 0.4335 0.0756 0.3872 0.0362 0.3926 0.0303
3 16 21.2166 2.8803 -6.5414 16.9183 0.4588 -8.5174 21.2551 3.2 -7.302 0.2803 0.0813 0.2596 0.1383 0.2711 0.0793
3 16 21.2551 3.2 -7.302 16.9183 0.4588 -8.5174 19.5771 3.2062 -10.5461 0.2711 0.0793 0.2596 0.1383 0.2331 0.0964
3 16 19.5771 3.2062 -10.5461 21.0153 4.3703 -7.7457 21.0782 3.71 -7.6197 0.8556 0.6455 0.8203 0.6598 0.8185 0.6522
3 16 20.7068 7.5305 -8.3628 19.5771 3.2062 -10.5461 20.208 8.0218 -9.3461 0.8293 0.6957 0.8556 0.6455 0.8414 0.7006
3 16 7.6546 0.2047 -30.0199 10.0165 3.1938 -30.0177 10.4546 0.2062 -23.1299 0.0101 0.237 0.0052 0.194 0.0901 0.2078
3 16 10.4546 0.2062 -23.1299 10.0165 3.1938 -30.0177 14.0467 3.2467 -21.6597 0.0901 0.2078 0.0052 0.194 0.103 0.153
3 16 3.9201 8.0173 -11.9469 10.002 8.0144 -9.9856 11.9519 8.0144 -11.9519 0.8313 0.7433 0.7604 0.764 0.7386 0.7406
3 16 10.002 8.0144 10.0144 11.9551 8.013 -2.1411 10.002 8.0144 -9.9856 0.7568 0.9936 0.7359 0.8544 0.7604 0.764
3 16 11.9551 8.013 -2.1411 11.948 8.0166 -4.0688 10.002 8.0144 -9.9856 0.7359 0.8544 0.7363 0.8323 0.7604 0.764
3 16 11.9519 8.0144 6.2356 11.9551 8.013 -2.1411 10.002 8.0144 10.0144 0.7346 0.9523 0.7359 0.8544 0.7568 0.9936
3 16 6.2924 -2.3967 -2.7978 7.6318 -2.0549 -0.032 7.8866 -1.8466 -2.1367 0.1272 0.6478 0.0954 0.6318 0.1198 0.6284
3 16 1.3286 -3.5054 -7.9179 1.5291 -3.5135 -6.2131 2.703 -3.0614 -6.339 0.728 0.4295 0.7086 0.4272 0.7098 0.413
3 16 2.703 -3.0614 -6.339 1.5291 -3.5135 -6.2131 3.0073 -2.909 -5.6306 0.7098 0.413 0.7086 0.4272 0.7052 0.4101
3 16 4.243 -0.29 -4.2436 3.26 -0.2897 -5.525 4.2382 -2.5457 -4.2381 0.0089 0.9152 0.009 0.8968 0.0346 0.9154
3 16 4.2382 -2.5457 -4.2381 3.26 -0.2897 -5.525 3.0073 -2.909 -5.6306 0.0346 0.9154 0.009 0.8968 0.0394 0.8939
3 16 4.243 -0.29 -4.2436 4.2382 -2.5457 -4.2381 5.2597 -0.2899 -3.4178 0.0089 0.9152 0.0346 0.9154 0.0087 0.9301
3 16 5.2597 -0.2899 -3.4178 4.2382 -2.5457 -4.2381 5.4482 -2.5281 -3.2597 0.0087 0.9301 0.0346 0.9154 0.0343 0.9333
3 16 -6.2356 0.0144 -9.9856 -6.2356 0.0144 6.2356 -6.2409 -4.7192 -6.3771 0.9924 0.771 0.9924 0.9574 0.938 0.8125
3 16 -6.2409 -4.7192 -6.3771 -6.2356 0.0144 6.2356 -6.2356 -4.7256 6.2356 0.938 0.8125 0.9924 0.9574 0.938 0.9574
3 16 -6.2335 -4.7212 -7.9205 -6.2368 -4.725 -9.9849 -6.2356 0.0144 -9.9856 0.938 0.7949 0.938 0.771 0.9924 0.771
3 16 7.0453 -2.7019 6.2328 10.002 0.0144 6.2356 9.9988 -1.7921 6.2377 0.3834 0.5091 0.4176 0.4782 0.4176 0.4989
3 16 13.4833 -4.1977 10.0169 18.7787 -2.2852 10.0165 10.002 0.0144 10.0144 0.1809 0.6126 0.1211 0.5923 0.2203 0.5665
3 16 -10.0144 0.0144 10.0144 -10.0138 -7.9938 10.0148 -2.7959 -7.5251 10.0176 0.4501 0.5665 0.4501 0.6588 0.3677 0.6522
3 16 23.7701 8.0177 10.0177 28.2817 2.2958 10.0103 28.2766 8.0144 10.0144 0.0608 0.4737 0.0106 0.5397 0.0106 0.4737
3 16 18.8477 2.7953 -4.7861 18.1196 2.8431 -6.1941 18.2561 2.775 -4.5053 0.8012 0.2716 0.7829 0.27 0.8013 0.2639
3 16 18.2561 2.775 -4.5053 18.1196 2.8431 -6.1941 17.2223 2.7693 -6.3073 0.8013 0.2639 0.7829 0.27 0.7787 0.2601
3 16 18.1196 2.8431 -6.1941 18.8477 2.7953 -4.7861 19.1703 2.918 -5.5651 0.7829 0.27 0.8012 0.2716 0.7938 0.2791
3 16 19.1703 2.918 -5.5651 18.8477 2.7953 -4.7861 19.43 2.8276 -5.061 0.7938 0.2791 0.8012 0.2716 0.8009 0.2792
3 16 11.9467 1.7797 -11.9537 11.9416 0.1235 -4.0693 13.1393 0.83 -4.5472 0.0846 0.0803 0.1432 0.0064 0.1506 0.022
3 16 11.9467 1.7797 -11.9537 14.4431 1.7809 -5.5468 15.4437 2.756 -6.8498 0.0846 0.0803 0.1557 0.0433 0.156 0.0653
3 16 11.9467 1.7797 -11.9537 6.8457 -0.6153 -15.446 5.5436 -1.4375 -14.4465 0.0846 0.0803 0.0104 0.0637 0.0057 0.043
3 16 11.9467 1.7797 -11.9537 5.5436 -1.4375 -14.4465 4.5436 -2.0101 -13.142 0.0846 0.0803 0.0057 0.043 0.0063 0.0229
3 16 -6.2356 8.0144 -11.9519 -6.2356 8.0144 -26.2356 -10.0144 8.0144 -9.9856 0.9535 0.7413 0.9551 0.5747 0.9947 0.7642
3 16 -10.0144 8.0144 -9.9856 -6.2356 8.0144 -26.2356 -10.0144 8.0144 -30.0144 0.9947 0.7642 0.9551 0.5747 0.9968 0.5338
3 16 7.4782 3.0283 -26.2326 6.2937 1.7378 -26.2303 10.2142 3.2402 -19.9813 0.5323 0.8757 0.5122 0.874 0.5618 0.8031
3 16 6.0307 -4.7223 2.0356 6.4329 -4.7223 -0.1423 4.2435 -4.7223 -4.2431 0.4654 0.7174 0.4608 0.6923 0.486 0.6451
3 16 4.2435 -4.7223 -4.2431 6.4329 -4.7223 -0.1423 5.4487 -4.7284 -3.2596 0.486 0.6451 0.4608 0.6923 0.4721 0.6564
3 16 2.9961 -4.7286 -5.6476 1.5343 -4.7223 -6.2126 4.4309 -4.7223 4.6126 0.5003 0.629 0.5171 0.6225 0.4838 0.747
3 16 4.4309 -4.7223 4.6126 1.5343 -4.7223 -6.2126 2.0155 -4.7284 6.2288 0.4838 0.747 0.5171 0.6225 0.5116 0.7656
3 16 4.2435 -4.7223 -4.2431 2.9961 -4.7286 -5.6476 6.0307 -4.7223 2.0356 0.486 0.6451 0.5003 0.629 0.4654 0.7174
3 16 6.0307 -4.7223 2.0356 2.9961 -4.7286 -5.6476 4.4309 -4.7223 4.6126 0.4654 0.7174 0.5003 0.629 0.4838 0.747
3 16 -2.0305 -4.7223 -6.372 -6.2409 -4.7192 -6.3771 -6.2356 -4.7256 6.2356 0.5581 0.6207 0.6065 0.6207 0.6065 0.7656
3 16 1.5343 -4.7223 -6.2126 -0.0509 -4.7222 -6.3715 2.0155 -4.7284 6.2288 0.5171 0.6225 0.5354 0.6207 0.5116 0.7656
3 16 2.0155 -4.7284 6.2288 -0.0509 -4.7222 -6.3715 -6.2356 -4.7256 6.2356 0.5116 0.7656 0.5354 0.6207 0.6065 0.7656
3 16 -0.0509 -4.7222 -6.3715 -2.0305 -4.7223 -6.372 -6.2356 -4.7256 6.2356 0.5354 0.6207 0.5581 0.6207 0.6065 0.7656
3 16 6.2937 1.7378 -26.2303 10.4191 2.9205 -18.678 10.4962 3.2617 -19.333 0.5122 0.874 0.5622 0.7874 0.5649 0.7956
3 16 6.2937 1.7378 -26.2303 10.4962 3.2617 -19.333 10.2142 3.2402 -19.9813 0.5122 0.874 0.5649 0.7956 0.5618 0.8031
3 16 6.2937 1.7378 -26.2303 9.3678 1.7145 -18.0566 10.0018 2.2649 -18.2913 0.5122 0.874 0.5443 0.7787 0.5538 0.7818
3 16 6.2937 1.7378 -26.2303 10.0018 2.2649 -18.2913 10.4191 2.9205 -18.678 0.5122 0.874 0.5538 0.7818 0.5622 0.7874
3 16 10.0116 8.0127 -30.0182 7.4831 8.0128 -26.232 13.8666 8.0115 -21.9739 0.768 0.5322 0.7951 0.5736 0.7233 0.6231
3 16 7.4831 8.0128 -26.232 10.1796 8.0175 -19.9955 13.8666 8.0115 -21.9739 0.7951 0.5736 0.7628 0.6462 0.7233 0.6231
3 16 13.8666 8.0115 -21.9739 10.1796 8.0175 -19.9955 13.5438 8.0191 -19.7826 0.7233 0.6231 0.7628 0.6462 0.7258 0.6482
3 16 14.8714 4.6438 -17.3413 15.6143 2.7348 -17.6832 14.0944 4.8155 -20.2862 0.2244 0.0318 0.2259 0.0056 0.2618 0.0336
3 16 14.0944 4.8155 -20.2862 15.6143 2.7348 -17.6832 14.0467 3.2467 -21.6597 0.2618 0.0336 0.2259 0.0056 0.2763 0.015
3 16 14.0944 4.8155 -20.2862 13.5438 8.0191 -19.7826 14.8714 4.6438 -17.3413 0.2618 0.0336 0.2571 0.0713 0.2244 0.0318
3 16 14.8714 4.6438 -17.3413 13.5438 8.0191 -19.7826 14.2382 8.0194 -17.0318 0.2244 0.0318 0.2571 0.0713 0.2237 0.0713
3 16 16.9936 4.8987 -14.7235 14.8714 4.6438 -17.3413 16.0222 8.0191 -14.8257 0.1849 0.0311 0.2244 0.0318 0.1903 0.0686
3 16 16.0222 8.0191 -14.8257 14.8714 4.6438 -17.3413 14.2382 8.0194 -17.0318 0.1903 0.0686 0.2244 0.0318 0.2237 0.0713
3 16 14.8714 4.6438 -17.3413 16.9936 4.8987 -14.7235 15.6143 2.7348 -17.6832 0.2244 0.0318 0.1849 0.0311 0.2259 0.0056
3 16 15.6143 2.7348 -17.6832 16.9936 4.8987 -14.7235 17.8781 3.4692 -13.9885 0.2259 0.0056 0.1849 0.0311 0.1738 0.0153
3 16 8.7691 -5.518 10.0172 3.5334 -6.7183 10.0174 8.0704 -5.5077 6.4767 0.4752 0.2503 0.4749 0.3118 0.4348 0.2579
3 16 8.0704 -5.5077 6.4767 3.5334 -6.7183 10.0174 3.0463 -6.7111 6.4881 0.4348 0.2579 0.4749 0.3118 0.4347 0.3171
3 16 6.5326 -5.4704 -1.0115 2.0067 -6.674 -1.0054 4.9949 -5.4331 -8.4998 0.3487 0.2746 0.3486 0.3283 0.2625 0.2914
3 16 4.9949 -5.4331 -8.4998 2.0067 -6.674 -1.0054 0.9673 -6.637 -8.4988 0.2625 0.2914 0.3486 0.3283 0.2625 0.3396
3 16 0.3542 -6.6102 -12.9165 4.0876 -5.4059 -12.9185 0.9673 -6.637 -8.4988 0.2118 0.3463 0.2117 0.3013 0.2625 0.3396
3 16 0.9673 -6.637 -8.4988 4.0876 -5.4059 -12.9185 4.9949 -5.4331 -8.4998 0.2625 0.3396 0.2117 0.3013 0.2625 0.2914
3 16 -0.3382 -6.5749 -17.8998 3.0633 -5.3708 -17.9056 0.3542 -6.6102 -12.9165 0.1546 0.3539 0.1543 0.3126 0.2118 0.3463
3 16 0.3542 -6.6102 -12.9165 3.0633 -5.3708 -17.9056 4.0876 -5.4059 -12.9185 0.2118 0.3463 0.1543 0.3126 0.2117 0.3013
3 16 3.0633 -5.3708 -17.9056 -0.3382 -6.5749 -17.8998 2.0395 -5.3359 -22.8953 0.1543 0.3126 0.1546 0.3539 0.097 0.3239
3 16 2.0395 -5.3359 -22.8953 -0.3382 -6.5749 -17.8998 -1.0302 -6.5369 -22.8851 0.097 0.3239 0.1546 0.3539 0.0973 0.3616
3 16 2.0395 -5.3359 -22.8953 -1.0302 -6.5369 -22.8851 0.6106 -5.2731 -30.0184 0.097 0.3239 0.0973 0.3616 0.0153 0.3395
3 16 0.6106 -5.2731 -30.0184 -1.0302 -6.5369 -22.8851 -2.0173 -6.475 -30.0181 0.0153 0.3395 0.0973 0.3616 0.0156 0.3726
3 16 4.7662 -4.0314 -22.8945 2.0395 -5.3359 -22.8953 2.9041 -3.9811 -30.0188 0.0964 0.2891 0.097 0.3239 0.0146 0.3094
3 16 2.9041 -3.9811 -30.0188 2.0395 -5.3359 -22.8953 0.6106 -5.2731 -30.0184 0.0146 0.3094 0.097 0.3239 0.0153 0.3395
3 16 6.0798 -4.0651 -17.9241 3.0633 -5.3708 -17.9056 4.7662 -4.0314 -22.8945 0.1537 0.2748 0.1543 0.3126 0.0964 0.2891
3 16 4.7662 -4.0314 -22.8945 3.0633 -5.3708 -17.9056 2.0395 -5.3359 -22.8953 0.0964 0.2891 0.1543 0.3126 0.097 0.3239
3 16 3.0633 -5.3708 -17.9056 6.0798 -4.0651 -17.9241 4.0876 -5.4059 -12.9185 0.1543 0.3126 0.1537 0.2748 0.2117 0.3013
3 16 4.0876 -5.4059 -12.9185 6.0798 -4.0651 -17.9241 7.4067 -4.1046 -12.9136 0.2117 0.3013 0.1537 0.2748 0.2115 0.2604
3 16 4.0876 -5.4059 -12.9185 7.4067 -4.1046 -12.9136 4.9949 -5.4331 -8.4998 0.2117 0.3013 0.2115 0.2604 0.2625 0.2914
3 16 4.9949 -5.4331 -8.4998 7.4067 -4.1046 -12.9136 8.581 -4.1307 -8.4997 0.2625 0.2914 0.2115 0.2604 0.2623 0.2476
3 16 10.5688 -4.1663 -1.0274 6.5326 -5.4704 -1.0115 8.581 -4.1307 -8.4997 0.3485 0.2259 0.3487 0.2746 0.2623 0.2476
3 16 8.581 -4.1307 -8.4997 6.5326 -5.4704 -1.0115 4.9949 -5.4331 -8.4998 0.2623 0.2476 0.3487 0.2746 0.2625 0.2914
3 16 13.4833 -4.1977 10.0169 8.7691 -5.518 10.0172 12.5566 -4.2018 6.445 0.4753 0.1941 0.4752 0.2503 0.4345 0.2043
3 16 12.5566 -4.2018 6.445 8.7691 -5.518 10.0172 8.0704 -5.5077 6.4767 0.4345 0.2043 0.4752 0.2503 0.4348 0.2579
3 16 -10.0144 0.0144 10.0144 -2.7959 -7.5251 10.0176 3.5334 -6.7183 10.0174 0.4501 0.5665 0.3677 0.6522 0.2961 0.641
3 16 8.7691 -5.518 10.0172 13.4833 -4.1977 10.0169 10.002 0.0144 10.0144 0.2353 0.6287 0.1809 0.6126 0.2203 0.5665
3 16 -5.4064 -7.3557 -30.0178 -10.0131 -7.9911 -30.0152 -10.0144 8.0144 -30.0144 0.9422 0.3439 0.9936 0.3369 0.9928 0.5214
3 16 -2.0173 -6.475 -30.0181 -10.0144 8.0144 -30.0144 0.6106 -5.2731 -30.0184 0.9039 0.3547 0.9928 0.5214 0.8731 0.3676
3 16 -2.0173 -6.475 -30.0181 -5.4064 -7.3557 -30.0178 -10.0144 8.0144 -30.0144 0.9039 0.3547 0.9422 0.3439 0.9928 0.5214
3 16 -10.0144 8.0144 -30.0144 5.434 -2.0627 -30.0193 2.9041 -3.9811 -30.0188 0.9928 0.5214 0.8189 0.4034 0.8471 0.3832
3 16 -10.0144 8.0144 -30.0144 2.9041 -3.9811 -30.0188 0.6106 -5.2731 -30.0184 0.9928 0.5214 0.8471 0.3832 0.8731 0.3676
3 16 -10.0144 8.0144 -30.0144 10.0165 3.1938 -30.0177 7.6546 0.2047 -30.0199 0.9928 0.5214 0.7659 0.4649 0.7963 0.4272
3 16 -10.0144 8.0144 -30.0144 7.6546 0.2047 -30.0199 5.434 -2.0627 -30.0193 0.9928 0.5214 0.7963 0.4272 0.8189 0.4034
3 16 -10.0144 8.0144 -30.0144 10.0116 8.0127 -30.0182 10.0165 3.1938 -30.0177 0.9928 0.5214 0.7656 0.5204 0.7659 0.4649
3 16 -10.017 -7.9971 6.4836 -10.0138 -7.9938 10.0148 -10.0144 0.0144 10.0144 0.9012 0.0115 0.9395 0.0115 0.9395 0.1033
3 16 -10.0169 -7.9962 -8.4981 -10.017 -7.9966 -1.0073 -10.0144 0.0144 10.0144 0.7283 0.0115 0.8148 0.0115 0.9395 0.1033
3 16 -10.0144 0.0144 10.0144 -10.0144 0.0144 -9.9856 -10.0169 -7.9962 -8.4981 0.9395 0.1033 0.711 0.1033 0.7283 0.0115
3 16 -10.0169 -7.9962 -8.4981 -10.0144 0.0144 -9.9856 -10.0168 -7.9959 -12.9162 0.7283 0.0115 0.711 0.1033 0.6774 0.0115
3 16 10.0116 8.0127 -30.0182 13.8666 8.0115 -21.9739 13.869 5.8427 -21.9512 0.903 0.6375 0.802 0.6375 0.8017 0.6127
3 16 -6.2356 0.0144 -9.9856 -2.033 -4.1858 -9.9823 -0.0959 -3.8554 -9.9823 0.1118 0.8985 0.1605 0.8502 0.1828 0.8541
3 16 -6.2356 0.0144 -9.9856 -6.2368 -4.725 -9.9849 -2.033 -4.1858 -9.9823 0.1118 0.8985 0.1119 0.844 0.1605 0.8502
3 16 1.8929 -3.2361 -9.9854 -10.0144 8.0144 -9.9856 1.0792 -3.5128 -9.9821 0.2059 0.8613 0.0708 0.9906 0.1964 0.8581
3 16 -10.0144 8.0144 -9.9856 -6.2356 0.0144 -9.9856 1.0792 -3.5128 -9.9821 0.0708 0.9906 0.1118 0.8985 0.1964 0.8581
3 16 1.0792 -3.5128 -9.9821 -6.2356 0.0144 -9.9856 -0.0959 -3.8554 -9.9823 0.1964 0.8581 0.1118 0.8985 0.1828 0.8541
3 16 1.8929 -3.2361 -9.9854 1.8955 -0.2937 -9.9845 -10.0144 8.0144 -9.9856 0.2059 0.8613 0.2058 0.8952 0.0708 0.9906
3 16 15.0654 0.8734 0.7938 11.9513 -0.6802 2.051 16.0806 0.7199 4.5475 0.2503 0.6888 0.2931 0.6882 0.2564 0.7331
3 16 16.0806 0.7199 4.5475 11.9513 -0.6802 2.051 11.9483 -1.1877 6.2342 0.2564 0.7331 0.2931 0.6882 0.3124 0.7328
3 16 15.0654 0.8734 0.7938 16.0806 0.7199 4.5475 18.6473 2.7733 0.7176 0.2503 0.6888 0.2564 0.7331 0.2064 0.704
3 16 18.6473 2.7733 0.7176 16.0806 0.7199 4.5475 20.1093 2.7736 4.1899 0.2064 0.704 0.2564 0.7331 0.2064 0.7472
3 16 18.6473 2.7733 0.7176 20.1093 2.7736 4.1899 19.9218 2.7748 -0.0113 0.8024 0.1406 0.759 0.1434 0.8034 0.1238
3 16 19.9218 2.7748 -0.0113 20.1093 2.7736 4.1899 21.8941 2.7745 4.0262 0.8034 0.1238 0.759 0.1434 0.7516 0.1242
3 16 22.5375 2.7742 4.0261 20.3969 2.7746 -0.2396 21.8941 2.7745 4.0262 0.7483 0.1176 0.8033 0.1179 0.7516 0.1242
3 16 21.8941 2.7745 4.0262 20.3969 2.7746 -0.2396 19.9218 2.7748 -0.0113 0.7516 0.1242 0.8033 0.1179 0.8034 0.1238
3 16 23.0746 2.7744 3.7566 20.9614 2.7848 -0.5148 22.5375 2.7742 4.0261 0.9129 0.2719 0.857 0.2717 0.9127 0.2649
3 16 22.5375 2.7742 4.0261 20.9614 2.7848 -0.5148 20.3969 2.7746 -0.2396 0.9127 0.2649 0.857 0.2717 0.8577 0.2645
3 16 23.0746 2.7744 3.7566 23.6122 2.7745 3.4868 20.9614 2.7848 -0.5148 0.9129 0.2719 0.9133 0.2791 0.857 0.2717
3 16 20.9614 2.7848 -0.5148 23.6122 2.7745 3.4868 21.5212 2.801 -0.7869 0.857 0.2717 0.9133 0.2791 0.857 0.2789
3 16 21.5212 2.801 -0.7869 23.6122 2.7745 3.4868 23.4465 2.7573 -1.6606 0.857 0.2789 0.9133 0.2791 0.857 0.3016
3 16 23.4465 2.7573 -1.6606 23.6122 2.7745 3.4868 25.5316 2.757 2.6067 0.857 0.3016 0.9133 0.2791 0.9118 0.3013
3 16 22.8669 0.2196 6.4575 19.8923 0.339 -1.0299 25.5316 2.757 2.6067 0.4335 0.0756 0.3466 0.107 0.3872 0.0362
3 16 25.5316 2.757 2.6067 19.8923 0.339 -1.0299 23.4465 2.7573 -1.6606 0.3872 0.0362 0.3466 0.107 0.3374 0.0583
3 16 15.2207 -2.2017 -1.0674 19.8923 0.339 -1.0299 17.6782 -2.2823 6.4103 0.3475 0.168 0.3466 0.107 0.4339 0.1416
3 16 17.6782 -2.2823 6.4103 19.8923 0.339 -1.0299 22.8669 0.2196 6.4575 0.4339 0.1416 0.3466 0.107 0.4335 0.0756
3 16 10.5688 -4.1663 -1.0274 15.2207 -2.2017 -1.0674 12.5566 -4.2018 6.445 0.3485 0.2259 0.3475 0.168 0.4345 0.2043
3 16 12.5566 -4.2018 6.445 15.2207 -2.2017 -1.0674 17.6782 -2.2823 6.4103 0.4345 0.2043 0.3475 0.168 0.4339 0.1416
3 16 12.5566 -4.2018 6.445 8.0704 -5.5077 6.4767 10.5688 -4.1663 -1.0274 0.4345 0.2043 0.4348 0.2579 0.3485 0.2259
3 16 10.5688 -4.1663 -1.0274 8.0704 -5.5077 6.4767 6.5326 -5.4704 -1.0115 0.3485 0.2259 0.4348 0.2579 0.3487 0.2746
3 16 2.0067 -6.674 -1.0054 6.5326 -5.4704 -1.0115 3.0463 -6.7111 6.4881 0.3486 0.3283 0.3487 0.2746 0.4347 0.3171
3 16 3.0463 -6.7111 6.4881 6.5326 -5.4704 -1.0115 8.0704 -5.5077 6.4767 0.4347 0.3171 0.3487 0.2746 0.4348 0.2579
3 16 3.0463 -6.7111 6.4881 -3.0238 -7.5229 6.4829 2.0067 -6.674 -1.0054 0.4347 0.3171 0.4342 0.3873 0.3486 0.3283
3 16 2.0067 -6.674 -1.0054 -3.0238 -7.5229 6.4829 -3.5113 -7.4983 -1.0077 0.3486 0.3283 0.4342 0.3873 0.3483 0.3923
3 16 -10.017 -7.9966 -1.0073 -3.5113 -7.4983 -1.0077 -10.017 -7.9971 6.4836 0.3479 0.467 0.3483 0.3923 0.4337 0.4675
3 16 -10.017 -7.9971 6.4836 -3.5113 -7.4983 -1.0077 -3.0238 -7.5229 6.4829 0.4337 0.4675 0.3483 0.3923 0.4342 0.3873
3 16 -10.0144 0.0144 10.0144 -10.017 -7.9966 -1.0073 -10.017 -7.9971 6.4836 0.9395 0.1033 0.8148 0.0115 0.9012 0.0115
3 16 11.9581 3.5633 -2.1391 11.9513 -0.6802 2.051 11.9514 -0.1845 -2.1374 0.5508 0.5152 0.5019 0.5634 0.5077 0.5152
0 STEP
