0 Untitled Model
0 Name: Untitled Model
0 Author: 
0 BFC CERTIFY CCW
3 16 -7.2965 3.9984 1.9251 -3.6155 3.9984 1.4294 -3.8094 3.9984 0.6796
3 16 -3.829 3.9984 -0.5305 -7.6014 3.9984 -1.0257 -3.8094 3.9984 0.6796
3 16 -3.8094 3.9984 0.6796 -7.6014 3.9984 -1.0257 -7.2965 3.9984 1.9251
3 16 -7.6014 3.9984 -1.0257 -3.829 3.9984 -0.5305 -6.25 3.9984 -4.4144
3 16 -6.25 3.9984 -4.4144 -3.829 3.9984 -0.5305 -3.0872 3.9984 -2.2263
3 16 -7.6014 3.9984 -1.0257 -6.25 3.9984 -4.4144 -7.6014 -4.008 -1.0257
3 16 -7.6014 -4.008 -1.0257 -6.25 3.9984 -4.4144 -6.2453 -4.008 -4.4228
3 16 -7.2965 3.9984 1.9251 -7.6014 3.9984 -1.0257 -7.2965 -4.008 1.9251
3 16 -7.2965 -4.008 1.9251 -7.6014 3.9984 -1.0257 -7.6014 -4.008 -1.0257
3 16 -3.6155 3.9984 1.4294 -3.7772 3.9984 4.25 -3.6155 -4.008 1.4294
3 16 -3.6155 -4.008 1.4294 -3.7772 3.9984 4.25 -3.7772 -4.008 4.25
3 16 -3.8094 3.9984 0.6796 -3.6155 3.9984 1.4294 -3.8094 -4.008 0.6796
3 16 -3.8094 -4.008 0.6796 -3.6155 3.9984 1.4294 -3.6155 -4.008 1.4294
3 16 -3.829 3.9984 -0.5305 -3.8094 3.9984 0.6796 -3.829 -4.008 -0.5305
3 16 -3.829 -4.008 -0.5305 -3.8094 3.9984 0.6796 -3.8094 -4.008 0.6796
3 16 -3.0872 3.9984 -2.2263 -3.829 3.9984 -0.5305 -3.0872 -4.008 -2.2263
3 16 -3.0872 -4.008 -2.2263 -3.829 3.9984 -0.5305 -3.829 -4.008 -0.5305
3 16 -1.4883 3.9984 -3.5604 -3.0872 3.9984 -2.2263 -1.4883 -4.008 -3.5604
3 16 -1.4883 -4.008 -3.5604 -3.0872 3.9984 -2.2263 -3.0872 -4.008 -2.2263
3 16 0 3.9984 -3.8897 -1.4883 3.9984 -3.5604 0 -4.008 -3.9639
3 16 0 -4.008 -3.9639 -1.4883 3.9984 -3.5604 -1.4883 -4.008 -3.5604
3 16 -3.7772 3.9984 4.25 -3.6155 3.9984 1.4294 -6.3555 3.9984 4.25
3 16 -6.3555 3.9984 4.25 -3.6155 3.9984 1.4294 -7.2965 3.9984 1.9251
3 16 -6.3555 3.9984 4.25 -7.2965 3.9984 1.9251 -6.3555 -4.008 4.25
3 16 -6.3555 -4.008 4.25 -7.2965 3.9984 1.9251 -7.2965 -4.008 1.9251
3 16 -7.2965 -4.008 1.9251 -3.8094 -4.008 0.6796 -3.6155 -4.008 1.4294
3 16 -3.829 -4.008 -0.5305 -3.8094 -4.008 0.6796 -7.6014 -4.008 -1.0257
3 16 -7.6014 -4.008 -1.0257 -3.8094 -4.008 0.6796 -7.2965 -4.008 1.9251
3 16 -3.0872 -4.008 -2.2263 -3.829 -4.008 -0.5305 -6.2453 -4.008 -4.4228
3 16 -6.2453 -4.008 -4.4228 -3.829 -4.008 -0.5305 -7.6014 -4.008 -1.0257
3 16 -3.0872 -4.008 -2.2263 -6.2453 -4.008 -4.4228 -1.4883 -4.008 -3.5604
3 16 -1.4883 -4.008 -3.5604 -6.2453 -4.008 -4.4228 -4.4198 -4.008 -7.1765
3 16 0 -4.008 -8.6061 0 -4.008 -3.9639 -4.0298 -4.008 -8.6061
3 16 -4.0298 -4.008 -8.6061 0 -4.008 -3.9639 -4.4198 -4.008 -7.1765
3 16 0 -4.008 -3.9639 -1.4883 -4.008 -3.5604 -4.4198 -4.008 -7.1765
3 16 -7.2965 -4.008 1.9251 -3.6155 -4.008 1.4294 -6.3555 -4.008 4.25
3 16 -6.3555 -4.008 4.25 -3.6155 -4.008 1.4294 -3.7772 -4.008 4.25
3 16 -6.3555 -4.008 4.25 -3.7772 -4.008 4.25 -6.3555 3.9984 4.25
3 16 -6.3555 3.9984 4.25 -3.7772 -4.008 4.25 -3.7772 3.9984 4.25
3 16 -21.403 11.593 -10 -20.085 11.9984 -10 -21.403 11.593 -13.5
3 16 -21.403 11.593 -13.5 -20.085 11.9984 -10 -20.0346 11.9984 -13.5
3 16 -22.2938 10.6624 -10 -21.403 11.593 -10 -22.2911 10.6671 -13.5
3 16 -22.2911 10.6671 -13.5 -21.403 11.593 -10 -21.403 11.593 -13.5
3 16 -22.5639 9.5339 -10 -22.2938 10.6624 -10 -22.5634 9.5278 -13.5
3 16 -22.5634 9.5278 -13.5 -22.2938 10.6624 -10 -22.2911 10.6671 -13.5
3 16 -22.2432 8.197 -10 -22.5639 9.5339 -10 -22.2446 8.1994 -13.5
3 16 -22.2446 8.1994 -13.5 -22.5639 9.5339 -10 -22.5634 9.5278 -13.5
3 16 -1.2385 -27.4547 -10 -1.1634 -27.4547 -13.5 0 -27.7734 -10
3 16 0 -27.7734 -10 -1.1634 -27.4547 -13.5 0 -27.7734 -13.5
3 16 -2.2021 -26.5425 -10 -2.2021 -26.5425 -13.5 -1.2385 -27.4547 -10
3 16 -1.2385 -27.4547 -10 -2.2021 -26.5425 -13.5 -1.1634 -27.4547 -13.5
3 16 -22.2911 10.6671 -13.5 -21.403 11.593 -13.5 0 -4.0998 -13.5
3 16 -22.5634 9.5278 -13.5 -22.2911 10.6671 -13.5 0 -4.0998 -13.5
3 16 0 -27.7734 -13.5 -1.1634 -27.4547 -13.5 0 -4.0998 -13.5
3 16 -5.3752 5.3686 -9.9896 -20.085 11.9984 -10 -21.403 11.593 -10
3 16 -5.3752 5.3686 -9.9896 -22.5639 9.5339 -10 -22.2432 8.197 -10
3 16 -1.4879 4.4639 -9.5713 -1.4879 5.3686 -9.9896 -4.3102 4.4222 -9.5713
3 16 -4.3102 4.4222 -9.5713 -1.4879 5.3686 -9.9896 -5.3752 5.3686 -9.9896
3 16 -1.4879 3.9984 -8.6061 -1.4879 4.4639 -9.5713 -3.9847 3.9984 -8.6061
3 16 -3.9847 3.9984 -8.6061 -1.4879 4.4639 -9.5713 -4.3102 4.4222 -9.5713
3 16 -4.4198 -4.008 -7.1765 -6.2453 -4.008 -4.4228 -4.407 3.9984 -6.9893
3 16 -4.407 3.9984 -6.9893 -6.2453 -4.008 -4.4228 -6.25 3.9984 -4.4144
3 16 1.4879 3.9984 -6.75 -1.4879 3.9984 -6.75 0 3.9984 -3.8897
3 16 0 3.9984 -3.8897 -1.4879 3.9984 -6.75 -1.4883 3.9984 -3.5604
3 16 -4.407 3.9984 -6.9893 -3.9847 3.9984 -8.6061 -4.4198 -4.008 -7.1765
3 16 -4.4198 -4.008 -7.1765 -3.9847 3.9984 -8.6061 -4.0298 -4.008 -8.6061
3 16 -4.0298 -4.008 -8.6061 -3.9847 3.9984 -8.6061 -4.4206 -4.3722 -9.5713
3 16 -4.4206 -4.3722 -9.5713 -3.9847 3.9984 -8.6061 -4.3102 4.4222 -9.5713
3 16 -4.3102 4.4222 -9.5713 -5.3752 5.3686 -9.9896 -4.4206 -4.3722 -9.5713
3 16 -4.4206 -4.3722 -9.5713 -5.3752 5.3686 -9.9896 -5.3589 -5.3727 -9.9896
3 16 -1.4879 5.3686 -9.9896 -1.4879 -1.25 -9.9896 1.4879 5.3686 -9.9896
3 16 1.4879 5.3686 -9.9896 -1.4879 -1.25 -9.9896 1.4879 -1.25 -9.9896
3 16 -1.4879 -1.25 -6.75 -1.4879 -1.25 -9.9896 -1.4879 3.9984 -8.6061
3 16 -1.4879 3.9984 -8.6061 -1.4879 -1.25 -9.9896 -1.4879 4.4639 -9.5713
3 16 -1.4879 -1.25 -9.9896 -1.4879 5.3686 -9.9896 -1.4879 4.4639 -9.5713
3 16 -1.4879 -1.25 -6.75 -1.4879 3.9984 -6.75 1.4879 -1.25 -6.75
3 16 1.4879 -1.25 -6.75 -1.4879 3.9984 -6.75 1.4879 3.9984 -6.75
3 16 -1.4879 -1.25 -9.9896 -1.4879 -1.25 -6.75 1.4879 -1.25 -9.9896
3 16 1.4879 -1.25 -9.9896 -1.4879 -1.25 -6.75 1.4879 -1.25 -6.75
3 16 0 12 -9.9896 -1.4879 5.3686 -9.9896 1.4879 5.3686 -9.9896
3 16 -5.3589 -5.3727 -9.9896 0 -5.3773 -9.9896 -4.4206 -4.3722 -9.5713
3 16 -4.4206 -4.3722 -9.5713 0 -5.3773 -9.9896 0 -4.3722 -9.5713
3 16 -4.4206 -4.3722 -9.5713 0 -4.3722 -9.5713 -4.0298 -4.008 -8.6061
3 16 -4.0298 -4.008 -8.6061 0 -4.3722 -9.5713 0 -4.008 -8.6061
3 16 -2.2021 -26.5425 -10 -22.2432 8.197 -10 -2.2021 -26.5425 -13.5
3 16 -2.2021 -26.5425 -13.5 -22.2432 8.197 -10 -22.2446 8.1994 -13.5
3 16 -2.2021 -26.5425 -13.5 -22.2446 8.1994 -13.5 0 -4.0998 -13.5
3 16 -5.3589 -5.3727 -9.9896 -22.2432 8.197 -10 -2.2021 -26.5425 -10
3 16 -5.3589 -5.3727 -9.9896 -2.2021 -26.5425 -10 0 -5.3773 -9.9896
3 16 0 -5.3773 -9.9896 -2.2021 -26.5425 -10 -1.2385 -27.4547 -10
3 16 0 -5.3773 -9.9896 -1.2385 -27.4547 -10 0 -27.7734 -10
3 16 -5.3752 5.3686 -9.9896 -21.403 11.593 -10 -22.2938 10.6624 -10
3 16 -5.3752 5.3686 -9.9896 -22.2938 10.6624 -10 -22.5639 9.5339 -10
3 16 -21.403 11.593 -13.5 -20.0346 11.9984 -13.5 0 -4.0998 -13.5
3 16 -22.2446 8.1994 -13.5 -22.5634 9.5278 -13.5 0 -4.0998 -13.5
3 16 -1.1634 -27.4547 -13.5 -2.2021 -26.5425 -13.5 0 -4.0998 -13.5
3 16 -5.3589 -5.3727 -9.9896 -5.3752 5.3686 -9.9896 -22.2432 8.197 -10
3 16 -1.4879 3.9984 -6.75 -4.407 3.9984 -6.9893 -1.4883 3.9984 -3.5604
3 16 -1.4883 3.9984 -3.5604 -4.407 3.9984 -6.9893 -6.25 3.9984 -4.4144
3 16 -1.4883 3.9984 -3.5604 -6.25 3.9984 -4.4144 -3.0872 3.9984 -2.2263
3 16 7.2965 3.9984 1.9251 3.8094 3.9984 0.6796 3.6155 3.9984 1.4294
3 16 3.829 3.9984 -0.5305 3.8094 3.9984 0.6796 7.6014 3.9984 -1.0257
3 16 7.6014 3.9984 -1.0257 3.8094 3.9984 0.6796 7.2965 3.9984 1.9251
3 16 3.0872 3.9984 -2.2263 3.829 3.9984 -0.5305 6.25 3.9984 -4.4144
3 16 6.25 3.9984 -4.4144 3.829 3.9984 -0.5305 7.6014 3.9984 -1.0257
3 16 7.6014 3.9984 -1.0257 7.6014 -4.008 -1.0257 6.25 3.9984 -4.4144
3 16 6.25 3.9984 -4.4144 7.6014 -4.008 -1.0257 6.2453 -4.008 -4.4228
3 16 7.2965 3.9984 1.9251 7.2965 -4.008 1.9251 7.6014 3.9984 -1.0257
3 16 7.6014 3.9984 -1.0257 7.2965 -4.008 1.9251 7.6014 -4.008 -1.0257
3 16 3.6155 3.9984 1.4294 3.6155 -4.008 1.4294 3.7772 3.9984 4.25
3 16 3.7772 3.9984 4.25 3.6155 -4.008 1.4294 3.7772 -4.008 4.25
3 16 3.8094 3.9984 0.6796 3.8094 -4.008 0.6796 3.6155 3.9984 1.4294
3 16 3.6155 3.9984 1.4294 3.8094 -4.008 0.6796 3.6155 -4.008 1.4294
3 16 3.829 3.9984 -0.5305 3.829 -4.008 -0.5305 3.8094 3.9984 0.6796
3 16 3.8094 3.9984 0.6796 3.829 -4.008 -0.5305 3.8094 -4.008 0.6796
3 16 3.0872 3.9984 -2.2263 3.0872 -4.008 -2.2263 3.829 3.9984 -0.5305
3 16 3.829 3.9984 -0.5305 3.0872 -4.008 -2.2263 3.829 -4.008 -0.5305
3 16 1.4883 3.9984 -3.5604 1.4883 -4.008 -3.5604 3.0872 3.9984 -2.2263
3 16 3.0872 3.9984 -2.2263 1.4883 -4.008 -3.5604 3.0872 -4.008 -2.2263
3 16 0 3.9984 -3.8897 0 -4.008 -3.9639 1.4883 3.9984 -3.5604
3 16 1.4883 3.9984 -3.5604 0 -4.008 -3.9639 1.4883 -4.008 -3.5604
3 16 7.2965 3.9984 1.9251 3.6155 3.9984 1.4294 6.3555 3.9984 4.25
3 16 6.3555 3.9984 4.25 3.6155 3.9984 1.4294 3.7772 3.9984 4.25
3 16 6.3555 3.9984 4.25 6.3555 -4.008 4.25 7.2965 3.9984 1.9251
3 16 7.2965 3.9984 1.9251 6.3555 -4.008 4.25 7.2965 -4.008 1.9251
3 16 7.2965 -4.008 1.9251 3.6155 -4.008 1.4294 3.8094 -4.008 0.6796
3 16 3.829 -4.008 -0.5305 7.6014 -4.008 -1.0257 3.8094 -4.008 0.6796
3 16 3.8094 -4.008 0.6796 7.6014 -4.008 -1.0257 7.2965 -4.008 1.9251
3 16 7.6014 -4.008 -1.0257 3.829 -4.008 -0.5305 6.2453 -4.008 -4.4228
3 16 6.2453 -4.008 -4.4228 3.829 -4.008 -0.5305 3.0872 -4.008 -2.2263
3 16 4.4198 -4.008 -7.1765 6.2453 -4.008 -4.4228 1.4883 -4.008 -3.5604
3 16 1.4883 -4.008 -3.5604 6.2453 -4.008 -4.4228 3.0872 -4.008 -2.2263
3 16 0 -4.008 -8.6061 4.0298 -4.008 -8.6061 0 -4.008 -3.9639
3 16 4.0298 -4.008 -8.6061 4.4198 -4.008 -7.1765 0 -4.008 -3.9639
3 16 0 -4.008 -3.9639 4.4198 -4.008 -7.1765 1.4883 -4.008 -3.5604
3 16 7.2965 -4.008 1.9251 6.3555 -4.008 4.25 3.6155 -4.008 1.4294
3 16 3.6155 -4.008 1.4294 6.3555 -4.008 4.25 3.7772 -4.008 4.25
3 16 6.3555 -4.008 4.25 6.3555 3.9984 4.25 3.7772 -4.008 4.25
3 16 3.7772 -4.008 4.25 6.3555 3.9984 4.25 3.7772 3.9984 4.25
3 16 21.3725 11.593 -10 21.3725 11.593 -13.5 20.085 11.9984 -10
3 16 20.085 11.9984 -10 21.3725 11.593 -13.5 20.0346 11.9984 -13.5
3 16 22.2499 10.6537 -10 22.2499 10.6806 -13.5 21.3725 11.593 -10
3 16 21.3725 11.593 -10 22.2499 10.6806 -13.5 21.3725 11.593 -13.5
3 16 22.5599 9.5278 -10 22.5599 9.5278 -13.5 22.2499 10.6537 -10
3 16 22.2499 10.6537 -10 22.5599 9.5278 -13.5 22.2499 10.6806 -13.5
3 16 22.2462 8.1994 -10 22.2515 8.1994 -13.5 22.5599 9.5278 -10
3 16 22.5599 9.5278 -10 22.2515 8.1994 -13.5 22.5599 9.5278 -13.5
3 16 0 -27.7734 -13.5 1.2382 -27.4549 -13.5 0 -27.7734 -10
3 16 0 -27.7734 -10 1.2382 -27.4549 -13.5 1.2711 -27.4325 -10
3 16 1.2382 -27.4549 -13.5 2.2077 -26.5055 -13.5 1.2711 -27.4325 -10
3 16 1.2711 -27.4325 -10 2.2077 -26.5055 -13.5 2.2077 -26.5055 -10
3 16 20.085 11.9984 -10 20.0346 11.9984 -13.5 0 12 -9.9896
3 16 0 12 -9.9896 20.0346 11.9984 -13.5 0 12 -13.5
3 16 22.2499 10.6806 -13.5 0 -4.0998 -13.5 21.3725 11.593 -13.5
3 16 22.5599 9.5278 -13.5 0 -4.0998 -13.5 22.2499 10.6806 -13.5
3 16 0 -27.7734 -13.5 0 -4.0998 -13.5 1.2382 -27.4549 -13.5
3 16 5.3752 5.3686 -9.9896 21.3725 11.593 -10 20.085 11.9984 -10
3 16 5.3752 5.3686 -9.9896 22.2462 8.1994 -10 22.5599 9.5278 -10
3 16 1.4879 4.4639 -9.5713 4.3102 4.4222 -9.5713 1.4879 5.3686 -9.9896
3 16 1.4879 5.3686 -9.9896 4.3102 4.4222 -9.5713 5.3752 5.3686 -9.9896
3 16 1.4879 3.9984 -8.6061 3.9847 3.9984 -8.6061 1.4879 4.4639 -9.5713
3 16 1.4879 4.4639 -9.5713 3.9847 3.9984 -8.6061 4.3102 4.4222 -9.5713
3 16 4.4198 -4.008 -7.1765 4.407 3.9984 -6.9893 6.2453 -4.008 -4.4228
3 16 6.2453 -4.008 -4.4228 4.407 3.9984 -6.9893 6.25 3.9984 -4.4144
3 16 4.407 3.9984 -6.9893 3.9847 3.9984 -8.6061 1.4879 3.9984 -6.75
3 16 1.4879 3.9984 -6.75 3.9847 3.9984 -8.6061 1.4879 3.9984 -8.6061
3 16 4.0298 -4.008 -8.6061 3.9847 3.9984 -8.6061 4.4198 -4.008 -7.1765
3 16 4.4198 -4.008 -7.1765 3.9847 3.9984 -8.6061 4.407 3.9984 -6.9893
3 16 4.0298 -4.008 -8.6061 4.4206 -4.3722 -9.5713 3.9847 3.9984 -8.6061
3 16 3.9847 3.9984 -8.6061 4.4206 -4.3722 -9.5713 4.3102 4.4222 -9.5713
3 16 5.359 -5.3727 -9.9896 5.3752 5.3686 -9.9896 4.4206 -4.3722 -9.5713
3 16 4.4206 -4.3722 -9.5713 5.3752 5.3686 -9.9896 4.3102 4.4222 -9.5713
3 16 1.4879 -1.25 -6.75 1.4879 3.9984 -8.6061 1.4879 -1.25 -9.9896
3 16 1.4879 -1.25 -9.9896 1.4879 3.9984 -8.6061 1.4879 4.4639 -9.5713
3 16 1.4879 -1.25 -9.9896 1.4879 4.4639 -9.5713 1.4879 5.3686 -9.9896
3 16 1.4879 -1.25 -6.75 1.4879 3.9984 -6.75 1.4879 3.9984 -8.6061
3 16 0 -4.3722 -9.5713 0 -5.3773 -9.9896 4.4206 -4.3722 -9.5713
3 16 4.4206 -4.3722 -9.5713 0 -5.3773 -9.9896 5.359 -5.3727 -9.9896
3 16 0 -4.008 -8.6061 0 -4.3722 -9.5713 4.0298 -4.008 -8.6061
3 16 4.0298 -4.008 -8.6061 0 -4.3722 -9.5713 4.4206 -4.3722 -9.5713
3 16 2.2077 -26.5055 -10 2.2077 -26.5055 -13.5 22.2462 8.1994 -10
3 16 22.2462 8.1994 -10 2.2077 -26.5055 -13.5 22.2515 8.1994 -13.5
3 16 2.2077 -26.5055 -13.5 0 -4.0998 -13.5 22.2515 8.1994 -13.5
3 16 5.359 -5.3727 -9.9896 2.2077 -26.5055 -10 22.2462 8.1994 -10
3 16 1.2711 -27.4325 -10 2.2077 -26.5055 -10 0 -5.3773 -9.9896
3 16 0 -5.3773 -9.9896 2.2077 -26.5055 -10 5.359 -5.3727 -9.9896
3 16 20.0346 11.9984 -13.5 0 -4.0998 -13.5 0 12 -13.5
3 16 0 -5.3773 -9.9896 0 -27.7734 -10 1.2711 -27.4325 -10
3 16 5.3752 5.3686 -9.9896 22.2499 10.6537 -10 21.3725 11.593 -10
3 16 5.3752 5.3686 -9.9896 22.5599 9.5278 -10 22.2499 10.6537 -10
3 16 21.3725 11.593 -13.5 0 -4.0998 -13.5 20.0346 11.9984 -13.5
3 16 22.2515 8.1994 -13.5 0 -4.0998 -13.5 22.5599 9.5278 -13.5
3 16 1.2382 -27.4549 -13.5 0 -4.0998 -13.5 2.2077 -26.5055 -13.5
3 16 5.359 -5.3727 -9.9896 22.2462 8.1994 -10 5.3752 5.3686 -9.9896
3 16 6.25 3.9984 -4.4144 4.407 3.9984 -6.9893 1.4883 3.9984 -3.5604
3 16 1.4883 3.9984 -3.5604 4.407 3.9984 -6.9893 1.4879 3.9984 -6.75
3 16 1.4883 3.9984 -3.5604 3.0872 3.9984 -2.2263 6.25 3.9984 -4.4144
3 16 0 12 -13.5 0 -4.0998 -13.5 -20.0346 11.9984 -13.5
3 16 0 12 -13.5 -20.0346 11.9984 -13.5 0 12 -9.9896
3 16 0 12 -9.9896 -20.0346 11.9984 -13.5 -20.085 11.9984 -10
3 16 1.4879 3.9984 -6.75 0 3.9984 -3.8897 1.4883 3.9984 -3.5604
3 16 1.4879 5.3686 -9.9896 5.3752 5.3686 -9.9896 0 12 -9.9896
3 16 0 12 -9.9896 5.3752 5.3686 -9.9896 20.085 11.9984 -10
3 16 -20.085 11.9984 -10 -5.3752 5.3686 -9.9896 0 12 -9.9896
3 16 0 12 -9.9896 -5.3752 5.3686 -9.9896 -1.4879 5.3686 -9.9896
3 16 -1.4879 3.9984 -8.6061 -3.9847 3.9984 -8.6061 -1.4879 3.9984 -6.75
3 16 -1.4879 3.9984 -6.75 -3.9847 3.9984 -8.6061 -4.407 3.9984 -6.9893
3 16 -1.4879 -1.25 -6.75 -1.4879 3.9984 -8.6061 -1.4879 3.9984 -6.75
2 24 -3.6155 3.9984 1.4294 -3.8094 3.9984 0.6796
2 24 -3.8094 3.9984 0.6796 -3.829 3.9984 -0.5305
2 24 -7.2965 3.9984 1.9251 -7.6014 3.9984 -1.0257
2 24 -7.6014 3.9984 -1.0257 -6.25 3.9984 -4.4144
2 24 -3.829 3.9984 -0.5305 -3.0872 3.9984 -2.2263
2 24 -7.6014 3.9984 -1.0257 -6.25 3.9984 -4.4144
2 24 -7.6014 -4.008 -1.0257 -6.2453 -4.008 -4.4228
2 24 -7.6014 3.9984 -1.0257 -7.2965 3.9984 1.9251
2 24 -7.6014 -4.008 -1.0257 -7.2965 -4.008 1.9251
2 24 -3.6155 3.9984 1.4294 -3.7772 3.9984 4.25
2 24 -3.7772 3.9984 4.25 -3.7772 -4.008 4.25
2 24 -3.6155 -4.008 1.4294 -3.7772 -4.008 4.25
2 24 -3.6155 3.9984 1.4294 -3.8094 3.9984 0.6796
2 24 -3.6155 -4.008 1.4294 -3.8094 -4.008 0.6796
2 24 -3.8094 3.9984 0.6796 -3.829 3.9984 -0.5305
2 24 -3.8094 -4.008 0.6796 -3.829 -4.008 -0.5305
2 24 -3.829 3.9984 -0.5305 -3.0872 3.9984 -2.2263
2 24 -3.829 -4.008 -0.5305 -3.0872 -4.008 -2.2263
2 24 -3.0872 3.9984 -2.2263 -1.4883 3.9984 -3.5604
2 24 -3.0872 -4.008 -2.2263 -1.4883 -4.008 -3.5604
2 24 -1.4883 3.9984 -3.5604 0 3.9984 -3.8897
2 24 -1.4883 -4.008 -3.5604 0 -4.008 -3.9639
2 24 -3.6155 3.9984 1.4294 -3.7772 3.9984 4.25
2 24 -3.7772 3.9984 4.25 -6.3555 3.9984 4.25
2 24 -7.2965 3.9984 1.9251 -6.3555 3.9984 4.25
2 24 -7.2965 3.9984 1.9251 -6.3555 3.9984 4.25
2 24 -6.3555 3.9984 4.25 -6.3555 -4.008 4.25
2 24 -7.2965 -4.008 1.9251 -6.3555 -4.008 4.25
2 24 -3.8094 -4.008 0.6796 -3.6155 -4.008 1.4294
2 24 -3.8094 -4.008 0.6796 -3.829 -4.008 -0.5305
2 24 -7.2965 -4.008 1.9251 -7.6014 -4.008 -1.0257
2 24 -3.829 -4.008 -0.5305 -3.0872 -4.008 -2.2263
2 24 -7.6014 -4.008 -1.0257 -6.2453 -4.008 -4.4228
2 24 -3.0872 -4.008 -2.2263 -1.4883 -4.008 -3.5604
2 24 -6.2453 -4.008 -4.4228 -4.4198 -4.008 -7.1765
2 24 -4.4198 -4.008 -7.1765 -4.0298 -4.008 -8.6061
2 24 -1.4883 -4.008 -3.5604 0 -4.008 -3.9639
2 24 -7.2965 -4.008 1.9251 -6.3555 -4.008 4.25
2 24 -3.6155 -4.008 1.4294 -3.7772 -4.008 4.25
2 24 -6.3555 -4.008 4.25 -3.7772 -4.008 4.25
2 24 -6.3555 -4.008 4.25 -3.7772 -4.008 4.25
2 24 -6.3555 -4.008 4.25 -6.3555 3.9984 4.25
2 24 -3.7772 -4.008 4.25 -3.7772 3.9984 4.25
2 24 -6.3555 3.9984 4.25 -3.7772 3.9984 4.25
2 24 -21.403 11.593 -10 -20.085 11.9984 -10
2 24 -21.403 11.593 -13.5 -20.0346 11.9984 -13.5
2 24 -21.403 11.593 -10 -22.2938 10.6624 -10
2 24 -21.403 11.593 -13.5 -22.2911 10.6671 -13.5
2 24 -22.2938 10.6624 -10 -22.5639 9.5339 -10
2 24 -22.2911 10.6671 -13.5 -22.5634 9.5278 -13.5
2 24 -22.5639 9.5339 -10 -22.2432 8.197 -10
2 24 -22.5634 9.5278 -13.5 -22.2446 8.1994 -13.5
2 24 -1.2385 -27.4547 -10 0 -27.7734 -10
2 24 -1.1634 -27.4547 -13.5 0 -27.7734 -13.5
2 24 -1.2385 -27.4547 -10 -2.2021 -26.5425 -10
2 24 -1.1634 -27.4547 -13.5 -2.2021 -26.5425 -13.5
2 24 -22.2911 10.6671 -13.5 -21.403 11.593 -13.5
2 24 -22.2911 10.6671 -13.5 -22.5634 9.5278 -13.5
2 24 0 -27.7734 -13.5 -1.1634 -27.4547 -13.5
2 24 -20.085 11.9984 -10 -21.403 11.593 -10
2 24 -22.5639 9.5339 -10 -22.2432 8.197 -10
2 24 -1.4879 4.4639 -9.5713 -1.4879 5.3686 -9.9896
2 24 -1.4879 5.3686 -9.9896 -5.3752 5.3686 -9.9896
2 24 -4.3102 4.4222 -9.5713 -5.3752 5.3686 -9.9896
2 24 -1.4879 4.4639 -9.5713 -1.4879 3.9984 -8.6061
2 24 -4.3102 4.4222 -9.5713 -3.9847 3.9984 -8.6061
2 24 -6.2453 -4.008 -4.4228 -4.4198 -4.008 -7.1765
2 24 -6.25 3.9984 -4.4144 -4.407 3.9984 -6.9893
2 24 1.4879 3.9984 -6.75 -1.4879 3.9984 -6.75
2 24 0 3.9984 -3.8897 -1.4883 3.9984 -3.5604
2 24 -4.407 3.9984 -6.9893 -3.9847 3.9984 -8.6061
2 24 -4.4198 -4.008 -7.1765 -4.0298 -4.008 -8.6061
2 24 -4.0298 -4.008 -8.6061 -4.4206 -4.3722 -9.5713
2 24 -3.9847 3.9984 -8.6061 -4.3102 4.4222 -9.5713
2 24 -4.4206 -4.3722 -9.5713 -4.3102 4.4222 -9.5713
2 24 -4.3102 4.4222 -9.5713 -5.3752 5.3686 -9.9896
2 24 -5.3752 5.3686 -9.9896 -5.3589 -5.3727 -9.9896
2 24 -4.4206 -4.3722 -9.5713 -5.3589 -5.3727 -9.9896
2 24 -1.4879 5.3686 -9.9896 -1.4879 -1.25 -9.9896
2 24 -1.4879 -1.25 -9.9896 1.4879 -1.25 -9.9896
2 24 1.4879 5.3686 -9.9896 1.4879 -1.25 -9.9896
2 24 -1.4879 -1.25 -6.75 -1.4879 -1.25 -9.9896
2 24 -1.4879 3.9984 -8.6061 -1.4879 4.4639 -9.5713
2 24 -1.4879 4.4639 -9.5713 -1.4879 5.3686 -9.9896
2 24 -1.4879 -1.25 -9.9896 -1.4879 5.3686 -9.9896
2 24 -1.4879 -1.25 -6.75 -1.4879 3.9984 -6.75
2 24 -1.4879 -1.25 -6.75 1.4879 -1.25 -6.75
2 24 -1.4879 3.9984 -6.75 1.4879 3.9984 -6.75
2 24 1.4879 -1.25 -6.75 1.4879 3.9984 -6.75
2 24 -1.4879 -1.25 -9.9896 -1.4879 -1.25 -6.75
2 24 -1.4879 -1.25 -9.9896 1.4879 -1.25 -9.9896
2 24 -1.4879 -1.25 -6.75 1.4879 -1.25 -6.75
2 24 1.4879 -1.25 -9.9896 1.4879 -1.25 -6.75
2 24 -5.3589 -5.3727 -9.9896 0 -5.3773 -9.9896
2 24 -5.3589 -5.3727 -9.9896 -4.4206 -4.3722 -9.5713
2 24 -4.4206 -4.3722 -9.5713 0 -4.3722 -9.5713
2 24 -4.0298 -4.008 -8.6061 -4.4206 -4.3722 -9.5713
2 24 -22.2432 8.197 -10 -2.2021 -26.5425 -10
2 24 -22.2446 8.1994 -13.5 -2.2021 -26.5425 -13.5
2 24 -2.2021 -26.5425 -13.5 -22.2446 8.1994 -13.5
2 24 -22.2432 8.197 -10 -2.2021 -26.5425 -10
2 24 -5.3589 -5.3727 -9.9896 0 -5.3773 -9.9896
2 24 -2.2021 -26.5425 -10 -1.2385 -27.4547 -10
2 24 -1.2385 -27.4547 -10 0 -27.7734 -10
2 24 -21.403 11.593 -10 -22.2938 10.6624 -10
2 24 -22.5639 9.5339 -10 -22.2938 10.6624 -10
2 24 -21.403 11.593 -13.5 -20.0346 11.9984 -13.5
2 24 -22.5634 9.5278 -13.5 -22.2446 8.1994 -13.5
2 24 -1.1634 -27.4547 -13.5 -2.2021 -26.5425 -13.5
2 24 -5.3752 5.3686 -9.9896 -5.3589 -5.3727 -9.9896
2 24 -6.25 3.9984 -4.4144 -4.407 3.9984 -6.9893
2 24 -3.0872 3.9984 -2.2263 -1.4883 3.9984 -3.5604
2 24 3.8094 3.9984 0.6796 3.6155 3.9984 1.4294
2 24 3.8094 3.9984 0.6796 3.829 3.9984 -0.5305
2 24 7.2965 3.9984 1.9251 7.6014 3.9984 -1.0257
2 24 3.829 3.9984 -0.5305 3.0872 3.9984 -2.2263
2 24 7.6014 3.9984 -1.0257 6.25 3.9984 -4.4144
2 24 7.6014 3.9984 -1.0257 6.25 3.9984 -4.4144
2 24 7.6014 -4.008 -1.0257 6.2453 -4.008 -4.4228
2 24 7.6014 3.9984 -1.0257 7.2965 3.9984 1.9251
2 24 7.6014 -4.008 -1.0257 7.2965 -4.008 1.9251
2 24 3.6155 3.9984 1.4294 3.7772 3.9984 4.25
2 24 3.6155 -4.008 1.4294 3.7772 -4.008 4.25
2 24 3.7772 3.9984 4.25 3.7772 -4.008 4.25
2 24 3.6155 3.9984 1.4294 3.8094 3.9984 0.6796
2 24 3.6155 -4.008 1.4294 3.8094 -4.008 0.6796
2 24 3.8094 3.9984 0.6796 3.829 3.9984 -0.5305
2 24 3.8094 -4.008 0.6796 3.829 -4.008 -0.5305
2 24 3.829 3.9984 -0.5305 3.0872 3.9984 -2.2263
2 24 3.829 -4.008 -0.5305 3.0872 -4.008 -2.2263
2 24 3.0872 3.9984 -2.2263 1.4883 3.9984 -3.5604
2 24 3.0872 -4.008 -2.2263 1.4883 -4.008 -3.5604
2 24 0 3.9984 -3.8897 1.4883 3.9984 -3.5604
2 24 0 -4.008 -3.9639 1.4883 -4.008 -3.5604
2 24 7.2965 3.9984 1.9251 6.3555 3.9984 4.25
2 24 3.6155 3.9984 1.4294 3.7772 3.9984 4.25
2 24 6.3555 3.9984 4.25 3.7772 3.9984 4.25
2 24 6.3555 3.9984 4.25 6.3555 -4.008 4.25
2 24 7.2965 3.9984 1.9251 6.3555 3.9984 4.25
2 24 7.2965 -4.008 1.9251 6.3555 -4.008 4.25
2 24 3.6155 -4.008 1.4294 3.8094 -4.008 0.6796
2 24 3.8094 -4.008 0.6796 3.829 -4.008 -0.5305
2 24 7.2965 -4.008 1.9251 7.6014 -4.008 -1.0257
2 24 7.6014 -4.008 -1.0257 6.2453 -4.008 -4.4228
2 24 3.829 -4.008 -0.5305 3.0872 -4.008 -2.2263
2 24 6.2453 -4.008 -4.4228 4.4198 -4.008 -7.1765
2 24 3.0872 -4.008 -2.2263 1.4883 -4.008 -3.5604
2 24 4.4198 -4.008 -7.1765 4.0298 -4.008 -8.6061
2 24 0 -4.008 -3.9639 1.4883 -4.008 -3.5604
2 24 7.2965 -4.008 1.9251 6.3555 -4.008 4.25
2 24 6.3555 -4.008 4.25 3.7772 -4.008 4.25
2 24 3.6155 -4.008 1.4294 3.7772 -4.008 4.25
2 24 6.3555 -4.008 4.25 6.3555 3.9984 4.25
2 24 6.3555 -4.008 4.25 3.7772 -4.008 4.25
2 24 6.3555 3.9984 4.25 3.7772 3.9984 4.25
2 24 3.7772 -4.008 4.25 3.7772 3.9984 4.25
2 24 21.3725 11.593 -10 20.085 11.9984 -10
2 24 21.3725 11.593 -13.5 20.0346 11.9984 -13.5
2 24 21.3725 11.593 -10 22.2499 10.6537 -10
2 24 21.3725 11.593 -13.5 22.2499 10.6806 -13.5
2 24 22.2499 10.6537 -10 22.5599 9.5278 -10
2 24 22.2499 10.6806 -13.5 22.5599 9.5278 -13.5
2 24 22.5599 9.5278 -10 22.2462 8.1994 -10
2 24 22.5599 9.5278 -13.5 22.2515 8.1994 -13.5
2 24 0 -27.7734 -13.5 1.2382 -27.4549 -13.5
2 24 0 -27.7734 -10 1.2711 -27.4325 -10
2 24 1.2382 -27.4549 -13.5 2.2077 -26.5055 -13.5
2 24 1.2711 -27.4325 -10 2.2077 -26.5055 -10
2 24 20.085 11.9984 -10 0 12 -9.9896
2 24 20.0346 11.9984 -13.5 0 12 -13.5
2 24 22.2499 10.6806 -13.5 21.3725 11.593 -13.5
2 24 22.2499 10.6806 -13.5 22.5599 9.5278 -13.5
2 24 0 -27.7734 -13.5 1.2382 -27.4549 -13.5
2 24 21.3725 11.593 -10 20.085 11.9984 -10
2 24 22.2462 8.1994 -10 22.5599 9.5278 -10
2 24 1.4879 4.4639 -9.5713 1.4879 5.3686 -9.9896
2 24 4.3102 4.4222 -9.5713 5.3752 5.3686 -9.9896
2 24 1.4879 5.3686 -9.9896 5.3752 5.3686 -9.9896
2 24 1.4879 4.4639 -9.5713 1.4879 3.9984 -8.6061
2 24 4.3102 4.4222 -9.5713 3.9847 3.9984 -8.6061
2 24 6.2453 -4.008 -4.4228 4.4198 -4.008 -7.1765
2 24 6.25 3.9984 -4.4144 4.407 3.9984 -6.9893
2 24 3.9847 3.9984 -8.6061 4.407 3.9984 -6.9893
2 24 1.4879 3.9984 -6.75 1.4879 3.9984 -8.6061
2 24 4.4198 -4.008 -7.1765 4.0298 -4.008 -8.6061
2 24 4.407 3.9984 -6.9893 3.9847 3.9984 -8.6061
2 24 4.0298 -4.008 -8.6061 4.4206 -4.3722 -9.5713
2 24 4.4206 -4.3722 -9.5713 4.3102 4.4222 -9.5713
2 24 3.9847 3.9984 -8.6061 4.3102 4.4222 -9.5713
2 24 5.359 -5.3727 -9.9896 5.3752 5.3686 -9.9896
2 24 4.4206 -4.3722 -9.5713 5.359 -5.3727 -9.9896
2 24 4.3102 4.4222 -9.5713 5.3752 5.3686 -9.9896
2 24 1.4879 -1.25 -6.75 1.4879 -1.25 -9.9896
2 24 1.4879 3.9984 -8.6061 1.4879 4.4639 -9.5713
2 24 1.4879 4.4639 -9.5713 1.4879 5.3686 -9.9896
2 24 1.4879 -1.25 -9.9896 1.4879 5.3686 -9.9896
2 24 1.4879 3.9984 -8.6061 1.4879 3.9984 -6.75
2 24 1.4879 -1.25 -6.75 1.4879 3.9984 -6.75
2 24 0 -4.3722 -9.5713 4.4206 -4.3722 -9.5713
2 24 0 -5.3773 -9.9896 5.359 -5.3727 -9.9896
2 24 4.4206 -4.3722 -9.5713 5.359 -5.3727 -9.9896
2 24 4.0298 -4.008 -8.6061 4.4206 -4.3722 -9.5713
2 24 22.2462 8.1994 -10 2.2077 -26.5055 -10
2 24 22.2515 8.1994 -13.5 2.2077 -26.5055 -13.5
2 24 2.2077 -26.5055 -13.5 22.2515 8.1994 -13.5
2 24 22.2462 8.1994 -10 2.2077 -26.5055 -10
2 24 2.2077 -26.5055 -10 1.2711 -27.4325 -10
2 24 0 -5.3773 -9.9896 5.359 -5.3727 -9.9896
2 24 20.0346 11.9984 -13.5 0 12 -13.5
2 24 0 -27.7734 -10 1.2711 -27.4325 -10
2 24 21.3725 11.593 -10 22.2499 10.6537 -10
2 24 22.5599 9.5278 -10 22.2499 10.6537 -10
2 24 21.3725 11.593 -13.5 20.0346 11.9984 -13.5
2 24 22.5599 9.5278 -13.5 22.2515 8.1994 -13.5
2 24 1.2382 -27.4549 -13.5 2.2077 -26.5055 -13.5
2 24 5.3752 5.3686 -9.9896 5.359 -5.3727 -9.9896
2 24 6.25 3.9984 -4.4144 4.407 3.9984 -6.9893
2 24 3.0872 3.9984 -2.2263 1.4883 3.9984 -3.5604
2 24 -20.0346 11.9984 -13.5 0 12 -13.5
2 24 -20.0346 11.9984 -13.5 0 12 -13.5
2 24 -20.085 11.9984 -10 0 12 -9.9896
2 24 0 3.9984 -3.8897 1.4883 3.9984 -3.5604
2 24 1.4879 5.3686 -9.9896 5.3752 5.3686 -9.9896
2 24 0 12 -9.9896 20.085 11.9984 -10
2 24 -20.085 11.9984 -10 0 12 -9.9896
2 24 -5.3752 5.3686 -9.9896 -1.4879 5.3686 -9.9896
2 24 -1.4879 3.9984 -8.6061 -1.4879 3.9984 -6.75
2 24 -3.9847 3.9984 -8.6061 -4.407 3.9984 -6.9893
2 24 -1.4879 3.9984 -8.6061 -1.4879 3.9984 -6.75
2 24 -1.4879 -1.25 -6.75 -1.4879 3.9984 -6.75
2 24 -22.2911 10.6671 -13.525 -21.403 11.593 -13.525
2 24 -22.2911 10.6671 -13.525 -22.5634 9.5278 -13.525
2 24 0 -27.7734 -13.525 -1.1634 -27.4547 -13.525
2 24 -2.2021 -26.5425 -13.525 -22.2446 8.1994 -13.525
2 24 -21.403 11.593 -13.525 -20.0346 11.9984 -13.525
2 24 -22.5634 9.5278 -13.525 -22.2446 8.1994 -13.525
2 24 -1.1634 -27.4547 -13.525 -2.2021 -26.5425 -13.525
2 24 22.2499 10.6806 -13.525 21.3725 11.593 -13.525
2 24 22.2499 10.6806 -13.525 22.5599 9.5278 -13.525
2 24 0 -27.7734 -13.525 1.2382 -27.4549 -13.525
2 24 2.2077 -26.5055 -13.525 22.2515 8.1994 -13.525
2 24 20.0346 11.9984 -13.525 0 12 -13.525
2 24 21.3725 11.593 -13.525 20.0346 11.9984 -13.525
2 24 22.5599 9.5278 -13.525 22.2515 8.1994 -13.525
2 24 1.2382 -27.4549 -13.525 2.2077 -26.5055 -13.525
2 24 -20.0346 11.9984 -13.525 0 12 -13.525
0 STEP
