0 Untitled Model
0 Name: Untitled Model
0 Author: 
0 BFC CERTIFY CCW
3 16 -5.2223 -13.8677 -4.9027 -5.625 -13.8677 -5.875 -5.2223 -73.75 -4.9027
3 16 -5.2223 -73.75 -4.9027 -5.625 -13.8677 -5.875 -5.625 -73.75 -5.875
3 16 -5.625 -13.8677 -5.875 -5.625 -13.8677 -7.125 -5.625 -73.75 -5.875
3 16 -5.625 -73.75 -5.875 -5.625 -13.8677 -7.125 -5.625 -73.75 -7.125
3 16 -2.75 -13.8677 -2.75 -2.75 -10.4375 -2.75 -4.625 -13.8677 -3.2524
3 16 -4.625 -13.8677 -3.2524 -2.75 -10.4375 -2.75 -4.625 -8 -3.2524
3 16 -2.75 -8 -4.1181 -2.75 -7.0104 -5.1557 -3.9921 -8 -4.4821
3 16 -3.9921 -8 -4.4821 -2.75 -7.0104 -5.1557 -3.9743 -7.2454 -5.2757
3 16 -0.7345 -8 -5.2587 -1.5257 -7.2454 -5.2757 -1.5098 -8 -4.4875
3 16 0.4976 -10.4375 -4.5 -0.875 -10.4356 -3.2372 0.4976 -13.8677 -4.5
3 16 0.4976 -13.8677 -4.5 -0.875 -10.4356 -3.2372 -0.875 -13.8657 -3.22
3 16 -2.75 -10.4375 -2.75 -0.875 -10.4356 -3.2372 5.0638 -10.4375 -2.75
3 16 4.9584 -8 -10.25 4.9584 -10.4375 -10.25 -2.75 -8 -10.25
3 16 -2.75 -8 -10.25 4.9584 -10.4375 -10.25 -2.75 -10.4375 -10.25
3 16 -4.625 -8 -9.7476 -2.75 -8 -10.25 -2.75 -10.4375 -10.25
3 16 -5.9976 -13.8677 -8.375 -6.5 -13.8677 -6.5 -5.9976 -8 -8.375
3 16 -5.9976 -8 -8.375 -6.5 -13.8677 -6.5 -6.5 -8 -6.5
3 16 0.4976 -13.8677 -8.5 -0.875 -13.8677 -9.7476 0.4976 -10.4375 -8.5
3 16 0.4976 -10.4375 -8.5 -0.875 -13.8677 -9.7476 -0.875 -10.4375 -9.7476
3 16 0.4976 -13.8677 -8.5 5.2809 -10.4375 -8.5 43.8135 -62.0512 -8.5
3 16 -2.75 -7.0104 -7.8443 -3.9743 -7.2454 -7.7243 -2.75 -6.7146 -6.5
3 16 -2.75 -6.7146 -6.5 -3.9743 -7.2454 -7.7243 -4.0943 -7.0104 -6.5
3 16 -0.875 -13.8677 -9.7476 -2.75 -13.8677 -10.25 -0.875 -10.4375 -9.7476
3 16 -0.875 -10.4375 -9.7476 -2.75 -13.8677 -10.25 -2.75 -10.4375 -10.25
3 16 5.0638 -8 -2.75 -2.75 -8 -2.75 5.0638 -10.4375 -2.75
3 16 5.0638 -10.4375 -2.75 -2.75 -8 -2.75 -2.75 -10.4375 -2.75
3 16 -5.9976 -13.8677 -8.375 -5.9976 -8 -8.375 -4.625 -13.8677 -9.7476
3 16 -4.625 -13.8677 -9.7476 -5.9976 -8 -8.375 -4.625 -8 -9.7476
3 16 -2.75 -7.0104 -5.1557 -2.75 -6.7146 -6.5 -3.9743 -7.2454 -5.2757
3 16 -3.9743 -7.2454 -5.2757 -2.75 -6.7146 -6.5 -4.0943 -7.0104 -6.5
3 16 -0.3691 -8 -6.5 -1.4057 -7.0104 -6.5 -0.7345 -8 -5.2587
3 16 -0.7345 -8 -5.2587 -1.4057 -7.0104 -6.5 -1.5257 -7.2454 -5.2757
3 16 -2.75 -7.0104 -7.8443 -2.75 -6.7146 -6.5 -1.5257 -7.2454 -7.7243
3 16 -1.5257 -7.2454 -7.7243 -2.75 -6.7146 -6.5 -1.4057 -7.0104 -6.5
3 16 -2.75 -7.0104 -5.1557 -1.5257 -7.2454 -5.2757 -2.75 -6.7146 -6.5
3 16 -2.75 -6.7146 -6.5 -1.5257 -7.2454 -5.2757 -1.4057 -7.0104 -6.5
3 16 -2.75 -8 -4.1181 -1.5098 -8 -4.4875 -2.75 -7.0104 -5.1557
3 16 -2.75 -7.0104 -5.1557 -1.5098 -8 -4.4875 -1.5257 -7.2454 -5.2757
3 16 -3.9743 -7.2454 -5.2757 -4.0943 -7.0104 -6.5 -4.767 -8 -5.2582
3 16 -4.767 -8 -5.2582 -4.0943 -7.0104 -6.5 -5.1284 -8 -6.5
3 16 -4.767 -8 -5.2582 -3.9921 -8 -4.4821 -3.9743 -7.2454 -5.2757
3 16 -2.75 -8 -8.8799 -3.9913 -8 -8.5156 -2.75 -7.0104 -7.8443
3 16 -2.75 -7.0104 -7.8443 -3.9913 -8 -8.5156 -3.9743 -7.2454 -7.7243
3 16 -1.5083 -8 -8.5167 -1.5257 -7.2454 -7.7243 -0.7351 -8 -7.7411
3 16 -4.7666 -8 -7.7417 -3.9743 -7.2454 -7.7243 -3.9913 -8 -8.5156
3 16 -5.9976 -8 -8.375 -4.7666 -8 -7.7417 -4.625 -8 -9.7476
3 16 -4.625 -8 -9.7476 -4.7666 -8 -7.7417 -3.9913 -8 -8.5156
3 16 -1.5257 -7.2454 -7.7243 -1.4057 -7.0104 -6.5 -0.7351 -8 -7.7411
3 16 -0.7351 -8 -7.7411 -1.4057 -7.0104 -6.5 -0.3691 -8 -6.5
3 16 -0.7351 -8 -7.7411 4.9584 -8 -10.25 -1.5083 -8 -8.5167
3 16 5.0638 -8 -2.75 -0.7345 -8 -5.2587 -1.5098 -8 -4.4875
3 16 -3.9913 -8 -8.5156 -2.75 -8 -8.8799 -4.625 -8 -9.7476
3 16 -4.625 -8 -9.7476 -2.75 -8 -8.8799 -2.75 -8 -10.25
3 16 -4.625 -8 -3.2524 -3.9921 -8 -4.4821 -5.9976 -8 -4.625
3 16 -5.9976 -8 -4.625 -3.9921 -8 -4.4821 -4.767 -8 -5.2582
3 16 -4.767 -8 -5.2582 -5.1284 -8 -6.5 -5.9976 -8 -4.625
3 16 -5.9976 -8 -4.625 -5.1284 -8 -6.5 -6.5 -8 -6.5
3 16 -1.5257 -7.2454 -7.7243 -1.5083 -8 -8.5167 -2.75 -7.0104 -7.8443
3 16 -2.75 -7.0104 -7.8443 -1.5083 -8 -8.5167 -2.75 -8 -8.8799
3 16 -3.9743 -7.2454 -7.7243 -4.7666 -8 -7.7417 -4.0943 -7.0104 -6.5
3 16 -4.0943 -7.0104 -6.5 -4.7666 -8 -7.7417 -5.1284 -8 -6.5
3 16 -6.5 -8 -6.5 -5.1284 -8 -6.5 -5.9976 -8 -8.375
3 16 -5.9976 -8 -8.375 -5.1284 -8 -6.5 -4.7666 -8 -7.7417
3 16 -2.75 -8 -2.75 -2.75 -8 -4.1181 -4.625 -8 -3.2524
3 16 -4.625 -8 -3.2524 -2.75 -8 -4.1181 -3.9921 -8 -4.4821
3 16 -6.5 -13.8677 -6.5 -5.9976 -13.8677 -8.375 -5.625 -13.8677 -7.125
3 16 -5.625 -13.8677 -7.125 -5.9976 -13.8677 -8.375 -5.2223 -13.8677 -8.0973
3 16 -5.9976 -8 -4.625 -6.5 -8 -6.5 -5.9976 -13.8677 -4.625
3 16 -5.9976 -13.8677 -4.625 -6.5 -8 -6.5 -6.5 -13.8677 -6.5
3 16 -4.625 -8 -3.2524 -5.9976 -8 -4.625 -4.625 -13.8677 -3.2524
3 16 -4.625 -13.8677 -3.2524 -5.9976 -8 -4.625 -5.9976 -13.8677 -4.625
3 16 -4.625 -13.8677 -3.2524 -4.25 -13.8677 -4.5 -2.75 -13.8677 -2.75
3 16 -2.75 -13.8677 -2.75 -0.875 -13.8657 -3.22 -2.75 -10.4375 -2.75
3 16 -2.75 -10.4375 -2.75 -0.875 -13.8657 -3.22 -0.875 -10.4356 -3.2372
3 16 65.2039 -8.5 -7.126 64.8827 -8.8173 -8.1827 5.5939 -8.5 -7.1238
3 16 5.5939 -8.5 -7.1238 64.8827 -8.8173 -8.1827 5.3501 -8.8173 -8.1827
3 16 65.2039 -8.5 -7.126 65.2039 -62.0512 -7.1253 64.8827 -8.8173 -8.1827
3 16 64.8827 -8.8173 -8.1827 65.2039 -62.0512 -7.1253 64.8827 -62.0512 -8.1827
3 16 64.8827 -8.8173 -8.1827 63.8251 -9.8749 -8.5 5.3501 -8.8173 -8.1827
3 16 5.3501 -8.8173 -8.1827 63.8251 -9.8749 -8.5 5.2809 -9.8749 -8.5
3 16 64.8827 -8.8173 -8.1827 64.8827 -62.0512 -8.1827 63.8251 -9.8749 -8.5
3 16 63.8251 -9.8749 -8.5 64.8827 -62.0512 -8.1827 63.8251 -62.0512 -8.5
3 16 5.725 -8.5 -6.4791 65.2039 -8.5 -7.126 5.5939 -8.5 -7.1238
3 16 45.5424 -73.75 -10.2259 45.5424 -83.6851 -10.2259 43.8135 -73.75 -8.5
3 16 43.8135 -73.75 -8.5 45.5424 -83.6851 -10.2259 43.8135 -85.4488 -8.5
3 16 65.4207 -63.8149 -10.2259 45.5424 -63.8149 -10.2259 63.8251 -62.0512 -8.5
3 16 63.8251 -62.0512 -8.5 45.5424 -63.8149 -10.2259 43.8135 -62.0512 -8.5
3 16 65.0204 -62.0512 -4.5 64.8952 -63.8149 -2.7106 65.2039 -62.0512 -7.1253
3 16 65.2039 -62.0512 -7.1253 64.8952 -63.8149 -2.7106 65.4207 -63.8149 -10.2259
3 16 59.1806 -71.625 1.675 59.75 -73.75 1.675 60.9127 -70.625 1.675
3 16 60.9127 -70.625 1.675 59.75 -73.75 1.675 61.75 -73.75 1.675
3 16 57.625 -70.0694 1.675 59.1806 -71.625 1.675 58.625 -68.3373 1.675
3 16 58.625 -68.3373 1.675 59.1806 -71.625 1.675 60.9127 -70.625 1.675
3 16 55.5 -69.5 1.675 57.625 -70.0694 1.675 55.5 -67.5 1.675
3 16 55.5 -67.5 1.675 57.625 -70.0694 1.675 58.625 -68.3373 1.675
3 16 53.375 -70.0694 1.675 55.5 -69.5 1.675 52.375 -68.3373 1.675
3 16 52.375 -68.3373 1.675 55.5 -69.5 1.675 55.5 -67.5 1.675
3 16 51.8194 -71.625 1.675 53.375 -70.0694 1.675 50.0874 -70.625 1.675
3 16 50.0874 -70.625 1.675 53.375 -70.0694 1.675 52.375 -68.3373 1.675
3 16 49.25 -73.75 1.675 51.25 -73.75 1.675 50.0874 -70.625 1.675
3 16 50.0874 -70.625 1.675 51.25 -73.75 1.675 51.8194 -71.625 1.675
3 16 61.75 -73.75 1.675 61.75 -73.75 -2.7106 60.9127 -70.625 1.675
3 16 60.9127 -70.625 1.675 61.75 -73.75 -2.7106 60.9127 -70.625 -2.7106
3 16 50.0874 -70.625 -2.7106 49.25 -73.75 -2.7106 50.0874 -70.625 1.675
3 16 50.0874 -70.625 1.675 49.25 -73.75 -2.7106 49.25 -73.75 1.675
3 16 55.5 -73.75 -3.25 59.75 -73.75 -3.25 59.1806 -71.625 -3.25
3 16 59.1806 -71.625 -3.25 59.75 -73.75 -3.25 59.1806 -71.625 1.675
3 16 59.1806 -71.625 1.675 59.75 -73.75 -3.25 59.75 -73.75 1.675
3 16 60.9127 -70.625 -2.7106 58.625 -68.3373 -2.7106 60.9127 -70.625 1.675
3 16 60.9127 -70.625 1.675 58.625 -68.3373 -2.7106 58.625 -68.3373 1.675
3 16 58.625 -68.3373 -2.7106 55.5 -67.5 -2.7106 58.625 -68.3373 1.675
3 16 58.625 -68.3373 1.675 55.5 -67.5 -2.7106 55.5 -67.5 1.675
3 16 55.5 -67.5 -2.7106 52.375 -68.3373 -2.7106 55.5 -67.5 1.675
3 16 55.5 -67.5 1.675 52.375 -68.3373 -2.7106 52.375 -68.3373 1.675
3 16 64.8952 -63.8149 -2.7106 58.625 -68.3373 -2.7106 60.9127 -70.625 -2.7106
3 16 52.375 -68.3373 -2.7106 50.0874 -70.625 -2.7106 52.375 -68.3373 1.675
3 16 52.375 -68.3373 1.675 50.0874 -70.625 -2.7106 50.0874 -70.625 1.675
3 16 59.1806 -71.625 -3.25 57.625 -70.0694 -3.25 55.5 -73.75 -3.25
3 16 57.625 -70.0694 -3.25 59.1806 -71.625 -3.25 57.625 -70.0694 1.675
3 16 57.625 -70.0694 1.675 59.1806 -71.625 -3.25 59.1806 -71.625 1.675
3 16 57.625 -70.0694 -3.25 55.5 -69.5 -3.25 55.5 -73.75 -3.25
3 16 55.5 -69.5 -3.25 57.625 -70.0694 -3.25 55.5 -69.5 1.675
3 16 55.5 -69.5 1.675 57.625 -70.0694 -3.25 57.625 -70.0694 1.675
3 16 55.5 -69.5 -3.25 53.375 -70.0694 -3.25 55.5 -73.75 -3.25
3 16 53.375 -70.0694 -3.25 55.5 -69.5 -3.25 53.375 -70.0694 1.675
3 16 53.375 -70.0694 1.675 55.5 -69.5 -3.25 55.5 -69.5 1.675
3 16 53.375 -70.0694 -3.25 51.8194 -71.625 -3.25 55.5 -73.75 -3.25
3 16 51.8194 -71.625 -3.25 53.375 -70.0694 -3.25 51.8194 -71.625 1.675
3 16 51.8194 -71.625 1.675 53.375 -70.0694 -3.25 53.375 -70.0694 1.675
3 16 51.8194 -71.625 -3.25 51.25 -73.75 -3.25 55.5 -73.75 -3.25
3 16 51.25 -73.75 1.675 51.25 -73.75 -3.25 51.8194 -71.625 1.675
3 16 51.8194 -71.625 1.675 51.25 -73.75 -3.25 51.8194 -71.625 -3.25
3 16 51.8194 -71.625 -14.675 51.25 -73.75 -14.675 50.0874 -70.625 -14.675
3 16 50.0874 -70.625 -14.675 51.25 -73.75 -14.675 49.25 -73.75 -14.675
3 16 53.375 -70.0694 -14.675 51.8194 -71.625 -14.675 52.375 -68.3373 -14.675
3 16 52.375 -68.3373 -14.675 51.8194 -71.625 -14.675 50.0874 -70.625 -14.675
3 16 55.5 -69.5 -14.675 53.375 -70.0694 -14.675 55.5 -67.5 -14.675
3 16 55.5 -67.5 -14.675 53.375 -70.0694 -14.675 52.375 -68.3373 -14.675
3 16 57.625 -70.0694 -14.675 55.5 -69.5 -14.675 58.625 -68.3373 -14.675
3 16 58.625 -68.3373 -14.675 55.5 -69.5 -14.675 55.5 -67.5 -14.675
3 16 59.1806 -71.625 -14.675 57.625 -70.0694 -14.675 60.9127 -70.625 -14.675
3 16 60.9127 -70.625 -14.675 57.625 -70.0694 -14.675 58.625 -68.3373 -14.675
3 16 61.75 -73.75 -14.675 59.75 -73.75 -14.675 60.9127 -70.625 -14.675
3 16 60.9127 -70.625 -14.675 59.75 -73.75 -14.675 59.1806 -71.625 -14.675
3 16 60.9127 -70.625 -10.2259 61.75 -73.75 -10.2259 60.9127 -70.625 -14.675
3 16 60.9127 -70.625 -14.675 61.75 -73.75 -10.2259 61.75 -73.75 -14.675
3 16 55.5 -73.75 -7 51.25 -73.75 -7 51.8194 -71.625 -7
3 16 51.8194 -71.625 -7 51.25 -73.75 -7 51.8194 -71.625 -14.675
3 16 51.8194 -71.625 -14.675 51.25 -73.75 -7 51.25 -73.75 -14.675
3 16 49.25 -73.75 -14.675 49.25 -73.75 -10.2259 50.0874 -70.625 -14.675
3 16 50.0874 -70.625 -14.675 49.25 -73.75 -10.2259 50.0874 -70.625 -10.2259
3 16 50.0874 -70.625 -10.2259 52.375 -68.3373 -10.2259 50.0874 -70.625 -14.675
3 16 50.0874 -70.625 -14.675 52.375 -68.3373 -10.2259 52.375 -68.3373 -14.675
3 16 52.375 -68.3373 -10.2259 55.5 -67.5 -10.2259 52.375 -68.3373 -14.675
3 16 52.375 -68.3373 -14.675 55.5 -67.5 -10.2259 55.5 -67.5 -14.675
3 16 61.75 -73.75 -10.2259 60.9127 -70.625 -10.2259 65.4207 -63.8149 -10.2259
3 16 55.5 -67.5 -10.2259 58.625 -68.3373 -10.2259 55.5 -67.5 -14.675
3 16 55.5 -67.5 -14.675 58.625 -68.3373 -10.2259 58.625 -68.3373 -14.675
3 16 58.625 -68.3373 -10.2259 60.9127 -70.625 -10.2259 58.625 -68.3373 -14.675
3 16 58.625 -68.3373 -14.675 60.9127 -70.625 -10.2259 60.9127 -70.625 -14.675
3 16 51.8194 -71.625 -7 53.375 -70.0694 -7 55.5 -73.75 -7
3 16 53.375 -70.0694 -7 51.8194 -71.625 -7 53.375 -70.0694 -14.675
3 16 53.375 -70.0694 -14.675 51.8194 -71.625 -7 51.8194 -71.625 -14.675
3 16 53.375 -70.0694 -7 55.5 -69.5 -7 55.5 -73.75 -7
3 16 55.5 -69.5 -7 53.375 -70.0694 -7 55.5 -69.5 -14.675
3 16 55.5 -69.5 -14.675 53.375 -70.0694 -7 53.375 -70.0694 -14.675
3 16 55.5 -69.5 -7 57.625 -70.0694 -7 55.5 -73.75 -7
3 16 57.625 -70.0694 -7 55.5 -69.5 -7 57.625 -70.0694 -14.675
3 16 57.625 -70.0694 -14.675 55.5 -69.5 -7 55.5 -69.5 -14.675
3 16 57.625 -70.0694 -7 59.1806 -71.625 -7 55.5 -73.75 -7
3 16 59.1806 -71.625 -7 57.625 -70.0694 -7 59.1806 -71.625 -14.675
3 16 59.1806 -71.625 -14.675 57.625 -70.0694 -7 57.625 -70.0694 -14.675
3 16 59.1806 -71.625 -7 59.75 -73.75 -7 55.5 -73.75 -7
3 16 59.75 -73.75 -14.675 59.75 -73.75 -7 59.1806 -71.625 -14.675
3 16 59.1806 -71.625 -14.675 59.75 -73.75 -7 59.1806 -71.625 -7
3 16 65.2039 -62.0512 -7.1253 65.4207 -63.8149 -10.2259 64.8827 -62.0512 -8.1827
3 16 65.4207 -63.8149 -10.2259 63.8251 -62.0512 -8.5 64.8827 -62.0512 -8.1827
3 16 65.0206 -8.5 -4.5 65.0204 -62.0512 -4.5 65.2039 -8.5 -7.126
3 16 65.2039 -8.5 -7.126 65.0204 -62.0512 -4.5 65.2039 -62.0512 -7.1253
3 16 4.9584 -8 -10.25 5.3501 -8.8173 -8.1827 5.2809 -9.8749 -8.5
3 16 5.2809 -10.4375 -8.5 0.4976 -10.4375 -8.5 4.9584 -10.4375 -10.25
3 16 4.9584 -10.4375 -10.25 0.4976 -10.4375 -8.5 -0.875 -10.4375 -9.7476
3 16 0.4976 -13.8677 -4.5 5.355 -10.4375 -4.5 0.4976 -10.4375 -4.5
3 16 -4.25 -13.8677 -4.5 -5.2223 -13.8677 -4.9027 -4.25 -73.75 -4.5
3 16 -4.25 -73.75 -4.5 -5.2223 -13.8677 -4.9027 -5.2223 -73.75 -4.9027
3 16 -4.25 -133.6323 -8.5 -4.25 -73.75 -8.5 0.4976 -133.6323 -8.5
3 16 43.8135 -73.75 -8.5 43.8135 -85.4488 -8.5 -4.25 -73.75 -8.5
3 16 -4.25 -73.75 -8.5 43.8135 -85.4488 -8.5 0.4976 -133.6323 -8.5
3 16 -4.25 -13.8677 -8.5 -2.75 -13.8677 -10.25 -0.875 -13.8677 -9.7476
3 16 5.355 -10.4375 -4.5 5.355 -8.5 -4.5 5.0638 -10.4375 -2.75
3 16 5.0638 -10.4375 -2.75 5.355 -8.5 -4.5 5.0638 -8 -2.75
3 16 43.8135 -62.0512 -4.5 45.5424 -63.8149 -2.7106 65.0204 -62.0512 -4.5
3 16 65.0204 -62.0512 -4.5 45.5424 -63.8149 -2.7106 64.8952 -63.8149 -2.7106
3 16 43.8135 -62.0512 -4.5 43.8135 -73.75 -4.5 45.5424 -63.8149 -2.7106
3 16 45.5424 -63.8149 -2.7106 43.8135 -73.75 -4.5 45.5424 -73.75 -2.7106
3 16 55.5 -67.5 -10.2259 45.5424 -63.8149 -10.2259 65.4207 -63.8149 -10.2259
3 16 58.625 -68.3373 -10.2259 65.4207 -63.8149 -10.2259 60.9127 -70.625 -10.2259
3 16 55.5 -67.5 -10.2259 65.4207 -63.8149 -10.2259 58.625 -68.3373 -10.2259
3 16 45.5424 -63.8149 -10.2259 52.375 -68.3373 -10.2259 50.0874 -70.625 -10.2259
3 16 55.5 -67.5 -10.2259 52.375 -68.3373 -10.2259 45.5424 -63.8149 -10.2259
3 16 45.5424 -73.75 -10.2259 49.25 -73.75 -10.2259 45.5424 -83.6851 -10.2259
3 16 64.8952 -73.75 -2.7106 61.75 -73.75 -2.7106 64.8952 -83.6851 -2.7106
3 16 64.8952 -63.8149 -2.7106 55.5 -67.5 -2.7106 58.625 -68.3373 -2.7106
3 16 45.5424 -63.8149 -2.7106 52.375 -68.3373 -2.7106 55.5 -67.5 -2.7106
3 16 45.5424 -63.8149 -2.7106 55.5 -67.5 -2.7106 64.8952 -63.8149 -2.7106
3 16 49.25 -73.75 -2.7106 50.0874 -70.625 -2.7106 45.5424 -63.8149 -2.7106
3 16 45.5424 -63.8149 -2.7106 50.0874 -70.625 -2.7106 52.375 -68.3373 -2.7106
3 16 -6.5 -13.8677 -6.5 -5.625 -13.8677 -5.875 -5.9976 -13.8677 -4.625
3 16 -5.9976 -13.8677 -4.625 -5.625 -13.8677 -5.875 -5.2223 -13.8677 -4.9027
3 16 -5.625 -13.8677 -7.125 -5.625 -13.8677 -5.875 -6.5 -13.8677 -6.5
3 16 -4.625 -13.8677 -3.2524 -5.9976 -13.8677 -4.625 -4.25 -13.8677 -4.5
3 16 -4.25 -13.8677 -4.5 -5.9976 -13.8677 -4.625 -5.2223 -13.8677 -4.9027
3 16 -0.875 -13.8657 -3.22 -4.25 -13.8677 -4.5 0.4976 -13.8677 -4.5
3 16 -2.75 -13.8677 -2.75 -4.25 -13.8677 -4.5 -0.875 -13.8657 -3.22
3 16 -4.25 -13.8677 -8.5 -0.875 -13.8677 -9.7476 0.4976 -13.8677 -8.5
3 16 -4.625 -13.8677 -9.7476 -4.25 -13.8677 -8.5 -5.9976 -13.8677 -8.375
3 16 -5.9976 -13.8677 -8.375 -4.25 -13.8677 -8.5 -5.2223 -13.8677 -8.0973
3 16 -4.25 -13.8677 -8.5 -4.625 -13.8677 -9.7476 -2.75 -13.8677 -10.25
3 16 4.9584 -10.4375 -10.25 -0.875 -10.4375 -9.7476 -2.75 -10.4375 -10.25
3 16 -4.625 -8 -9.7476 -2.75 -10.4375 -10.25 -4.625 -13.8677 -9.7476
3 16 -4.625 -13.8677 -9.7476 -2.75 -10.4375 -10.25 -2.75 -13.8677 -10.25
3 16 -4.625 -8 -3.2524 -2.75 -10.4375 -2.75 -2.75 -8 -2.75
3 16 -0.875 -10.4356 -3.2372 0.4976 -10.4375 -4.5 5.0638 -10.4375 -2.75
3 16 5.0638 -10.4375 -2.75 0.4976 -10.4375 -4.5 5.355 -10.4375 -4.5
3 16 0.4976 -13.8677 -8.5 0.4976 -10.4375 -8.5 5.2809 -10.4375 -8.5
3 16 5.355 -10.4375 -4.5 65.0206 -8.5 -4.5 5.355 -8.5 -4.5
3 16 5.355 -10.4375 -4.5 43.8135 -62.0512 -4.5 65.0206 -8.5 -4.5
3 16 65.0206 -8.5 -4.5 43.8135 -62.0512 -4.5 65.0204 -62.0512 -4.5
3 16 0.4976 -13.8677 -4.5 43.8135 -62.0512 -4.5 5.355 -10.4375 -4.5
3 16 5.2809 -10.4375 -8.5 63.8251 -9.8749 -8.5 43.8135 -62.0512 -8.5
3 16 43.8135 -62.0512 -8.5 63.8251 -9.8749 -8.5 63.8251 -62.0512 -8.5
3 16 63.8251 -9.8749 -8.5 5.2809 -10.4375 -8.5 5.2809 -9.8749 -8.5
3 16 4.9584 -8 -10.25 5.2809 -9.8749 -8.5 4.9584 -10.4375 -10.25
3 16 4.9584 -10.4375 -10.25 5.2809 -9.8749 -8.5 5.2809 -10.4375 -8.5
3 16 5.725 -8.5 -6.4791 5.5939 -8.5 -7.1238 5.725 -8 -6.4791
3 16 5.725 -8 -6.4791 5.5939 -8.5 -7.1238 4.9584 -8 -10.25
3 16 4.9584 -8 -10.25 5.5939 -8.5 -7.1238 5.3501 -8.8173 -8.1827
3 16 5.0638 -8 -2.75 5.355 -8.5 -4.5 5.725 -8 -6.4791
3 16 5.725 -8 -6.4791 5.355 -8.5 -4.5 5.725 -8.5 -6.4791
3 16 -2.75 -8 -2.75 5.0638 -8 -2.75 -2.75 -8 -4.1181
3 16 5.0638 -8 -2.75 -1.5098 -8 -4.4875 -2.75 -8 -4.1181
3 16 5.0638 -8 -2.75 5.725 -8 -6.4791 -0.7345 -8 -5.2587
3 16 -0.7345 -8 -5.2587 5.725 -8 -6.4791 -0.3691 -8 -6.5
3 16 5.725 -8 -6.4791 4.9584 -8 -10.25 -0.3691 -8 -6.5
3 16 -0.3691 -8 -6.5 4.9584 -8 -10.25 -0.7351 -8 -7.7411
3 16 -2.75 -8 -10.25 -2.75 -8 -8.8799 4.9584 -8 -10.25
3 16 -1.5083 -8 -8.5167 4.9584 -8 -10.25 -2.75 -8 -8.8799
3 16 65.2039 -8.5 -7.126 5.725 -8.5 -6.4791 65.0206 -8.5 -4.5
3 16 65.0206 -8.5 -4.5 5.725 -8.5 -6.4791 5.355 -8.5 -4.5
3 16 65.4207 -73.75 -10.2259 64.8952 -73.75 -2.7106 65.4207 -83.6851 -10.2259
3 16 65.4207 -83.6851 -10.2259 64.8952 -73.75 -2.7106 64.8952 -83.6851 -2.7106
3 16 -2.75 -133.6323 -2.75 -4.625 -133.6323 -3.2524 -2.75 -137.0625 -2.75
3 16 -2.75 -137.0625 -2.75 -4.625 -133.6323 -3.2524 -4.625 -139.5 -3.2524
3 16 -3.9743 -140.2546 -5.2757 -2.75 -140.4896 -5.1557 -3.9921 -139.5 -4.4821
3 16 -3.9921 -139.5 -4.4821 -2.75 -140.4896 -5.1557 -2.75 -139.5 -4.1181
3 16 -0.7345 -139.5 -5.2587 -1.5098 -139.5 -4.4875 -1.5257 -140.2546 -5.2757
3 16 -0.875 -133.6343 -3.22 -0.875 -137.0644 -3.2372 0.4976 -133.6323 -4.5
3 16 0.4976 -133.6323 -4.5 -0.875 -137.0644 -3.2372 0.4976 -137.0625 -4.5
3 16 -2.75 -137.0625 -2.75 5.0638 -137.0625 -2.75 -0.875 -137.0644 -3.2372
3 16 -5.2223 -13.8677 -8.0973 -5.2223 -73.75 -8.0973 -5.625 -13.8677 -7.125
3 16 -5.625 -13.8677 -7.125 -5.2223 -73.75 -8.0973 -5.625 -73.75 -7.125
3 16 4.9584 -139.5 -10.25 -2.75 -139.5 -10.25 4.9584 -137.0625 -10.25
3 16 4.9584 -137.0625 -10.25 -2.75 -139.5 -10.25 -2.75 -137.0625 -10.25
3 16 -4.625 -139.5 -9.7476 -2.75 -137.0625 -10.25 -2.75 -139.5 -10.25
3 16 -5.9976 -133.6323 -8.375 -5.9976 -139.5 -8.375 -6.5 -133.6323 -6.5
3 16 -6.5 -133.6323 -6.5 -5.9976 -139.5 -8.375 -6.5 -139.5 -6.5
3 16 0.4976 -133.6323 -8.5 0.4976 -137.0625 -8.5 -0.875 -133.6323 -9.7476
3 16 -0.875 -133.6323 -9.7476 0.4976 -137.0625 -8.5 -0.875 -137.0625 -9.7476
3 16 0.4976 -133.6323 -8.5 43.8135 -85.4488 -8.5 5.2809 -137.0625 -8.5
3 16 -4.0943 -140.4896 -6.5 -3.9743 -140.2546 -7.7243 -2.75 -140.7854 -6.5
3 16 -2.75 -140.7854 -6.5 -3.9743 -140.2546 -7.7243 -2.75 -140.4896 -7.8443
3 16 -0.875 -133.6323 -9.7476 -0.875 -137.0625 -9.7476 -2.75 -133.6323 -10.25
3 16 -2.75 -133.6323 -10.25 -0.875 -137.0625 -9.7476 -2.75 -137.0625 -10.25
3 16 5.0638 -139.5 -2.75 5.0638 -137.0625 -2.75 -2.75 -139.5 -2.75
3 16 -2.75 -139.5 -2.75 5.0638 -137.0625 -2.75 -2.75 -137.0625 -2.75
3 16 -5.9976 -133.6323 -8.375 -4.625 -133.6323 -9.7476 -5.9976 -139.5 -8.375
3 16 -5.9976 -139.5 -8.375 -4.625 -133.6323 -9.7476 -4.625 -139.5 -9.7476
3 16 -2.75 -140.4896 -5.1557 -3.9743 -140.2546 -5.2757 -2.75 -140.7854 -6.5
3 16 -2.75 -140.7854 -6.5 -3.9743 -140.2546 -5.2757 -4.0943 -140.4896 -6.5
3 16 -0.3691 -139.5 -6.5 -0.7345 -139.5 -5.2587 -1.4057 -140.4896 -6.5
3 16 -1.4057 -140.4896 -6.5 -0.7345 -139.5 -5.2587 -1.5257 -140.2546 -5.2757
3 16 -2.75 -140.4896 -7.8443 -1.5257 -140.2546 -7.7243 -2.75 -140.7854 -6.5
3 16 -2.75 -140.7854 -6.5 -1.5257 -140.2546 -7.7243 -1.4057 -140.4896 -6.5
3 16 -1.4057 -140.4896 -6.5 -1.5257 -140.2546 -5.2757 -2.75 -140.7854 -6.5
3 16 -2.75 -140.7854 -6.5 -1.5257 -140.2546 -5.2757 -2.75 -140.4896 -5.1557
3 16 -1.5257 -140.2546 -5.2757 -1.5098 -139.5 -4.4875 -2.75 -140.4896 -5.1557
3 16 -2.75 -140.4896 -5.1557 -1.5098 -139.5 -4.4875 -2.75 -139.5 -4.1181
3 16 -3.9743 -140.2546 -5.2757 -4.767 -139.5 -5.2582 -4.0943 -140.4896 -6.5
3 16 -4.0943 -140.4896 -6.5 -4.767 -139.5 -5.2582 -5.1284 -139.5 -6.5
3 16 -4.767 -139.5 -5.2582 -3.9743 -140.2546 -5.2757 -3.9921 -139.5 -4.4821
3 16 -3.9743 -140.2546 -7.7243 -3.9913 -139.5 -8.5156 -2.75 -140.4896 -7.8443
3 16 -2.75 -140.4896 -7.8443 -3.9913 -139.5 -8.5156 -2.75 -139.5 -8.8799
3 16 -1.5083 -139.5 -8.5167 -0.7351 -139.5 -7.7411 -1.5257 -140.2546 -7.7243
3 16 -4.7666 -139.5 -7.7417 -3.9913 -139.5 -8.5156 -3.9743 -140.2546 -7.7243
3 16 -5.9976 -139.5 -8.375 -4.625 -139.5 -9.7476 -4.7666 -139.5 -7.7417
3 16 -4.7666 -139.5 -7.7417 -4.625 -139.5 -9.7476 -3.9913 -139.5 -8.5156
3 16 -1.5257 -140.2546 -7.7243 -0.7351 -139.5 -7.7411 -1.4057 -140.4896 -6.5
3 16 -1.4057 -140.4896 -6.5 -0.7351 -139.5 -7.7411 -0.3691 -139.5 -6.5
3 16 -0.7351 -139.5 -7.7411 -1.5083 -139.5 -8.5167 4.9584 -139.5 -10.25
3 16 5.0638 -139.5 -2.75 -1.5098 -139.5 -4.4875 -0.7345 -139.5 -5.2587
3 16 -2.75 -139.5 -10.25 -2.75 -139.5 -8.8799 -4.625 -139.5 -9.7476
3 16 -4.625 -139.5 -9.7476 -2.75 -139.5 -8.8799 -3.9913 -139.5 -8.5156
3 16 -4.625 -139.5 -3.2524 -5.9976 -139.5 -4.625 -3.9921 -139.5 -4.4821
3 16 -3.9921 -139.5 -4.4821 -5.9976 -139.5 -4.625 -4.767 -139.5 -5.2582
3 16 -6.5 -139.5 -6.5 -5.1284 -139.5 -6.5 -5.9976 -139.5 -4.625
3 16 -5.9976 -139.5 -4.625 -5.1284 -139.5 -6.5 -4.767 -139.5 -5.2582
3 16 -2.75 -139.5 -8.8799 -1.5083 -139.5 -8.5167 -2.75 -140.4896 -7.8443
3 16 -2.75 -140.4896 -7.8443 -1.5083 -139.5 -8.5167 -1.5257 -140.2546 -7.7243
3 16 -5.1284 -139.5 -6.5 -4.7666 -139.5 -7.7417 -4.0943 -140.4896 -6.5
3 16 -4.0943 -140.4896 -6.5 -4.7666 -139.5 -7.7417 -3.9743 -140.2546 -7.7243
3 16 -6.5 -139.5 -6.5 -5.9976 -139.5 -8.375 -5.1284 -139.5 -6.5
3 16 -5.1284 -139.5 -6.5 -5.9976 -139.5 -8.375 -4.7666 -139.5 -7.7417
3 16 -2.75 -139.5 -2.75 -4.625 -139.5 -3.2524 -2.75 -139.5 -4.1181
3 16 -2.75 -139.5 -4.1181 -4.625 -139.5 -3.2524 -3.9921 -139.5 -4.4821
3 16 -5.2223 -133.6323 -8.0973 -5.9976 -133.6323 -8.375 -5.625 -133.6323 -7.125
3 16 -5.625 -133.6323 -7.125 -5.9976 -133.6323 -8.375 -6.5 -133.6323 -6.5
3 16 -5.9976 -139.5 -4.625 -5.9976 -133.6323 -4.625 -6.5 -139.5 -6.5
3 16 -6.5 -139.5 -6.5 -5.9976 -133.6323 -4.625 -6.5 -133.6323 -6.5
3 16 -4.625 -139.5 -3.2524 -4.625 -133.6323 -3.2524 -5.9976 -139.5 -4.625
3 16 -5.9976 -139.5 -4.625 -4.625 -133.6323 -3.2524 -5.9976 -133.6323 -4.625
3 16 -4.625 -133.6323 -3.2524 -2.75 -133.6323 -2.75 -4.25 -133.6323 -4.5
3 16 -0.875 -137.0644 -3.2372 -0.875 -133.6343 -3.22 -2.75 -137.0625 -2.75
3 16 -2.75 -137.0625 -2.75 -0.875 -133.6343 -3.22 -2.75 -133.6323 -2.75
3 16 65.2039 -139 -7.126 5.5939 -139 -7.1238 64.8827 -138.6827 -8.1827
3 16 64.8827 -138.6827 -8.1827 5.5939 -139 -7.1238 5.3501 -138.6827 -8.1827
3 16 64.8827 -85.4488 -8.1827 65.2039 -85.4488 -7.1253 64.8827 -138.6827 -8.1827
3 16 64.8827 -138.6827 -8.1827 65.2039 -85.4488 -7.1253 65.2039 -139 -7.126
3 16 64.8827 -138.6827 -8.1827 5.3501 -138.6827 -8.1827 63.8251 -137.6251 -8.5
3 16 63.8251 -137.6251 -8.5 5.3501 -138.6827 -8.1827 5.2809 -137.6251 -8.5
3 16 63.8251 -85.4488 -8.5 64.8827 -85.4488 -8.1827 63.8251 -137.6251 -8.5
3 16 63.8251 -137.6251 -8.5 64.8827 -85.4488 -8.1827 64.8827 -138.6827 -8.1827
3 16 5.725 -139 -6.4791 5.5939 -139 -7.1238 65.2039 -139 -7.126
3 16 65.4207 -83.6851 -10.2259 63.8251 -85.4488 -8.5 45.5424 -83.6851 -10.2259
3 16 45.5424 -83.6851 -10.2259 63.8251 -85.4488 -8.5 43.8135 -85.4488 -8.5
3 16 65.4207 -83.6851 -10.2259 64.8952 -83.6851 -2.7106 65.2039 -85.4488 -7.1253
3 16 65.2039 -85.4488 -7.1253 64.8952 -83.6851 -2.7106 65.0204 -85.4488 -4.5
3 16 59.1806 -75.875 1.675 60.9127 -76.875 1.675 59.75 -73.75 1.675
3 16 59.75 -73.75 1.675 60.9127 -76.875 1.675 61.75 -73.75 1.675
3 16 57.625 -77.4306 1.675 58.625 -79.1626 1.675 59.1806 -75.875 1.675
3 16 59.1806 -75.875 1.675 58.625 -79.1626 1.675 60.9127 -76.875 1.675
3 16 55.5 -78 1.675 55.5 -80 1.675 57.625 -77.4306 1.675
3 16 57.625 -77.4306 1.675 55.5 -80 1.675 58.625 -79.1626 1.675
3 16 53.375 -77.4306 1.675 52.375 -79.1626 1.675 55.5 -78 1.675
3 16 55.5 -78 1.675 52.375 -79.1626 1.675 55.5 -80 1.675
3 16 51.8194 -75.875 1.675 50.0874 -76.875 1.675 53.375 -77.4306 1.675
3 16 53.375 -77.4306 1.675 50.0874 -76.875 1.675 52.375 -79.1626 1.675
3 16 49.25 -73.75 1.675 50.0874 -76.875 1.675 51.25 -73.75 1.675
3 16 51.25 -73.75 1.675 50.0874 -76.875 1.675 51.8194 -75.875 1.675
3 16 61.75 -73.75 1.675 60.9127 -76.875 1.675 61.75 -73.75 -2.7106
3 16 61.75 -73.75 -2.7106 60.9127 -76.875 1.675 60.9127 -76.875 -2.7106
3 16 50.0874 -76.875 -2.7106 50.0874 -76.875 1.675 49.25 -73.75 -2.7106
3 16 49.25 -73.75 -2.7106 50.0874 -76.875 1.675 49.25 -73.75 1.675
3 16 55.5 -73.75 -3.25 59.1806 -75.875 -3.25 59.75 -73.75 -3.25
3 16 59.1806 -75.875 -3.25 59.1806 -75.875 1.675 59.75 -73.75 -3.25
3 16 59.75 -73.75 -3.25 59.1806 -75.875 1.675 59.75 -73.75 1.675
3 16 60.9127 -76.875 -2.7106 60.9127 -76.875 1.675 58.625 -79.1626 -2.7106
3 16 58.625 -79.1626 -2.7106 60.9127 -76.875 1.675 58.625 -79.1626 1.675
3 16 58.625 -79.1626 -2.7106 58.625 -79.1626 1.675 55.5 -80 -2.7106
3 16 55.5 -80 -2.7106 58.625 -79.1626 1.675 55.5 -80 1.675
3 16 55.5 -80 -2.7106 55.5 -80 1.675 52.375 -79.1626 -2.7106
3 16 52.375 -79.1626 -2.7106 55.5 -80 1.675 52.375 -79.1626 1.675
3 16 64.8952 -83.6851 -2.7106 60.9127 -76.875 -2.7106 58.625 -79.1626 -2.7106
3 16 52.375 -79.1626 -2.7106 52.375 -79.1626 1.675 50.0874 -76.875 -2.7106
3 16 50.0874 -76.875 -2.7106 52.375 -79.1626 1.675 50.0874 -76.875 1.675
3 16 59.1806 -75.875 -3.25 55.5 -73.75 -3.25 57.625 -77.4306 -3.25
3 16 57.625 -77.4306 -3.25 57.625 -77.4306 1.675 59.1806 -75.875 -3.25
3 16 59.1806 -75.875 -3.25 57.625 -77.4306 1.675 59.1806 -75.875 1.675
3 16 57.625 -77.4306 -3.25 55.5 -73.75 -3.25 55.5 -78 -3.25
3 16 55.5 -78 -3.25 55.5 -78 1.675 57.625 -77.4306 -3.25
3 16 57.625 -77.4306 -3.25 55.5 -78 1.675 57.625 -77.4306 1.675
3 16 55.5 -78 -3.25 55.5 -73.75 -3.25 53.375 -77.4306 -3.25
3 16 53.375 -77.4306 -3.25 53.375 -77.4306 1.675 55.5 -78 -3.25
3 16 55.5 -78 -3.25 53.375 -77.4306 1.675 55.5 -78 1.675
3 16 53.375 -77.4306 -3.25 55.5 -73.75 -3.25 51.8194 -75.875 -3.25
3 16 51.8194 -75.875 -3.25 51.8194 -75.875 1.675 53.375 -77.4306 -3.25
3 16 53.375 -77.4306 -3.25 51.8194 -75.875 1.675 53.375 -77.4306 1.675
3 16 51.8194 -75.875 -3.25 55.5 -73.75 -3.25 51.25 -73.75 -3.25
3 16 51.25 -73.75 1.675 51.8194 -75.875 1.675 51.25 -73.75 -3.25
3 16 51.25 -73.75 -3.25 51.8194 -75.875 1.675 51.8194 -75.875 -3.25
3 16 51.8194 -75.875 -14.675 50.0874 -76.875 -14.675 51.25 -73.75 -14.675
3 16 51.25 -73.75 -14.675 50.0874 -76.875 -14.675 49.25 -73.75 -14.675
3 16 53.375 -77.4306 -14.675 52.375 -79.1626 -14.675 51.8194 -75.875 -14.675
3 16 51.8194 -75.875 -14.675 52.375 -79.1626 -14.675 50.0874 -76.875 -14.675
3 16 55.5 -78 -14.675 55.5 -80 -14.675 53.375 -77.4306 -14.675
3 16 53.375 -77.4306 -14.675 55.5 -80 -14.675 52.375 -79.1626 -14.675
3 16 57.625 -77.4306 -14.675 58.625 -79.1626 -14.675 55.5 -78 -14.675
3 16 55.5 -78 -14.675 58.625 -79.1626 -14.675 55.5 -80 -14.675
3 16 59.1806 -75.875 -14.675 60.9127 -76.875 -14.675 57.625 -77.4306 -14.675
3 16 57.625 -77.4306 -14.675 60.9127 -76.875 -14.675 58.625 -79.1626 -14.675
3 16 61.75 -73.75 -14.675 60.9127 -76.875 -14.675 59.75 -73.75 -14.675
3 16 59.75 -73.75 -14.675 60.9127 -76.875 -14.675 59.1806 -75.875 -14.675
3 16 60.9127 -76.875 -10.2259 60.9127 -76.875 -14.675 61.75 -73.75 -10.2259
3 16 61.75 -73.75 -10.2259 60.9127 -76.875 -14.675 61.75 -73.75 -14.675
3 16 55.5 -73.75 -7 51.8194 -75.875 -7 51.25 -73.75 -7
3 16 51.8194 -75.875 -7 51.8194 -75.875 -14.675 51.25 -73.75 -7
3 16 51.25 -73.75 -7 51.8194 -75.875 -14.675 51.25 -73.75 -14.675
3 16 49.25 -73.75 -14.675 50.0874 -76.875 -14.675 49.25 -73.75 -10.2259
3 16 49.25 -73.75 -10.2259 50.0874 -76.875 -14.675 50.0874 -76.875 -10.2259
3 16 50.0874 -76.875 -10.2259 50.0874 -76.875 -14.675 52.375 -79.1626 -10.2259
3 16 52.375 -79.1626 -10.2259 50.0874 -76.875 -14.675 52.375 -79.1626 -14.675
3 16 52.375 -79.1626 -10.2259 52.375 -79.1626 -14.675 55.5 -80 -10.2259
3 16 55.5 -80 -10.2259 52.375 -79.1626 -14.675 55.5 -80 -14.675
3 16 55.5 -80 -10.2259 55.5 -80 -14.675 58.625 -79.1626 -10.2259
3 16 58.625 -79.1626 -10.2259 55.5 -80 -14.675 58.625 -79.1626 -14.675
3 16 58.625 -79.1626 -10.2259 58.625 -79.1626 -14.675 60.9127 -76.875 -10.2259
3 16 60.9127 -76.875 -10.2259 58.625 -79.1626 -14.675 60.9127 -76.875 -14.675
3 16 51.8194 -75.875 -7 55.5 -73.75 -7 53.375 -77.4306 -7
3 16 53.375 -77.4306 -7 53.375 -77.4306 -14.675 51.8194 -75.875 -7
3 16 51.8194 -75.875 -7 53.375 -77.4306 -14.675 51.8194 -75.875 -14.675
3 16 53.375 -77.4306 -7 55.5 -73.75 -7 55.5 -78 -7
3 16 55.5 -78 -7 55.5 -78 -14.675 53.375 -77.4306 -7
3 16 53.375 -77.4306 -7 55.5 -78 -14.675 53.375 -77.4306 -14.675
3 16 55.5 -78 -7 55.5 -73.75 -7 57.625 -77.4306 -7
3 16 57.625 -77.4306 -7 57.625 -77.4306 -14.675 55.5 -78 -7
3 16 55.5 -78 -7 57.625 -77.4306 -14.675 55.5 -78 -14.675
3 16 57.625 -77.4306 -7 55.5 -73.75 -7 59.1806 -75.875 -7
3 16 59.1806 -75.875 -7 59.1806 -75.875 -14.675 57.625 -77.4306 -7
3 16 57.625 -77.4306 -7 59.1806 -75.875 -14.675 57.625 -77.4306 -14.675
3 16 59.1806 -75.875 -7 55.5 -73.75 -7 59.75 -73.75 -7
3 16 59.75 -73.75 -14.675 59.1806 -75.875 -14.675 59.75 -73.75 -7
3 16 59.75 -73.75 -7 59.1806 -75.875 -14.675 59.1806 -75.875 -7
3 16 65.2039 -85.4488 -7.1253 64.8827 -85.4488 -8.1827 65.4207 -83.6851 -10.2259
3 16 65.4207 -83.6851 -10.2259 64.8827 -85.4488 -8.1827 63.8251 -85.4488 -8.5
3 16 65.0206 -139 -4.5 65.2039 -139 -7.126 65.0204 -85.4488 -4.5
3 16 65.0204 -85.4488 -4.5 65.2039 -139 -7.126 65.2039 -85.4488 -7.1253
3 16 4.9584 -139.5 -10.25 5.2809 -137.6251 -8.5 5.3501 -138.6827 -8.1827
3 16 -0.875 -137.0625 -9.7476 0.4976 -137.0625 -8.5 4.9584 -137.0625 -10.25
3 16 4.9584 -137.0625 -10.25 0.4976 -137.0625 -8.5 5.2809 -137.0625 -8.5
3 16 0.4976 -133.6323 -4.5 0.4976 -137.0625 -4.5 5.355 -137.0625 -4.5
3 16 -4.25 -73.75 -8.5 -5.2223 -73.75 -8.0973 -4.25 -13.8677 -8.5
3 16 -4.25 -13.8677 -8.5 -5.2223 -73.75 -8.0973 -5.2223 -13.8677 -8.0973
3 16 -4.25 -133.6323 -8.5 -0.875 -133.6323 -9.7476 -2.75 -133.6323 -10.25
3 16 5.355 -137.0625 -4.5 5.0638 -137.0625 -2.75 5.355 -139 -4.5
3 16 5.355 -139 -4.5 5.0638 -137.0625 -2.75 5.0638 -139.5 -2.75
3 16 64.8952 -83.6851 -2.7106 45.5424 -83.6851 -2.7106 65.0204 -85.4488 -4.5
3 16 65.0204 -85.4488 -4.5 45.5424 -83.6851 -2.7106 43.8135 -85.4488 -4.5
3 16 55.5 -80 -10.2259 65.4207 -83.6851 -10.2259 45.5424 -83.6851 -10.2259
3 16 58.625 -79.1626 -10.2259 60.9127 -76.875 -10.2259 65.4207 -83.6851 -10.2259
3 16 55.5 -80 -10.2259 58.625 -79.1626 -10.2259 65.4207 -83.6851 -10.2259
3 16 45.5424 -83.6851 -10.2259 50.0874 -76.875 -10.2259 52.375 -79.1626 -10.2259
3 16 55.5 -80 -10.2259 45.5424 -83.6851 -10.2259 52.375 -79.1626 -10.2259
3 16 64.8952 -83.6851 -2.7106 58.625 -79.1626 -2.7106 55.5 -80 -2.7106
3 16 45.5424 -83.6851 -2.7106 55.5 -80 -2.7106 52.375 -79.1626 -2.7106
3 16 45.5424 -83.6851 -2.7106 64.8952 -83.6851 -2.7106 55.5 -80 -2.7106
3 16 45.5424 -83.6851 -2.7106 52.375 -79.1626 -2.7106 50.0874 -76.875 -2.7106
3 16 -6.5 -133.6323 -6.5 -5.9976 -133.6323 -4.625 -5.625 -133.6323 -5.875
3 16 -5.625 -133.6323 -5.875 -5.9976 -133.6323 -4.625 -5.2223 -133.6323 -4.9027
3 16 -5.625 -133.6323 -7.125 -6.5 -133.6323 -6.5 -5.625 -133.6323 -5.875
3 16 -4.625 -133.6323 -3.2524 -4.25 -133.6323 -4.5 -5.9976 -133.6323 -4.625
3 16 -5.9976 -133.6323 -4.625 -4.25 -133.6323 -4.5 -5.2223 -133.6323 -4.9027
3 16 -0.875 -133.6343 -3.22 0.4976 -133.6323 -4.5 -4.25 -133.6323 -4.5
3 16 -2.75 -133.6323 -2.75 -0.875 -133.6343 -3.22 -4.25 -133.6323 -4.5
3 16 -4.25 -133.6323 -8.5 0.4976 -133.6323 -8.5 -0.875 -133.6323 -9.7476
3 16 -5.2223 -133.6323 -8.0973 -4.25 -133.6323 -8.5 -5.9976 -133.6323 -8.375
3 16 -5.9976 -133.6323 -8.375 -4.25 -133.6323 -8.5 -4.625 -133.6323 -9.7476
3 16 -4.25 -133.6323 -8.5 -2.75 -133.6323 -10.25 -4.625 -133.6323 -9.7476
3 16 4.9584 -137.0625 -10.25 -2.75 -137.0625 -10.25 -0.875 -137.0625 -9.7476
3 16 -4.625 -139.5 -9.7476 -4.625 -133.6323 -9.7476 -2.75 -137.0625 -10.25
3 16 -2.75 -137.0625 -10.25 -4.625 -133.6323 -9.7476 -2.75 -133.6323 -10.25
3 16 -4.625 -139.5 -3.2524 -2.75 -139.5 -2.75 -2.75 -137.0625 -2.75
3 16 5.355 -137.0625 -4.5 0.4976 -137.0625 -4.5 5.0638 -137.0625 -2.75
3 16 5.0638 -137.0625 -2.75 0.4976 -137.0625 -4.5 -0.875 -137.0644 -3.2372
3 16 0.4976 -133.6323 -8.5 5.2809 -137.0625 -8.5 0.4976 -137.0625 -8.5
3 16 43.8135 -73.75 -4.5 -4.25 -73.75 -4.5 43.8135 -85.4488 -4.5
3 16 -4.25 -133.6323 -4.5 0.4976 -133.6323 -4.5 -4.25 -73.75 -4.5
3 16 -4.25 -73.75 -4.5 0.4976 -133.6323 -4.5 43.8135 -85.4488 -4.5
3 16 5.355 -137.0625 -4.5 5.355 -139 -4.5 65.0206 -139 -4.5
3 16 5.355 -137.0625 -4.5 65.0206 -139 -4.5 43.8135 -85.4488 -4.5
3 16 43.8135 -85.4488 -4.5 65.0206 -139 -4.5 65.0204 -85.4488 -4.5
3 16 0.4976 -133.6323 -4.5 5.355 -137.0625 -4.5 43.8135 -85.4488 -4.5
3 16 63.8251 -85.4488 -8.5 63.8251 -137.6251 -8.5 43.8135 -85.4488 -8.5
3 16 43.8135 -85.4488 -8.5 63.8251 -137.6251 -8.5 5.2809 -137.0625 -8.5
3 16 63.8251 -137.6251 -8.5 5.2809 -137.6251 -8.5 5.2809 -137.0625 -8.5
3 16 4.9584 -139.5 -10.25 4.9584 -137.0625 -10.25 5.2809 -137.6251 -8.5
3 16 5.2809 -137.6251 -8.5 4.9584 -137.0625 -10.25 5.2809 -137.0625 -8.5
3 16 5.725 -139 -6.4791 5.725 -139.5 -6.4791 5.5939 -139 -7.1238
3 16 5.5939 -139 -7.1238 5.725 -139.5 -6.4791 4.9584 -139.5 -10.25
3 16 4.9584 -139.5 -10.25 5.3501 -138.6827 -8.1827 5.5939 -139 -7.1238
3 16 5.0638 -139.5 -2.75 5.725 -139.5 -6.4791 5.355 -139 -4.5
3 16 5.355 -139 -4.5 5.725 -139.5 -6.4791 5.725 -139 -6.4791
3 16 -2.75 -139.5 -2.75 -2.75 -139.5 -4.1181 5.0638 -139.5 -2.75
3 16 5.0638 -139.5 -2.75 -2.75 -139.5 -4.1181 -1.5098 -139.5 -4.4875
3 16 5.0638 -139.5 -2.75 -0.7345 -139.5 -5.2587 5.725 -139.5 -6.4791
3 16 5.725 -139.5 -6.4791 -0.7345 -139.5 -5.2587 -0.3691 -139.5 -6.5
3 16 5.725 -139.5 -6.4791 -0.3691 -139.5 -6.5 4.9584 -139.5 -10.25
3 16 4.9584 -139.5 -10.25 -0.3691 -139.5 -6.5 -0.7351 -139.5 -7.7411
3 16 -2.75 -139.5 -10.25 4.9584 -139.5 -10.25 -2.75 -139.5 -8.8799
3 16 -1.5083 -139.5 -8.5167 -2.75 -139.5 -8.8799 4.9584 -139.5 -10.25
3 16 5.355 -139 -4.5 5.725 -139 -6.4791 65.0206 -139 -4.5
3 16 65.0206 -139 -4.5 5.725 -139 -6.4791 65.2039 -139 -7.126
3 16 49.25 -73.75 -2.7106 45.5424 -83.6851 -2.7106 50.0874 -76.875 -2.7106
3 16 49.25 -73.75 -2.7106 45.5424 -73.75 -2.7106 45.5424 -83.6851 -2.7106
3 16 64.8952 -63.8149 -2.7106 60.9127 -70.625 -2.7106 61.75 -73.75 -2.7106
3 16 64.8952 -83.6851 -2.7106 61.75 -73.75 -2.7106 60.9127 -76.875 -2.7106
3 16 61.75 -73.75 -10.2259 65.4207 -83.6851 -10.2259 60.9127 -76.875 -10.2259
3 16 61.75 -73.75 -10.2259 65.4207 -63.8149 -10.2259 65.4207 -73.75 -10.2259
3 16 45.5424 -63.8149 -10.2259 50.0874 -70.625 -10.2259 49.25 -73.75 -10.2259
3 16 45.5424 -83.6851 -10.2259 49.25 -73.75 -10.2259 50.0874 -76.875 -10.2259
3 16 65.4207 -63.8149 -10.2259 64.8952 -63.8149 -2.7106 65.4207 -73.75 -10.2259
3 16 65.4207 -73.75 -10.2259 64.8952 -63.8149 -2.7106 64.8952 -73.75 -2.7106
3 16 -4.25 -133.6323 -8.5 -5.2223 -133.6323 -8.0973 -4.25 -73.75 -8.5
3 16 -4.25 -73.75 -8.5 -5.2223 -133.6323 -8.0973 -5.2223 -73.75 -8.0973
3 16 -5.625 -73.75 -7.125 -5.2223 -73.75 -8.0973 -5.625 -133.6323 -7.125
3 16 -5.625 -133.6323 -7.125 -5.2223 -73.75 -8.0973 -5.2223 -133.6323 -8.0973
3 16 -5.625 -73.75 -5.875 -5.625 -73.75 -7.125 -5.625 -133.6323 -5.875
3 16 -5.625 -133.6323 -5.875 -5.625 -73.75 -7.125 -5.625 -133.6323 -7.125
3 16 -5.2223 -73.75 -4.9027 -5.625 -73.75 -5.875 -5.2223 -133.6323 -4.9027
3 16 -5.2223 -133.6323 -4.9027 -5.625 -73.75 -5.875 -5.625 -133.6323 -5.875
3 16 -4.25 -73.75 -4.5 -5.2223 -73.75 -4.9027 -4.25 -133.6323 -4.5
3 16 -4.25 -133.6323 -4.5 -5.2223 -73.75 -4.9027 -5.2223 -133.6323 -4.9027
3 16 43.8135 -62.0512 -8.5 45.5424 -63.8149 -10.2259 43.8135 -73.75 -8.5
3 16 43.8135 -73.75 -8.5 45.5424 -63.8149 -10.2259 45.5424 -73.75 -10.2259
3 16 43.8135 -73.75 -8.5 -4.25 -73.75 -8.5 43.8135 -62.0512 -8.5
3 16 -4.25 -13.8677 -8.5 0.4976 -13.8677 -8.5 -4.25 -73.75 -8.5
3 16 -4.25 -73.75 -8.5 0.4976 -13.8677 -8.5 43.8135 -62.0512 -8.5
3 16 45.5424 -63.8149 -10.2259 49.25 -73.75 -10.2259 45.5424 -73.75 -10.2259
3 16 45.5424 -73.75 -2.7106 43.8135 -73.75 -4.5 45.5424 -83.6851 -2.7106
3 16 45.5424 -83.6851 -2.7106 43.8135 -73.75 -4.5 43.8135 -85.4488 -4.5
3 16 49.25 -73.75 -2.7106 45.5424 -63.8149 -2.7106 45.5424 -73.75 -2.7106
3 16 -4.25 -13.8677 -4.5 -4.25 -73.75 -4.5 0.4976 -13.8677 -4.5
3 16 43.8135 -73.75 -4.5 43.8135 -62.0512 -4.5 -4.25 -73.75 -4.5
3 16 -4.25 -73.75 -4.5 43.8135 -62.0512 -4.5 0.4976 -13.8677 -4.5
3 16 64.8952 -63.8149 -2.7106 61.75 -73.75 -2.7106 64.8952 -73.75 -2.7106
3 16 61.75 -73.75 -10.2259 65.4207 -73.75 -10.2259 65.4207 -83.6851 -10.2259
2 24 -5.2223 -13.8677 -4.9027 -5.625 -13.8677 -5.875
2 24 -5.2223 -13.8677 -4.9027 -5.2223 -73.75 -4.9027
2 24 -5.625 -13.8677 -5.875 -5.625 -13.8677 -7.125
2 24 -2.75 -13.8677 -2.75 -4.625 -13.8677 -3.2524
2 24 -2.75 -8 -4.1181 -3.9921 -8 -4.4821
2 24 -0.7345 -8 -5.2587 -1.5098 -8 -4.4875
2 24 0.4976 -10.4375 -4.5 -0.875 -10.4356 -3.2372
2 24 0.4976 -10.4375 -4.5 0.4976 -13.8677 -4.5
2 24 0.4976 -13.8677 -4.5 -0.875 -13.8657 -3.22
2 24 -2.75 -10.4375 -2.75 -0.875 -10.4356 -3.2372
2 24 -2.75 -10.4375 -2.75 5.0638 -10.4375 -2.75
2 24 4.9584 -8 -10.25 4.9584 -10.4375 -10.25
2 24 4.9584 -8 -10.25 -2.75 -8 -10.25
2 24 4.9584 -10.4375 -10.25 -2.75 -10.4375 -10.25
2 24 -2.75 -8 -10.25 -4.625 -8 -9.7476
2 24 -5.9976 -13.8677 -8.375 -6.5 -13.8677 -6.5
2 24 -5.9976 -8 -8.375 -6.5 -8 -6.5
2 24 0.4976 -13.8677 -8.5 -0.875 -13.8677 -9.7476
2 24 0.4976 -13.8677 -8.5 0.4976 -10.4375 -8.5
2 24 0.4976 -10.4375 -8.5 -0.875 -10.4375 -9.7476
2 24 -0.875 -13.8677 -9.7476 -2.75 -13.8677 -10.25
2 24 -2.75 -10.4375 -10.25 -0.875 -10.4375 -9.7476
2 24 5.0638 -8 -2.75 -2.75 -8 -2.75
2 24 5.0638 -8 -2.75 5.0638 -10.4375 -2.75
2 24 -2.75 -10.4375 -2.75 5.0638 -10.4375 -2.75
2 24 -5.9976 -13.8677 -8.375 -4.625 -13.8677 -9.7476
2 24 -4.625 -8 -9.7476 -5.9976 -8 -8.375
2 24 -0.7345 -8 -5.2587 -0.3691 -8 -6.5
2 24 -2.75 -8 -4.1181 -1.5098 -8 -4.4875
2 24 -4.767 -8 -5.2582 -5.1284 -8 -6.5
2 24 -3.9921 -8 -4.4821 -4.767 -8 -5.2582
2 24 -2.75 -8 -8.8799 -3.9913 -8 -8.5156
2 24 -1.5083 -8 -8.5167 -0.7351 -8 -7.7411
2 24 -3.9913 -8 -8.5156 -4.7666 -8 -7.7417
2 24 -5.9976 -8 -8.375 -4.625 -8 -9.7476
2 24 -4.7666 -8 -7.7417 -3.9913 -8 -8.5156
2 24 -0.3691 -8 -6.5 -0.7351 -8 -7.7411
2 24 -0.7351 -8 -7.7411 -1.5083 -8 -8.5167
2 24 -0.7345 -8 -5.2587 -1.5098 -8 -4.4875
2 24 -3.9913 -8 -8.5156 -2.75 -8 -8.8799
2 24 -4.625 -8 -9.7476 -2.75 -8 -10.25
2 24 -4.625 -8 -3.2524 -5.9976 -8 -4.625
2 24 -3.9921 -8 -4.4821 -4.767 -8 -5.2582
2 24 -4.767 -8 -5.2582 -5.1284 -8 -6.5
2 24 -5.9976 -8 -4.625 -6.5 -8 -6.5
2 24 -2.75 -8 -8.8799 -1.5083 -8 -8.5167
2 24 -5.1284 -8 -6.5 -4.7666 -8 -7.7417
2 24 -5.9976 -8 -8.375 -6.5 -8 -6.5
2 24 -4.7666 -8 -7.7417 -5.1284 -8 -6.5
2 24 -4.625 -8 -3.2524 -2.75 -8 -2.75
2 24 -3.9921 -8 -4.4821 -2.75 -8 -4.1181
2 24 -6.5 -13.8677 -6.5 -5.9976 -13.8677 -8.375
2 24 -5.625 -13.8677 -7.125 -5.2223 -13.8677 -8.0973
2 24 -6.5 -8 -6.5 -5.9976 -8 -4.625
2 24 -6.5 -13.8677 -6.5 -5.9976 -13.8677 -4.625
2 24 -4.625 -8 -3.2524 -5.9976 -8 -4.625
2 24 -4.625 -13.8677 -3.2524 -5.9976 -13.8677 -4.625
2 24 -4.625 -13.8677 -3.2524 -2.75 -13.8677 -2.75
2 24 -2.75 -13.8677 -2.75 -0.875 -13.8657 -3.22
2 24 -2.75 -10.4375 -2.75 -0.875 -10.4356 -3.2372
2 24 65.2039 -8.5 -7.126 64.8827 -8.8173 -8.1827
2 24 64.8827 -8.8173 -8.1827 5.3501 -8.8173 -8.1827
2 24 5.5939 -8.5 -7.1238 5.3501 -8.8173 -8.1827
2 24 65.2039 -8.5 -7.126 64.8827 -8.8173 -8.1827
2 24 64.8827 -8.8173 -8.1827 64.8827 -62.0512 -8.1827
2 24 64.8827 -8.8173 -8.1827 63.8251 -9.8749 -8.5
2 24 5.3501 -8.8173 -8.1827 5.2809 -9.8749 -8.5
2 24 64.8827 -8.8173 -8.1827 63.8251 -9.8749 -8.5
2 24 64.8827 -62.0512 -8.1827 63.8251 -62.0512 -8.5
2 24 5.5939 -8.5 -7.1238 5.725 -8.5 -6.4791
2 24 45.5424 -73.75 -10.2259 45.5424 -83.6851 -10.2259
2 24 45.5424 -83.6851 -10.2259 43.8135 -85.4488 -8.5
2 24 43.8135 -73.75 -8.5 43.8135 -85.4488 -8.5
2 24 65.4207 -63.8149 -10.2259 45.5424 -63.8149 -10.2259
2 24 45.5424 -63.8149 -10.2259 43.8135 -62.0512 -8.5
2 24 63.8251 -62.0512 -8.5 43.8135 -62.0512 -8.5
2 24 65.0204 -62.0512 -4.5 64.8952 -63.8149 -2.7106
2 24 59.1806 -71.625 1.675 59.75 -73.75 1.675
2 24 60.9127 -70.625 1.675 61.75 -73.75 1.675
2 24 59.1806 -71.625 1.675 57.625 -70.0694 1.675
2 24 60.9127 -70.625 1.675 58.625 -68.3373 1.675
2 24 57.625 -70.0694 1.675 55.5 -69.5 1.675
2 24 58.625 -68.3373 1.675 55.5 -67.5 1.675
2 24 55.5 -69.5 1.675 53.375 -70.0694 1.675
2 24 55.5 -67.5 1.675 52.375 -68.3373 1.675
2 24 53.375 -70.0694 1.675 51.8194 -71.625 1.675
2 24 52.375 -68.3373 1.675 50.0874 -70.625 1.675
2 24 50.0874 -70.625 1.675 49.25 -73.75 1.675
2 24 51.8194 -71.625 1.675 51.25 -73.75 1.675
2 24 61.75 -73.75 1.675 60.9127 -70.625 1.675
2 24 61.75 -73.75 -2.7106 60.9127 -70.625 -2.7106
2 24 50.0874 -70.625 -2.7106 49.25 -73.75 -2.7106
2 24 50.0874 -70.625 1.675 49.25 -73.75 1.675
2 24 59.75 -73.75 -3.25 59.1806 -71.625 -3.25
2 24 59.1806 -71.625 -3.25 59.75 -73.75 -3.25
2 24 59.1806 -71.625 1.675 59.75 -73.75 1.675
2 24 60.9127 -70.625 -2.7106 58.625 -68.3373 -2.7106
2 24 60.9127 -70.625 1.675 58.625 -68.3373 1.675
2 24 58.625 -68.3373 -2.7106 55.5 -67.5 -2.7106
2 24 58.625 -68.3373 1.675 55.5 -67.5 1.675
2 24 55.5 -67.5 -2.7106 52.375 -68.3373 -2.7106
2 24 55.5 -67.5 1.675 52.375 -68.3373 1.675
2 24 58.625 -68.3373 -2.7106 60.9127 -70.625 -2.7106
2 24 50.0874 -70.625 -2.7106 52.375 -68.3373 -2.7106
2 24 50.0874 -70.625 1.675 52.375 -68.3373 1.675
2 24 59.1806 -71.625 -3.25 57.625 -70.0694 -3.25
2 24 59.1806 -71.625 -3.25 57.625 -70.0694 -3.25
2 24 59.1806 -71.625 1.675 57.625 -70.0694 1.675
2 24 57.625 -70.0694 -3.25 55.5 -69.5 -3.25
2 24 57.625 -70.0694 -3.25 55.5 -69.5 -3.25
2 24 57.625 -70.0694 1.675 55.5 -69.5 1.675
2 24 55.5 -69.5 -3.25 53.375 -70.0694 -3.25
2 24 55.5 -69.5 -3.25 53.375 -70.0694 -3.25
2 24 55.5 -69.5 1.675 53.375 -70.0694 1.675
2 24 53.375 -70.0694 -3.25 51.8194 -71.625 -3.25
2 24 53.375 -70.0694 -3.25 51.8194 -71.625 -3.25
2 24 53.375 -70.0694 1.675 51.8194 -71.625 1.675
2 24 51.8194 -71.625 -3.25 51.25 -73.75 -3.25
2 24 51.8194 -71.625 1.675 51.25 -73.75 1.675
2 24 51.8194 -71.625 -3.25 51.25 -73.75 -3.25
2 24 51.8194 -71.625 -14.675 51.25 -73.75 -14.675
2 24 50.0874 -70.625 -14.675 49.25 -73.75 -14.675
2 24 51.8194 -71.625 -14.675 53.375 -70.0694 -14.675
2 24 50.0874 -70.625 -14.675 52.375 -68.3373 -14.675
2 24 53.375 -70.0694 -14.675 55.5 -69.5 -14.675
2 24 52.375 -68.3373 -14.675 55.5 -67.5 -14.675
2 24 55.5 -69.5 -14.675 57.625 -70.0694 -14.675
2 24 55.5 -67.5 -14.675 58.625 -68.3373 -14.675
2 24 57.625 -70.0694 -14.675 59.1806 -71.625 -14.675
2 24 58.625 -68.3373 -14.675 60.9127 -70.625 -14.675
2 24 60.9127 -70.625 -14.675 61.75 -73.75 -14.675
2 24 59.1806 -71.625 -14.675 59.75 -73.75 -14.675
2 24 60.9127 -70.625 -10.2259 61.75 -73.75 -10.2259
2 24 60.9127 -70.625 -14.675 61.75 -73.75 -14.675
2 24 51.25 -73.75 -7 51.8194 -71.625 -7
2 24 51.8194 -71.625 -7 51.25 -73.75 -7
2 24 51.8194 -71.625 -14.675 51.25 -73.75 -14.675
2 24 49.25 -73.75 -14.675 50.0874 -70.625 -14.675
2 24 49.25 -73.75 -10.2259 50.0874 -70.625 -10.2259
2 24 50.0874 -70.625 -10.2259 52.375 -68.3373 -10.2259
2 24 50.0874 -70.625 -14.675 52.375 -68.3373 -14.675
2 24 52.375 -68.3373 -10.2259 55.5 -67.5 -10.2259
2 24 52.375 -68.3373 -14.675 55.5 -67.5 -14.675
2 24 61.75 -73.75 -10.2259 60.9127 -70.625 -10.2259
2 24 55.5 -67.5 -10.2259 58.625 -68.3373 -10.2259
2 24 55.5 -67.5 -14.675 58.625 -68.3373 -14.675
2 24 60.9127 -70.625 -10.2259 58.625 -68.3373 -10.2259
2 24 60.9127 -70.625 -14.675 58.625 -68.3373 -14.675
2 24 51.8194 -71.625 -7 53.375 -70.0694 -7
2 24 51.8194 -71.625 -7 53.375 -70.0694 -7
2 24 51.8194 -71.625 -14.675 53.375 -70.0694 -14.675
2 24 53.375 -70.0694 -7 55.5 -69.5 -7
2 24 53.375 -70.0694 -7 55.5 -69.5 -7
2 24 53.375 -70.0694 -14.675 55.5 -69.5 -14.675
2 24 55.5 -69.5 -7 57.625 -70.0694 -7
2 24 55.5 -69.5 -7 57.625 -70.0694 -7
2 24 55.5 -69.5 -14.675 57.625 -70.0694 -14.675
2 24 57.625 -70.0694 -7 59.1806 -71.625 -7
2 24 57.625 -70.0694 -7 59.1806 -71.625 -7
2 24 57.625 -70.0694 -14.675 59.1806 -71.625 -14.675
2 24 59.1806 -71.625 -7 59.75 -73.75 -7
2 24 59.1806 -71.625 -14.675 59.75 -73.75 -14.675
2 24 59.1806 -71.625 -7 59.75 -73.75 -7
2 24 64.8827 -62.0512 -8.1827 65.4207 -63.8149 -10.2259
2 24 63.8251 -62.0512 -8.5 64.8827 -62.0512 -8.1827
2 24 65.4207 -63.8149 -10.2259 64.8827 -62.0512 -8.1827
2 24 65.0204 -62.0512 -4.5 65.0206 -8.5 -4.5
2 24 65.2039 -8.5 -7.126 65.0206 -8.5 -4.5
2 24 5.3501 -8.8173 -8.1827 5.2809 -9.8749 -8.5
2 24 5.2809 -10.4375 -8.5 0.4976 -10.4375 -8.5
2 24 5.2809 -10.4375 -8.5 4.9584 -10.4375 -10.25
2 24 0.4976 -10.4375 -8.5 -0.875 -10.4375 -9.7476
2 24 5.355 -10.4375 -4.5 0.4976 -10.4375 -4.5
2 24 0.4976 -13.8677 -4.5 0.4976 -10.4375 -4.5
2 24 -5.2223 -13.8677 -4.9027 -4.25 -13.8677 -4.5
2 24 -4.25 -133.6323 -8.5 0.4976 -133.6323 -8.5
2 24 43.8135 -73.75 -8.5 43.8135 -85.4488 -8.5
2 24 -2.75 -13.8677 -10.25 -0.875 -13.8677 -9.7476
2 24 5.355 -10.4375 -4.5 5.355 -8.5 -4.5
2 24 5.355 -10.4375 -4.5 5.0638 -10.4375 -2.75
2 24 5.0638 -10.4375 -2.75 5.0638 -8 -2.75
2 24 43.8135 -62.0512 -4.5 45.5424 -63.8149 -2.7106
2 24 43.8135 -62.0512 -4.5 65.0204 -62.0512 -4.5
2 24 45.5424 -63.8149 -2.7106 64.8952 -63.8149 -2.7106
2 24 65.0204 -62.0512 -4.5 64.8952 -63.8149 -2.7106
2 24 43.8135 -62.0512 -4.5 43.8135 -73.75 -4.5
2 24 43.8135 -62.0512 -4.5 45.5424 -63.8149 -2.7106
2 24 45.5424 -63.8149 -2.7106 45.5424 -73.75 -2.7106
2 24 65.4207 -63.8149 -10.2259 45.5424 -63.8149 -10.2259
2 24 60.9127 -70.625 -10.2259 58.625 -68.3373 -10.2259
2 24 55.5 -67.5 -10.2259 58.625 -68.3373 -10.2259
2 24 52.375 -68.3373 -10.2259 50.0874 -70.625 -10.2259
2 24 55.5 -67.5 -10.2259 52.375 -68.3373 -10.2259
2 24 45.5424 -73.75 -10.2259 45.5424 -83.6851 -10.2259
2 24 64.8952 -73.75 -2.7106 64.8952 -83.6851 -2.7106
2 24 58.625 -68.3373 -2.7106 55.5 -67.5 -2.7106
2 24 55.5 -67.5 -2.7106 52.375 -68.3373 -2.7106
2 24 64.8952 -63.8149 -2.7106 45.5424 -63.8149 -2.7106
2 24 49.25 -73.75 -2.7106 50.0874 -70.625 -2.7106
2 24 52.375 -68.3373 -2.7106 50.0874 -70.625 -2.7106
2 24 -6.5 -13.8677 -6.5 -5.9976 -13.8677 -4.625
2 24 -5.625 -13.8677 -5.875 -5.2223 -13.8677 -4.9027
2 24 -5.625 -13.8677 -7.125 -5.625 -13.8677 -5.875
2 24 -4.625 -13.8677 -3.2524 -5.9976 -13.8677 -4.625
2 24 -4.25 -13.8677 -4.5 -5.2223 -13.8677 -4.9027
2 24 -4.25 -13.8677 -4.5 0.4976 -13.8677 -4.5
2 24 -0.875 -13.8657 -3.22 0.4976 -13.8677 -4.5
2 24 -2.75 -13.8677 -2.75 -0.875 -13.8657 -3.22
2 24 -0.875 -13.8677 -9.7476 0.4976 -13.8677 -8.5
2 24 -4.25 -13.8677 -8.5 0.4976 -13.8677 -8.5
2 24 -5.9976 -13.8677 -8.375 -4.625 -13.8677 -9.7476
2 24 -5.2223 -13.8677 -8.0973 -4.25 -13.8677 -8.5
2 24 -2.75 -13.8677 -10.25 -4.625 -13.8677 -9.7476
2 24 -0.875 -10.4375 -9.7476 -2.75 -10.4375 -10.25
2 24 4.9584 -10.4375 -10.25 -2.75 -10.4375 -10.25
2 24 -2.75 -13.8677 -10.25 -4.625 -13.8677 -9.7476
2 24 -4.625 -8 -3.2524 -2.75 -8 -2.75
2 24 -0.875 -10.4356 -3.2372 0.4976 -10.4375 -4.5
2 24 0.4976 -10.4375 -4.5 5.355 -10.4375 -4.5
2 24 5.0638 -10.4375 -2.75 5.355 -10.4375 -4.5
2 24 5.2809 -10.4375 -8.5 0.4976 -10.4375 -8.5
2 24 0.4976 -13.8677 -8.5 0.4976 -10.4375 -8.5
2 24 65.0206 -8.5 -4.5 5.355 -8.5 -4.5
2 24 5.355 -10.4375 -4.5 5.355 -8.5 -4.5
2 24 43.8135 -62.0512 -4.5 65.0204 -62.0512 -4.5
2 24 65.0206 -8.5 -4.5 65.0204 -62.0512 -4.5
2 24 43.8135 -62.0512 -8.5 63.8251 -62.0512 -8.5
2 24 5.2809 -10.4375 -8.5 5.2809 -9.8749 -8.5
2 24 4.9584 -8 -10.25 4.9584 -10.4375 -10.25
2 24 5.2809 -9.8749 -8.5 5.2809 -10.4375 -8.5
2 24 4.9584 -10.4375 -10.25 5.2809 -10.4375 -8.5
2 24 5.725 -8.5 -6.4791 5.5939 -8.5 -7.1238
2 24 4.9584 -8 -10.25 5.725 -8 -6.4791
2 24 5.3501 -8.8173 -8.1827 5.5939 -8.5 -7.1238
2 24 5.0638 -8 -2.75 5.725 -8 -6.4791
2 24 5.355 -8.5 -4.5 5.725 -8.5 -6.4791
2 24 5.0638 -8 -2.75 -2.75 -8 -2.75
2 24 -1.5098 -8 -4.4875 -2.75 -8 -4.1181
2 24 5.0638 -8 -2.75 5.725 -8 -6.4791
2 24 -0.7345 -8 -5.2587 -0.3691 -8 -6.5
2 24 4.9584 -8 -10.25 5.725 -8 -6.4791
2 24 -0.7351 -8 -7.7411 -0.3691 -8 -6.5
2 24 4.9584 -8 -10.25 -2.75 -8 -10.25
2 24 -1.5083 -8 -8.5167 -2.75 -8 -8.8799
2 24 65.2039 -8.5 -7.126 65.0206 -8.5 -4.5
2 24 5.725 -8.5 -6.4791 5.355 -8.5 -4.5
2 24 65.0206 -8.5 -4.5 5.355 -8.5 -4.5
2 24 65.4207 -73.75 -10.2259 65.4207 -83.6851 -10.2259
2 24 64.8952 -73.75 -2.7106 64.8952 -83.6851 -2.7106
2 24 -2.75 -133.6323 -2.75 -4.625 -133.6323 -3.2524
2 24 -3.9921 -139.5 -4.4821 -2.75 -139.5 -4.1181
2 24 -0.7345 -139.5 -5.2587 -1.5098 -139.5 -4.4875
2 24 -0.875 -133.6343 -3.22 0.4976 -133.6323 -4.5
2 24 -0.875 -137.0644 -3.2372 0.4976 -137.0625 -4.5
2 24 0.4976 -133.6323 -4.5 0.4976 -137.0625 -4.5
2 24 -2.75 -137.0625 -2.75 5.0638 -137.0625 -2.75
2 24 -2.75 -137.0625 -2.75 -0.875 -137.0644 -3.2372
2 24 -5.2223 -13.8677 -8.0973 -5.2223 -73.75 -8.0973
2 24 -5.625 -13.8677 -7.125 -5.2223 -13.8677 -8.0973
2 24 4.9584 -139.5 -10.25 -2.75 -139.5 -10.25
2 24 4.9584 -139.5 -10.25 4.9584 -137.0625 -10.25
2 24 4.9584 -137.0625 -10.25 -2.75 -137.0625 -10.25
2 24 -2.75 -139.5 -10.25 -4.625 -139.5 -9.7476
2 24 -5.9976 -133.6323 -8.375 -6.5 -133.6323 -6.5
2 24 -5.9976 -139.5 -8.375 -6.5 -139.5 -6.5
2 24 0.4976 -133.6323 -8.5 0.4976 -137.0625 -8.5
2 24 0.4976 -133.6323 -8.5 -0.875 -133.6323 -9.7476
2 24 0.4976 -137.0625 -8.5 -0.875 -137.0625 -9.7476
2 24 -0.875 -133.6323 -9.7476 -2.75 -133.6323 -10.25
2 24 -2.75 -137.0625 -10.25 -0.875 -137.0625 -9.7476
2 24 5.0638 -139.5 -2.75 5.0638 -137.0625 -2.75
2 24 5.0638 -139.5 -2.75 -2.75 -139.5 -2.75
2 24 -2.75 -137.0625 -2.75 5.0638 -137.0625 -2.75
2 24 -5.9976 -133.6323 -8.375 -4.625 -133.6323 -9.7476
2 24 -4.625 -139.5 -9.7476 -5.9976 -139.5 -8.375
2 24 -0.7345 -139.5 -5.2587 -0.3691 -139.5 -6.5
2 24 -2.75 -139.5 -4.1181 -1.5098 -139.5 -4.4875
2 24 -4.767 -139.5 -5.2582 -5.1284 -139.5 -6.5
2 24 -3.9921 -139.5 -4.4821 -4.767 -139.5 -5.2582
2 24 -3.9913 -139.5 -8.5156 -2.75 -139.5 -8.8799
2 24 -1.5083 -139.5 -8.5167 -0.7351 -139.5 -7.7411
2 24 -3.9913 -139.5 -8.5156 -4.7666 -139.5 -7.7417
2 24 -5.9976 -139.5 -8.375 -4.625 -139.5 -9.7476
2 24 -4.7666 -139.5 -7.7417 -3.9913 -139.5 -8.5156
2 24 -0.3691 -139.5 -6.5 -0.7351 -139.5 -7.7411
2 24 -0.7351 -139.5 -7.7411 -1.5083 -139.5 -8.5167
2 24 -1.5098 -139.5 -4.4875 -0.7345 -139.5 -5.2587
2 24 -4.625 -139.5 -9.7476 -2.75 -139.5 -10.25
2 24 -3.9913 -139.5 -8.5156 -2.75 -139.5 -8.8799
2 24 -4.625 -139.5 -3.2524 -5.9976 -139.5 -4.625
2 24 -3.9921 -139.5 -4.4821 -4.767 -139.5 -5.2582
2 24 -5.9976 -139.5 -4.625 -6.5 -139.5 -6.5
2 24 -4.767 -139.5 -5.2582 -5.1284 -139.5 -6.5
2 24 -2.75 -139.5 -8.8799 -1.5083 -139.5 -8.5167
2 24 -5.1284 -139.5 -6.5 -4.7666 -139.5 -7.7417
2 24 -5.9976 -139.5 -8.375 -6.5 -139.5 -6.5
2 24 -4.7666 -139.5 -7.7417 -5.1284 -139.5 -6.5
2 24 -4.625 -139.5 -3.2524 -2.75 -139.5 -2.75
2 24 -3.9921 -139.5 -4.4821 -2.75 -139.5 -4.1181
2 24 -5.2223 -133.6323 -8.0973 -5.625 -133.6323 -7.125
2 24 -5.9976 -133.6323 -8.375 -6.5 -133.6323 -6.5
2 24 -6.5 -139.5 -6.5 -5.9976 -139.5 -4.625
2 24 -6.5 -133.6323 -6.5 -5.9976 -133.6323 -4.625
2 24 -4.625 -139.5 -3.2524 -5.9976 -139.5 -4.625
2 24 -4.625 -133.6323 -3.2524 -5.9976 -133.6323 -4.625
2 24 -4.625 -133.6323 -3.2524 -2.75 -133.6323 -2.75
2 24 -2.75 -137.0625 -2.75 -0.875 -137.0644 -3.2372
2 24 -2.75 -133.6323 -2.75 -0.875 -133.6343 -3.22
2 24 65.2039 -139 -7.126 64.8827 -138.6827 -8.1827
2 24 5.5939 -139 -7.1238 5.3501 -138.6827 -8.1827
2 24 64.8827 -138.6827 -8.1827 5.3501 -138.6827 -8.1827
2 24 64.8827 -85.4488 -8.1827 64.8827 -138.6827 -8.1827
2 24 64.8827 -138.6827 -8.1827 65.2039 -139 -7.126
2 24 64.8827 -138.6827 -8.1827 63.8251 -137.6251 -8.5
2 24 5.3501 -138.6827 -8.1827 5.2809 -137.6251 -8.5
2 24 64.8827 -85.4488 -8.1827 63.8251 -85.4488 -8.5
2 24 64.8827 -138.6827 -8.1827 63.8251 -137.6251 -8.5
2 24 5.5939 -139 -7.1238 5.725 -139 -6.4791
2 24 65.4207 -83.6851 -10.2259 45.5424 -83.6851 -10.2259
2 24 63.8251 -85.4488 -8.5 43.8135 -85.4488 -8.5
2 24 45.5424 -83.6851 -10.2259 43.8135 -85.4488 -8.5
2 24 64.8952 -83.6851 -2.7106 65.0204 -85.4488 -4.5
2 24 59.75 -73.75 1.675 59.1806 -75.875 1.675
2 24 61.75 -73.75 1.675 60.9127 -76.875 1.675
2 24 59.1806 -75.875 1.675 57.625 -77.4306 1.675
2 24 60.9127 -76.875 1.675 58.625 -79.1626 1.675
2 24 57.625 -77.4306 1.675 55.5 -78 1.675
2 24 58.625 -79.1626 1.675 55.5 -80 1.675
2 24 55.5 -78 1.675 53.375 -77.4306 1.675
2 24 55.5 -80 1.675 52.375 -79.1626 1.675
2 24 53.375 -77.4306 1.675 51.8194 -75.875 1.675
2 24 52.375 -79.1626 1.675 50.0874 -76.875 1.675
2 24 49.25 -73.75 1.675 50.0874 -76.875 1.675
2 24 51.25 -73.75 1.675 51.8194 -75.875 1.675
2 24 61.75 -73.75 1.675 60.9127 -76.875 1.675
2 24 61.75 -73.75 -2.7106 60.9127 -76.875 -2.7106
2 24 49.25 -73.75 -2.7106 50.0874 -76.875 -2.7106
2 24 49.25 -73.75 1.675 50.0874 -76.875 1.675
2 24 59.75 -73.75 -3.25 59.1806 -75.875 -3.25
2 24 59.75 -73.75 -3.25 59.1806 -75.875 -3.25
2 24 59.75 -73.75 1.675 59.1806 -75.875 1.675
2 24 60.9127 -76.875 -2.7106 58.625 -79.1626 -2.7106
2 24 60.9127 -76.875 1.675 58.625 -79.1626 1.675
2 24 58.625 -79.1626 -2.7106 55.5 -80 -2.7106
2 24 58.625 -79.1626 1.675 55.5 -80 1.675
2 24 55.5 -80 -2.7106 52.375 -79.1626 -2.7106
2 24 55.5 -80 1.675 52.375 -79.1626 1.675
2 24 60.9127 -76.875 -2.7106 58.625 -79.1626 -2.7106
2 24 50.0874 -76.875 -2.7106 52.375 -79.1626 -2.7106
2 24 50.0874 -76.875 1.675 52.375 -79.1626 1.675
2 24 59.1806 -75.875 -3.25 57.625 -77.4306 -3.25
2 24 59.1806 -75.875 -3.25 57.625 -77.4306 -3.25
2 24 59.1806 -75.875 1.675 57.625 -77.4306 1.675
2 24 57.625 -77.4306 -3.25 55.5 -78 -3.25
2 24 57.625 -77.4306 -3.25 55.5 -78 -3.25
2 24 57.625 -77.4306 1.675 55.5 -78 1.675
2 24 55.5 -78 -3.25 53.375 -77.4306 -3.25
2 24 55.5 -78 -3.25 53.375 -77.4306 -3.25
2 24 55.5 -78 1.675 53.375 -77.4306 1.675
2 24 53.375 -77.4306 -3.25 51.8194 -75.875 -3.25
2 24 53.375 -77.4306 -3.25 51.8194 -75.875 -3.25
2 24 53.375 -77.4306 1.675 51.8194 -75.875 1.675
2 24 51.25 -73.75 -3.25 51.8194 -75.875 -3.25
2 24 51.25 -73.75 1.675 51.8194 -75.875 1.675
2 24 51.25 -73.75 -3.25 51.8194 -75.875 -3.25
2 24 51.25 -73.75 -14.675 51.8194 -75.875 -14.675
2 24 49.25 -73.75 -14.675 50.0874 -76.875 -14.675
2 24 51.8194 -75.875 -14.675 53.375 -77.4306 -14.675
2 24 50.0874 -76.875 -14.675 52.375 -79.1626 -14.675
2 24 53.375 -77.4306 -14.675 55.5 -78 -14.675
2 24 52.375 -79.1626 -14.675 55.5 -80 -14.675
2 24 55.5 -78 -14.675 57.625 -77.4306 -14.675
2 24 55.5 -80 -14.675 58.625 -79.1626 -14.675
2 24 57.625 -77.4306 -14.675 59.1806 -75.875 -14.675
2 24 58.625 -79.1626 -14.675 60.9127 -76.875 -14.675
2 24 61.75 -73.75 -14.675 60.9127 -76.875 -14.675
2 24 59.75 -73.75 -14.675 59.1806 -75.875 -14.675
2 24 61.75 -73.75 -10.2259 60.9127 -76.875 -10.2259
2 24 61.75 -73.75 -14.675 60.9127 -76.875 -14.675
2 24 51.25 -73.75 -7 51.8194 -75.875 -7
2 24 51.25 -73.75 -7 51.8194 -75.875 -7
2 24 51.25 -73.75 -14.675 51.8194 -75.875 -14.675
2 24 49.25 -73.75 -14.675 50.0874 -76.875 -14.675
2 24 49.25 -73.75 -10.2259 50.0874 -76.875 -10.2259
2 24 50.0874 -76.875 -10.2259 52.375 -79.1626 -10.2259
2 24 50.0874 -76.875 -14.675 52.375 -79.1626 -14.675
2 24 52.375 -79.1626 -10.2259 55.5 -80 -10.2259
2 24 52.375 -79.1626 -14.675 55.5 -80 -14.675
2 24 55.5 -80 -10.2259 58.625 -79.1626 -10.2259
2 24 55.5 -80 -14.675 58.625 -79.1626 -14.675
2 24 60.9127 -76.875 -10.2259 58.625 -79.1626 -10.2259
2 24 60.9127 -76.875 -14.675 58.625 -79.1626 -14.675
2 24 51.8194 -75.875 -7 53.375 -77.4306 -7
2 24 51.8194 -75.875 -7 53.375 -77.4306 -7
2 24 51.8194 -75.875 -14.675 53.375 -77.4306 -14.675
2 24 53.375 -77.4306 -7 55.5 -78 -7
2 24 53.375 -77.4306 -7 55.5 -78 -7
2 24 53.375 -77.4306 -14.675 55.5 -78 -14.675
2 24 55.5 -78 -7 57.625 -77.4306 -7
2 24 55.5 -78 -7 57.625 -77.4306 -7
2 24 55.5 -78 -14.675 57.625 -77.4306 -14.675
2 24 57.625 -77.4306 -7 59.1806 -75.875 -7
2 24 57.625 -77.4306 -7 59.1806 -75.875 -7
2 24 57.625 -77.4306 -14.675 59.1806 -75.875 -14.675
2 24 59.75 -73.75 -7 59.1806 -75.875 -7
2 24 59.75 -73.75 -14.675 59.1806 -75.875 -14.675
2 24 59.75 -73.75 -7 59.1806 -75.875 -7
2 24 65.4207 -83.6851 -10.2259 64.8827 -85.4488 -8.1827
2 24 63.8251 -85.4488 -8.5 64.8827 -85.4488 -8.1827
2 24 65.4207 -83.6851 -10.2259 64.8827 -85.4488 -8.1827
2 24 65.2039 -139 -7.126 65.0206 -139 -4.5
2 24 65.0204 -85.4488 -4.5 65.0206 -139 -4.5
2 24 5.2809 -137.6251 -8.5 5.3501 -138.6827 -8.1827
2 24 -0.875 -137.0625 -9.7476 0.4976 -137.0625 -8.5
2 24 0.4976 -137.0625 -8.5 5.2809 -137.0625 -8.5
2 24 4.9584 -137.0625 -10.25 5.2809 -137.0625 -8.5
2 24 0.4976 -137.0625 -4.5 5.355 -137.0625 -4.5
2 24 0.4976 -133.6323 -4.5 0.4976 -137.0625 -4.5
2 24 -5.2223 -13.8677 -8.0973 -4.25 -13.8677 -8.5
2 24 -0.875 -133.6323 -9.7476 -2.75 -133.6323 -10.25
2 24 5.355 -137.0625 -4.5 5.0638 -137.0625 -2.75
2 24 5.355 -137.0625 -4.5 5.355 -139 -4.5
2 24 5.0638 -137.0625 -2.75 5.0638 -139.5 -2.75
2 24 64.8952 -83.6851 -2.7106 45.5424 -83.6851 -2.7106
2 24 64.8952 -83.6851 -2.7106 65.0204 -85.4488 -4.5
2 24 45.5424 -83.6851 -2.7106 43.8135 -85.4488 -4.5
2 24 65.0204 -85.4488 -4.5 43.8135 -85.4488 -4.5
2 24 45.5424 -83.6851 -10.2259 65.4207 -83.6851 -10.2259
2 24 58.625 -79.1626 -10.2259 60.9127 -76.875 -10.2259
2 24 55.5 -80 -10.2259 58.625 -79.1626 -10.2259
2 24 50.0874 -76.875 -10.2259 52.375 -79.1626 -10.2259
2 24 55.5 -80 -10.2259 52.375 -79.1626 -10.2259
2 24 58.625 -79.1626 -2.7106 55.5 -80 -2.7106
2 24 55.5 -80 -2.7106 52.375 -79.1626 -2.7106
2 24 64.8952 -83.6851 -2.7106 45.5424 -83.6851 -2.7106
2 24 52.375 -79.1626 -2.7106 50.0874 -76.875 -2.7106
2 24 -6.5 -133.6323 -6.5 -5.9976 -133.6323 -4.625
2 24 -5.625 -133.6323 -5.875 -5.2223 -133.6323 -4.9027
2 24 -5.625 -133.6323 -7.125 -5.625 -133.6323 -5.875
2 24 -4.625 -133.6323 -3.2524 -5.9976 -133.6323 -4.625
2 24 -4.25 -133.6323 -4.5 -5.2223 -133.6323 -4.9027
2 24 -4.25 -133.6323 -4.5 0.4976 -133.6323 -4.5
2 24 -0.875 -133.6343 -3.22 0.4976 -133.6323 -4.5
2 24 -2.75 -133.6323 -2.75 -0.875 -133.6343 -3.22
2 24 -0.875 -133.6323 -9.7476 0.4976 -133.6323 -8.5
2 24 -4.25 -133.6323 -8.5 0.4976 -133.6323 -8.5
2 24 -5.2223 -133.6323 -8.0973 -4.25 -133.6323 -8.5
2 24 -5.9976 -133.6323 -8.375 -4.625 -133.6323 -9.7476
2 24 -2.75 -133.6323 -10.25 -4.625 -133.6323 -9.7476
2 24 -0.875 -137.0625 -9.7476 -2.75 -137.0625 -10.25
2 24 4.9584 -137.0625 -10.25 -2.75 -137.0625 -10.25
2 24 -2.75 -133.6323 -10.25 -4.625 -133.6323 -9.7476
2 24 -4.625 -139.5 -3.2524 -2.75 -139.5 -2.75
2 24 5.355 -137.0625 -4.5 0.4976 -137.0625 -4.5
2 24 5.0638 -137.0625 -2.75 5.355 -137.0625 -4.5
2 24 -0.875 -137.0644 -3.2372 0.4976 -137.0625 -4.5
2 24 5.2809 -137.0625 -8.5 0.4976 -137.0625 -8.5
2 24 0.4976 -133.6323 -8.5 0.4976 -137.0625 -8.5
2 24 43.8135 -73.75 -4.5 43.8135 -85.4488 -4.5
2 24 0.4976 -133.6323 -4.5 -4.25 -133.6323 -4.5
2 24 5.355 -139 -4.5 65.0206 -139 -4.5
2 24 5.355 -137.0625 -4.5 5.355 -139 -4.5
2 24 65.0206 -139 -4.5 65.0204 -85.4488 -4.5
2 24 43.8135 -85.4488 -4.5 65.0204 -85.4488 -4.5
2 24 43.8135 -85.4488 -8.5 63.8251 -85.4488 -8.5
2 24 5.2809 -137.0625 -8.5 5.2809 -137.6251 -8.5
2 24 4.9584 -139.5 -10.25 4.9584 -137.0625 -10.25
2 24 4.9584 -137.0625 -10.25 5.2809 -137.0625 -8.5
2 24 5.2809 -137.6251 -8.5 5.2809 -137.0625 -8.5
2 24 5.725 -139 -6.4791 5.5939 -139 -7.1238
2 24 4.9584 -139.5 -10.25 5.725 -139.5 -6.4791
2 24 5.3501 -138.6827 -8.1827 5.5939 -139 -7.1238
2 24 5.0638 -139.5 -2.75 5.725 -139.5 -6.4791
2 24 5.355 -139 -4.5 5.725 -139 -6.4791
2 24 5.0638 -139.5 -2.75 -2.75 -139.5 -2.75
2 24 -1.5098 -139.5 -4.4875 -2.75 -139.5 -4.1181
2 24 5.0638 -139.5 -2.75 5.725 -139.5 -6.4791
2 24 -0.7345 -139.5 -5.2587 -0.3691 -139.5 -6.5
2 24 4.9584 -139.5 -10.25 5.725 -139.5 -6.4791
2 24 -0.7351 -139.5 -7.7411 -0.3691 -139.5 -6.5
2 24 4.9584 -139.5 -10.25 -2.75 -139.5 -10.25
2 24 -1.5083 -139.5 -8.5167 -2.75 -139.5 -8.8799
2 24 5.725 -139 -6.4791 5.355 -139 -4.5
2 24 5.355 -139 -4.5 65.0206 -139 -4.5
2 24 65.2039 -139 -7.126 65.0206 -139 -4.5
2 24 49.25 -73.75 -2.7106 50.0874 -76.875 -2.7106
2 24 45.5424 -83.6851 -2.7106 45.5424 -73.75 -2.7106
2 24 60.9127 -70.625 -2.7106 61.75 -73.75 -2.7106
2 24 61.75 -73.75 -2.7106 60.9127 -76.875 -2.7106
2 24 61.75 -73.75 -10.2259 60.9127 -76.875 -10.2259
2 24 65.4207 -63.8149 -10.2259 65.4207 -73.75 -10.2259
2 24 50.0874 -70.625 -10.2259 49.25 -73.75 -10.2259
2 24 49.25 -73.75 -10.2259 50.0874 -76.875 -10.2259
2 24 65.4207 -63.8149 -10.2259 65.4207 -73.75 -10.2259
2 24 64.8952 -63.8149 -2.7106 64.8952 -73.75 -2.7106
2 24 -4.25 -133.6323 -8.5 -5.2223 -133.6323 -8.0973
2 24 -5.2223 -73.75 -8.0973 -5.2223 -133.6323 -8.0973
2 24 -5.2223 -133.6323 -8.0973 -5.625 -133.6323 -7.125
2 24 -5.625 -133.6323 -7.125 -5.625 -133.6323 -5.875
2 24 -5.2223 -73.75 -4.9027 -5.2223 -133.6323 -4.9027
2 24 -5.625 -133.6323 -5.875 -5.2223 -133.6323 -4.9027
2 24 -4.25 -133.6323 -4.5 -5.2223 -133.6323 -4.9027
2 24 43.8135 -62.0512 -8.5 45.5424 -63.8149 -10.2259
2 24 43.8135 -73.75 -8.5 43.8135 -62.0512 -8.5
2 24 45.5424 -73.75 -10.2259 45.5424 -63.8149 -10.2259
2 24 43.8135 -62.0512 -8.5 43.8135 -73.75 -8.5
2 24 0.4976 -13.8677 -8.5 -4.25 -13.8677 -8.5
2 24 45.5424 -63.8149 -10.2259 45.5424 -73.75 -10.2259
2 24 45.5424 -73.75 -2.7106 45.5424 -83.6851 -2.7106
2 24 43.8135 -73.75 -4.5 43.8135 -85.4488 -4.5
2 24 45.5424 -83.6851 -2.7106 43.8135 -85.4488 -4.5
2 24 45.5424 -63.8149 -2.7106 45.5424 -73.75 -2.7106
2 24 0.4976 -13.8677 -4.5 -4.25 -13.8677 -4.5
2 24 43.8135 -62.0512 -4.5 43.8135 -73.75 -4.5
2 24 64.8952 -63.8149 -2.7106 64.8952 -73.75 -2.7106
2 24 65.4207 -83.6851 -10.2259 65.4207 -73.75 -10.2259
2 24 -4.2518 -133.6323 -8.5249 -4.2503 -73.75 -8.525
2 24 -4.2518 -133.6323 -8.5249 0.4976 -133.6323 -8.525
2 24 43.8135 -73.75 -8.525 43.8135 -85.4488 -8.525
2 24 5.2809 -10.4375 -8.525 0.4976 -10.4375 -8.525
2 24 0.4976 -13.8677 -8.525 0.4976 -10.4375 -8.525
2 24 63.8254 -9.8746 -8.525 63.8255 -62.0512 -8.525
2 24 43.8135 -62.0512 -8.525 63.8255 -62.0512 -8.525
2 24 5.2809 -10.4375 -8.525 5.2809 -9.8701 -8.5245
2 24 63.8254 -9.8746 -8.525 5.2809 -9.8701 -8.5245
2 24 5.2809 -137.0625 -8.525 0.4976 -137.0625 -8.525
2 24 0.4976 -133.6323 -8.525 0.4976 -137.0625 -8.525
2 24 63.8255 -85.4488 -8.525 63.8254 -137.6254 -8.525
2 24 43.8135 -85.4488 -8.525 63.8255 -85.4488 -8.525
2 24 5.2809 -137.0625 -8.525 5.2809 -137.6299 -8.5245
2 24 63.8254 -137.6254 -8.525 5.2809 -137.6299 -8.5245
2 24 43.8135 -62.0512 -8.525 43.8135 -73.75 -8.525
2 24 0.4976 -13.8677 -8.525 -4.2518 -13.8677 -8.5249
2 24 -4.2503 -73.75 -8.525 -4.2518 -13.8677 -8.5249
0 STEP
