0 Untitled Model
0 Name: Untitled Model
0 Author: 
0 BFC CERTIFY CCW
3 16 1.3535 0.0127 66.1346 1.2647 0.0132 67.8267 3.9307 0.0115 65.0098 0.0166 0.0166 0.0166 0.0166 0.0166 0.0166
3 16 3.9307 0.0115 65.0098 1.2647 0.0132 67.8267 4.5441 0.0177 69.0217 0.0166 0.0166 0.0166 0.0166 0.0166 0.0166
3 16 -1.3773 -5.5796 61.3774 -2.3623 -5.466 65.9436 0.9561 -5.4663 63.336 0.0166 0.0166 0.0166 0.0166 0.0166 0.0166
3 16 0.9561 -5.4663 63.336 -2.3623 -5.466 65.9436 1.3534 -5.4713 66.1347 0.0166 0.0166 0.0166 0.0166 0.0166 0.0166
3 16 1.3534 -5.4713 66.1347 3.8817 -5.4723 65.0063 0.9561 -5.4663 63.336 0.0166 0.0166 0.0166 0.0166 0.0166 0.0166
3 16 3.8394 -13.2273 65.0083 3.8817 -5.4723 65.0063 6.3027 -13.23 65.3001 0.0166 0.0166 0.0166 0.0166 0.0166 0.0166
3 16 3.8817 -5.4723 65.0063 3.8394 -13.2273 65.0083 0.9561 -5.4663 63.336 0.0166 0.0166 0.0166 0.0166 0.0166 0.0166
3 16 0.9561 -5.4663 63.336 3.8394 -13.2273 65.0083 0.9566 -13.2273 63.3364 0.0166 0.0166 0.0166 0.0166 0.0166 0.0166
3 16 -1.3774 -13.1142 61.3774 -1.3773 -5.5796 61.3774 0.9566 -13.2273 63.3364 0.0166 0.0166 0.0166 0.0166 0.0166 0.0166
3 16 0.9566 -13.2273 63.3364 -1.3773 -5.5796 61.3774 0.9561 -5.4663 63.336 0.0166 0.0166 0.0166 0.0166 0.0166 0.0166
3 16 -3.3364 -13.2273 59.0434 -1.3774 -13.1142 61.3774 6.2743 -13.2306 53.7257 0.0166 0.0166 0.0166 0.0166 0.0166 0.0166
3 16 10.0144 0.0144 49.9856 10.0144 -7.9911 56.1642 10.0144 -13.2306 49.9856 0.0166 0.0166 0.0166 0.0166 0.0166 0.0166
3 16 10.0144 -13.2306 49.9856 10.0144 -7.9911 56.1642 10.0144 -13.2306 56.1642 0.0166 0.0166 0.0166 0.0166 0.0166 0.0166
3 16 12.1914 -7.9878 58.1725 11.6495 -7.9878 56.1621 10.0144 -7.9911 58.1703 0.0166 0.0166 0.0166 0.0166 0.0166 0.0166
3 16 10.0144 -7.9911 58.1703 11.6495 -7.9878 56.1621 10.0144 -7.9911 56.1642 0.0166 0.0166 0.0166 0.0166 0.0166 0.0166
3 16 12.1914 -7.9878 58.1725 15.983 -7.9878 55.983 11.6495 -7.9878 56.1621 0.0166 0.0166 0.0166 0.0166 0.0166 0.0166
3 16 11.6495 -7.9878 56.1621 15.983 -7.9878 55.983 14.5106 -7.9878 54.5106 0.0166 0.0166 0.0166 0.0166 0.0166 0.0166
3 16 14.5106 -7.9878 54.5106 15.983 -7.9878 55.983 16.1616 -7.9878 51.651 0.0166 0.0166 0.0166 0.0166 0.0166 0.0166
3 16 16.1616 -7.9878 51.651 15.983 -7.9878 55.983 18.1729 -7.9878 52.1899 0.0166 0.0166 0.0166 0.0166 0.0166 0.0166
3 16 16.1616 -7.9878 51.651 18.1729 -7.9878 52.1899 16.1616 -7.9878 48.349 0.0166 0.0166 0.0166 0.0166 0.0166 0.0166
3 16 16.1616 -7.9878 48.349 18.1729 -7.9878 52.1899 18.1729 -7.9878 47.8101 0.0166 0.0166 0.0166 0.0166 0.0166 0.0166
3 16 16.1616 -7.9878 48.349 18.1729 -7.9878 47.8101 14.5106 -7.9878 45.4894 0.0166 0.0166 0.0166 0.0166 0.0166 0.0166
3 16 14.5106 -7.9878 45.4894 18.1729 -7.9878 47.8101 15.983 -7.9878 44.017 0.0166 0.0166 0.0166 0.0166 0.0166 0.0166
3 16 12.1914 -7.9878 58.1725 10.0144 -7.9911 58.1703 12.1915 -13.2273 58.1725 0.0166 0.0166 0.0166 0.0166 0.0166 0.0166
3 16 12.1915 -13.2273 58.1725 10.0144 -7.9911 58.1703 10.0144 -13.2306 58.1703 0.0166 0.0166 0.0166 0.0166 0.0166 0.0166
3 16 15.983 -13.2273 55.983 15.983 -7.9878 55.983 12.1915 -13.2273 58.1725 0.0166 0.0166 0.0166 0.0166 0.0166 0.0166
3 16 12.1915 -13.2273 58.1725 15.983 -7.9878 55.983 12.1914 -7.9878 58.1725 0.0166 0.0166 0.0166 0.0166 0.0166 0.0166
3 16 18.1729 -13.2273 52.1899 18.1729 -7.9878 52.1899 15.983 -13.2273 55.983 0.0166 0.0166 0.0166 0.0166 0.0166 0.0166
3 16 15.983 -13.2273 55.983 18.1729 -7.9878 52.1899 15.983 -7.9878 55.983 0.0166 0.0166 0.0166 0.0166 0.0166 0.0166
3 16 18.173 -13.2273 47.8101 18.1729 -7.9878 47.8101 18.1729 -13.2273 52.1899 0.0166 0.0166 0.0166 0.0166 0.0166 0.0166
3 16 18.1729 -13.2273 52.1899 18.1729 -7.9878 47.8101 18.1729 -7.9878 52.1899 0.0166 0.0166 0.0166 0.0166 0.0166 0.0166
3 16 15.983 -7.9878 44.017 18.1729 -7.9878 47.8101 15.983 -13.2273 44.017 0.0166 0.0166 0.0166 0.0166 0.0166 0.0166
3 16 15.983 -13.2273 44.017 18.1729 -7.9878 47.8101 18.173 -13.2273 47.8101 0.0166 0.0166 0.0166 0.0166 0.0166 0.0166
3 16 10.0144 -7.9911 56.1642 11.6495 -7.9878 56.1621 10.0144 -13.2306 56.1642 0.0166 0.0166 0.0166 0.0166 0.0166 0.0166
3 16 10.0144 -13.2306 56.1642 11.6495 -7.9878 56.1621 11.6495 -13.2273 56.1621 0.0166 0.0166 0.0166 0.0166 0.0166 0.0166
3 16 11.6495 -7.9878 56.1621 14.5106 -7.9878 54.5106 11.6495 -13.2273 56.1621 0.0166 0.0166 0.0166 0.0166 0.0166 0.0166
3 16 11.6495 -13.2273 56.1621 14.5106 -7.9878 54.5106 14.5106 -13.2273 54.5106 0.0166 0.0166 0.0166 0.0166 0.0166 0.0166
3 16 14.5106 -13.2273 54.5106 14.5106 -7.9878 54.5106 16.1616 -13.2273 51.651 0.0166 0.0166 0.0166 0.0166 0.0166 0.0166
3 16 16.1616 -13.2273 51.651 14.5106 -7.9878 54.5106 16.1616 -7.9878 51.651 0.0166 0.0166 0.0166 0.0166 0.0166 0.0166
3 16 16.1616 -7.9878 51.651 16.1616 -7.9878 48.349 16.1616 -13.2273 51.651 0.0166 0.0166 0.0166 0.0166 0.0166 0.0166
3 16 16.1616 -13.2273 51.651 16.1616 -7.9878 48.349 16.1616 -13.2273 48.349 0.0166 0.0166 0.0166 0.0166 0.0166 0.0166
3 16 16.1616 -7.9878 48.349 14.5106 -7.9878 45.4894 16.1616 -13.2273 48.349 0.0166 0.0166 0.0166 0.0166 0.0166 0.0166
3 16 16.1616 -13.2273 48.349 14.5106 -7.9878 45.4894 14.5106 -13.2273 45.4894 0.0166 0.0166 0.0166 0.0166 0.0166 0.0166
3 16 14.5106 -13.2273 54.5106 10.0144 -13.2306 49.9856 11.6495 -13.2273 56.1621 0.0166 0.0166 0.0166 0.0166 0.0166 0.0166
3 16 10.0144 -13.2306 49.9856 10.0144 -13.2306 56.1642 11.6495 -13.2273 56.1621 0.0166 0.0166 0.0166 0.0166 0.0166 0.0166
3 16 16.1616 -13.2273 51.651 16.1616 -13.2273 48.349 14.5106 -13.2273 54.5106 0.0166 0.0166 0.0166 0.0166 0.0166 0.0166
3 16 14.5106 -13.2273 54.5106 16.1616 -13.2273 48.349 10.0144 -13.2306 49.9856 0.0166 0.0166 0.0166 0.0166 0.0166 0.0166
3 16 4.5438 -16.0177 69.0217 8.6358 -16.0177 69.8757 4.5441 0.0177 69.0217 0.0166 0.0166 0.0166 0.0166 0.0166 0.0166
3 16 4.5441 0.0177 69.0217 8.6358 -16.0177 69.8757 8.6357 0.0177 69.8757 0.0166 0.0166 0.0166 0.0166 0.0166 0.0166
3 16 1.3534 -5.4713 66.1347 1.2646 -5.4708 67.8266 1.3535 0.0127 66.1346 0.0166 0.0166 0.0166 0.0166 0.0166 0.0166
3 16 1.3535 0.0127 66.1346 1.2646 -5.4708 67.8266 1.2647 0.0132 67.8267 0.0166 0.0166 0.0166 0.0166 0.0166 0.0166
3 16 1.3534 -5.4713 66.1347 1.3535 0.0127 66.1346 3.8817 -5.4723 65.0063 0.0166 0.0166 0.0166 0.0166 0.0166 0.0166
3 16 3.8817 -5.4723 65.0063 1.3535 0.0127 66.1346 3.9307 0.0115 65.0098 0.0166 0.0166 0.0166 0.0166 0.0166 0.0166
3 16 6.3027 -13.23 65.3001 3.8817 -5.4723 65.0063 6.3027 0.015 65.3001 0.0166 0.0166 0.0166 0.0166 0.0166 0.0166
3 16 6.3027 0.015 65.3001 3.8817 -5.4723 65.0063 3.9307 0.0115 65.0098 0.0166 0.0166 0.0166 0.0166 0.0166 0.0166
3 16 6.2743 -13.2306 53.7257 6.3027 -13.23 65.3001 6.2745 0.0144 53.7255 0.0166 0.0166 0.0166 0.0166 0.0166 0.0166
3 16 6.2745 0.0144 53.7255 6.3027 -13.23 65.3001 6.3027 0.015 65.3001 0.0166 0.0166 0.0166 0.0166 0.0166 0.0166
3 16 0.3324 -5.4663 67.4349 -2.3623 -5.466 65.9436 0.3332 -16.0177 67.4353 0.0166 0.0166 0.0166 0.0166 0.0166 0.0166
3 16 0.3332 -16.0177 67.4353 -2.3623 -5.466 65.9436 -3.1856 -16.0176 65.5137 0.0166 0.0166 0.0166 0.0166 0.0166 0.0166
3 16 8.6358 -16.0177 69.8757 10.0138 -7.9907 69.9691 8.6357 0.0177 69.8757 0.0166 0.0166 0.0166 0.0166 0.0166 0.0166
3 16 8.6357 0.0177 69.8757 10.0138 -7.9907 69.9691 10.0138 0.0148 69.9691 0.0166 0.0166 0.0166 0.0166 0.0166 0.0166
3 16 10.0138 0.0148 69.9691 10.0138 -7.9907 69.9691 10.0144 -7.9911 66.2356 0.0166 0.0166 0.0166 0.0166 0.0166 0.0166
3 16 0.3324 -5.4663 67.4349 0.3332 -16.0177 67.4353 1.2646 -5.4708 67.8266 0.0166 0.0166 0.0166 0.0166 0.0166 0.0166
3 16 1.2646 -5.4708 67.8266 0.3332 -16.0177 67.4353 4.5438 -16.0177 69.0217 0.0166 0.0166 0.0166 0.0166 0.0166 0.0166
3 16 1.2646 -5.4708 67.8266 1.3534 -5.4713 66.1347 0.3324 -5.4663 67.4349 0.0166 0.0166 0.0166 0.0166 0.0166 0.0166
3 16 0.3324 -5.4663 67.4349 1.3534 -5.4713 66.1347 -2.3623 -5.466 65.9436 0.0166 0.0166 0.0166 0.0166 0.0166 0.0166
3 16 4.5438 -16.0177 69.0217 4.5441 0.0177 69.0217 1.2646 -5.4708 67.8266 0.0166 0.0166 0.0166 0.0166 0.0166 0.0166
3 16 1.2646 -5.4708 67.8266 4.5441 0.0177 69.0217 1.2647 0.0132 67.8267 0.0166 0.0166 0.0166 0.0166 0.0166 0.0166
3 16 3.9307 0.0115 65.0098 4.5441 0.0177 69.0217 6.3027 0.015 65.3001 0.0166 0.0166 0.0166 0.0166 0.0166 0.0166
3 16 6.3027 0.015 65.3001 4.5441 0.0177 69.0217 8.6357 0.0177 69.8757 0.0166 0.0166 0.0166 0.0166 0.0166 0.0166
3 16 6.3027 0.015 65.3001 8.6357 0.0177 69.8757 10.0138 0.0148 69.9691 0.0166 0.0166 0.0166 0.0166 0.0166 0.0166
3 16 10.0138 0.0148 69.9691 10.0144 -7.9911 58.1703 10.0144 0.0144 49.9856 0.0166 0.0166 0.0166 0.0166 0.0166 0.0166
3 16 10.0144 -7.9911 58.1703 10.0144 -7.9911 56.1642 10.0144 0.0144 49.9856 0.0166 0.0166 0.0166 0.0166 0.0166 0.0166
3 16 10.0144 -7.9911 66.2356 10.0144 -13.2306 66.2356 10.0144 -7.9911 58.1703 0.0166 0.0166 0.0166 0.0166 0.0166 0.0166
3 16 10.0144 -7.9911 58.1703 10.0144 -13.2306 66.2356 10.0144 -13.2306 58.1703 0.0166 0.0166 0.0166 0.0166 0.0166 0.0166
3 16 10.0144 -7.9911 66.2356 10.0144 -7.9911 58.1703 10.0138 0.0148 69.9691 0.0166 0.0166 0.0166 0.0166 0.0166 0.0166
3 16 -9.0217 0.0177 55.4559 -7.8267 0.0132 58.7353 -5.0098 0.0115 56.0693 0.0166 0.0166 0.0166 0.0166 0.0166 0.0166
3 16 -5.0098 0.0115 56.0693 -7.8267 0.0132 58.7353 -6.1346 0.0127 58.6465 0.0166 0.0166 0.0166 0.0166 0.0166 0.0166
3 16 -6.2356 -7.9911 49.9856 -10.0177 -7.9878 49.2334 -9.9691 -7.9907 49.9862 0.0166 0.0166 0.0166 0.0166 0.0166 0.0166
3 16 -6.2356 -7.9911 49.9856 -6.2356 -13.2306 49.9856 -6.2356 -7.9911 10.0144 0.0166 0.0166 0.0166 0.0166 0.0166 0.0166
3 16 -6.2356 -7.9911 10.0144 -6.2356 -13.2306 49.9856 -6.2356 -13.2306 10.0144 0.0166 0.0166 0.0166 0.0166 0.0166 0.0166
3 16 -6.1347 -5.4713 58.6466 -5.9435 -5.466 62.3624 -3.336 -5.4663 59.0439 0.0166 0.0166 0.0166 0.0166 0.0166 0.0166
3 16 -3.336 -5.4663 59.0439 -5.9435 -5.466 62.3624 -1.3773 -5.5796 61.3774 0.0166 0.0166 0.0166 0.0166 0.0166 0.0166
3 16 -6.1347 -5.4713 58.6466 -3.336 -5.4663 59.0439 -5.0063 -5.4723 56.1183 0.0166 0.0166 0.0166 0.0166 0.0166 0.0166
3 16 -1.3773 -5.5796 61.3774 -5.9435 -5.466 62.3624 -2.3623 -5.466 65.9436 0.0166 0.0166 0.0166 0.0166 0.0166 0.0166
3 16 -5.0083 -13.2273 56.1606 -5.3001 -13.23 53.6974 -5.0063 -5.4723 56.1183 0.0166 0.0166 0.0166 0.0166 0.0166 0.0166
3 16 -5.0063 -5.4723 56.1183 -3.336 -5.4663 59.0439 -5.0083 -13.2273 56.1606 0.0166 0.0166 0.0166 0.0166 0.0166 0.0166
3 16 -5.0083 -13.2273 56.1606 -3.336 -5.4663 59.0439 -3.3364 -13.2273 59.0434 0.0166 0.0166 0.0166 0.0166 0.0166 0.0166
3 16 -1.3774 -13.1142 61.3774 -3.3364 -13.2273 59.0434 -1.3773 -5.5796 61.3774 0.0166 0.0166 0.0166 0.0166 0.0166 0.0166
3 16 -1.3773 -5.5796 61.3774 -3.3364 -13.2273 59.0434 -3.336 -5.4663 59.0439 0.0166 0.0166 0.0166 0.0166 0.0166 0.0166
3 16 10.0144 0.0144 49.9856 10.0144 -13.2306 49.9856 3.8358 -7.9911 49.9856 0.0166 0.0166 0.0166 0.0166 0.0166 0.0166
3 16 3.8358 -7.9911 49.9856 10.0144 -13.2306 49.9856 3.8358 -13.2306 49.9856 0.0166 0.0166 0.0166 0.0166 0.0166 0.0166
3 16 3.8358 -7.9911 49.9856 3.8379 -7.9878 48.3505 1.8297 -7.9911 49.9856 0.0166 0.0166 0.0166 0.0166 0.0166 0.0166
3 16 1.8297 -7.9911 49.9856 3.8379 -7.9878 48.3505 1.8275 -7.9878 47.8086 0.0166 0.0166 0.0166 0.0166 0.0166 0.0166
3 16 1.8275 -7.9878 47.8086 3.8379 -7.9878 48.3505 4.017 -7.9878 44.017 0.0166 0.0166 0.0166 0.0166 0.0166 0.0166
3 16 4.017 -7.9878 44.017 3.8379 -7.9878 48.3505 5.4894 -7.9878 45.4894 0.0166 0.0166 0.0166 0.0166 0.0166 0.0166
3 16 5.4894 -7.9878 45.4894 8.349 -7.9878 43.8384 4.017 -7.9878 44.017 0.0166 0.0166 0.0166 0.0166 0.0166 0.0166
3 16 4.017 -7.9878 44.017 8.349 -7.9878 43.8384 7.8101 -7.9878 41.8271 0.0166 0.0166 0.0166 0.0166 0.0166 0.0166
3 16 8.349 -7.9878 43.8384 11.651 -7.9878 43.8384 7.8101 -7.9878 41.8271 0.0166 0.0166 0.0166 0.0166 0.0166 0.0166
3 16 7.8101 -7.9878 41.8271 11.651 -7.9878 43.8384 12.1899 -7.9878 41.8271 0.0166 0.0166 0.0166 0.0166 0.0166 0.0166
3 16 11.651 -7.9878 43.8384 14.5106 -7.9878 45.4894 12.1899 -7.9878 41.8271 0.0166 0.0166 0.0166 0.0166 0.0166 0.0166
3 16 12.1899 -7.9878 41.8271 14.5106 -7.9878 45.4894 15.983 -7.9878 44.017 0.0166 0.0166 0.0166 0.0166 0.0166 0.0166
3 16 1.8275 -7.9878 47.8086 1.8275 -13.2273 47.8086 1.8297 -7.9911 49.9856 0.0166 0.0166 0.0166 0.0166 0.0166 0.0166
3 16 1.8297 -7.9911 49.9856 1.8275 -13.2273 47.8086 1.8297 -13.2306 49.9856 0.0166 0.0166 0.0166 0.0166 0.0166 0.0166
3 16 4.017 -13.2273 44.017 1.8275 -13.2273 47.8086 4.017 -7.9878 44.017 0.0166 0.0166 0.0166 0.0166 0.0166 0.0166
3 16 4.017 -7.9878 44.017 1.8275 -13.2273 47.8086 1.8275 -7.9878 47.8086 0.0166 0.0166 0.0166 0.0166 0.0166 0.0166
3 16 7.8101 -13.2273 41.8271 4.017 -13.2273 44.017 7.8101 -7.9878 41.8271 0.0166 0.0166 0.0166 0.0166 0.0166 0.0166
3 16 7.8101 -7.9878 41.8271 4.017 -13.2273 44.017 4.017 -7.9878 44.017 0.0166 0.0166 0.0166 0.0166 0.0166 0.0166
3 16 12.1899 -13.2273 41.8271 7.8101 -13.2273 41.8271 12.1899 -7.9878 41.8271 0.0166 0.0166 0.0166 0.0166 0.0166 0.0166
3 16 12.1899 -7.9878 41.8271 7.8101 -13.2273 41.8271 7.8101 -7.9878 41.8271 0.0166 0.0166 0.0166 0.0166 0.0166 0.0166
3 16 15.983 -7.9878 44.017 15.983 -13.2273 44.017 12.1899 -7.9878 41.8271 0.0166 0.0166 0.0166 0.0166 0.0166 0.0166
3 16 12.1899 -7.9878 41.8271 15.983 -13.2273 44.017 12.1899 -13.2273 41.8271 0.0166 0.0166 0.0166 0.0166 0.0166 0.0166
3 16 3.8358 -7.9911 49.9856 3.8358 -13.2306 49.9856 3.8379 -7.9878 48.3505 0.0166 0.0166 0.0166 0.0166 0.0166 0.0166
3 16 3.8379 -7.9878 48.3505 3.8358 -13.2306 49.9856 3.8379 -13.2273 48.3505 0.0166 0.0166 0.0166 0.0166 0.0166 0.0166
3 16 3.8379 -7.9878 48.3505 3.8379 -13.2273 48.3505 5.4894 -7.9878 45.4894 0.0166 0.0166 0.0166 0.0166 0.0166 0.0166
3 16 5.4894 -7.9878 45.4894 3.8379 -13.2273 48.3505 5.4894 -13.2273 45.4894 0.0166 0.0166 0.0166 0.0166 0.0166 0.0166
3 16 5.4894 -13.2273 45.4894 8.349 -13.2273 43.8384 5.4894 -7.9878 45.4894 0.0166 0.0166 0.0166 0.0166 0.0166 0.0166
3 16 5.4894 -7.9878 45.4894 8.349 -13.2273 43.8384 8.349 -7.9878 43.8384 0.0166 0.0166 0.0166 0.0166 0.0166 0.0166
3 16 8.349 -7.9878 43.8384 8.349 -13.2273 43.8384 11.651 -7.9878 43.8384 0.0166 0.0166 0.0166 0.0166 0.0166 0.0166
3 16 11.651 -7.9878 43.8384 8.349 -13.2273 43.8384 11.651 -13.2273 43.8384 0.0166 0.0166 0.0166 0.0166 0.0166 0.0166
3 16 11.651 -7.9878 43.8384 11.651 -13.2273 43.8384 14.5106 -7.9878 45.4894 0.0166 0.0166 0.0166 0.0166 0.0166 0.0166
3 16 14.5106 -7.9878 45.4894 11.651 -13.2273 43.8384 14.5106 -13.2273 45.4894 0.0166 0.0166 0.0166 0.0166 0.0166 0.0166
3 16 14.5106 -13.2273 45.4894 11.651 -13.2273 43.8384 16.1616 -13.2273 48.349 0.0166 0.0166 0.0166 0.0166 0.0166 0.0166
3 16 16.1616 -13.2273 48.349 11.651 -13.2273 43.8384 10.0144 -13.2306 49.9856 0.0166 0.0166 0.0166 0.0166 0.0166 0.0166
3 16 5.4894 -13.2273 45.4894 3.8379 -13.2273 48.3505 10.0144 -13.2306 49.9856 0.0166 0.0166 0.0166 0.0166 0.0166 0.0166
3 16 10.0144 -13.2306 49.9856 3.8379 -13.2273 48.3505 3.8358 -13.2306 49.9856 0.0166 0.0166 0.0166 0.0166 0.0166 0.0166
3 16 8.349 -13.2273 43.8384 5.4894 -13.2273 45.4894 11.651 -13.2273 43.8384 0.0166 0.0166 0.0166 0.0166 0.0166 0.0166
3 16 11.651 -13.2273 43.8384 5.4894 -13.2273 45.4894 10.0144 -13.2306 49.9856 0.0166 0.0166 0.0166 0.0166 0.0166 0.0166
3 16 -9.8757 -16.0177 51.3642 -9.0217 -16.0177 55.4562 -9.8757 0.0177 51.3643 0.0166 0.0166 0.0166 0.0166 0.0166 0.0166
3 16 -9.8757 0.0177 51.3643 -9.0217 -16.0177 55.4562 -9.0217 0.0177 55.4559 0.0166 0.0166 0.0166 0.0166 0.0166 0.0166
3 16 -7.8266 -5.4708 58.7354 -6.1347 -5.4713 58.6466 -7.8267 0.0132 58.7353 0.0166 0.0166 0.0166 0.0166 0.0166 0.0166
3 16 -7.8267 0.0132 58.7353 -6.1347 -5.4713 58.6466 -6.1346 0.0127 58.6465 0.0166 0.0166 0.0166 0.0166 0.0166 0.0166
3 16 -6.1347 -5.4713 58.6466 -5.0063 -5.4723 56.1183 -6.1346 0.0127 58.6465 0.0166 0.0166 0.0166 0.0166 0.0166 0.0166
3 16 -6.1346 0.0127 58.6465 -5.0063 -5.4723 56.1183 -5.0098 0.0115 56.0693 0.0166 0.0166 0.0166 0.0166 0.0166 0.0166
3 16 -5.3001 -13.23 53.6974 -5.3 0.015 53.6973 -5.0063 -5.4723 56.1183 0.0166 0.0166 0.0166 0.0166 0.0166 0.0166
3 16 -5.0063 -5.4723 56.1183 -5.3 0.015 53.6973 -5.0098 0.0115 56.0693 0.0166 0.0166 0.0166 0.0166 0.0166 0.0166
3 16 -5.3001 -13.23 53.6974 6.2743 -13.2306 53.7257 -5.3 0.015 53.6973 0.0166 0.0166 0.0166 0.0166 0.0166 0.0166
3 16 -5.3 0.015 53.6973 6.2743 -13.2306 53.7257 6.2745 0.0144 53.7255 0.0166 0.0166 0.0166 0.0166 0.0166 0.0166
3 16 -7.4349 -5.4663 59.6676 -7.4353 -16.0177 59.6668 -5.9435 -5.466 62.3624 0.0166 0.0166 0.0166 0.0166 0.0166 0.0166
3 16 -5.9435 -5.466 62.3624 -7.4353 -16.0177 59.6668 -5.5135 -16.0176 63.1858 0.0166 0.0166 0.0166 0.0166 0.0166 0.0166
3 16 -9.9691 0.0148 49.9863 -9.9691 -7.9907 49.9862 -9.8757 0.0177 51.3643 0.0166 0.0166 0.0166 0.0166 0.0166 0.0166
3 16 -9.8757 0.0177 51.3643 -9.9691 -7.9907 49.9862 -9.8757 -16.0177 51.3642 0.0166 0.0166 0.0166 0.0166 0.0166 0.0166
3 16 -9.9691 0.0148 49.9863 -6.2356 -7.9911 49.9856 -9.9691 -7.9907 49.9862 0.0166 0.0166 0.0166 0.0166 0.0166 0.0166
3 16 -9.0217 -16.0177 55.4562 -7.4353 -16.0177 59.6668 -7.8266 -5.4708 58.7354 0.0166 0.0166 0.0166 0.0166 0.0166 0.0166
3 16 -7.8266 -5.4708 58.7354 -7.4353 -16.0177 59.6668 -7.4349 -5.4663 59.6676 0.0166 0.0166 0.0166 0.0166 0.0166 0.0166
3 16 -5.9435 -5.466 62.3624 -6.1347 -5.4713 58.6466 -7.4349 -5.4663 59.6676 0.0166 0.0166 0.0166 0.0166 0.0166 0.0166
3 16 -7.4349 -5.4663 59.6676 -6.1347 -5.4713 58.6466 -7.8266 -5.4708 58.7354 0.0166 0.0166 0.0166 0.0166 0.0166 0.0166
3 16 4.017 -13.2273 44.017 -6.2356 -13.2306 49.9856 1.8275 -13.2273 47.8086 0.0166 0.0166 0.0166 0.0166 0.0166 0.0166
3 16 -6.2356 -13.2306 49.9856 1.8297 -13.2306 49.9856 1.8275 -13.2273 47.8086 0.0166 0.0166 0.0166 0.0166 0.0166 0.0166
3 16 -10.0177 -7.9878 49.2334 -10.0177 -16.0177 49.2334 -9.9691 -7.9907 49.9862 0.0166 0.0166 0.0166 0.0166 0.0166 0.0166
3 16 -9.9691 -7.9907 49.9862 -10.0177 -16.0177 49.2334 -9.8757 -16.0177 51.3642 0.0166 0.0166 0.0166 0.0166 0.0166 0.0166
3 16 -5.9435 -5.466 62.3624 -5.5135 -16.0176 63.1858 -2.3623 -5.466 65.9436 0.0166 0.0166 0.0166 0.0166 0.0166 0.0166
3 16 -2.3623 -5.466 65.9436 -5.5135 -16.0176 63.1858 -3.1856 -16.0176 65.5137 0.0166 0.0166 0.0166 0.0166 0.0166 0.0166
3 16 -9.0217 -16.0177 55.4562 -7.8266 -5.4708 58.7354 -9.0217 0.0177 55.4559 0.0166 0.0166 0.0166 0.0166 0.0166 0.0166
3 16 -9.0217 0.0177 55.4559 -7.8266 -5.4708 58.7354 -7.8267 0.0132 58.7353 0.0166 0.0166 0.0166 0.0166 0.0166 0.0166
3 16 -9.8757 0.0177 51.3643 -9.0217 0.0177 55.4559 -5.3 0.015 53.6973 0.0166 0.0166 0.0166 0.0166 0.0166 0.0166
3 16 -5.3 0.015 53.6973 -9.0217 0.0177 55.4559 -5.0098 0.0115 56.0693 0.0166 0.0166 0.0166 0.0166 0.0166 0.0166
3 16 -5.3 0.015 53.6973 -9.9691 0.0148 49.9863 -9.8757 0.0177 51.3643 0.0166 0.0166 0.0166 0.0166 0.0166 0.0166
3 16 6.2745 0.0144 53.7255 6.3027 0.015 65.3001 10.0144 0.0144 49.9856 0.0166 0.0166 0.0166 0.0166 0.0166 0.0166
3 16 10.0144 0.0144 49.9856 6.3027 0.015 65.3001 10.0138 0.0148 69.9691 0.0166 0.0166 0.0166 0.0166 0.0166 0.0166
3 16 -9.9691 0.0148 49.9863 10.0144 0.0144 49.9856 1.8297 -7.9911 49.9856 0.0166 0.0166 0.0166 0.0166 0.0166 0.0166
3 16 1.8297 -7.9911 49.9856 10.0144 0.0144 49.9856 3.8358 -7.9911 49.9856 0.0166 0.0166 0.0166 0.0166 0.0166 0.0166
3 16 -6.2356 -7.9911 49.9856 1.8297 -7.9911 49.9856 -6.2356 -13.2306 49.9856 0.0166 0.0166 0.0166 0.0166 0.0166 0.0166
3 16 -6.2356 -13.2306 49.9856 1.8297 -7.9911 49.9856 1.8297 -13.2306 49.9856 0.0166 0.0166 0.0166 0.0166 0.0166 0.0166
3 16 -6.2356 -7.9911 49.9856 -9.9691 0.0148 49.9863 1.8297 -7.9911 49.9856 0.0166 0.0166 0.0166 0.0166 0.0166 0.0166
3 16 -9.9691 0.0148 49.9863 -5.3 0.015 53.6973 10.0144 0.0144 49.9856 0.0166 0.0166 0.0166 0.0166 0.0166 0.0166
3 16 10.0144 0.0144 49.9856 -5.3 0.015 53.6973 6.2745 0.0144 53.7255 0.0166 0.0166 0.0166 0.0166 0.0166 0.0166
3 16 -5.3001 -13.23 53.6974 -5.0083 -13.2273 56.1606 6.2743 -13.2306 53.7257 0.0166 0.0166 0.0166 0.0166 0.0166 0.0166
3 16 -3.3364 -13.2273 59.0434 6.2743 -13.2306 53.7257 -5.0083 -13.2273 56.1606 0.0166 0.0166 0.0166 0.0166 0.0166 0.0166
3 16 6.3027 -13.23 65.3001 6.2743 -13.2306 53.7257 3.8394 -13.2273 65.0083 0.0166 0.0166 0.0166 0.0166 0.0166 0.0166
3 16 3.8394 -13.2273 65.0083 6.2743 -13.2306 53.7257 0.9566 -13.2273 63.3364 0.0166 0.0166 0.0166 0.0166 0.0166 0.0166
3 16 -10.0177 -7.9878 49.2334 -6.2356 -7.9911 49.9856 -10.0177 -7.9878 10.7666 0.0166 0.0166 0.0166 0.0166 0.0166 0.0166
3 16 -10.0177 -7.9878 10.7666 -6.2356 -7.9911 49.9856 -6.2356 -7.9911 10.0144 0.0166 0.0166 0.0166 0.0166 0.0166 0.0166
3 16 -10.0177 -16.0177 49.2334 -10.0177 -7.9878 49.2334 -10.0177 -16.0177 10.7666 0.0166 0.0166 0.0166 0.0166 0.0166 0.0166
3 16 -10.0177 -16.0177 10.7666 -10.0177 -7.9878 49.2334 -10.0177 -7.9878 10.7666 0.0166 0.0166 0.0166 0.0166 0.0166 0.0166
3 16 10.7666 -7.9878 70.0177 10.0144 -7.9911 66.2356 10.0138 -7.9907 69.9691 0.0166 0.0166 0.0166 0.0166 0.0166 0.0166
3 16 10.7666 -7.9878 70.0177 10.0138 -7.9907 69.9691 10.7666 -16.0177 70.0177 0.0166 0.0166 0.0166 0.0166 0.0166 0.0166
3 16 10.7666 -16.0177 70.0177 10.0138 -7.9907 69.9691 8.6358 -16.0177 69.8757 0.0166 0.0166 0.0166 0.0166 0.0166 0.0166
3 16 -1.3774 -13.1142 61.3774 0.9566 -13.2273 63.3364 6.2743 -13.2306 53.7257 0.0166 0.0166 0.0166 0.0166 0.0166 0.0166
3 16 55.4559 0.0177 69.0217 58.7353 0.0132 67.8267 56.0693 0.0115 65.0098 0.0166 0.0166 0.0166 0.0166 0.0166 0.0166
3 16 56.0693 0.0115 65.0098 58.7353 0.0132 67.8267 58.6465 0.0127 66.1346 0.0166 0.0166 0.0166 0.0166 0.0166 0.0166
3 16 10.7666 -7.9878 70.0177 49.2334 -7.9878 70.0177 10.0144 -7.9911 66.2356 0.0166 0.0166 0.0166 0.0166 0.0166 0.0166
3 16 10.0144 -7.9911 66.2356 49.2334 -7.9878 70.0177 49.9856 -7.9911 66.2356 0.0166 0.0166 0.0166 0.0166 0.0166 0.0166
3 16 10.0144 -7.9911 66.2356 49.9856 -7.9911 66.2356 10.0144 -13.2306 66.2356 0.0166 0.0166 0.0166 0.0166 0.0166 0.0166
3 16 10.0144 -13.2306 66.2356 49.9856 -7.9911 66.2356 49.9856 -13.2306 66.2356 0.0166 0.0166 0.0166 0.0166 0.0166 0.0166
3 16 58.6466 -5.4713 66.1347 62.3623 -5.466 65.9436 59.0439 -5.4663 63.336 0.0166 0.0166 0.0166 0.0166 0.0166 0.0166
3 16 59.0439 -5.4663 63.336 62.3623 -5.466 65.9436 61.3774 -5.5796 61.3774 0.0166 0.0166 0.0166 0.0166 0.0166 0.0166
3 16 58.6466 -5.4713 66.1347 59.0439 -5.4663 63.336 56.1183 -5.4723 65.0063 0.0166 0.0166 0.0166 0.0166 0.0166 0.0166
3 16 56.1606 -13.2273 65.0083 53.7005 -13.23 65.3001 56.1183 -5.4723 65.0063 0.0166 0.0166 0.0166 0.0166 0.0166 0.0166
3 16 56.1183 -5.4723 65.0063 59.0439 -5.4663 63.336 56.1606 -13.2273 65.0083 0.0166 0.0166 0.0166 0.0166 0.0166 0.0166
3 16 56.1606 -13.2273 65.0083 59.0439 -5.4663 63.336 59.0434 -13.2273 63.3364 0.0166 0.0166 0.0166 0.0166 0.0166 0.0166
3 16 61.3774 -13.1142 61.3774 59.0434 -13.2273 63.3364 61.3774 -5.5796 61.3774 0.0166 0.0166 0.0166 0.0166 0.0166 0.0166
3 16 61.3774 -5.5796 61.3774 59.0434 -13.2273 63.3364 59.0439 -5.4663 63.336 0.0166 0.0166 0.0166 0.0166 0.0166 0.0166
3 16 63.3364 -13.2273 59.0434 53.7289 -13.2306 53.7175 61.3774 -13.1142 61.3774 0.0166 0.0166 0.0166 0.0166 0.0166 0.0166
3 16 49.9856 0.0144 49.9856 49.9856 -13.2306 49.9856 49.9856 -7.9911 56.1642 0.0166 0.0166 0.0166 0.0166 0.0166 0.0166
3 16 49.9856 -7.9911 56.1642 49.9856 -13.2306 49.9856 49.9856 -13.2306 56.1642 0.0166 0.0166 0.0166 0.0166 0.0166 0.0166
3 16 49.9856 -7.9911 56.1642 48.3505 -7.9878 56.1621 49.9856 -7.9911 58.1703 0.0166 0.0166 0.0166 0.0166 0.0166 0.0166
3 16 49.9856 -7.9911 58.1703 48.3505 -7.9878 56.1621 47.8086 -7.9878 58.1725 0.0166 0.0166 0.0166 0.0166 0.0166 0.0166
3 16 47.8086 -7.9878 58.1725 48.3505 -7.9878 56.1621 44.017 -7.9878 55.983 0.0166 0.0166 0.0166 0.0166 0.0166 0.0166
3 16 44.017 -7.9878 55.983 48.3505 -7.9878 56.1621 45.4894 -7.9878 54.5106 0.0166 0.0166 0.0166 0.0166 0.0166 0.0166
3 16 45.4894 -7.9878 54.5106 43.8384 -7.9878 51.651 44.017 -7.9878 55.983 0.0166 0.0166 0.0166 0.0166 0.0166 0.0166
3 16 44.017 -7.9878 55.983 43.8384 -7.9878 51.651 41.8271 -7.9878 52.1899 0.0166 0.0166 0.0166 0.0166 0.0166 0.0166
3 16 43.8384 -7.9878 51.651 43.8384 -7.9878 48.349 41.8271 -7.9878 52.1899 0.0166 0.0166 0.0166 0.0166 0.0166 0.0166
3 16 41.8271 -7.9878 52.1899 43.8384 -7.9878 48.349 41.8271 -7.9878 47.8101 0.0166 0.0166 0.0166 0.0166 0.0166 0.0166
3 16 43.8384 -7.9878 48.349 45.4894 -7.9878 45.4894 41.8271 -7.9878 47.8101 0.0166 0.0166 0.0166 0.0166 0.0166 0.0166
3 16 41.8271 -7.9878 47.8101 45.4894 -7.9878 45.4894 44.017 -7.9878 44.017 0.0166 0.0166 0.0166 0.0166 0.0166 0.0166
3 16 47.8086 -7.9878 58.1725 47.8086 -13.2273 58.1725 49.9856 -7.9911 58.1703 0.0166 0.0166 0.0166 0.0166 0.0166 0.0166
3 16 49.9856 -7.9911 58.1703 47.8086 -13.2273 58.1725 49.9856 -13.2306 58.1703 0.0166 0.0166 0.0166 0.0166 0.0166 0.0166
3 16 44.017 -13.2273 55.983 47.8086 -13.2273 58.1725 44.017 -7.9878 55.983 0.0166 0.0166 0.0166 0.0166 0.0166 0.0166
3 16 44.017 -7.9878 55.983 47.8086 -13.2273 58.1725 47.8086 -7.9878 58.1725 0.0166 0.0166 0.0166 0.0166 0.0166 0.0166
3 16 41.8271 -13.2273 52.1899 44.017 -13.2273 55.983 41.8271 -7.9878 52.1899 0.0166 0.0166 0.0166 0.0166 0.0166 0.0166
3 16 41.8271 -7.9878 52.1899 44.017 -13.2273 55.983 44.017 -7.9878 55.983 0.0166 0.0166 0.0166 0.0166 0.0166 0.0166
3 16 41.8271 -13.2273 47.8101 41.8271 -13.2273 52.1899 41.8271 -7.9878 47.8101 0.0166 0.0166 0.0166 0.0166 0.0166 0.0166
3 16 41.8271 -7.9878 47.8101 41.8271 -13.2273 52.1899 41.8271 -7.9878 52.1899 0.0166 0.0166 0.0166 0.0166 0.0166 0.0166
3 16 44.017 -7.9878 44.017 44.017 -13.2273 44.017 41.8271 -7.9878 47.8101 0.0166 0.0166 0.0166 0.0166 0.0166 0.0166
3 16 41.8271 -7.9878 47.8101 44.017 -13.2273 44.017 41.8271 -13.2273 47.8101 0.0166 0.0166 0.0166 0.0166 0.0166 0.0166
3 16 49.9856 -7.9911 56.1642 49.9856 -13.2306 56.1642 48.3505 -7.9878 56.1621 0.0166 0.0166 0.0166 0.0166 0.0166 0.0166
3 16 48.3505 -7.9878 56.1621 49.9856 -13.2306 56.1642 48.3505 -13.2273 56.1621 0.0166 0.0166 0.0166 0.0166 0.0166 0.0166
3 16 48.3505 -7.9878 56.1621 48.3505 -13.2273 56.1621 45.4894 -7.9878 54.5106 0.0166 0.0166 0.0166 0.0166 0.0166 0.0166
3 16 45.4894 -7.9878 54.5106 48.3505 -13.2273 56.1621 45.4894 -13.2273 54.5106 0.0166 0.0166 0.0166 0.0166 0.0166 0.0166
3 16 45.4894 -13.2273 54.5106 43.8384 -13.2273 51.651 45.4894 -7.9878 54.5106 0.0166 0.0166 0.0166 0.0166 0.0166 0.0166
3 16 45.4894 -7.9878 54.5106 43.8384 -13.2273 51.651 43.8384 -7.9878 51.651 0.0166 0.0166 0.0166 0.0166 0.0166 0.0166
3 16 43.8384 -7.9878 51.651 43.8384 -13.2273 51.651 43.8384 -7.9878 48.349 0.0166 0.0166 0.0166 0.0166 0.0166 0.0166
3 16 43.8384 -7.9878 48.349 43.8384 -13.2273 51.651 43.8384 -13.2273 48.349 0.0166 0.0166 0.0166 0.0166 0.0166 0.0166
3 16 43.8384 -7.9878 48.349 43.8384 -13.2273 48.349 45.4894 -7.9878 45.4894 0.0166 0.0166 0.0166 0.0166 0.0166 0.0166
3 16 45.4894 -7.9878 45.4894 43.8384 -13.2273 48.349 45.4894 -13.2273 45.4894 0.0166 0.0166 0.0166 0.0166 0.0166 0.0166
3 16 45.4894 -13.2273 54.5106 48.3505 -13.2273 56.1621 49.9856 -13.2306 49.9856 0.0166 0.0166 0.0166 0.0166 0.0166 0.0166
3 16 49.9856 -13.2306 49.9856 48.3505 -13.2273 56.1621 49.9856 -13.2306 56.1642 0.0166 0.0166 0.0166 0.0166 0.0166 0.0166
3 16 43.8384 -13.2273 51.651 45.4894 -13.2273 54.5106 43.8384 -13.2273 48.349 0.0166 0.0166 0.0166 0.0166 0.0166 0.0166
3 16 43.8384 -13.2273 48.349 45.4894 -13.2273 54.5106 49.9856 -13.2306 49.9856 0.0166 0.0166 0.0166 0.0166 0.0166 0.0166
3 16 55.4562 -16.0177 69.0217 55.4559 0.0177 69.0217 51.3642 -16.0177 69.8757 0.0166 0.0166 0.0166 0.0166 0.0166 0.0166
3 16 51.3642 -16.0177 69.8757 55.4559 0.0177 69.0217 51.3643 0.0177 69.8757 0.0166 0.0166 0.0166 0.0166 0.0166 0.0166
3 16 58.6466 -5.4713 66.1347 58.6465 0.0127 66.1346 58.7354 -5.4708 67.8266 0.0166 0.0166 0.0166 0.0166 0.0166 0.0166
3 16 58.7354 -5.4708 67.8266 58.6465 0.0127 66.1346 58.7353 0.0132 67.8267 0.0166 0.0166 0.0166 0.0166 0.0166 0.0166
3 16 56.0693 0.0115 65.0098 58.6465 0.0127 66.1346 56.1183 -5.4723 65.0063 0.0166 0.0166 0.0166 0.0166 0.0166 0.0166
3 16 56.1183 -5.4723 65.0063 58.6465 0.0127 66.1346 58.6466 -5.4713 66.1347 0.0166 0.0166 0.0166 0.0166 0.0166 0.0166
3 16 53.7005 -13.23 65.3001 53.7005 0.015 65.3001 56.1183 -5.4723 65.0063 0.0166 0.0166 0.0166 0.0166 0.0166 0.0166
3 16 56.1183 -5.4723 65.0063 53.7005 0.015 65.3001 56.0693 0.0115 65.0098 0.0166 0.0166 0.0166 0.0166 0.0166 0.0166
3 16 53.7289 -13.2306 53.7175 53.7287 0.0144 53.7173 53.7005 -13.23 65.3001 0.0166 0.0166 0.0166 0.0166 0.0166 0.0166
3 16 53.7005 -13.23 65.3001 53.7287 0.0144 53.7173 53.7005 0.015 65.3001 0.0166 0.0166 0.0166 0.0166 0.0166 0.0166
3 16 59.6676 -5.4663 67.4349 59.6668 -16.0177 67.4353 62.3623 -5.466 65.9436 0.0166 0.0166 0.0166 0.0166 0.0166 0.0166
3 16 62.3623 -5.466 65.9436 59.6668 -16.0177 67.4353 63.1856 -16.0176 65.5137 0.0166 0.0166 0.0166 0.0166 0.0166 0.0166
3 16 51.3642 -16.0177 69.8757 51.3643 0.0177 69.8757 49.9862 -7.9907 69.9691 0.0166 0.0166 0.0166 0.0166 0.0166 0.0166
3 16 49.9862 -7.9907 69.9691 51.3643 0.0177 69.8757 49.9863 0.0148 69.9691 0.0166 0.0166 0.0166 0.0166 0.0166 0.0166
3 16 49.9863 0.0148 69.9691 49.9856 -7.9911 66.2356 49.9862 -7.9907 69.9691 0.0166 0.0166 0.0166 0.0166 0.0166 0.0166
3 16 55.4562 -16.0177 69.0217 59.6668 -16.0177 67.4353 58.7354 -5.4708 67.8266 0.0166 0.0166 0.0166 0.0166 0.0166 0.0166
3 16 58.7354 -5.4708 67.8266 59.6668 -16.0177 67.4353 59.6676 -5.4663 67.4349 0.0166 0.0166 0.0166 0.0166 0.0166 0.0166
3 16 62.3623 -5.466 65.9436 58.6466 -5.4713 66.1347 59.6676 -5.4663 67.4349 0.0166 0.0166 0.0166 0.0166 0.0166 0.0166
3 16 59.6676 -5.4663 67.4349 58.6466 -5.4713 66.1347 58.7354 -5.4708 67.8266 0.0166 0.0166 0.0166 0.0166 0.0166 0.0166
3 16 10.7666 -16.0177 70.0177 49.2334 -16.0177 70.0177 10.7666 -7.9878 70.0177 0.0166 0.0166 0.0166 0.0166 0.0166 0.0166
3 16 10.7666 -7.9878 70.0177 49.2334 -16.0177 70.0177 49.2334 -7.9878 70.0177 0.0166 0.0166 0.0166 0.0166 0.0166 0.0166
3 16 58.7353 0.0132 67.8267 55.4559 0.0177 69.0217 58.7354 -5.4708 67.8266 0.0166 0.0166 0.0166 0.0166 0.0166 0.0166
3 16 58.7354 -5.4708 67.8266 55.4559 0.0177 69.0217 55.4562 -16.0177 69.0217 0.0166 0.0166 0.0166 0.0166 0.0166 0.0166
3 16 51.3643 0.0177 69.8757 55.4559 0.0177 69.0217 53.7005 0.015 65.3001 0.0166 0.0166 0.0166 0.0166 0.0166 0.0166
3 16 53.7005 0.015 65.3001 55.4559 0.0177 69.0217 56.0693 0.0115 65.0098 0.0166 0.0166 0.0166 0.0166 0.0166 0.0166
3 16 53.7005 0.015 65.3001 49.9863 0.0148 69.9691 51.3643 0.0177 69.8757 0.0166 0.0166 0.0166 0.0166 0.0166 0.0166
3 16 49.9863 0.0148 69.9691 49.9856 0.0144 49.9856 49.9856 -7.9911 58.1703 0.0166 0.0166 0.0166 0.0166 0.0166 0.0166
3 16 49.9856 -7.9911 58.1703 49.9856 0.0144 49.9856 49.9856 -7.9911 56.1642 0.0166 0.0166 0.0166 0.0166 0.0166 0.0166
3 16 49.9856 -7.9911 66.2356 49.9856 -7.9911 58.1703 49.9856 -13.2306 66.2356 0.0166 0.0166 0.0166 0.0166 0.0166 0.0166
3 16 49.9856 -13.2306 66.2356 49.9856 -7.9911 58.1703 49.9856 -13.2306 58.1703 0.0166 0.0166 0.0166 0.0166 0.0166 0.0166
3 16 49.9856 -7.9911 66.2356 49.9863 0.0148 69.9691 49.9856 -7.9911 58.1703 0.0166 0.0166 0.0166 0.0166 0.0166 0.0166
3 16 66.1346 0.0127 58.6465 67.8267 0.0132 58.7353 65.0098 0.0115 56.0693 0.0166 0.0166 0.0166 0.0166 0.0166 0.0166
3 16 65.0098 0.0115 56.0693 67.8267 0.0132 58.7353 69.0217 0.0177 55.4559 0.0166 0.0166 0.0166 0.0166 0.0166 0.0166
3 16 66.2356 -7.9911 49.9856 69.9691 -7.9907 49.9862 70.0177 -7.9878 49.2334 0.0166 0.0166 0.0166 0.0166 0.0166 0.0166
3 16 61.3774 -5.5796 61.3774 65.9435 -5.466 62.3624 63.336 -5.4663 59.0439 0.0166 0.0166 0.0166 0.0166 0.0166 0.0166
3 16 63.336 -5.4663 59.0439 65.9435 -5.466 62.3624 66.1347 -5.4713 58.6466 0.0166 0.0166 0.0166 0.0166 0.0166 0.0166
3 16 66.1347 -5.4713 58.6466 65.0063 -5.4723 56.1183 63.336 -5.4663 59.0439 0.0166 0.0166 0.0166 0.0166 0.0166 0.0166
3 16 61.3774 -5.5796 61.3774 62.3623 -5.466 65.9436 65.9435 -5.466 62.3624 0.0166 0.0166 0.0166 0.0166 0.0166 0.0166
3 16 65.0083 -13.2273 56.1606 65.0063 -5.4723 56.1183 65.3001 -13.23 53.6892 0.0166 0.0166 0.0166 0.0166 0.0166 0.0166
3 16 65.0063 -5.4723 56.1183 65.0083 -13.2273 56.1606 63.336 -5.4663 59.0439 0.0166 0.0166 0.0166 0.0166 0.0166 0.0166
3 16 63.336 -5.4663 59.0439 65.0083 -13.2273 56.1606 63.3364 -13.2273 59.0434 0.0166 0.0166 0.0166 0.0166 0.0166 0.0166
3 16 61.3774 -13.1142 61.3774 61.3774 -5.5796 61.3774 63.3364 -13.2273 59.0434 0.0166 0.0166 0.0166 0.0166 0.0166 0.0166
3 16 63.3364 -13.2273 59.0434 61.3774 -5.5796 61.3774 63.336 -5.4663 59.0439 0.0166 0.0166 0.0166 0.0166 0.0166 0.0166
3 16 49.9856 0.0144 49.9856 56.1642 -7.9911 49.9856 49.9856 -13.2306 49.9856 0.0166 0.0166 0.0166 0.0166 0.0166 0.0166
3 16 49.9856 -13.2306 49.9856 56.1642 -7.9911 49.9856 56.1642 -13.2306 49.9856 0.0166 0.0166 0.0166 0.0166 0.0166 0.0166
3 16 58.1725 -7.9878 47.8086 56.1621 -7.9878 48.3505 58.1703 -7.9911 49.9856 0.0166 0.0166 0.0166 0.0166 0.0166 0.0166
3 16 58.1703 -7.9911 49.9856 56.1621 -7.9878 48.3505 56.1642 -7.9911 49.9856 0.0166 0.0166 0.0166 0.0166 0.0166 0.0166
3 16 58.1725 -7.9878 47.8086 55.983 -7.9878 44.017 56.1621 -7.9878 48.3505 0.0166 0.0166 0.0166 0.0166 0.0166 0.0166
3 16 56.1621 -7.9878 48.3505 55.983 -7.9878 44.017 54.5106 -7.9878 45.4894 0.0166 0.0166 0.0166 0.0166 0.0166 0.0166
3 16 54.5106 -7.9878 45.4894 55.983 -7.9878 44.017 51.651 -7.9878 43.8384 0.0166 0.0166 0.0166 0.0166 0.0166 0.0166
3 16 51.651 -7.9878 43.8384 55.983 -7.9878 44.017 52.1899 -7.9878 41.8271 0.0166 0.0166 0.0166 0.0166 0.0166 0.0166
3 16 51.651 -7.9878 43.8384 52.1899 -7.9878 41.8271 48.349 -7.9878 43.8384 0.0166 0.0166 0.0166 0.0166 0.0166 0.0166
3 16 48.349 -7.9878 43.8384 52.1899 -7.9878 41.8271 47.8101 -7.9878 41.8271 0.0166 0.0166 0.0166 0.0166 0.0166 0.0166
3 16 48.349 -7.9878 43.8384 47.8101 -7.9878 41.8271 45.4894 -7.9878 45.4894 0.0166 0.0166 0.0166 0.0166 0.0166 0.0166
3 16 45.4894 -7.9878 45.4894 47.8101 -7.9878 41.8271 44.017 -7.9878 44.017 0.0166 0.0166 0.0166 0.0166 0.0166 0.0166
3 16 58.1725 -7.9878 47.8086 58.1703 -7.9911 49.9856 58.1725 -13.2273 47.8086 0.0166 0.0166 0.0166 0.0166 0.0166 0.0166
3 16 58.1725 -13.2273 47.8086 58.1703 -7.9911 49.9856 58.1703 -13.2306 49.9856 0.0166 0.0166 0.0166 0.0166 0.0166 0.0166
3 16 55.983 -13.2273 44.017 55.983 -7.9878 44.017 58.1725 -13.2273 47.8086 0.0166 0.0166 0.0166 0.0166 0.0166 0.0166
3 16 58.1725 -13.2273 47.8086 55.983 -7.9878 44.017 58.1725 -7.9878 47.8086 0.0166 0.0166 0.0166 0.0166 0.0166 0.0166
3 16 52.1899 -13.2273 41.8271 52.1899 -7.9878 41.8271 55.983 -13.2273 44.017 0.0166 0.0166 0.0166 0.0166 0.0166 0.0166
3 16 55.983 -13.2273 44.017 52.1899 -7.9878 41.8271 55.983 -7.9878 44.017 0.0166 0.0166 0.0166 0.0166 0.0166 0.0166
3 16 47.8101 -13.2273 41.8271 47.8101 -7.9878 41.8271 52.1899 -13.2273 41.8271 0.0166 0.0166 0.0166 0.0166 0.0166 0.0166
3 16 52.1899 -13.2273 41.8271 47.8101 -7.9878 41.8271 52.1899 -7.9878 41.8271 0.0166 0.0166 0.0166 0.0166 0.0166 0.0166
3 16 44.017 -7.9878 44.017 47.8101 -7.9878 41.8271 44.017 -13.2273 44.017 0.0166 0.0166 0.0166 0.0166 0.0166 0.0166
3 16 44.017 -13.2273 44.017 47.8101 -7.9878 41.8271 47.8101 -13.2273 41.8271 0.0166 0.0166 0.0166 0.0166 0.0166 0.0166
3 16 56.1642 -7.9911 49.9856 56.1621 -7.9878 48.3505 56.1642 -13.2306 49.9856 0.0166 0.0166 0.0166 0.0166 0.0166 0.0166
3 16 56.1642 -13.2306 49.9856 56.1621 -7.9878 48.3505 56.1621 -13.2273 48.3505 0.0166 0.0166 0.0166 0.0166 0.0166 0.0166
3 16 56.1621 -7.9878 48.3505 54.5106 -7.9878 45.4894 56.1621 -13.2273 48.3505 0.0166 0.0166 0.0166 0.0166 0.0166 0.0166
3 16 56.1621 -13.2273 48.3505 54.5106 -7.9878 45.4894 54.5106 -13.2273 45.4894 0.0166 0.0166 0.0166 0.0166 0.0166 0.0166
3 16 54.5106 -13.2273 45.4894 54.5106 -7.9878 45.4894 51.651 -13.2273 43.8384 0.0166 0.0166 0.0166 0.0166 0.0166 0.0166
3 16 51.651 -13.2273 43.8384 54.5106 -7.9878 45.4894 51.651 -7.9878 43.8384 0.0166 0.0166 0.0166 0.0166 0.0166 0.0166
3 16 51.651 -7.9878 43.8384 48.349 -7.9878 43.8384 51.651 -13.2273 43.8384 0.0166 0.0166 0.0166 0.0166 0.0166 0.0166
3 16 51.651 -13.2273 43.8384 48.349 -7.9878 43.8384 48.349 -13.2273 43.8384 0.0166 0.0166 0.0166 0.0166 0.0166 0.0166
3 16 48.349 -7.9878 43.8384 45.4894 -7.9878 45.4894 48.349 -13.2273 43.8384 0.0166 0.0166 0.0166 0.0166 0.0166 0.0166
3 16 48.349 -13.2273 43.8384 45.4894 -7.9878 45.4894 45.4894 -13.2273 45.4894 0.0166 0.0166 0.0166 0.0166 0.0166 0.0166
3 16 45.4894 -13.2273 45.4894 43.8384 -13.2273 48.349 48.349 -13.2273 43.8384 0.0166 0.0166 0.0166 0.0166 0.0166 0.0166
3 16 48.349 -13.2273 43.8384 43.8384 -13.2273 48.349 49.9856 -13.2306 49.9856 0.0166 0.0166 0.0166 0.0166 0.0166 0.0166
3 16 54.5106 -13.2273 45.4894 49.9856 -13.2306 49.9856 56.1621 -13.2273 48.3505 0.0166 0.0166 0.0166 0.0166 0.0166 0.0166
3 16 49.9856 -13.2306 49.9856 56.1642 -13.2306 49.9856 56.1621 -13.2273 48.3505 0.0166 0.0166 0.0166 0.0166 0.0166 0.0166
3 16 51.651 -13.2273 43.8384 48.349 -13.2273 43.8384 54.5106 -13.2273 45.4894 0.0166 0.0166 0.0166 0.0166 0.0166 0.0166
3 16 54.5106 -13.2273 45.4894 48.349 -13.2273 43.8384 49.9856 -13.2306 49.9856 0.0166 0.0166 0.0166 0.0166 0.0166 0.0166
3 16 69.8757 -16.0177 51.3642 69.8757 0.0177 51.3643 69.0217 -16.0177 55.4562 0.0166 0.0166 0.0166 0.0166 0.0166 0.0166
3 16 69.0217 -16.0177 55.4562 69.8757 0.0177 51.3643 69.0217 0.0177 55.4559 0.0166 0.0166 0.0166 0.0166 0.0166 0.0166
3 16 67.8266 -5.4708 58.7354 67.8267 0.0132 58.7353 66.1347 -5.4713 58.6466 0.0166 0.0166 0.0166 0.0166 0.0166 0.0166
3 16 66.1347 -5.4713 58.6466 67.8267 0.0132 58.7353 66.1346 0.0127 58.6465 0.0166 0.0166 0.0166 0.0166 0.0166 0.0166
3 16 66.1347 -5.4713 58.6466 66.1346 0.0127 58.6465 65.0063 -5.4723 56.1183 0.0166 0.0166 0.0166 0.0166 0.0166 0.0166
3 16 65.0063 -5.4723 56.1183 66.1346 0.0127 58.6465 65.0098 0.0115 56.0693 0.0166 0.0166 0.0166 0.0166 0.0166 0.0166
3 16 65.0098 0.0115 56.0693 65.3001 0.015 53.6891 65.0063 -5.4723 56.1183 0.0166 0.0166 0.0166 0.0166 0.0166 0.0166
3 16 65.0063 -5.4723 56.1183 65.3001 0.015 53.6891 65.3001 -13.23 53.6892 0.0166 0.0166 0.0166 0.0166 0.0166 0.0166
3 16 65.3001 -13.23 53.6892 65.3001 0.015 53.6891 53.7289 -13.2306 53.7175 0.0166 0.0166 0.0166 0.0166 0.0166 0.0166
3 16 53.7289 -13.2306 53.7175 65.3001 0.015 53.6891 53.7287 0.0144 53.7173 0.0166 0.0166 0.0166 0.0166 0.0166 0.0166
3 16 67.4349 -5.4663 59.6676 65.9435 -5.466 62.3624 67.4353 -16.0177 59.6668 0.0166 0.0166 0.0166 0.0166 0.0166 0.0166
3 16 67.4353 -16.0177 59.6668 65.9435 -5.466 62.3624 65.5135 -16.0176 63.1858 0.0166 0.0166 0.0166 0.0166 0.0166 0.0166
3 16 69.9691 0.0148 49.9863 69.8757 0.0177 51.3643 69.9691 -7.9907 49.9862 0.0166 0.0166 0.0166 0.0166 0.0166 0.0166
3 16 69.9691 -7.9907 49.9862 69.8757 0.0177 51.3643 69.8757 -16.0177 51.3642 0.0166 0.0166 0.0166 0.0166 0.0166 0.0166
3 16 69.9691 0.0148 49.9863 69.9691 -7.9907 49.9862 66.2356 -7.9911 49.9856 0.0166 0.0166 0.0166 0.0166 0.0166 0.0166
3 16 67.4349 -5.4663 59.6676 67.4353 -16.0177 59.6668 67.8266 -5.4708 58.7354 0.0166 0.0166 0.0166 0.0166 0.0166 0.0166
3 16 67.8266 -5.4708 58.7354 67.4353 -16.0177 59.6668 69.0217 -16.0177 55.4562 0.0166 0.0166 0.0166 0.0166 0.0166 0.0166
3 16 67.8266 -5.4708 58.7354 66.1347 -5.4713 58.6466 67.4349 -5.4663 59.6676 0.0166 0.0166 0.0166 0.0166 0.0166 0.0166
3 16 67.4349 -5.4663 59.6676 66.1347 -5.4713 58.6466 65.9435 -5.466 62.3624 0.0166 0.0166 0.0166 0.0166 0.0166 0.0166
3 16 70.0177 -7.9878 49.2334 69.9691 -7.9907 49.9862 70.0177 -16.0177 49.2334 0.0166 0.0166 0.0166 0.0166 0.0166 0.0166
3 16 70.0177 -16.0177 49.2334 69.9691 -7.9907 49.9862 69.8757 -16.0177 51.3642 0.0166 0.0166 0.0166 0.0166 0.0166 0.0166
3 16 65.9435 -5.466 62.3624 62.3623 -5.466 65.9436 65.5135 -16.0176 63.1858 0.0166 0.0166 0.0166 0.0166 0.0166 0.0166
3 16 65.5135 -16.0176 63.1858 62.3623 -5.466 65.9436 63.1856 -16.0176 65.5137 0.0166 0.0166 0.0166 0.0166 0.0166 0.0166
3 16 69.0217 -16.0177 55.4562 69.0217 0.0177 55.4559 67.8266 -5.4708 58.7354 0.0166 0.0166 0.0166 0.0166 0.0166 0.0166
3 16 67.8266 -5.4708 58.7354 69.0217 0.0177 55.4559 67.8267 0.0132 58.7353 0.0166 0.0166 0.0166 0.0166 0.0166 0.0166
3 16 65.0098 0.0115 56.0693 69.0217 0.0177 55.4559 65.3001 0.015 53.6891 0.0166 0.0166 0.0166 0.0166 0.0166 0.0166
3 16 65.3001 0.015 53.6891 69.0217 0.0177 55.4559 69.8757 0.0177 51.3643 0.0166 0.0166 0.0166 0.0166 0.0166 0.0166
3 16 65.3001 0.015 53.6891 69.8757 0.0177 51.3643 69.9691 0.0148 49.9863 0.0166 0.0166 0.0166 0.0166 0.0166 0.0166
3 16 49.9863 0.0148 69.9691 53.7005 0.015 65.3001 49.9856 0.0144 49.9856 0.0166 0.0166 0.0166 0.0166 0.0166 0.0166
3 16 49.9856 0.0144 49.9856 53.7005 0.015 65.3001 53.7287 0.0144 53.7173 0.0166 0.0166 0.0166 0.0166 0.0166 0.0166
3 16 69.9691 0.0148 49.9863 58.1703 -7.9911 49.9856 49.9856 0.0144 49.9856 0.0166 0.0166 0.0166 0.0166 0.0166 0.0166
3 16 58.1703 -7.9911 49.9856 56.1642 -7.9911 49.9856 49.9856 0.0144 49.9856 0.0166 0.0166 0.0166 0.0166 0.0166 0.0166
3 16 66.2356 -7.9911 49.9856 66.2356 -13.2306 49.9856 58.1703 -7.9911 49.9856 0.0166 0.0166 0.0166 0.0166 0.0166 0.0166
3 16 58.1703 -7.9911 49.9856 66.2356 -13.2306 49.9856 58.1703 -13.2306 49.9856 0.0166 0.0166 0.0166 0.0166 0.0166 0.0166
3 16 66.2356 -7.9911 49.9856 58.1703 -7.9911 49.9856 69.9691 0.0148 49.9863 0.0166 0.0166 0.0166 0.0166 0.0166 0.0166
3 16 69.8757 -16.0177 8.6358 30 -16.025 30 69.0217 -16.0177 4.5438 0.9982 0.233 0.5 0.5 0.9875 0.1819
3 16 53.7287 0.0144 53.7173 65.3001 0.015 53.6891 49.9856 0.0144 49.9856 0.0166 0.0166 0.0166 0.0166 0.0166 0.0166
3 16 49.9856 0.0144 49.9856 65.3001 0.015 53.6891 69.9691 0.0148 49.9863 0.0166 0.0166 0.0166 0.0166 0.0166 0.0166
3 16 65.3001 -13.23 53.6892 53.7289 -13.2306 53.7175 65.0083 -13.2273 56.1606 0.0166 0.0166 0.0166 0.0166 0.0166 0.0166
3 16 63.3364 -13.2273 59.0434 65.0083 -13.2273 56.1606 53.7289 -13.2306 53.7175 0.0166 0.0166 0.0166 0.0166 0.0166 0.0166
3 16 53.7005 -13.23 65.3001 56.1606 -13.2273 65.0083 53.7289 -13.2306 53.7175 0.0166 0.0166 0.0166 0.0166 0.0166 0.0166
3 16 56.1606 -13.2273 65.0083 59.0434 -13.2273 63.3364 53.7289 -13.2306 53.7175 0.0166 0.0166 0.0166 0.0166 0.0166 0.0166
3 16 44.017 -13.2273 55.983 15.983 -13.2273 55.983 49.9856 -13.2306 66.2356 0.0166 0.0166 0.0166 0.0166 0.0166 0.0166
3 16 49.9856 -13.2306 66.2356 15.983 -13.2273 55.983 10.0144 -13.2306 66.2356 0.0166 0.0166 0.0166 0.0166 0.0166 0.0166
3 16 49.2334 -7.9878 70.0177 49.9862 -7.9907 69.9691 49.9856 -7.9911 66.2356 0.0166 0.0166 0.0166 0.0166 0.0166 0.0166
3 16 51.3642 -16.0177 69.8757 49.9862 -7.9907 69.9691 49.2334 -16.0177 70.0177 0.0166 0.0166 0.0166 0.0166 0.0166 0.0166
3 16 49.2334 -16.0177 70.0177 49.9862 -7.9907 69.9691 49.2334 -7.9878 70.0177 0.0166 0.0166 0.0166 0.0166 0.0166 0.0166
3 16 61.3774 -13.1142 61.3774 53.7289 -13.2306 53.7175 59.0434 -13.2273 63.3364 0.0166 0.0166 0.0166 0.0166 0.0166 0.0166
3 16 44.017 -13.2273 44.017 15.983 -13.2273 44.017 41.8271 -13.2273 47.8101 0.0166 0.0166 0.0166 0.0166 0.0166 0.0166
3 16 41.8271 -13.2273 47.8101 15.983 -13.2273 44.017 18.173 -13.2273 47.8101 0.0166 0.0166 0.0166 0.0166 0.0166 0.0166
3 16 41.8271 -13.2273 47.8101 18.173 -13.2273 47.8101 41.8271 -13.2273 52.1899 0.0166 0.0166 0.0166 0.0166 0.0166 0.0166
3 16 41.8271 -13.2273 52.1899 18.173 -13.2273 47.8101 18.1729 -13.2273 52.1899 0.0166 0.0166 0.0166 0.0166 0.0166 0.0166
3 16 41.8271 -13.2273 52.1899 18.1729 -13.2273 52.1899 44.017 -13.2273 55.983 0.0166 0.0166 0.0166 0.0166 0.0166 0.0166
3 16 44.017 -13.2273 55.983 18.1729 -13.2273 52.1899 15.983 -13.2273 55.983 0.0166 0.0166 0.0166 0.0166 0.0166 0.0166
3 16 44.017 -13.2273 55.983 49.9856 -13.2306 66.2356 47.8086 -13.2273 58.1725 0.0166 0.0166 0.0166 0.0166 0.0166 0.0166
3 16 49.9856 -13.2306 66.2356 49.9856 -13.2306 58.1703 47.8086 -13.2273 58.1725 0.0166 0.0166 0.0166 0.0166 0.0166 0.0166
3 16 15.983 -13.2273 55.983 12.1915 -13.2273 58.1725 10.0144 -13.2306 66.2356 0.0166 0.0166 0.0166 0.0166 0.0166 0.0166
3 16 10.0144 -13.2306 66.2356 12.1915 -13.2273 58.1725 10.0144 -13.2306 58.1703 0.0166 0.0166 0.0166 0.0166 0.0166 0.0166
3 16 4.5441 0.0177 -9.0217 1.2647 0.0132 -7.8267 3.9307 0.0115 -5.0098 0.0166 0.0166 0.0166 0.0166 0.0166 0.0166
3 16 3.9307 0.0115 -5.0098 1.2647 0.0132 -7.8267 1.3535 0.0127 -6.1346 0.0166 0.0166 0.0166 0.0166 0.0166 0.0166
3 16 1.3534 -5.4713 -6.1346 -2.3623 -5.466 -5.9436 0.9561 -5.4663 -3.336 0.0166 0.0166 0.0166 0.0166 0.0166 0.0166
3 16 0.9561 -5.4663 -3.336 -2.3623 -5.466 -5.9436 -1.3773 -5.5796 -1.3773 0.0166 0.0166 0.0166 0.0166 0.0166 0.0166
3 16 1.3534 -5.4713 -6.1346 0.9561 -5.4663 -3.336 3.8818 -5.4723 -5.0063 0.0166 0.0166 0.0166 0.0166 0.0166 0.0166
3 16 3.8395 -13.2273 -5.0083 6.2728 -13.23 -5.3001 3.8818 -5.4723 -5.0063 0.0166 0.0166 0.0166 0.0166 0.0166 0.0166
3 16 3.8818 -5.4723 -5.0063 0.9561 -5.4663 -3.336 3.8395 -13.2273 -5.0083 0.0166 0.0166 0.0166 0.0166 0.0166 0.0166
3 16 3.8395 -13.2273 -5.0083 0.9561 -5.4663 -3.336 0.9566 -13.2273 -3.3364 0.0166 0.0166 0.0166 0.0166 0.0166 0.0166
3 16 -1.3774 -13.1142 -1.3774 0.9566 -13.2273 -3.3364 -1.3773 -5.5796 -1.3773 0.0166 0.0166 0.0166 0.0166 0.0166 0.0166
3 16 -1.3773 -5.5796 -1.3773 0.9566 -13.2273 -3.3364 0.9561 -5.4663 -3.336 0.0166 0.0166 0.0166 0.0166 0.0166 0.0166
3 16 -3.3364 -13.2273 0.9566 6.2444 -13.2306 6.2825 -1.3774 -13.1142 -1.3774 0.0166 0.0166 0.0166 0.0166 0.0166 0.0166
3 16 10.0144 0.0144 10.0144 10.0144 -13.2306 10.0144 10.0144 -7.9911 3.8358 0.0166 0.0166 0.0166 0.0166 0.0166 0.0166
3 16 10.0144 -7.9911 3.8358 10.0144 -13.2306 10.0144 10.0144 -13.2306 3.8358 0.0166 0.0166 0.0166 0.0166 0.0166 0.0166
3 16 10.0144 -7.9911 3.8358 11.6495 -7.9878 3.8379 10.0144 -7.9911 1.8297 0.0166 0.0166 0.0166 0.0166 0.0166 0.0166
3 16 10.0144 -7.9911 1.8297 11.6495 -7.9878 3.8379 12.1914 -7.9878 1.8275 0.0166 0.0166 0.0166 0.0166 0.0166 0.0166
3 16 12.1914 -7.9878 1.8275 11.6495 -7.9878 3.8379 15.983 -7.9878 4.017 0.0166 0.0166 0.0166 0.0166 0.0166 0.0166
3 16 15.983 -7.9878 4.017 11.6495 -7.9878 3.8379 14.5106 -7.9878 5.4894 0.0166 0.0166 0.0166 0.0166 0.0166 0.0166
3 16 14.5106 -7.9878 5.4894 16.1616 -7.9878 8.349 15.983 -7.9878 4.017 0.0166 0.0166 0.0166 0.0166 0.0166 0.0166
3 16 15.983 -7.9878 4.017 16.1616 -7.9878 8.349 18.1729 -7.9878 7.8101 0.0166 0.0166 0.0166 0.0166 0.0166 0.0166
3 16 16.1616 -7.9878 8.349 16.1616 -7.9878 11.651 18.1729 -7.9878 7.8101 0.0166 0.0166 0.0166 0.0166 0.0166 0.0166
3 16 18.1729 -7.9878 7.8101 16.1616 -7.9878 11.651 18.1729 -7.9878 12.1899 0.0166 0.0166 0.0166 0.0166 0.0166 0.0166
3 16 16.1616 -7.9878 11.651 14.5106 -7.9878 14.5106 18.1729 -7.9878 12.1899 0.0166 0.0166 0.0166 0.0166 0.0166 0.0166
3 16 18.1729 -7.9878 12.1899 14.5106 -7.9878 14.5106 15.983 -7.9878 15.983 0.0166 0.0166 0.0166 0.0166 0.0166 0.0166
3 16 12.1914 -7.9878 1.8275 12.1915 -13.2273 1.8275 10.0144 -7.9911 1.8297 0.0166 0.0166 0.0166 0.0166 0.0166 0.0166
3 16 10.0144 -7.9911 1.8297 12.1915 -13.2273 1.8275 10.0144 -13.2306 1.8297 0.0166 0.0166 0.0166 0.0166 0.0166 0.0166
3 16 15.983 -13.2273 4.017 12.1915 -13.2273 1.8275 15.983 -7.9878 4.017 0.0166 0.0166 0.0166 0.0166 0.0166 0.0166
3 16 15.983 -7.9878 4.017 12.1915 -13.2273 1.8275 12.1914 -7.9878 1.8275 0.0166 0.0166 0.0166 0.0166 0.0166 0.0166
3 16 18.1729 -13.2273 7.8101 15.983 -13.2273 4.017 18.1729 -7.9878 7.8101 0.0166 0.0166 0.0166 0.0166 0.0166 0.0166
3 16 18.1729 -7.9878 7.8101 15.983 -13.2273 4.017 15.983 -7.9878 4.017 0.0166 0.0166 0.0166 0.0166 0.0166 0.0166
3 16 18.173 -13.2273 12.1899 18.1729 -13.2273 7.8101 18.1729 -7.9878 12.1899 0.0166 0.0166 0.0166 0.0166 0.0166 0.0166
3 16 18.1729 -7.9878 12.1899 18.1729 -13.2273 7.8101 18.1729 -7.9878 7.8101 0.0166 0.0166 0.0166 0.0166 0.0166 0.0166
3 16 15.983 -7.9878 15.983 15.983 -13.2273 15.983 18.1729 -7.9878 12.1899 0.0166 0.0166 0.0166 0.0166 0.0166 0.0166
3 16 18.1729 -7.9878 12.1899 15.983 -13.2273 15.983 18.173 -13.2273 12.1899 0.0166 0.0166 0.0166 0.0166 0.0166 0.0166
3 16 10.0144 -7.9911 3.8358 10.0144 -13.2306 3.8358 11.6495 -7.9878 3.8379 0.0166 0.0166 0.0166 0.0166 0.0166 0.0166
3 16 11.6495 -7.9878 3.8379 10.0144 -13.2306 3.8358 11.6495 -13.2273 3.8379 0.0166 0.0166 0.0166 0.0166 0.0166 0.0166
3 16 11.6495 -7.9878 3.8379 11.6495 -13.2273 3.8379 14.5106 -7.9878 5.4894 0.0166 0.0166 0.0166 0.0166 0.0166 0.0166
3 16 14.5106 -7.9878 5.4894 11.6495 -13.2273 3.8379 14.5106 -13.2273 5.4894 0.0166 0.0166 0.0166 0.0166 0.0166 0.0166
3 16 14.5106 -13.2273 5.4894 16.1616 -13.2273 8.349 14.5106 -7.9878 5.4894 0.0166 0.0166 0.0166 0.0166 0.0166 0.0166
3 16 14.5106 -7.9878 5.4894 16.1616 -13.2273 8.349 16.1616 -7.9878 8.349 0.0166 0.0166 0.0166 0.0166 0.0166 0.0166
3 16 16.1616 -7.9878 8.349 16.1616 -13.2273 8.349 16.1616 -7.9878 11.651 0.0166 0.0166 0.0166 0.0166 0.0166 0.0166
3 16 16.1616 -7.9878 11.651 16.1616 -13.2273 8.349 16.1616 -13.2273 11.651 0.0166 0.0166 0.0166 0.0166 0.0166 0.0166
3 16 16.1616 -7.9878 11.651 16.1616 -13.2273 11.651 14.5106 -7.9878 14.5106 0.0166 0.0166 0.0166 0.0166 0.0166 0.0166
3 16 14.5106 -7.9878 14.5106 16.1616 -13.2273 11.651 14.5106 -13.2273 14.5106 0.0166 0.0166 0.0166 0.0166 0.0166 0.0166
3 16 14.5106 -13.2273 5.4894 11.6495 -13.2273 3.8379 10.0144 -13.2306 10.0144 0.0166 0.0166 0.0166 0.0166 0.0166 0.0166
3 16 10.0144 -13.2306 10.0144 11.6495 -13.2273 3.8379 10.0144 -13.2306 3.8358 0.0166 0.0166 0.0166 0.0166 0.0166 0.0166
3 16 16.1616 -13.2273 8.349 14.5106 -13.2273 5.4894 16.1616 -13.2273 11.651 0.0166 0.0166 0.0166 0.0166 0.0166 0.0166
3 16 16.1616 -13.2273 11.651 14.5106 -13.2273 5.4894 10.0144 -13.2306 10.0144 0.0166 0.0166 0.0166 0.0166 0.0166 0.0166
3 16 4.5438 -16.0177 -9.0216 4.5441 0.0177 -9.0217 8.6358 -16.0177 -9.8757 0.0166 0.0166 0.0166 0.0166 0.0166 0.0166
3 16 8.6358 -16.0177 -9.8757 4.5441 0.0177 -9.0217 8.6357 0.0177 -9.8757 0.0166 0.0166 0.0166 0.0166 0.0166 0.0166
3 16 1.3534 -5.4713 -6.1346 1.3535 0.0127 -6.1346 1.2646 -5.4708 -7.8266 0.0166 0.0166 0.0166 0.0166 0.0166 0.0166
3 16 1.2646 -5.4708 -7.8266 1.3535 0.0127 -6.1346 1.2647 0.0132 -7.8267 0.0166 0.0166 0.0166 0.0166 0.0166 0.0166
3 16 3.9307 0.0115 -5.0098 1.3535 0.0127 -6.1346 3.8818 -5.4723 -5.0063 0.0166 0.0166 0.0166 0.0166 0.0166 0.0166
3 16 3.8818 -5.4723 -5.0063 1.3535 0.0127 -6.1346 1.3534 -5.4713 -6.1346 0.0166 0.0166 0.0166 0.0166 0.0166 0.0166
3 16 6.2728 -13.23 -5.3001 6.2728 0.0151 -5.3 3.8818 -5.4723 -5.0063 0.0166 0.0166 0.0166 0.0166 0.0166 0.0166
3 16 3.8818 -5.4723 -5.0063 6.2728 0.0151 -5.3 3.9307 0.0115 -5.0098 0.0166 0.0166 0.0166 0.0166 0.0166 0.0166
3 16 6.2444 -13.2306 6.2825 6.2446 0.0144 6.2827 6.2728 -13.23 -5.3001 0.0166 0.0166 0.0166 0.0166 0.0166 0.0166
3 16 6.2728 -13.23 -5.3001 6.2446 0.0144 6.2827 6.2728 0.0151 -5.3 0.0166 0.0166 0.0166 0.0166 0.0166 0.0166
3 16 0.3324 -5.4663 -7.4349 0.3332 -16.0177 -7.4353 -2.3623 -5.466 -5.9436 0.0166 0.0166 0.0166 0.0166 0.0166 0.0166
3 16 -2.3623 -5.466 -5.9436 0.3332 -16.0177 -7.4353 -3.1856 -16.0176 -5.5136 0.0166 0.0166 0.0166 0.0166 0.0166 0.0166
3 16 8.6358 -16.0177 -9.8757 8.6357 0.0177 -9.8757 10.0138 -7.9907 -9.9691 0.0166 0.0166 0.0166 0.0166 0.0166 0.0166
3 16 10.0138 -7.9907 -9.9691 8.6357 0.0177 -9.8757 10.0138 0.0148 -9.9691 0.0166 0.0166 0.0166 0.0166 0.0166 0.0166
3 16 10.0138 0.0148 -9.9691 10.0144 -7.9911 -6.2356 10.0138 -7.9907 -9.9691 0.0166 0.0166 0.0166 0.0166 0.0166 0.0166
3 16 4.5438 -16.0177 -9.0216 0.3332 -16.0177 -7.4353 1.2646 -5.4708 -7.8266 0.0166 0.0166 0.0166 0.0166 0.0166 0.0166
3 16 1.2646 -5.4708 -7.8266 0.3332 -16.0177 -7.4353 0.3324 -5.4663 -7.4349 0.0166 0.0166 0.0166 0.0166 0.0166 0.0166
3 16 -2.3623 -5.466 -5.9436 1.3534 -5.4713 -6.1346 0.3324 -5.4663 -7.4349 0.0166 0.0166 0.0166 0.0166 0.0166 0.0166
3 16 0.3324 -5.4663 -7.4349 1.3534 -5.4713 -6.1346 1.2646 -5.4708 -7.8266 0.0166 0.0166 0.0166 0.0166 0.0166 0.0166
3 16 1.2647 0.0132 -7.8267 4.5441 0.0177 -9.0217 1.2646 -5.4708 -7.8266 0.0166 0.0166 0.0166 0.0166 0.0166 0.0166
3 16 1.2646 -5.4708 -7.8266 4.5441 0.0177 -9.0217 4.5438 -16.0177 -9.0216 0.0166 0.0166 0.0166 0.0166 0.0166 0.0166
3 16 8.6357 0.0177 -9.8757 4.5441 0.0177 -9.0217 6.2728 0.0151 -5.3 0.0166 0.0166 0.0166 0.0166 0.0166 0.0166
3 16 6.2728 0.0151 -5.3 4.5441 0.0177 -9.0217 3.9307 0.0115 -5.0098 0.0166 0.0166 0.0166 0.0166 0.0166 0.0166
3 16 6.2728 0.0151 -5.3 10.0138 0.0148 -9.9691 8.6357 0.0177 -9.8757 0.0166 0.0166 0.0166 0.0166 0.0166 0.0166
3 16 10.0138 0.0148 -9.9691 10.0144 0.0144 10.0144 10.0144 -7.9911 1.8297 0.0166 0.0166 0.0166 0.0166 0.0166 0.0166
3 16 10.0144 -7.9911 1.8297 10.0144 0.0144 10.0144 10.0144 -7.9911 3.8358 0.0166 0.0166 0.0166 0.0166 0.0166 0.0166
3 16 10.0144 -7.9911 -6.2356 10.0144 -7.9911 1.8297 10.0144 -13.2306 -6.2356 0.0166 0.0166 0.0166 0.0166 0.0166 0.0166
3 16 10.0144 -13.2306 -6.2356 10.0144 -7.9911 1.8297 10.0144 -13.2306 1.8297 0.0166 0.0166 0.0166 0.0166 0.0166 0.0166
3 16 10.0144 -7.9911 -6.2356 10.0138 0.0148 -9.9691 10.0144 -7.9911 1.8297 0.0166 0.0166 0.0166 0.0166 0.0166 0.0166
3 16 -6.1346 0.0127 1.3535 -7.8267 0.0132 1.2647 -5.0098 0.0115 3.9307 0.0166 0.0166 0.0166 0.0166 0.0166 0.0166
3 16 -5.0098 0.0115 3.9307 -7.8267 0.0132 1.2647 -9.0217 0.0177 4.5441 0.0166 0.0166 0.0166 0.0166 0.0166 0.0166
3 16 -6.2356 -7.9911 10.0144 -9.9691 -7.9907 10.0138 -10.0177 -7.9878 10.7666 0.0166 0.0166 0.0166 0.0166 0.0166 0.0166
3 16 -1.3773 -5.5796 -1.3773 -5.9435 -5.466 -2.3624 -3.336 -5.4663 0.9561 0.0166 0.0166 0.0166 0.0166 0.0166 0.0166
3 16 -3.336 -5.4663 0.9561 -5.9435 -5.466 -2.3624 -6.1347 -5.4713 1.3534 0.0166 0.0166 0.0166 0.0166 0.0166 0.0166
3 16 -6.1347 -5.4713 1.3534 -5.0063 -5.4723 3.8817 -3.336 -5.4663 0.9561 0.0166 0.0166 0.0166 0.0166 0.0166 0.0166
3 16 -1.3773 -5.5796 -1.3773 -2.3623 -5.466 -5.9436 -5.9435 -5.466 -2.3624 0.0166 0.0166 0.0166 0.0166 0.0166 0.0166
3 16 -5.0083 -13.2273 3.8394 -5.0063 -5.4723 3.8817 -5.3001 -13.23 6.3109 0.0166 0.0166 0.0166 0.0166 0.0166 0.0166
3 16 -5.0063 -5.4723 3.8817 -5.0083 -13.2273 3.8394 -3.336 -5.4663 0.9561 0.0166 0.0166 0.0166 0.0166 0.0166 0.0166
3 16 -3.336 -5.4663 0.9561 -5.0083 -13.2273 3.8394 -3.3364 -13.2273 0.9566 0.0166 0.0166 0.0166 0.0166 0.0166 0.0166
3 16 -1.3774 -13.1142 -1.3774 -1.3773 -5.5796 -1.3773 -3.3364 -13.2273 0.9566 0.0166 0.0166 0.0166 0.0166 0.0166 0.0166
3 16 -3.3364 -13.2273 0.9566 -1.3773 -5.5796 -1.3773 -3.336 -5.4663 0.9561 0.0166 0.0166 0.0166 0.0166 0.0166 0.0166
3 16 10.0144 0.0144 10.0144 3.8358 -7.9911 10.0144 10.0144 -13.2306 10.0144 0.0166 0.0166 0.0166 0.0166 0.0166 0.0166
3 16 10.0144 -13.2306 10.0144 3.8358 -7.9911 10.0144 3.8358 -13.2306 10.0144 0.0166 0.0166 0.0166 0.0166 0.0166 0.0166
3 16 1.8275 -7.9878 12.1914 3.8379 -7.9878 11.6495 1.8297 -7.9911 10.0144 0.0166 0.0166 0.0166 0.0166 0.0166 0.0166
3 16 1.8297 -7.9911 10.0144 3.8379 -7.9878 11.6495 3.8358 -7.9911 10.0144 0.0166 0.0166 0.0166 0.0166 0.0166 0.0166
3 16 1.8275 -7.9878 12.1914 4.017 -7.9878 15.983 3.8379 -7.9878 11.6495 0.0166 0.0166 0.0166 0.0166 0.0166 0.0166
3 16 3.8379 -7.9878 11.6495 4.017 -7.9878 15.983 5.4894 -7.9878 14.5106 0.0166 0.0166 0.0166 0.0166 0.0166 0.0166
3 16 5.4894 -7.9878 14.5106 4.017 -7.9878 15.983 8.349 -7.9878 16.1616 0.0166 0.0166 0.0166 0.0166 0.0166 0.0166
3 16 8.349 -7.9878 16.1616 4.017 -7.9878 15.983 7.8101 -7.9878 18.1729 0.0166 0.0166 0.0166 0.0166 0.0166 0.0166
3 16 8.349 -7.9878 16.1616 7.8101 -7.9878 18.1729 11.651 -7.9878 16.1616 0.0166 0.0166 0.0166 0.0166 0.0166 0.0166
3 16 11.651 -7.9878 16.1616 7.8101 -7.9878 18.1729 12.1899 -7.9878 18.1729 0.0166 0.0166 0.0166 0.0166 0.0166 0.0166
3 16 11.651 -7.9878 16.1616 12.1899 -7.9878 18.1729 14.5106 -7.9878 14.5106 0.0166 0.0166 0.0166 0.0166 0.0166 0.0166
3 16 14.5106 -7.9878 14.5106 12.1899 -7.9878 18.1729 15.983 -7.9878 15.983 0.0166 0.0166 0.0166 0.0166 0.0166 0.0166
3 16 1.8275 -7.9878 12.1914 1.8297 -7.9911 10.0144 1.8275 -13.2273 12.1915 0.0166 0.0166 0.0166 0.0166 0.0166 0.0166
3 16 1.8275 -13.2273 12.1915 1.8297 -7.9911 10.0144 1.8297 -13.2306 10.0144 0.0166 0.0166 0.0166 0.0166 0.0166 0.0166
3 16 4.017 -13.2273 15.983 4.017 -7.9878 15.983 1.8275 -13.2273 12.1915 0.0166 0.0166 0.0166 0.0166 0.0166 0.0166
3 16 1.8275 -13.2273 12.1915 4.017 -7.9878 15.983 1.8275 -7.9878 12.1914 0.0166 0.0166 0.0166 0.0166 0.0166 0.0166
3 16 7.8101 -13.2273 18.1729 7.8101 -7.9878 18.1729 4.017 -13.2273 15.983 0.0166 0.0166 0.0166 0.0166 0.0166 0.0166
3 16 4.017 -13.2273 15.983 7.8101 -7.9878 18.1729 4.017 -7.9878 15.983 0.0166 0.0166 0.0166 0.0166 0.0166 0.0166
3 16 12.1899 -13.2273 18.173 12.1899 -7.9878 18.1729 7.8101 -13.2273 18.1729 0.0166 0.0166 0.0166 0.0166 0.0166 0.0166
3 16 7.8101 -13.2273 18.1729 12.1899 -7.9878 18.1729 7.8101 -7.9878 18.1729 0.0166 0.0166 0.0166 0.0166 0.0166 0.0166
3 16 15.983 -7.9878 15.983 12.1899 -7.9878 18.1729 15.983 -13.2273 15.983 0.0166 0.0166 0.0166 0.0166 0.0166 0.0166
3 16 15.983 -13.2273 15.983 12.1899 -7.9878 18.1729 12.1899 -13.2273 18.173 0.0166 0.0166 0.0166 0.0166 0.0166 0.0166
3 16 3.8358 -7.9911 10.0144 3.8379 -7.9878 11.6495 3.8358 -13.2306 10.0144 0.0166 0.0166 0.0166 0.0166 0.0166 0.0166
3 16 3.8358 -13.2306 10.0144 3.8379 -7.9878 11.6495 3.8379 -13.2273 11.6495 0.0166 0.0166 0.0166 0.0166 0.0166 0.0166
3 16 3.8379 -7.9878 11.6495 5.4894 -7.9878 14.5106 3.8379 -13.2273 11.6495 0.0166 0.0166 0.0166 0.0166 0.0166 0.0166
3 16 3.8379 -13.2273 11.6495 5.4894 -7.9878 14.5106 5.4894 -13.2273 14.5106 0.0166 0.0166 0.0166 0.0166 0.0166 0.0166
3 16 5.4894 -13.2273 14.5106 5.4894 -7.9878 14.5106 8.349 -13.2273 16.1616 0.0166 0.0166 0.0166 0.0166 0.0166 0.0166
3 16 8.349 -13.2273 16.1616 5.4894 -7.9878 14.5106 8.349 -7.9878 16.1616 0.0166 0.0166 0.0166 0.0166 0.0166 0.0166
3 16 8.349 -7.9878 16.1616 11.651 -7.9878 16.1616 8.349 -13.2273 16.1616 0.0166 0.0166 0.0166 0.0166 0.0166 0.0166
3 16 8.349 -13.2273 16.1616 11.651 -7.9878 16.1616 11.651 -13.2273 16.1616 0.0166 0.0166 0.0166 0.0166 0.0166 0.0166
3 16 11.651 -7.9878 16.1616 14.5106 -7.9878 14.5106 11.651 -13.2273 16.1616 0.0166 0.0166 0.0166 0.0166 0.0166 0.0166
3 16 11.651 -13.2273 16.1616 14.5106 -7.9878 14.5106 14.5106 -13.2273 14.5106 0.0166 0.0166 0.0166 0.0166 0.0166 0.0166
3 16 14.5106 -13.2273 14.5106 16.1616 -13.2273 11.651 11.651 -13.2273 16.1616 0.0166 0.0166 0.0166 0.0166 0.0166 0.0166
3 16 11.651 -13.2273 16.1616 16.1616 -13.2273 11.651 10.0144 -13.2306 10.0144 0.0166 0.0166 0.0166 0.0166 0.0166 0.0166
3 16 5.4894 -13.2273 14.5106 10.0144 -13.2306 10.0144 3.8379 -13.2273 11.6495 0.0166 0.0166 0.0166 0.0166 0.0166 0.0166
3 16 10.0144 -13.2306 10.0144 3.8358 -13.2306 10.0144 3.8379 -13.2273 11.6495 0.0166 0.0166 0.0166 0.0166 0.0166 0.0166
3 16 8.349 -13.2273 16.1616 11.651 -13.2273 16.1616 5.4894 -13.2273 14.5106 0.0166 0.0166 0.0166 0.0166 0.0166 0.0166
3 16 5.4894 -13.2273 14.5106 11.651 -13.2273 16.1616 10.0144 -13.2306 10.0144 0.0166 0.0166 0.0166 0.0166 0.0166 0.0166
3 16 -9.8757 -16.0177 8.6358 -9.8757 0.0177 8.6357 -9.0217 -16.0177 4.5438 0.0166 0.0166 0.0166 0.0166 0.0166 0.0166
3 16 -9.0217 -16.0177 4.5438 -9.8757 0.0177 8.6357 -9.0217 0.0177 4.5441 0.0166 0.0166 0.0166 0.0166 0.0166 0.0166
3 16 -7.8266 -5.4708 1.2646 -7.8267 0.0132 1.2647 -6.1347 -5.4713 1.3534 0.0166 0.0166 0.0166 0.0166 0.0166 0.0166
3 16 -6.1347 -5.4713 1.3534 -7.8267 0.0132 1.2647 -6.1346 0.0127 1.3535 0.0166 0.0166 0.0166 0.0166 0.0166 0.0166
3 16 -6.1347 -5.4713 1.3534 -6.1346 0.0127 1.3535 -5.0063 -5.4723 3.8817 0.0166 0.0166 0.0166 0.0166 0.0166 0.0166
3 16 -5.0063 -5.4723 3.8817 -6.1346 0.0127 1.3535 -5.0098 0.0115 3.9307 0.0166 0.0166 0.0166 0.0166 0.0166 0.0166
3 16 -5.0098 0.0115 3.9307 -5.3001 0.015 6.3109 -5.0063 -5.4723 3.8817 0.0166 0.0166 0.0166 0.0166 0.0166 0.0166
3 16 -5.0063 -5.4723 3.8817 -5.3001 0.015 6.3109 -5.3001 -13.23 6.3109 0.0166 0.0166 0.0166 0.0166 0.0166 0.0166
3 16 -5.3001 -13.23 6.3109 -5.3001 0.015 6.3109 6.2444 -13.2306 6.2825 0.0166 0.0166 0.0166 0.0166 0.0166 0.0166
3 16 6.2444 -13.2306 6.2825 -5.3001 0.015 6.3109 6.2446 0.0144 6.2827 0.0166 0.0166 0.0166 0.0166 0.0166 0.0166
3 16 -7.4349 -5.4663 0.3324 -5.9435 -5.466 -2.3624 -7.4353 -16.0177 0.3332 0.0166 0.0166 0.0166 0.0166 0.0166 0.0166
3 16 -7.4353 -16.0177 0.3332 -5.9435 -5.466 -2.3624 -5.5135 -16.0176 -3.1858 0.0166 0.0166 0.0166 0.0166 0.0166 0.0166
3 16 -9.9691 0.0148 10.0138 -9.8757 0.0177 8.6357 -9.9691 -7.9907 10.0138 0.0166 0.0166 0.0166 0.0166 0.0166 0.0166
3 16 -9.9691 -7.9907 10.0138 -9.8757 0.0177 8.6357 -9.8757 -16.0177 8.6358 0.0166 0.0166 0.0166 0.0166 0.0166 0.0166
3 16 -9.9691 0.0148 10.0138 -9.9691 -7.9907 10.0138 -6.2356 -7.9911 10.0144 0.0166 0.0166 0.0166 0.0166 0.0166 0.0166
3 16 -7.4349 -5.4663 0.3324 -7.4353 -16.0177 0.3332 -7.8266 -5.4708 1.2646 0.0166 0.0166 0.0166 0.0166 0.0166 0.0166
3 16 -7.8266 -5.4708 1.2646 -7.4353 -16.0177 0.3332 -9.0217 -16.0177 4.5438 0.0166 0.0166 0.0166 0.0166 0.0166 0.0166
3 16 -7.8266 -5.4708 1.2646 -6.1347 -5.4713 1.3534 -7.4349 -5.4663 0.3324 0.0166 0.0166 0.0166 0.0166 0.0166 0.0166
3 16 -7.4349 -5.4663 0.3324 -6.1347 -5.4713 1.3534 -5.9435 -5.466 -2.3624 0.0166 0.0166 0.0166 0.0166 0.0166 0.0166
3 16 -10.0177 -7.9878 10.7666 -9.9691 -7.9907 10.0138 -10.0177 -16.0177 10.7666 0.0166 0.0166 0.0166 0.0166 0.0166 0.0166
3 16 -10.0177 -16.0177 10.7666 -9.9691 -7.9907 10.0138 -9.8757 -16.0177 8.6358 0.0166 0.0166 0.0166 0.0166 0.0166 0.0166
3 16 -5.9435 -5.466 -2.3624 -2.3623 -5.466 -5.9436 -5.5135 -16.0176 -3.1858 0.0166 0.0166 0.0166 0.0166 0.0166 0.0166
3 16 -5.5135 -16.0176 -3.1858 -2.3623 -5.466 -5.9436 -3.1856 -16.0176 -5.5136 0.0166 0.0166 0.0166 0.0166 0.0166 0.0166
3 16 -9.0217 -16.0177 4.5438 -9.0217 0.0177 4.5441 -7.8266 -5.4708 1.2646 0.0166 0.0166 0.0166 0.0166 0.0166 0.0166
3 16 -7.8266 -5.4708 1.2646 -9.0217 0.0177 4.5441 -7.8267 0.0132 1.2647 0.0166 0.0166 0.0166 0.0166 0.0166 0.0166
3 16 -5.0098 0.0115 3.9307 -9.0217 0.0177 4.5441 -5.3001 0.015 6.3109 0.0166 0.0166 0.0166 0.0166 0.0166 0.0166
3 16 -5.3001 0.015 6.3109 -9.0217 0.0177 4.5441 -9.8757 0.0177 8.6357 0.0166 0.0166 0.0166 0.0166 0.0166 0.0166
3 16 -5.3001 0.015 6.3109 -9.8757 0.0177 8.6357 -9.9691 0.0148 10.0138 0.0166 0.0166 0.0166 0.0166 0.0166 0.0166
3 16 10.0138 0.0148 -9.9691 6.2728 0.0151 -5.3 10.0144 0.0144 10.0144 0.0166 0.0166 0.0166 0.0166 0.0166 0.0166
3 16 10.0144 0.0144 10.0144 6.2728 0.0151 -5.3 6.2446 0.0144 6.2827 0.0166 0.0166 0.0166 0.0166 0.0166 0.0166
3 16 -9.9691 0.0148 10.0138 1.8297 -7.9911 10.0144 10.0144 0.0144 10.0144 0.0166 0.0166 0.0166 0.0166 0.0166 0.0166
3 16 1.8297 -7.9911 10.0144 3.8358 -7.9911 10.0144 10.0144 0.0144 10.0144 0.0166 0.0166 0.0166 0.0166 0.0166 0.0166
3 16 -6.2356 -7.9911 10.0144 -6.2356 -13.2306 10.0144 1.8297 -7.9911 10.0144 0.0166 0.0166 0.0166 0.0166 0.0166 0.0166
3 16 1.8297 -7.9911 10.0144 -6.2356 -13.2306 10.0144 1.8297 -13.2306 10.0144 0.0166 0.0166 0.0166 0.0166 0.0166 0.0166
3 16 -6.2356 -7.9911 10.0144 1.8297 -7.9911 10.0144 -9.9691 0.0148 10.0138 0.0166 0.0166 0.0166 0.0166 0.0166 0.0166
3 16 6.2446 0.0144 6.2827 -5.3001 0.015 6.3109 10.0144 0.0144 10.0144 0.0166 0.0166 0.0166 0.0166 0.0166 0.0166
3 16 10.0144 0.0144 10.0144 -5.3001 0.015 6.3109 -9.9691 0.0148 10.0138 0.0166 0.0166 0.0166 0.0166 0.0166 0.0166
3 16 -5.3001 -13.23 6.3109 6.2444 -13.2306 6.2825 -5.0083 -13.2273 3.8394 0.0166 0.0166 0.0166 0.0166 0.0166 0.0166
3 16 -3.3364 -13.2273 0.9566 -5.0083 -13.2273 3.8394 6.2444 -13.2306 6.2825 0.0166 0.0166 0.0166 0.0166 0.0166 0.0166
3 16 6.2728 -13.23 -5.3001 3.8395 -13.2273 -5.0083 6.2444 -13.2306 6.2825 0.0166 0.0166 0.0166 0.0166 0.0166 0.0166
3 16 3.8395 -13.2273 -5.0083 0.9566 -13.2273 -3.3364 6.2444 -13.2306 6.2825 0.0166 0.0166 0.0166 0.0166 0.0166 0.0166
3 16 10.7666 -7.9878 -10.0177 10.0138 -7.9907 -9.9691 10.0144 -7.9911 -6.2356 0.0166 0.0166 0.0166 0.0166 0.0166 0.0166
3 16 8.6358 -16.0177 -9.8757 10.0138 -7.9907 -9.9691 10.7666 -16.0177 -10.0177 0.0166 0.0166 0.0166 0.0166 0.0166 0.0166
3 16 10.7666 -16.0177 -10.0177 10.0138 -7.9907 -9.9691 10.7666 -7.9878 -10.0177 0.0166 0.0166 0.0166 0.0166 0.0166 0.0166
3 16 -1.3774 -13.1142 -1.3774 6.2444 -13.2306 6.2825 0.9566 -13.2273 -3.3364 0.0166 0.0166 0.0166 0.0166 0.0166 0.0166
3 16 58.6465 0.0127 -6.1346 58.7353 0.0132 -7.8267 56.0693 0.0115 -5.0098 0.0166 0.0166 0.0166 0.0166 0.0166 0.0166
3 16 56.0693 0.0115 -5.0098 58.7353 0.0132 -7.8267 55.4559 0.0177 -9.0217 0.0166 0.0166 0.0166 0.0166 0.0166 0.0166
3 16 10.7666 -7.9878 -10.0177 10.0144 -7.9911 -6.2356 49.2334 -7.9878 -10.0177 0.0166 0.0166 0.0166 0.0166 0.0166 0.0166
3 16 49.2334 -7.9878 -10.0177 10.0144 -7.9911 -6.2356 49.9856 -7.9911 -6.2356 0.0166 0.0166 0.0166 0.0166 0.0166 0.0166
3 16 10.0144 -7.9911 -6.2356 10.0144 -13.2306 -6.2356 49.9856 -7.9911 -6.2356 0.0166 0.0166 0.0166 0.0166 0.0166 0.0166
3 16 49.9856 -7.9911 -6.2356 10.0144 -13.2306 -6.2356 49.9856 -13.2306 -6.2356 0.0166 0.0166 0.0166 0.0166 0.0166 0.0166
3 16 61.3774 -5.5796 -1.3773 62.3623 -5.466 -5.9436 59.0439 -5.4663 -3.336 0.0166 0.0166 0.0166 0.0166 0.0166 0.0166
3 16 59.0439 -5.4663 -3.336 62.3623 -5.466 -5.9436 58.6466 -5.4713 -6.1346 0.0166 0.0166 0.0166 0.0166 0.0166 0.0166
3 16 58.6466 -5.4713 -6.1346 56.1182 -5.4723 -5.0063 59.0439 -5.4663 -3.336 0.0166 0.0166 0.0166 0.0166 0.0166 0.0166
3 16 56.1606 -13.2273 -5.0083 56.1182 -5.4723 -5.0063 53.7272 -13.23 -5.3001 0.0166 0.0166 0.0166 0.0166 0.0166 0.0166
3 16 56.1182 -5.4723 -5.0063 56.1606 -13.2273 -5.0083 59.0439 -5.4663 -3.336 0.0166 0.0166 0.0166 0.0166 0.0166 0.0166
3 16 59.0439 -5.4663 -3.336 56.1606 -13.2273 -5.0083 59.0434 -13.2273 -3.3364 0.0166 0.0166 0.0166 0.0166 0.0166 0.0166
3 16 61.3774 -13.1142 -1.3774 61.3774 -5.5796 -1.3773 59.0434 -13.2273 -3.3364 0.0166 0.0166 0.0166 0.0166 0.0166 0.0166
3 16 59.0434 -13.2273 -3.3364 61.3774 -5.5796 -1.3773 59.0439 -5.4663 -3.336 0.0166 0.0166 0.0166 0.0166 0.0166 0.0166
3 16 63.3364 -13.2273 0.9566 61.3774 -13.1142 -1.3774 53.7556 -13.2306 6.2825 0.0166 0.0166 0.0166 0.0166 0.0166 0.0166
3 16 49.9856 0.0144 10.0144 49.9856 -7.9911 3.8358 49.9856 -13.2306 10.0144 0.0166 0.0166 0.0166 0.0166 0.0166 0.0166
3 16 49.9856 -13.2306 10.0144 49.9856 -7.9911 3.8358 49.9856 -13.2306 3.8358 0.0166 0.0166 0.0166 0.0166 0.0166 0.0166
3 16 47.8086 -7.9878 1.8275 48.3505 -7.9878 3.8379 49.9856 -7.9911 1.8297 0.0166 0.0166 0.0166 0.0166 0.0166 0.0166
3 16 49.9856 -7.9911 1.8297 48.3505 -7.9878 3.8379 49.9856 -7.9911 3.8358 0.0166 0.0166 0.0166 0.0166 0.0166 0.0166
3 16 47.8086 -7.9878 1.8275 44.017 -7.9878 4.017 48.3505 -7.9878 3.8379 0.0166 0.0166 0.0166 0.0166 0.0166 0.0166
3 16 48.3505 -7.9878 3.8379 44.017 -7.9878 4.017 45.4894 -7.9878 5.4894 0.0166 0.0166 0.0166 0.0166 0.0166 0.0166
3 16 45.4894 -7.9878 5.4894 44.017 -7.9878 4.017 43.8384 -7.9878 8.349 0.0166 0.0166 0.0166 0.0166 0.0166 0.0166
3 16 43.8384 -7.9878 8.349 44.017 -7.9878 4.017 41.8271 -7.9878 7.8101 0.0166 0.0166 0.0166 0.0166 0.0166 0.0166
3 16 43.8384 -7.9878 8.349 41.8271 -7.9878 7.8101 43.8384 -7.9878 11.651 0.0166 0.0166 0.0166 0.0166 0.0166 0.0166
3 16 43.8384 -7.9878 11.651 41.8271 -7.9878 7.8101 41.8271 -7.9878 12.1899 0.0166 0.0166 0.0166 0.0166 0.0166 0.0166
3 16 43.8384 -7.9878 11.651 41.8271 -7.9878 12.1899 45.4894 -7.9878 14.5106 0.0166 0.0166 0.0166 0.0166 0.0166 0.0166
3 16 45.4894 -7.9878 14.5106 41.8271 -7.9878 12.1899 44.017 -7.9878 15.983 0.0166 0.0166 0.0166 0.0166 0.0166 0.0166
3 16 47.8086 -7.9878 1.8275 49.9856 -7.9911 1.8297 47.8086 -13.2273 1.8275 0.0166 0.0166 0.0166 0.0166 0.0166 0.0166
3 16 47.8086 -13.2273 1.8275 49.9856 -7.9911 1.8297 49.9856 -13.2306 1.8297 0.0166 0.0166 0.0166 0.0166 0.0166 0.0166
3 16 44.017 -13.2273 4.017 44.017 -7.9878 4.017 47.8086 -13.2273 1.8275 0.0166 0.0166 0.0166 0.0166 0.0166 0.0166
3 16 47.8086 -13.2273 1.8275 44.017 -7.9878 4.017 47.8086 -7.9878 1.8275 0.0166 0.0166 0.0166 0.0166 0.0166 0.0166
3 16 41.8271 -13.2273 7.8101 41.8271 -7.9878 7.8101 44.017 -13.2273 4.017 0.0166 0.0166 0.0166 0.0166 0.0166 0.0166
3 16 44.017 -13.2273 4.017 41.8271 -7.9878 7.8101 44.017 -7.9878 4.017 0.0166 0.0166 0.0166 0.0166 0.0166 0.0166
3 16 41.8271 -13.2273 12.1899 41.8271 -7.9878 12.1899 41.8271 -13.2273 7.8101 0.0166 0.0166 0.0166 0.0166 0.0166 0.0166
3 16 41.8271 -13.2273 7.8101 41.8271 -7.9878 12.1899 41.8271 -7.9878 7.8101 0.0166 0.0166 0.0166 0.0166 0.0166 0.0166
3 16 44.017 -7.9878 15.983 41.8271 -7.9878 12.1899 44.017 -13.2273 15.983 0.0166 0.0166 0.0166 0.0166 0.0166 0.0166
3 16 44.017 -13.2273 15.983 41.8271 -7.9878 12.1899 41.8271 -13.2273 12.1899 0.0166 0.0166 0.0166 0.0166 0.0166 0.0166
3 16 49.9856 -7.9911 3.8358 48.3505 -7.9878 3.8379 49.9856 -13.2306 3.8358 0.0166 0.0166 0.0166 0.0166 0.0166 0.0166
3 16 49.9856 -13.2306 3.8358 48.3505 -7.9878 3.8379 48.3505 -13.2273 3.8379 0.0166 0.0166 0.0166 0.0166 0.0166 0.0166
3 16 48.3505 -7.9878 3.8379 45.4894 -7.9878 5.4894 48.3505 -13.2273 3.8379 0.0166 0.0166 0.0166 0.0166 0.0166 0.0166
3 16 48.3505 -13.2273 3.8379 45.4894 -7.9878 5.4894 45.4894 -13.2273 5.4894 0.0166 0.0166 0.0166 0.0166 0.0166 0.0166
3 16 45.4894 -13.2273 5.4894 45.4894 -7.9878 5.4894 43.8384 -13.2273 8.349 0.0166 0.0166 0.0166 0.0166 0.0166 0.0166
3 16 43.8384 -13.2273 8.349 45.4894 -7.9878 5.4894 43.8384 -7.9878 8.349 0.0166 0.0166 0.0166 0.0166 0.0166 0.0166
3 16 43.8384 -7.9878 8.349 43.8384 -7.9878 11.651 43.8384 -13.2273 8.349 0.0166 0.0166 0.0166 0.0166 0.0166 0.0166
3 16 43.8384 -13.2273 8.349 43.8384 -7.9878 11.651 43.8384 -13.2273 11.651 0.0166 0.0166 0.0166 0.0166 0.0166 0.0166
3 16 43.8384 -7.9878 11.651 45.4894 -7.9878 14.5106 43.8384 -13.2273 11.651 0.0166 0.0166 0.0166 0.0166 0.0166 0.0166
3 16 43.8384 -13.2273 11.651 45.4894 -7.9878 14.5106 45.4894 -13.2273 14.5106 0.0166 0.0166 0.0166 0.0166 0.0166 0.0166
3 16 45.4894 -13.2273 5.4894 49.9856 -13.2306 10.0144 48.3505 -13.2273 3.8379 0.0166 0.0166 0.0166 0.0166 0.0166 0.0166
3 16 49.9856 -13.2306 10.0144 49.9856 -13.2306 3.8358 48.3505 -13.2273 3.8379 0.0166 0.0166 0.0166 0.0166 0.0166 0.0166
3 16 43.8384 -13.2273 8.349 43.8384 -13.2273 11.651 45.4894 -13.2273 5.4894 0.0166 0.0166 0.0166 0.0166 0.0166 0.0166
3 16 45.4894 -13.2273 5.4894 43.8384 -13.2273 11.651 49.9856 -13.2306 10.0144 0.0166 0.0166 0.0166 0.0166 0.0166 0.0166
3 16 55.4562 -16.0177 -9.0216 51.3642 -16.0177 -9.8757 55.4559 0.0177 -9.0217 0.0166 0.0166 0.0166 0.0166 0.0166 0.0166
3 16 55.4559 0.0177 -9.0217 51.3642 -16.0177 -9.8757 51.3643 0.0177 -9.8757 0.0166 0.0166 0.0166 0.0166 0.0166 0.0166
3 16 58.6466 -5.4713 -6.1346 58.7354 -5.4708 -7.8266 58.6465 0.0127 -6.1346 0.0166 0.0166 0.0166 0.0166 0.0166 0.0166
3 16 58.6465 0.0127 -6.1346 58.7354 -5.4708 -7.8266 58.7353 0.0132 -7.8267 0.0166 0.0166 0.0166 0.0166 0.0166 0.0166
3 16 58.6466 -5.4713 -6.1346 58.6465 0.0127 -6.1346 56.1182 -5.4723 -5.0063 0.0166 0.0166 0.0166 0.0166 0.0166 0.0166
3 16 56.1182 -5.4723 -5.0063 58.6465 0.0127 -6.1346 56.0693 0.0115 -5.0098 0.0166 0.0166 0.0166 0.0166 0.0166 0.0166
3 16 53.7272 -13.23 -5.3001 56.1182 -5.4723 -5.0063 53.7272 0.0151 -5.3 0.0166 0.0166 0.0166 0.0166 0.0166 0.0166
3 16 53.7272 0.0151 -5.3 56.1182 -5.4723 -5.0063 56.0693 0.0115 -5.0098 0.0166 0.0166 0.0166 0.0166 0.0166 0.0166
3 16 53.7556 -13.2306 6.2825 53.7272 -13.23 -5.3001 53.7554 0.0144 6.2827 0.0166 0.0166 0.0166 0.0166 0.0166 0.0166
3 16 53.7554 0.0144 6.2827 53.7272 -13.23 -5.3001 53.7272 0.0151 -5.3 0.0166 0.0166 0.0166 0.0166 0.0166 0.0166
3 16 59.6676 -5.4663 -7.4349 62.3623 -5.466 -5.9436 59.6668 -16.0177 -7.4353 0.0166 0.0166 0.0166 0.0166 0.0166 0.0166
3 16 59.6668 -16.0177 -7.4353 62.3623 -5.466 -5.9436 63.1856 -16.0176 -5.5136 0.0166 0.0166 0.0166 0.0166 0.0166 0.0166
3 16 51.3642 -16.0177 -9.8757 49.9862 -7.9907 -9.9691 51.3643 0.0177 -9.8757 0.0166 0.0166 0.0166 0.0166 0.0166 0.0166
3 16 51.3643 0.0177 -9.8757 49.9862 -7.9907 -9.9691 49.9863 0.0148 -9.9691 0.0166 0.0166 0.0166 0.0166 0.0166 0.0166
3 16 49.9863 0.0148 -9.9691 49.9862 -7.9907 -9.9691 49.9856 -7.9911 -6.2356 0.0166 0.0166 0.0166 0.0166 0.0166 0.0166
3 16 59.6676 -5.4663 -7.4349 59.6668 -16.0177 -7.4353 58.7354 -5.4708 -7.8266 0.0166 0.0166 0.0166 0.0166 0.0166 0.0166
3 16 58.7354 -5.4708 -7.8266 59.6668 -16.0177 -7.4353 55.4562 -16.0177 -9.0216 0.0166 0.0166 0.0166 0.0166 0.0166 0.0166
3 16 58.7354 -5.4708 -7.8266 58.6466 -5.4713 -6.1346 59.6676 -5.4663 -7.4349 0.0166 0.0166 0.0166 0.0166 0.0166 0.0166
3 16 59.6676 -5.4663 -7.4349 58.6466 -5.4713 -6.1346 62.3623 -5.466 -5.9436 0.0166 0.0166 0.0166 0.0166 0.0166 0.0166
3 16 10.7666 -16.0177 -10.0177 10.7666 -7.9878 -10.0177 49.2334 -16.0177 -10.0177 0.0166 0.0166 0.0166 0.0166 0.0166 0.0166
3 16 49.2334 -16.0177 -10.0177 10.7666 -7.9878 -10.0177 49.2334 -7.9878 -10.0177 0.0166 0.0166 0.0166 0.0166 0.0166 0.0166
3 16 55.4562 -16.0177 -9.0216 55.4559 0.0177 -9.0217 58.7354 -5.4708 -7.8266 0.0166 0.0166 0.0166 0.0166 0.0166 0.0166
3 16 58.7354 -5.4708 -7.8266 55.4559 0.0177 -9.0217 58.7353 0.0132 -7.8267 0.0166 0.0166 0.0166 0.0166 0.0166 0.0166
3 16 56.0693 0.0115 -5.0098 55.4559 0.0177 -9.0217 53.7272 0.0151 -5.3 0.0166 0.0166 0.0166 0.0166 0.0166 0.0166
3 16 53.7272 0.0151 -5.3 55.4559 0.0177 -9.0217 51.3643 0.0177 -9.8757 0.0166 0.0166 0.0166 0.0166 0.0166 0.0166
3 16 53.7272 0.0151 -5.3 51.3643 0.0177 -9.8757 49.9863 0.0148 -9.9691 0.0166 0.0166 0.0166 0.0166 0.0166 0.0166
3 16 49.9863 0.0148 -9.9691 49.9856 -7.9911 1.8297 49.9856 0.0144 10.0144 0.0166 0.0166 0.0166 0.0166 0.0166 0.0166
3 16 49.9856 -7.9911 1.8297 49.9856 -7.9911 3.8358 49.9856 0.0144 10.0144 0.0166 0.0166 0.0166 0.0166 0.0166 0.0166
3 16 49.9856 -7.9911 -6.2356 49.9856 -13.2306 -6.2356 49.9856 -7.9911 1.8297 0.0166 0.0166 0.0166 0.0166 0.0166 0.0166
3 16 49.9856 -7.9911 1.8297 49.9856 -13.2306 -6.2356 49.9856 -13.2306 1.8297 0.0166 0.0166 0.0166 0.0166 0.0166 0.0166
3 16 49.9856 -7.9911 -6.2356 49.9856 -7.9911 1.8297 49.9863 0.0148 -9.9691 0.0166 0.0166 0.0166 0.0166 0.0166 0.0166
3 16 69.0217 0.0177 4.5441 67.8267 0.0132 1.2647 65.0098 0.0115 3.9307 0.0166 0.0166 0.0166 0.0166 0.0166 0.0166
3 16 65.0098 0.0115 3.9307 67.8267 0.0132 1.2647 66.1346 0.0127 1.3535 0.0166 0.0166 0.0166 0.0166 0.0166 0.0166
3 16 66.2356 -7.9911 10.0144 70.0177 -7.9878 10.7666 69.9691 -7.9907 10.0138 0.0166 0.0166 0.0166 0.0166 0.0166 0.0166
3 16 66.2356 -7.9911 49.9856 66.2356 -7.9911 10.0144 66.2356 -13.2306 49.9856 0.0166 0.0166 0.0166 0.0166 0.0166 0.0166
3 16 66.2356 -13.2306 49.9856 66.2356 -7.9911 10.0144 66.2356 -13.2306 10.0144 0.0166 0.0166 0.0166 0.0166 0.0166 0.0166
3 16 66.1347 -5.4713 1.3534 65.9435 -5.466 -2.3624 63.336 -5.4663 0.9561 0.0166 0.0166 0.0166 0.0166 0.0166 0.0166
3 16 63.336 -5.4663 0.9561 65.9435 -5.466 -2.3624 61.3774 -5.5796 -1.3773 0.0166 0.0166 0.0166 0.0166 0.0166 0.0166
3 16 66.1347 -5.4713 1.3534 63.336 -5.4663 0.9561 65.0063 -5.4723 3.8817 0.0166 0.0166 0.0166 0.0166 0.0166 0.0166
3 16 61.3774 -5.5796 -1.3773 65.9435 -5.466 -2.3624 62.3623 -5.466 -5.9436 0.0166 0.0166 0.0166 0.0166 0.0166 0.0166
3 16 65.0083 -13.2273 3.8394 65.3001 -13.23 6.3109 65.0063 -5.4723 3.8817 0.0166 0.0166 0.0166 0.0166 0.0166 0.0166
3 16 65.0063 -5.4723 3.8817 63.336 -5.4663 0.9561 65.0083 -13.2273 3.8394 0.0166 0.0166 0.0166 0.0166 0.0166 0.0166
3 16 65.0083 -13.2273 3.8394 63.336 -5.4663 0.9561 63.3364 -13.2273 0.9566 0.0166 0.0166 0.0166 0.0166 0.0166 0.0166
3 16 61.3774 -13.1142 -1.3774 63.3364 -13.2273 0.9566 61.3774 -5.5796 -1.3773 0.0166 0.0166 0.0166 0.0166 0.0166 0.0166
3 16 61.3774 -5.5796 -1.3773 63.3364 -13.2273 0.9566 63.336 -5.4663 0.9561 0.0166 0.0166 0.0166 0.0166 0.0166 0.0166
3 16 49.9856 0.0144 10.0144 49.9856 -13.2306 10.0144 56.1642 -7.9911 10.0144 0.0166 0.0166 0.0166 0.0166 0.0166 0.0166
3 16 56.1642 -7.9911 10.0144 49.9856 -13.2306 10.0144 56.1642 -13.2306 10.0144 0.0166 0.0166 0.0166 0.0166 0.0166 0.0166
3 16 56.1642 -7.9911 10.0144 56.1621 -7.9878 11.6495 58.1703 -7.9911 10.0144 0.0166 0.0166 0.0166 0.0166 0.0166 0.0166
3 16 58.1703 -7.9911 10.0144 56.1621 -7.9878 11.6495 58.1725 -7.9878 12.1914 0.0166 0.0166 0.0166 0.0166 0.0166 0.0166
3 16 58.1725 -7.9878 12.1914 56.1621 -7.9878 11.6495 55.983 -7.9878 15.983 0.0166 0.0166 0.0166 0.0166 0.0166 0.0166
3 16 55.983 -7.9878 15.983 56.1621 -7.9878 11.6495 54.5106 -7.9878 14.5106 0.0166 0.0166 0.0166 0.0166 0.0166 0.0166
3 16 54.5106 -7.9878 14.5106 51.651 -7.9878 16.1616 55.983 -7.9878 15.983 0.0166 0.0166 0.0166 0.0166 0.0166 0.0166
3 16 55.983 -7.9878 15.983 51.651 -7.9878 16.1616 52.1899 -7.9878 18.1729 0.0166 0.0166 0.0166 0.0166 0.0166 0.0166
3 16 51.651 -7.9878 16.1616 48.349 -7.9878 16.1616 52.1899 -7.9878 18.1729 0.0166 0.0166 0.0166 0.0166 0.0166 0.0166
3 16 52.1899 -7.9878 18.1729 48.349 -7.9878 16.1616 47.8101 -7.9878 18.1729 0.0166 0.0166 0.0166 0.0166 0.0166 0.0166
3 16 48.349 -7.9878 16.1616 45.4894 -7.9878 14.5106 47.8101 -7.9878 18.1729 0.0166 0.0166 0.0166 0.0166 0.0166 0.0166
3 16 47.8101 -7.9878 18.1729 45.4894 -7.9878 14.5106 44.017 -7.9878 15.983 0.0166 0.0166 0.0166 0.0166 0.0166 0.0166
3 16 58.1725 -7.9878 12.1914 58.1725 -13.2273 12.1915 58.1703 -7.9911 10.0144 0.0166 0.0166 0.0166 0.0166 0.0166 0.0166
3 16 58.1703 -7.9911 10.0144 58.1725 -13.2273 12.1915 58.1703 -13.2306 10.0144 0.0166 0.0166 0.0166 0.0166 0.0166 0.0166
3 16 55.983 -13.2273 15.983 58.1725 -13.2273 12.1915 55.983 -7.9878 15.983 0.0166 0.0166 0.0166 0.0166 0.0166 0.0166
3 16 55.983 -7.9878 15.983 58.1725 -13.2273 12.1915 58.1725 -7.9878 12.1914 0.0166 0.0166 0.0166 0.0166 0.0166 0.0166
3 16 52.1899 -13.2273 18.1729 55.983 -13.2273 15.983 52.1899 -7.9878 18.1729 0.0166 0.0166 0.0166 0.0166 0.0166 0.0166
3 16 52.1899 -7.9878 18.1729 55.983 -13.2273 15.983 55.983 -7.9878 15.983 0.0166 0.0166 0.0166 0.0166 0.0166 0.0166
3 16 47.8101 -13.2273 18.173 52.1899 -13.2273 18.1729 47.8101 -7.9878 18.1729 0.0166 0.0166 0.0166 0.0166 0.0166 0.0166
3 16 47.8101 -7.9878 18.1729 52.1899 -13.2273 18.1729 52.1899 -7.9878 18.1729 0.0166 0.0166 0.0166 0.0166 0.0166 0.0166
3 16 44.017 -7.9878 15.983 44.017 -13.2273 15.983 47.8101 -7.9878 18.1729 0.0166 0.0166 0.0166 0.0166 0.0166 0.0166
3 16 47.8101 -7.9878 18.1729 44.017 -13.2273 15.983 47.8101 -13.2273 18.173 0.0166 0.0166 0.0166 0.0166 0.0166 0.0166
3 16 56.1642 -7.9911 10.0144 56.1642 -13.2306 10.0144 56.1621 -7.9878 11.6495 0.0166 0.0166 0.0166 0.0166 0.0166 0.0166
3 16 56.1621 -7.9878 11.6495 56.1642 -13.2306 10.0144 56.1621 -13.2273 11.6495 0.0166 0.0166 0.0166 0.0166 0.0166 0.0166
3 16 56.1621 -7.9878 11.6495 56.1621 -13.2273 11.6495 54.5106 -7.9878 14.5106 0.0166 0.0166 0.0166 0.0166 0.0166 0.0166
3 16 54.5106 -7.9878 14.5106 56.1621 -13.2273 11.6495 54.5106 -13.2273 14.5106 0.0166 0.0166 0.0166 0.0166 0.0166 0.0166
3 16 54.5106 -13.2273 14.5106 51.651 -13.2273 16.1616 54.5106 -7.9878 14.5106 0.0166 0.0166 0.0166 0.0166 0.0166 0.0166
3 16 54.5106 -7.9878 14.5106 51.651 -13.2273 16.1616 51.651 -7.9878 16.1616 0.0166 0.0166 0.0166 0.0166 0.0166 0.0166
3 16 51.651 -7.9878 16.1616 51.651 -13.2273 16.1616 48.349 -7.9878 16.1616 0.0166 0.0166 0.0166 0.0166 0.0166 0.0166
3 16 48.349 -7.9878 16.1616 51.651 -13.2273 16.1616 48.349 -13.2273 16.1616 0.0166 0.0166 0.0166 0.0166 0.0166 0.0166
3 16 48.349 -7.9878 16.1616 48.349 -13.2273 16.1616 45.4894 -7.9878 14.5106 0.0166 0.0166 0.0166 0.0166 0.0166 0.0166
3 16 45.4894 -7.9878 14.5106 48.349 -13.2273 16.1616 45.4894 -13.2273 14.5106 0.0166 0.0166 0.0166 0.0166 0.0166 0.0166
3 16 45.4894 -13.2273 14.5106 48.349 -13.2273 16.1616 43.8384 -13.2273 11.651 0.0166 0.0166 0.0166 0.0166 0.0166 0.0166
3 16 43.8384 -13.2273 11.651 48.349 -13.2273 16.1616 49.9856 -13.2306 10.0144 0.0166 0.0166 0.0166 0.0166 0.0166 0.0166
3 16 54.5106 -13.2273 14.5106 56.1621 -13.2273 11.6495 49.9856 -13.2306 10.0144 0.0166 0.0166 0.0166 0.0166 0.0166 0.0166
3 16 49.9856 -13.2306 10.0144 56.1621 -13.2273 11.6495 56.1642 -13.2306 10.0144 0.0166 0.0166 0.0166 0.0166 0.0166 0.0166
3 16 51.651 -13.2273 16.1616 54.5106 -13.2273 14.5106 48.349 -13.2273 16.1616 0.0166 0.0166 0.0166 0.0166 0.0166 0.0166
3 16 48.349 -13.2273 16.1616 54.5106 -13.2273 14.5106 49.9856 -13.2306 10.0144 0.0166 0.0166 0.0166 0.0166 0.0166 0.0166
3 16 69.8757 -16.0177 8.6358 69.0217 -16.0177 4.5438 69.8757 0.0177 8.6357 0.0166 0.0166 0.0166 0.0166 0.0166 0.0166
3 16 69.8757 0.0177 8.6357 69.0217 -16.0177 4.5438 69.0217 0.0177 4.5441 0.0166 0.0166 0.0166 0.0166 0.0166 0.0166
3 16 67.8266 -5.4708 1.2646 66.1347 -5.4713 1.3534 67.8267 0.0132 1.2647 0.0166 0.0166 0.0166 0.0166 0.0166 0.0166
3 16 67.8267 0.0132 1.2647 66.1347 -5.4713 1.3534 66.1346 0.0127 1.3535 0.0166 0.0166 0.0166 0.0166 0.0166 0.0166
3 16 66.1347 -5.4713 1.3534 65.0063 -5.4723 3.8817 66.1346 0.0127 1.3535 0.0166 0.0166 0.0166 0.0166 0.0166 0.0166
3 16 66.1346 0.0127 1.3535 65.0063 -5.4723 3.8817 65.0098 0.0115 3.9307 0.0166 0.0166 0.0166 0.0166 0.0166 0.0166
3 16 65.3001 -13.23 6.3109 65.3001 0.015 6.3109 65.0063 -5.4723 3.8817 0.0166 0.0166 0.0166 0.0166 0.0166 0.0166
3 16 65.0063 -5.4723 3.8817 65.3001 0.015 6.3109 65.0098 0.0115 3.9307 0.0166 0.0166 0.0166 0.0166 0.0166 0.0166
3 16 65.3001 -13.23 6.3109 53.7556 -13.2306 6.2825 65.3001 0.015 6.3109 0.0166 0.0166 0.0166 0.0166 0.0166 0.0166
3 16 65.3001 0.015 6.3109 53.7556 -13.2306 6.2825 53.7554 0.0144 6.2827 0.0166 0.0166 0.0166 0.0166 0.0166 0.0166
3 16 67.4349 -5.4663 0.3324 67.4353 -16.0177 0.3332 65.9435 -5.466 -2.3624 0.0166 0.0166 0.0166 0.0166 0.0166 0.0166
3 16 65.9435 -5.466 -2.3624 67.4353 -16.0177 0.3332 65.5135 -16.0176 -3.1858 0.0166 0.0166 0.0166 0.0166 0.0166 0.0166
3 16 69.9691 0.0148 10.0138 69.9691 -7.9907 10.0138 69.8757 0.0177 8.6357 0.0166 0.0166 0.0166 0.0166 0.0166 0.0166
3 16 69.8757 0.0177 8.6357 69.9691 -7.9907 10.0138 69.8757 -16.0177 8.6358 0.0166 0.0166 0.0166 0.0166 0.0166 0.0166
3 16 69.9691 0.0148 10.0138 66.2356 -7.9911 10.0144 69.9691 -7.9907 10.0138 0.0166 0.0166 0.0166 0.0166 0.0166 0.0166
3 16 69.0217 -16.0177 4.5438 67.4353 -16.0177 0.3332 67.8266 -5.4708 1.2646 0.0166 0.0166 0.0166 0.0166 0.0166 0.0166
3 16 67.8266 -5.4708 1.2646 67.4353 -16.0177 0.3332 67.4349 -5.4663 0.3324 0.0166 0.0166 0.0166 0.0166 0.0166 0.0166
3 16 65.9435 -5.466 -2.3624 66.1347 -5.4713 1.3534 67.4349 -5.4663 0.3324 0.0166 0.0166 0.0166 0.0166 0.0166 0.0166
3 16 67.4349 -5.4663 0.3324 66.1347 -5.4713 1.3534 67.8266 -5.4708 1.2646 0.0166 0.0166 0.0166 0.0166 0.0166 0.0166
3 16 70.0177 -7.9878 10.7666 70.0177 -16.0177 10.7666 69.9691 -7.9907 10.0138 0.0166 0.0166 0.0166 0.0166 0.0166 0.0166
3 16 69.9691 -7.9907 10.0138 70.0177 -16.0177 10.7666 69.8757 -16.0177 8.6358 0.0166 0.0166 0.0166 0.0166 0.0166 0.0166
3 16 65.9435 -5.466 -2.3624 65.5135 -16.0176 -3.1858 62.3623 -5.466 -5.9436 0.0166 0.0166 0.0166 0.0166 0.0166 0.0166
3 16 62.3623 -5.466 -5.9436 65.5135 -16.0176 -3.1858 63.1856 -16.0176 -5.5136 0.0166 0.0166 0.0166 0.0166 0.0166 0.0166
3 16 69.0217 -16.0177 4.5438 67.8266 -5.4708 1.2646 69.0217 0.0177 4.5441 0.0166 0.0166 0.0166 0.0166 0.0166 0.0166
3 16 69.0217 0.0177 4.5441 67.8266 -5.4708 1.2646 67.8267 0.0132 1.2647 0.0166 0.0166 0.0166 0.0166 0.0166 0.0166
3 16 69.8757 0.0177 8.6357 69.0217 0.0177 4.5441 65.3001 0.015 6.3109 0.0166 0.0166 0.0166 0.0166 0.0166 0.0166
3 16 65.3001 0.015 6.3109 69.0217 0.0177 4.5441 65.0098 0.0115 3.9307 0.0166 0.0166 0.0166 0.0166 0.0166 0.0166
3 16 65.3001 0.015 6.3109 69.9691 0.0148 10.0138 69.8757 0.0177 8.6357 0.0166 0.0166 0.0166 0.0166 0.0166 0.0166
3 16 53.7554 0.0144 6.2827 53.7272 0.0151 -5.3 49.9856 0.0144 10.0144 0.0166 0.0166 0.0166 0.0166 0.0166 0.0166
3 16 49.9856 0.0144 10.0144 53.7272 0.0151 -5.3 49.9863 0.0148 -9.9691 0.0166 0.0166 0.0166 0.0166 0.0166 0.0166
3 16 69.9691 0.0148 10.0138 49.9856 0.0144 10.0144 58.1703 -7.9911 10.0144 0.0166 0.0166 0.0166 0.0166 0.0166 0.0166
3 16 58.1703 -7.9911 10.0144 49.9856 0.0144 10.0144 56.1642 -7.9911 10.0144 0.0166 0.0166 0.0166 0.0166 0.0166 0.0166
3 16 66.2356 -7.9911 10.0144 58.1703 -7.9911 10.0144 66.2356 -13.2306 10.0144 0.0166 0.0166 0.0166 0.0166 0.0166 0.0166
3 16 66.2356 -13.2306 10.0144 58.1703 -7.9911 10.0144 58.1703 -13.2306 10.0144 0.0166 0.0166 0.0166 0.0166 0.0166 0.0166
3 16 66.2356 -7.9911 10.0144 69.9691 0.0148 10.0138 58.1703 -7.9911 10.0144 0.0166 0.0166 0.0166 0.0166 0.0166 0.0166
3 16 69.9691 0.0148 10.0138 65.3001 0.015 6.3109 49.9856 0.0144 10.0144 0.0166 0.0166 0.0166 0.0166 0.0166 0.0166
3 16 49.9856 0.0144 10.0144 65.3001 0.015 6.3109 53.7554 0.0144 6.2827 0.0166 0.0166 0.0166 0.0166 0.0166 0.0166
3 16 65.3001 -13.23 6.3109 65.0083 -13.2273 3.8394 53.7556 -13.2306 6.2825 0.0166 0.0166 0.0166 0.0166 0.0166 0.0166
3 16 63.3364 -13.2273 0.9566 53.7556 -13.2306 6.2825 65.0083 -13.2273 3.8394 0.0166 0.0166 0.0166 0.0166 0.0166 0.0166
3 16 53.7272 -13.23 -5.3001 53.7556 -13.2306 6.2825 56.1606 -13.2273 -5.0083 0.0166 0.0166 0.0166 0.0166 0.0166 0.0166
3 16 56.1606 -13.2273 -5.0083 53.7556 -13.2306 6.2825 59.0434 -13.2273 -3.3364 0.0166 0.0166 0.0166 0.0166 0.0166 0.0166
3 16 44.017 -13.2273 4.017 49.9856 -13.2306 -6.2356 15.983 -13.2273 4.017 0.0166 0.0166 0.0166 0.0166 0.0166 0.0166
3 16 15.983 -13.2273 4.017 49.9856 -13.2306 -6.2356 10.0144 -13.2306 -6.2356 0.0166 0.0166 0.0166 0.0166 0.0166 0.0166
3 16 70.0177 -7.9878 49.2334 70.0177 -7.9878 10.7666 66.2356 -7.9911 49.9856 0.0166 0.0166 0.0166 0.0166 0.0166 0.0166
3 16 66.2356 -7.9911 49.9856 70.0177 -7.9878 10.7666 66.2356 -7.9911 10.0144 0.0166 0.0166 0.0166 0.0166 0.0166 0.0166
3 16 70.0177 -16.0177 49.2334 70.0177 -16.0177 10.7666 70.0177 -7.9878 49.2334 0.0166 0.0166 0.0166 0.0166 0.0166 0.0166
3 16 70.0177 -7.9878 49.2334 70.0177 -16.0177 10.7666 70.0177 -7.9878 10.7666 0.0166 0.0166 0.0166 0.0166 0.0166 0.0166
3 16 49.2334 -7.9878 -10.0177 49.9856 -7.9911 -6.2356 49.9862 -7.9907 -9.9691 0.0166 0.0166 0.0166 0.0166 0.0166 0.0166
3 16 49.2334 -7.9878 -10.0177 49.9862 -7.9907 -9.9691 49.2334 -16.0177 -10.0177 0.0166 0.0166 0.0166 0.0166 0.0166 0.0166
3 16 49.2334 -16.0177 -10.0177 49.9862 -7.9907 -9.9691 51.3642 -16.0177 -9.8757 0.0166 0.0166 0.0166 0.0166 0.0166 0.0166
3 16 61.3774 -13.1142 -1.3774 59.0434 -13.2273 -3.3364 53.7556 -13.2306 6.2825 0.0166 0.0166 0.0166 0.0166 0.0166 0.0166
3 16 44.017 -13.2273 15.983 41.8271 -13.2273 12.1899 15.983 -13.2273 15.983 0.0166 0.0166 0.0166 0.0166 0.0166 0.0166
3 16 15.983 -13.2273 15.983 41.8271 -13.2273 12.1899 18.173 -13.2273 12.1899 0.0166 0.0166 0.0166 0.0166 0.0166 0.0166
3 16 41.8271 -13.2273 12.1899 41.8271 -13.2273 7.8101 18.173 -13.2273 12.1899 0.0166 0.0166 0.0166 0.0166 0.0166 0.0166
3 16 18.173 -13.2273 12.1899 41.8271 -13.2273 7.8101 18.1729 -13.2273 7.8101 0.0166 0.0166 0.0166 0.0166 0.0166 0.0166
3 16 41.8271 -13.2273 7.8101 44.017 -13.2273 4.017 18.1729 -13.2273 7.8101 0.0166 0.0166 0.0166 0.0166 0.0166 0.0166
3 16 18.1729 -13.2273 7.8101 44.017 -13.2273 4.017 15.983 -13.2273 4.017 0.0166 0.0166 0.0166 0.0166 0.0166 0.0166
3 16 44.017 -13.2273 4.017 47.8086 -13.2273 1.8275 49.9856 -13.2306 -6.2356 0.0166 0.0166 0.0166 0.0166 0.0166 0.0166
3 16 47.8086 -13.2273 1.8275 49.9856 -13.2306 1.8297 49.9856 -13.2306 -6.2356 0.0166 0.0166 0.0166 0.0166 0.0166 0.0166
3 16 15.983 -13.2273 4.017 10.0144 -13.2306 -6.2356 12.1915 -13.2273 1.8275 0.0166 0.0166 0.0166 0.0166 0.0166 0.0166
3 16 10.0144 -13.2306 -6.2356 10.0144 -13.2306 1.8297 12.1915 -13.2273 1.8275 0.0166 0.0166 0.0166 0.0166 0.0166 0.0166
3 16 12.1899 -13.2273 18.173 12.1899 -13.2273 41.8271 15.983 -13.2273 15.983 0.0166 0.0166 0.0166 0.0166 0.0166 0.0166
3 16 15.983 -13.2273 15.983 12.1899 -13.2273 41.8271 15.983 -13.2273 44.017 0.0166 0.0166 0.0166 0.0166 0.0166 0.0166
3 16 15.983 -13.2273 15.983 15.983 -13.2273 44.017 44.017 -13.2273 15.983 0.0166 0.0166 0.0166 0.0166 0.0166 0.0166
3 16 44.017 -13.2273 15.983 15.983 -13.2273 44.017 44.017 -13.2273 44.017 0.0166 0.0166 0.0166 0.0166 0.0166 0.0166
3 16 44.017 -13.2273 15.983 44.017 -13.2273 44.017 47.8101 -13.2273 18.173 0.0166 0.0166 0.0166 0.0166 0.0166 0.0166
3 16 47.8101 -13.2273 18.173 44.017 -13.2273 44.017 47.8101 -13.2273 41.8271 0.0166 0.0166 0.0166 0.0166 0.0166 0.0166
3 16 47.8101 -13.2273 18.173 47.8101 -13.2273 41.8271 52.1899 -13.2273 18.1729 0.0166 0.0166 0.0166 0.0166 0.0166 0.0166
3 16 52.1899 -13.2273 18.1729 47.8101 -13.2273 41.8271 52.1899 -13.2273 41.8271 0.0166 0.0166 0.0166 0.0166 0.0166 0.0166
3 16 52.1899 -13.2273 18.1729 52.1899 -13.2273 41.8271 55.983 -13.2273 15.983 0.0166 0.0166 0.0166 0.0166 0.0166 0.0166
3 16 55.983 -13.2273 15.983 52.1899 -13.2273 41.8271 55.983 -13.2273 44.017 0.0166 0.0166 0.0166 0.0166 0.0166 0.0166
3 16 55.983 -13.2273 15.983 66.2356 -13.2306 10.0144 58.1725 -13.2273 12.1915 0.0166 0.0166 0.0166 0.0166 0.0166 0.0166
3 16 66.2356 -13.2306 10.0144 58.1703 -13.2306 10.0144 58.1725 -13.2273 12.1915 0.0166 0.0166 0.0166 0.0166 0.0166 0.0166
3 16 55.983 -13.2273 44.017 58.1725 -13.2273 47.8086 66.2356 -13.2306 49.9856 0.0166 0.0166 0.0166 0.0166 0.0166 0.0166
3 16 66.2356 -13.2306 49.9856 58.1725 -13.2273 47.8086 58.1703 -13.2306 49.9856 0.0166 0.0166 0.0166 0.0166 0.0166 0.0166
3 16 55.983 -13.2273 15.983 55.983 -13.2273 44.017 66.2356 -13.2306 10.0144 0.0166 0.0166 0.0166 0.0166 0.0166 0.0166
3 16 66.2356 -13.2306 10.0144 55.983 -13.2273 44.017 66.2356 -13.2306 49.9856 0.0166 0.0166 0.0166 0.0166 0.0166 0.0166
3 16 7.8101 -13.2273 18.1729 7.8101 -13.2273 41.8271 12.1899 -13.2273 18.173 0.0166 0.0166 0.0166 0.0166 0.0166 0.0166
3 16 12.1899 -13.2273 18.173 7.8101 -13.2273 41.8271 12.1899 -13.2273 41.8271 0.0166 0.0166 0.0166 0.0166 0.0166 0.0166
3 16 4.017 -13.2273 15.983 1.8275 -13.2273 12.1915 -6.2356 -13.2306 10.0144 0.0166 0.0166 0.0166 0.0166 0.0166 0.0166
3 16 -6.2356 -13.2306 10.0144 1.8275 -13.2273 12.1915 1.8297 -13.2306 10.0144 0.0166 0.0166 0.0166 0.0166 0.0166 0.0166
3 16 4.017 -13.2273 15.983 4.017 -13.2273 44.017 7.8101 -13.2273 18.1729 0.0166 0.0166 0.0166 0.0166 0.0166 0.0166
3 16 7.8101 -13.2273 18.1729 4.017 -13.2273 44.017 7.8101 -13.2273 41.8271 0.0166 0.0166 0.0166 0.0166 0.0166 0.0166
3 16 -6.2356 -13.2306 49.9856 4.017 -13.2273 44.017 -6.2356 -13.2306 10.0144 0.0166 0.0166 0.0166 0.0166 0.0166 0.0166
3 16 -6.2356 -13.2306 10.0144 4.017 -13.2273 44.017 4.017 -13.2273 15.983 0.0166 0.0166 0.0166 0.0166 0.0166 0.0166
3 16 30 -16.025 30 10.7666 -16.0177 70.0177 8.6358 -16.0177 69.8757 0.5 0.5 0.2596 1 0.233 0.9982
3 16 30 -16.025 30 8.6358 -16.0177 69.8757 4.5438 -16.0177 69.0217 0.5 0.5 0.233 0.9982 0.1819 0.9875
3 16 30 -16.025 30 4.5438 -16.0177 69.0217 0.3332 -16.0177 67.4353 0.5 0.5 0.1819 0.9875 0.1293 0.9677
3 16 30 -16.025 30 0.3332 -16.0177 67.4353 -3.1856 -16.0176 65.5137 0.5 0.5 0.1293 0.9677 0.0853 0.9437
3 16 30 -16.025 30 -3.1856 -16.0176 65.5137 -5.5135 -16.0176 63.1858 0.5 0.5 0.0853 0.9437 0.0563 0.9147
3 16 30 -16.025 30 -5.5135 -16.0176 63.1858 -7.4353 -16.0177 59.6668 0.5 0.5 0.0563 0.9147 0.0323 0.8707
3 16 30 -16.025 30 -7.4353 -16.0177 59.6668 -9.0217 -16.0177 55.4562 0.5 0.5 0.0323 0.8707 0.0125 0.8181
3 16 -9.8757 -16.0177 51.3642 30 -16.025 30 -9.0217 -16.0177 55.4562 0.0018 0.767 0.5 0.5 0.0125 0.8181
3 16 30 -16.025 30 49.2334 -16.0177 70.0177 10.7666 -16.0177 70.0177 0.5 0.5 0.7404 1 0.2596 1
3 16 30 -16.025 30 51.3642 -16.0177 69.8757 49.2334 -16.0177 70.0177 0.5 0.5 0.767 0.9982 0.7404 1
3 16 30 -16.025 30 55.4562 -16.0177 69.0217 51.3642 -16.0177 69.8757 0.5 0.5 0.8181 0.9875 0.767 0.9982
3 16 30 -16.025 30 59.6668 -16.0177 67.4353 55.4562 -16.0177 69.0217 0.5 0.5 0.8707 0.9677 0.8181 0.9875
3 16 30 -16.025 30 63.1856 -16.0176 65.5137 59.6668 -16.0177 67.4353 0.5 0.5 0.9147 0.9437 0.8707 0.9677
3 16 30 -16.025 30 65.5135 -16.0176 63.1858 63.1856 -16.0176 65.5137 0.5 0.5 0.9437 0.9147 0.9147 0.9437
3 16 30 -16.025 30 67.4353 -16.0177 59.6668 65.5135 -16.0176 63.1858 0.5 0.5 0.9677 0.8707 0.9437 0.9147
3 16 30 -16.025 30 69.0217 -16.0177 55.4562 67.4353 -16.0177 59.6668 0.5 0.5 0.9875 0.8181 0.9677 0.8707
3 16 -7.4353 -16.0177 0.3332 30 -16.025 30 -9.0217 -16.0177 4.5438 0.0323 0.1293 0.5 0.5 0.0125 0.1819
3 16 -5.5135 -16.0176 -3.1858 30 -16.025 30 -7.4353 -16.0177 0.3332 0.0563 0.0853 0.5 0.5 0.0323 0.1293
3 16 -3.1856 -16.0176 -5.5136 30 -16.025 30 -5.5135 -16.0176 -3.1858 0.0853 0.0563 0.5 0.5 0.0563 0.0853
3 16 0.3332 -16.0177 -7.4353 30 -16.025 30 -3.1856 -16.0176 -5.5136 0.1293 0.0323 0.5 0.5 0.0853 0.0563
3 16 4.5438 -16.0177 -9.0216 30 -16.025 30 0.3332 -16.0177 -7.4353 0.1819 0.0125 0.5 0.5 0.1293 0.0323
3 16 8.6358 -16.0177 -9.8757 30 -16.025 30 4.5438 -16.0177 -9.0216 0.233 0.0018 0.5 0.5 0.1819 0.0125
3 16 10.7666 -16.0177 -10.0177 30 -16.025 30 8.6358 -16.0177 -9.8757 0.2596 0 0.5 0.5 0.233 0.0018
3 16 49.2334 -16.0177 -10.0177 30 -16.025 30 10.7666 -16.0177 -10.0177 0.7404 0 0.5 0.5 0.2596 0
3 16 51.3642 -16.0177 -9.8757 30 -16.025 30 49.2334 -16.0177 -10.0177 0.767 0.0018 0.5 0.5 0.7404 0
3 16 55.4562 -16.0177 -9.0216 30 -16.025 30 51.3642 -16.0177 -9.8757 0.8181 0.0125 0.5 0.5 0.767 0.0018
3 16 59.6668 -16.0177 -7.4353 30 -16.025 30 55.4562 -16.0177 -9.0216 0.8707 0.0323 0.5 0.5 0.8181 0.0125
3 16 63.1856 -16.0176 -5.5136 30 -16.025 30 59.6668 -16.0177 -7.4353 0.9147 0.0563 0.5 0.5 0.8707 0.0323
3 16 65.5135 -16.0176 -3.1858 30 -16.025 30 63.1856 -16.0176 -5.5136 0.9437 0.0853 0.5 0.5 0.9147 0.0563
3 16 67.4353 -16.0177 0.3332 30 -16.025 30 65.5135 -16.0176 -3.1858 0.9677 0.1293 0.5 0.5 0.9437 0.0853
3 16 69.0217 -16.0177 4.5438 30 -16.025 30 67.4353 -16.0177 0.3332 0.9875 0.1819 0.5 0.5 0.9677 0.1293
3 16 -10.0177 -16.0177 49.2334 30 -16.025 30 -9.8757 -16.0177 51.3642 0 0.7404 0.5 0.5 0.0018 0.767
3 16 -10.0177 -16.0177 10.7666 30 -16.025 30 -10.0177 -16.0177 49.2334 0 0.2596 0.5 0.5 0 0.7404
3 16 -9.8757 -16.0177 8.6358 -9.0217 -16.0177 4.5438 30 -16.025 30 0.0018 0.233 0.0125 0.1819 0.5 0.5
3 16 -9.8757 -16.0177 8.6358 30 -16.025 30 -10.0177 -16.0177 10.7666 0.0018 0.233 0.5 0.5 0 0.2596
3 16 30 -16.025 30 70.0177 -16.0177 10.7666 70.0177 -16.0177 49.2334 0.5 0.5 1 0.2596 1 0.7404
3 16 69.8757 -16.0177 8.6358 70.0177 -16.0177 10.7666 30 -16.025 30 0.9982 0.233 1 0.2596 0.5 0.5
3 16 30 -16.025 30 69.8757 -16.0177 51.3642 69.0217 -16.0177 55.4562 0.5 0.5 0.9982 0.767 0.9875 0.8181
3 16 30 -16.025 30 70.0177 -16.0177 49.2334 69.8757 -16.0177 51.3642 0.5 0.5 1 0.7404 0.9982 0.767
0 STEP
