0 Untitled Model
0 Name: Untitled Model
0 Author: 
0 BFC CERTIFY CCW
3 16 0 15.2597 -13.9841 -4.7155 14.5131 -13.984 0 25.0078 -10.7738 0.5 0.1949 0.4055 0.2099 0.5 0
3 16 0 25.0078 -10.7738 -4.7155 14.5131 -13.984 -7.7278 23.7839 -10.7738 0.5 0 0.4055 0.2099 0.3452 0.0249
3 16 0 15.2597 -13.9841 0 5.1166 -15.5895 -4.7155 14.5131 -13.984 0.5 0.1949 0.5 0.3977 0.4055 0.2099
3 16 0 5.1166 -15.5895 -2.5583 4.4311 -15.5895 -4.7155 14.5131 -13.984 0.5 0.3977 0.4487 0.4114 0.4055 0.2099
3 16 -4.7155 14.5131 -13.984 -2.5583 4.4311 -15.5895 -8.9695 12.3456 -13.984 0.4055 0.2099 0.4487 0.4114 0.3202 0.2533
3 16 0 0 -15.775 -2.5583 4.4311 -15.5895 0 5.1166 -15.5895 0.5 0.5 0.4487 0.4114 0.5 0.3977
3 16 -4.4311 2.5584 -15.5895 -2.5583 4.4311 -15.5895 0 0 -15.775 0.4112 0.4489 0.4487 0.4114 0.5 0.5
3 16 0 0 -15.775 -5.1166 0 -15.5895 -4.4311 2.5584 -15.5895 0.5 0.5 0.3974 0.5 0.4112 0.4489
3 16 -4.7155 14.5131 -13.984 -8.9695 12.3456 -13.984 -7.7278 23.7839 -10.7738 0.4055 0.2099 0.3202 0.2533 0.3452 0.0249
3 16 -7.7278 23.7839 -10.7738 -8.9695 12.3456 -13.984 -14.6992 20.2318 -10.7738 0.3452 0.0249 0.3202 0.2533 0.2058 0.0962
3 16 -8.9695 12.3456 -13.984 -12.3454 8.9696 -13.984 -14.6992 20.2318 -10.7738 0.3202 0.2533 0.2526 0.3207 0.2058 0.0962
3 16 -14.6992 20.2318 -10.7738 -12.3454 8.9696 -13.984 -20.2317 14.6993 -10.7738 0.2058 0.0962 0.2526 0.3207 0.0953 0.2068
3 16 -12.3454 8.9696 -13.984 -14.513 4.7157 -13.984 -20.2317 14.6993 -10.7738 0.2526 0.3207 0.2091 0.4057 0.0953 0.2068
3 16 -20.2317 14.6993 -10.7738 -14.513 4.7157 -13.984 -23.7838 7.7279 -10.7738 0.0953 0.2068 0.2091 0.4057 0.0244 0.3459
3 16 -14.513 4.7157 -13.984 -15.2599 0.0001 -13.984 -23.7838 7.7279 -10.7738 0.2091 0.4057 0.1941 0.5 0.0244 0.3459
3 16 -23.7838 7.7279 -10.7738 -15.2599 0.0001 -13.984 -25.0078 0.0001 -10.7738 0.0244 0.3459 0.1941 0.5 0 0.5
3 16 -2.5583 4.4311 -15.5895 -4.4311 2.5584 -15.5895 -8.9695 12.3456 -13.984 0.4487 0.4114 0.4112 0.4489 0.3202 0.2533
3 16 -8.9695 12.3456 -13.984 -4.4311 2.5584 -15.5895 -12.3454 8.9696 -13.984 0.3202 0.2533 0.4112 0.4489 0.2526 0.3207
3 16 -12.3454 8.9696 -13.984 -4.4311 2.5584 -15.5895 -14.513 4.7157 -13.984 0.2526 0.3207 0.4112 0.4489 0.2091 0.4057
3 16 -4.4311 2.5584 -15.5895 -5.1166 0 -15.5895 -14.513 4.7157 -13.984 0.4112 0.4489 0.3974 0.5 0.2091 0.4057
3 16 -14.513 4.7157 -13.984 -5.1166 0 -15.5895 -15.2599 0.0001 -13.984 0.2091 0.4057 0.3974 0.5 0.1941 0.5
3 16 -15.2599 0.0001 -13.984 -14.5131 -4.7155 -13.984 -25.0078 0.0001 -10.7738 0.1941 0.5 0.2091 0.5943 0 0.5
3 16 -25.0078 0.0001 -10.7738 -14.5131 -4.7155 -13.984 -23.7839 -7.7278 -10.7738 0 0.5 0.2091 0.5943 0.0244 0.6541
3 16 -15.2599 0.0001 -13.984 -5.1166 0 -15.5895 -14.5131 -4.7155 -13.984 0.1941 0.5 0.3974 0.5 0.2091 0.5943
3 16 -5.1166 0 -15.5895 -4.4311 -2.5583 -15.5895 -14.5131 -4.7155 -13.984 0.3974 0.5 0.4112 0.5511 0.2091 0.5943
3 16 -14.5131 -4.7155 -13.984 -4.4311 -2.5583 -15.5895 -12.3456 -8.9695 -13.984 0.2091 0.5943 0.4112 0.5511 0.2526 0.6793
3 16 0 0 -15.775 -4.4311 -2.5583 -15.5895 -5.1166 0 -15.5895 0.5 0.5 0.4112 0.5511 0.3974 0.5
3 16 -2.5584 -4.4311 -15.5895 -4.4311 -2.5583 -15.5895 0 0 -15.775 0.4487 0.5886 0.4112 0.5511 0.5 0.5
3 16 0 0 -15.775 0 -5.1166 -15.5895 -2.5584 -4.4311 -15.5895 0.5 0.5 0.5 0.6023 0.4487 0.5886
3 16 -14.5131 -4.7155 -13.984 -12.3456 -8.9695 -13.984 -23.7839 -7.7278 -10.7738 0.2091 0.5943 0.2526 0.6793 0.0244 0.6541
3 16 -23.7839 -7.7278 -10.7738 -12.3456 -8.9695 -13.984 -20.2318 -14.6992 -10.7738 0.0244 0.6541 0.2526 0.6793 0.0953 0.7932
3 16 -12.3456 -8.9695 -13.984 -8.9696 -12.3454 -13.984 -20.2318 -14.6992 -10.7738 0.2526 0.6793 0.3202 0.7467 0.0953 0.7932
3 16 -20.2318 -14.6992 -10.7738 -8.9696 -12.3454 -13.984 -14.6993 -20.2317 -10.7738 0.0953 0.7932 0.3202 0.7467 0.2058 0.9038
3 16 -8.9696 -12.3454 -13.984 -4.7157 -14.513 -13.984 -14.6993 -20.2317 -10.7738 0.3202 0.7467 0.4055 0.7901 0.2058 0.9038
3 16 -14.6993 -20.2317 -10.7738 -4.7157 -14.513 -13.984 -7.7279 -23.7838 -10.7738 0.2058 0.9038 0.4055 0.7901 0.3452 0.975
3 16 -4.7157 -14.513 -13.984 0 -15.26 -13.984 -7.7279 -23.7838 -10.7738 0.4055 0.7901 0.5 0.8051 0.3452 0.975
3 16 -7.7279 -23.7838 -10.7738 0 -15.26 -13.984 0 -25.0078 -10.7738 0.3452 0.975 0.5 0.8051 0.5 1
3 16 -4.4311 -2.5583 -15.5895 -2.5584 -4.4311 -15.5895 -12.3456 -8.9695 -13.984 0.4112 0.5511 0.4487 0.5886 0.2526 0.6793
3 16 -12.3456 -8.9695 -13.984 -2.5584 -4.4311 -15.5895 -8.9696 -12.3454 -13.984 0.2526 0.6793 0.4487 0.5886 0.3202 0.7467
3 16 -8.9696 -12.3454 -13.984 -2.5584 -4.4311 -15.5895 -4.7157 -14.513 -13.984 0.3202 0.7467 0.4487 0.5886 0.4055 0.7901
3 16 -2.5584 -4.4311 -15.5895 0 -5.1166 -15.5895 -4.7157 -14.513 -13.984 0.4487 0.5886 0.5 0.6023 0.4055 0.7901
3 16 -4.7157 -14.513 -13.984 0 -5.1166 -15.5895 0 -15.26 -13.984 0.4055 0.7901 0.5 0.6023 0.5 0.8051
3 16 0 15.2597 -13.9841 0 25.0078 -10.7738 4.7155 14.5131 -13.984 0.5 0.1949 0.5 0 0.5945 0.2099
3 16 4.7155 14.5131 -13.984 0 25.0078 -10.7738 7.7278 23.7839 -10.7738 0.5945 0.2099 0.5 0 0.6548 0.025
3 16 0 15.2597 -13.9841 4.7155 14.5131 -13.984 0 5.1166 -15.5895 0.5 0.1949 0.5945 0.2099 0.5 0.3977
3 16 0 0 -15.775 0 5.1166 -15.5895 2.5583 4.4311 -15.5895 0.5 0.5 0.5 0.3977 0.5513 0.4114
3 16 4.4311 2.5584 -15.5895 0 0 -15.775 2.5583 4.4311 -15.5895 0.5888 0.4489 0.5 0.5 0.5513 0.4114
3 16 0 0 -15.775 4.4311 2.5584 -15.5895 5.1166 0 -15.5895 0.5 0.5 0.5888 0.4489 0.6026 0.5
3 16 4.7155 14.5131 -13.984 7.7278 23.7839 -10.7738 8.9695 12.3456 -13.984 0.5945 0.2099 0.6548 0.025 0.6798 0.2533
3 16 8.9695 12.3456 -13.984 7.7278 23.7839 -10.7738 14.6992 20.2318 -10.7738 0.6798 0.2533 0.6548 0.025 0.7942 0.0962
3 16 8.9695 12.3456 -13.984 14.6992 20.2318 -10.7738 12.3454 8.9696 -13.984 0.6798 0.2533 0.7942 0.0962 0.7474 0.3207
3 16 12.3454 8.9696 -13.984 14.6992 20.2318 -10.7738 20.2317 14.6993 -10.7738 0.7474 0.3207 0.7942 0.0962 0.9047 0.2068
3 16 12.3454 8.9696 -13.984 20.2317 14.6993 -10.7738 14.513 4.7157 -13.984 0.7474 0.3207 0.9047 0.2068 0.7909 0.4057
3 16 14.513 4.7157 -13.984 20.2317 14.6993 -10.7738 23.7838 7.7279 -10.7738 0.7909 0.4057 0.9047 0.2068 0.9756 0.3459
3 16 14.513 4.7157 -13.984 23.7838 7.7279 -10.7738 15.2599 0.0001 -13.984 0.7909 0.4057 0.9756 0.3459 0.8059 0.5
3 16 15.2599 0.0001 -13.984 23.7838 7.7279 -10.7738 25.0078 0.0001 -10.7738 0.8059 0.5 0.9756 0.3459 1 0.5
3 16 0 5.1166 -15.5895 4.7155 14.5131 -13.984 2.5583 4.4311 -15.5895 0.5 0.3977 0.5945 0.2099 0.5513 0.4114
3 16 2.5583 4.4311 -15.5895 4.7155 14.5131 -13.984 8.9695 12.3456 -13.984 0.5513 0.4114 0.5945 0.2099 0.6798 0.2533
3 16 2.5583 4.4311 -15.5895 8.9695 12.3456 -13.984 4.4311 2.5584 -15.5895 0.5513 0.4114 0.6798 0.2533 0.5888 0.4489
3 16 4.4311 2.5584 -15.5895 8.9695 12.3456 -13.984 12.3454 8.9696 -13.984 0.5888 0.4489 0.6798 0.2533 0.7474 0.3207
3 16 12.3454 8.9696 -13.984 14.513 4.7157 -13.984 4.4311 2.5584 -15.5895 0.7474 0.3207 0.7909 0.4057 0.5888 0.4489
3 16 15.2599 0.0001 -13.984 5.1166 0 -15.5895 14.513 4.7157 -13.984 0.8059 0.5 0.6026 0.5 0.7909 0.4057
3 16 14.513 4.7157 -13.984 5.1166 0 -15.5895 4.4311 2.5584 -15.5895 0.7909 0.4057 0.6026 0.5 0.5888 0.4489
3 16 15.2599 0.0001 -13.984 25.0078 0.0001 -10.7738 14.5131 -4.7155 -13.984 0.8059 0.5 1 0.5 0.7909 0.5943
3 16 14.5131 -4.7155 -13.984 25.0078 0.0001 -10.7738 23.7839 -7.7278 -10.7738 0.7909 0.5943 1 0.5 0.9756 0.6541
3 16 15.2599 0.0001 -13.984 14.5131 -4.7155 -13.984 5.1166 0 -15.5895 0.8059 0.5 0.7909 0.5943 0.6026 0.5
3 16 0 0 -15.775 5.1166 0 -15.5895 4.4311 -2.5583 -15.5895 0.5 0.5 0.6026 0.5 0.5888 0.5511
3 16 2.5584 -4.4311 -15.5895 0 0 -15.775 4.4311 -2.5583 -15.5895 0.5513 0.5886 0.5 0.5 0.5888 0.5511
3 16 0 0 -15.775 2.5584 -4.4311 -15.5895 0 -5.1166 -15.5895 0.5 0.5 0.5513 0.5886 0.5 0.6023
3 16 14.5131 -4.7155 -13.984 23.7839 -7.7278 -10.7738 12.3456 -8.9695 -13.984 0.7909 0.5943 0.9756 0.6541 0.7474 0.6793
3 16 12.3456 -8.9695 -13.984 23.7839 -7.7278 -10.7738 20.2318 -14.6992 -10.7738 0.7474 0.6793 0.9756 0.6541 0.9047 0.7932
3 16 12.3456 -8.9695 -13.984 20.2318 -14.6992 -10.7738 8.9696 -12.3454 -13.984 0.7474 0.6793 0.9047 0.7932 0.6798 0.7467
3 16 8.9696 -12.3454 -13.984 20.2318 -14.6992 -10.7738 14.6993 -20.2317 -10.7738 0.6798 0.7467 0.9047 0.7932 0.7942 0.9038
3 16 8.9696 -12.3454 -13.984 14.6993 -20.2317 -10.7738 4.7157 -14.513 -13.984 0.6798 0.7467 0.7942 0.9038 0.5945 0.7901
3 16 4.7157 -14.513 -13.984 14.6993 -20.2317 -10.7738 7.7279 -23.7838 -10.7738 0.5945 0.7901 0.7942 0.9038 0.6548 0.9751
3 16 4.7157 -14.513 -13.984 7.7279 -23.7838 -10.7738 0 -15.26 -13.984 0.5945 0.7901 0.6548 0.9751 0.5 0.8051
3 16 0 -15.26 -13.984 7.7279 -23.7838 -10.7738 0 -25.0078 -10.7738 0.5 0.8051 0.6548 0.9751 0.5 1
3 16 5.1166 0 -15.5895 14.5131 -4.7155 -13.984 4.4311 -2.5583 -15.5895 0.6026 0.5 0.7909 0.5943 0.5888 0.5511
3 16 4.4311 -2.5583 -15.5895 14.5131 -4.7155 -13.984 12.3456 -8.9695 -13.984 0.5888 0.5511 0.7909 0.5943 0.7474 0.6793
3 16 4.4311 -2.5583 -15.5895 12.3456 -8.9695 -13.984 2.5584 -4.4311 -15.5895 0.5888 0.5511 0.7474 0.6793 0.5513 0.5886
3 16 2.5584 -4.4311 -15.5895 12.3456 -8.9695 -13.984 8.9696 -12.3454 -13.984 0.5513 0.5886 0.7474 0.6793 0.6798 0.7467
3 16 8.9696 -12.3454 -13.984 4.7157 -14.513 -13.984 2.5584 -4.4311 -15.5895 0.6798 0.7467 0.5945 0.7901 0.5513 0.5886
3 16 0 -15.26 -13.984 0 -5.1166 -15.5895 4.7157 -14.513 -13.984 0.5 0.8051 0.5 0.6023 0.5945 0.7901
3 16 4.7157 -14.513 -13.984 0 -5.1166 -15.5895 2.5584 -4.4311 -15.5895 0.5945 0.7901 0.5 0.6023 0.5513 0.5886
0 STEP
