0 Untitled Model
0 Name: Untitled Model
0 Author: 
0 BFC CERTIFY CCW
3 16 69.5009 -8.1 29.5017 70.027 -7.5802 30.0533 -9.5009 -8.1 29.5018 0.9648 0.9875 0.9709 1 0.0061 0.9875
3 16 -9.5009 -8.1 29.5018 70.027 -7.5802 30.0533 -10.0267 -7.5802 30.0535 0.0061 0.9875 0.9709 1 0 1
3 16 70.027 -7.5802 30.0533 69.5009 -8.1 29.5017 70.0263 -7.5801 -10.0538 0.9709 1 0.9648 0.9875 0.9709 0
3 16 70.0263 -7.5801 -10.0538 69.5009 -8.1 29.5017 69.5009 -8.1 -9.5018 0.9709 0 0.9648 0.9875 0.9648 0.0125
3 16 69.5009 -8.1 -9.5018 69.5009 -8.1 29.5017 -9.5009 -8.1 -9.5017 0.9648 0.0125 0.9648 0.9875 0.0061 0.0125
3 16 -9.5009 -8.1 -9.5017 69.5009 -8.1 29.5017 -9.5009 -8.1 29.5018 0.0061 0.0125 0.9648 0.9875 0.0061 0.9875
3 16 70.0263 -7.5801 -10.0538 69.5009 -8.1 -9.5018 -10.0265 -7.5801 -10.0536 0.9709 0 0.9648 0.0125 0 0
3 16 -10.0265 -7.5801 -10.0536 69.5009 -8.1 -9.5018 -9.5009 -8.1 -9.5017 0 0 0.9648 0.0125 0.0061 0.0125
3 16 -10.0267 -7.5802 30.0535 -10.0265 -7.5801 -10.0536 -9.5009 -8.1 29.5018 0 1 0 0 0.0061 0.9875
3 16 -9.5009 -8.1 29.5018 -10.0265 -7.5801 -10.0536 -9.5009 -8.1 -9.5017 0.0061 0.9875 0 0 0.0061 0.0125
0 STEP
