0 Untitled Model
0 Name: Untitled Model
0 Author: 
0 BFC CERTIFY CCW
3 16 69.1163 -1.25 29.1162 69.5 -1.25 28.1719 68.7813 0 28.7813
3 16 68.7813 0 28.7813 69.5 -1.25 28.1719 69.1651 0 27.8369
3 16 69.5 -1.25 28.1719 70 -1.25 30 69.5 -1.25 -8.1719
3 16 69.5 -1.25 -8.1719 70 -1.25 30 70 -1.25 -10
3 16 67.8369 0 29.1651 68.1719 -1.25 29.5 68.7813 0 28.7813
3 16 68.7813 0 28.7813 68.1719 -1.25 29.5 69.1163 -1.25 29.1162
3 16 68.1719 -1.25 29.5 67.8369 0 29.1651 -8.1719 -1.25 29.5
3 16 -8.1719 -1.25 29.5 67.8369 0 29.1651 -7.8369 0 29.1651
3 16 70 -7.5 30 70 -1.25 30 -10 -7.5 30
3 16 -10 -7.5 30 70 -1.25 30 -10 -1.25 30
3 16 69.5 -8 29.5 70 -7.5 30 -9.5 -8 29.5
3 16 -9.5 -8 29.5 70 -7.5 30 -10 -7.5 30
3 16 70 -7.5 30 69.5 -8 29.5 70 -7.5 -10
3 16 70 -7.5 -10 69.5 -8 29.5 69.5 -8 -9.5
3 16 69.1651 0 27.8369 69.5 -1.25 28.1719 69.1651 0 -7.8369
3 16 69.1651 0 -7.8369 69.5 -1.25 28.1719 69.5 -1.25 -8.1719
3 16 70 -1.25 30 70 -7.5 30 70 -1.25 -10
3 16 70 -1.25 -10 70 -7.5 30 70 -7.5 -10
3 16 69.5 -8 -9.5 69.5 -8 29.5 -9.5 -8 -9.5
3 16 -9.5 -8 -9.5 69.5 -8 29.5 -9.5 -8 29.5
3 16 70 -1.25 30 69.5 -1.25 28.1719 69.1163 -1.25 29.1162
3 16 70 -1.25 30 69.1163 -1.25 29.1162 68.1719 -1.25 29.5
3 16 67.8369 0 -9.1651 68.1719 -1.25 -9.5 -7.8369 0 -9.1651
3 16 -7.8369 0 -9.1651 68.1719 -1.25 -9.5 -8.1719 -1.25 -9.5
3 16 70 -1.25 -10 70 -7.5 -10 -10 -1.25 -10
3 16 -10 -1.25 -10 70 -7.5 -10 -10 -7.5 -10
3 16 70 -7.5 -10 69.5 -8 -9.5 -10 -7.5 -10
3 16 -10 -7.5 -10 69.5 -8 -9.5 -9.5 -8 -9.5
3 16 69.1163 -1.25 -9.1162 68.1719 -1.25 -9.5 68.7813 0 -8.7813
3 16 68.7813 0 -8.7813 68.1719 -1.25 -9.5 67.8369 0 -9.1651
3 16 69.1651 0 -7.8369 69.5 -1.25 -8.1719 68.7813 0 -8.7813
3 16 68.7813 0 -8.7813 69.5 -1.25 -8.1719 69.1163 -1.25 -9.1162
3 16 -10 -1.25 -10 -8.1719 -1.25 -9.5 70 -1.25 -10
3 16 70 -1.25 -10 -8.1719 -1.25 -9.5 68.1719 -1.25 -9.5
3 16 70 -1.25 -10 69.1163 -1.25 -9.1162 69.5 -1.25 -8.1719
3 16 70 -1.25 -10 68.1719 -1.25 -9.5 69.1163 -1.25 -9.1162
3 16 -9.1651 0 27.8369 -9.5 -1.25 28.1719 -8.7813 0 28.7813
3 16 -8.7813 0 28.7813 -9.5 -1.25 28.1719 -9.1162 -1.25 29.1162
3 16 -9.5 -1.25 28.1719 -9.5 -1.25 -8.1719 -10 -1.25 30
3 16 -10 -1.25 30 -9.5 -1.25 -8.1719 -10 -1.25 -10
3 16 -7.8369 0 29.1651 -8.7813 0 28.7813 -8.1719 -1.25 29.5
3 16 -8.1719 -1.25 29.5 -8.7813 0 28.7813 -9.1162 -1.25 29.1162
3 16 -10 -7.5 30 -10 -7.5 -10 -9.5 -8 29.5
3 16 -9.5 -8 29.5 -10 -7.5 -10 -9.5 -8 -9.5
3 16 -9.1651 0 27.8369 -9.1651 0 -7.8369 -9.5 -1.25 28.1719
3 16 -9.5 -1.25 28.1719 -9.1651 0 -7.8369 -9.5 -1.25 -8.1719
3 16 -10 -1.25 30 -10 -1.25 -10 -10 -7.5 30
3 16 -10 -7.5 30 -10 -1.25 -10 -10 -7.5 -10
3 16 -10 -1.25 30 -9.1162 -1.25 29.1162 -9.5 -1.25 28.1719
3 16 -10 -1.25 30 -8.1719 -1.25 29.5 -9.1162 -1.25 29.1162
3 16 -7.8369 0 -9.1651 -8.1719 -1.25 -9.5 -8.7813 0 -8.7813
3 16 -8.7813 0 -8.7813 -8.1719 -1.25 -9.5 -9.1162 -1.25 -9.1162
3 16 -9.1651 0 -7.8369 -8.7813 0 -8.7813 -9.5 -1.25 -8.1719
3 16 -9.5 -1.25 -8.1719 -8.7813 0 -8.7813 -9.1162 -1.25 -9.1162
3 16 -10 -1.25 -10 -9.5 -1.25 -8.1719 -9.1162 -1.25 -9.1162
3 16 -10 -1.25 -10 -9.1162 -1.25 -9.1162 -8.1719 -1.25 -9.5
3 16 -10 -1.25 30 70 -1.25 30 -8.1719 -1.25 29.5
3 16 -8.1719 -1.25 29.5 70 -1.25 30 68.1719 -1.25 29.5
3 16 55.5396 0 13.1983 53.1983 0 15.5396 57.3124 0 14.2218
3 16 57.3124 0 14.2218 53.1983 0 15.5396 54.2218 0 17.3123
3 16 54.2218 0 17.3123 53.1983 0 15.5396 50 0 18.4436
3 16 50 0 18.4436 53.1983 0 15.5396 50 0 16.3966
3 16 50 0 16.3966 46.8017 0 15.5396 50 0 18.4436
3 16 50 0 18.4436 46.8017 0 15.5396 45.7782 0 17.3123
3 16 46.8017 0 15.5396 44.4604 0 13.1983 45.7782 0 17.3123
3 16 45.7782 0 17.3123 44.4604 0 13.1983 42.6877 0 14.2218
3 16 44.4604 0 13.1983 43.6034 0 10 42.6877 0 14.2218
3 16 42.6877 0 14.2218 43.6034 0 10 41.5565 0 10
3 16 43.6034 0 10 44.4604 0 6.8017 41.5565 0 10
3 16 41.5565 0 10 44.4604 0 6.8017 42.6877 0 5.7782
3 16 44.4604 0 6.8017 46.8017 0 4.4604 42.6877 0 5.7782
3 16 42.6877 0 5.7782 46.8017 0 4.4604 45.7782 0 2.6877
3 16 46.8017 0 4.4604 50 0 3.6034 45.7782 0 2.6877
3 16 45.7782 0 2.6877 50 0 3.6034 50 0 1.5564
3 16 50 0 3.6034 53.1983 0 4.4604 50 0 1.5564
3 16 50 0 1.5564 53.1983 0 4.4604 54.2218 0 2.6877
3 16 53.1983 0 4.4604 55.5396 0 6.8017 54.2218 0 2.6877
3 16 54.2218 0 2.6877 55.5396 0 6.8017 57.3124 0 5.7782
3 16 55.5396 0 6.8017 56.3966 0 10 57.3124 0 5.7782
3 16 57.3124 0 5.7782 56.3966 0 10 58.4436 0 10
3 16 56.3966 0 10 55.5396 0 13.1983 58.4436 0 10
3 16 58.4436 0 10 55.5396 0 13.1983 57.3124 0 14.2218
3 16 50 -5.25 18.4436 54.2218 -5.25 17.3123 50 0 18.4436
3 16 50 0 18.4436 54.2218 -5.25 17.3123 54.2218 0 17.3123
3 16 45.7782 -5.25 17.3123 50 -5.25 18.4436 45.7782 0 17.3123
3 16 45.7782 0 17.3123 50 -5.25 18.4436 50 0 18.4436
3 16 42.6877 -5.25 14.2218 45.7782 -5.25 17.3123 42.6877 0 14.2218
3 16 42.6877 0 14.2218 45.7782 -5.25 17.3123 45.7782 0 17.3123
3 16 41.5565 -5.25 10 42.6877 -5.25 14.2218 41.5565 0 10
3 16 41.5565 0 10 42.6877 -5.25 14.2218 42.6877 0 14.2218
3 16 42.6877 -5.25 5.7782 41.5565 -5.25 10 42.6877 0 5.7782
3 16 42.6877 0 5.7782 41.5565 -5.25 10 41.5565 0 10
3 16 45.7782 -5.25 2.6877 42.6877 -5.25 5.7782 45.7782 0 2.6877
3 16 45.7782 0 2.6877 42.6877 -5.25 5.7782 42.6877 0 5.7782
3 16 50 -5.25 1.5564 45.7782 -5.25 2.6877 50 0 1.5564
3 16 50 0 1.5564 45.7782 -5.25 2.6877 45.7782 0 2.6877
3 16 54.2218 -5.25 2.6877 50 -5.25 1.5564 54.2218 0 2.6877
3 16 54.2218 0 2.6877 50 -5.25 1.5564 50 0 1.5564
3 16 57.3124 -5.25 5.7782 54.2218 -5.25 2.6877 57.3124 0 5.7782
3 16 57.3124 0 5.7782 54.2218 -5.25 2.6877 54.2218 0 2.6877
3 16 58.4436 -5.25 10 57.3124 -5.25 5.7782 58.4436 0 10
3 16 58.4436 0 10 57.3124 -5.25 5.7782 57.3124 0 5.7782
3 16 57.3124 -5.25 14.2218 58.4436 -5.25 10 57.3124 0 14.2218
3 16 57.3124 0 14.2218 58.4436 -5.25 10 58.4436 0 10
3 16 53.1983 0 15.5396 55.5396 0 13.1983 53.1983 -5.0063 15.5396
3 16 53.1983 -5.0063 15.5396 55.5396 0 13.1983 55.5396 -5.0063 13.1983
3 16 50 0 16.3966 53.1983 0 15.5396 50 -5.0063 16.3966
3 16 50 -5.0063 16.3966 53.1983 0 15.5396 53.1983 -5.0063 15.5396
3 16 46.8017 0 15.5396 50 0 16.3966 46.8017 -5.0063 15.5396
3 16 46.8017 -5.0063 15.5396 50 0 16.3966 50 -5.0063 16.3966
3 16 44.4604 0 13.1983 46.8017 0 15.5396 44.4604 -5.0063 13.1983
3 16 44.4604 -5.0063 13.1983 46.8017 0 15.5396 46.8017 -5.0063 15.5396
3 16 43.6034 0 10 44.4604 0 13.1983 43.6034 -5.0063 10
3 16 43.6034 -5.0063 10 44.4604 0 13.1983 44.4604 -5.0063 13.1983
3 16 44.4604 0 6.8017 43.6034 0 10 44.4604 -5.0063 6.8017
3 16 44.4604 -5.0063 6.8017 43.6034 0 10 43.6034 -5.0063 10
3 16 46.8017 0 4.4604 44.4604 0 6.8017 46.8017 -5.0063 4.4604
3 16 46.8017 -5.0063 4.4604 44.4604 0 6.8017 44.4604 -5.0063 6.8017
3 16 50 0 3.6034 46.8017 0 4.4604 50 -5.0063 3.6034
3 16 50 -5.0063 3.6034 46.8017 0 4.4604 46.8017 -5.0063 4.4604
3 16 53.1983 0 4.4604 50 0 3.6034 53.1983 -5.0063 4.4604
3 16 53.1983 -5.0063 4.4604 50 0 3.6034 50 -5.0063 3.6034
3 16 55.5396 0 6.8017 53.1983 0 4.4604 55.5396 -5.0063 6.8017
3 16 55.5396 -5.0063 6.8017 53.1983 0 4.4604 53.1983 -5.0063 4.4604
3 16 56.3966 0 10 55.5396 0 6.8017 56.3966 -5.0063 10
3 16 56.3966 -5.0063 10 55.5396 0 6.8017 55.5396 -5.0063 6.8017
3 16 55.5396 0 13.1983 56.3966 0 10 55.5396 -5.0063 13.1983
3 16 55.5396 -5.0063 13.1983 56.3966 0 10 56.3966 -5.0063 10
3 16 57.3124 0 14.2218 54.2218 0 17.3123 57.3124 -5.25 14.2218
3 16 57.3124 -5.25 14.2218 54.2218 0 17.3123 54.2218 -5.25 17.3123
3 16 35.5396 0 13.1983 33.1983 0 15.5396 37.3124 0 14.2218
3 16 37.3124 0 14.2218 33.1983 0 15.5396 34.2218 0 17.3123
3 16 34.2218 0 17.3123 33.1983 0 15.5396 30 0 18.4436
3 16 30 0 18.4436 33.1983 0 15.5396 30 0 16.3966
3 16 30 0 16.3966 26.8017 0 15.5396 30 0 18.4436
3 16 30 0 18.4436 26.8017 0 15.5396 25.7782 0 17.3123
3 16 26.8017 0 15.5396 24.4604 0 13.1983 25.7782 0 17.3123
3 16 25.7782 0 17.3123 24.4604 0 13.1983 22.6877 0 14.2218
3 16 24.4604 0 13.1983 23.6034 0 10 22.6877 0 14.2218
3 16 22.6877 0 14.2218 23.6034 0 10 21.5565 0 10
3 16 23.6034 0 10 24.4604 0 6.8017 21.5565 0 10
3 16 21.5565 0 10 24.4604 0 6.8017 22.6877 0 5.7782
3 16 24.4604 0 6.8017 26.8017 0 4.4604 22.6877 0 5.7782
3 16 22.6877 0 5.7782 26.8017 0 4.4604 25.7782 0 2.6877
3 16 26.8017 0 4.4604 30 0 3.6034 25.7782 0 2.6877
3 16 25.7782 0 2.6877 30 0 3.6034 30 0 1.5564
3 16 30 0 3.6034 33.1983 0 4.4604 30 0 1.5564
3 16 30 0 1.5564 33.1983 0 4.4604 34.2218 0 2.6877
3 16 33.1983 0 4.4604 35.5396 0 6.8017 34.2218 0 2.6877
3 16 34.2218 0 2.6877 35.5396 0 6.8017 37.3124 0 5.7782
3 16 35.5396 0 6.8017 36.3966 0 10 37.3124 0 5.7782
3 16 37.3124 0 5.7782 36.3966 0 10 38.4436 0 10
3 16 36.3966 0 10 35.5396 0 13.1983 38.4436 0 10
3 16 38.4436 0 10 35.5396 0 13.1983 37.3124 0 14.2218
3 16 30 -5.25 18.4436 34.2218 -5.25 17.3123 30 0 18.4436
3 16 30 0 18.4436 34.2218 -5.25 17.3123 34.2218 0 17.3123
3 16 25.7782 -5.25 17.3123 30 -5.25 18.4436 25.7782 0 17.3123
3 16 25.7782 0 17.3123 30 -5.25 18.4436 30 0 18.4436
3 16 22.6877 -5.25 14.2218 25.7782 -5.25 17.3123 22.6877 0 14.2218
3 16 22.6877 0 14.2218 25.7782 -5.25 17.3123 25.7782 0 17.3123
3 16 21.5565 -5.25 10 22.6877 -5.25 14.2218 21.5565 0 10
3 16 21.5565 0 10 22.6877 -5.25 14.2218 22.6877 0 14.2218
3 16 22.6877 -5.25 5.7782 21.5565 -5.25 10 22.6877 0 5.7782
3 16 22.6877 0 5.7782 21.5565 -5.25 10 21.5565 0 10
3 16 25.7782 -5.25 2.6877 22.6877 -5.25 5.7782 25.7782 0 2.6877
3 16 25.7782 0 2.6877 22.6877 -5.25 5.7782 22.6877 0 5.7782
3 16 30 -5.25 1.5564 25.7782 -5.25 2.6877 30 0 1.5564
3 16 30 0 1.5564 25.7782 -5.25 2.6877 25.7782 0 2.6877
3 16 34.2218 -5.25 2.6877 30 -5.25 1.5564 34.2218 0 2.6877
3 16 34.2218 0 2.6877 30 -5.25 1.5564 30 0 1.5564
3 16 37.3124 -5.25 5.7782 34.2218 -5.25 2.6877 37.3124 0 5.7782
3 16 37.3124 0 5.7782 34.2218 -5.25 2.6877 34.2218 0 2.6877
3 16 38.4436 -5.25 10 37.3124 -5.25 5.7782 38.4436 0 10
3 16 38.4436 0 10 37.3124 -5.25 5.7782 37.3124 0 5.7782
3 16 37.3124 -5.25 14.2218 38.4436 -5.25 10 37.3124 0 14.2218
3 16 37.3124 0 14.2218 38.4436 -5.25 10 38.4436 0 10
3 16 33.1983 0 15.5396 35.5396 0 13.1983 33.1983 -5.0063 15.5396
3 16 33.1983 -5.0063 15.5396 35.5396 0 13.1983 35.5396 -5.0063 13.1983
3 16 30 0 16.3966 33.1983 0 15.5396 30 -5.0063 16.3966
3 16 30 -5.0063 16.3966 33.1983 0 15.5396 33.1983 -5.0063 15.5396
3 16 26.8017 0 15.5396 30 0 16.3966 26.8017 -5.0063 15.5396
3 16 26.8017 -5.0063 15.5396 30 0 16.3966 30 -5.0063 16.3966
3 16 24.4604 0 13.1983 26.8017 0 15.5396 24.4604 -5.0063 13.1983
3 16 24.4604 -5.0063 13.1983 26.8017 0 15.5396 26.8017 -5.0063 15.5396
3 16 23.6034 0 10 24.4604 0 13.1983 23.6034 -5.0063 10
3 16 23.6034 -5.0063 10 24.4604 0 13.1983 24.4604 -5.0063 13.1983
3 16 24.4604 0 6.8017 23.6034 0 10 24.4604 -5.0063 6.8017
3 16 24.4604 -5.0063 6.8017 23.6034 0 10 23.6034 -5.0063 10
3 16 26.8017 0 4.4604 24.4604 0 6.8017 26.8017 -5.0063 4.4604
3 16 26.8017 -5.0063 4.4604 24.4604 0 6.8017 24.4604 -5.0063 6.8017
3 16 30 0 3.6034 26.8017 0 4.4604 30 -5.0063 3.6034
3 16 30 -5.0063 3.6034 26.8017 0 4.4604 26.8017 -5.0063 4.4604
3 16 33.1983 0 4.4604 30 0 3.6034 33.1983 -5.0063 4.4604
3 16 33.1983 -5.0063 4.4604 30 0 3.6034 30 -5.0063 3.6034
3 16 35.5396 0 6.8017 33.1983 0 4.4604 35.5396 -5.0063 6.8017
3 16 35.5396 -5.0063 6.8017 33.1983 0 4.4604 33.1983 -5.0063 4.4604
3 16 36.3966 0 10 35.5396 0 6.8017 36.3966 -5.0063 10
3 16 36.3966 -5.0063 10 35.5396 0 6.8017 35.5396 -5.0063 6.8017
3 16 35.5396 0 13.1983 36.3966 0 10 35.5396 -5.0063 13.1983
3 16 35.5396 -5.0063 13.1983 36.3966 0 10 36.3966 -5.0063 10
3 16 37.3124 0 14.2218 34.2218 0 17.3123 37.3124 -5.25 14.2218
3 16 37.3124 -5.25 14.2218 34.2218 0 17.3123 34.2218 -5.25 17.3123
3 16 15.5396 0 13.1983 13.1983 0 15.5396 17.3124 0 14.2218
3 16 17.3124 0 14.2218 13.1983 0 15.5396 14.2218 0 17.3123
3 16 14.2218 0 17.3123 13.1983 0 15.5396 10 0 18.4436
3 16 10 0 18.4436 13.1983 0 15.5396 10 0 16.3966
3 16 10 0 16.3966 6.8017 0 15.5396 10 0 18.4436
3 16 10 0 18.4436 6.8017 0 15.5396 5.7782 0 17.3123
3 16 6.8017 0 15.5396 4.4604 0 13.1983 5.7782 0 17.3123
3 16 5.7782 0 17.3123 4.4604 0 13.1983 2.6876 0 14.2218
3 16 4.4604 0 13.1983 3.6034 0 10 2.6876 0 14.2218
3 16 2.6876 0 14.2218 3.6034 0 10 1.5564 0 10
3 16 3.6034 0 10 4.4604 0 6.8017 1.5564 0 10
3 16 1.5564 0 10 4.4604 0 6.8017 2.6876 0 5.7782
3 16 4.4604 0 6.8017 6.8017 0 4.4604 2.6876 0 5.7782
3 16 2.6876 0 5.7782 6.8017 0 4.4604 5.7782 0 2.6877
3 16 6.8017 0 4.4604 10 0 3.6034 5.7782 0 2.6877
3 16 5.7782 0 2.6877 10 0 3.6034 10 0 1.5564
3 16 10 0 3.6034 13.1983 0 4.4604 10 0 1.5564
3 16 10 0 1.5564 13.1983 0 4.4604 14.2218 0 2.6877
3 16 13.1983 0 4.4604 15.5396 0 6.8017 14.2218 0 2.6877
3 16 14.2218 0 2.6877 15.5396 0 6.8017 17.3124 0 5.7782
3 16 15.5396 0 6.8017 16.3966 0 10 17.3124 0 5.7782
3 16 17.3124 0 5.7782 16.3966 0 10 18.4436 0 10
3 16 16.3966 0 10 15.5396 0 13.1983 18.4436 0 10
3 16 18.4436 0 10 15.5396 0 13.1983 17.3124 0 14.2218
3 16 10 -5.25 18.4436 14.2218 -5.25 17.3123 10 0 18.4436
3 16 10 0 18.4436 14.2218 -5.25 17.3123 14.2218 0 17.3123
3 16 5.7782 -5.25 17.3123 10 -5.25 18.4436 5.7782 0 17.3123
3 16 5.7782 0 17.3123 10 -5.25 18.4436 10 0 18.4436
3 16 2.6876 -5.25 14.2218 5.7782 -5.25 17.3123 2.6876 0 14.2218
3 16 2.6876 0 14.2218 5.7782 -5.25 17.3123 5.7782 0 17.3123
3 16 1.5564 -5.25 10 2.6876 -5.25 14.2218 1.5564 0 10
3 16 1.5564 0 10 2.6876 -5.25 14.2218 2.6876 0 14.2218
3 16 2.6876 -5.25 5.7782 1.5564 -5.25 10 2.6876 0 5.7782
3 16 2.6876 0 5.7782 1.5564 -5.25 10 1.5564 0 10
3 16 5.7782 -5.25 2.6877 2.6876 -5.25 5.7782 5.7782 0 2.6877
3 16 5.7782 0 2.6877 2.6876 -5.25 5.7782 2.6876 0 5.7782
3 16 10 -5.25 1.5564 5.7782 -5.25 2.6877 10 0 1.5564
3 16 10 0 1.5564 5.7782 -5.25 2.6877 5.7782 0 2.6877
3 16 14.2218 -5.25 2.6877 10 -5.25 1.5564 14.2218 0 2.6877
3 16 14.2218 0 2.6877 10 -5.25 1.5564 10 0 1.5564
3 16 17.3124 -5.25 5.7782 14.2218 -5.25 2.6877 17.3124 0 5.7782
3 16 17.3124 0 5.7782 14.2218 -5.25 2.6877 14.2218 0 2.6877
3 16 18.4436 -5.25 10 17.3124 -5.25 5.7782 18.4436 0 10
3 16 18.4436 0 10 17.3124 -5.25 5.7782 17.3124 0 5.7782
3 16 17.3124 -5.25 14.2218 18.4436 -5.25 10 17.3124 0 14.2218
3 16 17.3124 0 14.2218 18.4436 -5.25 10 18.4436 0 10
3 16 13.1983 0 15.5396 15.5396 0 13.1983 13.1983 -5.0063 15.5396
3 16 13.1983 -5.0063 15.5396 15.5396 0 13.1983 15.5396 -5.0063 13.1983
3 16 10 0 16.3966 13.1983 0 15.5396 10 -5.0063 16.3966
3 16 10 -5.0063 16.3966 13.1983 0 15.5396 13.1983 -5.0063 15.5396
3 16 6.8017 0 15.5396 10 0 16.3966 6.8017 -5.0063 15.5396
3 16 6.8017 -5.0063 15.5396 10 0 16.3966 10 -5.0063 16.3966
3 16 4.4604 0 13.1983 6.8017 0 15.5396 4.4604 -5.0063 13.1983
3 16 4.4604 -5.0063 13.1983 6.8017 0 15.5396 6.8017 -5.0063 15.5396
3 16 3.6034 0 10 4.4604 0 13.1983 3.6034 -5.0063 10
3 16 3.6034 -5.0063 10 4.4604 0 13.1983 4.4604 -5.0063 13.1983
3 16 4.4604 0 6.8017 3.6034 0 10 4.4604 -5.0063 6.8017
3 16 4.4604 -5.0063 6.8017 3.6034 0 10 3.6034 -5.0063 10
3 16 6.8017 0 4.4604 4.4604 0 6.8017 6.8017 -5.0063 4.4604
3 16 6.8017 -5.0063 4.4604 4.4604 0 6.8017 4.4604 -5.0063 6.8017
3 16 10 0 3.6034 6.8017 0 4.4604 10 -5.0063 3.6034
3 16 10 -5.0063 3.6034 6.8017 0 4.4604 6.8017 -5.0063 4.4604
3 16 13.1983 0 4.4604 10 0 3.6034 13.1983 -5.0063 4.4604
3 16 13.1983 -5.0063 4.4604 10 0 3.6034 10 -5.0063 3.6034
3 16 15.5396 0 6.8017 13.1983 0 4.4604 15.5396 -5.0063 6.8017
3 16 15.5396 -5.0063 6.8017 13.1983 0 4.4604 13.1983 -5.0063 4.4604
3 16 16.3966 0 10 15.5396 0 6.8017 16.3966 -5.0063 10
3 16 16.3966 -5.0063 10 15.5396 0 6.8017 15.5396 -5.0063 6.8017
3 16 15.5396 0 13.1983 16.3966 0 10 15.5396 -5.0063 13.1983
3 16 15.5396 -5.0063 13.1983 16.3966 0 10 16.3966 -5.0063 10
3 16 17.3124 0 14.2218 14.2218 0 17.3123 17.3124 -5.25 14.2218
3 16 17.3124 -5.25 14.2218 14.2218 0 17.3123 14.2218 -5.25 17.3123
3 16 66.25 -5.25 26.25 66.25 0 26.25 66.25 -5.25 -6.25
3 16 66.25 -5.25 -6.25 66.25 0 26.25 66.25 0 -6.25
3 16 66.25 0 26.25 69.1651 0 27.8369 66.25 0 -6.25
3 16 66.25 0 -6.25 69.1651 0 27.8369 69.1651 0 -7.8369
3 16 68.7813 0 28.7813 69.1651 0 27.8369 66.25 0 26.25
3 16 67.8369 0 29.1651 68.7813 0 28.7813 66.25 0 26.25
3 16 69.1651 0 -7.8369 68.7813 0 -8.7813 66.25 0 -6.25
3 16 68.7813 0 -8.7813 67.8369 0 -9.1651 66.25 0 -6.25
3 16 -6.25 -5.25 26.25 -6.25 -5.25 -6.25 -6.25 0 26.25
3 16 -6.25 0 26.25 -6.25 -5.25 -6.25 -6.25 0 -6.25
3 16 -6.25 0 26.25 -6.25 0 -6.25 -9.1651 0 27.8369
3 16 -9.1651 0 27.8369 -6.25 0 -6.25 -9.1651 0 -7.8369
3 16 -8.7813 0 28.7813 -6.25 0 26.25 -9.1651 0 27.8369
3 16 -7.8369 0 29.1651 -6.25 0 26.25 -8.7813 0 28.7813
3 16 -9.1651 0 -7.8369 -6.25 0 -6.25 -8.7813 0 -8.7813
3 16 -8.7813 0 -8.7813 -6.25 0 -6.25 -7.8369 0 -9.1651
3 16 66.25 -5.25 -6.25 -6.25 -5.25 -6.25 66.25 -5.25 26.25
3 16 66.25 -5.25 26.25 -6.25 -5.25 -6.25 -6.25 -5.25 26.25
3 16 66.25 -5.25 26.25 -6.25 -5.25 26.25 66.25 0 26.25
3 16 66.25 0 26.25 -6.25 -5.25 26.25 -6.25 0 26.25
3 16 66.25 0 26.25 -6.25 0 26.25 67.8369 0 29.1651
3 16 67.8369 0 29.1651 -6.25 0 26.25 -7.8369 0 29.1651
3 16 66.25 0 -6.25 -6.25 0 -6.25 66.25 -5.25 -6.25
3 16 66.25 -5.25 -6.25 -6.25 0 -6.25 -6.25 -5.25 -6.25
3 16 67.8369 0 -9.1651 -7.8369 0 -9.1651 66.25 0 -6.25
3 16 66.25 0 -6.25 -7.8369 0 -9.1651 -6.25 0 -6.25
2 24 69.1163 -1.25 29.1162 69.5 -1.25 28.1719
2 24 68.7813 0 28.7813 69.1651 0 27.8369
2 24 69.5 -1.25 28.1719 69.5 -1.25 -8.1719
2 24 70 -1.25 30 70 -1.25 -10
2 24 68.7813 0 28.7813 67.8369 0 29.1651
2 24 69.1163 -1.25 29.1162 68.1719 -1.25 29.5
2 24 68.1719 -1.25 29.5 -8.1719 -1.25 29.5
2 24 67.8369 0 29.1651 -7.8369 0 29.1651
2 24 70 -7.5 30 70 -1.25 30
2 24 70 -7.5 30 -10 -7.5 30
2 24 70 -1.25 30 -10 -1.25 30
2 24 -10 -7.5 30 -10 -1.25 30
2 24 69.5 -8 29.5 70 -7.5 30
2 24 69.5 -8 29.5 -9.5 -8 29.5
2 24 70 -7.5 30 -10 -7.5 30
2 24 -9.5 -8 29.5 -10 -7.5 30
2 24 70 -7.5 30 70 -7.5 -10
2 24 69.5 -8 29.5 69.5 -8 -9.5
2 24 70 -7.5 -10 69.5 -8 -9.5
2 24 69.1651 0 27.8369 69.1651 0 -7.8369
2 24 69.5 -1.25 28.1719 69.5 -1.25 -8.1719
2 24 70 -1.25 30 70 -7.5 30
2 24 70 -1.25 30 70 -1.25 -10
2 24 70 -7.5 30 70 -7.5 -10
2 24 70 -1.25 -10 70 -7.5 -10
2 24 69.5 -8 -9.5 -9.5 -8 -9.5
2 24 -9.5 -8 29.5 -9.5 -8 -9.5
2 24 69.5 -1.25 28.1719 69.1163 -1.25 29.1162
2 24 69.1163 -1.25 29.1162 68.1719 -1.25 29.5
2 24 67.8369 0 -9.1651 -7.8369 0 -9.1651
2 24 68.1719 -1.25 -9.5 -8.1719 -1.25 -9.5
2 24 70 -1.25 -10 70 -7.5 -10
2 24 70 -1.25 -10 -10 -1.25 -10
2 24 70 -7.5 -10 -10 -7.5 -10
2 24 -10 -1.25 -10 -10 -7.5 -10
2 24 70 -7.5 -10 -10 -7.5 -10
2 24 -9.5 -8 -9.5 -10 -7.5 -10
2 24 68.1719 -1.25 -9.5 69.1163 -1.25 -9.1162
2 24 67.8369 0 -9.1651 68.7813 0 -8.7813
2 24 69.1651 0 -7.8369 68.7813 0 -8.7813
2 24 69.5 -1.25 -8.1719 69.1163 -1.25 -9.1162
2 24 70 -1.25 -10 -10 -1.25 -10
2 24 -8.1719 -1.25 -9.5 68.1719 -1.25 -9.5
2 24 69.5 -1.25 -8.1719 69.1163 -1.25 -9.1162
2 24 68.1719 -1.25 -9.5 69.1163 -1.25 -9.1162
2 24 -9.1651 0 27.8369 -8.7813 0 28.7813
2 24 -9.5 -1.25 28.1719 -9.1162 -1.25 29.1162
2 24 -9.5 -1.25 28.1719 -9.5 -1.25 -8.1719
2 24 -10 -1.25 -10 -10 -1.25 30
2 24 -7.8369 0 29.1651 -8.7813 0 28.7813
2 24 -8.1719 -1.25 29.5 -9.1162 -1.25 29.1162
2 24 -10 -7.5 30 -10 -7.5 -10
2 24 -9.1651 0 27.8369 -9.1651 0 -7.8369
2 24 -9.5 -1.25 28.1719 -9.5 -1.25 -8.1719
2 24 -10 -1.25 30 -10 -1.25 -10
2 24 -10 -1.25 30 -10 -7.5 30
2 24 -10 -1.25 -10 -10 -7.5 -10
2 24 -10 -7.5 30 -10 -7.5 -10
2 24 -9.5 -1.25 28.1719 -9.1162 -1.25 29.1162
2 24 -9.1162 -1.25 29.1162 -8.1719 -1.25 29.5
2 24 -7.8369 0 -9.1651 -8.7813 0 -8.7813
2 24 -8.1719 -1.25 -9.5 -9.1162 -1.25 -9.1162
2 24 -9.1651 0 -7.8369 -8.7813 0 -8.7813
2 24 -9.5 -1.25 -8.1719 -9.1162 -1.25 -9.1162
2 24 -9.5 -1.25 -8.1719 -9.1162 -1.25 -9.1162
2 24 -8.1719 -1.25 -9.5 -9.1162 -1.25 -9.1162
2 24 70 -1.25 30 -10 -1.25 30
2 24 68.1719 -1.25 29.5 -8.1719 -1.25 29.5
2 24 55.5396 0 13.1983 53.1983 0 15.5396
2 24 57.3124 0 14.2218 54.2218 0 17.3123
2 24 54.2218 0 17.3123 50 0 18.4436
2 24 53.1983 0 15.5396 50 0 16.3966
2 24 50 0 16.3966 46.8017 0 15.5396
2 24 50 0 18.4436 45.7782 0 17.3123
2 24 46.8017 0 15.5396 44.4604 0 13.1983
2 24 45.7782 0 17.3123 42.6877 0 14.2218
2 24 44.4604 0 13.1983 43.6034 0 10
2 24 42.6877 0 14.2218 41.5565 0 10
2 24 43.6034 0 10 44.4604 0 6.8017
2 24 41.5565 0 10 42.6877 0 5.7782
2 24 44.4604 0 6.8017 46.8017 0 4.4604
2 24 42.6877 0 5.7782 45.7782 0 2.6877
2 24 46.8017 0 4.4604 50 0 3.6034
2 24 45.7782 0 2.6877 50 0 1.5564
2 24 50 0 3.6034 53.1983 0 4.4604
2 24 50 0 1.5564 54.2218 0 2.6877
2 24 53.1983 0 4.4604 55.5396 0 6.8017
2 24 54.2218 0 2.6877 57.3124 0 5.7782
2 24 55.5396 0 6.8017 56.3966 0 10
2 24 57.3124 0 5.7782 58.4436 0 10
2 24 55.5396 0 13.1983 56.3966 0 10
2 24 57.3124 0 14.2218 58.4436 0 10
2 24 50 -5.25 18.4436 54.2218 -5.25 17.3123
2 24 50 0 18.4436 54.2218 0 17.3123
2 24 50 -5.25 18.4436 45.7782 -5.25 17.3123
2 24 50 0 18.4436 45.7782 0 17.3123
2 24 45.7782 -5.25 17.3123 42.6877 -5.25 14.2218
2 24 45.7782 0 17.3123 42.6877 0 14.2218
2 24 42.6877 -5.25 14.2218 41.5565 -5.25 10
2 24 42.6877 0 14.2218 41.5565 0 10
2 24 41.5565 -5.25 10 42.6877 -5.25 5.7782
2 24 41.5565 0 10 42.6877 0 5.7782
2 24 42.6877 -5.25 5.7782 45.7782 -5.25 2.6877
2 24 42.6877 0 5.7782 45.7782 0 2.6877
2 24 45.7782 -5.25 2.6877 50 -5.25 1.5564
2 24 45.7782 0 2.6877 50 0 1.5564
2 24 50 -5.25 1.5564 54.2218 -5.25 2.6877
2 24 50 0 1.5564 54.2218 0 2.6877
2 24 54.2218 -5.25 2.6877 57.3124 -5.25 5.7782
2 24 54.2218 0 2.6877 57.3124 0 5.7782
2 24 57.3124 -5.25 5.7782 58.4436 -5.25 10
2 24 57.3124 0 5.7782 58.4436 0 10
2 24 58.4436 -5.25 10 57.3124 -5.25 14.2218
2 24 58.4436 0 10 57.3124 0 14.2218
2 24 53.1983 0 15.5396 55.5396 0 13.1983
2 24 53.1983 -5.0063 15.5396 55.5396 -5.0063 13.1983
2 24 53.1983 0 15.5396 50 0 16.3966
2 24 53.1983 -5.0063 15.5396 50 -5.0063 16.3966
2 24 50 0 16.3966 46.8017 0 15.5396
2 24 50 -5.0063 16.3966 46.8017 -5.0063 15.5396
2 24 46.8017 0 15.5396 44.4604 0 13.1983
2 24 46.8017 -5.0063 15.5396 44.4604 -5.0063 13.1983
2 24 44.4604 0 13.1983 43.6034 0 10
2 24 44.4604 -5.0063 13.1983 43.6034 -5.0063 10
2 24 43.6034 0 10 44.4604 0 6.8017
2 24 43.6034 -5.0063 10 44.4604 -5.0063 6.8017
2 24 44.4604 0 6.8017 46.8017 0 4.4604
2 24 44.4604 -5.0063 6.8017 46.8017 -5.0063 4.4604
2 24 46.8017 0 4.4604 50 0 3.6034
2 24 46.8017 -5.0063 4.4604 50 -5.0063 3.6034
2 24 50 0 3.6034 53.1983 0 4.4604
2 24 50 -5.0063 3.6034 53.1983 -5.0063 4.4604
2 24 53.1983 0 4.4604 55.5396 0 6.8017
2 24 53.1983 -5.0063 4.4604 55.5396 -5.0063 6.8017
2 24 55.5396 0 6.8017 56.3966 0 10
2 24 55.5396 -5.0063 6.8017 56.3966 -5.0063 10
2 24 55.5396 0 13.1983 56.3966 0 10
2 24 55.5396 -5.0063 13.1983 56.3966 -5.0063 10
2 24 54.2218 0 17.3123 57.3124 0 14.2218
2 24 54.2218 -5.25 17.3123 57.3124 -5.25 14.2218
2 24 35.5396 0 13.1983 33.1983 0 15.5396
2 24 37.3124 0 14.2218 34.2218 0 17.3123
2 24 34.2218 0 17.3123 30 0 18.4436
2 24 33.1983 0 15.5396 30 0 16.3966
2 24 30 0 16.3966 26.8017 0 15.5396
2 24 30 0 18.4436 25.7782 0 17.3123
2 24 26.8017 0 15.5396 24.4604 0 13.1983
2 24 25.7782 0 17.3123 22.6877 0 14.2218
2 24 24.4604 0 13.1983 23.6034 0 10
2 24 22.6877 0 14.2218 21.5565 0 10
2 24 23.6034 0 10 24.4604 0 6.8017
2 24 21.5565 0 10 22.6877 0 5.7782
2 24 24.4604 0 6.8017 26.8017 0 4.4604
2 24 22.6877 0 5.7782 25.7782 0 2.6877
2 24 26.8017 0 4.4604 30 0 3.6034
2 24 25.7782 0 2.6877 30 0 1.5564
2 24 30 0 3.6034 33.1983 0 4.4604
2 24 30 0 1.5564 34.2218 0 2.6877
2 24 33.1983 0 4.4604 35.5396 0 6.8017
2 24 34.2218 0 2.6877 37.3124 0 5.7782
2 24 35.5396 0 6.8017 36.3966 0 10
2 24 37.3124 0 5.7782 38.4436 0 10
2 24 35.5396 0 13.1983 36.3966 0 10
2 24 37.3124 0 14.2218 38.4436 0 10
2 24 30 -5.25 18.4436 34.2218 -5.25 17.3123
2 24 30 0 18.4436 34.2218 0 17.3123
2 24 30 -5.25 18.4436 25.7782 -5.25 17.3123
2 24 30 0 18.4436 25.7782 0 17.3123
2 24 25.7782 -5.25 17.3123 22.6877 -5.25 14.2218
2 24 25.7782 0 17.3123 22.6877 0 14.2218
2 24 22.6877 -5.25 14.2218 21.5565 -5.25 10
2 24 22.6877 0 14.2218 21.5565 0 10
2 24 21.5565 -5.25 10 22.6877 -5.25 5.7782
2 24 21.5565 0 10 22.6877 0 5.7782
2 24 22.6877 -5.25 5.7782 25.7782 -5.25 2.6877
2 24 22.6877 0 5.7782 25.7782 0 2.6877
2 24 25.7782 -5.25 2.6877 30 -5.25 1.5564
2 24 25.7782 0 2.6877 30 0 1.5564
2 24 30 -5.25 1.5564 34.2218 -5.25 2.6877
2 24 30 0 1.5564 34.2218 0 2.6877
2 24 34.2218 -5.25 2.6877 37.3124 -5.25 5.7782
2 24 34.2218 0 2.6877 37.3124 0 5.7782
2 24 37.3124 -5.25 5.7782 38.4436 -5.25 10
2 24 37.3124 0 5.7782 38.4436 0 10
2 24 38.4436 -5.25 10 37.3124 -5.25 14.2218
2 24 38.4436 0 10 37.3124 0 14.2218
2 24 33.1983 0 15.5396 35.5396 0 13.1983
2 24 33.1983 -5.0063 15.5396 35.5396 -5.0063 13.1983
2 24 33.1983 0 15.5396 30 0 16.3966
2 24 33.1983 -5.0063 15.5396 30 -5.0063 16.3966
2 24 30 0 16.3966 26.8017 0 15.5396
2 24 30 -5.0063 16.3966 26.8017 -5.0063 15.5396
2 24 26.8017 0 15.5396 24.4604 0 13.1983
2 24 26.8017 -5.0063 15.5396 24.4604 -5.0063 13.1983
2 24 24.4604 0 13.1983 23.6034 0 10
2 24 24.4604 -5.0063 13.1983 23.6034 -5.0063 10
2 24 23.6034 0 10 24.4604 0 6.8017
2 24 23.6034 -5.0063 10 24.4604 -5.0063 6.8017
2 24 24.4604 0 6.8017 26.8017 0 4.4604
2 24 24.4604 -5.0063 6.8017 26.8017 -5.0063 4.4604
2 24 26.8017 0 4.4604 30 0 3.6034
2 24 26.8017 -5.0063 4.4604 30 -5.0063 3.6034
2 24 30 0 3.6034 33.1983 0 4.4604
2 24 30 -5.0063 3.6034 33.1983 -5.0063 4.4604
2 24 33.1983 0 4.4604 35.5396 0 6.8017
2 24 33.1983 -5.0063 4.4604 35.5396 -5.0063 6.8017
2 24 35.5396 0 6.8017 36.3966 0 10
2 24 35.5396 -5.0063 6.8017 36.3966 -5.0063 10
2 24 35.5396 0 13.1983 36.3966 0 10
2 24 35.5396 -5.0063 13.1983 36.3966 -5.0063 10
2 24 34.2218 0 17.3123 37.3124 0 14.2218
2 24 34.2218 -5.25 17.3123 37.3124 -5.25 14.2218
2 24 15.5396 0 13.1983 13.1983 0 15.5396
2 24 17.3124 0 14.2218 14.2218 0 17.3123
2 24 14.2218 0 17.3123 10 0 18.4436
2 24 13.1983 0 15.5396 10 0 16.3966
2 24 10 0 16.3966 6.8017 0 15.5396
2 24 10 0 18.4436 5.7782 0 17.3123
2 24 6.8017 0 15.5396 4.4604 0 13.1983
2 24 5.7782 0 17.3123 2.6876 0 14.2218
2 24 4.4604 0 13.1983 3.6034 0 10
2 24 2.6876 0 14.2218 1.5564 0 10
2 24 3.6034 0 10 4.4604 0 6.8017
2 24 1.5564 0 10 2.6876 0 5.7782
2 24 4.4604 0 6.8017 6.8017 0 4.4604
2 24 2.6876 0 5.7782 5.7782 0 2.6877
2 24 6.8017 0 4.4604 10 0 3.6034
2 24 5.7782 0 2.6877 10 0 1.5564
2 24 10 0 3.6034 13.1983 0 4.4604
2 24 10 0 1.5564 14.2218 0 2.6877
2 24 13.1983 0 4.4604 15.5396 0 6.8017
2 24 14.2218 0 2.6877 17.3124 0 5.7782
2 24 15.5396 0 6.8017 16.3966 0 10
2 24 17.3124 0 5.7782 18.4436 0 10
2 24 15.5396 0 13.1983 16.3966 0 10
2 24 17.3124 0 14.2218 18.4436 0 10
2 24 10 -5.25 18.4436 14.2218 -5.25 17.3123
2 24 10 0 18.4436 14.2218 0 17.3123
2 24 10 -5.25 18.4436 5.7782 -5.25 17.3123
2 24 10 0 18.4436 5.7782 0 17.3123
2 24 5.7782 -5.25 17.3123 2.6876 -5.25 14.2218
2 24 5.7782 0 17.3123 2.6876 0 14.2218
2 24 2.6876 -5.25 14.2218 1.5564 -5.25 10
2 24 2.6876 0 14.2218 1.5564 0 10
2 24 1.5564 -5.25 10 2.6876 -5.25 5.7782
2 24 1.5564 0 10 2.6876 0 5.7782
2 24 2.6876 -5.25 5.7782 5.7782 -5.25 2.6877
2 24 2.6876 0 5.7782 5.7782 0 2.6877
2 24 5.7782 -5.25 2.6877 10 -5.25 1.5564
2 24 5.7782 0 2.6877 10 0 1.5564
2 24 10 -5.25 1.5564 14.2218 -5.25 2.6877
2 24 10 0 1.5564 14.2218 0 2.6877
2 24 14.2218 -5.25 2.6877 17.3124 -5.25 5.7782
2 24 14.2218 0 2.6877 17.3124 0 5.7782
2 24 17.3124 -5.25 5.7782 18.4436 -5.25 10
2 24 17.3124 0 5.7782 18.4436 0 10
2 24 18.4436 -5.25 10 17.3124 -5.25 14.2218
2 24 18.4436 0 10 17.3124 0 14.2218
2 24 13.1983 0 15.5396 15.5396 0 13.1983
2 24 13.1983 -5.0063 15.5396 15.5396 -5.0063 13.1983
2 24 13.1983 0 15.5396 10 0 16.3966
2 24 13.1983 -5.0063 15.5396 10 -5.0063 16.3966
2 24 10 0 16.3966 6.8017 0 15.5396
2 24 10 -5.0063 16.3966 6.8017 -5.0063 15.5396
2 24 6.8017 0 15.5396 4.4604 0 13.1983
2 24 6.8017 -5.0063 15.5396 4.4604 -5.0063 13.1983
2 24 4.4604 0 13.1983 3.6034 0 10
2 24 4.4604 -5.0063 13.1983 3.6034 -5.0063 10
2 24 3.6034 0 10 4.4604 0 6.8017
2 24 3.6034 -5.0063 10 4.4604 -5.0063 6.8017
2 24 4.4604 0 6.8017 6.8017 0 4.4604
2 24 4.4604 -5.0063 6.8017 6.8017 -5.0063 4.4604
2 24 6.8017 0 4.4604 10 0 3.6034
2 24 6.8017 -5.0063 4.4604 10 -5.0063 3.6034
2 24 10 0 3.6034 13.1983 0 4.4604
2 24 10 -5.0063 3.6034 13.1983 -5.0063 4.4604
2 24 13.1983 0 4.4604 15.5396 0 6.8017
2 24 13.1983 -5.0063 4.4604 15.5396 -5.0063 6.8017
2 24 15.5396 0 6.8017 16.3966 0 10
2 24 15.5396 -5.0063 6.8017 16.3966 -5.0063 10
2 24 15.5396 0 13.1983 16.3966 0 10
2 24 15.5396 -5.0063 13.1983 16.3966 -5.0063 10
2 24 14.2218 0 17.3123 17.3124 0 14.2218
2 24 14.2218 -5.25 17.3123 17.3124 -5.25 14.2218
2 24 66.25 -5.25 26.25 66.25 0 26.25
2 24 66.25 -5.25 26.25 66.25 -5.25 -6.25
2 24 66.25 0 26.25 66.25 0 -6.25
2 24 66.25 -5.25 -6.25 66.25 0 -6.25
2 24 66.25 0 26.25 66.25 0 -6.25
2 24 69.1651 0 27.8369 69.1651 0 -7.8369
2 24 69.1651 0 27.8369 68.7813 0 28.7813
2 24 68.7813 0 28.7813 67.8369 0 29.1651
2 24 69.1651 0 -7.8369 68.7813 0 -8.7813
2 24 68.7813 0 -8.7813 67.8369 0 -9.1651
2 24 -6.25 -5.25 26.25 -6.25 -5.25 -6.25
2 24 -6.25 -5.25 26.25 -6.25 0 26.25
2 24 -6.25 -5.25 -6.25 -6.25 0 -6.25
2 24 -6.25 0 26.25 -6.25 0 -6.25
2 24 -6.25 0 26.25 -6.25 0 -6.25
2 24 -9.1651 0 27.8369 -9.1651 0 -7.8369
2 24 -9.1651 0 27.8369 -8.7813 0 28.7813
2 24 -8.7813 0 28.7813 -7.8369 0 29.1651
2 24 -9.1651 0 -7.8369 -8.7813 0 -8.7813
2 24 -8.7813 0 -8.7813 -7.8369 0 -9.1651
2 24 66.25 -5.25 -6.25 -6.25 -5.25 -6.25
2 24 66.25 -5.25 -6.25 66.25 -5.25 26.25
2 24 -6.25 -5.25 -6.25 -6.25 -5.25 26.25
2 24 66.25 -5.25 26.25 -6.25 -5.25 26.25
2 24 66.25 -5.25 26.25 -6.25 -5.25 26.25
2 24 66.25 -5.25 26.25 66.25 0 26.25
2 24 -6.25 -5.25 26.25 -6.25 0 26.25
2 24 66.25 0 26.25 -6.25 0 26.25
2 24 66.25 0 26.25 -6.25 0 26.25
2 24 67.8369 0 29.1651 -7.8369 0 29.1651
2 24 66.25 0 -6.25 -6.25 0 -6.25
2 24 66.25 0 -6.25 66.25 -5.25 -6.25
2 24 -6.25 0 -6.25 -6.25 -5.25 -6.25
2 24 66.25 -5.25 -6.25 -6.25 -5.25 -6.25
2 24 67.8369 0 -9.1651 -7.8369 0 -9.1651
2 24 66.25 0 -6.25 -6.25 0 -6.25
2 24 69.5005 -8.05 29.5009 70.0135 -7.5401 30.0266
2 24 70.0135 -7.5401 30.0266 -10.0134 -7.5401 30.0267
2 24 -9.5004 -8.05 29.5009 -10.0134 -7.5401 30.0267
2 24 70.0135 -7.5401 30.0266 70.0131 -7.54 -10.0269
2 24 69.5005 -8.05 29.5009 69.5004 -8.05 -9.5009
2 24 70.0131 -7.54 -10.0269 69.5004 -8.05 -9.5009
2 24 -9.5004 -8.05 29.5009 -9.5004 -8.05 -9.5009
2 24 70.0131 -7.54 -10.0269 -10.0133 -7.5401 -10.0268
2 24 -9.5004 -8.05 -9.5009 -10.0133 -7.5401 -10.0268
2 24 -10.0134 -7.5401 30.0267 -10.0133 -7.5401 -10.0268
0 STEP
