0 Untitled Model
0 Name: Untitled Model
0 Author: 
0 BFC CERTIFY CCW
3 16 -4 -9.4903 10 -3.4641 -9.192 12 -4 0 10
3 16 -4 0 10 -3.4641 -9.192 12 -3.4641 0 12
3 16 -3.4641 -9.192 12 -2 -8.3683 13.4641 -3.4641 0 12
3 16 -3.4641 0 12 -2 -8.3683 13.4641 -2 0 13.4641
3 16 -2 -8.3683 13.4641 0 -7.2484 14 -2 0 13.4641
3 16 -2 0 13.4641 0 -7.2484 14 0 0 14
3 16 0 -7.2484 14 2 -6.1288 13.4641 0 0 14
3 16 0 0 14 2 -6.1288 13.4641 2 0 13.4641
3 16 2 -6.1288 13.4641 3.4641 -5.25 12 2 0 13.4641
3 16 2 0 13.4641 3.4641 -5.25 12 3.4641 0 12
3 16 3.4641 0 12 3.4641 -5.25 12 4 0 10
3 16 4 0 10 3.4641 -5.25 12 4 -5.25 10
3 16 -4 0 10 -3.4641 0 12 -2 0 10
3 16 -2 0 10 -3.4641 0 12 -1.7321 0 11
3 16 -1.7321 0 11 -3.4641 0 12 -1 0 11.7321
3 16 -1 0 11.7321 -3.4641 0 12 -2 0 13.4641
3 16 -1 0 11.7321 -2 0 13.4641 0 0 12
3 16 0 0 12 -2 0 13.4641 0 0 14
3 16 0 0 12 0 0 14 1 0 11.7321
3 16 1 0 11.7321 0 0 14 2 0 13.4641
3 16 1 0 11.7321 2 0 13.4641 1.7321 0 11
3 16 1.7321 0 11 2 0 13.4641 3.4641 0 12
3 16 3.4641 0 12 4 0 10 1.7321 0 11
3 16 1.7321 0 11 4 0 10 2 0 10
3 16 0 -7.2965 10 1.7321 -6.4099 11 2 -6.3028 10
3 16 0 -7.2965 10 -2 -8.2901 10 -1.7321 -8.131 11
3 16 -1 -7.7483 11.7321 0 -7.2965 10 -1.7321 -8.131 11
3 16 0 -7.2445 12 0 -7.2965 10 -1 -7.7483 11.7321
3 16 1 -6.7546 11.7321 0 -7.2965 10 0 -7.2445 12
3 16 1.7321 -6.4099 11 0 -7.2965 10 1 -6.7546 11.7321
3 16 1.7321 -6.4099 11 1.7321 0 11 2 -6.3028 10
3 16 2 -6.3028 10 1.7321 0 11 2 0 10
3 16 -1.7321 0 11 -1.7321 -8.131 11 -2 0 10
3 16 -2 0 10 -1.7321 -8.131 11 -2 -8.2901 10
3 16 -1 0 11.7321 -1 -7.7483 11.7321 -1.7321 0 11
3 16 -1.7321 0 11 -1 -7.7483 11.7321 -1.7321 -8.131 11
3 16 0 0 12 0 -7.2445 12 -1 0 11.7321
3 16 -1 0 11.7321 0 -7.2445 12 -1 -7.7483 11.7321
3 16 1 0 11.7321 1 -6.7546 11.7321 0 0 12
3 16 0 0 12 1 -6.7546 11.7321 0 -7.2445 12
3 16 1 -6.7546 11.7321 1 0 11.7321 1.7321 -6.4099 11
3 16 1.7321 -6.4099 11 1 0 11.7321 1.7321 0 11
3 16 -4.6429 -13 30 -10 -1.25 30 -10 -12.8935 30
3 16 -9.0974 -15.5 10 -9.0974 -15.5 27.6473 -10 -15.5 10
3 16 -10 -15.5 10 -9.0974 -15.5 27.6473 -10 -15.5 27.6473
3 16 -10 -15.5 27.6473 -9.0974 -15.5 27.6473 -10 -15.2841 28.4696
3 16 -10 -15.2841 28.4696 -9.0974 -15.5 27.6473 -8.7216 -15.2841 28.4696
3 16 -4.6429 -13 30 -10 -12.8935 30 -5.7542 -13.6223 29.8903
3 16 -5.7542 -13.6223 29.8903 -10 -12.8935 30 -10 -13.6021 29.8903
3 16 -5.7542 -13.6223 29.8903 -10 -13.6021 29.8903 -6.8633 -14.2434 29.6269
3 16 -6.8633 -14.2434 29.6269 -10 -13.6021 29.8903 -10 -14.2408 29.6269
3 16 -6.8633 -14.2434 29.6269 -10 -14.2408 29.6269 -7.9159 -14.8329 29.1469
3 16 -7.9159 -14.8329 29.1469 -10 -14.2408 29.6269 -10 -14.8326 29.1469
3 16 -7.9159 -14.8329 29.1469 -10 -14.8326 29.1469 -8.7216 -15.2841 28.4696
3 16 -8.7216 -15.2841 28.4696 -10 -14.8326 29.1469 -10 -15.2841 28.4696
3 16 -10 -1.25 30 -8.2203 -1.25 29.4992 -9.0494 -1.25 29.0494
3 16 9.0494 -1.25 29.0494 8.2686 -1.25 29.5 10 -1.25 30
3 16 10 -4.7998 10 10 -1.2498 10 10 -4.8 27.6473
3 16 10 -4.8 27.6473 10 -1.2498 10 10 -1.25 30
3 16 -10 -13.6204 28.2686 -10 -13.6204 10 -10 -15.5 27.6473
3 16 -10 -15.5 27.6473 -10 -13.6204 10 -10 -15.5 10
3 16 -10 -1.25 30 -10 -1.25 28.2686 -10 -12.8935 30
3 16 -10 -12.8935 30 -10 -1.25 28.2686 -10 -13.6204 28.2686
3 16 -10 -12.8935 30 -10 -13.6204 28.2686 -10 -13.6021 29.8903
3 16 -10 -13.6204 28.2686 -10 -14.2408 29.6269 -10 -13.6021 29.8903
3 16 -10 -13.6204 28.2686 -10 -14.8326 29.1469 -10 -14.2408 29.6269
3 16 -10 -13.6204 28.2686 -10 -15.2841 28.4696 -10 -14.8326 29.1469
3 16 -10 -13.6204 28.2686 -10 -15.5 27.6473 -10 -15.2841 28.4696
3 16 -9.5 -1.2526 28.2686 -10 -1.25 28.2686 -9.0494 -1.25 29.0494
3 16 -9.0494 -1.25 29.0494 -10 -1.25 28.2686 -10 -1.25 30
3 16 -10 -1.25 30 10 -1.25 30 -8.2203 -1.25 29.4992
3 16 -8.2203 -1.25 29.4992 10 -1.25 30 8.2686 -1.25 29.5
3 16 10 -4.8 30 10 -1.25 30 -4.6429 -13 30
3 16 -4.6429 -13 30 10 -1.25 30 -10 -1.25 30
3 16 9.5 -1.2499 10 9.5 -1.25 28.2167 10 -1.2498 10
3 16 10 -1.2498 10 9.5 -1.25 28.2167 10 -1.25 30
3 16 10 -1.25 30 9.5 -1.25 28.2167 9.0494 -1.25 29.0494
3 16 9.0494 -1.25 29.0494 8.7159 0 28.7159 8.2686 -1.25 29.5
3 16 8.2686 -1.25 29.5 8.7159 0 28.7159 7.9123 0 29.1617
3 16 8.2686 -1.25 29.5 7.9123 0 29.1617 -8.2203 -1.25 29.4992
3 16 -8.2203 -1.25 29.4992 7.9123 0 29.1617 -7.9337 0 29.1617
3 16 -9.5 -1.2526 28.2686 -9.1642 0 27.8854 -9.5 -1.2526 10
3 16 -9.5 -1.2526 10 -9.1642 0 27.8854 -9.1635 0 10
3 16 -9.0494 -1.25 29.0494 -8.7159 0 28.7159 -9.5 -1.2526 28.2686
3 16 -9.5 -1.2526 28.2686 -8.7159 0 28.7159 -9.1642 0 27.8854
3 16 -7.9337 0 29.1617 -8.7159 0 28.7159 -8.2203 -1.25 29.4992
3 16 -8.2203 -1.25 29.4992 -8.7159 0 28.7159 -9.0494 -1.25 29.0494
3 16 9.1651 0 10 9.1651 0 27.8369 9.5 -1.2499 10
3 16 9.5 -1.2499 10 9.1651 0 27.8369 9.5 -1.25 28.2167
3 16 9.1651 0 27.8369 8.7159 0 28.7159 9.5 -1.25 28.2167
3 16 9.5 -1.25 28.2167 8.7159 0 28.7159 9.0494 -1.25 29.0494
3 16 8.7159 0 28.7159 6.25 0 26.25 7.9123 0 29.1617
3 16 6.25 0 26.25 -6.25 0 26.25 7.9123 0 29.1617
3 16 7.9123 0 29.1617 -6.25 0 26.25 -7.9337 0 29.1617
3 16 -9.1642 0 27.8854 -6.25 0 26.25 -9.1635 0 10
3 16 -9.1635 0 10 -6.25 0 26.25 -6.2497 0 10
3 16 -8.7159 0 28.7159 -6.25 0 26.25 -9.1642 0 27.8854
3 16 -7.9337 0 29.1617 -6.25 0 26.25 -8.7159 0 28.7159
3 16 6.25 0 10 6.25 0 26.25 9.1651 0 10
3 16 9.1651 0 10 6.25 0 26.25 9.1651 0 27.8369
3 16 9.1651 0 27.8369 6.25 0 26.25 8.7159 0 28.7159
3 16 6.25 0 26.25 3.6426 -5.2083 26.25 -6.25 0 26.25
3 16 -6.25 0 26.25 3.6426 -5.2083 26.25 -6.25 -10.7482 26.25
3 16 -6.25 0 26.25 -6.25 -10.7482 26.25 -6.2497 0 10
3 16 -6.2497 0 10 -6.25 -10.7482 26.25 -6.2499 -10.7482 10
3 16 6.25 0 10 6.25 -3.7482 21.6619 6.25 0 26.25
3 16 6.25 0 26.25 6.25 -3.7482 21.6619 6.25 -3.7482 26.25
3 16 6.25 0 10 6.25 -5.25 10 6.25 -3.7482 21.6619
3 16 6.25 -3.7482 21.6619 6.25 -5.25 10 6.25 -5.25 21.6619
3 16 4.6988 -5.25 24.298 4.6988 -4.6204 24.298 5.5392 -5.25 23.2383
3 16 5.5392 -5.25 23.2383 4.6988 -4.6204 24.298 5.5392 -4.1456 23.2383
3 16 5.5392 -5.25 23.2383 5.5392 -4.1456 23.2383 6.25 -5.25 21.6619
3 16 6.25 -5.25 21.6619 5.5392 -4.1456 23.2383 6.25 -3.7482 21.6619
3 16 4.6988 -5.25 24.298 3.4641 -5.25 25.2807 4.6988 -4.6204 24.298
3 16 6.25 0 26.25 6.25 -3.7482 26.25 3.6426 -5.2083 26.25
3 16 6.25 -3.7482 26.25 4.6988 -4.6204 24.298 3.6426 -5.2083 26.25
3 16 3.6426 -5.2083 26.25 4.6988 -4.6204 24.298 3.4641 -5.25 25.2807
3 16 5.5392 -4.1456 23.2383 4.6988 -4.6204 24.298 6.25 -3.7482 26.25
3 16 6.25 -3.7482 21.6619 5.5392 -4.1456 23.2383 6.25 -3.7482 26.25
3 16 3.4641 -5.25 21.6619 4.6988 -5.25 24.298 5.5392 -5.25 23.2383
3 16 3.4641 -5.25 21.6619 5.5392 -5.25 23.2383 6.25 -5.25 21.6619
3 16 3.4641 -5.25 21.6619 3.4641 -5.25 25.2807 4.6988 -5.25 24.298
3 16 3.4641 -5.25 21.6619 -6.25 -10.7482 26.25 3.4641 -5.25 25.2807
3 16 -6.25 -10.7482 26.25 3.6426 -5.2083 26.25 3.4641 -5.25 25.2807
3 16 3.4641 -5.25 12 3.4641 -5.25 21.6619 6.25 -5.25 21.6619
3 16 -6.2499 -10.7482 10 -6.25 -10.7482 26.25 -4 -9.4903 10
3 16 -4 -9.4903 10 -6.25 -10.7482 26.25 -3.4641 -9.192 12
3 16 6.25 -5.25 10 4 -5.25 10 6.25 -5.25 21.6619
3 16 4 -5.25 10 3.4641 -5.25 12 6.25 -5.25 21.6619
3 16 3.4641 -5.25 21.6619 3.4641 -5.25 12 2 -6.1288 13.4641
3 16 -6.25 -10.7482 26.25 3.4641 -5.25 21.6619 0 -7.2484 14
3 16 0 -7.2484 14 3.4641 -5.25 21.6619 2 -6.1288 13.4641
3 16 -6.25 -10.7482 26.25 0 -7.2484 14 -2 -8.3683 13.4641
3 16 -6.25 -10.7482 26.25 -2 -8.3683 13.4641 -3.4641 -9.192 12
3 16 10 -4.8 30 10 -4.8 27.6473 10 -1.25 30
3 16 -4 -9.4903 10 -4 0 10 -3.4641 -9.192 8
3 16 -3.4641 -9.192 8 -4 0 10 -3.4641 0 8
3 16 -2 0 6.5359 -2 -8.3683 6.5359 -3.4641 0 8
3 16 -3.4641 0 8 -2 -8.3683 6.5359 -3.4641 -9.192 8
3 16 0 0 6 0 -7.2484 6 -2 0 6.5359
3 16 -2 0 6.5359 0 -7.2484 6 -2 -8.3683 6.5359
3 16 2 0 6.5359 2 -6.1288 6.5359 0 0 6
3 16 0 0 6 2 -6.1288 6.5359 0 -7.2484 6
3 16 3.4641 0 8 3.4641 -5.25 8 2 0 6.5359
3 16 2 0 6.5359 3.4641 -5.25 8 2 -6.1288 6.5359
3 16 3.4641 0 8 4 0 10 3.4641 -5.25 8
3 16 3.4641 -5.25 8 4 0 10 4 -5.25 10
3 16 -4 0 10 -2 0 10 -3.4641 0 8
3 16 -3.4641 0 8 -2 0 10 -1.7321 0 9
3 16 -1.7321 0 9 -1 0 8.2679 -3.4641 0 8
3 16 -3.4641 0 8 -1 0 8.2679 -2 0 6.5359
3 16 -1 0 8.2679 0 0 8 -2 0 6.5359
3 16 -2 0 6.5359 0 0 8 0 0 6
3 16 0 0 8 1 0 8.2679 0 0 6
3 16 0 0 6 1 0 8.2679 2 0 6.5359
3 16 1 0 8.2679 1.7321 0 9 2 0 6.5359
3 16 2 0 6.5359 1.7321 0 9 3.4641 0 8
3 16 3.4641 0 8 1.7321 0 9 4 0 10
3 16 4 0 10 1.7321 0 9 2 0 10
3 16 0 -7.2965 10 2 -6.3028 10 1.7321 -6.4099 9
3 16 0 -7.2965 10 -1.7321 -8.131 9 -2 -8.2901 10
3 16 -1 -7.7483 8.2679 -1.7321 -8.131 9 0 -7.2965 10
3 16 0 -7.2445 8 -1 -7.7483 8.2679 0 -7.2965 10
3 16 1 -6.7546 8.2679 0 -7.2445 8 0 -7.2965 10
3 16 1.7321 -6.4099 9 1 -6.7546 8.2679 0 -7.2965 10
3 16 2 0 10 1.7321 0 9 2 -6.3028 10
3 16 2 -6.3028 10 1.7321 0 9 1.7321 -6.4099 9
3 16 -1.7321 0 9 -2 0 10 -1.7321 -8.131 9
3 16 -1.7321 -8.131 9 -2 0 10 -2 -8.2901 10
3 16 -1 0 8.2679 -1.7321 0 9 -1 -7.7483 8.2679
3 16 -1 -7.7483 8.2679 -1.7321 0 9 -1.7321 -8.131 9
3 16 0 0 8 -1 0 8.2679 0 -7.2445 8
3 16 0 -7.2445 8 -1 0 8.2679 -1 -7.7483 8.2679
3 16 1 0 8.2679 0 0 8 1 -6.7546 8.2679
3 16 1 -6.7546 8.2679 0 0 8 0 -7.2445 8
3 16 1.7321 0 9 1 0 8.2679 1.7321 -6.4099 9
3 16 1.7321 -6.4099 9 1 0 8.2679 1 -6.7546 8.2679
3 16 -4.6429 -13 -10 -10 -12.8935 -10 -10 -1.25 -10
3 16 -9.0974 -15.5 10 -10 -15.5 10 -9.0974 -15.5 -7.6473
3 16 -9.0974 -15.5 -7.6473 -10 -15.5 10 -10 -15.5 -7.6473
3 16 -10 -15.5 -7.6473 -10 -15.2841 -8.4696 -9.0974 -15.5 -7.6473
3 16 -9.0974 -15.5 -7.6473 -10 -15.2841 -8.4696 -8.7216 -15.2841 -8.4695
3 16 -4.6429 -13 -10 -5.8502 -13.6761 -9.8809 -10 -12.8935 -10
3 16 -10 -12.8935 -10 -5.8502 -13.6761 -9.8809 -10 -13.6633 -9.8809
3 16 -5.8502 -13.6761 -9.8809 -7.0165 -14.3292 -9.591 -10 -13.6633 -9.8809
3 16 -10 -13.6633 -9.8809 -7.0165 -14.3292 -9.591 -10 -14.3292 -9.591
3 16 -7.0165 -14.3292 -9.591 -8.0746 -14.9218 -9.0673 -10 -14.3292 -9.591
3 16 -10 -14.3292 -9.591 -8.0746 -14.9218 -9.0673 -10 -14.9218 -9.0673
3 16 -8.0746 -14.9218 -9.0673 -8.7216 -15.2841 -8.4695 -10 -14.9218 -9.0673
3 16 -10 -14.9218 -9.0673 -8.7216 -15.2841 -8.4695 -10 -15.2841 -8.4696
3 16 -10 -1.25 -10 -9.0494 -1.25 -9.0494 -8.2203 -1.25 -9.4992
3 16 9.0494 -1.25 -9.0494 10 -1.25 -10 8.2686 -1.25 -9.5
3 16 10 -1.25 -10 10 -1.2498 10 10 -4.8 -7.6473
3 16 10 -4.8 -7.6473 10 -1.2498 10 10 -4.7998 10
3 16 -10 -15.5 10 -10 -13.6204 10 -10 -15.5 -7.6473
3 16 -10 -15.5 -7.6473 -10 -13.6204 10 -10 -13.6204 -8.2686
3 16 -10 -1.25 -10 -10 -12.8935 -10 -10 -1.25 -8.2686
3 16 -10 -1.25 -8.2686 -10 -12.8935 -10 -10 -13.6204 -8.2686
3 16 -10 -12.8935 -10 -10 -13.6633 -9.8809 -10 -13.6204 -8.2686
3 16 -10 -13.6204 -8.2686 -10 -13.6633 -9.8809 -10 -14.3292 -9.591
3 16 -10 -13.6204 -8.2686 -10 -14.3292 -9.591 -10 -14.9218 -9.0673
3 16 -10 -13.6204 -8.2686 -10 -14.9218 -9.0673 -10 -15.2841 -8.4696
3 16 -10 -13.6204 -8.2686 -10 -15.2841 -8.4696 -10 -15.5 -7.6473
3 16 -9.5 -1.2526 -8.2686 -9.0494 -1.25 -9.0494 -10 -1.25 -8.2686
3 16 -10 -1.25 -8.2686 -9.0494 -1.25 -9.0494 -10 -1.25 -10
3 16 -10 -1.25 -10 -8.2203 -1.25 -9.4992 10 -1.25 -10
3 16 10 -1.25 -10 -8.2203 -1.25 -9.4992 8.2686 -1.25 -9.5
3 16 -10 -1.25 -10 10 -1.25 -10 -4.6429 -13 -10
3 16 -4.6429 -13 -10 10 -1.25 -10 10 -4.8 -10
3 16 10 -1.25 -10 9.5 -1.25 -8.2167 10 -1.2498 10
3 16 10 -1.2498 10 9.5 -1.25 -8.2167 9.5 -1.2499 10
3 16 10 -1.25 -10 9.0494 -1.25 -9.0494 9.5 -1.25 -8.2167
3 16 9.0494 -1.25 -9.0494 8.2686 -1.25 -9.5 8.7159 0 -8.7159
3 16 8.7159 0 -8.7159 8.2686 -1.25 -9.5 7.9123 0 -9.1617
3 16 8.2686 -1.25 -9.5 -8.2203 -1.25 -9.4992 7.9123 0 -9.1617
3 16 7.9123 0 -9.1617 -8.2203 -1.25 -9.4992 -7.9337 0 -9.1617
3 16 -9.5 -1.2526 -8.2686 -9.5 -1.2526 10 -9.1642 0 -7.8854
3 16 -9.1642 0 -7.8854 -9.5 -1.2526 10 -9.1635 0 10
3 16 -9.0494 -1.25 -9.0494 -9.5 -1.2526 -8.2686 -8.7159 0 -8.7159
3 16 -8.7159 0 -8.7159 -9.5 -1.2526 -8.2686 -9.1642 0 -7.8854
3 16 -9.0494 -1.25 -9.0494 -8.7159 0 -8.7159 -8.2203 -1.25 -9.4992
3 16 -8.2203 -1.25 -9.4992 -8.7159 0 -8.7159 -7.9337 0 -9.1617
3 16 9.5 -1.25 -8.2167 9.1651 0 -7.8369 9.5 -1.2499 10
3 16 9.5 -1.2499 10 9.1651 0 -7.8369 9.1651 0 10
3 16 9.0494 -1.25 -9.0494 8.7159 0 -8.7159 9.5 -1.25 -8.2167
3 16 9.5 -1.25 -8.2167 8.7159 0 -8.7159 9.1651 0 -7.8369
3 16 8.7159 0 -8.7159 7.9123 0 -9.1617 6.25 0 -6.25
3 16 -7.9337 0 -9.1617 -6.25 0 -6.25 7.9123 0 -9.1617
3 16 7.9123 0 -9.1617 -6.25 0 -6.25 6.25 0 -6.25
3 16 -9.1642 0 -7.8854 -9.1635 0 10 -6.25 0 -6.25
3 16 -6.25 0 -6.25 -9.1635 0 10 -6.2497 0 10
3 16 -8.7159 0 -8.7159 -9.1642 0 -7.8854 -6.25 0 -6.25
3 16 -7.9337 0 -9.1617 -8.7159 0 -8.7159 -6.25 0 -6.25
3 16 9.1651 0 -7.8369 6.25 0 -6.25 9.1651 0 10
3 16 9.1651 0 10 6.25 0 -6.25 6.25 0 10
3 16 9.1651 0 -7.8369 8.7159 0 -8.7159 6.25 0 -6.25
3 16 6.25 0 -6.25 -6.25 0 -6.25 3.6426 -5.2083 -6.25
3 16 3.6426 -5.2083 -6.25 -6.25 0 -6.25 -6.25 -10.7482 -6.25
3 16 -6.25 0 -6.25 -6.2497 0 10 -6.25 -10.7482 -6.25
3 16 -6.25 -10.7482 -6.25 -6.2497 0 10 -6.2499 -10.7482 10
3 16 6.25 0 10 6.25 0 -6.25 6.25 -3.7482 -1.6619
3 16 6.25 -3.7482 -1.6619 6.25 0 -6.25 6.25 -3.7482 -6.25
3 16 6.25 0 10 6.25 -3.7482 -1.6619 6.25 -5.25 10
3 16 6.25 -5.25 10 6.25 -3.7482 -1.6619 6.25 -5.25 -1.6619
3 16 5.5392 -4.1456 -3.2383 4.7154 -4.611 -4.2771 5.5392 -5.25 -3.2383
3 16 5.5392 -5.25 -3.2383 4.7154 -4.611 -4.2771 4.7154 -5.25 -4.2771
3 16 6.25 -3.7482 -1.6619 5.5392 -4.1456 -3.2383 6.25 -5.25 -1.6619
3 16 6.25 -5.25 -1.6619 5.5392 -4.1456 -3.2383 5.5392 -5.25 -3.2383
3 16 4.7154 -5.25 -4.2771 4.7154 -4.611 -4.2771 3.4641 -5.25 -5.2807
3 16 6.25 0 -6.25 3.6426 -5.2083 -6.25 6.25 -3.7482 -6.25
3 16 6.25 -3.7482 -6.25 3.6426 -5.2083 -6.25 4.7154 -4.611 -4.2771
3 16 4.7154 -4.611 -4.2771 3.6426 -5.2083 -6.25 3.4641 -5.25 -5.2807
3 16 5.5392 -4.1456 -3.2383 6.25 -3.7482 -6.25 4.7154 -4.611 -4.2771
3 16 6.25 -3.7482 -1.6619 6.25 -3.7482 -6.25 5.5392 -4.1456 -3.2383
3 16 3.4641 -5.25 -1.6619 5.5392 -5.25 -3.2383 4.7154 -5.25 -4.2771
3 16 3.4641 -5.25 -1.6619 6.25 -5.25 -1.6619 5.5392 -5.25 -3.2383
3 16 3.4641 -5.25 -1.6619 4.7154 -5.25 -4.2771 3.4641 -5.25 -5.2807
3 16 3.4641 -5.25 -1.6619 3.4641 -5.25 -5.2807 -6.25 -10.7482 -6.25
3 16 -6.25 -10.7482 -6.25 3.4641 -5.25 -5.2807 3.6426 -5.2083 -6.25
3 16 3.4641 -5.25 8 6.25 -5.25 -1.6619 3.4641 -5.25 -1.6619
3 16 -6.2499 -10.7482 10 -4 -9.4903 10 -6.25 -10.7482 -6.25
3 16 -4 -9.4903 10 -3.4641 -9.192 8 -6.25 -10.7482 -6.25
3 16 6.25 -5.25 10 6.25 -5.25 -1.6619 4 -5.25 10
3 16 6.25 -5.25 -1.6619 3.4641 -5.25 8 4 -5.25 10
3 16 3.4641 -5.25 -1.6619 2 -6.1288 6.5359 3.4641 -5.25 8
3 16 -6.25 -10.7482 -6.25 0 -7.2484 6 3.4641 -5.25 -1.6619
3 16 3.4641 -5.25 -1.6619 0 -7.2484 6 2 -6.1288 6.5359
3 16 -6.25 -10.7482 -6.25 -2 -8.3683 6.5359 0 -7.2484 6
3 16 -6.25 -10.7482 -6.25 -3.4641 -9.192 8 -2 -8.3683 6.5359
3 16 10 -4.8 -10 10 -1.25 -10 10 -4.8 -7.6473
3 16 -10 -1.25 28.2686 -9.5 -1.2526 28.2686 -10 -1.25 10
3 16 -10 -1.25 10 -9.5 -1.2526 28.2686 -9.5 -1.2526 10
3 16 -10 -1.25 10 -10 -13.6204 10 -10 -1.25 28.2686
3 16 -10 -1.25 28.2686 -10 -13.6204 10 -10 -13.6204 28.2686
3 16 -10 -1.25 10 -10 -1.25 -8.2686 -10 -13.6204 10
3 16 -10 -13.6204 10 -10 -1.25 -8.2686 -10 -13.6204 -8.2686
3 16 -9.5 -1.2526 -8.2686 -10 -1.25 -8.2686 -9.5 -1.2526 10
3 16 -9.5 -1.2526 10 -10 -1.25 -8.2686 -10 -1.25 10
3 16 -4.6429 -13 30 -4.6383 -13.0016 27.6473 10 -4.8 30
3 16 10 -4.8 30 -4.6383 -13.0016 27.6473 10 -4.8 27.6473
3 16 10 -4.8 -7.6473 -4.6383 -13.0016 -7.6473 10 -4.8 -10
3 16 10 -4.8 -10 -4.6383 -13.0016 -7.6473 -4.6429 -13 -10
3 16 10 -4.7998 10 -4.6383 -13.0016 10 10 -4.8 -7.6473
3 16 10 -4.8 -7.6473 -4.6383 -13.0016 10 -4.6383 -13.0016 -7.6473
3 16 -4.6383 -13.0016 27.6473 -4.6383 -13.0016 10 10 -4.8 27.6473
3 16 10 -4.8 27.6473 -4.6383 -13.0016 10 10 -4.7998 10
3 16 -5.7542 -13.6223 29.8903 -4.6383 -13.0016 27.6473 -4.6429 -13 30
3 16 -9.0974 -15.5 27.6473 -9.0974 -15.5 10 -4.6383 -13.0016 27.6473
3 16 -4.6383 -13.0016 27.6473 -9.0974 -15.5 10 -4.6383 -13.0016 10
3 16 -4.6383 -13.0016 -7.6473 -4.6383 -13.0016 10 -9.0974 -15.5 -7.6473
3 16 -9.0974 -15.5 -7.6473 -4.6383 -13.0016 10 -9.0974 -15.5 10
3 16 -4.6429 -13 -10 -4.6383 -13.0016 -7.6473 -5.8502 -13.6761 -9.8809
3 16 -8.7216 -15.2841 -8.4695 -4.6383 -13.0016 -7.6473 -9.0974 -15.5 -7.6473
3 16 -5.8502 -13.6761 -9.8809 -4.6383 -13.0016 -7.6473 -7.0165 -14.3292 -9.591
3 16 -7.0165 -14.3292 -9.591 -4.6383 -13.0016 -7.6473 -8.0746 -14.9218 -9.0673
3 16 -8.0746 -14.9218 -9.0673 -4.6383 -13.0016 -7.6473 -8.7216 -15.2841 -8.4695
3 16 -6.8633 -14.2434 29.6269 -4.6383 -13.0016 27.6473 -5.7542 -13.6223 29.8903
3 16 -8.7216 -15.2841 28.4696 -4.6383 -13.0016 27.6473 -7.9159 -14.8329 29.1469
3 16 -7.9159 -14.8329 29.1469 -4.6383 -13.0016 27.6473 -6.8633 -14.2434 29.6269
3 16 -9.0974 -15.5 27.6473 -4.6383 -13.0016 27.6473 -8.7216 -15.2841 28.4696
2 24 -4 -9.4903 10 -3.4641 -9.192 12
2 24 -4 0 10 -3.4641 0 12
2 24 -3.4641 -9.192 12 -2 -8.3683 13.4641
2 24 -3.4641 0 12 -2 0 13.4641
2 24 -2 -8.3683 13.4641 0 -7.2484 14
2 24 -2 0 13.4641 0 0 14
2 24 0 -7.2484 14 2 -6.1288 13.4641
2 24 0 0 14 2 0 13.4641
2 24 2 -6.1288 13.4641 3.4641 -5.25 12
2 24 2 0 13.4641 3.4641 0 12
2 24 3.4641 0 12 4 0 10
2 24 3.4641 -5.25 12 4 -5.25 10
2 24 -4 0 10 -3.4641 0 12
2 24 -2 0 10 -1.7321 0 11
2 24 -1.7321 0 11 -1 0 11.7321
2 24 -3.4641 0 12 -2 0 13.4641
2 24 -1 0 11.7321 0 0 12
2 24 -2 0 13.4641 0 0 14
2 24 0 0 12 1 0 11.7321
2 24 0 0 14 2 0 13.4641
2 24 1 0 11.7321 1.7321 0 11
2 24 2 0 13.4641 3.4641 0 12
2 24 3.4641 0 12 4 0 10
2 24 1.7321 0 11 2 0 10
2 24 1.7321 -6.4099 11 2 -6.3028 10
2 24 -2 -8.2901 10 -1.7321 -8.131 11
2 24 -1.7321 -8.131 11 -1 -7.7483 11.7321
2 24 -1 -7.7483 11.7321 0 -7.2445 12
2 24 0 -7.2445 12 1 -6.7546 11.7321
2 24 1.7321 -6.4099 11 1 -6.7546 11.7321
2 24 1.7321 -6.4099 11 2 -6.3028 10
2 24 1.7321 0 11 2 0 10
2 24 -1.7321 0 11 -2 0 10
2 24 -1.7321 -8.131 11 -2 -8.2901 10
2 24 -1.7321 0 11 -1 0 11.7321
2 24 -1.7321 -8.131 11 -1 -7.7483 11.7321
2 24 -1 0 11.7321 0 0 12
2 24 -1 -7.7483 11.7321 0 -7.2445 12
2 24 0 0 12 1 0 11.7321
2 24 0 -7.2445 12 1 -6.7546 11.7321
2 24 1.7321 -6.4099 11 1 -6.7546 11.7321
2 24 1.7321 0 11 1 0 11.7321
2 24 -10 -1.25 30 -10 -12.8935 30
2 24 -9.0974 -15.5 10 -9.0974 -15.5 27.6473
2 24 -10 -15.5 10 -10 -15.5 27.6473
2 24 -10 -15.5 27.6473 -10 -15.2841 28.4696
2 24 -9.0974 -15.5 27.6473 -8.7216 -15.2841 28.4696
2 24 -4.6429 -13 30 -5.7542 -13.6223 29.8903
2 24 -10 -12.8935 30 -10 -13.6021 29.8903
2 24 -5.7542 -13.6223 29.8903 -6.8633 -14.2434 29.6269
2 24 -10 -13.6021 29.8903 -10 -14.2408 29.6269
2 24 -6.8633 -14.2434 29.6269 -7.9159 -14.8329 29.1469
2 24 -10 -14.2408 29.6269 -10 -14.8326 29.1469
2 24 -8.7216 -15.2841 28.4696 -7.9159 -14.8329 29.1469
2 24 -10 -15.2841 28.4696 -10 -14.8326 29.1469
2 24 -8.2203 -1.25 29.4992 -9.0494 -1.25 29.0494
2 24 9.0494 -1.25 29.0494 8.2686 -1.25 29.5
2 24 10 -4.7998 10 10 -4.8 27.6473
2 24 10 -1.2498 10 10 -1.25 30
2 24 -10 -15.5 27.6473 -10 -15.5 10
2 24 -10 -1.25 30 -10 -1.25 28.2686
2 24 -10 -1.25 30 -10 -12.8935 30
2 24 -10 -12.8935 30 -10 -13.6021 29.8903
2 24 -10 -13.6021 29.8903 -10 -14.2408 29.6269
2 24 -10 -14.2408 29.6269 -10 -14.8326 29.1469
2 24 -10 -14.8326 29.1469 -10 -15.2841 28.4696
2 24 -10 -15.5 27.6473 -10 -15.2841 28.4696
2 24 -9.0494 -1.25 29.0494 -9.5 -1.2526 28.2686
2 24 -10 -1.25 30 -10 -1.25 28.2686
2 24 -10 -1.25 30 10 -1.25 30
2 24 -8.2203 -1.25 29.4992 8.2686 -1.25 29.5
2 24 10 -4.8 30 10 -1.25 30
2 24 -4.6429 -13 30 10 -4.8 30
2 24 -10 -1.25 30 10 -1.25 30
2 24 9.5 -1.2499 10 9.5 -1.25 28.2167
2 24 10 -1.25 30 10 -1.2498 10
2 24 9.0494 -1.25 29.0494 9.5 -1.25 28.2167
2 24 9.0494 -1.25 29.0494 8.2686 -1.25 29.5
2 24 8.7159 0 28.7159 7.9123 0 29.1617
2 24 8.2686 -1.25 29.5 -8.2203 -1.25 29.4992
2 24 7.9123 0 29.1617 -7.9337 0 29.1617
2 24 -9.5 -1.2526 28.2686 -9.5 -1.2526 10
2 24 -9.1642 0 27.8854 -9.1635 0 10
2 24 -9.5 -1.2526 28.2686 -9.0494 -1.25 29.0494
2 24 -9.1642 0 27.8854 -8.7159 0 28.7159
2 24 -7.9337 0 29.1617 -8.7159 0 28.7159
2 24 -8.2203 -1.25 29.4992 -9.0494 -1.25 29.0494
2 24 9.1651 0 10 9.1651 0 27.8369
2 24 9.5 -1.2499 10 9.5 -1.25 28.2167
2 24 8.7159 0 28.7159 9.1651 0 27.8369
2 24 9.0494 -1.25 29.0494 9.5 -1.25 28.2167
2 24 8.7159 0 28.7159 7.9123 0 29.1617
2 24 6.25 0 26.25 -6.25 0 26.25
2 24 7.9123 0 29.1617 -7.9337 0 29.1617
2 24 -9.1642 0 27.8854 -9.1635 0 10
2 24 -6.25 0 26.25 -6.2497 0 10
2 24 -9.1642 0 27.8854 -8.7159 0 28.7159
2 24 -7.9337 0 29.1617 -8.7159 0 28.7159
2 24 6.25 0 26.25 6.25 0 10
2 24 9.1651 0 10 9.1651 0 27.8369
2 24 8.7159 0 28.7159 9.1651 0 27.8369
2 24 6.25 0 26.25 -6.25 0 26.25
2 24 3.6426 -5.2083 26.25 -6.25 -10.7482 26.25
2 24 -6.25 0 26.25 -6.25 -10.7482 26.25
2 24 -6.25 0 26.25 -6.25 -10.7482 26.25
2 24 -6.25 0 26.25 -6.2497 0 10
2 24 -6.25 -10.7482 26.25 -6.2499 -10.7482 10
2 24 6.25 0 10 6.25 0 26.25
2 24 6.25 -3.7482 21.6619 6.25 -3.7482 26.25
2 24 6.25 0 26.25 6.25 -3.7482 26.25
2 24 6.25 -5.25 10 6.25 -5.25 21.6619
2 24 4.6988 -5.25 24.298 5.5392 -5.25 23.2383
2 24 4.6988 -4.6204 24.298 5.5392 -4.1456 23.2383
2 24 6.25 -5.25 21.6619 5.5392 -5.25 23.2383
2 24 6.25 -3.7482 21.6619 5.5392 -4.1456 23.2383
2 24 4.6988 -4.6204 24.298 3.4641 -5.25 25.2807
2 24 4.6988 -5.25 24.298 3.4641 -5.25 25.2807
2 24 3.6426 -5.2083 26.25 6.25 -3.7482 26.25
2 24 6.25 0 26.25 6.25 -3.7482 26.25
2 24 6.25 -3.7482 26.25 3.6426 -5.2083 26.25
2 24 4.6988 -4.6204 24.298 3.4641 -5.25 25.2807
2 24 4.6988 -4.6204 24.298 5.5392 -4.1456 23.2383
2 24 5.5392 -4.1456 23.2383 6.25 -3.7482 21.6619
2 24 6.25 -3.7482 26.25 6.25 -3.7482 21.6619
2 24 4.6988 -5.25 24.298 5.5392 -5.25 23.2383
2 24 5.5392 -5.25 23.2383 6.25 -5.25 21.6619
2 24 4.6988 -5.25 24.298 3.4641 -5.25 25.2807
2 24 3.4641 -5.25 21.6619 3.4641 -5.25 25.2807
2 24 3.4641 -5.25 25.2807 3.4641 -5.25 21.6619
2 24 3.6426 -5.2083 26.25 -6.25 -10.7482 26.25
2 24 3.4641 -5.25 21.6619 3.4641 -5.25 12
2 24 -6.25 -10.7482 26.25 -6.2499 -10.7482 10
2 24 -4 -9.4903 10 -3.4641 -9.192 12
2 24 6.25 -5.25 21.6619 6.25 -5.25 10
2 24 3.4641 -5.25 12 4 -5.25 10
2 24 3.4641 -5.25 12 2 -6.1288 13.4641
2 24 3.4641 -5.25 21.6619 3.4641 -5.25 12
2 24 2 -6.1288 13.4641 0 -7.2484 14
2 24 0 -7.2484 14 -2 -8.3683 13.4641
2 24 -3.4641 -9.192 12 -2 -8.3683 13.4641
2 24 10 -4.8 27.6473 10 -4.8 30
2 24 10 -1.25 30 10 -4.8 30
2 24 -4 -9.4903 10 -3.4641 -9.192 8
2 24 -4 0 10 -3.4641 0 8
2 24 -3.4641 0 8 -2 0 6.5359
2 24 -3.4641 -9.192 8 -2 -8.3683 6.5359
2 24 -2 0 6.5359 0 0 6
2 24 -2 -8.3683 6.5359 0 -7.2484 6
2 24 0 0 6 2 0 6.5359
2 24 0 -7.2484 6 2 -6.1288 6.5359
2 24 2 0 6.5359 3.4641 0 8
2 24 2 -6.1288 6.5359 3.4641 -5.25 8
2 24 4 0 10 3.4641 0 8
2 24 4 -5.25 10 3.4641 -5.25 8
2 24 -4 0 10 -3.4641 0 8
2 24 -2 0 10 -1.7321 0 9
2 24 -1.7321 0 9 -1 0 8.2679
2 24 -3.4641 0 8 -2 0 6.5359
2 24 -1 0 8.2679 0 0 8
2 24 -2 0 6.5359 0 0 6
2 24 0 0 8 1 0 8.2679
2 24 0 0 6 2 0 6.5359
2 24 1 0 8.2679 1.7321 0 9
2 24 2 0 6.5359 3.4641 0 8
2 24 4 0 10 3.4641 0 8
2 24 2 0 10 1.7321 0 9
2 24 2 -6.3028 10 1.7321 -6.4099 9
2 24 -2 -8.2901 10 -1.7321 -8.131 9
2 24 -1.7321 -8.131 9 -1 -7.7483 8.2679
2 24 -1 -7.7483 8.2679 0 -7.2445 8
2 24 0 -7.2445 8 1 -6.7546 8.2679
2 24 1.7321 -6.4099 9 1 -6.7546 8.2679
2 24 2 0 10 1.7321 0 9
2 24 2 -6.3028 10 1.7321 -6.4099 9
2 24 -2 0 10 -1.7321 0 9
2 24 -2 -8.2901 10 -1.7321 -8.131 9
2 24 -1.7321 0 9 -1 0 8.2679
2 24 -1.7321 -8.131 9 -1 -7.7483 8.2679
2 24 -1 0 8.2679 0 0 8
2 24 -1 -7.7483 8.2679 0 -7.2445 8
2 24 0 0 8 1 0 8.2679
2 24 0 -7.2445 8 1 -6.7546 8.2679
2 24 1.7321 0 9 1 0 8.2679
2 24 1.7321 -6.4099 9 1 -6.7546 8.2679
2 24 -10 -12.8935 -10 -10 -1.25 -10
2 24 -9.0974 -15.5 10 -9.0974 -15.5 -7.6473
2 24 -10 -15.5 10 -10 -15.5 -7.6473
2 24 -10 -15.5 -7.6473 -10 -15.2841 -8.4696
2 24 -9.0974 -15.5 -7.6473 -8.7216 -15.2841 -8.4695
2 24 -4.6429 -13 -10 -5.8502 -13.6761 -9.8809
2 24 -10 -12.8935 -10 -10 -13.6633 -9.8809
2 24 -5.8502 -13.6761 -9.8809 -7.0165 -14.3292 -9.591
2 24 -10 -13.6633 -9.8809 -10 -14.3292 -9.591
2 24 -7.0165 -14.3292 -9.591 -8.0746 -14.9218 -9.0673
2 24 -10 -14.3292 -9.591 -10 -14.9218 -9.0673
2 24 -8.7216 -15.2841 -8.4695 -8.0746 -14.9218 -9.0673
2 24 -10 -15.2841 -8.4696 -10 -14.9218 -9.0673
2 24 -9.0494 -1.25 -9.0494 -8.2203 -1.25 -9.4992
2 24 9.0494 -1.25 -9.0494 8.2686 -1.25 -9.5
2 24 10 -1.2498 10 10 -1.25 -10
2 24 10 -4.7998 10 10 -4.8 -7.6473
2 24 -10 -15.5 10 -10 -15.5 -7.6473
2 24 -10 -1.25 -10 -10 -12.8935 -10
2 24 -10 -1.25 -10 -10 -1.25 -8.2686
2 24 -10 -12.8935 -10 -10 -13.6633 -9.8809
2 24 -10 -13.6633 -9.8809 -10 -14.3292 -9.591
2 24 -10 -14.3292 -9.591 -10 -14.9218 -9.0673
2 24 -10 -14.9218 -9.0673 -10 -15.2841 -8.4696
2 24 -10 -15.5 -7.6473 -10 -15.2841 -8.4696
2 24 -9.0494 -1.25 -9.0494 -9.5 -1.2526 -8.2686
2 24 -10 -1.25 -10 -10 -1.25 -8.2686
2 24 -10 -1.25 -10 10 -1.25 -10
2 24 -8.2203 -1.25 -9.4992 8.2686 -1.25 -9.5
2 24 -10 -1.25 -10 10 -1.25 -10
2 24 10 -1.25 -10 10 -4.8 -10
2 24 -4.6429 -13 -10 10 -4.8 -10
2 24 10 -1.2498 10 10 -1.25 -10
2 24 9.5 -1.2499 10 9.5 -1.25 -8.2167
2 24 9.0494 -1.25 -9.0494 9.5 -1.25 -8.2167
2 24 9.0494 -1.25 -9.0494 8.2686 -1.25 -9.5
2 24 8.7159 0 -8.7159 7.9123 0 -9.1617
2 24 8.2686 -1.25 -9.5 -8.2203 -1.25 -9.4992
2 24 7.9123 0 -9.1617 -7.9337 0 -9.1617
2 24 -9.5 -1.2526 10 -9.5 -1.2526 -8.2686
2 24 -9.1635 0 10 -9.1642 0 -7.8854
2 24 -9.5 -1.2526 -8.2686 -9.0494 -1.25 -9.0494
2 24 -9.1642 0 -7.8854 -8.7159 0 -8.7159
2 24 -8.2203 -1.25 -9.4992 -9.0494 -1.25 -9.0494
2 24 -7.9337 0 -9.1617 -8.7159 0 -8.7159
2 24 9.5 -1.2499 10 9.5 -1.25 -8.2167
2 24 9.1651 0 10 9.1651 0 -7.8369
2 24 9.0494 -1.25 -9.0494 9.5 -1.25 -8.2167
2 24 8.7159 0 -8.7159 9.1651 0 -7.8369
2 24 8.7159 0 -8.7159 7.9123 0 -9.1617
2 24 7.9123 0 -9.1617 -7.9337 0 -9.1617
2 24 6.25 0 -6.25 -6.25 0 -6.25
2 24 -9.1635 0 10 -9.1642 0 -7.8854
2 24 -6.2497 0 10 -6.25 0 -6.25
2 24 -9.1642 0 -7.8854 -8.7159 0 -8.7159
2 24 -7.9337 0 -9.1617 -8.7159 0 -8.7159
2 24 9.1651 0 10 9.1651 0 -7.8369
2 24 6.25 0 10 6.25 0 -6.25
2 24 8.7159 0 -8.7159 9.1651 0 -7.8369
2 24 6.25 0 -6.25 -6.25 0 -6.25
2 24 -6.25 0 -6.25 -6.25 -10.7482 -6.25
2 24 3.6426 -5.2083 -6.25 -6.25 -10.7482 -6.25
2 24 -6.2497 0 10 -6.25 0 -6.25
2 24 -6.25 0 -6.25 -6.25 -10.7482 -6.25
2 24 -6.2499 -10.7482 10 -6.25 -10.7482 -6.25
2 24 6.25 0 10 6.25 0 -6.25
2 24 6.25 0 -6.25 6.25 -3.7482 -6.25
2 24 6.25 -3.7482 -1.6619 6.25 -3.7482 -6.25
2 24 6.25 -5.25 10 6.25 -5.25 -1.6619
2 24 5.5392 -4.1456 -3.2383 4.7154 -4.611 -4.2771
2 24 5.5392 -5.25 -3.2383 4.7154 -5.25 -4.2771
2 24 6.25 -3.7482 -1.6619 5.5392 -4.1456 -3.2383
2 24 6.25 -5.25 -1.6619 5.5392 -5.25 -3.2383
2 24 4.7154 -4.611 -4.2771 3.4641 -5.25 -5.2807
2 24 4.7154 -5.25 -4.2771 3.4641 -5.25 -5.2807
2 24 3.6426 -5.2083 -6.25 6.25 -3.7482 -6.25
2 24 6.25 0 -6.25 6.25 -3.7482 -6.25
2 24 6.25 -3.7482 -6.25 3.6426 -5.2083 -6.25
2 24 4.7154 -4.611 -4.2771 3.4641 -5.25 -5.2807
2 24 4.7154 -4.611 -4.2771 5.5392 -4.1456 -3.2383
2 24 6.25 -3.7482 -6.25 6.25 -3.7482 -1.6619
2 24 5.5392 -4.1456 -3.2383 6.25 -3.7482 -1.6619
2 24 5.5392 -5.25 -3.2383 4.7154 -5.25 -4.2771
2 24 5.5392 -5.25 -3.2383 6.25 -5.25 -1.6619
2 24 4.7154 -5.25 -4.2771 3.4641 -5.25 -5.2807
2 24 3.4641 -5.25 -1.6619 3.4641 -5.25 -5.2807
2 24 3.4641 -5.25 -5.2807 3.4641 -5.25 -1.6619
2 24 3.6426 -5.2083 -6.25 -6.25 -10.7482 -6.25
2 24 3.4641 -5.25 -1.6619 3.4641 -5.25 8
2 24 -6.2499 -10.7482 10 -6.25 -10.7482 -6.25
2 24 -4 -9.4903 10 -3.4641 -9.192 8
2 24 6.25 -5.25 10 6.25 -5.25 -1.6619
2 24 4 -5.25 10 3.4641 -5.25 8
2 24 2 -6.1288 6.5359 3.4641 -5.25 8
2 24 3.4641 -5.25 -1.6619 3.4641 -5.25 8
2 24 2 -6.1288 6.5359 0 -7.2484 6
2 24 0 -7.2484 6 -2 -8.3683 6.5359
2 24 -3.4641 -9.192 8 -2 -8.3683 6.5359
2 24 10 -1.25 -10 10 -4.8 -10
2 24 10 -4.8 -7.6473 10 -4.8 -10
2 24 -10 -1.25 28.2686 -10 -1.25 10
2 24 -9.5 -1.2526 28.2686 -9.5 -1.2526 10
2 24 -10 -1.25 28.2686 -10 -1.25 10
2 24 -10 -1.25 -8.2686 -10 -1.25 10
2 24 -9.5 -1.2526 -8.2686 -9.5 -1.2526 10
2 24 -10 -1.25 -8.2686 -10 -1.25 10
2 24 -4.6429 -13 30 10 -4.8 30
2 24 10 -4.8 30 10 -4.8 27.6473
2 24 10 -4.8 -7.6473 10 -4.8 -10
2 24 10 -4.8 -10 -4.6429 -13 -10
2 24 10 -4.8 -7.6473 10 -4.7998 10
2 24 10 -4.8 27.6473 10 -4.7998 10
2 24 -4.6429 -13 30 -5.7542 -13.6223 29.8903
2 24 -9.0974 -15.5 27.6473 -9.0974 -15.5 10
2 24 -9.0974 -15.5 10 -9.0974 -15.5 -7.6473
2 24 -4.6429 -13 -10 -5.8502 -13.6761 -9.8809
2 24 -9.0974 -15.5 -7.6473 -8.7216 -15.2841 -8.4695
2 24 -5.8502 -13.6761 -9.8809 -7.0165 -14.3292 -9.591
2 24 -7.0165 -14.3292 -9.591 -8.0746 -14.9218 -9.0673
2 24 -8.7216 -15.2841 -8.4695 -8.0746 -14.9218 -9.0673
2 24 -5.7542 -13.6223 29.8903 -6.8633 -14.2434 29.6269
2 24 -8.7216 -15.2841 28.4696 -7.9159 -14.8329 29.1469
2 24 -6.8633 -14.2434 29.6269 -7.9159 -14.8329 29.1469
2 24 -9.0974 -15.5 27.6473 -8.7216 -15.2841 28.4696
2 24 -4.0216 -9.4776 10 -3.4845 -9.1792 12.0067
2 24 -4.0177 0.0177 10 -3.4795 0.0177 12.0087
2 24 -3.4845 -9.1792 12.0067 -2.0166 -8.3547 13.4769
2 24 -3.4795 0.0177 12.0087 -2.0091 0.0177 13.4793
2 24 -2.0166 -8.3547 13.4769 -0.0102 -7.2333 14.0172
2 24 -2.0091 0.0177 13.4793 -0.0003 0.0177 14.0177
2 24 -0.0102 -7.2333 14.0172 1.9983 -6.1116 13.4822
2 24 -0.0003 0.0177 14.0177 2.0086 0.0177 13.4796
2 24 1.9983 -6.1116 13.4822 3.4683 -5.2263 12.0069
2 24 2.0086 0.0177 13.4796 3.4794 0.0177 12.0088
2 24 3.4794 0.0177 12.0088 4.0177 0.0177 10
2 24 3.4683 -5.2263 12.0069 4.0177 -5.2323 10
2 24 -4.0177 0.0177 10 -3.4795 0.0177 12.0087
2 24 -1.9823 0.0177 10 -1.7167 0.0177 10.9913
2 24 -1.7167 0.0177 10.9913 -0.991 0.0177 11.7168
2 24 -3.4795 0.0177 12.0087 -2.0091 0.0177 13.4793
2 24 -0.991 0.0177 11.7168 0.0001 0.0177 11.9823
2 24 -2.0091 0.0177 13.4793 -0.0003 0.0177 14.0177
2 24 0.0001 0.0177 11.9823 0.9913 0.0177 11.7167
2 24 -0.0003 0.0177 14.0177 2.0086 0.0177 13.4796
2 24 0.9913 0.0177 11.7167 1.7168 0.0177 10.9911
2 24 2.0086 0.0177 13.4796 3.4794 0.0177 12.0088
2 24 3.4794 0.0177 12.0088 4.0177 0.0177 10
2 24 1.7168 0.0177 10.9911 1.9823 0.0177 10
2 24 1.7127 -6.3965 10.9916 1.9787 -6.2896 10
2 24 -1.9868 -8.2689 10 -1.722 -8.1108 10.9892
2 24 -1.722 -8.1108 10.9892 -0.9976 -7.7302 11.7149
2 24 -0.9976 -7.7302 11.7149 -0.0064 -7.2286 11.9819
2 24 -0.0064 -7.2286 11.9819 0.9859 -6.7403 11.7173
2 24 1.7127 -6.3965 10.9916 0.9859 -6.7403 11.7173
2 24 1.7127 -6.3965 10.9916 1.9787 -6.2896 10
2 24 1.7168 0.0177 10.9911 1.9823 0.0177 10
2 24 -1.7167 0.0177 10.9913 -1.9823 0.0177 10
2 24 -1.722 -8.1108 10.9892 -1.9868 -8.2689 10
2 24 -1.7167 0.0177 10.9913 -0.991 0.0177 11.7168
2 24 -1.722 -8.1108 10.9892 -0.9976 -7.7302 11.7149
2 24 -0.991 0.0177 11.7168 0.0001 0.0177 11.9823
2 24 -0.9976 -7.7302 11.7149 -0.0064 -7.2286 11.9819
2 24 0.0001 0.0177 11.9823 0.9913 0.0177 11.7167
2 24 -0.0064 -7.2286 11.9819 0.9859 -6.7403 11.7173
2 24 1.7127 -6.3965 10.9916 0.9859 -6.7403 11.7173
2 24 1.7168 0.0177 10.9911 0.9913 0.0177 11.7167
2 24 -10.0144 -1.2356 30.0144 -10.0177 -12.8936 30.0177
2 24 -9.0911 -15.5242 10 -9.0911 -15.5242 27.6475
2 24 -10.0177 -15.5177 10 -10.0177 -15.5177 27.6475
2 24 -10.0177 -15.5177 27.6475 -10.0177 -15.3002 28.477
2 24 -9.0911 -15.5242 27.6475 -8.7151 -15.3074 28.476
2 24 -4.6342 -13.0154 30.0177 -5.7462 -13.6398 29.9063
2 24 -10.0177 -12.8936 30.0177 -10.0177 -13.6066 29.9074
2 24 -5.7462 -13.6398 29.9063 -6.8559 -14.2631 29.6405
2 24 -10.0177 -13.6066 29.9074 -10.0177 -14.2496 29.6422
2 24 -6.8559 -14.2631 29.6405 -7.909 -14.8546 29.1572
2 24 -10.0177 -14.2496 29.6422 -10.0177 -14.8455 29.159
2 24 -8.7151 -15.3074 28.476 -7.909 -14.8546 29.1572
2 24 -10.0177 -15.3002 28.477 -10.0177 -14.8455 29.159
2 24 -8.2208 -1.2301 29.5143 -9.0593 -1.2294 29.0596
2 24 9.0597 -1.2294 29.0593 8.2691 -1.2301 29.5151
2 24 10.0215 -4.8125 10 10.0216 -4.8126 27.6473
2 24 10.0176 -1.2322 10 10.0144 -1.2356 30.0144
2 24 -10.0177 -15.5177 27.6475 -10.0177 -15.5177 10
2 24 -10.0144 -1.2356 30.0144 -10.0176 -1.2323 28.2686
2 24 -10.0144 -1.2356 30.0144 -10.0177 -12.8936 30.0177
2 24 -10.0177 -12.8936 30.0177 -10.0177 -13.6066 29.9074
2 24 -10.0177 -13.6066 29.9074 -10.0177 -14.2496 29.6422
2 24 -10.0177 -14.2496 29.6422 -10.0177 -14.8455 29.159
2 24 -10.0177 -14.8455 29.159 -10.0177 -15.3002 28.477
2 24 -10.0177 -15.5177 27.6475 -10.0177 -15.3002 28.477
2 24 -9.0593 -1.2294 29.0596 -9.5151 -1.2326 28.2691
2 24 -10.0144 -1.2356 30.0144 -10.0176 -1.2323 28.2686
2 24 -10.0144 -1.2356 30.0144 10.0144 -1.2356 30.0144
2 24 -8.2208 -1.2301 29.5143 8.2691 -1.2301 29.5151
2 24 10.0187 -4.8109 30.0125 10.0144 -1.2356 30.0144
2 24 -4.6342 -13.0154 30.0177 10.0187 -4.8109 30.0125
2 24 -10.0144 -1.2356 30.0144 10.0144 -1.2356 30.0144
2 24 9.5152 -1.23 10 9.5151 -1.2301 28.2171
2 24 10.0144 -1.2356 30.0144 10.0176 -1.2322 10
2 24 9.0597 -1.2294 29.0593 9.5151 -1.2301 28.2171
2 24 9.0597 -1.2294 29.0593 8.2691 -1.2301 29.5151
2 24 8.7261 0.0206 28.7256 7.9126 0.0199 29.1769
2 24 8.2691 -1.2301 29.5151 -8.2208 -1.2301 29.5143
2 24 7.9126 0.0199 29.1769 -7.934 0.0199 29.1769
2 24 -9.5151 -1.2326 28.2691 -9.5152 -1.2327 10
2 24 -9.1794 0.0199 27.8857 -9.1787 0.0198 10
2 24 -9.5151 -1.2326 28.2691 -9.0593 -1.2294 29.0596
2 24 -9.1794 0.0199 27.8857 -8.726 0.0206 28.7259
2 24 -7.934 0.0199 29.1769 -8.726 0.0206 28.7259
2 24 -8.2208 -1.2301 29.5143 -9.0593 -1.2294 29.0596
2 24 9.1803 0.0198 10 9.1802 0.0199 27.8372
2 24 9.5152 -1.23 10 9.5151 -1.2301 28.2171
2 24 8.7261 0.0206 28.7256 9.1802 0.0199 27.8372
2 24 9.0597 -1.2294 29.0593 9.5151 -1.2301 28.2171
2 24 8.7261 0.0206 28.7256 7.9126 0.0199 29.1769
2 24 6.2356 0.0144 26.2356 -6.2356 0.0144 26.2356
2 24 7.9126 0.0199 29.1769 -7.934 0.0199 29.1769
2 24 -9.1794 0.0199 27.8857 -9.1787 0.0198 10
2 24 -6.2356 0.0144 26.2356 -6.232 0.0177 10
2 24 -9.1794 0.0199 27.8857 -8.726 0.0206 28.7259
2 24 -7.934 0.0199 29.1769 -8.726 0.0206 28.7259
2 24 6.2356 0.0144 26.2356 6.2323 0.0177 10
2 24 9.1803 0.0198 10 9.1802 0.0199 27.8372
2 24 8.7261 0.0206 28.7256 9.1802 0.0199 27.8372
2 24 6.2356 0.0144 26.2356 -6.2356 0.0144 26.2356
2 24 3.6339 -5.1926 26.2327 -6.2411 -10.7329 26.2324
2 24 -6.2356 0.0144 26.2356 -6.2411 -10.7329 26.2324
2 24 -6.2356 0.0144 26.2356 -6.2411 -10.7329 26.2324
2 24 -6.2356 0.0144 26.2356 -6.232 0.0177 10
2 24 -6.2411 -10.7329 26.2324 -6.2372 -10.7266 10
2 24 6.2323 0.0177 10 6.2356 0.0144 26.2356
2 24 6.2284 -3.7355 21.6618 6.2313 -3.7372 26.2375
2 24 6.2356 0.0144 26.2356 6.2313 -3.7372 26.2375
2 24 6.2323 -5.2323 10 6.2323 -5.2323 21.661
2 24 4.6864 -5.2323 24.2854 5.5239 -5.2323 23.2294
2 24 4.6803 -4.6072 24.2876 5.519 -4.1327 23.2312
2 24 6.2323 -5.2323 21.661 5.5239 -5.2323 23.2294
2 24 6.2284 -3.7355 21.6618 5.519 -4.1327 23.2312
2 24 4.6803 -4.6072 24.2876 3.4521 -5.2297 25.2724
2 24 4.6864 -5.2323 24.2854 3.4521 -5.2297 25.2724
2 24 3.6339 -5.1926 26.2327 6.2313 -3.7372 26.2375
2 24 6.2356 0.0144 26.2356 6.2313 -3.7372 26.2375
2 24 6.2313 -3.7372 26.2375 3.6339 -5.1926 26.2327
2 24 4.6803 -4.6072 24.2876 3.4521 -5.2297 25.2724
2 24 4.6803 -4.6072 24.2876 5.519 -4.1327 23.2312
2 24 5.519 -4.1327 23.2312 6.2284 -3.7355 21.6618
2 24 6.2313 -3.7372 26.2375 6.2284 -3.7355 21.6618
2 24 4.6864 -5.2323 24.2854 5.5239 -5.2323 23.2294
2 24 5.5239 -5.2323 23.2294 6.2323 -5.2323 21.661
2 24 4.6864 -5.2323 24.2854 3.4521 -5.2297 25.2724
2 24 3.4577 -5.2258 21.6619 3.4521 -5.2297 25.2724
2 24 3.4521 -5.2297 25.2724 3.4577 -5.2258 21.6619
2 24 3.6339 -5.1926 26.2327 -6.2411 -10.7329 26.2324
2 24 3.4577 -5.2258 21.6619 3.4683 -5.2263 12.0069
2 24 -6.2411 -10.7329 26.2324 -6.2372 -10.7266 10
2 24 -4.0216 -9.4776 10 -3.4845 -9.1792 12.0067
2 24 6.2323 -5.2323 21.661 6.2323 -5.2323 10
2 24 3.4683 -5.2263 12.0069 4.0177 -5.2323 10
2 24 3.4683 -5.2263 12.0069 1.9983 -6.1116 13.4822
2 24 3.4577 -5.2258 21.6619 3.4683 -5.2263 12.0069
2 24 1.9983 -6.1116 13.4822 -0.0102 -7.2333 14.0172
2 24 -0.0102 -7.2333 14.0172 -2.0166 -8.3547 13.4769
2 24 -3.4845 -9.1792 12.0067 -2.0166 -8.3547 13.4769
2 24 10.0216 -4.8126 27.6473 10.0187 -4.8109 30.0125
2 24 10.0144 -1.2356 30.0144 10.0187 -4.8109 30.0125
2 24 -4.0216 -9.4776 10 -3.4845 -9.1792 7.9933
2 24 -4.0177 0.0177 10 -3.4795 0.0177 7.9913
2 24 -3.4795 0.0177 7.9913 -2.0091 0.0177 6.5207
2 24 -3.4845 -9.1792 7.9933 -2.0166 -8.3547 6.5231
2 24 -2.0091 0.0177 6.5207 -0.0003 0.0177 5.9823
2 24 -2.0166 -8.3547 6.5231 -0.0102 -7.2333 5.9828
2 24 -0.0003 0.0177 5.9823 2.0086 0.0177 6.5204
2 24 -0.0102 -7.2333 5.9828 1.9983 -6.1116 6.5179
2 24 2.0086 0.0177 6.5204 3.4794 0.0177 7.9912
2 24 1.9983 -6.1116 6.5179 3.4683 -5.2263 7.9931
2 24 4.0177 0.0177 10 3.4794 0.0177 7.9912
2 24 4.0177 -5.2323 10 3.4683 -5.2263 7.9931
2 24 -4.0177 0.0177 10 -3.4795 0.0177 7.9913
2 24 -1.9823 0.0177 10 -1.7167 0.0177 9.0087
2 24 -1.7167 0.0177 9.0087 -0.991 0.0177 8.2832
2 24 -3.4795 0.0177 7.9913 -2.0091 0.0177 6.5207
2 24 -0.991 0.0177 8.2832 0.0001 0.0177 8.0177
2 24 -2.0091 0.0177 6.5207 -0.0003 0.0177 5.9823
2 24 0.0001 0.0177 8.0177 0.9913 0.0177 8.2833
2 24 -0.0003 0.0177 5.9823 2.0086 0.0177 6.5204
2 24 0.9913 0.0177 8.2833 1.7168 0.0177 9.0089
2 24 2.0086 0.0177 6.5204 3.4794 0.0177 7.9912
2 24 4.0177 0.0177 10 3.4794 0.0177 7.9912
2 24 1.9823 0.0177 10 1.7168 0.0177 9.0089
2 24 1.9787 -6.2896 10 1.7127 -6.3965 9.0084
2 24 -1.9868 -8.2689 10 -1.722 -8.1108 9.0108
2 24 -1.722 -8.1108 9.0108 -0.9976 -7.7302 8.2851
2 24 -0.9976 -7.7302 8.2851 -0.0064 -7.2286 8.0182
2 24 -0.0064 -7.2286 8.0182 0.9859 -6.7403 8.2827
2 24 1.7127 -6.3965 9.0084 0.9859 -6.7403 8.2827
2 24 1.9823 0.0177 10 1.7168 0.0177 9.0089
2 24 1.9787 -6.2896 10 1.7127 -6.3965 9.0084
2 24 -1.9823 0.0177 10 -1.7167 0.0177 9.0087
2 24 -1.9868 -8.2689 10 -1.722 -8.1108 9.0108
2 24 -1.7167 0.0177 9.0087 -0.991 0.0177 8.2832
2 24 -1.722 -8.1108 9.0108 -0.9976 -7.7302 8.2851
2 24 -0.991 0.0177 8.2832 0.0001 0.0177 8.0177
2 24 -0.9976 -7.7302 8.2851 -0.0064 -7.2286 8.0182
2 24 0.0001 0.0177 8.0177 0.9913 0.0177 8.2833
2 24 -0.0064 -7.2286 8.0182 0.9859 -6.7403 8.2827
2 24 1.7168 0.0177 9.0089 0.9913 0.0177 8.2833
2 24 1.7127 -6.3965 9.0084 0.9859 -6.7403 8.2827
2 24 -10.0177 -12.8936 -10.0177 -10.0144 -1.2356 -10.0144
2 24 -9.0911 -15.5242 10 -9.0911 -15.5242 -7.6475
2 24 -10.0177 -15.5177 10 -10.0177 -15.5177 -7.6475
2 24 -10.0177 -15.5177 -7.6475 -10.0177 -15.3004 -8.4764
2 24 -9.0911 -15.5242 -7.6475 -8.7152 -15.3075 -8.4755
2 24 -4.6342 -13.0154 -10.0177 -5.8423 -13.6936 -9.8969
2 24 -10.0177 -12.8936 -10.0177 -10.0177 -13.6679 -9.8979
2 24 -5.8423 -13.6936 -9.8969 -7.0092 -14.349 -9.6044
2 24 -10.0177 -13.6679 -9.8979 -10.0177 -14.3385 -9.606
2 24 -7.0092 -14.349 -9.6044 -8.0678 -14.9437 -9.0773
2 24 -10.0177 -14.3385 -9.606 -10.0177 -14.935 -9.0791
2 24 -8.7152 -15.3075 -8.4755 -8.0678 -14.9437 -9.0773
2 24 -10.0177 -15.3004 -8.4764 -10.0177 -14.935 -9.0791
2 24 -9.0593 -1.2294 -9.0596 -8.2208 -1.2301 -9.5143
2 24 9.0597 -1.2294 -9.0593 8.2691 -1.2301 -9.5151
2 24 10.0176 -1.2322 10 10.0144 -1.2356 -10.0144
2 24 10.0215 -4.8125 10 10.0216 -4.8126 -7.6473
2 24 -10.0177 -15.5177 10 -10.0177 -15.5177 -7.6475
2 24 -10.0144 -1.2356 -10.0144 -10.0177 -12.8936 -10.0177
2 24 -10.0144 -1.2356 -10.0144 -10.0176 -1.2323 -8.2686
2 24 -10.0177 -12.8936 -10.0177 -10.0177 -13.6679 -9.8979
2 24 -10.0177 -13.6679 -9.8979 -10.0177 -14.3385 -9.606
2 24 -10.0177 -14.3385 -9.606 -10.0177 -14.935 -9.0791
2 24 -10.0177 -14.935 -9.0791 -10.0177 -15.3004 -8.4764
2 24 -10.0177 -15.5177 -7.6475 -10.0177 -15.3004 -8.4764
2 24 -9.0593 -1.2294 -9.0596 -9.5151 -1.2326 -8.2691
2 24 -10.0144 -1.2356 -10.0144 -10.0176 -1.2323 -8.2686
2 24 -10.0144 -1.2356 -10.0144 10.0144 -1.2356 -10.0144
2 24 -8.2208 -1.2301 -9.5143 8.2691 -1.2301 -9.5151
2 24 -10.0144 -1.2356 -10.0144 10.0144 -1.2356 -10.0144
2 24 10.0144 -1.2356 -10.0144 10.0187 -4.8109 -10.0125
2 24 -4.6342 -13.0154 -10.0177 10.0187 -4.8109 -10.0125
2 24 10.0176 -1.2322 10 10.0144 -1.2356 -10.0144
2 24 9.5152 -1.23 10 9.5151 -1.2301 -8.2171
2 24 9.0597 -1.2294 -9.0593 9.5151 -1.2301 -8.2171
2 24 9.0597 -1.2294 -9.0593 8.2691 -1.2301 -9.5151
2 24 8.7261 0.0206 -8.7256 7.9126 0.0199 -9.1769
2 24 8.2691 -1.2301 -9.5151 -8.2208 -1.2301 -9.5143
2 24 7.9126 0.0199 -9.1769 -7.934 0.0199 -9.1769
2 24 -9.5152 -1.2327 10 -9.5151 -1.2326 -8.2691
2 24 -9.1787 0.0198 10 -9.1794 0.0199 -7.8857
2 24 -9.5151 -1.2326 -8.2691 -9.0593 -1.2294 -9.0596
2 24 -9.1794 0.0199 -7.8857 -8.726 0.0206 -8.7259
2 24 -8.2208 -1.2301 -9.5143 -9.0593 -1.2294 -9.0596
2 24 -7.934 0.0199 -9.1769 -8.726 0.0206 -8.7259
2 24 9.5152 -1.23 10 9.5151 -1.2301 -8.2171
2 24 9.1803 0.0198 10 9.1802 0.0199 -7.8372
2 24 9.0597 -1.2294 -9.0593 9.5151 -1.2301 -8.2171
2 24 8.7261 0.0206 -8.7256 9.1802 0.0199 -7.8372
2 24 8.7261 0.0206 -8.7256 7.9126 0.0199 -9.1769
2 24 7.9126 0.0199 -9.1769 -7.934 0.0199 -9.1769
2 24 6.2356 0.0144 -6.2356 -6.2356 0.0144 -6.2356
2 24 -9.1787 0.0198 10 -9.1794 0.0199 -7.8857
2 24 -6.232 0.0177 10 -6.2356 0.0144 -6.2356
2 24 -9.1794 0.0199 -7.8857 -8.726 0.0206 -8.7259
2 24 -7.934 0.0199 -9.1769 -8.726 0.0206 -8.7259
2 24 9.1803 0.0198 10 9.1802 0.0199 -7.8372
2 24 6.2323 0.0177 10 6.2356 0.0144 -6.2356
2 24 8.7261 0.0206 -8.7256 9.1802 0.0199 -7.8372
2 24 6.2356 0.0144 -6.2356 -6.2356 0.0144 -6.2356
2 24 -6.2356 0.0144 -6.2356 -6.2411 -10.7329 -6.2324
2 24 3.6339 -5.1926 -6.2327 -6.2411 -10.7329 -6.2324
2 24 -6.232 0.0177 10 -6.2356 0.0144 -6.2356
2 24 -6.2356 0.0144 -6.2356 -6.2411 -10.7329 -6.2324
2 24 -6.2372 -10.7266 10 -6.2411 -10.7329 -6.2324
2 24 6.2323 0.0177 10 6.2356 0.0144 -6.2356
2 24 6.2356 0.0144 -6.2356 6.2313 -3.7372 -6.2375
2 24 6.2284 -3.7355 -1.6618 6.2313 -3.7372 -6.2375
2 24 6.2323 -5.2323 10 6.2323 -5.2323 -1.661
2 24 5.519 -4.1327 -3.2312 4.6969 -4.5978 -4.2667
2 24 5.5239 -5.2323 -3.2295 4.703 -5.2323 -4.2645
2 24 6.2284 -3.7355 -1.6618 5.519 -4.1327 -3.2312
2 24 6.2323 -5.2323 -1.661 5.5239 -5.2323 -3.2295
2 24 4.6969 -4.5978 -4.2667 3.452 -5.2297 -5.2724
2 24 4.703 -5.2323 -4.2645 3.452 -5.2297 -5.2724
2 24 3.6339 -5.1926 -6.2327 6.2313 -3.7372 -6.2375
2 24 6.2356 0.0144 -6.2356 6.2313 -3.7372 -6.2375
2 24 6.2313 -3.7372 -6.2375 3.6339 -5.1926 -6.2327
2 24 4.6969 -4.5978 -4.2667 3.452 -5.2297 -5.2724
2 24 4.6969 -4.5978 -4.2667 5.519 -4.1327 -3.2312
2 24 6.2313 -3.7372 -6.2375 6.2284 -3.7355 -1.6618
2 24 5.519 -4.1327 -3.2312 6.2284 -3.7355 -1.6618
2 24 5.5239 -5.2323 -3.2295 4.703 -5.2323 -4.2645
2 24 5.5239 -5.2323 -3.2295 6.2323 -5.2323 -1.661
2 24 4.703 -5.2323 -4.2645 3.452 -5.2297 -5.2724
2 24 3.4577 -5.2258 -1.6619 3.452 -5.2297 -5.2724
2 24 3.452 -5.2297 -5.2724 3.4577 -5.2258 -1.6619
2 24 3.6339 -5.1926 -6.2327 -6.2411 -10.7329 -6.2324
2 24 3.4577 -5.2258 -1.6619 3.4683 -5.2263 7.9931
2 24 -6.2372 -10.7266 10 -6.2411 -10.7329 -6.2324
2 24 -4.0216 -9.4776 10 -3.4845 -9.1792 7.9933
2 24 6.2323 -5.2323 10 6.2323 -5.2323 -1.661
2 24 4.0177 -5.2323 10 3.4683 -5.2263 7.9931
2 24 1.9983 -6.1116 6.5179 3.4683 -5.2263 7.9931
2 24 3.4577 -5.2258 -1.6619 3.4683 -5.2263 7.9931
2 24 1.9983 -6.1116 6.5179 -0.0102 -7.2333 5.9828
2 24 -0.0102 -7.2333 5.9828 -2.0166 -8.3547 6.5231
2 24 -3.4845 -9.1792 7.9933 -2.0166 -8.3547 6.5231
2 24 10.0144 -1.2356 -10.0144 10.0187 -4.8109 -10.0125
2 24 10.0216 -4.8126 -7.6473 10.0187 -4.8109 -10.0125
2 24 -10.0176 -1.2323 28.2686 -10.0176 -1.2323 10
2 24 -9.5151 -1.2326 28.2691 -9.5152 -1.2327 10
2 24 -10.0176 -1.2323 28.2686 -10.0176 -1.2323 10
2 24 -10.0176 -1.2323 -8.2686 -10.0176 -1.2323 10
2 24 -9.5151 -1.2326 -8.2691 -9.5152 -1.2327 10
2 24 -10.0176 -1.2323 -8.2686 -10.0176 -1.2323 10
2 24 -4.6342 -13.0154 30.0177 10.0187 -4.8109 30.0125
2 24 10.0187 -4.8109 30.0125 10.0216 -4.8126 27.6473
2 24 10.0216 -4.8126 -7.6473 10.0187 -4.8109 -10.0125
2 24 10.0187 -4.8109 -10.0125 -4.6342 -13.0154 -10.0177
2 24 10.0216 -4.8126 -7.6473 10.0215 -4.8125 10
2 24 10.0216 -4.8126 27.6473 10.0215 -4.8125 10
2 24 -4.6342 -13.0154 30.0177 -5.7462 -13.6398 29.9063
2 24 -9.0911 -15.5242 27.6475 -9.0911 -15.5242 10
2 24 -9.0911 -15.5242 10 -9.0911 -15.5242 -7.6475
2 24 -4.6342 -13.0154 -10.0177 -5.8423 -13.6936 -9.8969
2 24 -9.0911 -15.5242 -7.6475 -8.7152 -15.3075 -8.4755
2 24 -5.8423 -13.6936 -9.8969 -7.0092 -14.349 -9.6044
2 24 -7.0092 -14.349 -9.6044 -8.0678 -14.9437 -9.0773
2 24 -8.7152 -15.3075 -8.4755 -8.0678 -14.9437 -9.0773
2 24 -5.7462 -13.6398 29.9063 -6.8559 -14.2631 29.6405
2 24 -8.7151 -15.3074 28.476 -7.909 -14.8546 29.1572
2 24 -6.8559 -14.2631 29.6405 -7.909 -14.8546 29.1572
2 24 -9.0911 -15.5242 27.6475 -8.7151 -15.3074 28.476
0 STEP
