0 Untitled Model
0 Name: Untitled Model
0 Author: 
0 BFC CERTIFY CCW
3 16 8.8625 -8 -11.2543 8.8625 -2.8239 -11.2543 8.8625 -8 -5.2543
3 16 8.8625 -8 -5.2543 8.8625 -2.8239 -11.2543 8.8625 -2.7767 8.7457
3 16 8.8625 -15.1898 -5.2543 8.8625 -8 -5.2543 8.8625 -15.291 8.7457
3 16 8.8625 -15.291 8.7457 8.8625 -8 -5.2543 8.8625 -2.7767 8.7457
3 16 -9.1189 -2.9664 0.067 -9.1173 -2.8386 -11.2543 -8.9189 -8.0004 -5.2543
3 16 -8.9189 -8.0004 -5.2543 -9.1173 -2.8386 -11.2543 -8.9154 -8.0003 -11.2543
3 16 -8.6363 -15.227 -5.2543 -8.6382 -15.2586 0.0434 -8.9189 -8.0004 -5.2543
3 16 -8.9189 -8.0004 -5.2543 -8.6382 -15.2586 0.0434 -9.1189 -2.9664 0.067
3 16 -9.1173 -2.8386 -11.2543 8.8625 -2.8239 -11.2543 -8.9154 -8.0003 -11.2543
3 16 -8.9154 -8.0003 -11.2543 8.8625 -2.8239 -11.2543 8.8625 -8 -11.2543
3 16 8.8625 -8 -11.2543 8.8625 -8 -5.2543 -8.9154 -8.0003 -11.2543
3 16 -8.9154 -8.0003 -11.2543 8.8625 -8 -5.2543 -8.9189 -8.0004 -5.2543
3 16 8.8625 -15.1898 -5.2543 -8.6363 -15.227 -5.2543 8.8625 -8 -5.2543
3 16 8.8625 -8 -5.2543 -8.6363 -15.227 -5.2543 -8.9189 -8.0004 -5.2543
3 16 5.3886 -13.125 8.7453 8.8625 -15.291 8.7457 6.013 -11.6176 8.7454
3 16 6.1804 -10.0144 8.7454 8.8625 -2.7767 8.7457 6.013 -8.3824 8.7454
3 16 5.3886 -6.875 8.7453 8.8625 -2.7767 8.7457 4.3954 -5.5806 8.7452
3 16 3.101 -4.5874 8.745 8.8625 -2.7767 8.7457 1.5936 -3.963 8.7449
3 16 -9.1202 -3.0642 8.7457 -3.149 -4.5874 8.7444 -1.6417 -3.963 8.7445
3 16 -4.4435 -5.5806 8.7443 -9.1202 -3.0642 8.7457 -5.4368 -6.875 8.7441
3 16 -9.1202 -3.0642 8.7457 -6.8687 -8.3761 8.7444 -6.0611 -8.3824 8.7441
3 16 -6.0611 -8.3824 8.7441 -6.8687 -8.3761 8.7444 -6.1804 -10 8.7441
3 16 -6.1804 -10 8.7441 -6.8687 -8.3761 8.7444 -8.6413 -15.3106 8.7457
3 16 -8.6413 -15.3106 8.7457 -6.8687 -8.3761 8.7444 -9.1202 -3.0642 8.7457
3 16 8.8625 -15.291 8.7457 8.8625 -2.7767 8.7457 6.1804 -10.0144 8.7454
3 16 -6.1804 -10 8.7441 -8.6413 -15.3106 8.7457 -6.0611 -11.6176 8.7441
3 16 -6.25 0 -0.0484 -6.25 0 -7.5043 -9.2349 -0.0002 0.0728
3 16 -9.2349 -0.0002 0.0728 -6.25 0 -7.5043 -9.2283 0.0001 -11.2543
3 16 8.8625 0 -11.2543 6.25 0 -7.5043 8.8625 0 8.7457
3 16 8.8625 0 8.7457 6.25 0 -7.5043 6.25 0 6.1207
3 16 -9.2283 0.0001 -11.2543 -6.25 0 -7.5043 8.8625 0 -11.2543
3 16 8.8625 0 -11.2543 -6.25 0 -7.5043 6.25 0 -7.5043
3 16 6.25 0 6.1207 -6.25 0 6.1207 8.8625 0 8.7457
3 16 8.8625 0 8.7457 -6.25 0 6.1207 -9.24 -0.0004 8.7457
3 16 -6.25 0 -7.5043 -6.25 -5.25 -7.5043 6.25 0 -7.5043
3 16 6.25 0 -7.5043 -6.25 -5.25 -7.5043 6.25 -5.25 -7.5043
3 16 6.25 -5.25 -3.0043 6.25 -5.25 -7.5043 -6.25 -5.25 -3.0043
3 16 -6.25 -5.25 -3.0043 6.25 -5.25 -7.5043 -6.25 -5.25 -7.5043
3 16 6.25 -18.6199 -3.0043 6.25 -5.25 -3.0043 -6.25 -18.6199 -3.0043
3 16 -6.25 -18.6199 -3.0043 6.25 -5.25 -3.0043 -6.25 -5.25 -3.0043
3 16 6.25 -18.3652 5.9874 6.25 -18.6199 -3.0043 0.227 -18.3746 6.0529
3 16 0.227 -18.3746 6.0529 6.25 -18.6199 -3.0043 -6.25 -18.6199 -3.0043
3 16 6.25 0 6.1207 5.3886 -6.875 6.1213 4.3954 -5.5806 6.1212
3 16 -0.024 -3.7501 6.1207 -1.6417 -3.963 6.1205 -6.25 0 6.1207
3 16 -0.024 -3.7501 6.1207 -6.25 0 6.1207 6.25 0 6.1207
3 16 1.5936 -3.963 6.1209 6.25 0 6.1207 3.101 -4.5874 6.121
3 16 6.25 0 6.1207 6.25 0 -7.5043 6.25 -5.25 -3.0043
3 16 6.25 -5.25 -3.0043 6.25 0 -7.5043 6.25 -5.25 -7.5043
3 16 6.25 -18.3652 5.9874 5.3886 -13.125 6.1213 6.013 -11.6176 6.1213
3 16 -6.0181 -18.3843 6.1207 -6.25 -18.6199 -3.0043 -6.25 -10 6.1202
3 16 -6.25 -10 6.1202 -6.25 -18.6199 -3.0043 -6.25 -5.25 -3.0043
3 16 -6.25 0 6.1207 -5.4366 -6.875 6.1201 -6.0611 -8.3824 6.1201
3 16 -6.25 -5.25 -7.5043 -6.25 0 -7.5043 -6.25 -5.25 -3.0043
3 16 -6.25 -5.25 -3.0043 -6.25 0 -7.5043 -6.25 0 -0.0484
3 16 -6.25 -5.25 -3.0043 -6.25 0 6.1207 -6.25 -10 6.1202
3 16 6.25 -18.3652 5.9874 4.3954 -14.4194 6.1212 5.3886 -13.125 6.1213
3 16 -6.0181 -18.3843 6.1207 -4.4435 -14.4194 6.1202 -3.149 -15.4126 6.1204
3 16 6.25 -18.3652 5.9874 1.5936 -16.037 6.1208 3.101 -15.4126 6.121
3 16 -0.024 -16.2499 6.1207 0.227 -18.3746 6.0529 -1.6417 -16.037 6.1205
3 16 -1.6417 -16.037 6.1205 0.227 -18.3746 6.0529 -6.0181 -18.3843 6.1207
3 16 -6.25 -18.6199 -3.0043 -6.0181 -18.3843 6.1207 0.227 -18.3746 6.0529
3 16 -6.25 0 6.1207 -3.149 -4.5874 6.1204 -4.4435 -5.5806 6.1202
3 16 5.3886 -13.125 8.7453 6.1055 -15.2676 8.7457 8.8625 -15.291 8.7457
3 16 -0.024 -16.2499 8.7447 -0.089 -18.1882 8.7457 1.5936 -16.037 8.7449
3 16 1.5936 -16.037 8.7449 -0.089 -18.1882 8.7457 2.3662 -17.7942 8.7449
3 16 -2.4601 -17.7942 8.7445 -0.089 -18.1882 8.7457 -1.6417 -16.037 8.7445
3 16 -1.6417 -16.037 8.7445 -0.089 -18.1882 8.7457 -0.024 -16.2499 8.7447
3 16 -8.6413 -15.3106 8.7457 -6.2054 -15.3163 8.7457 -5.4367 -13.125 8.7441
3 16 4.3954 -14.4194 8.7452 6.1055 -15.2676 8.7457 5.3886 -13.125 8.7453
3 16 -6.2054 -15.3163 8.7457 -4.4241 -16.8595 8.7443 -4.4435 -14.4194 8.7443
3 16 -4.4435 -14.4194 8.7443 -4.4241 -16.8595 8.7443 -3.149 -15.4126 8.7444
3 16 -8.6413 -15.3106 8.7457 -9.1202 -3.0642 8.7457 -8.6397 -15.2844 4.3627
3 16 -8.6397 -15.2844 4.3627 -9.1202 -3.0642 8.7457 -9.1196 -3.0144 4.3164
3 16 -9.24 -0.0004 8.7457 -6.25 0 6.1207 -9.2374 -0.0003 4.305
3 16 -9.1189 -2.9664 0.067 -8.6382 -15.2586 0.0434 -9.1196 -3.0144 4.3164
3 16 -9.1196 -3.0144 4.3164 -8.6382 -15.2586 0.0434 -8.6397 -15.2844 4.3627
3 16 -6.25 0 6.1207 -6.25 0 -0.0484 -9.2374 -0.0003 4.305
3 16 -9.2374 -0.0003 4.305 -6.25 0 -0.0484 -9.2349 -0.0002 0.0728
3 16 -6.25 -5.25 -3.0043 -6.25 0 -0.0484 -6.25 0 6.1207
3 16 -9.2374 -0.0003 4.305 -9.1196 -3.0144 4.3164 -9.24 -0.0004 8.7457
3 16 -9.24 -0.0004 8.7457 -9.1196 -3.0144 4.3164 -9.1202 -3.0642 8.7457
3 16 -9.1196 -3.0144 4.3164 -9.2374 -0.0003 4.305 -9.1189 -2.9664 0.067
3 16 -9.1189 -2.9664 0.067 -9.2374 -0.0003 4.305 -9.2349 -0.0002 0.0728
3 16 -9.1189 -2.9664 0.067 -9.2349 -0.0002 0.0728 -9.1173 -2.8386 -11.2543
3 16 -9.1173 -2.8386 -11.2543 -9.2349 -0.0002 0.0728 -9.2283 0.0001 -11.2543
3 16 8.8625 -2.8239 -11.2543 -9.1173 -2.8386 -11.2543 8.8625 0 -11.2543
3 16 8.8625 0 -11.2543 -9.1173 -2.8386 -11.2543 -9.2283 0.0001 -11.2543
3 16 8.8625 -2.8239 -11.2543 8.8625 0 -11.2543 8.8625 -2.7767 8.7457
3 16 8.8625 -2.7767 8.7457 8.8625 0 -11.2543 8.8625 0 8.7457
3 16 8.8625 -2.7767 8.7457 8.8625 0 8.7457 -9.1202 -3.0642 8.7457
3 16 -9.1202 -3.0642 8.7457 8.8625 0 8.7457 -9.24 -0.0004 8.7457
3 16 6.013 -8.3824 8.7454 8.8625 -2.7767 8.7457 5.3886 -6.875 8.7453
3 16 4.3954 -5.5806 8.7452 8.8625 -2.7767 8.7457 3.101 -4.5874 8.745
3 16 6.013 -11.6176 8.7454 8.8625 -15.291 8.7457 6.1804 -10.0144 8.7454
3 16 1.5936 -3.963 8.7449 8.8625 -2.7767 8.7457 -0.024 -3.7501 8.7447
3 16 -1.6417 -3.963 8.7445 -0.024 -3.7501 8.7447 -9.1202 -3.0642 8.7457
3 16 -9.1202 -3.0642 8.7457 -0.024 -3.7501 8.7447 8.8625 -2.7767 8.7457
3 16 -3.149 -4.5874 8.7444 -9.1202 -3.0642 8.7457 -4.4435 -5.5806 8.7443
3 16 -5.4368 -6.875 8.7441 -9.1202 -3.0642 8.7457 -6.0611 -8.3824 8.7441
3 16 -6.0611 -11.6176 8.7441 -8.6413 -15.3106 8.7457 -5.4367 -13.125 8.7441
3 16 1.5936 -16.037 8.7449 2.3662 -17.7942 8.7449 3.101 -15.4126 8.745
3 16 3.101 -15.4126 8.745 2.3662 -17.7942 8.7449 4.2813 -16.8595 8.7451
3 16 -6.0181 -18.3843 6.1207 -5.4367 -13.125 6.1201 -4.4435 -14.4194 6.1202
3 16 -1.6417 -16.037 6.1205 -6.0181 -18.3843 6.1207 -3.149 -15.4126 6.1204
3 16 -0.024 -16.2499 6.1207 1.5936 -16.037 6.1208 0.227 -18.3746 6.0529
3 16 0.227 -18.3746 6.0529 1.5936 -16.037 6.1208 6.25 -18.3652 5.9874
3 16 3.101 -15.4126 6.121 4.3954 -14.4194 6.1212 6.25 -18.3652 5.9874
3 16 6.25 -10.0144 6.1002 6.2036 -10.0144 6.1002 6.25 0 6.1207
3 16 6.2036 -10.0144 6.1002 6.013 -8.3824 6.1213 6.25 0 6.1207
3 16 6.25 0 6.1207 6.013 -8.3824 6.1213 5.3886 -6.875 6.1213
3 16 6.25 0 6.1207 4.3954 -5.5806 6.1212 3.101 -4.5874 6.121
3 16 -0.024 -3.7501 6.1207 6.25 0 6.1207 1.5936 -3.963 6.1209
3 16 -6.25 0 6.1207 -1.6417 -3.963 6.1205 -3.149 -4.5874 6.1204
3 16 -6.25 0 6.1207 -4.4435 -5.5806 6.1202 -5.4366 -6.875 6.1201
3 16 -6.25 -10 6.1202 -6.25 0 6.1207 -6.2127 -10 6.1202
3 16 -6.25 0 6.1207 -6.0611 -8.3824 6.1201 -6.2127 -10 6.1202
3 16 -6.0181 -18.3843 6.1207 -6.0611 -11.6176 6.1201 -5.4367 -13.125 6.1201
3 16 -3.149 -4.5874 6.1204 -1.6417 -3.963 6.1205 -3.149 -4.5874 8.7444
3 16 -3.149 -4.5874 8.7444 -1.6417 -3.963 6.1205 -1.6417 -3.963 8.7445
3 16 1.5936 -3.963 6.1209 3.101 -4.5874 6.121 1.5936 -3.963 8.7449
3 16 1.5936 -3.963 8.7449 3.101 -4.5874 6.121 3.101 -4.5874 8.745
3 16 4.3954 -5.5806 6.1212 5.3886 -6.875 6.1213 4.3954 -5.5806 8.7452
3 16 4.3954 -5.5806 8.7452 5.3886 -6.875 6.1213 5.3886 -6.875 8.7453
3 16 6.2036 -10.0144 6.1002 6.1804 -10.0144 8.7454 6.013 -8.3824 6.1213
3 16 6.013 -8.3824 6.1213 6.1804 -10.0144 8.7454 6.013 -8.3824 8.7454
3 16 6.013 -11.6176 6.1213 5.3886 -13.125 6.1213 6.013 -11.6176 8.7454
3 16 6.013 -11.6176 8.7454 5.3886 -13.125 6.1213 5.3886 -13.125 8.7453
3 16 5.3886 -13.125 6.1213 4.3954 -14.4194 6.1212 5.3886 -13.125 8.7453
3 16 5.3886 -13.125 8.7453 4.3954 -14.4194 6.1212 4.3954 -14.4194 8.7452
3 16 3.101 -15.4126 6.121 1.5936 -16.037 6.1208 3.101 -15.4126 8.745
3 16 3.101 -15.4126 8.745 1.5936 -16.037 6.1208 1.5936 -16.037 8.7449
3 16 -0.024 -16.2499 6.1207 -1.6417 -16.037 6.1205 -0.024 -16.2499 8.7447
3 16 -0.024 -16.2499 8.7447 -1.6417 -16.037 6.1205 -1.6417 -16.037 8.7445
3 16 -3.149 -15.4126 8.7444 -3.149 -15.4126 6.1204 -4.4435 -14.4194 8.7443
3 16 -4.4435 -14.4194 8.7443 -3.149 -15.4126 6.1204 -4.4435 -14.4194 6.1202
3 16 -5.4367 -13.125 6.1201 -6.0611 -11.6176 6.1201 -5.4367 -13.125 8.7441
3 16 -5.4367 -13.125 8.7441 -6.0611 -11.6176 6.1201 -6.0611 -11.6176 8.7441
3 16 -6.2127 -10 6.1202 -6.0611 -8.3824 6.1201 -6.1804 -10 8.7441
3 16 -6.1804 -10 8.7441 -6.0611 -8.3824 6.1201 -6.0611 -8.3824 8.7441
3 16 -5.4366 -6.875 6.1201 -4.4435 -5.5806 6.1202 -5.4368 -6.875 8.7441
3 16 -5.4368 -6.875 8.7441 -4.4435 -5.5806 6.1202 -4.4435 -5.5806 8.7443
3 16 -6.0611 -11.6176 6.1201 -6.2127 -10 6.1202 -6.0611 -11.6176 8.7441
3 16 -6.0611 -11.6176 8.7441 -6.2127 -10 6.1202 -6.1804 -10 8.7441
3 16 6.2036 -10.0144 6.1002 6.013 -11.6176 6.1213 6.1804 -10.0144 8.7454
3 16 6.1804 -10.0144 8.7454 6.013 -11.6176 6.1213 6.013 -11.6176 8.7454
3 16 5.3886 -6.875 6.1213 6.013 -8.3824 6.1213 5.3886 -6.875 8.7453
3 16 5.3886 -6.875 8.7453 6.013 -8.3824 6.1213 6.013 -8.3824 8.7454
3 16 3.101 -4.5874 6.121 4.3954 -5.5806 6.1212 3.101 -4.5874 8.745
3 16 3.101 -4.5874 8.745 4.3954 -5.5806 6.1212 4.3954 -5.5806 8.7452
3 16 -0.024 -3.7501 6.1207 1.5936 -3.963 6.1209 -0.024 -3.7501 8.7447
3 16 -0.024 -3.7501 8.7447 1.5936 -3.963 6.1209 1.5936 -3.963 8.7449
3 16 -1.6417 -3.963 6.1205 -0.024 -3.7501 6.1207 -1.6417 -3.963 8.7445
3 16 -1.6417 -3.963 8.7445 -0.024 -3.7501 6.1207 -0.024 -3.7501 8.7447
3 16 -4.4435 -5.5806 6.1202 -3.149 -4.5874 6.1204 -4.4435 -5.5806 8.7443
3 16 -4.4435 -5.5806 8.7443 -3.149 -4.5874 6.1204 -3.149 -4.5874 8.7444
3 16 -6.0611 -8.3824 6.1201 -5.4366 -6.875 6.1201 -6.0611 -8.3824 8.7441
3 16 -6.0611 -8.3824 8.7441 -5.4366 -6.875 6.1201 -5.4368 -6.875 8.7441
3 16 -4.4435 -14.4194 6.1202 -5.4367 -13.125 6.1201 -4.4435 -14.4194 8.7443
3 16 -4.4435 -14.4194 8.7443 -5.4367 -13.125 6.1201 -5.4367 -13.125 8.7441
3 16 -1.6417 -16.037 6.1205 -3.149 -15.4126 6.1204 -1.6417 -16.037 8.7445
3 16 -1.6417 -16.037 8.7445 -3.149 -15.4126 6.1204 -3.149 -15.4126 8.7444
3 16 1.5936 -16.037 6.1208 -0.024 -16.2499 6.1207 1.5936 -16.037 8.7449
3 16 1.5936 -16.037 8.7449 -0.024 -16.2499 6.1207 -0.024 -16.2499 8.7447
3 16 4.3954 -14.4194 6.1212 3.101 -15.4126 6.121 4.3954 -14.4194 8.7452
3 16 4.3954 -14.4194 8.7452 3.101 -15.4126 6.121 3.101 -15.4126 8.745
3 16 -4.4241 -16.8595 8.7443 -2.4601 -17.7942 8.7445 -3.149 -15.4126 8.7444
3 16 -3.149 -15.4126 8.7444 -2.4601 -17.7942 8.7445 -1.6417 -16.037 8.7445
3 16 -6.2054 -15.3163 8.7457 -4.4435 -14.4194 8.7443 -5.4367 -13.125 8.7441
3 16 3.101 -15.4126 8.745 4.2813 -16.8595 8.7451 4.3954 -14.4194 8.7452
3 16 4.3954 -14.4194 8.7452 4.2813 -16.8595 8.7451 6.1055 -15.2676 8.7457
3 16 6.25 -10.0144 6.1002 6.25 0 6.1207 6.25 -5.25 -3.0043
3 16 6.25 -18.3652 5.9874 6.25 -10.0144 6.1002 6.25 -18.6199 -3.0043
3 16 6.25 -18.6199 -3.0043 6.25 -10.0144 6.1002 6.25 -5.25 -3.0043
3 16 6.25 -10.0144 6.1002 6.25 -18.3652 5.9874 6.2036 -10.0144 6.1002
3 16 6.25 -18.3652 5.9874 6.013 -11.6176 6.1213 6.2036 -10.0144 6.1002
3 16 -6.25 -10 6.1202 -6.2127 -10 6.1202 -6.0181 -18.3843 6.1207
3 16 -6.0181 -18.3843 6.1207 -6.2127 -10 6.1202 -6.0611 -11.6176 6.1201
3 16 -8.6363 -15.227 -5.2543 -8.4344 -20.3904 -5.2551 -8.6382 -15.2586 0.0434
3 16 -8.6382 -15.2586 0.0434 -8.4344 -20.3904 -5.2551 -8.4141 -20.9891 0.0329
3 16 -7.8358 -35.7097 -4.4404 -7.9556 -32.6438 -4.6157 -7.96 -32.4789 -7.9488
3 16 -7.7915 -36.9084 0.0019 -7.9492 -32.8759 0.0124 -7.8358 -35.7097 -4.4404
3 16 -7.8358 -35.7097 -4.4404 -7.9492 -32.8759 0.0124 -7.9556 -32.6438 -4.6157
3 16 -7.9419 -33.1281 4.4306 -7.9492 -32.8759 0.0124 -7.841 -35.7083 4.4404
3 16 -7.841 -35.7083 4.4404 -7.9492 -32.8759 0.0124 -7.7915 -36.9084 0.0019
3 16 -8.1324 -28.0547 -9.0589 -8.1349 -28.0534 -4.8934 -8.3109 -23.5074 -7.8571
3 16 -8.3109 -23.5074 -7.8571 -8.1349 -28.0534 -4.8934 -8.3116 -23.5328 -5.1497
3 16 8.023 -30.4929 -2.5033 8.023 -31.527 -0.0043 8.023 -35.7094 -4.4404
3 16 8.023 -35.7094 -4.4404 8.023 -31.527 -0.0043 8.0228 -36.9083 0.0019
3 16 8.0228 -36.9083 0.0019 8.023 -31.527 -0.0043 8.0226 -35.7094 4.4404
3 16 8.0226 -35.7094 4.4404 8.023 -31.527 -0.0043 8.023 -30.4864 2.4947
3 16 8.023 -27.9963 3.5298 8.0229 -33.5464 7.3428 8.023 -30.4864 2.4947
3 16 8.023 -30.4864 2.4947 8.0229 -33.5464 7.3428 8.0226 -35.7094 4.4404
3 16 8.023 -27.9963 3.5298 8.023 -32.0564 8.0614 8.0229 -33.5464 7.3428
3 16 8.023 -28.0426 8.7457 8.023 -30.1313 8.5941 8.023 -27.9963 3.5298
3 16 8.023 -26.0452 8.522 8.023 -28.0426 8.7457 8.023 -27.9963 3.5298
3 16 8.023 -26.0452 8.522 8.023 -27.9963 3.5298 8.023 -24.7388 8.0631
3 16 8.023 -24.7388 8.0631 8.023 -27.9963 3.5298 8.023 -25.5034 2.4947
3 16 8.023 -25.5034 2.4947 8.023 -19.8982 3.2016 8.023 -21.8301 6.1197
3 16 8.023 -21.8301 6.1197 8.023 -24.7388 8.0631 8.023 -25.5034 2.4947
3 16 8.023 -25.5034 -2.5033 8.023 -19.8866 -3.651 8.023 -24.4682 -0.0043
3 16 8.023 -24.4682 -0.0043 8.023 -19.8866 -3.651 8.023 -19.2042 -0.2199
3 16 8.023 -20.9673 -5.2543 8.023 -19.8866 -3.651 8.023 -25.5034 -2.5033
3 16 8.023 -25.5034 -2.5033 8.023 -23.5051 -7.857 8.023 -20.9673 -5.2543
3 16 8.023 -28.0536 -9.0589 8.023 -23.5051 -7.857 8.023 -28.002 -3.5384
3 16 8.023 -28.002 -3.5384 8.023 -23.5051 -7.857 8.023 -25.5034 -2.5033
3 16 8.023 -30.4929 -2.5033 8.023 -32.4793 -7.9489 8.023 -28.002 -3.5384
3 16 8.023 -28.002 -3.5384 8.023 -32.4793 -7.9489 8.023 -28.0536 -9.0589
3 16 8.023 -35.7094 -4.4404 8.023 -32.4793 -7.9489 8.023 -30.4929 -2.5033
3 16 8.8625 -19.8866 -3.651 8.023 -19.8866 -3.651 8.8625 -20.9674 -5.2543
3 16 8.8625 -20.9674 -5.2543 8.023 -19.8866 -3.651 8.023 -20.9673 -5.2543
3 16 8.023 -19.8866 -3.651 8.8625 -19.8866 -3.651 8.023 -19.2042 -0.2199
3 16 8.023 -19.2042 -0.2199 8.8625 -19.8866 -3.651 8.8625 -19.2042 -0.2199
3 16 8.8625 -19.8751 3.2016 8.8625 -21.8301 6.1197 8.023 -19.8982 3.2016
3 16 8.023 -19.8982 3.2016 8.8625 -21.8301 6.1197 8.023 -21.8301 6.1197
3 16 8.8625 -24.7388 8.0631 8.023 -24.7388 8.0631 8.8625 -21.8301 6.1197
3 16 8.8625 -21.8301 6.1197 8.023 -24.7388 8.0631 8.023 -21.8301 6.1197
3 16 8.023 -28.0426 8.7457 8.023 -26.0452 8.522 8.023 -26.005 8.7457
3 16 8.8625 -26.0454 8.522 8.8625 -26.0051 8.7457 8.023 -26.0452 8.522
3 16 8.023 -26.0452 8.522 8.8625 -26.0051 8.7457 8.023 -26.005 8.7457
3 16 8.023 -24.7388 8.0631 8.8625 -24.7388 8.0631 8.023 -26.0452 8.522
3 16 8.023 -26.0452 8.522 8.8625 -24.7388 8.0631 8.8625 -26.0454 8.522
3 16 8.8625 -21.8301 6.1197 8.8625 -19.8751 3.2016 8.8625 -21.107 8.7457
3 16 8.8625 -21.107 8.7457 8.8625 -19.8751 3.2016 8.8625 -15.291 8.7457
3 16 8.8625 -15.1898 -5.2543 8.8625 -19.2042 -0.2199 8.8625 -19.8866 -3.651
3 16 8.8625 -19.8866 -3.651 8.8625 -20.3863 -5.2543 8.8625 -15.1898 -5.2543
3 16 8.023 -23.5051 -7.857 -8.3109 -23.5074 -7.8571 8.023 -20.9673 -5.2543
3 16 8.023 -20.9673 -5.2543 -8.3109 -23.5074 -7.8571 -8.4105 -21.0023 -5.2552
3 16 8.0228 -36.9083 0.0019 8.0226 -35.7094 4.4404 -7.7915 -36.9084 0.0019
3 16 -7.7915 -36.9084 0.0019 8.0226 -35.7094 4.4404 -7.841 -35.7083 4.4404
3 16 8.0228 -36.9083 0.0019 -7.7915 -36.9084 0.0019 8.023 -35.7094 -4.4404
3 16 8.023 -35.7094 -4.4404 -7.7915 -36.9084 0.0019 -7.8358 -35.7097 -4.4404
3 16 -8.1324 -28.0547 -9.0589 8.023 -28.0536 -9.0589 -7.96 -32.4789 -7.9488
3 16 -7.96 -32.4789 -7.9488 8.023 -28.0536 -9.0589 8.023 -32.4793 -7.9489
3 16 8.023 -35.7094 -4.4404 -7.8358 -35.7097 -4.4404 8.023 -32.4793 -7.9489
3 16 8.023 -32.4793 -7.9489 -7.8358 -35.7097 -4.4404 -7.96 -32.4789 -7.9488
3 16 -8.3109 -23.5074 -7.8571 8.023 -23.5051 -7.857 -8.1324 -28.0547 -9.0589
3 16 -8.1324 -28.0547 -9.0589 8.023 -23.5051 -7.857 8.023 -28.0536 -9.0589
3 16 8.8625 -20.3863 -5.2543 8.05 -20.3865 -5.2543 8.8625 -15.1898 -5.2543
3 16 8.023 -30.4929 -2.5033 2.5688 -30.4929 -2.5033 8.023 -31.527 -0.0043
3 16 8.023 -31.527 -0.0043 2.5688 -30.4929 -2.5033 2.5688 -31.527 -0.0043
3 16 8.023 -31.527 -0.0043 2.5688 -31.527 -0.0043 8.023 -30.4864 2.4947
3 16 8.023 -30.4864 2.4947 2.5688 -31.527 -0.0043 2.5688 -30.4864 2.4947
3 16 8.023 -30.4864 2.4947 2.5688 -30.4864 2.4947 8.023 -27.9963 3.5298
3 16 8.023 -27.9963 3.5298 2.5688 -30.4864 2.4947 2.5688 -27.9963 3.5298
3 16 8.023 -27.9963 3.5298 2.5688 -27.9963 3.5298 8.023 -25.5034 2.4947
3 16 8.023 -25.5034 2.4947 2.5688 -27.9963 3.5298 2.5688 -25.5034 2.4947
3 16 8.023 -25.5034 2.4947 2.5688 -25.5034 2.4947 8.023 -24.4682 -0.0043
3 16 8.023 -24.4682 -0.0043 2.5688 -25.5034 2.4947 2.5283 -24.4636 0.0079
3 16 2.5283 -24.4636 0.0079 2.5688 -25.5034 -2.5033 8.023 -24.4682 -0.0043
3 16 8.023 -24.4682 -0.0043 2.5688 -25.5034 -2.5033 8.023 -25.5034 -2.5033
3 16 8.023 -25.5034 -2.5033 2.5688 -25.5034 -2.5033 8.023 -28.002 -3.5384
3 16 8.023 -28.002 -3.5384 2.5688 -25.5034 -2.5033 2.5688 -28.002 -3.5384
3 16 8.023 -28.002 -3.5384 2.5688 -28.002 -3.5384 8.023 -30.4929 -2.5033
3 16 8.023 -30.4929 -2.5033 2.5688 -28.002 -3.5384 2.5688 -30.4929 -2.5033
3 16 -4.4617 -21.0003 8.7457 -4.4241 -16.8595 8.7443 -6.2054 -15.3163 8.7457
3 16 -4.4617 -21.0003 8.7457 -0.15 -21.0349 8.7457 -2.4601 -17.7942 8.7445
3 16 -2.4601 -17.7942 8.7445 -0.15 -21.0349 8.7457 -0.089 -18.1882 8.7457
3 16 4.2813 -16.8595 8.7451 2.3662 -17.7942 8.7449 4.4591 -21.0718 8.7457
3 16 -8.6413 -15.3106 8.7457 -8.42 -20.9684 8.7457 -6.2054 -15.3163 8.7457
3 16 -6.2054 -15.3163 8.7457 -8.42 -20.9684 8.7457 -4.4617 -21.0003 8.7457
3 16 4.4591 -21.0718 8.7457 8.8625 -21.107 8.7457 6.1055 -15.2676 8.7457
3 16 6.1055 -15.2676 8.7457 8.8625 -21.107 8.7457 8.8625 -15.291 8.7457
3 16 8.023 -26.005 8.7457 5.3413 -27.3139 8.7457 8.023 -28.0426 8.7457
3 16 8.023 -28.0426 8.7457 5.3413 -27.3139 8.7457 5.9657 -28.8212 8.6807
3 16 6.1671 -30.4395 8.6175 8.023 -30.1313 8.5941 5.9657 -28.8212 8.6807
3 16 5.9657 -28.8212 8.6807 8.023 -30.1313 8.5941 8.023 -28.0426 8.7457
3 16 5.3413 -33.5638 7.3431 8.0229 -33.5464 7.3428 5.9657 -32.0314 7.9656
3 16 5.9657 -32.0314 7.9656 8.0229 -33.5464 7.3428 8.023 -32.0564 8.0614
3 16 8.0229 -33.5464 7.3428 5.3413 -33.5638 7.3431 8.0226 -35.7094 4.4404
3 16 8.0226 -35.7094 4.4404 5.3413 -33.5638 7.3431 3.5263 -35.1581 4.8881
3 16 -3.3436 -35.1581 4.7987 -5.4036 -33.7429 7.0995 -7.841 -35.7083 4.4404
3 16 -7.841 -35.7083 4.4404 -5.4036 -33.7429 7.0995 -7.9371 -33.9222 7.0995
3 16 -7.9812 -32.1194 8.0614 -7.9371 -33.9222 7.0995 -6.1084 -32.1194 8.0616
3 16 -6.1084 -32.1194 8.0616 -7.9371 -33.9222 7.0995 -5.4036 -33.7429 7.0995
3 16 -8.1433 -28.0429 8.7457 -8.0551 -30.2964 8.6467 -6.1084 -28.8212 8.6983
3 16 -6.1084 -28.8212 8.6983 -8.0551 -30.2964 8.6467 -6.3214 -30.4387 8.6549
3 16 -8.3165 -23.6141 8.7457 -8.1433 -28.0429 8.7457 -4.4908 -26.0195 8.7457
3 16 -4.4908 -26.0195 8.7457 -8.1433 -28.0429 8.7457 -5.4841 -27.3139 8.7457
3 16 -5.4558 -33.3707 5.024 -6.1084 -32.1194 5.0248 -5.4036 -33.7429 7.0995
3 16 -5.4036 -33.7429 7.0995 -6.1084 -32.1194 5.0248 -6.1084 -32.1194 8.0616
3 16 -6.1084 -28.8212 8.6983 -6.3214 -30.4387 8.6549 -6.1084 -28.8212 5.0255
3 16 -6.1084 -28.8212 5.0255 -6.3214 -30.4387 8.6549 -6.3214 -30.4389 5.0255
3 16 -4.4908 -26.0195 8.7457 -5.4841 -27.3139 8.7457 -4.5194 -26.0072 5.0255
3 16 -4.5194 -26.0072 5.0255 -5.4841 -27.3139 8.7457 -5.4841 -27.3139 5.0255
3 16 -0.0714 -24.1889 5.0503 1.5462 -24.4019 5.0697 -0.0714 -24.1889 8.7457
3 16 -0.0714 -24.1889 8.7457 1.5462 -24.4019 5.0697 1.5462 -24.4019 8.7457
3 16 4.348 -26.0195 8.7457 4.348 -26.0195 5.0871 5.3413 -27.3139 8.7457
3 16 5.3413 -27.3139 8.7457 4.348 -26.0195 5.0871 5.3413 -27.3139 5.0871
3 16 5.9657 -28.8212 5.0871 5.9657 -28.8212 8.6807 5.3413 -27.3139 5.0871
3 16 5.3413 -27.3139 5.0871 5.9657 -28.8212 8.6807 5.3413 -27.3139 8.7457
3 16 5.9657 -32.0314 7.9656 5.9657 -32.0314 5.0871 5.3413 -33.5638 7.3431
3 16 5.3413 -33.5638 7.3431 5.9657 -32.0314 5.0871 5.3413 -33.5638 5.0871
3 16 5.3413 -33.5638 5.0871 3.5263 -35.1581 4.8881 5.3413 -33.5638 7.3431
3 16 8.0226 -35.7094 4.4404 3.5263 -35.1581 4.8881 -7.841 -35.7083 4.4404
3 16 -7.841 -35.7083 4.4404 3.5263 -35.1581 4.8881 -3.3436 -35.1581 4.7987
3 16 -1.689 -24.4019 5.0503 -1.689 -24.4019 8.7457 -3.2 -25.028 5.0503
3 16 -3.2 -25.028 5.0503 -1.689 -24.4019 8.7457 -3.2 -25.028 8.7457
3 16 -4.5194 -26.0072 5.0255 -3.2 -25.028 5.0503 -4.4908 -26.0195 8.7457
3 16 -4.4908 -26.0195 8.7457 -3.2 -25.028 5.0503 -3.2 -25.028 8.7457
3 16 5.3413 -27.3139 5.0871 4.348 -26.0195 5.0871 2.5283 -27.9218 5.0871
3 16 2.5283 -27.9218 5.0871 4.348 -26.0195 5.0871 2.5282 -24.7061 5.0871
3 16 2.5283 -31.4386 5.0871 5.9657 -28.8212 5.0871 2.5283 -27.9218 5.0871
3 16 2.5283 -27.9218 5.0871 5.9657 -28.8212 5.0871 5.3413 -27.3139 5.0871
3 16 2.5283 -33.9775 5.0871 5.3413 -33.5638 5.0871 2.5283 -31.4386 5.0871
3 16 2.5283 -31.4386 5.0871 5.3413 -33.5638 5.0871 5.9657 -32.0314 5.0871
3 16 3.5263 -35.1581 4.8881 5.3413 -33.5638 5.0871 2.5283 -33.9775 5.0871
3 16 2.5283 -33.9775 5.0871 2.5283 -33.9775 -2.8574 -4.5194 -33.9775 5.0255
3 16 -4.5194 -33.9775 5.0255 2.5283 -33.9775 -2.8574 -4.5194 -33.9775 -2.8574
3 16 -4.5194 -33.9775 5.0255 -5.4558 -33.3707 5.024 -5.4036 -33.7429 7.0995
3 16 -4.5194 -33.9775 5.0255 -4.5194 -30.1897 5.0255 -5.4558 -33.3707 5.024
3 16 -5.4558 -33.3707 5.024 -4.5194 -30.1897 5.0255 -6.1084 -32.1194 5.0248
3 16 -6.3214 -30.4389 5.0255 -4.5194 -30.1897 5.0255 -6.1084 -28.8212 5.0255
3 16 -4.5194 -33.9775 5.0255 -4.5194 -33.9775 -2.8574 -4.5194 -30.1897 5.0255
3 16 -4.5194 -30.1897 5.0255 -4.5194 -33.9775 -2.8574 -4.5194 -29.2953 -2.8574
3 16 -4.5194 -30.1897 5.0255 -4.5194 -29.2953 -2.8574 -4.5194 -28.1494 5.0255
3 16 -4.5194 -30.6111 -7.282 -4.5194 -29.2953 -2.8574 -4.5194 -32.2139 -6.8558
3 16 -4.5194 -32.2139 -6.8558 -4.5194 -29.2953 -2.8574 -4.5194 -33.9775 -2.8574
3 16 -4.5194 -27.6789 -6.5979 -4.5194 -29.2953 -2.8574 -4.5194 -30.6111 -7.282
3 16 -4.5194 -26.0453 -6.1829 -4.5194 -26.0526 -2.8574 -4.5194 -27.6789 -6.5979
3 16 -4.5194 -27.6789 -6.5979 -4.5194 -26.0526 -2.8574 -4.5194 -29.2953 -2.8574
3 16 -4.5194 -26.0453 -6.1829 -3.2 -25.2132 -5.6884 -4.5194 -26.0526 -2.8574
3 16 -4.5194 -26.0526 -2.8574 -3.2 -25.2132 -5.6884 -3.2 -24.9119 -2.8574
3 16 -0.2226 -24.6324 -5.6884 -0.3232 -24.1043 -3.3079 -3.2 -25.2132 -5.6884
3 16 -3.2 -25.2132 -5.6884 -0.3232 -24.1043 -3.3079 -3.2 -24.9119 -2.8574
3 16 -0.2226 -24.6324 -5.6884 2.4453 -25.1938 -5.6796 -0.3232 -24.1043 -3.3079
3 16 -0.3232 -24.1043 -3.3079 2.4453 -25.1938 -5.6796 2.5283 -24.7236 -2.765
3 16 2.5283 -33.9775 -2.8574 2.5283 -32.2139 -6.8558 -4.5194 -33.9775 -2.8574
3 16 -4.5194 -33.9775 -2.8574 2.5283 -32.2139 -6.8558 -4.5194 -32.2139 -6.8558
3 16 -4.5194 -32.2139 -6.8558 2.5283 -32.2139 -6.8558 -4.5194 -30.6111 -7.282
3 16 -4.5194 -30.6111 -7.282 2.5283 -32.2139 -6.8558 2.5283 -30.0262 -7.024
3 16 -4.5194 -30.6111 -7.282 2.5283 -30.0262 -7.024 -4.5194 -27.6789 -6.5979
3 16 -4.5194 -27.6789 -6.5979 2.5283 -30.0262 -7.024 2.5283 -27.7112 -6.5979
3 16 -3.2 -25.2132 -5.6884 -4.5194 -26.0453 -6.1829 -4.5194 -27.6789 -6.5979
3 16 2.5283 -27.7112 -6.5979 2.4453 -25.1938 -5.6796 -0.2226 -24.6324 -5.6884
3 16 -3.2 -25.028 5.0503 -4.5194 -26.0072 5.0255 -3.2 -24.9119 -2.8574
3 16 -3.2 -24.9119 -2.8574 -4.5194 -26.0072 5.0255 -4.5194 -26.0526 -2.8574
3 16 -3.2 -24.9119 -2.8574 -1.689 -24.4019 5.0503 -3.2 -25.028 5.0503
3 16 2.5283 -24.7236 -2.765 2.4453 -25.1938 -5.6796 2.5688 -25.5034 -2.5033
3 16 2.5688 -25.5034 -2.5033 2.4453 -25.1938 -5.6796 2.5688 -28.002 -3.5384
3 16 -0.3232 -24.1043 -3.3079 2.5283 -24.7236 -2.765 2.5283 -24.4636 0.0079
3 16 2.5282 -24.7061 5.0871 2.5283 -24.4636 0.0079 2.5688 -25.5034 2.4947
3 16 1.5462 -24.4019 5.0697 -0.0714 -24.1889 5.0503 2.5283 -24.4636 0.0079
3 16 2.5283 -24.4636 0.0079 -0.0714 -24.1889 5.0503 -0.3232 -24.1043 -3.3079
3 16 -4.5194 -28.1494 5.0255 -4.5194 -26.0072 5.0255 -5.4841 -27.3139 5.0255
3 16 -4.5194 -29.2953 -2.8574 -4.5194 -26.0526 -2.8574 -4.5194 -28.1494 5.0255
3 16 -4.5194 -28.1494 5.0255 -4.5194 -26.0526 -2.8574 -4.5194 -26.0072 5.0255
3 16 -3.2 -25.2132 -5.6884 -4.5194 -27.6789 -6.5979 -0.2226 -24.6324 -5.6884
3 16 -0.2226 -24.6324 -5.6884 -4.5194 -27.6789 -6.5979 2.5283 -27.7112 -6.5979
3 16 3.5263 -35.1581 4.8881 2.5283 -33.9775 5.0871 -3.3436 -35.1581 4.7987
3 16 -3.3436 -35.1581 4.7987 2.5283 -33.9775 5.0871 -4.5194 -33.9775 5.0255
3 16 -3.3436 -35.1581 4.7987 -4.5194 -33.9775 5.0255 -5.4036 -33.7429 7.0995
3 16 2.5688 -28.002 -3.5384 2.4453 -25.1938 -5.6796 2.5283 -27.7112 -6.5979
3 16 2.5283 -24.4636 0.0079 2.5283 -24.7236 -2.765 2.5688 -25.5034 -2.5033
3 16 2.5688 -30.4929 -2.5033 2.5688 -28.002 -3.5384 2.5283 -30.0262 -7.024
3 16 2.5283 -30.0262 -7.024 2.5688 -28.002 -3.5384 2.5283 -27.7112 -6.5979
3 16 2.5688 -30.4929 -2.5033 2.5283 -30.0262 -7.024 2.5283 -32.2139 -6.8558
3 16 2.5688 -31.527 -0.0043 2.5688 -30.4929 -2.5033 2.5283 -33.9775 -2.8574
3 16 2.5283 -33.9775 -2.8574 2.5688 -30.4929 -2.5033 2.5283 -32.2139 -6.8558
3 16 2.5688 -30.4864 2.4947 2.5688 -31.527 -0.0043 2.5283 -33.9775 5.0871
3 16 2.5283 -33.9775 5.0871 2.5688 -31.527 -0.0043 2.5283 -33.9775 -2.8574
3 16 2.5282 -24.7061 5.0871 2.5688 -25.5034 2.4947 2.5283 -27.9218 5.0871
3 16 2.5283 -27.9218 5.0871 2.5688 -25.5034 2.4947 2.5688 -27.9963 3.5298
3 16 2.5283 -33.9775 5.0871 2.5283 -31.4386 5.0871 2.5688 -30.4864 2.4947
3 16 2.5283 -31.4386 5.0871 2.5283 -27.9218 5.0871 2.5688 -30.4864 2.4947
3 16 2.5688 -30.4864 2.4947 2.5283 -27.9218 5.0871 2.5688 -27.9963 3.5298
3 16 -7.9556 -32.6438 -4.6157 -8.1349 -28.0534 -4.8934 -7.96 -32.4789 -7.9488
3 16 -7.96 -32.4789 -7.9488 -8.1349 -28.0534 -4.8934 -8.1324 -28.0547 -9.0589
3 16 -7.9492 -32.8759 0.0124 -8.138 -28.0492 0.0249 -7.9556 -32.6438 -4.6157
3 16 -7.9556 -32.6438 -4.6157 -8.138 -28.0492 0.0249 -8.1349 -28.0534 -4.8934
3 16 -8.138 -28.0492 0.0249 -7.9492 -32.8759 0.0124 -8.1406 -28.0474 4.4112
3 16 -8.1406 -28.0474 4.4112 -7.9492 -32.8759 0.0124 -7.9419 -33.1281 4.4306
3 16 -7.841 -35.7083 4.4404 -7.9371 -33.9222 7.0995 -7.9419 -33.1281 4.4306
3 16 -7.9371 -33.9222 7.0995 -7.9812 -32.1194 8.0614 -7.9419 -33.1281 4.4306
3 16 -8.0551 -30.2964 8.6467 -8.1433 -28.0429 8.7457 -8.1406 -28.0474 4.4112
3 16 -8.1433 -28.0429 8.7457 -8.3165 -23.6141 8.7457 -8.1406 -28.0474 4.4112
3 16 -8.1406 -28.0474 4.4112 -8.3165 -23.6141 8.7457 -8.3148 -23.5922 4.394
3 16 -8.6397 -15.2844 4.3627 -8.417 -20.9786 4.3842 -8.6413 -15.3106 8.7457
3 16 -8.6413 -15.3106 8.7457 -8.417 -20.9786 4.3842 -8.42 -20.9684 8.7457
3 16 -8.1406 -28.0474 4.4112 -8.3148 -23.5922 4.394 -8.138 -28.0492 0.0249
3 16 -8.138 -28.0492 0.0249 -8.3148 -23.5922 4.394 -8.3131 -23.5703 0.0313
3 16 -8.6382 -15.2586 0.0434 -8.4141 -20.9891 0.0329 -8.6397 -15.2844 4.3627
3 16 -8.6397 -15.2844 4.3627 -8.4141 -20.9891 0.0329 -8.417 -20.9786 4.3842
3 16 -3.2 -25.028 8.7457 -4.4617 -21.0003 8.7457 -8.3165 -23.6141 8.7457
3 16 -8.3165 -23.6141 8.7457 -4.4617 -21.0003 8.7457 -8.42 -20.9684 8.7457
3 16 -1.689 -24.4019 8.7457 -4.4617 -21.0003 8.7457 -3.2 -25.028 8.7457
3 16 4.4591 -21.0718 8.7457 -0.15 -21.0349 8.7457 1.5462 -24.4019 8.7457
3 16 1.5462 -24.4019 8.7457 -0.15 -21.0349 8.7457 -0.0714 -24.1889 8.7457
3 16 3.0536 -25.0262 8.7457 4.348 -26.0195 8.7457 4.4591 -21.0718 8.7457
3 16 4.4591 -21.0718 8.7457 4.348 -26.0195 8.7457 8.8625 -21.107 8.7457
3 16 8.023 -26.005 8.7457 8.8625 -26.0051 8.7457 8.8625 -21.107 8.7457
3 16 8.8625 -26.0051 8.7457 8.8625 -26.0454 8.522 8.8625 -21.107 8.7457
3 16 8.8625 -26.0454 8.522 8.8625 -24.7388 8.0631 8.8625 -21.107 8.7457
3 16 8.8625 -24.7388 8.0631 8.8625 -21.8301 6.1197 8.8625 -21.107 8.7457
3 16 -8.417 -20.9786 4.3842 -8.3148 -23.5922 4.394 -8.42 -20.9684 8.7457
3 16 -8.42 -20.9684 8.7457 -8.3148 -23.5922 4.394 -8.3165 -23.6141 8.7457
3 16 -8.4141 -20.9891 0.0329 -8.3131 -23.5703 0.0313 -8.417 -20.9786 4.3842
3 16 -8.417 -20.9786 4.3842 -8.3131 -23.5703 0.0313 -8.3148 -23.5922 4.394
3 16 -8.4105 -21.0023 -5.2552 -8.3116 -23.5328 -5.1497 -8.4141 -20.9891 0.0329
3 16 -8.4141 -20.9891 0.0329 -8.3116 -23.5328 -5.1497 -8.3131 -23.5703 0.0313
3 16 -8.3109 -23.5074 -7.8571 -8.3116 -23.5328 -5.1497 -8.4105 -21.0023 -5.2552
3 16 -8.3116 -23.5328 -5.1497 -8.1349 -28.0534 -4.8934 -8.3131 -23.5703 0.0313
3 16 -8.3131 -23.5703 0.0313 -8.1349 -28.0534 -4.8934 -8.138 -28.0492 0.0249
3 16 -8.4344 -20.3904 -5.2551 -8.6363 -15.227 -5.2543 8.05 -20.3865 -5.2543
3 16 8.05 -20.3865 -5.2543 -8.6363 -15.227 -5.2543 8.8625 -15.1898 -5.2543
3 16 8.8625 -19.8866 -3.651 8.8625 -20.9674 -5.2543 8.8625 -20.3863 -5.2543
3 16 8.023 -20.9673 -5.2543 8.05 -20.3865 -5.2543 8.8625 -20.9674 -5.2543
3 16 8.8625 -20.9674 -5.2543 8.05 -20.3865 -5.2543 8.8625 -20.3863 -5.2543
3 16 8.023 -20.9673 -5.2543 -8.4105 -21.0023 -5.2552 8.05 -20.3865 -5.2543
3 16 8.05 -20.3865 -5.2543 -8.4105 -21.0023 -5.2552 -8.4344 -20.3904 -5.2551
3 16 -8.4141 -20.9891 0.0329 -8.4344 -20.3904 -5.2551 -8.4105 -21.0023 -5.2552
3 16 4.4591 -21.0718 8.7457 2.3662 -17.7942 8.7449 -0.15 -21.0349 8.7457
3 16 -0.15 -21.0349 8.7457 2.3662 -17.7942 8.7449 -0.089 -18.1882 8.7457
3 16 -4.4617 -21.0003 8.7457 -2.4601 -17.7942 8.7445 -4.4241 -16.8595 8.7443
3 16 4.4591 -21.0718 8.7457 6.1055 -15.2676 8.7457 4.2813 -16.8595 8.7451
3 16 2.5282 -24.7061 5.0871 1.5462 -24.4019 5.0697 2.5283 -24.4636 0.0079
3 16 1.5462 -24.4019 5.0697 2.5282 -24.7061 5.0871 1.5462 -24.4019 8.7457
3 16 1.5462 -24.4019 8.7457 2.5282 -24.7061 5.0871 3.0536 -25.0262 8.7457
3 16 2.5282 -24.7061 5.0871 4.348 -26.0195 5.0871 3.0536 -25.0262 8.7457
3 16 3.0536 -25.0262 8.7457 4.348 -26.0195 5.0871 4.348 -26.0195 8.7457
3 16 8.8625 -21.107 8.7457 4.348 -26.0195 8.7457 8.023 -26.005 8.7457
3 16 8.023 -26.005 8.7457 4.348 -26.0195 8.7457 5.3413 -27.3139 8.7457
3 16 2.5283 -31.4386 5.0871 6.1901 -30.4382 5.0871 5.9657 -28.8212 5.0871
3 16 6.1901 -30.4382 5.0871 6.1671 -30.4395 8.6175 5.9657 -28.8212 5.0871
3 16 5.9657 -28.8212 5.0871 6.1671 -30.4395 8.6175 5.9657 -28.8212 8.6807
3 16 8.023 -30.1313 8.5941 8.023 -32.0564 8.0614 8.023 -27.9963 3.5298
3 16 5.9657 -32.0314 7.9656 8.023 -32.0564 8.0614 6.1671 -30.4395 8.6175
3 16 6.1671 -30.4395 8.6175 8.023 -32.0564 8.0614 8.023 -30.1313 8.5941
3 16 6.1671 -30.4395 8.6175 6.1901 -30.4382 5.0871 5.9657 -32.0314 7.9656
3 16 5.9657 -32.0314 7.9656 6.1901 -30.4382 5.0871 5.9657 -32.0314 5.0871
3 16 2.5283 -31.4386 5.0871 5.9657 -32.0314 5.0871 6.1901 -30.4382 5.0871
3 16 -3.2 -24.9119 -2.8574 -0.3232 -24.1043 -3.3079 -1.689 -24.4019 5.0503
3 16 -1.689 -24.4019 5.0503 -0.3232 -24.1043 -3.3079 -0.0714 -24.1889 5.0503
3 16 -0.0714 -24.1889 5.0503 -0.0714 -24.1889 8.7457 -1.689 -24.4019 5.0503
3 16 -1.689 -24.4019 5.0503 -0.0714 -24.1889 8.7457 -1.689 -24.4019 8.7457
3 16 -0.0714 -24.1889 8.7457 -0.15 -21.0349 8.7457 -1.689 -24.4019 8.7457
3 16 -1.689 -24.4019 8.7457 -0.15 -21.0349 8.7457 -4.4617 -21.0003 8.7457
3 16 -3.2 -25.028 8.7457 -8.3165 -23.6141 8.7457 -4.4908 -26.0195 8.7457
3 16 -4.5194 -30.1897 5.0255 -4.5194 -28.1494 5.0255 -6.1084 -28.8212 5.0255
3 16 -6.1084 -28.8212 5.0255 -4.5194 -28.1494 5.0255 -5.4841 -27.3139 5.0255
3 16 -5.4841 -27.3139 8.7457 -6.1084 -28.8212 8.6983 -5.4841 -27.3139 5.0255
3 16 -5.4841 -27.3139 5.0255 -6.1084 -28.8212 8.6983 -6.1084 -28.8212 5.0255
3 16 -5.4841 -27.3139 8.7457 -8.1433 -28.0429 8.7457 -6.1084 -28.8212 8.6983
3 16 -6.1084 -32.1194 5.0248 -4.5194 -30.1897 5.0255 -6.3214 -30.4389 5.0255
3 16 -6.1084 -32.1194 5.0248 -6.3214 -30.4389 5.0255 -6.1084 -32.1194 8.0616
3 16 -6.1084 -32.1194 8.0616 -6.3214 -30.4389 5.0255 -6.3214 -30.4387 8.6549
3 16 -8.0551 -30.2964 8.6467 -7.9812 -32.1194 8.0614 -6.3214 -30.4387 8.6549
3 16 -6.3214 -30.4387 8.6549 -7.9812 -32.1194 8.0614 -6.1084 -32.1194 8.0616
3 16 -7.9812 -32.1194 8.0614 -8.0551 -30.2964 8.6467 -7.9419 -33.1281 4.4306
3 16 -7.9419 -33.1281 4.4306 -8.0551 -30.2964 8.6467 -8.1406 -28.0474 4.4112
3 16 4.4591 -21.0718 8.7457 1.5462 -24.4019 8.7457 3.0536 -25.0262 8.7457
3 16 8.023 -19.2042 -0.2199 8.023 -19.8982 3.2016 8.023 -24.4682 -0.0043
3 16 8.023 -24.4682 -0.0043 8.023 -19.8982 3.2016 8.023 -25.5034 2.4947
3 16 8.8625 -19.2042 -0.2199 8.8625 -19.8751 3.2016 8.023 -19.2042 -0.2199
3 16 8.023 -19.2042 -0.2199 8.8625 -19.8751 3.2016 8.023 -19.8982 3.2016
3 16 8.8625 -19.2042 -0.2199 8.8625 -15.1898 -5.2543 8.8625 -19.8751 3.2016
3 16 8.8625 -19.8751 3.2016 8.8625 -15.1898 -5.2543 8.8625 -15.291 8.7457
2 24 8.8625 -8 -11.2543 8.8625 -2.8239 -11.2543
2 24 8.8625 -8 -11.2543 8.8625 -8 -5.2543
2 24 8.8625 -8 -5.2543 8.8625 -15.1898 -5.2543
2 24 8.8625 -2.7767 8.7457 8.8625 -15.291 8.7457
2 24 -9.1173 -2.8386 -11.2543 -8.9154 -8.0003 -11.2543
2 24 -8.9189 -8.0004 -5.2543 -8.9154 -8.0003 -11.2543
2 24 -8.9189 -8.0004 -5.2543 -8.6363 -15.227 -5.2543
2 24 -9.1173 -2.8386 -11.2543 -8.9154 -8.0003 -11.2543
2 24 8.8625 -2.8239 -11.2543 8.8625 -8 -11.2543
2 24 -8.9154 -8.0003 -11.2543 8.8625 -8 -11.2543
2 24 8.8625 -8 -11.2543 8.8625 -8 -5.2543
2 24 8.8625 -8 -11.2543 -8.9154 -8.0003 -11.2543
2 24 8.8625 -8 -5.2543 -8.9189 -8.0004 -5.2543
2 24 -8.9154 -8.0003 -11.2543 -8.9189 -8.0004 -5.2543
2 24 8.8625 -15.1898 -5.2543 8.8625 -8 -5.2543
2 24 -8.6363 -15.227 -5.2543 -8.9189 -8.0004 -5.2543
2 24 8.8625 -8 -5.2543 -8.9189 -8.0004 -5.2543
2 24 5.3886 -13.125 8.7453 6.013 -11.6176 8.7454
2 24 6.1804 -10.0144 8.7454 6.013 -8.3824 8.7454
2 24 5.3886 -6.875 8.7453 4.3954 -5.5806 8.7452
2 24 3.101 -4.5874 8.745 1.5936 -3.963 8.7449
2 24 -3.149 -4.5874 8.7444 -1.6417 -3.963 8.7445
2 24 -4.4435 -5.5806 8.7443 -5.4368 -6.875 8.7441
2 24 -6.0611 -8.3824 8.7441 -6.1804 -10 8.7441
2 24 -9.1202 -3.0642 8.7457 -8.6413 -15.3106 8.7457
2 24 8.8625 -15.291 8.7457 8.8625 -2.7767 8.7457
2 24 -6.1804 -10 8.7441 -6.0611 -11.6176 8.7441
2 24 -6.25 0 -0.0484 -6.25 0 -7.5043
2 24 -9.2349 -0.0002 0.0728 -9.2283 0.0001 -11.2543
2 24 8.8625 0 -11.2543 8.8625 0 8.7457
2 24 6.25 0 -7.5043 6.25 0 6.1207
2 24 -9.2283 0.0001 -11.2543 8.8625 0 -11.2543
2 24 -6.25 0 -7.5043 6.25 0 -7.5043
2 24 6.25 0 6.1207 -6.25 0 6.1207
2 24 8.8625 0 8.7457 -9.24 -0.0004 8.7457
2 24 -6.25 0 -7.5043 -6.25 -5.25 -7.5043
2 24 -6.25 0 -7.5043 6.25 0 -7.5043
2 24 -6.25 -5.25 -7.5043 6.25 -5.25 -7.5043
2 24 6.25 0 -7.5043 6.25 -5.25 -7.5043
2 24 6.25 -5.25 -3.0043 6.25 -5.25 -7.5043
2 24 6.25 -5.25 -3.0043 -6.25 -5.25 -3.0043
2 24 6.25 -5.25 -7.5043 -6.25 -5.25 -7.5043
2 24 -6.25 -5.25 -3.0043 -6.25 -5.25 -7.5043
2 24 6.25 -18.6199 -3.0043 6.25 -5.25 -3.0043
2 24 6.25 -18.6199 -3.0043 -6.25 -18.6199 -3.0043
2 24 6.25 -5.25 -3.0043 -6.25 -5.25 -3.0043
2 24 -6.25 -18.6199 -3.0043 -6.25 -5.25 -3.0043
2 24 6.25 -18.3652 5.9874 6.25 -18.6199 -3.0043
2 24 6.25 -18.3652 5.9874 0.227 -18.3746 6.0529
2 24 6.25 -18.6199 -3.0043 -6.25 -18.6199 -3.0043
2 24 5.3886 -6.875 6.1213 4.3954 -5.5806 6.1212
2 24 -0.024 -3.7501 6.1207 -1.6417 -3.963 6.1205
2 24 6.25 0 6.1207 -6.25 0 6.1207
2 24 1.5936 -3.963 6.1209 3.101 -4.5874 6.121
2 24 6.25 0 6.1207 6.25 0 -7.5043
2 24 6.25 0 -7.5043 6.25 -5.25 -7.5043
2 24 6.25 -5.25 -3.0043 6.25 -5.25 -7.5043
2 24 5.3886 -13.125 6.1213 6.013 -11.6176 6.1213
2 24 -6.0181 -18.3843 6.1207 -6.25 -18.6199 -3.0043
2 24 -6.0181 -18.3843 6.1207 -6.25 -10 6.1202
2 24 -6.25 -18.6199 -3.0043 -6.25 -5.25 -3.0043
2 24 -5.4366 -6.875 6.1201 -6.0611 -8.3824 6.1201
2 24 -6.25 -5.25 -7.5043 -6.25 0 -7.5043
2 24 -6.25 -5.25 -3.0043 -6.25 -5.25 -7.5043
2 24 -6.25 0 -7.5043 -6.25 0 -0.0484
2 24 -6.25 -10 6.1202 -6.25 0 6.1207
2 24 5.3886 -13.125 6.1213 4.3954 -14.4194 6.1212
2 24 -4.4435 -14.4194 6.1202 -3.149 -15.4126 6.1204
2 24 1.5936 -16.037 6.1208 3.101 -15.4126 6.121
2 24 -0.024 -16.2499 6.1207 -1.6417 -16.037 6.1205
2 24 -6.0181 -18.3843 6.1207 0.227 -18.3746 6.0529
2 24 0.227 -18.3746 6.0529 -6.0181 -18.3843 6.1207
2 24 -6.25 -18.6199 -3.0043 -6.0181 -18.3843 6.1207
2 24 -3.149 -4.5874 6.1204 -4.4435 -5.5806 6.1202
2 24 -0.024 -16.2499 8.7447 1.5936 -16.037 8.7449
2 24 -0.024 -16.2499 8.7447 -1.6417 -16.037 8.7445
2 24 5.3886 -13.125 8.7453 4.3954 -14.4194 8.7452
2 24 -4.4435 -14.4194 8.7443 -3.149 -15.4126 8.7444
2 24 -8.6413 -15.3106 8.7457 -9.1202 -3.0642 8.7457
2 24 -9.24 -0.0004 8.7457 -9.2374 -0.0003 4.305
2 24 -6.25 0 -0.0484 -6.25 0 6.1207
2 24 -9.2349 -0.0002 0.0728 -9.2374 -0.0003 4.305
2 24 -6.25 0 -0.0484 -6.25 0 6.1207
2 24 -9.2374 -0.0003 4.305 -9.24 -0.0004 8.7457
2 24 -9.1202 -3.0642 8.7457 -9.24 -0.0004 8.7457
2 24 -9.2374 -0.0003 4.305 -9.2349 -0.0002 0.0728
2 24 -9.2349 -0.0002 0.0728 -9.2283 0.0001 -11.2543
2 24 -9.1173 -2.8386 -11.2543 -9.2283 0.0001 -11.2543
2 24 8.8625 -2.8239 -11.2543 8.8625 0 -11.2543
2 24 -9.1173 -2.8386 -11.2543 -9.2283 0.0001 -11.2543
2 24 8.8625 0 -11.2543 -9.2283 0.0001 -11.2543
2 24 8.8625 -2.8239 -11.2543 8.8625 0 -11.2543
2 24 8.8625 0 -11.2543 8.8625 0 8.7457
2 24 8.8625 -2.7767 8.7457 8.8625 0 8.7457
2 24 8.8625 -2.7767 8.7457 8.8625 0 8.7457
2 24 8.8625 0 8.7457 -9.24 -0.0004 8.7457
2 24 -9.1202 -3.0642 8.7457 -9.24 -0.0004 8.7457
2 24 6.013 -8.3824 8.7454 5.3886 -6.875 8.7453
2 24 4.3954 -5.5806 8.7452 3.101 -4.5874 8.745
2 24 6.013 -11.6176 8.7454 6.1804 -10.0144 8.7454
2 24 1.5936 -3.963 8.7449 -0.024 -3.7501 8.7447
2 24 -1.6417 -3.963 8.7445 -0.024 -3.7501 8.7447
2 24 -3.149 -4.5874 8.7444 -4.4435 -5.5806 8.7443
2 24 -5.4368 -6.875 8.7441 -6.0611 -8.3824 8.7441
2 24 -6.0611 -11.6176 8.7441 -5.4367 -13.125 8.7441
2 24 1.5936 -16.037 8.7449 3.101 -15.4126 8.745
2 24 -4.4435 -14.4194 6.1202 -5.4367 -13.125 6.1201
2 24 -3.149 -15.4126 6.1204 -1.6417 -16.037 6.1205
2 24 1.5936 -16.037 6.1208 -0.024 -16.2499 6.1207
2 24 6.25 -18.3652 5.9874 0.227 -18.3746 6.0529
2 24 4.3954 -14.4194 6.1212 3.101 -15.4126 6.121
2 24 6.25 0 6.1207 6.25 -10.0144 6.1002
2 24 6.2036 -10.0144 6.1002 6.013 -8.3824 6.1213
2 24 5.3886 -6.875 6.1213 6.013 -8.3824 6.1213
2 24 4.3954 -5.5806 6.1212 3.101 -4.5874 6.121
2 24 -0.024 -3.7501 6.1207 1.5936 -3.963 6.1209
2 24 -1.6417 -3.963 6.1205 -3.149 -4.5874 6.1204
2 24 -5.4366 -6.875 6.1201 -4.4435 -5.5806 6.1202
2 24 -6.25 0 6.1207 -6.25 -10 6.1202
2 24 -6.0611 -8.3824 6.1201 -6.2127 -10 6.1202
2 24 -5.4367 -13.125 6.1201 -6.0611 -11.6176 6.1201
2 24 -3.149 -4.5874 6.1204 -1.6417 -3.963 6.1205
2 24 -3.149 -4.5874 8.7444 -1.6417 -3.963 8.7445
2 24 1.5936 -3.963 6.1209 3.101 -4.5874 6.121
2 24 1.5936 -3.963 8.7449 3.101 -4.5874 8.745
2 24 4.3954 -5.5806 6.1212 5.3886 -6.875 6.1213
2 24 4.3954 -5.5806 8.7452 5.3886 -6.875 8.7453
2 24 6.2036 -10.0144 6.1002 6.013 -8.3824 6.1213
2 24 6.1804 -10.0144 8.7454 6.013 -8.3824 8.7454
2 24 6.013 -11.6176 6.1213 5.3886 -13.125 6.1213
2 24 6.013 -11.6176 8.7454 5.3886 -13.125 8.7453
2 24 5.3886 -13.125 6.1213 4.3954 -14.4194 6.1212
2 24 5.3886 -13.125 8.7453 4.3954 -14.4194 8.7452
2 24 3.101 -15.4126 6.121 1.5936 -16.037 6.1208
2 24 3.101 -15.4126 8.745 1.5936 -16.037 8.7449
2 24 -0.024 -16.2499 6.1207 -1.6417 -16.037 6.1205
2 24 -0.024 -16.2499 8.7447 -1.6417 -16.037 8.7445
2 24 -3.149 -15.4126 8.7444 -4.4435 -14.4194 8.7443
2 24 -3.149 -15.4126 6.1204 -4.4435 -14.4194 6.1202
2 24 -5.4367 -13.125 6.1201 -6.0611 -11.6176 6.1201
2 24 -5.4367 -13.125 8.7441 -6.0611 -11.6176 8.7441
2 24 -6.2127 -10 6.1202 -6.0611 -8.3824 6.1201
2 24 -6.1804 -10 8.7441 -6.0611 -8.3824 8.7441
2 24 -5.4366 -6.875 6.1201 -4.4435 -5.5806 6.1202
2 24 -5.4368 -6.875 8.7441 -4.4435 -5.5806 8.7443
2 24 -6.0611 -11.6176 6.1201 -6.2127 -10 6.1202
2 24 -6.0611 -11.6176 8.7441 -6.1804 -10 8.7441
2 24 6.2036 -10.0144 6.1002 6.013 -11.6176 6.1213
2 24 6.1804 -10.0144 8.7454 6.013 -11.6176 8.7454
2 24 5.3886 -6.875 6.1213 6.013 -8.3824 6.1213
2 24 5.3886 -6.875 8.7453 6.013 -8.3824 8.7454
2 24 3.101 -4.5874 6.121 4.3954 -5.5806 6.1212
2 24 3.101 -4.5874 8.745 4.3954 -5.5806 8.7452
2 24 1.5936 -3.963 6.1209 -0.024 -3.7501 6.1207
2 24 1.5936 -3.963 8.7449 -0.024 -3.7501 8.7447
2 24 -1.6417 -3.963 6.1205 -0.024 -3.7501 6.1207
2 24 -1.6417 -3.963 8.7445 -0.024 -3.7501 8.7447
2 24 -3.149 -4.5874 6.1204 -4.4435 -5.5806 6.1202
2 24 -3.149 -4.5874 8.7444 -4.4435 -5.5806 8.7443
2 24 -6.0611 -8.3824 6.1201 -5.4366 -6.875 6.1201
2 24 -6.0611 -8.3824 8.7441 -5.4368 -6.875 8.7441
2 24 -4.4435 -14.4194 6.1202 -5.4367 -13.125 6.1201
2 24 -4.4435 -14.4194 8.7443 -5.4367 -13.125 8.7441
2 24 -1.6417 -16.037 6.1205 -3.149 -15.4126 6.1204
2 24 -1.6417 -16.037 8.7445 -3.149 -15.4126 8.7444
2 24 1.5936 -16.037 6.1208 -0.024 -16.2499 6.1207
2 24 1.5936 -16.037 8.7449 -0.024 -16.2499 8.7447
2 24 4.3954 -14.4194 6.1212 3.101 -15.4126 6.121
2 24 4.3954 -14.4194 8.7452 3.101 -15.4126 8.745
2 24 -1.6417 -16.037 8.7445 -3.149 -15.4126 8.7444
2 24 -5.4367 -13.125 8.7441 -4.4435 -14.4194 8.7443
2 24 4.3954 -14.4194 8.7452 3.101 -15.4126 8.745
2 24 6.25 0 6.1207 6.25 -10.0144 6.1002
2 24 6.25 -10.0144 6.1002 6.25 -18.3652 5.9874
2 24 6.25 -18.3652 5.9874 6.25 -18.6199 -3.0043
2 24 6.25 -5.25 -3.0043 6.25 -18.6199 -3.0043
2 24 6.25 -18.3652 5.9874 6.25 -10.0144 6.1002
2 24 6.013 -11.6176 6.1213 6.2036 -10.0144 6.1002
2 24 -6.0181 -18.3843 6.1207 -6.25 -10 6.1202
2 24 -6.2127 -10 6.1202 -6.0611 -11.6176 6.1201
2 24 -8.6363 -15.227 -5.2543 -8.4344 -20.3904 -5.2551
2 24 -7.8358 -35.7097 -4.4404 -7.96 -32.4789 -7.9488
2 24 -7.8358 -35.7097 -4.4404 -7.7915 -36.9084 0.0019
2 24 -7.7915 -36.9084 0.0019 -7.841 -35.7083 4.4404
2 24 -8.1324 -28.0547 -9.0589 -8.3109 -23.5074 -7.8571
2 24 8.023 -30.4929 -2.5033 8.023 -31.527 -0.0043
2 24 8.023 -35.7094 -4.4404 8.0228 -36.9083 0.0019
2 24 8.0228 -36.9083 0.0019 8.0226 -35.7094 4.4404
2 24 8.023 -31.527 -0.0043 8.023 -30.4864 2.4947
2 24 8.023 -30.4864 2.4947 8.023 -27.9963 3.5298
2 24 8.0226 -35.7094 4.4404 8.0229 -33.5464 7.3428
2 24 8.0229 -33.5464 7.3428 8.023 -32.0564 8.0614
2 24 8.023 -28.0426 8.7457 8.023 -30.1313 8.5941
2 24 8.023 -26.0452 8.522 8.023 -24.7388 8.0631
2 24 8.023 -27.9963 3.5298 8.023 -25.5034 2.4947
2 24 8.023 -19.8982 3.2016 8.023 -21.8301 6.1197
2 24 8.023 -24.7388 8.0631 8.023 -21.8301 6.1197
2 24 8.023 -25.5034 -2.5033 8.023 -24.4682 -0.0043
2 24 8.023 -19.8866 -3.651 8.023 -19.2042 -0.2199
2 24 8.023 -19.8866 -3.651 8.023 -20.9673 -5.2543
2 24 8.023 -20.9673 -5.2543 8.023 -23.5051 -7.857
2 24 8.023 -23.5051 -7.857 8.023 -28.0536 -9.0589
2 24 8.023 -25.5034 -2.5033 8.023 -28.002 -3.5384
2 24 8.023 -30.4929 -2.5033 8.023 -28.002 -3.5384
2 24 8.023 -28.0536 -9.0589 8.023 -32.4793 -7.9489
2 24 8.023 -35.7094 -4.4404 8.023 -32.4793 -7.9489
2 24 8.8625 -19.8866 -3.651 8.8625 -20.9674 -5.2543
2 24 8.023 -19.8866 -3.651 8.023 -20.9673 -5.2543
2 24 8.8625 -20.9674 -5.2543 8.023 -20.9673 -5.2543
2 24 8.023 -19.8866 -3.651 8.023 -19.2042 -0.2199
2 24 8.8625 -19.8866 -3.651 8.8625 -19.2042 -0.2199
2 24 8.8625 -19.8751 3.2016 8.8625 -21.8301 6.1197
2 24 8.023 -19.8982 3.2016 8.023 -21.8301 6.1197
2 24 8.8625 -21.8301 6.1197 8.8625 -24.7388 8.0631
2 24 8.023 -21.8301 6.1197 8.023 -24.7388 8.0631
2 24 8.023 -26.0452 8.522 8.023 -26.005 8.7457
2 24 8.023 -28.0426 8.7457 8.023 -26.005 8.7457
2 24 8.8625 -26.0454 8.522 8.8625 -26.0051 8.7457
2 24 8.8625 -26.0454 8.522 8.023 -26.0452 8.522
2 24 8.8625 -26.0051 8.7457 8.023 -26.005 8.7457
2 24 8.023 -26.0452 8.522 8.023 -26.005 8.7457
2 24 8.023 -24.7388 8.0631 8.023 -26.0452 8.522
2 24 8.8625 -24.7388 8.0631 8.8625 -26.0454 8.522
2 24 8.023 -26.0452 8.522 8.8625 -26.0454 8.522
2 24 8.8625 -21.8301 6.1197 8.8625 -19.8751 3.2016
2 24 8.8625 -15.291 8.7457 8.8625 -21.107 8.7457
2 24 8.8625 -19.2042 -0.2199 8.8625 -19.8866 -3.651
2 24 8.8625 -15.1898 -5.2543 8.8625 -20.3863 -5.2543
2 24 8.023 -23.5051 -7.857 8.023 -20.9673 -5.2543
2 24 -8.3109 -23.5074 -7.8571 -8.4105 -21.0023 -5.2552
2 24 8.023 -20.9673 -5.2543 -8.4105 -21.0023 -5.2552
2 24 8.0228 -36.9083 0.0019 8.0226 -35.7094 4.4404
2 24 -7.7915 -36.9084 0.0019 -7.841 -35.7083 4.4404
2 24 8.0228 -36.9083 0.0019 8.023 -35.7094 -4.4404
2 24 -7.7915 -36.9084 0.0019 -7.8358 -35.7097 -4.4404
2 24 -8.1324 -28.0547 -9.0589 -7.96 -32.4789 -7.9488
2 24 8.023 -28.0536 -9.0589 8.023 -32.4793 -7.9489
2 24 8.023 -35.7094 -4.4404 8.023 -32.4793 -7.9489
2 24 -7.8358 -35.7097 -4.4404 -7.96 -32.4789 -7.9488
2 24 -8.3109 -23.5074 -7.8571 -8.1324 -28.0547 -9.0589
2 24 8.023 -23.5051 -7.857 8.023 -28.0536 -9.0589
2 24 8.8625 -15.1898 -5.2543 8.8625 -20.3863 -5.2543
2 24 8.023 -30.4929 -2.5033 2.5688 -30.4929 -2.5033
2 24 8.023 -30.4929 -2.5033 8.023 -31.527 -0.0043
2 24 2.5688 -30.4929 -2.5033 2.5688 -31.527 -0.0043
2 24 8.023 -31.527 -0.0043 2.5688 -31.527 -0.0043
2 24 8.023 -31.527 -0.0043 8.023 -30.4864 2.4947
2 24 2.5688 -31.527 -0.0043 2.5688 -30.4864 2.4947
2 24 8.023 -30.4864 2.4947 2.5688 -30.4864 2.4947
2 24 8.023 -30.4864 2.4947 8.023 -27.9963 3.5298
2 24 2.5688 -30.4864 2.4947 2.5688 -27.9963 3.5298
2 24 8.023 -27.9963 3.5298 2.5688 -27.9963 3.5298
2 24 8.023 -27.9963 3.5298 8.023 -25.5034 2.4947
2 24 2.5688 -27.9963 3.5298 2.5688 -25.5034 2.4947
2 24 8.023 -25.5034 2.4947 2.5688 -25.5034 2.4947
2 24 8.023 -25.5034 2.4947 8.023 -24.4682 -0.0043
2 24 2.5688 -25.5034 2.4947 2.5283 -24.4636 0.0079
2 24 8.023 -24.4682 -0.0043 2.5283 -24.4636 0.0079
2 24 2.5283 -24.4636 0.0079 2.5688 -25.5034 -2.5033
2 24 2.5688 -25.5034 -2.5033 8.023 -25.5034 -2.5033
2 24 8.023 -24.4682 -0.0043 8.023 -25.5034 -2.5033
2 24 8.023 -25.5034 -2.5033 8.023 -28.002 -3.5384
2 24 2.5688 -25.5034 -2.5033 2.5688 -28.002 -3.5384
2 24 8.023 -28.002 -3.5384 2.5688 -28.002 -3.5384
2 24 8.023 -30.4929 -2.5033 8.023 -28.002 -3.5384
2 24 2.5688 -30.4929 -2.5033 2.5688 -28.002 -3.5384
2 24 -8.6413 -15.3106 8.7457 -8.42 -20.9684 8.7457
2 24 8.8625 -15.291 8.7457 8.8625 -21.107 8.7457
2 24 8.023 -26.005 8.7457 8.023 -28.0426 8.7457
2 24 5.3413 -27.3139 8.7457 5.9657 -28.8212 8.6807
2 24 5.9657 -28.8212 8.6807 6.1671 -30.4395 8.6175
2 24 8.023 -28.0426 8.7457 8.023 -30.1313 8.5941
2 24 5.3413 -33.5638 7.3431 5.9657 -32.0314 7.9656
2 24 8.0229 -33.5464 7.3428 8.023 -32.0564 8.0614
2 24 8.0226 -35.7094 4.4404 8.0229 -33.5464 7.3428
2 24 5.3413 -33.5638 7.3431 3.5263 -35.1581 4.8881
2 24 -3.3436 -35.1581 4.7987 -5.4036 -33.7429 7.0995
2 24 -7.841 -35.7083 4.4404 -7.9371 -33.9222 7.0995
2 24 -7.9371 -33.9222 7.0995 -7.9812 -32.1194 8.0614
2 24 -5.4036 -33.7429 7.0995 -6.1084 -32.1194 8.0616
2 24 -8.1433 -28.0429 8.7457 -8.0551 -30.2964 8.6467
2 24 -6.1084 -28.8212 8.6983 -6.3214 -30.4387 8.6549
2 24 -8.1433 -28.0429 8.7457 -8.3165 -23.6141 8.7457
2 24 -4.4908 -26.0195 8.7457 -5.4841 -27.3139 8.7457
2 24 -5.4558 -33.3707 5.024 -6.1084 -32.1194 5.0248
2 24 -5.4036 -33.7429 7.0995 -6.1084 -32.1194 8.0616
2 24 -6.1084 -28.8212 8.6983 -6.3214 -30.4387 8.6549
2 24 -6.1084 -28.8212 5.0255 -6.3214 -30.4389 5.0255
2 24 -4.4908 -26.0195 8.7457 -5.4841 -27.3139 8.7457
2 24 -4.5194 -26.0072 5.0255 -5.4841 -27.3139 5.0255
2 24 -0.0714 -24.1889 8.7457 1.5462 -24.4019 8.7457
2 24 4.348 -26.0195 8.7457 5.3413 -27.3139 8.7457
2 24 4.348 -26.0195 5.0871 5.3413 -27.3139 5.0871
2 24 5.3413 -27.3139 5.0871 5.9657 -28.8212 5.0871
2 24 5.3413 -27.3139 8.7457 5.9657 -28.8212 8.6807
2 24 5.9657 -32.0314 7.9656 5.3413 -33.5638 7.3431
2 24 5.9657 -32.0314 5.0871 5.3413 -33.5638 5.0871
2 24 5.3413 -33.5638 7.3431 3.5263 -35.1581 4.8881
2 24 5.3413 -33.5638 5.0871 3.5263 -35.1581 4.8881
2 24 -1.689 -24.4019 8.7457 -3.2 -25.028 8.7457
2 24 -4.4908 -26.0195 8.7457 -3.2 -25.028 8.7457
2 24 5.3413 -27.3139 5.0871 4.348 -26.0195 5.0871
2 24 4.348 -26.0195 5.0871 2.5282 -24.7061 5.0871
2 24 2.5283 -27.9218 5.0871 2.5282 -24.7061 5.0871
2 24 2.5283 -27.9218 5.0871 2.5283 -31.4386 5.0871
2 24 5.3413 -27.3139 5.0871 5.9657 -28.8212 5.0871
2 24 2.5283 -31.4386 5.0871 2.5283 -33.9775 5.0871
2 24 5.3413 -33.5638 5.0871 5.9657 -32.0314 5.0871
2 24 3.5263 -35.1581 4.8881 5.3413 -33.5638 5.0871
2 24 2.5283 -33.9775 5.0871 2.5283 -33.9775 -2.8574
2 24 2.5283 -33.9775 5.0871 -4.5194 -33.9775 5.0255
2 24 -4.5194 -33.9775 5.0255 -4.5194 -33.9775 -2.8574
2 24 -5.4558 -33.3707 5.024 -4.5194 -33.9775 5.0255
2 24 -4.5194 -33.9775 5.0255 -4.5194 -30.1897 5.0255
2 24 -4.5194 -33.9775 5.0255 -5.4558 -33.3707 5.024
2 24 -5.4558 -33.3707 5.024 -6.1084 -32.1194 5.0248
2 24 -6.3214 -30.4389 5.0255 -6.1084 -28.8212 5.0255
2 24 -4.5194 -33.9775 5.0255 -4.5194 -33.9775 -2.8574
2 24 -4.5194 -33.9775 5.0255 -4.5194 -30.1897 5.0255
2 24 -4.5194 -30.1897 5.0255 -4.5194 -28.1494 5.0255
2 24 -4.5194 -30.6111 -7.282 -4.5194 -32.2139 -6.8558
2 24 -4.5194 -33.9775 -2.8574 -4.5194 -32.2139 -6.8558
2 24 -4.5194 -30.6111 -7.282 -4.5194 -27.6789 -6.5979
2 24 -4.5194 -26.0453 -6.1829 -4.5194 -26.0526 -2.8574
2 24 -4.5194 -27.6789 -6.5979 -4.5194 -26.0453 -6.1829
2 24 -4.5194 -26.0453 -6.1829 -3.2 -25.2132 -5.6884
2 24 -4.5194 -26.0453 -6.1829 -4.5194 -26.0526 -2.8574
2 24 -3.2 -25.2132 -5.6884 -0.2226 -24.6324 -5.6884
2 24 -0.2226 -24.6324 -5.6884 2.4453 -25.1938 -5.6796
2 24 2.4453 -25.1938 -5.6796 2.5283 -24.7236 -2.765
2 24 2.5283 -33.9775 -2.8574 2.5283 -32.2139 -6.8558
2 24 2.5283 -32.2139 -6.8558 -4.5194 -32.2139 -6.8558
2 24 -4.5194 -33.9775 -2.8574 -4.5194 -32.2139 -6.8558
2 24 -4.5194 -32.2139 -6.8558 2.5283 -32.2139 -6.8558
2 24 -4.5194 -32.2139 -6.8558 -4.5194 -30.6111 -7.282
2 24 2.5283 -32.2139 -6.8558 2.5283 -30.0262 -7.024
2 24 -4.5194 -30.6111 -7.282 -4.5194 -27.6789 -6.5979
2 24 2.5283 -30.0262 -7.024 2.5283 -27.7112 -6.5979
2 24 -4.5194 -27.6789 -6.5979 -4.5194 -26.0453 -6.1829
2 24 -3.2 -25.2132 -5.6884 -4.5194 -26.0453 -6.1829
2 24 2.4453 -25.1938 -5.6796 -0.2226 -24.6324 -5.6884
2 24 2.5283 -27.7112 -6.5979 2.4453 -25.1938 -5.6796
2 24 -4.5194 -26.0072 5.0255 -4.5194 -26.0526 -2.8574
2 24 2.5283 -24.7236 -2.765 2.4453 -25.1938 -5.6796
2 24 2.5688 -25.5034 -2.5033 2.5688 -28.002 -3.5384
2 24 2.5283 -24.7236 -2.765 2.5283 -24.4636 0.0079
2 24 2.5283 -24.4636 0.0079 2.5688 -25.5034 2.4947
2 24 2.5282 -24.7061 5.0871 2.5283 -24.4636 0.0079
2 24 -4.5194 -26.0072 5.0255 -5.4841 -27.3139 5.0255
2 24 -4.5194 -28.1494 5.0255 -4.5194 -26.0072 5.0255
2 24 -4.5194 -26.0526 -2.8574 -4.5194 -26.0072 5.0255
2 24 -4.5194 -28.1494 5.0255 -4.5194 -26.0072 5.0255
2 24 -3.2 -25.2132 -5.6884 -0.2226 -24.6324 -5.6884
2 24 2.5283 -33.9775 5.0871 -4.5194 -33.9775 5.0255
2 24 -3.3436 -35.1581 4.7987 -4.5194 -33.9775 5.0255
2 24 -4.5194 -33.9775 5.0255 -3.3436 -35.1581 4.7987
2 24 -5.4036 -33.7429 7.0995 -3.3436 -35.1581 4.7987
2 24 2.4453 -25.1938 -5.6796 2.5283 -27.7112 -6.5979
2 24 2.5283 -24.7236 -2.765 2.5283 -24.4636 0.0079
2 24 2.5688 -25.5034 -2.5033 2.5283 -24.4636 0.0079
2 24 2.5688 -28.002 -3.5384 2.5688 -30.4929 -2.5033
2 24 2.5283 -27.7112 -6.5979 2.5283 -30.0262 -7.024
2 24 2.5283 -30.0262 -7.024 2.5283 -32.2139 -6.8558
2 24 2.5688 -30.4929 -2.5033 2.5688 -31.527 -0.0043
2 24 2.5283 -32.2139 -6.8558 2.5283 -33.9775 -2.8574
2 24 2.5688 -31.527 -0.0043 2.5688 -30.4864 2.4947
2 24 2.5283 -33.9775 -2.8574 2.5283 -33.9775 5.0871
2 24 2.5282 -24.7061 5.0871 2.5283 -27.9218 5.0871
2 24 2.5688 -25.5034 2.4947 2.5688 -27.9963 3.5298
2 24 2.5283 -33.9775 5.0871 2.5283 -31.4386 5.0871
2 24 2.5283 -27.9218 5.0871 2.5283 -31.4386 5.0871
2 24 2.5688 -30.4864 2.4947 2.5688 -27.9963 3.5298
2 24 -7.96 -32.4789 -7.9488 -8.1324 -28.0547 -9.0589
2 24 -7.841 -35.7083 4.4404 -7.9371 -33.9222 7.0995
2 24 -7.9371 -33.9222 7.0995 -7.9812 -32.1194 8.0614
2 24 -8.0551 -30.2964 8.6467 -8.1433 -28.0429 8.7457
2 24 -8.1433 -28.0429 8.7457 -8.3165 -23.6141 8.7457
2 24 -8.6413 -15.3106 8.7457 -8.42 -20.9684 8.7457
2 24 -8.42 -20.9684 8.7457 -8.3165 -23.6141 8.7457
2 24 -3.2 -25.028 8.7457 -1.689 -24.4019 8.7457
2 24 1.5462 -24.4019 8.7457 -0.0714 -24.1889 8.7457
2 24 3.0536 -25.0262 8.7457 4.348 -26.0195 8.7457
2 24 8.8625 -21.107 8.7457 8.8625 -26.0051 8.7457
2 24 8.023 -26.005 8.7457 8.8625 -26.0051 8.7457
2 24 8.8625 -26.0051 8.7457 8.8625 -26.0454 8.522
2 24 8.8625 -21.107 8.7457 8.8625 -26.0051 8.7457
2 24 8.8625 -26.0454 8.522 8.8625 -24.7388 8.0631
2 24 8.8625 -21.8301 6.1197 8.8625 -24.7388 8.0631
2 24 -8.3165 -23.6141 8.7457 -8.42 -20.9684 8.7457
2 24 -8.3109 -23.5074 -7.8571 -8.4105 -21.0023 -5.2552
2 24 -8.6363 -15.227 -5.2543 -8.4344 -20.3904 -5.2551
2 24 8.8625 -20.3863 -5.2543 8.8625 -20.9674 -5.2543
2 24 8.8625 -19.8866 -3.651 8.8625 -20.9674 -5.2543
2 24 8.023 -20.9673 -5.2543 8.8625 -20.9674 -5.2543
2 24 8.8625 -20.3863 -5.2543 8.8625 -20.9674 -5.2543
2 24 8.023 -20.9673 -5.2543 -8.4105 -21.0023 -5.2552
2 24 -8.4344 -20.3904 -5.2551 -8.4105 -21.0023 -5.2552
2 24 -8.4344 -20.3904 -5.2551 -8.4105 -21.0023 -5.2552
2 24 2.5283 -24.4636 0.0079 2.5282 -24.7061 5.0871
2 24 1.5462 -24.4019 8.7457 3.0536 -25.0262 8.7457
2 24 4.348 -26.0195 5.0871 2.5282 -24.7061 5.0871
2 24 4.348 -26.0195 8.7457 3.0536 -25.0262 8.7457
2 24 5.3413 -27.3139 8.7457 4.348 -26.0195 8.7457
2 24 5.9657 -28.8212 5.0871 6.1901 -30.4382 5.0871
2 24 5.9657 -28.8212 5.0871 6.1901 -30.4382 5.0871
2 24 5.9657 -28.8212 8.6807 6.1671 -30.4395 8.6175
2 24 8.023 -32.0564 8.0614 8.023 -30.1313 8.5941
2 24 6.1671 -30.4395 8.6175 5.9657 -32.0314 7.9656
2 24 8.023 -30.1313 8.5941 8.023 -32.0564 8.0614
2 24 5.9657 -32.0314 7.9656 6.1671 -30.4395 8.6175
2 24 5.9657 -32.0314 5.0871 6.1901 -30.4382 5.0871
2 24 5.9657 -32.0314 5.0871 6.1901 -30.4382 5.0871
2 24 -0.0714 -24.1889 8.7457 -1.689 -24.4019 8.7457
2 24 -1.689 -24.4019 8.7457 -0.0714 -24.1889 8.7457
2 24 -4.4908 -26.0195 8.7457 -3.2 -25.028 8.7457
2 24 -4.5194 -30.1897 5.0255 -4.5194 -28.1494 5.0255
2 24 -6.1084 -28.8212 5.0255 -5.4841 -27.3139 5.0255
2 24 -6.1084 -28.8212 8.6983 -5.4841 -27.3139 8.7457
2 24 -6.1084 -28.8212 5.0255 -5.4841 -27.3139 5.0255
2 24 -6.1084 -28.8212 8.6983 -5.4841 -27.3139 8.7457
2 24 -6.1084 -32.1194 5.0248 -6.3214 -30.4389 5.0255
2 24 -6.1084 -32.1194 5.0248 -6.3214 -30.4389 5.0255
2 24 -6.1084 -32.1194 8.0616 -6.3214 -30.4387 8.6549
2 24 -7.9812 -32.1194 8.0614 -8.0551 -30.2964 8.6467
2 24 -6.1084 -32.1194 8.0616 -6.3214 -30.4387 8.6549
2 24 -7.9812 -32.1194 8.0614 -8.0551 -30.2964 8.6467
2 24 1.5462 -24.4019 8.7457 3.0536 -25.0262 8.7457
2 24 8.023 -19.8982 3.2016 8.023 -19.2042 -0.2199
2 24 8.023 -25.5034 2.4947 8.023 -24.4682 -0.0043
2 24 8.8625 -19.2042 -0.2199 8.8625 -19.8751 3.2016
2 24 8.023 -19.2042 -0.2199 8.023 -19.8982 3.2016
2 24 8.8625 -19.8751 3.2016 8.8625 -19.2042 -0.2199
2 24 -9.1173 -2.8386 -11.3293 -8.9154 -8.0003 -11.3293
2 24 8.8625 -2.8239 -11.3293 8.8625 -8 -11.3293
2 24 -8.9154 -8.0003 -11.3293 8.8625 -8 -11.3293
2 24 8.023 -23.4695 -7.9231 8.023 -20.9381 -5.3234
2 24 -8.311 -23.4714 -7.9229 -8.4105 -20.9729 -5.3242
2 24 8.023 -20.9381 -5.3234 -8.4105 -20.9729 -5.3242
2 24 -8.1324 -28.0533 -9.1339 -7.96 -32.5172 -8.0133
2 24 8.023 -28.0527 -9.1339 8.023 -32.518 -8.0131
2 24 8.023 -35.7749 -4.4769 -7.8358 -35.7751 -4.4771
2 24 8.023 -32.518 -8.0131 8.023 -35.7749 -4.4769
2 24 -7.96 -32.5172 -8.0133 -7.8358 -35.7751 -4.4771
2 24 -8.311 -23.4714 -7.9229 -8.1324 -28.0533 -9.1339
2 24 8.023 -23.4695 -7.9231 8.023 -28.0527 -9.1339
2 24 8.8625 -15.1898 -5.3293 8.8625 -8 -5.3293
2 24 -8.6363 -15.227 -5.3293 -8.9189 -8.0004 -5.3293
2 24 8.8625 -8 -5.3293 -8.9189 -8.0004 -5.3293
2 24 8.8625 -20.3863 -5.3293 8.05 -20.3865 -5.3293
2 24 8.8625 -15.1898 -5.3293 8.8625 -20.3863 -5.3293
2 24 8.8625 -2.8239 -11.3293 8.8625 0 -11.3293
2 24 -9.1173 -2.8386 -11.3293 -9.2283 0.0001 -11.3293
2 24 8.8625 0 -11.3293 -9.2283 0.0001 -11.3293
2 24 -8.6363 -15.227 -5.3293 -8.4344 -20.3904 -5.3301
2 24 8.023 -20.9381 -5.3234 -8.4105 -20.9729 -5.3242
2 24 8.05 -20.3865 -5.3293 8.023 -20.9381 -5.3234
2 24 -8.4344 -20.3904 -5.3301 -8.4105 -20.9729 -5.3242
0 STEP
