0 Untitled Model
0 Name: Untitled Model
0 Author: 
0 BFC CERTIFY CCW
3 16 9.8068 -30.8592 -9.806 9.7882 -29.5155 -10.1 22.0967 -30.8555 -9.8073 0.4957 0.9985 0.4952 0.9552 0.8437 0.9985
3 16 22.0967 -30.8555 -9.8073 9.7882 -29.5155 -10.1 22.8431 -29.5153 -10.0999 0.8437 0.9985 0.4952 0.9552 0.8628 0.9551
3 16 9.8815 -22.2709 -10.1 9.9815 -14.513 -10.1 24.1963 -22.4242 -10.1 0.4975 0.7212 0.4999 0.4632 0.8978 0.7259
3 16 24.1963 -22.4242 -10.1 9.9815 -14.513 -10.1 25.7235 -14.4215 -10.1 0.8978 0.7259 0.4999 0.4632 0.9393 0.4597
3 16 10.1372 -2.4252 -10.1 10.1598 -0.6606 -10.1 28.0138 -2.4255 -10.1 0.5036 0.0625 0.5042 0.0042 0.9991 0.0625
3 16 28.0138 -2.4255 -10.1 10.1598 -0.6606 -10.1 28.0041 -0.6606 -10.1 0.9991 0.0625 0.5042 0.0042 0.9991 0.0042
3 16 -2.8432 -29.5153 -10.0999 9.7882 -29.5155 -10.1 -2.0968 -30.8556 -9.8073 0.1368 0.9551 0.4952 0.9552 0.1559 0.9985
3 16 -2.0968 -30.8556 -9.8073 9.7882 -29.5155 -10.1 9.8068 -30.8592 -9.806 0.1559 0.9985 0.4952 0.9552 0.4957 0.9985
3 16 -5.6885 -14.6048 -10.1 9.9815 -14.513 -10.1 -4.2543 -22.1207 -10.1 0.0612 0.4657 0.4999 0.4632 0.1011 0.7158
3 16 -4.2543 -22.1207 -10.1 9.9815 -14.513 -10.1 9.8815 -22.2709 -10.1 0.1011 0.7158 0.4999 0.4632 0.4975 0.7212
3 16 10.1598 -0.6606 -10.1 10.1372 -2.4252 -10.1 -8.0041 -0.6606 -10.1 0.5042 0.0042 0.5036 0.0625 0.0016 0.0042
3 16 -8.0041 -0.6606 -10.1 10.1372 -2.4252 -10.1 -8.0138 -2.4255 -10.1 0.0016 0.0042 0.5036 0.0625 0.0016 0.0625
3 16 9.7882 -29.5155 -10.1 9.8815 -22.2709 -10.1 22.8431 -29.5153 -10.0999 0.4952 0.9552 0.4975 0.7212 0.8628 0.9551
3 16 22.8431 -29.5153 -10.0999 9.8815 -22.2709 -10.1 24.1963 -22.4242 -10.1 0.8628 0.9551 0.4975 0.7212 0.8978 0.7259
3 16 -4.2543 -22.1207 -10.1 9.8815 -22.2709 -10.1 -2.8432 -29.5153 -10.0999 0.1011 0.7158 0.4975 0.7212 0.1368 0.9551
3 16 -2.8432 -29.5153 -10.0999 9.8815 -22.2709 -10.1 9.7882 -29.5155 -10.1 0.1368 0.9551 0.4975 0.7212 0.4952 0.9552
3 16 -8.0138 -2.4255 -10.1 10.1372 -2.4252 -10.1 -5.6885 -14.6048 -10.1 0.0016 0.0625 0.5036 0.0625 0.0612 0.4657
3 16 -5.6885 -14.6048 -10.1 10.1372 -2.4252 -10.1 9.9815 -14.513 -10.1 0.0612 0.4657 0.5036 0.0625 0.4999 0.4632
3 16 9.9815 -14.513 -10.1 10.1372 -2.4252 -10.1 25.7235 -14.4215 -10.1 0.4999 0.4632 0.5036 0.0625 0.9393 0.4597
3 16 25.7235 -14.4215 -10.1 10.1372 -2.4252 -10.1 28.0138 -2.4255 -10.1 0.9393 0.4597 0.5036 0.0625 0.9991 0.0625
0 STEP
