0 Untitled Model
0 Name: Untitled Model
0 Author: 
0 BFC CERTIFY CCW
3 16 -2.85 -29.5219 10.2997 -2.105 -30.9229 9.9955 10.0681 -29.5227 10.2998 0.8628 0.9551 0.8437 0.9985 0.4967 0.9538
3 16 10.0681 -29.5227 10.2998 -2.105 -30.9229 9.9955 10.0945 -30.9339 9.9916 0.4967 0.9538 0.8437 0.9985 0.4957 0.9985
3 16 -8.0173 -2.4262 10.3 -5.7604 -14.2511 10.2999 9.9854 -2.4252 10.3 0.9991 0.0625 0.9393 0.4597 0.5035 0.0626
3 16 9.9854 -2.4252 10.3 -5.7604 -14.2511 10.2999 10.0216 -14.2692 10.3 0.5035 0.0626 0.9393 0.4597 0.5001 0.4532
3 16 -8.0069 -0.6606 10.3 -8.0173 -2.4262 10.3 9.9801 -0.6606 10.3 0.9991 0.0042 0.9991 0.0625 0.5042 0.0042
3 16 9.9801 -0.6606 10.3 -8.0173 -2.4262 10.3 9.9854 -2.4252 10.3 0.5042 0.0042 0.9991 0.0625 0.5035 0.0626
3 16 10.0945 -30.9339 9.9916 22.1051 -30.9229 9.9954 10.0681 -29.5227 10.2998 0.4957 0.9985 0.1559 0.9985 0.4967 0.9538
3 16 10.0681 -29.5227 10.2998 22.1051 -30.9229 9.9954 22.85 -29.5221 10.2997 0.4967 0.9538 0.1559 0.9985 0.1368 0.9551
3 16 10.0216 -14.2692 10.3 25.7531 -14.2898 10.2999 9.9854 -2.4252 10.3 0.5001 0.4532 0.0632 0.4556 0.5035 0.0626
3 16 9.9854 -2.4252 10.3 25.7531 -14.2898 10.2999 28.0173 -2.4262 10.3 0.5035 0.0626 0.0632 0.4556 0.0016 0.0625
3 16 9.9801 -0.6606 10.3 9.9854 -2.4252 10.3 28.0069 -0.6606 10.3 0.5042 0.0042 0.5035 0.0626 0.0016 0.0042
3 16 28.0069 -0.6606 10.3 9.9854 -2.4252 10.3 28.0173 -2.4262 10.3 0.0016 0.0042 0.5035 0.0626 0.0016 0.0625
3 16 -4.1321 -22.792 10.2999 -2.85 -29.5219 10.2997 10.048 -22.9427 10.3 0.8958 0.7361 0.8628 0.9551 0.4981 0.7347
3 16 10.048 -22.9427 10.3 -2.85 -29.5219 10.2997 10.0681 -29.5227 10.2998 0.4981 0.7347 0.8628 0.9551 0.4967 0.9538
3 16 24.0742 -23.0953 10.2999 10.048 -22.9427 10.3 22.85 -29.5221 10.2997 0.1052 0.7341 0.4981 0.7347 0.1368 0.9551
3 16 22.85 -29.5221 10.2997 10.048 -22.9427 10.3 10.0681 -29.5227 10.2998 0.1368 0.9551 0.4981 0.7347 0.4967 0.9538
3 16 -5.7604 -14.2511 10.2999 -4.1321 -22.792 10.2999 10.0216 -14.2692 10.3 0.9393 0.4597 0.8958 0.7361 0.5001 0.4532
3 16 10.0216 -14.2692 10.3 -4.1321 -22.792 10.2999 10.048 -22.9427 10.3 0.5001 0.4532 0.8958 0.7361 0.4981 0.7347
3 16 25.7531 -14.2898 10.2999 10.0216 -14.2692 10.3 24.0742 -23.0953 10.2999 0.0632 0.4556 0.5001 0.4532 0.1052 0.7341
3 16 24.0742 -23.0953 10.2999 10.0216 -14.2692 10.3 10.048 -22.9427 10.3 0.1052 0.7341 0.5001 0.4532 0.4981 0.7347
0 STEP
