0 Untitled Model
0 Name: Untitled Model
0 Author: 
0 BFC CERTIFY CCW
3 16 -4.2926 9.7425 -0.6161 -1.9553 9.9632 -0.4265 -2.3206 10.8501 -1.4295
3 16 -7.463 8.6539 -1.7987 -7.9081 9.9509 -3.1046 -8.7037 7.1363 -3.3868
3 16 -8.7037 7.1363 -3.3868 -7.9081 9.9509 -3.1046 -9.1239 8.1789 -4.4983
3 16 -4.2926 9.7425 -0.6161 -5.3641 11.3338 -2.3371 -7.463 8.6539 -1.7987
3 16 -7.463 8.6539 -1.7987 -5.3641 11.3338 -2.3371 -7.9081 9.9509 -3.1046
3 16 -8.2564 11.3547 -5.2658 -7.9081 9.9509 -3.1046 -5.8151 12.6455 -4.703
3 16 -5.8151 12.6455 -4.703 -7.9081 9.9509 -3.1046 -5.3641 11.3338 -2.3371
3 16 -9.4573 9.3014 -6.3221 -9.1239 8.1789 -4.4983 -8.2564 11.3547 -5.2658
3 16 -8.2564 11.3547 -5.2658 -9.1239 8.1789 -4.4983 -7.9081 9.9509 -3.1046
3 16 -9.7763 6.7679 -7.6905 -9.4307 6.0564 -6.245 -9.4573 9.3014 -6.3221
3 16 -9.4573 9.3014 -6.3221 -9.4307 6.0564 -6.245 -9.1239 8.1789 -4.4983
3 16 -9.1565 4.4865 -9.1074 -8.9438 3.8547 -8.0124 -9.7763 6.7679 -7.6905
3 16 -9.7763 6.7679 -7.6905 -8.9438 3.8547 -8.0124 -9.4307 6.0564 -6.245
3 16 -7.8743 2.6597 -10.5194 -5.6701 1.8632 -11.1784 -7.7613 2.0022 -9.5895
3 16 -7.7613 2.0022 -9.5895 -5.6701 1.8632 -11.1784 -5.5638 1.0786 -10.4392
3 16 -3.1647 1.365 -10.4248 -5.5638 1.0786 -10.4392 -3.2551 2.1262 -11.2117
3 16 -3.2551 2.1262 -11.2117 -5.5638 1.0786 -10.4392 -5.6701 1.8632 -11.1784
3 16 -1.1567 3.1721 -10.6467 -1.1784 2.3338 -9.719 -3.2551 2.1262 -11.2117
3 16 -3.2551 2.1262 -11.2117 -1.1784 2.3338 -9.719 -3.1647 1.365 -10.4248
3 16 -1.1784 2.3338 -9.719 -1.1567 3.1721 -10.6467 0 4.171 -8.1929
3 16 0 4.171 -8.1929 -1.1567 3.1721 -10.6467 0 5.3213 -9.4209
3 16 -8.2564 11.3547 -5.2658 -8.2487 11.9376 -7.8194 -9.4573 9.3014 -6.3221
3 16 -9.4573 9.3014 -6.3221 -8.2487 11.9376 -7.8194 -9.4894 9.9022 -8.8092
3 16 -9.4573 9.3014 -6.3221 -9.4894 9.9022 -8.8092 -9.7763 6.7679 -7.6905
3 16 -9.7763 6.7679 -7.6905 -9.4894 9.9022 -8.8092 -9.801 7.4636 -9.9116
3 16 -9.2804 4.9042 -11.0885 -9.1565 4.4865 -9.1074 -9.801 7.4636 -9.9116
3 16 -9.801 7.4636 -9.9116 -9.1565 4.4865 -9.1074 -9.7763 6.7679 -7.6905
3 16 -9.1565 4.4865 -9.1074 -9.2804 4.9042 -11.0885 -7.8743 2.6597 -10.5194
3 16 -7.8743 2.6597 -10.5194 -9.2804 4.9042 -11.0885 -7.8907 3.0307 -11.9872
3 16 -5.7128 2.3924 -12.2957 -5.6701 1.8632 -11.1784 -7.8907 3.0307 -11.9872
3 16 -7.8907 3.0307 -11.9872 -5.6701 1.8632 -11.1784 -7.8743 2.6597 -10.5194
3 16 -3.2551 2.1262 -11.2117 -5.6701 1.8632 -11.1784 -3.3211 2.5139 -12.2366
3 16 -3.3211 2.5139 -12.2366 -5.6701 1.8632 -11.1784 -5.7128 2.3924 -12.2957
3 16 -1.1504 3.9028 -13.4294 -3.3197 2.6561 -13.8549 -1.1254 4.2158 -16.6962
3 16 -1.1254 4.2158 -16.6962 -3.3197 2.6561 -13.8549 -3.3172 2.922 -16.8793
3 16 -1.1637 3.7353 -11.6814 0 5.753 -10.7753 -1.1567 3.1721 -10.6467
3 16 -1.1567 3.1721 -10.6467 0 5.753 -10.7753 0 5.3213 -9.4209
3 16 -8.0372 11.9758 -15.423 -8.175 11.9509 -10.4697 -5.7181 12.9526 -15.2209
3 16 -5.7181 12.9526 -15.2209 -8.175 11.9509 -10.4697 -5.6971 13.0318 -10
3 16 0 6.222 -16.3975 0 9.5367 -15.7148 0 5.9165 -12.7349
3 16 0 5.9165 -12.7349 0 9.5367 -15.7148 0 9.7786 -11.1481
3 16 -7.8545 3.6101 -16.7971 -7.8781 3.2326 -13.6637 -9.2883 5.3724 -16.5008
3 16 -9.2883 5.3724 -16.5008 -7.8781 3.2326 -13.6637 -9.2831 5.0674 -12.975
3 16 -9.2883 5.3724 -16.5008 -9.2831 5.0674 -12.975 -9.861 7.6951 -16.1128
3 16 -9.861 7.6951 -16.1128 -9.2831 5.0674 -12.975 -9.8219 7.5443 -12.0731
3 16 -9.861 7.6951 -16.1128 -9.8219 7.5443 -12.0731 -9.3914 10.0263 -15.7493
3 16 -9.3914 10.0263 -15.7493 -9.8219 7.5443 -12.0731 -9.4552 9.9455 -11.2282
3 16 -9.3914 10.0263 -15.7493 -9.4552 9.9455 -11.2282 -8.0372 11.9758 -15.423
3 16 -8.0372 11.9758 -15.423 -9.4552 9.9455 -11.2282 -8.175 11.9509 -10.4697
3 16 -3.3197 2.6561 -13.8549 -5.7204 2.5466 -13.9001 -3.3172 2.922 -16.8793
3 16 -3.3172 2.922 -16.8793 -5.7204 2.5466 -13.9001 -5.7346 2.8346 -16.8988
3 16 -5.7181 12.9526 -15.2209 -5.6971 13.0318 -10 -3.3161 12.9264 -15.225
3 16 -3.3161 12.9264 -15.225 -5.6971 13.0318 -10 -3.0916 13.0719 -10.0095
3 16 -3.7467 12.8242 -4.7573 -3.0697 11.8379 -2.6071 -2.4166 12.9705 -4.9802
3 16 -2.4166 12.9705 -4.9802 -3.0697 11.8379 -2.6071 -1.477 12.1029 -2.8849
3 16 -2.4166 12.9705 -4.9802 -2.9715 13.1497 -7.2189 -3.7467 12.8242 -4.7573
3 16 -3.7467 12.8242 -4.7573 -2.9715 13.1497 -7.2189 -5.6859 13.0742 -7.2065
3 16 -0.7189 10.9467 -1.5796 -1.477 12.1029 -2.8849 -2.3206 10.8501 -1.4295
3 16 -2.3206 10.8501 -1.4295 -1.477 12.1029 -2.8849 -3.0697 11.8379 -2.6071
3 16 -5.8151 12.6455 -4.703 -5.3641 11.3338 -2.3371 -3.7467 12.8242 -4.7573
3 16 -3.7467 12.8242 -4.7573 -5.3641 11.3338 -2.3371 -3.0697 11.8379 -2.6071
3 16 0 10.1566 -1.5644 0 2.638 -7.7337 0 10.1305 -3.9827
3 16 0 10.1305 -3.9827 0 2.638 -7.7337 0 4.171 -8.1929
3 16 0 5.3213 -9.4209 0 10.0491 -6.3173 0 4.171 -8.1929
3 16 0 4.171 -8.1929 0 10.0491 -6.3173 0 10.1305 -3.9827
3 16 -5.6859 13.0742 -7.2065 -5.8151 12.6455 -4.703 -3.7467 12.8242 -4.7573
3 16 -0.2834 10.6621 -1.8169 0 9.8949 -0.6237 0 10.1566 -1.5644
3 16 -6.6324 5.5295 -16.9236 -6.6324 5.5295 -19.25 -7.4648 6.5734 -16.9236
3 16 -7.4648 6.5734 -16.9236 -6.6324 5.5295 -19.25 -7.4648 6.5734 -19.25
3 16 -7.7619 7.875 -16.9236 -7.7619 7.875 -19.25 -7.4648 9.1767 -16.9236
3 16 -7.4648 9.1767 -16.9236 -7.7619 7.875 -19.25 -7.4648 9.1767 -19.25
3 16 -4.0943 4.9502 -16.9236 -4.0943 4.9502 -19.25 -5.4295 4.9502 -16.9236
3 16 -5.4295 4.9502 -16.9236 -4.0943 4.9502 -19.25 -5.4295 4.9502 -19.25
3 16 -5.6738 10.7019 -19.25 -4.0943 10.7998 -19.25 -5.6738 10.7019 -16.9236
3 16 -5.6738 10.7019 -16.9236 -4.0943 10.7998 -19.25 -4.0943 10.7998 -16.9236
3 16 -2.059 6.5733 -19.25 -2.8914 5.5295 -19.25 -2.059 6.5734 -16.9236
3 16 -2.059 6.5734 -16.9236 -2.8914 5.5295 -19.25 -2.8914 5.5295 -16.9236
3 16 -2.8914 10.2205 -16.9236 -2.8914 10.2205 -19.25 -2.059 9.1767 -16.9236
3 16 -2.059 9.1767 -16.9236 -2.8914 10.2205 -19.25 -2.059 9.1767 -19.25
3 16 -5.8151 12.6455 -4.703 -5.6859 13.0742 -7.2065 -8.2564 11.3547 -5.2658
3 16 -8.2564 11.3547 -5.2658 -5.6859 13.0742 -7.2065 -8.2487 11.9376 -7.8194
3 16 -7.8781 3.2326 -13.6637 -7.8545 3.6101 -16.7971 -5.7204 2.5466 -13.9001
3 16 -5.7204 2.5466 -13.9001 -7.8545 3.6101 -16.7971 -5.7346 2.8346 -16.8988
3 16 -3.3211 2.5139 -12.2366 -1.1637 3.7353 -11.6814 -3.2551 2.1262 -11.2117
3 16 -3.2551 2.1262 -11.2117 -1.1637 3.7353 -11.6814 -1.1567 3.1721 -10.6467
3 16 -1.1254 4.2158 -16.6962 0 6.222 -16.3975 -1.1504 3.9028 -13.4294
3 16 -1.1504 3.9028 -13.4294 0 6.222 -16.3975 0 5.9165 -12.7349
3 16 0 5.753 -10.7753 0 9.9081 -8.7047 0 5.3213 -9.4209
3 16 0 5.3213 -9.4209 0 9.9081 -8.7047 0 10.0491 -6.3173
3 16 -9.8904 7.809 -19.25 -9.3432 10.0874 -19.25 -7.7619 7.875 -19.25
3 16 -7.7619 7.875 -19.25 -9.3432 10.0874 -19.25 -7.4648 9.1767 -19.25
3 16 -9.2921 5.6027 -19.25 -9.8904 7.809 -19.25 -7.4648 6.5734 -19.25
3 16 -7.4648 6.5734 -19.25 -9.8904 7.809 -19.25 -7.7619 7.875 -19.25
3 16 -7.8367 3.8951 -19.25 -9.2921 5.6027 -19.25 -6.6324 5.5295 -19.25
3 16 -6.6324 5.5295 -19.25 -9.2921 5.6027 -19.25 -7.4648 6.5734 -19.25
3 16 -5.7453 3.0522 -19.25 -7.8367 3.8951 -19.25 -5.4295 4.9502 -19.25
3 16 -5.4295 4.9502 -19.25 -7.8367 3.8951 -19.25 -6.6324 5.5295 -19.25
3 16 -3.3153 3.1228 -19.25 -5.7453 3.0522 -19.25 -4.0943 4.9502 -19.25
3 16 -4.0943 4.9502 -19.25 -5.7453 3.0522 -19.25 -5.4295 4.9502 -19.25
3 16 -1.1066 4.4522 -19.25 -3.3153 3.1228 -19.25 -2.8914 5.5295 -19.25
3 16 -2.8914 5.5295 -19.25 -3.3153 3.1228 -19.25 -4.0943 4.9502 -19.25
3 16 0 6.4527 -19.25 -1.1066 4.4522 -19.25 -2.059 6.5733 -19.25
3 16 -2.059 6.5733 -19.25 -1.1066 4.4522 -19.25 -2.8914 5.5295 -19.25
3 16 -2.8914 10.2205 -19.25 -1.2575 11.6261 -19.25 -2.059 9.1767 -19.25
3 16 -2.059 9.1767 -19.25 -1.2575 11.6261 -19.25 0 9.3541 -19.25
3 16 -3.4856 12.8166 -19.25 -4.0943 10.7998 -19.25 -5.7339 12.8928 -19.25
3 16 -5.7339 12.8928 -19.25 -4.0943 10.7998 -19.25 -5.6738 10.7019 -19.25
3 16 -6.6324 10.2205 -19.25 -7.9331 11.9946 -19.25 -5.6738 10.7019 -19.25
3 16 -5.6738 10.7019 -19.25 -7.9331 11.9946 -19.25 -5.7339 12.8928 -19.25
3 16 -7.4648 9.1767 -19.25 -9.3432 10.0874 -19.25 -6.6324 10.2205 -19.25
3 16 -6.6324 10.2205 -19.25 -9.3432 10.0874 -19.25 -7.9331 11.9946 -19.25
3 16 -8.7037 7.1363 -3.3868 -9.1239 8.1789 -4.4983 -9.0617 5.2364 -5.1837
3 16 -9.0617 5.2364 -5.1837 -9.1239 8.1789 -4.4983 -9.4307 6.0564 -6.245
3 16 -8.6553 3.2336 -7.067 -8.9438 3.8547 -8.0124 -7.6073 1.4791 -8.8023
3 16 -7.6073 1.4791 -8.8023 -8.9438 3.8547 -8.0124 -7.7613 2.0022 -9.5895
3 16 -5.4821 0.4684 -9.7946 -7.6073 1.4791 -8.8023 -5.5638 1.0786 -10.4392
3 16 -5.5638 1.0786 -10.4392 -7.6073 1.4791 -8.8023 -7.7613 2.0022 -9.5895
3 16 -3.0925 0.7706 -9.7546 -5.4821 0.4684 -9.7946 -3.1647 1.365 -10.4248
3 16 -3.1647 1.365 -10.4248 -5.4821 0.4684 -9.7946 -5.5638 1.0786 -10.4392
3 16 -1.1723 1.5192 -8.937 -3.0925 0.7706 -9.7546 -1.1784 2.3338 -9.719
3 16 -1.1784 2.3338 -9.719 -3.0925 0.7706 -9.7546 -3.1647 1.365 -10.4248
3 16 -2.3206 10.8501 -1.4295 -1.9553 9.9632 -0.4265 -0.7189 10.9467 -1.5796
3 16 -0.7189 10.9467 -1.5796 -1.9553 9.9632 -0.4265 0 9.8949 -0.6237
3 16 -5.3641 11.3338 -2.3371 -4.2926 9.7425 -0.6161 -3.0697 11.8379 -2.6071
3 16 -3.0697 11.8379 -2.6071 -4.2926 9.7425 -0.6161 -2.3206 10.8501 -1.4295
3 16 -2.8914 5.5295 -16.9236 -2.8914 5.5295 -19.25 -4.0943 4.9502 -16.9236
3 16 -4.0943 4.9502 -16.9236 -2.8914 5.5295 -19.25 -4.0943 4.9502 -19.25
3 16 -5.7486 7.5175 -2.4448 -5.9073 6.7054 -2.1106 -6.2755 7.113 -2.3298
3 16 -5.4295 4.9502 -16.9236 -5.4295 4.9502 -19.25 -6.6324 5.5295 -16.9236
3 16 -6.6324 5.5295 -16.9236 -5.4295 4.9502 -19.25 -6.6324 5.5295 -19.25
3 16 -7.4648 6.5734 -16.9236 -7.4648 6.5734 -19.25 -7.7619 7.875 -16.9236
3 16 -7.7619 7.875 -16.9236 -7.4648 6.5734 -19.25 -7.7619 7.875 -19.25
3 16 -7.4648 9.1767 -16.9236 -7.4648 9.1767 -19.25 -6.6324 10.2205 -16.9236
3 16 -6.6324 10.2205 -16.9236 -7.4648 9.1767 -19.25 -6.6324 10.2205 -19.25
3 16 -6.6324 10.2205 -16.9236 -6.6324 10.2205 -19.25 -5.6738 10.7019 -16.9236
3 16 -5.6738 10.7019 -16.9236 -6.6324 10.2205 -19.25 -5.6738 10.7019 -19.25
3 16 -5.2081 7.6384 -2.4791 -4.4419 7.6384 -2.4791 -5.2047 6.4295 -1.9244
3 16 -5.2047 6.4295 -1.9244 -4.4419 7.6384 -2.4791 -4.419 6.4301 -1.9095
3 16 -4.0943 10.7998 -16.9236 -4.0943 10.7998 -19.25 -2.8914 10.2205 -16.9236
3 16 -2.8914 10.2205 -16.9236 -4.0943 10.7998 -19.25 -2.8914 10.2205 -19.25
3 16 -1.7619 7.875 -16.9236 -1.7619 7.875 -19.25 -2.059 6.5734 -16.9236
3 16 -2.059 6.5734 -16.9236 -1.7619 7.875 -19.25 -2.059 6.5733 -19.25
3 16 -2.059 9.1767 -16.9236 -2.059 9.1767 -19.25 -1.7619 7.875 -16.9236
3 16 -1.7619 7.875 -16.9236 -2.059 9.1767 -19.25 -1.7619 7.875 -19.25
3 16 -2.059 6.5733 -19.25 -1.7619 7.875 -19.25 0 6.4527 -19.25
3 16 0 6.4527 -19.25 -1.7619 7.875 -19.25 0 9.3541 -19.25
3 16 -9.0617 5.2364 -5.1837 -9.4307 6.0564 -6.245 -8.6553 3.2336 -7.067
3 16 -8.6553 3.2336 -7.067 -9.4307 6.0564 -6.245 -8.9438 3.8547 -8.0124
3 16 -7.8743 2.6597 -10.5194 -7.7613 2.0022 -9.5895 -9.1565 4.4865 -9.1074
3 16 -9.1565 4.4865 -9.1074 -7.7613 2.0022 -9.5895 -8.9438 3.8547 -8.0124
3 16 -1.1492 11.7427 -15.4651 -3.3161 12.9264 -15.225 -1.0059 11.8971 -10.5677
3 16 -1.0059 11.8971 -10.5677 -3.3161 12.9264 -15.225 -3.0916 13.0719 -10.0095
3 16 -2.4166 12.9705 -4.9802 -0.7675 11.8947 -5.6357 -2.9715 13.1497 -7.2189
3 16 -2.9715 13.1497 -7.2189 -0.7675 11.8947 -5.6357 -0.9292 11.9797 -7.9473
3 16 -2.4166 12.9705 -4.9802 -1.477 12.1029 -2.8849 -0.7675 11.8947 -5.6357
3 16 -0.7675 11.8947 -5.6357 -1.477 12.1029 -2.8849 -0.4725 11.3613 -3.4231
3 16 -1.477 12.1029 -2.8849 -0.7189 10.9467 -1.5796 -0.4725 11.3613 -3.4231
3 16 -0.4725 11.3613 -3.4231 -0.7189 10.9467 -1.5796 -0.2834 10.6621 -1.8169
3 16 -0.4725 11.3613 -3.4231 -0.2834 10.6621 -1.8169 0 10.1305 -3.9827
3 16 0 10.1305 -3.9827 -0.2834 10.6621 -1.8169 0 10.1566 -1.5644
3 16 -0.4725 11.3613 -3.4231 0 10.1305 -3.9827 -0.7675 11.8947 -5.6357
3 16 -0.7675 11.8947 -5.6357 0 10.1305 -3.9827 0 10.0491 -6.3173
3 16 -0.7675 11.8947 -5.6357 0 10.0491 -6.3173 -0.9292 11.9797 -7.9473
3 16 -0.9292 11.9797 -7.9473 0 10.0491 -6.3173 0 9.9081 -8.7047
3 16 -1.0059 11.8971 -10.5677 0 9.7786 -11.1481 -1.1492 11.7427 -15.4651
3 16 -1.1492 11.7427 -15.4651 0 9.7786 -11.1481 0 9.5367 -15.7148
3 16 0 9.8949 -0.6237 -0.2834 10.6621 -1.8169 -0.7189 10.9467 -1.5796
3 16 -1.2575 11.6261 -19.25 -2.8914 10.2205 -19.25 -3.4856 12.8166 -19.25
3 16 -3.4856 12.8166 -19.25 -2.8914 10.2205 -19.25 -4.0943 10.7998 -19.25
3 16 0 9.3541 -19.25 -1.7619 7.875 -19.25 -2.059 9.1767 -19.25
3 16 -6.7256 5.4125 -16.0863 -7.5996 6.5084 -16.0863 -6.6324 5.5295 -15.249
3 16 -6.6324 5.5295 -15.249 -7.5996 6.5084 -16.0863 -7.4648 6.5734 -15.249
3 16 -7.9115 7.875 -16.0863 -7.5996 9.2416 -16.0863 -7.7619 7.875 -15.249
3 16 -7.7619 7.875 -15.249 -7.5996 9.2416 -16.0863 -7.4648 9.1767 -15.249
3 16 -4.061 4.8044 -16.0863 -5.4628 4.8044 -16.0863 -4.0943 4.9502 -15.249
3 16 -4.0943 4.9502 -15.249 -5.4628 4.8044 -16.0863 -5.4295 4.9502 -15.249
3 16 -4.061 10.9457 -16.0863 -4.0943 10.7998 -15.249 -5.7071 10.8478 -16.0863
3 16 -5.7071 10.8478 -16.0863 -4.0943 10.7998 -15.249 -5.6738 10.7019 -15.249
3 16 -1.9242 6.5084 -16.0863 -2.7982 5.4125 -16.0863 -2.059 6.5734 -15.249
3 16 -2.059 6.5734 -15.249 -2.7982 5.4125 -16.0863 -2.8914 5.5295 -15.249
3 16 -2.7982 10.3375 -16.0863 -1.9242 9.2416 -16.0863 -2.8914 10.2205 -15.249
3 16 -2.8914 10.2205 -15.249 -1.9242 9.2416 -16.0863 -2.059 9.1767 -15.249
3 16 -2.7982 5.4125 -16.0863 -4.061 4.8044 -16.0863 -2.8914 5.5295 -15.249
3 16 -2.8914 5.5295 -15.249 -4.061 4.8044 -16.0863 -4.0943 4.9502 -15.249
3 16 -5.4628 4.8044 -16.0863 -6.7256 5.4125 -16.0863 -5.4295 4.9502 -15.249
3 16 -5.4295 4.9502 -15.249 -6.7256 5.4125 -16.0863 -6.6324 5.5295 -15.249
3 16 -7.5996 6.5084 -16.0863 -7.9115 7.875 -16.0863 -7.4648 6.5734 -15.249
3 16 -7.4648 6.5734 -15.249 -7.9115 7.875 -16.0863 -7.7619 7.875 -15.249
3 16 -7.5996 9.2416 -16.0863 -6.7256 10.3375 -16.0863 -7.4648 9.1767 -15.249
3 16 -7.4648 9.1767 -15.249 -6.7256 10.3375 -16.0863 -6.6324 10.2205 -15.249
3 16 -5.7071 10.8478 -16.0863 -5.6738 10.7019 -15.249 -6.7256 10.3375 -16.0863
3 16 -6.7256 10.3375 -16.0863 -5.6738 10.7019 -15.249 -6.6324 10.2205 -15.249
3 16 -4.061 10.9457 -16.0863 -2.7982 10.3375 -16.0863 -4.0943 10.7998 -15.249
3 16 -4.0943 10.7998 -15.249 -2.7982 10.3375 -16.0863 -2.8914 10.2205 -15.249
3 16 -1.6123 7.875 -16.0863 -1.9242 6.5084 -16.0863 -1.7619 7.875 -15.249
3 16 -1.7619 7.875 -15.249 -1.9242 6.5084 -16.0863 -2.059 6.5734 -15.249
3 16 -1.9242 9.2416 -16.0863 -1.6123 7.875 -16.0863 -2.059 9.1767 -15.249
3 16 -2.059 9.1767 -15.249 -1.6123 7.875 -16.0863 -1.7619 7.875 -15.249
3 16 -6.6324 5.5295 -13.0644 -7.4648 6.5734 -13.0644 -6.692 5.5588 -12.25
3 16 -6.692 5.5588 -12.25 -7.4648 6.5734 -13.0644 -7.4648 6.5734 -12.25
3 16 -7.4648 9.1767 -13.0644 -7.4648 9.1767 -12.25 -7.7619 7.875 -13.0644
3 16 -7.7619 7.875 -13.0644 -7.4648 9.1767 -12.25 -7.6874 7.4162 -12.25
3 16 -4.0943 4.9502 -13.0644 -5.4295 4.9502 -13.0644 -4.0943 4.9502 -12.25
3 16 -4.0943 4.9502 -12.25 -5.4295 4.9502 -13.0644 -5.4295 4.9502 -12.25
3 16 -4.8243 10.8409 -13.0644 -3.8116 10.6747 -13.0644 -4.8327 10.8518 -12.3427
3 16 -4.8327 10.8518 -12.3427 -3.8116 10.6747 -13.0644 -3.7753 10.6587 -12.3427
3 16 -2.939 5.5516 -13.0771 -2.9567 5.5598 -12.2744 -2.059 6.5734 -13.0644
3 16 -2.059 6.5734 -13.0644 -2.9567 5.5598 -12.2744 -2.059 6.5734 -12.25
3 16 -2.8914 10.2205 -13.0644 -2.059 9.1767 -13.0644 -2.8914 10.2205 -12.25
3 16 -2.8914 10.2205 -12.25 -2.059 9.1767 -13.0644 -2.059 9.1767 -11.4893
3 16 -2.939 5.5516 -13.0771 -4.0943 4.9502 -13.0644 -2.9567 5.5598 -12.2744
3 16 -2.9567 5.5598 -12.2744 -4.0943 4.9502 -13.0644 -4.0943 4.9502 -12.25
3 16 -5.4295 4.9502 -13.0644 -6.6324 5.5295 -13.0644 -5.4295 4.9502 -12.25
3 16 -5.4295 4.9502 -12.25 -6.6324 5.5295 -13.0644 -6.692 5.5588 -12.25
3 16 -7.7619 7.875 -13.0644 -7.6874 7.4162 -12.25 -7.4648 6.5734 -13.0644
3 16 -7.4648 6.5734 -13.0644 -7.6874 7.4162 -12.25 -7.4648 6.5734 -12.25
3 16 -7.4648 9.1767 -13.0644 -6.6324 10.2205 -13.0644 -7.4648 9.1767 -12.25
3 16 -7.4648 9.1767 -12.25 -6.6324 10.2205 -13.0644 -6.6324 10.2205 -12.25
3 16 -5.7613 10.6942 -13.0644 -5.8842 10.655 -12.3208 -6.6324 10.2205 -13.0644
3 16 -6.6324 10.2205 -13.0644 -5.8842 10.655 -12.3208 -6.6324 10.2205 -12.25
3 16 -3.8116 10.6747 -13.0644 -2.8914 10.2205 -13.0644 -3.7753 10.6587 -12.3427
3 16 -3.7753 10.6587 -12.3427 -2.8914 10.2205 -13.0644 -2.8914 10.2205 -12.25
3 16 -1.7619 7.875 -13.082 -2.059 6.5734 -13.0644 -1.8858 7.4146 -12.2742
3 16 -1.8858 7.4146 -12.2742 -2.059 6.5734 -13.0644 -2.059 6.5734 -12.25
3 16 -1.7619 7.875 -13.082 -1.8858 7.4146 -12.2742 -2.059 9.1767 -13.0644
3 16 -2.059 9.1767 -13.0644 -1.8858 7.4146 -12.2742 -2.059 9.1767 -11.4893
3 16 -7.6874 7.4162 -12.25 -6.692 5.5588 -12.25 -7.4648 6.5734 -12.25
3 16 -7.4648 9.1767 -8.6697 -7.4648 9.1767 -5.0894 -7.6874 7.4162 -8.5797
3 16 -7.6874 7.4162 -8.5797 -7.4648 9.1767 -5.0894 -7.6874 7.4162 -4.9095
3 16 -5.4295 4.9502 -7.7583 -5.4295 4.9502 -3.2665 -4.0943 4.9502 -7.7225
3 16 -4.0943 4.9502 -7.7225 -5.4295 4.9502 -3.2665 -4.0943 4.9502 -3.195
3 16 -3.7753 10.6578 -8.9522 -3.7753 10.6569 -5.5616 -5.8842 10.656 -8.9412
3 16 -5.8842 10.656 -8.9412 -3.7753 10.6569 -5.5616 -5.8842 10.6569 -5.5617
3 16 -2.8914 10.2205 -8.9058 -2.059 9.1767 -8.2893 -2.8914 10.2205 -5.5616
3 16 -2.8914 10.2205 -5.5616 -2.059 9.1767 -8.2893 -2.059 9.1767 -5.0894
3 16 -2.9567 5.5598 -7.7662 -4.0943 4.9502 -7.7225 -2.9567 5.5598 -3.258
3 16 -2.9567 5.5598 -3.258 -4.0943 4.9502 -7.7225 -4.0943 4.9502 -3.195
3 16 -6.692 5.5588 -7.8263 -6.692 5.5588 -3.4026 -5.4295 4.9502 -7.7583
3 16 -5.4295 4.9502 -7.7583 -6.692 5.5588 -3.4026 -5.4295 4.9502 -3.2665
3 16 -6.6324 10.2205 -8.9058 -6.6324 10.2205 -5.5617 -7.4648 9.1767 -8.6697
3 16 -7.4648 9.1767 -8.6697 -6.6324 10.2205 -5.5617 -7.4648 9.1767 -5.0894
3 16 -5.8842 10.656 -8.9412 -5.8842 10.6569 -5.5617 -6.6324 10.2205 -8.9058
3 16 -6.6324 10.2205 -8.9058 -5.8842 10.6569 -5.5617 -6.6324 10.2205 -5.5617
3 16 -3.7753 10.6578 -8.9522 -2.8914 10.2205 -8.9058 -3.7753 10.6569 -5.5616
3 16 -3.7753 10.6569 -5.5616 -2.8914 10.2205 -8.9058 -2.8914 10.2205 -5.5616
3 16 -2.9567 5.5598 -3.258 -1.8858 7.4146 -4.9228 -2.9567 5.5598 -7.7662
3 16 -2.9567 5.5598 -7.7662 -1.8858 7.4146 -4.9228 -1.8858 7.4146 -8.5985
3 16 -1.8858 7.4146 -8.5985 -1.8858 7.4146 -4.9228 -2.059 9.1767 -8.2893
3 16 -2.059 9.1767 -8.2893 -1.8858 7.4146 -4.9228 -2.059 9.1767 -5.0894
3 16 -6.692 5.5588 -3.4026 -6.692 5.5588 -7.8263 -7.6874 7.4162 -4.9095
3 16 -7.6874 7.4162 -4.9095 -6.692 5.5588 -7.8263 -7.6874 7.4162 -8.5797
3 16 -5.8842 10.655 -12.3208 -4.8327 10.8518 -12.3427 -3.7753 10.6587 -12.3427
3 16 -4.8243 10.8409 -13.0644 -4.8327 10.8518 -12.3427 -5.7613 10.6942 -13.0644
3 16 -5.7613 10.6942 -13.0644 -4.8327 10.8518 -12.3427 -5.8842 10.655 -12.3208
3 16 -1.8858 7.4146 -12.2742 -2.059 6.5734 -12.25 -2.9567 5.5598 -12.2744
3 16 -7.4648 6.5734 -16.9236 -7.7619 7.875 -16.9236 -7.5996 6.5084 -16.0863
3 16 -7.5996 6.5084 -16.0863 -7.7619 7.875 -16.9236 -7.9115 7.875 -16.0863
3 16 -7.7619 7.875 -16.9236 -7.4648 9.1767 -16.9236 -7.9115 7.875 -16.0863
3 16 -7.9115 7.875 -16.0863 -7.4648 9.1767 -16.9236 -7.5996 9.2416 -16.0863
3 16 -7.4648 9.1767 -16.9236 -6.6324 10.2205 -16.9236 -7.5996 9.2416 -16.0863
3 16 -7.5996 9.2416 -16.0863 -6.6324 10.2205 -16.9236 -6.7256 10.3375 -16.0863
3 16 -6.6324 10.2205 -16.9236 -5.6738 10.7019 -16.9236 -6.7256 10.3375 -16.0863
3 16 -6.7256 10.3375 -16.0863 -5.6738 10.7019 -16.9236 -5.7071 10.8478 -16.0863
3 16 -5.6738 10.7019 -16.9236 -4.0943 10.7998 -16.9236 -5.7071 10.8478 -16.0863
3 16 -5.7071 10.8478 -16.0863 -4.0943 10.7998 -16.9236 -4.061 10.9457 -16.0863
3 16 -4.0943 10.7998 -16.9236 -2.8914 10.2205 -16.9236 -4.061 10.9457 -16.0863
3 16 -4.061 10.9457 -16.0863 -2.8914 10.2205 -16.9236 -2.7982 10.3375 -16.0863
3 16 -2.8914 10.2205 -16.9236 -2.059 9.1767 -16.9236 -2.7982 10.3375 -16.0863
3 16 -2.7982 10.3375 -16.0863 -2.059 9.1767 -16.9236 -1.9242 9.2416 -16.0863
3 16 -2.059 9.1767 -16.9236 -1.7619 7.875 -16.9236 -1.9242 9.2416 -16.0863
3 16 -1.9242 9.2416 -16.0863 -1.7619 7.875 -16.9236 -1.6123 7.875 -16.0863
3 16 -1.7619 7.875 -16.9236 -2.059 6.5734 -16.9236 -1.6123 7.875 -16.0863
3 16 -1.6123 7.875 -16.0863 -2.059 6.5734 -16.9236 -1.9242 6.5084 -16.0863
3 16 -2.059 6.5734 -16.9236 -2.8914 5.5295 -16.9236 -1.9242 6.5084 -16.0863
3 16 -1.9242 6.5084 -16.0863 -2.8914 5.5295 -16.9236 -2.7982 5.4125 -16.0863
3 16 -2.8914 5.5295 -16.9236 -4.0943 4.9502 -16.9236 -2.7982 5.4125 -16.0863
3 16 -2.7982 5.4125 -16.0863 -4.0943 4.9502 -16.9236 -4.061 4.8044 -16.0863
3 16 -4.0943 4.9502 -16.9236 -5.4295 4.9502 -16.9236 -4.061 4.8044 -16.0863
3 16 -4.061 4.8044 -16.0863 -5.4295 4.9502 -16.9236 -5.4628 4.8044 -16.0863
3 16 -5.4295 4.9502 -16.9236 -6.6324 5.5295 -16.9236 -5.4628 4.8044 -16.0863
3 16 -5.4628 4.8044 -16.0863 -6.6324 5.5295 -16.9236 -6.7256 5.4125 -16.0863
3 16 -6.6324 5.5295 -16.9236 -7.4648 6.5734 -16.9236 -6.7256 5.4125 -16.0863
3 16 -6.7256 5.4125 -16.0863 -7.4648 6.5734 -16.9236 -7.5996 6.5084 -16.0863
3 16 -3.7753 10.6569 -5.5616 -2.8914 10.2205 -5.5616 -4.4419 7.6384 -2.4791
3 16 -4.4419 7.6384 -2.4791 -2.8914 10.2205 -5.5616 -3.9001 7.5098 -2.4522
3 16 -3.276 7.004 -2.3464 -3.9001 7.5098 -2.4522 -2.059 9.1767 -5.0894
3 16 -2.059 9.1767 -5.0894 -3.9001 7.5098 -2.4522 -2.8914 10.2205 -5.5616
3 16 -3.7801 6.6051 -2.0348 -3.276 7.004 -2.3464 -2.9567 5.5598 -3.258
3 16 -2.9567 5.5598 -3.258 -3.276 7.004 -2.3464 -1.8858 7.4146 -4.9228
3 16 -2.9567 5.5598 -3.258 -4.0943 4.9502 -3.195 -3.7801 6.6051 -2.0348
3 16 -3.7801 6.6051 -2.0348 -4.0943 4.9502 -3.195 -4.419 6.4301 -1.9095
3 16 -5.4295 4.9502 -3.2665 -5.2047 6.4295 -1.9244 -4.0943 4.9502 -3.195
3 16 -4.0943 4.9502 -3.195 -5.2047 6.4295 -1.9244 -4.419 6.4301 -1.9095
3 16 -6.692 5.5588 -3.4026 -5.9073 6.7054 -2.1106 -5.4295 4.9502 -3.2665
3 16 -5.4295 4.9502 -3.2665 -5.9073 6.7054 -2.1106 -5.2047 6.4295 -1.9244
3 16 -7.6874 7.4162 -4.9095 -6.2755 7.113 -2.3298 -6.692 5.5588 -3.4026
3 16 -6.692 5.5588 -3.4026 -6.2755 7.113 -2.3298 -5.9073 6.7054 -2.1106
3 16 -7.4648 9.1767 -5.0894 -6.2755 7.113 -2.3298 -7.6874 7.4162 -4.9095
3 16 -6.6324 10.2205 -5.5617 -5.7486 7.5175 -2.4448 -7.4648 9.1767 -5.0894
3 16 -7.4648 9.1767 -5.0894 -5.7486 7.5175 -2.4448 -6.2755 7.113 -2.3298
3 16 -3.276 7.004 -2.3464 -2.059 9.1767 -5.0894 -1.8858 7.4146 -4.9228
3 16 -3.7801 6.6051 -2.0348 -3.9001 7.5098 -2.4522 -3.276 7.004 -2.3464
3 16 -4.419 6.4301 -1.9095 -4.4419 7.6384 -2.4791 -3.7801 6.6051 -2.0348
3 16 -3.7801 6.6051 -2.0348 -4.4419 7.6384 -2.4791 -3.9001 7.5098 -2.4522
3 16 -5.2047 6.4295 -1.9244 -5.9073 6.7054 -2.1106 -5.2081 7.6384 -2.4791
3 16 -5.2081 7.6384 -2.4791 -5.9073 6.7054 -2.1106 -5.7486 7.5175 -2.4448
3 16 -4.4419 7.6384 -2.4791 -5.2081 7.6384 -2.4791 -3.7753 10.6569 -5.5616
3 16 -3.7753 10.6569 -5.5616 -5.2081 7.6384 -2.4791 -5.8842 10.6569 -5.5617
3 16 -5.7486 7.5175 -2.4448 -6.6324 10.2205 -5.5617 -5.2081 7.6384 -2.4791
3 16 -5.2081 7.6384 -2.4791 -6.6324 10.2205 -5.5617 -5.8842 10.6569 -5.5617
3 16 -7.4648 6.5734 -15.249 -7.7619 7.875 -15.249 -7.4648 6.5734 -13.0644
3 16 -7.4648 6.5734 -13.0644 -7.7619 7.875 -15.249 -7.7619 7.875 -13.0644
3 16 -7.7619 7.875 -15.249 -7.4648 9.1767 -15.249 -7.7619 7.875 -13.0644
3 16 -7.7619 7.875 -13.0644 -7.4648 9.1767 -15.249 -7.4648 9.1767 -13.0644
3 16 -7.4648 9.1767 -15.249 -6.6324 10.2205 -15.249 -7.4648 9.1767 -13.0644
3 16 -7.4648 9.1767 -13.0644 -6.6324 10.2205 -15.249 -6.6324 10.2205 -13.0644
3 16 -5.6738 10.7019 -15.249 -5.7613 10.6942 -13.0644 -6.6324 10.2205 -15.249
3 16 -6.6324 10.2205 -15.249 -5.7613 10.6942 -13.0644 -6.6324 10.2205 -13.0644
3 16 -5.6738 10.7019 -15.249 -4.8243 10.8409 -13.0644 -5.7613 10.6942 -13.0644
3 16 -5.6738 10.7019 -15.249 -4.0943 10.7998 -15.249 -4.8243 10.8409 -13.0644
3 16 -4.8243 10.8409 -13.0644 -4.0943 10.7998 -15.249 -3.8116 10.6747 -13.0644
3 16 -4.0943 10.7998 -15.249 -2.8914 10.2205 -15.249 -3.8116 10.6747 -13.0644
3 16 -3.8116 10.6747 -13.0644 -2.8914 10.2205 -15.249 -2.8914 10.2205 -13.0644
3 16 -2.8914 10.2205 -15.249 -2.059 9.1767 -15.249 -2.8914 10.2205 -13.0644
3 16 -2.8914 10.2205 -13.0644 -2.059 9.1767 -15.249 -2.059 9.1767 -13.0644
3 16 -1.7619 7.875 -15.249 -1.7619 7.875 -13.082 -2.059 9.1767 -15.249
3 16 -2.059 9.1767 -15.249 -1.7619 7.875 -13.082 -2.059 9.1767 -13.0644
3 16 -1.7619 7.875 -15.249 -2.059 6.5734 -15.249 -1.7619 7.875 -13.082
3 16 -1.7619 7.875 -13.082 -2.059 6.5734 -15.249 -2.059 6.5734 -13.0644
3 16 -2.8914 5.5295 -15.249 -2.939 5.5516 -13.0771 -2.059 6.5734 -15.249
3 16 -2.059 6.5734 -15.249 -2.939 5.5516 -13.0771 -2.059 6.5734 -13.0644
3 16 -2.8914 5.5295 -15.249 -4.0943 4.9502 -15.249 -2.939 5.5516 -13.0771
3 16 -2.939 5.5516 -13.0771 -4.0943 4.9502 -15.249 -4.0943 4.9502 -13.0644
3 16 -4.0943 4.9502 -15.249 -5.4295 4.9502 -15.249 -4.0943 4.9502 -13.0644
3 16 -4.0943 4.9502 -13.0644 -5.4295 4.9502 -15.249 -5.4295 4.9502 -13.0644
3 16 -5.4295 4.9502 -15.249 -6.6324 5.5295 -15.249 -5.4295 4.9502 -13.0644
3 16 -5.4295 4.9502 -13.0644 -6.6324 5.5295 -15.249 -6.6324 5.5295 -13.0644
3 16 -6.6324 5.5295 -15.249 -7.4648 6.5734 -15.249 -6.6324 5.5295 -13.0644
3 16 -6.6324 5.5295 -13.0644 -7.4648 6.5734 -15.249 -7.4648 6.5734 -13.0644
3 16 -6.692 5.5588 -7.8263 -6.692 5.5588 -12.25 -7.6874 7.4162 -8.5797
3 16 -7.6874 7.4162 -8.5797 -6.692 5.5588 -12.25 -7.6874 7.4162 -12.25
3 16 -7.4648 9.1767 -12.25 -7.4648 9.1767 -8.6697 -7.6874 7.4162 -12.25
3 16 -7.6874 7.4162 -12.25 -7.4648 9.1767 -8.6697 -7.6874 7.4162 -8.5797
3 16 -6.6324 10.2205 -12.25 -6.6324 10.2205 -8.9058 -7.4648 9.1767 -12.25
3 16 -7.4648 9.1767 -12.25 -6.6324 10.2205 -8.9058 -7.4648 9.1767 -8.6697
3 16 -5.8842 10.655 -12.3208 -5.8842 10.656 -8.9412 -6.6324 10.2205 -12.25
3 16 -6.6324 10.2205 -12.25 -5.8842 10.656 -8.9412 -6.6324 10.2205 -8.9058
3 16 -3.7753 10.6587 -12.3427 -3.7753 10.6578 -8.9522 -5.8842 10.655 -12.3208
3 16 -5.8842 10.655 -12.3208 -3.7753 10.6578 -8.9522 -5.8842 10.656 -8.9412
3 16 -3.7753 10.6587 -12.3427 -2.8914 10.2205 -12.25 -3.7753 10.6578 -8.9522
3 16 -3.7753 10.6578 -8.9522 -2.8914 10.2205 -12.25 -2.8914 10.2205 -8.9058
3 16 -2.8914 10.2205 -12.25 -2.059 9.1767 -11.4893 -2.8914 10.2205 -8.9058
3 16 -2.8914 10.2205 -8.9058 -2.059 9.1767 -11.4893 -2.059 9.1767 -8.2893
3 16 -1.8858 7.4146 -12.2742 -1.8858 7.4146 -8.5985 -2.059 9.1767 -11.4893
3 16 -2.059 9.1767 -11.4893 -1.8858 7.4146 -8.5985 -2.059 9.1767 -8.2893
3 16 -2.9567 5.5598 -7.7662 -1.8858 7.4146 -8.5985 -2.9567 5.5598 -12.2744
3 16 -2.9567 5.5598 -12.2744 -1.8858 7.4146 -8.5985 -1.8858 7.4146 -12.2742
3 16 -2.9567 5.5598 -12.2744 -4.0943 4.9502 -12.25 -2.9567 5.5598 -7.7662
3 16 -2.9567 5.5598 -7.7662 -4.0943 4.9502 -12.25 -4.0943 4.9502 -7.7225
3 16 -5.4295 4.9502 -12.25 -5.4295 4.9502 -7.7583 -4.0943 4.9502 -12.25
3 16 -4.0943 4.9502 -12.25 -5.4295 4.9502 -7.7583 -4.0943 4.9502 -7.7225
3 16 -6.692 5.5588 -12.25 -6.692 5.5588 -7.8263 -5.4295 4.9502 -12.25
3 16 -5.4295 4.9502 -12.25 -6.692 5.5588 -7.8263 -5.4295 4.9502 -7.7583
3 16 0 9.8949 -0.6237 0 2.638 -7.7337 0 10.1566 -1.5644
3 16 0 4.171 -8.1929 0 2.638 -7.7337 -1.1784 2.3338 -9.719
3 16 -1.1784 2.3338 -9.719 0 2.638 -7.7337 -1.1723 1.5192 -8.937
3 16 0 6.4527 -19.25 0 9.3541 -19.25 0 6.222 -16.3975
3 16 0 6.222 -16.3975 0 9.3541 -19.25 0 9.5367 -15.7148
3 16 -1.1492 11.7427 -15.4651 0 9.5367 -15.7148 -1.2575 11.6261 -19.25
3 16 -1.2575 11.6261 -19.25 0 9.5367 -15.7148 0 9.3541 -19.25
3 16 -1.2575 11.6261 -19.25 -3.4856 12.8166 -19.25 -1.1492 11.7427 -15.4651
3 16 -1.1492 11.7427 -15.4651 -3.4856 12.8166 -19.25 -3.3161 12.9264 -15.225
3 16 -5.7339 12.8928 -19.25 -5.7181 12.9526 -15.2209 -3.4856 12.8166 -19.25
3 16 -3.4856 12.8166 -19.25 -5.7181 12.9526 -15.2209 -3.3161 12.9264 -15.225
3 16 -7.9331 11.9946 -19.25 -8.0372 11.9758 -15.423 -5.7339 12.8928 -19.25
3 16 -5.7339 12.8928 -19.25 -8.0372 11.9758 -15.423 -5.7181 12.9526 -15.2209
3 16 -9.3432 10.0874 -19.25 -9.3914 10.0263 -15.7493 -7.9331 11.9946 -19.25
3 16 -7.9331 11.9946 -19.25 -9.3914 10.0263 -15.7493 -8.0372 11.9758 -15.423
3 16 -9.8904 7.809 -19.25 -9.861 7.6951 -16.1128 -9.3432 10.0874 -19.25
3 16 -9.3432 10.0874 -19.25 -9.861 7.6951 -16.1128 -9.3914 10.0263 -15.7493
3 16 -9.2921 5.6027 -19.25 -9.2883 5.3724 -16.5008 -9.8904 7.809 -19.25
3 16 -9.8904 7.809 -19.25 -9.2883 5.3724 -16.5008 -9.861 7.6951 -16.1128
3 16 -7.8545 3.6101 -16.7971 -9.2883 5.3724 -16.5008 -7.8367 3.8951 -19.25
3 16 -7.8367 3.8951 -19.25 -9.2883 5.3724 -16.5008 -9.2921 5.6027 -19.25
3 16 -5.7346 2.8346 -16.8988 -7.8545 3.6101 -16.7971 -5.7453 3.0522 -19.25
3 16 -5.7453 3.0522 -19.25 -7.8545 3.6101 -16.7971 -7.8367 3.8951 -19.25
3 16 -3.3172 2.922 -16.8793 -5.7346 2.8346 -16.8988 -3.3153 3.1228 -19.25
3 16 -3.3153 3.1228 -19.25 -5.7346 2.8346 -16.8988 -5.7453 3.0522 -19.25
3 16 -3.3172 2.922 -16.8793 -3.3153 3.1228 -19.25 -1.1254 4.2158 -16.6962
3 16 -1.1254 4.2158 -16.6962 -3.3153 3.1228 -19.25 -1.1066 4.4522 -19.25
3 16 0 6.4527 -19.25 0 6.222 -16.3975 -1.1066 4.4522 -19.25
3 16 -1.1066 4.4522 -19.25 0 6.222 -16.3975 -1.1254 4.2158 -16.6962
3 16 -5.6971 13.0318 -10 -5.6859 13.0742 -7.2065 -3.0916 13.0719 -10.0095
3 16 -3.0916 13.0719 -10.0095 -5.6859 13.0742 -7.2065 -2.9715 13.1497 -7.2189
3 16 -1.0059 11.8971 -10.5677 -3.0916 13.0719 -10.0095 -0.9292 11.9797 -7.9473
3 16 -0.9292 11.9797 -7.9473 -3.0916 13.0719 -10.0095 -2.9715 13.1497 -7.2189
3 16 0 9.7786 -11.1481 -1.0059 11.8971 -10.5677 0 9.9081 -8.7047
3 16 0 9.9081 -8.7047 -1.0059 11.8971 -10.5677 -0.9292 11.9797 -7.9473
3 16 0 5.9165 -12.7349 0 9.7786 -11.1481 0 5.753 -10.7753
3 16 0 5.753 -10.7753 0 9.7786 -11.1481 0 9.9081 -8.7047
3 16 -1.1504 3.9028 -13.4294 0 5.9165 -12.7349 -1.1637 3.7353 -11.6814
3 16 -1.1637 3.7353 -11.6814 0 5.9165 -12.7349 0 5.753 -10.7753
3 16 -1.1637 3.7353 -11.6814 -3.3211 2.5139 -12.2366 -1.1504 3.9028 -13.4294
3 16 -1.1504 3.9028 -13.4294 -3.3211 2.5139 -12.2366 -3.3197 2.6561 -13.8549
3 16 -5.7204 2.5466 -13.9001 -3.3197 2.6561 -13.8549 -5.7128 2.3924 -12.2957
3 16 -5.7128 2.3924 -12.2957 -3.3197 2.6561 -13.8549 -3.3211 2.5139 -12.2366
3 16 -7.8907 3.0307 -11.9872 -7.8781 3.2326 -13.6637 -5.7128 2.3924 -12.2957
3 16 -5.7128 2.3924 -12.2957 -7.8781 3.2326 -13.6637 -5.7204 2.5466 -13.9001
3 16 -7.8781 3.2326 -13.6637 -7.8907 3.0307 -11.9872 -9.2831 5.0674 -12.975
3 16 -9.2831 5.0674 -12.975 -7.8907 3.0307 -11.9872 -9.2804 4.9042 -11.0885
3 16 -9.2831 5.0674 -12.975 -9.2804 4.9042 -11.0885 -9.8219 7.5443 -12.0731
3 16 -9.8219 7.5443 -12.0731 -9.2804 4.9042 -11.0885 -9.801 7.4636 -9.9116
3 16 -9.8219 7.5443 -12.0731 -9.801 7.4636 -9.9116 -9.4552 9.9455 -11.2282
3 16 -9.4552 9.9455 -11.2282 -9.801 7.4636 -9.9116 -9.4894 9.9022 -8.8092
3 16 -9.4552 9.9455 -11.2282 -9.4894 9.9022 -8.8092 -8.175 11.9509 -10.4697
3 16 -8.175 11.9509 -10.4697 -9.4894 9.9022 -8.8092 -8.2487 11.9376 -7.8194
3 16 -8.175 11.9509 -10.4697 -8.2487 11.9376 -7.8194 -5.6971 13.0318 -10
3 16 -5.6971 13.0318 -10 -8.2487 11.9376 -7.8194 -5.6859 13.0742 -7.2065
3 16 0 5.6404 3.7643 0 4.5466 2.5578 0 7.233 2.2172
3 16 0 7.233 2.2172 0 4.5466 2.5578 0 5.25 -0.0003
3 16 0 2.4194 6.1233 0 2.625 4.4305 0 4.1404 5.1475
3 16 0 4.1404 5.1475 0 2.625 4.4305 0 4.5466 2.5578
3 16 0 0.8346 6.5031 0 0 5.1159 0 2.4194 6.1233
3 16 0 2.4194 6.1233 0 0 5.1159 0 2.625 4.4305
3 16 0 -4.4416 2.4802 0 -2.625 4.4305 0 -4.695 4.5703
3 16 0 -4.695 4.5703 0 -2.625 4.4305 0 -2.7506 5.9031
3 16 0 -6.5917 0.4098 0 -5.1574 -0.0003 0 -6.0473 2.6293
3 16 0 -6.0473 2.6293 0 -5.1574 -0.0003 0 -4.4416 2.4802
3 16 0 -5.9808 -2.6622 0 -4.5466 -2.5584 0 -6.4762 -1.2167
3 16 0 -6.4762 -1.2167 0 -4.5466 -2.5584 0 -5.1574 -0.0003
3 16 0 8.9957 0.5089 0 5.25 -0.0003 0 9.8949 -0.6237
3 16 0 9.8949 -0.6237 0 5.25 -0.0003 0 4.5466 -2.5584
3 16 -1.4219 -4.64 4.4201 0 -4.695 4.5703 -1.4543 -2.8186 5.7936
3 16 -1.4543 -2.8186 5.7936 0 -4.695 4.5703 0 -2.7506 5.9031
3 16 -1.3928 -5.9256 2.53 0 -6.0473 2.6293 -1.4219 -4.64 4.4201
3 16 -1.4219 -4.64 4.4201 0 -6.0473 2.6293 0 -4.695 4.5703
3 16 -1.3928 -5.9256 2.53 -1.4173 -6.4453 0.52 0 -6.0473 2.6293
3 16 0 -6.0473 2.6293 -1.4173 -6.4453 0.52 0 -6.5917 0.4098
3 16 -1.4543 -2.8186 5.7936 0 -2.7506 5.9031 -1.4335 -0.9255 6.4137
3 16 -1.4335 -0.9255 6.4137 0 -2.7506 5.9031 0 -0.8906 6.4233
3 16 -3.0925 0.7706 -9.7546 -1.1723 1.5192 -8.937 -2.1137 -0.4015 -8.0945
3 16 -4.0692 -0.2795 5.4428 -4.4885 -1.9404 4.6795 -2.9167 -0.7606 6.02
3 16 -2.9167 -0.7606 6.02 -4.4885 -1.9404 4.6795 -3.0435 -2.605 5.4021
3 16 -2.9934 -4.3468 4.0315 -4.5478 -3.6036 3.2776 -2.8671 -5.5798 2.2412
3 16 -2.8671 -5.5798 2.2412 -4.5478 -3.6036 3.2776 -4.3016 -4.9028 1.6101
3 16 -1.4316 0.8824 6.4317 -1.4335 -0.9255 6.4137 0 0.8346 6.5031
3 16 0 0.8346 6.5031 -1.4335 -0.9255 6.4137 0 -0.8906 6.4233
3 16 -1.4173 -6.4453 0.52 -1.473 -6.4378 -1.1752 0 -6.5917 0.4098
3 16 0 -6.5917 0.4098 -1.473 -6.4378 -1.1752 0 -6.4762 -1.2167
3 16 -8.1942 5.8323 -2.1304 -8.7037 7.1363 -3.3868 -8.503 4.0154 -3.8446
3 16 -8.503 4.0154 -3.8446 -8.7037 7.1363 -3.3868 -9.0617 5.2364 -5.1837
3 16 -8.6553 3.2336 -7.067 -7.6073 1.4791 -8.8023 -8.1078 2.05 -5.5044
3 16 -8.1078 2.05 -5.5044 -7.6073 1.4791 -8.8023 -7.1249 0.1402 -7.1806
3 16 -5.1264 -0.846 -8.4187 -7.1249 0.1402 -7.1806 -5.4821 0.4684 -9.7946
3 16 -5.4821 0.4684 -9.7946 -7.1249 0.1402 -7.1806 -7.6073 1.4791 -8.8023
3 16 -5.4821 0.4684 -9.7946 -3.0925 0.7706 -9.7546 -5.1264 -0.846 -8.4187
3 16 -5.1264 -0.846 -8.4187 -3.0925 0.7706 -9.7546 -2.1137 -0.4015 -8.0945
3 16 -3.7584 -5.6846 0.0503 -2.8491 -6.1628 -0.8525 -2.8539 -6.0813 0.4737
3 16 -3.1684 0.8699 5.872 -4.0692 -0.2795 5.4428 -2.9167 -0.7606 6.02
3 16 -1.591 -6.0357 -2.6538 0 -5.9808 -2.6622 -1.473 -6.4378 -1.1752
3 16 -1.473 -6.4378 -1.1752 0 -5.9808 -2.6622 0 -6.4762 -1.2167
3 16 -3.2157 -5.8337 -2.2264 -2.8491 -6.1628 -0.8525 -4.5906 -5.1008 -1.0127
3 16 -4.5906 -5.1008 -1.0127 -2.8491 -6.1628 -0.8525 -3.7584 -5.6846 0.0503
3 16 -4.3016 -4.9028 1.6101 -5.4304 -3.873 0.6149 -3.7584 -5.6846 0.0503
3 16 -3.7584 -5.6846 0.0503 -5.4304 -3.873 0.6149 -4.5906 -5.1008 -1.0127
3 16 -4.5478 -3.6036 3.2776 -4.4885 -1.9404 4.6795 -5.6804 -2.415 2.1761
3 16 -5.6804 -2.415 2.1761 -4.4885 -1.9404 4.6795 -5.532 -0.7847 3.5836
3 16 -4.4885 -1.9404 4.6795 -4.0692 -0.2795 5.4428 -5.532 -0.7847 3.5836
3 16 -5.532 -0.7847 3.5836 -4.0692 -0.2795 5.4428 -4.9515 0.7771 4.5871
3 16 -3.3932 2.1569 5.351 -4.9515 0.7771 4.5871 -3.1684 0.8699 5.872
3 16 -3.1684 0.8699 5.872 -4.9515 0.7771 4.5871 -4.0692 -0.2795 5.4428
3 16 -1.4954 2.5544 5.8779 -1.4316 0.8824 6.4317 0 2.4194 6.1233
3 16 0 2.4194 6.1233 -1.4316 0.8824 6.4317 0 0.8346 6.5031
3 16 -7.463 8.6539 -1.7987 -7.0427 7.3407 -0.6666 -4.2926 9.7425 -0.6161
3 16 -4.2926 9.7425 -0.6161 -7.0427 7.3407 -0.6666 -4.1987 8.7168 0.2718
3 16 -1.8834 9.0714 0.4442 -1.9553 9.9632 -0.4265 -4.1987 8.7168 0.2718
3 16 -4.1987 8.7168 0.2718 -1.9553 9.9632 -0.4265 -4.2926 9.7425 -0.6161
3 16 -2.1137 -0.4015 -8.0945 0 0.3303 -6.9945 -2.0149 -2.2315 -6.6752
3 16 -2.0149 -2.2315 -6.6752 0 0.3303 -6.9945 0 -1.9237 -6.085
3 16 -5.1264 -0.846 -8.4187 -2.1137 -0.4015 -8.0945 -4.6947 -2.4857 -6.6535
3 16 -4.6947 -2.4857 -6.6535 -2.1137 -0.4015 -8.0945 -2.0149 -2.2315 -6.6752
3 16 -4.6947 -2.4857 -6.6535 -6.4982 -1.442 -5.2643 -5.1264 -0.846 -8.4187
3 16 -5.1264 -0.846 -8.4187 -6.4982 -1.442 -5.2643 -7.1249 0.1402 -7.1806
3 16 -8.1078 2.05 -5.5044 -7.1249 0.1402 -7.1806 -7.3944 0.3599 -3.5931
3 16 -7.3944 0.3599 -3.5931 -7.1249 0.1402 -7.1806 -6.4982 -1.442 -5.2643
3 16 -8.1942 5.8323 -2.1304 -8.503 4.0154 -3.8446 -7.456 3.9597 -0.4351
3 16 -7.456 3.9597 -0.4351 -8.503 4.0154 -3.8446 -7.6951 2.1982 -2.0147
3 16 -8.1942 5.8323 -2.1304 -7.456 3.9597 -0.4351 -7.0427 7.3407 -0.6666
3 16 -7.0427 7.3407 -0.6666 -7.456 3.9597 -0.4351 -6.464 5.4638 0.8955
3 16 -4.1987 8.7168 0.2718 -7.0427 7.3407 -0.6666 -3.9896 6.9767 1.7761
3 16 -3.9896 6.9767 1.7761 -7.0427 7.3407 -0.6666 -6.464 5.4638 0.8955
3 16 -1.8834 9.0714 0.4442 -1.8769 7.3595 2.0674 0 8.9957 0.5089
3 16 0 8.9957 0.5089 -1.8769 7.3595 2.0674 0 7.233 2.2172
3 16 -1.8665 -4.0204 -5.2498 0 -3.846 -4.9647 -1.7294 -5.2116 -4.0817
3 16 -1.7294 -5.2116 -4.0817 0 -3.846 -4.9647 0 -5.1797 -3.7848
3 16 -1.7294 -5.2116 -4.0817 -3.6504 -5.0601 -3.7564 -1.8665 -4.0204 -5.2498
3 16 -1.8665 -4.0204 -5.2498 -3.6504 -5.0601 -3.7564 -4.192 -3.9721 -4.9923
3 16 -3.6504 -5.0601 -3.7564 -5.2656 -4.122 -2.3293 -4.192 -3.9721 -4.9923
3 16 -4.192 -3.9721 -4.9923 -5.2656 -4.122 -2.3293 -5.8682 -2.8785 -3.5899
3 16 -6.7252 -1.2175 -1.8726 -5.8682 -2.8785 -3.5899 -6.1434 -2.5969 -0.601
3 16 -6.1434 -2.5969 -0.601 -5.8682 -2.8785 -3.5899 -5.2656 -4.122 -2.3293
3 16 -6.3279 -1.0208 0.9217 -6.1808 0.6157 2.3524 -6.9401 0.4327 -0.3633
3 16 -6.9401 0.4327 -0.3633 -6.1808 0.6157 2.3524 -6.7564 2.1674 1.0938
3 16 -6.1808 0.6157 2.3524 -5.5139 2.1856 3.488 -6.7564 2.1674 1.0938
3 16 -6.7564 2.1674 1.0938 -5.5139 2.1856 3.488 -5.9858 3.7399 2.2449
3 16 -3.8147 5.2273 3.1907 -5.9858 3.7399 2.2449 -3.6431 3.6423 4.3973
3 16 -3.6431 3.6423 4.3973 -5.9858 3.7399 2.2449 -5.5139 2.1856 3.488
3 16 -1.8181 5.7029 3.5822 -1.7041 4.1591 4.8886 0 5.6404 3.7643
3 16 0 5.6404 3.7643 -1.7041 4.1591 4.8886 0 4.1404 5.1475
3 16 -1.7294 -5.2116 -4.0817 0 -5.1797 -3.7848 -1.591 -6.0357 -2.6538
3 16 -1.591 -6.0357 -2.6538 0 -5.1797 -3.7848 0 -5.9808 -2.6622
3 16 -3.6504 -5.0601 -3.7564 -3.2157 -5.8337 -2.2264 -5.2656 -4.122 -2.3293
3 16 -5.2656 -4.122 -2.3293 -3.2157 -5.8337 -2.2264 -4.5906 -5.1008 -1.0127
3 16 -6.1434 -2.5969 -0.601 -5.2656 -4.122 -2.3293 -5.4304 -3.873 0.6149
3 16 -5.4304 -3.873 0.6149 -5.2656 -4.122 -2.3293 -4.5906 -5.1008 -1.0127
3 16 -5.6804 -2.415 2.1761 -5.532 -0.7847 3.5836 -6.3279 -1.0208 0.9217
3 16 -6.3279 -1.0208 0.9217 -5.532 -0.7847 3.5836 -6.1808 0.6157 2.3524
3 16 -5.532 -0.7847 3.5836 -4.9515 0.7771 4.5871 -6.1808 0.6157 2.3524
3 16 -6.1808 0.6157 2.3524 -4.9515 0.7771 4.5871 -5.5139 2.1856 3.488
3 16 -3.6431 3.6423 4.3973 -5.5139 2.1856 3.488 -3.3932 2.1569 5.351
3 16 -3.3932 2.1569 5.351 -5.5139 2.1856 3.488 -4.9515 0.7771 4.5871
3 16 -1.7041 4.1591 4.8886 -1.4954 2.5544 5.8779 0 4.1404 5.1475
3 16 0 4.1404 5.1475 -1.4954 2.5544 5.8779 0 2.4194 6.1233
3 16 -2.0149 -2.2315 -6.6752 0 -1.9237 -6.085 -1.8665 -4.0204 -5.2498
3 16 -1.8665 -4.0204 -5.2498 0 -1.9237 -6.085 0 -3.846 -4.9647
3 16 -4.6947 -2.4857 -6.6535 -2.0149 -2.2315 -6.6752 -4.192 -3.9721 -4.9923
3 16 -4.192 -3.9721 -4.9923 -2.0149 -2.2315 -6.6752 -1.8665 -4.0204 -5.2498
3 16 -4.192 -3.9721 -4.9923 -5.8682 -2.8785 -3.5899 -4.6947 -2.4857 -6.6535
3 16 -4.6947 -2.4857 -6.6535 -5.8682 -2.8785 -3.5899 -6.4982 -1.442 -5.2643
3 16 -7.3944 0.3599 -3.5931 -6.4982 -1.442 -5.2643 -6.7252 -1.2175 -1.8726
3 16 -6.7252 -1.2175 -1.8726 -6.4982 -1.442 -5.2643 -5.8682 -2.8785 -3.5899
3 16 -7.456 3.9597 -0.4351 -7.6951 2.1982 -2.0147 -6.7564 2.1674 1.0938
3 16 -6.7564 2.1674 1.0938 -7.6951 2.1982 -2.0147 -6.9401 0.4327 -0.3633
3 16 -6.464 5.4638 0.8955 -7.456 3.9597 -0.4351 -5.9858 3.7399 2.2449
3 16 -5.9858 3.7399 2.2449 -7.456 3.9597 -0.4351 -6.7564 2.1674 1.0938
3 16 -3.9896 6.9767 1.7761 -6.464 5.4638 0.8955 -3.8147 5.2273 3.1907
3 16 -3.8147 5.2273 3.1907 -6.464 5.4638 0.8955 -5.9858 3.7399 2.2449
3 16 -1.8769 7.3595 2.0674 -1.8181 5.7029 3.5822 0 7.233 2.2172
3 16 0 7.233 2.2172 -1.8181 5.7029 3.5822 0 5.6404 3.7643
3 16 -2.1137 -0.4015 -8.0945 -1.1723 1.5192 -8.937 0 0.3303 -6.9945
3 16 0 0.3303 -6.9945 -1.1723 1.5192 -8.937 0 2.638 -7.7337
3 16 -1.9553 9.9632 -0.4265 -1.8834 9.0714 0.4442 0 9.8949 -0.6237
3 16 0 9.8949 -0.6237 -1.8834 9.0714 0.4442 0 8.9957 0.5089
3 16 0 -4.695 4.5703 0 -6.0473 2.6293 0 -4.4416 2.4802
3 16 0 -2.7506 5.9031 0 -2.625 4.4305 0 -0.8906 6.4233
3 16 0 -0.8906 6.4233 0 -2.625 4.4305 0 0 5.1159
3 16 0 -6.5917 0.4098 0 -6.4762 -1.2167 0 -5.1574 -0.0003
3 16 0 0.3303 -6.9945 0 2.638 -7.7337 0 1.0394 -4.9466
3 16 0 1.0394 -4.9466 0 2.638 -7.7337 0 2.625 -4.4311
3 16 0 -5.1797 -3.7848 0 -3.846 -4.9647 0 -4.5466 -2.5584
3 16 0 -4.5466 -2.5584 0 -3.846 -4.9647 0 -2.625 -4.4311
3 16 0 5.6404 3.7643 0 4.1404 5.1475 0 4.5466 2.5578
3 16 0 8.9957 0.5089 0 7.233 2.2172 0 5.25 -0.0003
3 16 -1.8834 9.0714 0.4442 -4.1987 8.7168 0.2718 -1.8769 7.3595 2.0674
3 16 -1.8769 7.3595 2.0674 -4.1987 8.7168 0.2718 -3.9896 6.9767 1.7761
3 16 -1.8181 5.7029 3.5822 -1.8769 7.3595 2.0674 -3.8147 5.2273 3.1907
3 16 -3.8147 5.2273 3.1907 -1.8769 7.3595 2.0674 -3.9896 6.9767 1.7761
3 16 -1.7041 4.1591 4.8886 -1.8181 5.7029 3.5822 -3.6431 3.6423 4.3973
3 16 -3.6431 3.6423 4.3973 -1.8181 5.7029 3.5822 -3.8147 5.2273 3.1907
3 16 -1.4954 2.5544 5.8779 -1.7041 4.1591 4.8886 -3.3932 2.1569 5.351
3 16 -3.3932 2.1569 5.351 -1.7041 4.1591 4.8886 -3.6431 3.6423 4.3973
3 16 -1.4316 0.8824 6.4317 -1.4954 2.5544 5.8779 -3.1684 0.8699 5.872
3 16 -3.1684 0.8699 5.872 -1.4954 2.5544 5.8779 -3.3932 2.1569 5.351
3 16 -1.4335 -0.9255 6.4137 -1.4316 0.8824 6.4317 -2.9167 -0.7606 6.02
3 16 -2.9167 -0.7606 6.02 -1.4316 0.8824 6.4317 -3.1684 0.8699 5.872
3 16 -1.4335 -0.9255 6.4137 -2.9167 -0.7606 6.02 -1.4543 -2.8186 5.7936
3 16 -1.4543 -2.8186 5.7936 -2.9167 -0.7606 6.02 -3.0435 -2.605 5.4021
3 16 -1.4543 -2.8186 5.7936 -3.0435 -2.605 5.4021 -1.4219 -4.64 4.4201
3 16 -1.4219 -4.64 4.4201 -3.0435 -2.605 5.4021 -2.9934 -4.3468 4.0315
3 16 -1.4219 -4.64 4.4201 -2.9934 -4.3468 4.0315 -1.3928 -5.9256 2.53
3 16 -1.3928 -5.9256 2.53 -2.9934 -4.3468 4.0315 -2.8671 -5.5798 2.2412
3 16 -1.3928 -5.9256 2.53 -2.8671 -5.5798 2.2412 -1.4173 -6.4453 0.52
3 16 -1.4173 -6.4453 0.52 -2.8671 -5.5798 2.2412 -2.8539 -6.0813 0.4737
3 16 -1.473 -6.4378 -1.1752 -1.4173 -6.4453 0.52 -2.8491 -6.1628 -0.8525
3 16 -2.8491 -6.1628 -0.8525 -1.4173 -6.4453 0.52 -2.8539 -6.0813 0.4737
3 16 -1.591 -6.0357 -2.6538 -1.473 -6.4378 -1.1752 -3.2157 -5.8337 -2.2264
3 16 -3.2157 -5.8337 -2.2264 -1.473 -6.4378 -1.1752 -2.8491 -6.1628 -0.8525
3 16 -1.591 -6.0357 -2.6538 -3.2157 -5.8337 -2.2264 -1.7294 -5.2116 -4.0817
3 16 -1.7294 -5.2116 -4.0817 -3.2157 -5.8337 -2.2264 -3.6504 -5.0601 -3.7564
3 16 -8.7037 7.1363 -3.3868 -8.1942 5.8323 -2.1304 -7.463 8.6539 -1.7987
3 16 -7.463 8.6539 -1.7987 -8.1942 5.8323 -2.1304 -7.0427 7.3407 -0.6666
3 16 0 -5.1797 -3.7848 0 -4.5466 -2.5584 0 -5.9808 -2.6622
3 16 -2.9934 -4.3468 4.0315 -3.0435 -2.605 5.4021 -4.5478 -3.6036 3.2776
3 16 -4.5478 -3.6036 3.2776 -3.0435 -2.605 5.4021 -4.4885 -1.9404 4.6795
3 16 0 4.5466 2.5578 2.507 4.5466 2.5578 0 5.25 -0.0003
3 16 0 5.25 -0.0003 2.507 4.5466 2.5578 2.5138 5.25 -0.0003
3 16 0 2.625 4.4305 2.4885 2.625 4.4305 0 4.5466 2.5578
3 16 0 4.5466 2.5578 2.4885 2.625 4.4305 2.507 4.5466 2.5578
3 16 0 0 5.1159 2.4825 0 5.1159 0 2.625 4.4305
3 16 0 2.625 4.4305 2.4825 0 5.1159 2.4885 2.625 4.4305
3 16 0 -4.4416 2.4802 2.4539 -4.4416 2.4802 0 -2.625 4.4305
3 16 0 -2.625 4.4305 2.4539 -4.4416 2.4802 2.476 -2.625 4.4305
3 16 0 -4.4416 2.4802 0 -5.1574 -0.0003 2.4539 -4.4416 2.4802
3 16 2.4539 -4.4416 2.4802 0 -5.1574 -0.0003 2.447 -5.1729 -0.0003
3 16 0 -5.1574 -0.0003 0 -4.5466 -2.5584 2.447 -5.1729 -0.0003
3 16 2.447 -5.1729 -0.0003 0 -4.5466 -2.5584 2.4681 -4.5466 -2.5584
3 16 0 2.625 -4.4311 0 4.5466 -2.5584 2.516 2.625 -4.4311
3 16 2.516 2.625 -4.4311 0 4.5466 -2.5584 2.5215 4.5466 -2.5584
3 16 0 5.25 -0.0003 2.5138 5.25 -0.0003 0 4.5466 -2.5584
3 16 0 4.5466 -2.5584 2.5138 5.25 -0.0003 2.5215 4.5466 -2.5584
3 16 0 0 -5.0306 0 1.0394 -4.9466 1.9456 0 -5.0306
3 16 1.9456 0 -5.0306 0 1.0394 -4.9466 2.5151 0.881 -4.9466
3 16 0 -4.5466 -2.5584 0 -2.625 -4.4311 2.4681 -4.5466 -2.5584
3 16 2.4681 -4.5466 -2.5584 0 -2.625 -4.4311 2.5117 -2.625 -4.4311
3 16 7.75 3.4641 2 7.75 2.2733 1.3125 7.75 4 0
3 16 7.75 4 0 7.75 2.2733 1.3125 7.75 2.5375 0
3 16 7.75 3.4641 2 7.75 2 3.4641 7.75 2.2733 1.3125
3 16 7.75 2.2733 1.3125 7.75 2 3.4641 7.75 1.3125 2.2733
3 16 7.75 2 3.4641 7.75 0 4 7.75 1.3125 2.2733
3 16 7.75 1.3125 2.2733 7.75 0 4 7.75 0 2.625
3 16 7.75 -2 3.4641 7.75 -3.4641 2 7.75 -1.3125 2.2733
3 16 7.75 -1.3125 2.2733 7.75 -3.4641 2 7.75 -2.2733 1.3125
3 16 7.75 -3.4641 2 7.75 -4 0 7.75 -2.2733 1.3125
3 16 7.75 -2.2733 1.3125 7.75 -4 0 7.75 -2.625 0
3 16 7.75 -4 0 7.75 -3.4641 -2 7.75 -2.625 0
3 16 7.75 -2.625 0 7.75 -3.4641 -2 7.75 -2.2733 -1.3125
3 16 7.75 1.0168 -3.7814 7.75 2 -3.4641 7.75 1.0168 -2.38
3 16 7.75 1.0168 -2.38 7.75 2 -3.4641 7.75 1.511 -2.1619
3 16 7.75 3.4641 -2 7.75 4 0 7.75 2.2733 -1.3125
3 16 7.75 2.2733 -1.3125 7.75 4 0 7.75 2.5375 0
3 16 7.75 -1.0168 -3.8015 7.75 -1.0168 -2.38 7.75 -2 -3.4641
3 16 7.75 -2 -3.4641 7.75 -1.0168 -2.38 7.75 -1.511 -2.1619
3 16 7.75 -2 -3.4641 7.75 -1.511 -2.1619 7.75 -3.4641 -2
3 16 7.75 -3.4641 -2 7.75 -1.511 -2.1619 7.75 -2.2733 -1.3125
3 16 -4.3016 -4.9028 1.6101 -4.5478 -3.6036 3.2776 -5.4304 -3.873 0.6149
3 16 -5.4304 -3.873 0.6149 -4.5478 -3.6036 3.2776 -5.6804 -2.415 2.1761
3 16 -5.4304 -3.873 0.6149 -5.6804 -2.415 2.1761 -6.1434 -2.5969 -0.601
3 16 -6.1434 -2.5969 -0.601 -5.6804 -2.415 2.1761 -6.3279 -1.0208 0.9217
3 16 -6.1434 -2.5969 -0.601 -6.3279 -1.0208 0.9217 -6.7252 -1.2175 -1.8726
3 16 -6.7252 -1.2175 -1.8726 -6.3279 -1.0208 0.9217 -6.9401 0.4327 -0.3633
3 16 -7.6951 2.1982 -2.0147 -7.3944 0.3599 -3.5931 -6.9401 0.4327 -0.3633
3 16 -6.9401 0.4327 -0.3633 -7.3944 0.3599 -3.5931 -6.7252 -1.2175 -1.8726
3 16 -8.503 4.0154 -3.8446 -8.1078 2.05 -5.5044 -7.6951 2.1982 -2.0147
3 16 -7.6951 2.1982 -2.0147 -8.1078 2.05 -5.5044 -7.3944 0.3599 -3.5931
3 16 -9.0617 5.2364 -5.1837 -8.6553 3.2336 -7.067 -8.503 4.0154 -3.8446
3 16 -8.503 4.0154 -3.8446 -8.6553 3.2336 -7.067 -8.1078 2.05 -5.5044
3 16 -2.8671 -5.5798 2.2412 -4.3016 -4.9028 1.6101 -2.8539 -6.0813 0.4737
3 16 -2.8539 -6.0813 0.4737 -4.3016 -4.9028 1.6101 -3.7584 -5.6846 0.0503
3 16 2.5211 -0.881 -4.9466 0 -0.9124 -4.9466 1.9456 0 -5.0306
3 16 1.9456 0 -5.0306 0 -0.9124 -4.9466 0 0 -5.0306
3 16 0 -2.625 -4.4311 0 -0.9124 -4.9466 2.5117 -2.625 -4.4311
3 16 2.5117 -2.625 -4.4311 0 -0.9124 -4.9466 2.5211 -0.881 -4.9466
3 16 0 2.625 -4.4311 2.516 2.625 -4.4311 0 1.0394 -4.9466
3 16 0 1.0394 -4.9466 2.516 2.625 -4.4311 2.5151 0.881 -4.9466
3 16 2.4825 0 5.1159 0 0 5.1159 2.476 -2.625 4.4305
3 16 2.476 -2.625 4.4305 0 0 5.1159 0 -2.625 4.4305
3 16 2.5211 -0.881 -2.4219 2.5211 -0.881 -4.9466 1.9456 0 -2.625
3 16 1.9456 0 -2.625 2.5211 -0.881 -4.9466 1.9456 0 -5.0306
3 16 2.5151 0.881 -2.4219 1.9456 0 -2.625 2.5151 0.881 -4.9466
3 16 2.5151 0.881 -4.9466 1.9456 0 -2.625 1.9456 0 -5.0306
3 16 7.75 2.2733 -1.3125 7.75 1.511 -2.1619 7.75 3.4641 -2
3 16 7.75 3.4641 -2 7.75 1.511 -2.1619 7.75 2 -3.4641
3 16 7.75 -1.3125 2.2733 7.75 0 2.625 7.75 -2 3.4641
3 16 7.75 -2 3.4641 7.75 0 2.625 7.75 0 4
3 16 -4.9967 0 -2.625 -5.0028 -1.196 -2.2753 1.9456 0 -2.625
3 16 1.9456 0 -2.625 -5.0028 -1.196 -2.2753 2.5211 -0.881 -2.4219
3 16 -4.9967 0 -2.625 1.9456 0 -2.625 -4.9915 1.196 -2.2753
3 16 -4.9915 1.196 -2.2753 1.9456 0 -2.625 2.5151 0.881 -2.4219
3 16 -4.9999 0 0 -4.9967 0 -2.625 -4.9915 1.196 -2.2753
3 16 -4.9999 0 0 -5.0028 -1.196 -2.2753 -4.9967 0 -2.625
3 16 -5.01 -2.2733 -1.3125 -5.0028 -1.196 -2.2753 -4.9999 0 0
3 16 -5.0143 -2.625 0 -5.01 -2.2733 -1.3125 -4.9999 0 0
3 16 -5.0137 -2.2733 1.3125 -5.0143 -2.625 0 -4.9999 0 0
3 16 -5.0077 -1.3125 2.2733 -5.0137 -2.2733 1.3125 -4.9999 0 0
3 16 -4.9999 0 0 -5.0016 0 2.625 -5.0077 -1.3125 2.2733
3 16 -4.9987 1.3125 2.2733 -5.0016 0 2.625 -4.9999 0 0
3 16 -4.9905 2.2733 1.3125 -4.9987 1.3125 2.2733 -4.9999 0 0
3 16 -4.9857 2.5375 0 -4.9905 2.2733 1.3125 -4.9999 0 0
3 16 -4.9869 2.2733 -1.3125 -4.9857 2.5375 0 -4.9999 0 0
3 16 -4.9999 0 0 -4.9915 1.196 -2.2753 -4.9869 2.2733 -1.3125
3 16 6.0378 5.1425 -0.0001 6.0356 4.4535 2.5456 7.75 4 0
3 16 7.75 4 0 6.0356 4.4535 2.5456 7.75 3.4641 2
3 16 -4.9857 2.5375 0 7.75 2.5375 0 -4.9905 2.2733 1.3125
3 16 -4.9905 2.2733 1.3125 7.75 2.5375 0 7.75 2.2733 1.3125
3 16 6.0356 4.4535 2.5456 6.0296 2.5712 4.4092 7.75 3.4641 2
3 16 7.75 3.4641 2 6.0296 2.5712 4.4092 7.75 2 3.4641
3 16 7.75 2.2733 1.3125 7.75 1.3125 2.2733 -4.9905 2.2733 1.3125
3 16 -4.9905 2.2733 1.3125 7.75 1.3125 2.2733 -4.9987 1.3125 2.2733
3 16 6.0296 2.5712 4.4092 6.0276 0 5.0913 7.75 2 3.4641
3 16 7.75 2 3.4641 6.0276 0 5.0913 7.75 0 4
3 16 -4.9987 1.3125 2.2733 7.75 1.3125 2.2733 -5.0016 0 2.625
3 16 -5.0016 0 2.625 7.75 1.3125 2.2733 7.75 0 2.625
3 16 6.0182 -4.4135 2.516 7.75 -3.4641 2 6.0255 -2.5712 4.4092
3 16 6.0255 -2.5712 4.4092 7.75 -3.4641 2 7.75 -2 3.4641
3 16 -5.0077 -1.3125 2.2733 7.75 -1.3125 2.2733 -5.0137 -2.2733 1.3125
3 16 -5.0137 -2.2733 1.3125 7.75 -1.3125 2.2733 7.75 -2.2733 1.3125
3 16 6.016 -5.1131 -0.0001 7.75 -4 0 6.0182 -4.4135 2.516
3 16 6.0182 -4.4135 2.516 7.75 -4 0 7.75 -3.4641 2
3 16 -5.0137 -2.2733 1.3125 7.75 -2.2733 1.3125 -5.0143 -2.625 0
3 16 -5.0143 -2.625 0 7.75 -2.2733 1.3125 7.75 -2.625 0
3 16 6.016 -5.1131 -0.0001 6.0229 -4.4535 -2.5458 7.75 -4 0
3 16 7.75 -4 0 6.0229 -4.4535 -2.5458 7.75 -3.4641 -2
3 16 -5.0143 -2.625 0 7.75 -2.625 0 -5.01 -2.2733 -1.3125
3 16 -5.01 -2.2733 -1.3125 7.75 -2.625 0 7.75 -2.2733 -1.3125
3 16 6.0383 1.0168 -4.8551 6.0386 2.5712 -4.4094 7.75 1.0168 -3.7814
3 16 7.75 1.0168 -3.7814 6.0386 2.5712 -4.4094 7.75 2 -3.4641
3 16 2.5151 0.881 -2.4219 3.0335 1.0168 -2.38 -4.9915 1.196 -2.2753
3 16 4.3312 1.0168 -5.363 3.0335 1.0168 -2.38 3.0335 1.0168 -5.2446
3 16 6.0378 5.1425 -0.0001 7.75 4 0 6.0404 4.4535 -2.5458
3 16 6.0404 4.4535 -2.5458 7.75 4 0 7.75 3.4641 -2
3 16 -4.9869 2.2733 -1.3125 7.75 2.2733 -1.3125 -4.9857 2.5375 0
3 16 -4.9857 2.5375 0 7.75 2.2733 -1.3125 7.75 2.5375 0
3 16 6.0402 -1.0168 -4.8709 7.75 -1.0168 -3.8015 6.0371 -2.5712 -4.4094
3 16 6.0371 -2.5712 -4.4094 7.75 -1.0168 -3.8015 7.75 -2 -3.4641
3 16 3.0335 -1.0168 -2.38 6.0402 -1.0168 -4.8709 4.3312 -1.0168 -5.3702
3 16 -5.0028 -1.196 -2.2753 7.75 -1.511 -2.1619 3.0335 -1.0168 -2.38
3 16 3.0335 -1.0168 -2.38 7.75 -1.511 -2.1619 7.75 -1.0168 -2.38
3 16 6.0229 -4.4535 -2.5458 6.0371 -2.5712 -4.4094 7.75 -3.4641 -2
3 16 7.75 -3.4641 -2 6.0371 -2.5712 -4.4094 7.75 -2 -3.4641
3 16 7.75 -2.2733 -1.3125 7.75 -1.511 -2.1619 -5.01 -2.2733 -1.3125
3 16 -5.01 -2.2733 -1.3125 7.75 -1.511 -2.1619 -5.0028 -1.196 -2.2753
3 16 -4.9915 1.196 -2.2753 7.75 1.511 -2.1619 -4.9869 2.2733 -1.3125
3 16 -4.9869 2.2733 -1.3125 7.75 1.511 -2.1619 7.75 2.2733 -1.3125
3 16 6.0404 4.4535 -2.5458 7.75 3.4641 -2 6.0386 2.5712 -4.4094
3 16 6.0386 2.5712 -4.4094 7.75 3.4641 -2 7.75 2 -3.4641
3 16 -5.0016 0 2.625 7.75 0 2.625 -5.0077 -1.3125 2.2733
3 16 -5.0077 -1.3125 2.2733 7.75 0 2.625 7.75 -1.3125 2.2733
3 16 6.0255 -2.5712 4.4092 7.75 -2 3.4641 6.0276 0 5.0913
3 16 6.0276 0 5.0913 7.75 -2 3.4641 7.75 0 4
3 16 2.5151 0.881 -2.4219 2.5151 0.881 -4.9466 3.0335 1.0168 -2.38
3 16 3.0335 1.0168 -2.38 2.5151 0.881 -4.9466 3.0335 1.0168 -5.2446
3 16 2.5151 0.881 -4.9466 2.516 2.625 -4.4311 3.0335 1.0168 -5.2446
3 16 3.0335 1.0168 -5.2446 2.516 2.625 -4.4311 3.0335 2.775 -4.8064
3 16 2.5215 4.5466 -2.5584 3.0335 4.8064 -2.775 2.516 2.625 -4.4311
3 16 2.516 2.625 -4.4311 3.0335 4.8064 -2.775 3.0335 2.775 -4.8064
3 16 2.5138 5.25 -0.0003 3.0335 5.55 0 2.5215 4.5466 -2.5584
3 16 2.5215 4.5466 -2.5584 3.0335 5.55 0 3.0335 4.8064 -2.775
3 16 2.5138 5.25 -0.0003 2.507 4.5466 2.5578 3.0335 5.55 0
3 16 3.0335 5.55 0 2.507 4.5466 2.5578 3.0335 4.8064 2.775
3 16 2.507 4.5466 2.5578 2.4885 2.625 4.4305 3.0335 4.8064 2.775
3 16 3.0335 4.8064 2.775 2.4885 2.625 4.4305 3.0335 2.775 4.8064
3 16 2.4885 2.625 4.4305 2.4825 0 5.1159 3.0335 2.775 4.8064
3 16 3.0335 2.775 4.8064 2.4825 0 5.1159 3.0335 0 5.55
3 16 2.476 -2.625 4.4305 3.0335 -2.775 4.8064 2.4825 0 5.1159
3 16 2.4825 0 5.1159 3.0335 -2.775 4.8064 3.0335 0 5.55
3 16 2.4539 -4.4416 2.4802 3.0335 -4.8064 2.775 2.476 -2.625 4.4305
3 16 2.476 -2.625 4.4305 3.0335 -4.8064 2.775 3.0335 -2.775 4.8064
3 16 2.447 -5.1729 -0.0003 3.0335 -5.55 0 2.4539 -4.4416 2.4802
3 16 2.4539 -4.4416 2.4802 3.0335 -5.55 0 3.0335 -4.8064 2.775
3 16 2.447 -5.1729 -0.0003 2.4681 -4.5466 -2.5584 3.0335 -5.55 0
3 16 3.0335 -5.55 0 2.4681 -4.5466 -2.5584 3.0335 -4.8064 -2.775
3 16 2.4681 -4.5466 -2.5584 2.5117 -2.625 -4.4311 3.0335 -4.8064 -2.775
3 16 3.0335 -4.8064 -2.775 2.5117 -2.625 -4.4311 3.0335 -2.775 -4.8064
3 16 2.5211 -0.881 -4.9466 3.0335 -1.0168 -5.2446 2.5117 -2.625 -4.4311
3 16 2.5117 -2.625 -4.4311 3.0335 -1.0168 -5.2446 3.0335 -2.775 -4.8064
3 16 2.5211 -0.881 -2.4219 3.0335 -1.0168 -2.38 2.5211 -0.881 -4.9466
3 16 2.5211 -0.881 -4.9466 3.0335 -1.0168 -2.38 3.0335 -1.0168 -5.2446
3 16 3.0335 1.0168 -5.2446 3.0335 2.775 -4.8064 4.3312 1.0168 -5.363
3 16 4.3312 1.0168 -5.363 3.0335 2.775 -4.8064 4.3312 2.8375 -4.9147
3 16 3.0335 2.775 -4.8064 3.0335 4.8064 -2.775 4.3312 2.8375 -4.9147
3 16 4.3312 2.8375 -4.9147 3.0335 4.8064 -2.775 4.3312 4.9147 -2.8375
3 16 3.0335 4.8064 -2.775 3.0335 5.55 0 4.3312 4.9147 -2.8375
3 16 4.3312 4.9147 -2.8375 3.0335 5.55 0 4.3312 5.675 0
3 16 3.0335 5.55 0 3.0335 4.8064 2.775 4.3312 5.675 0
3 16 4.3312 5.675 0 3.0335 4.8064 2.775 4.3312 4.9147 2.8375
3 16 3.0335 4.8064 2.775 3.0335 2.775 4.8064 4.3312 4.9147 2.8375
3 16 4.3312 4.9147 2.8375 3.0335 2.775 4.8064 4.3312 2.8375 4.9147
3 16 3.0335 2.775 4.8064 3.0335 0 5.55 4.3312 2.8375 4.9147
3 16 4.3312 2.8375 4.9147 3.0335 0 5.55 4.3312 0 5.675
3 16 3.0335 0 5.55 3.0335 -2.775 4.8064 4.3312 0 5.675
3 16 4.3312 0 5.675 3.0335 -2.775 4.8064 4.3312 -2.8375 4.9147
3 16 3.0335 -2.775 4.8064 3.0335 -4.8064 2.775 4.3312 -2.8375 4.9147
3 16 4.3312 -2.8375 4.9147 3.0335 -4.8064 2.775 4.3312 -4.9147 2.8375
3 16 3.0335 -4.8064 2.775 3.0335 -5.55 0 4.3312 -4.9147 2.8375
3 16 4.3312 -4.9147 2.8375 3.0335 -5.55 0 4.3312 -5.675 0
3 16 3.0335 -5.55 0 3.0335 -4.8064 -2.775 4.3312 -5.675 0
3 16 4.3312 -5.675 0 3.0335 -4.8064 -2.775 4.3312 -4.9147 -2.8375
3 16 3.0335 -4.8064 -2.775 3.0335 -2.775 -4.8064 4.3312 -4.9147 -2.8375
3 16 4.3312 -4.9147 -2.8375 3.0335 -2.775 -4.8064 4.3312 -2.8375 -4.9147
3 16 3.0335 -1.0168 -5.2446 4.3312 -1.0168 -5.3702 3.0335 -2.775 -4.8064
3 16 3.0335 -2.775 -4.8064 4.3312 -1.0168 -5.3702 4.3312 -2.8375 -4.9147
3 16 4.3312 1.0168 -5.363 4.3312 2.8375 -4.9147 6.0383 1.0168 -4.8551
3 16 6.0383 1.0168 -4.8551 4.3312 2.8375 -4.9147 6.0386 2.5712 -4.4094
3 16 4.3312 2.8375 -4.9147 4.3312 4.9147 -2.8375 6.0386 2.5712 -4.4094
3 16 6.0386 2.5712 -4.4094 4.3312 4.9147 -2.8375 6.0404 4.4535 -2.5458
3 16 4.3312 4.9147 -2.8375 4.3312 5.675 0 6.0404 4.4535 -2.5458
3 16 6.0404 4.4535 -2.5458 4.3312 5.675 0 6.0378 5.1425 -0.0001
3 16 4.3312 4.9147 2.8375 6.0356 4.4535 2.5456 4.3312 5.675 0
3 16 4.3312 5.675 0 6.0356 4.4535 2.5456 6.0378 5.1425 -0.0001
3 16 4.3312 2.8375 4.9147 6.0296 2.5712 4.4092 4.3312 4.9147 2.8375
3 16 4.3312 4.9147 2.8375 6.0296 2.5712 4.4092 6.0356 4.4535 2.5456
3 16 4.3312 0 5.675 6.0276 0 5.0913 4.3312 2.8375 4.9147
3 16 4.3312 2.8375 4.9147 6.0276 0 5.0913 6.0296 2.5712 4.4092
3 16 4.3312 0 5.675 4.3312 -2.8375 4.9147 6.0276 0 5.0913
3 16 6.0276 0 5.0913 4.3312 -2.8375 4.9147 6.0255 -2.5712 4.4092
3 16 4.3312 -2.8375 4.9147 4.3312 -4.9147 2.8375 6.0255 -2.5712 4.4092
3 16 6.0255 -2.5712 4.4092 4.3312 -4.9147 2.8375 6.0182 -4.4135 2.516
3 16 4.3312 -4.9147 2.8375 4.3312 -5.675 0 6.0182 -4.4135 2.516
3 16 6.0182 -4.4135 2.516 4.3312 -5.675 0 6.016 -5.1131 -0.0001
3 16 4.3312 -4.9147 -2.8375 6.0229 -4.4535 -2.5458 4.3312 -5.675 0
3 16 4.3312 -5.675 0 6.0229 -4.4535 -2.5458 6.016 -5.1131 -0.0001
3 16 4.3312 -2.8375 -4.9147 6.0371 -2.5712 -4.4094 4.3312 -4.9147 -2.8375
3 16 4.3312 -4.9147 -2.8375 6.0371 -2.5712 -4.4094 6.0229 -4.4535 -2.5458
3 16 4.3312 -1.0168 -5.3702 6.0402 -1.0168 -4.8709 4.3312 -2.8375 -4.9147
3 16 4.3312 -2.8375 -4.9147 6.0402 -1.0168 -4.8709 6.0371 -2.5712 -4.4094
3 16 -4.9915 1.196 -2.2753 3.0335 1.0168 -2.38 7.75 1.511 -2.1619
3 16 7.75 1.511 -2.1619 3.0335 1.0168 -2.38 7.75 1.0168 -2.38
3 16 -5.0028 -1.196 -2.2753 3.0335 -1.0168 -2.38 2.5211 -0.881 -2.4219
3 16 0 -0.8906 6.4233 0 0 5.1159 0 0.8346 6.5031
3 16 0 -3.846 -4.9647 0 -1.9237 -6.085 0 -2.625 -4.4311
3 16 0 -2.625 -4.4311 0 -1.9237 -6.085 0 -0.9124 -4.9466
3 16 0 0 -5.0306 0 0.3303 -6.9945 0 1.0394 -4.9466
3 16 0 -0.9124 -4.9466 0 -1.9237 -6.085 0 0 -5.0306
3 16 0 0 -5.0306 0 -1.9237 -6.085 0 0.3303 -6.9945
3 16 7.75 1.0168 -3.7814 7.75 1.0168 -2.38 6.0383 1.0168 -4.8551
3 16 6.0383 1.0168 -4.8551 7.75 1.0168 -2.38 3.0335 1.0168 -2.38
3 16 6.0383 1.0168 -4.8551 3.0335 1.0168 -2.38 4.3312 1.0168 -5.363
3 16 3.0335 -1.0168 -2.38 4.3312 -1.0168 -5.3702 3.0335 -1.0168 -5.2446
3 16 3.0335 -1.0168 -2.38 7.75 -1.0168 -2.38 6.0402 -1.0168 -4.8709
3 16 6.0402 -1.0168 -4.8709 7.75 -1.0168 -2.38 7.75 -1.0168 -3.8015
3 16 0 2.625 -4.4311 0 2.638 -7.7337 0 4.5466 -2.5584
3 16 0 4.5466 -2.5584 0 2.638 -7.7337 0 9.8949 -0.6237
2 24 0 4.171 -8.1929 0 5.3213 -9.4209
2 24 0 5.3213 -9.4209 0 5.753 -10.7753
2 24 0 6.222 -16.3975 0 5.9165 -12.7349
2 24 0 9.5367 -15.7148 0 9.7786 -11.1481
2 24 -1.477 12.1029 -2.8849 -0.7189 10.9467 -1.5796
2 24 0 10.1566 -1.5644 0 10.1305 -3.9827
2 24 0 2.638 -7.7337 0 4.171 -8.1929
2 24 0 4.171 -8.1929 0 5.3213 -9.4209
2 24 0 10.1305 -3.9827 0 10.0491 -6.3173
2 24 0 9.8949 -0.6237 0 10.1566 -1.5644
2 24 -6.6324 5.5295 -16.9236 -7.4648 6.5734 -16.9236
2 24 -6.6324 5.5295 -19.25 -7.4648 6.5734 -19.25
2 24 -7.7619 7.875 -16.9236 -7.4648 9.1767 -16.9236
2 24 -7.7619 7.875 -19.25 -7.4648 9.1767 -19.25
2 24 -4.0943 4.9502 -16.9236 -5.4295 4.9502 -16.9236
2 24 -4.0943 4.9502 -19.25 -5.4295 4.9502 -19.25
2 24 -5.6738 10.7019 -19.25 -4.0943 10.7998 -19.25
2 24 -5.6738 10.7019 -16.9236 -4.0943 10.7998 -16.9236
2 24 -2.059 6.5733 -19.25 -2.8914 5.5295 -19.25
2 24 -2.059 6.5734 -16.9236 -2.8914 5.5295 -16.9236
2 24 -2.8914 10.2205 -16.9236 -2.059 9.1767 -16.9236
2 24 -2.8914 10.2205 -19.25 -2.059 9.1767 -19.25
2 24 0 6.222 -16.3975 0 5.9165 -12.7349
2 24 0 5.3213 -9.4209 0 5.753 -10.7753
2 24 0 10.0491 -6.3173 0 9.9081 -8.7047
2 24 -9.8904 7.809 -19.25 -9.3432 10.0874 -19.25
2 24 -7.7619 7.875 -19.25 -7.4648 9.1767 -19.25
2 24 -9.8904 7.809 -19.25 -9.2921 5.6027 -19.25
2 24 -7.7619 7.875 -19.25 -7.4648 6.5734 -19.25
2 24 -9.2921 5.6027 -19.25 -7.8367 3.8951 -19.25
2 24 -7.4648 6.5734 -19.25 -6.6324 5.5295 -19.25
2 24 -7.8367 3.8951 -19.25 -5.7453 3.0522 -19.25
2 24 -6.6324 5.5295 -19.25 -5.4295 4.9502 -19.25
2 24 -5.7453 3.0522 -19.25 -3.3153 3.1228 -19.25
2 24 -5.4295 4.9502 -19.25 -4.0943 4.9502 -19.25
2 24 -3.3153 3.1228 -19.25 -1.1066 4.4522 -19.25
2 24 -4.0943 4.9502 -19.25 -2.8914 5.5295 -19.25
2 24 -1.1066 4.4522 -19.25 0 6.4527 -19.25
2 24 -2.8914 5.5295 -19.25 -2.059 6.5733 -19.25
2 24 -2.8914 10.2205 -19.25 -2.059 9.1767 -19.25
2 24 -1.2575 11.6261 -19.25 0 9.3541 -19.25
2 24 -3.4856 12.8166 -19.25 -5.7339 12.8928 -19.25
2 24 -4.0943 10.7998 -19.25 -5.6738 10.7019 -19.25
2 24 -5.6738 10.7019 -19.25 -6.6324 10.2205 -19.25
2 24 -5.7339 12.8928 -19.25 -7.9331 11.9946 -19.25
2 24 -7.4648 9.1767 -19.25 -6.6324 10.2205 -19.25
2 24 -9.3432 10.0874 -19.25 -7.9331 11.9946 -19.25
2 24 -4.0943 4.9502 -16.9236 -2.8914 5.5295 -16.9236
2 24 -4.0943 4.9502 -19.25 -2.8914 5.5295 -19.25
2 24 -5.9073 6.7054 -2.1106 -6.2755 7.113 -2.3298
2 24 -6.6324 5.5295 -16.9236 -5.4295 4.9502 -16.9236
2 24 -6.6324 5.5295 -19.25 -5.4295 4.9502 -19.25
2 24 -7.4648 6.5734 -16.9236 -7.7619 7.875 -16.9236
2 24 -7.4648 6.5734 -19.25 -7.7619 7.875 -19.25
2 24 -7.4648 9.1767 -16.9236 -6.6324 10.2205 -16.9236
2 24 -7.4648 9.1767 -19.25 -6.6324 10.2205 -19.25
2 24 -5.6738 10.7019 -16.9236 -6.6324 10.2205 -16.9236
2 24 -5.6738 10.7019 -19.25 -6.6324 10.2205 -19.25
2 24 -5.2047 6.4295 -1.9244 -4.419 6.4301 -1.9095
2 24 -4.0943 10.7998 -16.9236 -2.8914 10.2205 -16.9236
2 24 -4.0943 10.7998 -19.25 -2.8914 10.2205 -19.25
2 24 -2.059 6.5734 -16.9236 -1.7619 7.875 -16.9236
2 24 -2.059 6.5733 -19.25 -1.7619 7.875 -19.25
2 24 -2.059 9.1767 -16.9236 -1.7619 7.875 -16.9236
2 24 -2.059 9.1767 -19.25 -1.7619 7.875 -19.25
2 24 -2.059 6.5733 -19.25 -1.7619 7.875 -19.25
2 24 0 6.4527 -19.25 0 9.3541 -19.25
2 24 0 10.1566 -1.5644 0 10.1305 -3.9827
2 24 0 10.1305 -3.9827 0 10.0491 -6.3173
2 24 0 10.0491 -6.3173 0 9.9081 -8.7047
2 24 0 9.7786 -11.1481 0 9.5367 -15.7148
2 24 -1.2575 11.6261 -19.25 -3.4856 12.8166 -19.25
2 24 -2.8914 10.2205 -19.25 -4.0943 10.7998 -19.25
2 24 -2.059 9.1767 -19.25 -1.7619 7.875 -19.25
2 24 -6.6324 5.5295 -15.249 -7.4648 6.5734 -15.249
2 24 -7.7619 7.875 -15.249 -7.4648 9.1767 -15.249
2 24 -4.0943 4.9502 -15.249 -5.4295 4.9502 -15.249
2 24 -4.0943 10.7998 -15.249 -5.6738 10.7019 -15.249
2 24 -2.059 6.5734 -15.249 -2.8914 5.5295 -15.249
2 24 -2.8914 10.2205 -15.249 -2.059 9.1767 -15.249
2 24 -4.0943 4.9502 -15.249 -2.8914 5.5295 -15.249
2 24 -6.6324 5.5295 -15.249 -5.4295 4.9502 -15.249
2 24 -7.4648 6.5734 -15.249 -7.7619 7.875 -15.249
2 24 -7.4648 9.1767 -15.249 -6.6324 10.2205 -15.249
2 24 -5.6738 10.7019 -15.249 -6.6324 10.2205 -15.249
2 24 -4.0943 10.7998 -15.249 -2.8914 10.2205 -15.249
2 24 -2.059 6.5734 -15.249 -1.7619 7.875 -15.249
2 24 -2.059 9.1767 -15.249 -1.7619 7.875 -15.249
2 24 -6.692 5.5588 -12.25 -7.4648 6.5734 -12.25
2 24 -4.8327 10.8518 -12.3427 -3.7753 10.6587 -12.3427
2 24 -2.9567 5.5598 -12.2744 -2.059 6.5734 -12.25
2 24 -7.4648 6.5734 -12.25 -7.6874 7.4162 -12.25
2 24 -2.059 6.5734 -12.25 -1.8858 7.4146 -12.2742
2 24 -6.692 5.5588 -12.25 -7.4648 6.5734 -12.25
2 24 -7.6874 7.4162 -12.25 -6.692 5.5588 -12.25
2 24 -7.6874 7.4162 -12.25 -7.4648 6.5734 -12.25
2 24 -7.4648 9.1767 -5.0894 -7.6874 7.4162 -4.9095
2 24 -7.6874 7.4162 -8.5797 -7.6874 7.4162 -4.9095
2 24 -5.4295 4.9502 -3.2665 -4.0943 4.9502 -3.195
2 24 -3.7753 10.6578 -8.9522 -3.7753 10.6569 -5.5616
2 24 -3.7753 10.6569 -5.5616 -5.8842 10.6569 -5.5617
2 24 -5.8842 10.656 -8.9412 -5.8842 10.6569 -5.5617
2 24 -2.8914 10.2205 -5.5616 -2.059 9.1767 -5.0894
2 24 -2.9567 5.5598 -7.7662 -2.9567 5.5598 -3.258
2 24 -4.0943 4.9502 -3.195 -2.9567 5.5598 -3.258
2 24 -6.692 5.5588 -7.8263 -6.692 5.5588 -3.4026
2 24 -5.4295 4.9502 -3.2665 -6.692 5.5588 -3.4026
2 24 -7.4648 9.1767 -5.0894 -6.6324 10.2205 -5.5617
2 24 -5.8842 10.656 -8.9412 -5.8842 10.6569 -5.5617
2 24 -6.6324 10.2205 -5.5617 -5.8842 10.6569 -5.5617
2 24 -3.7753 10.6578 -8.9522 -3.7753 10.6569 -5.5616
2 24 -2.8914 10.2205 -5.5616 -3.7753 10.6569 -5.5616
2 24 -2.9567 5.5598 -3.258 -1.8858 7.4146 -4.9228
2 24 -2.9567 5.5598 -3.258 -2.9567 5.5598 -7.7662
2 24 -1.8858 7.4146 -4.9228 -1.8858 7.4146 -8.5985
2 24 -1.8858 7.4146 -8.5985 -1.8858 7.4146 -4.9228
2 24 -2.059 9.1767 -5.0894 -1.8858 7.4146 -4.9228
2 24 -6.692 5.5588 -3.4026 -6.692 5.5588 -7.8263
2 24 -6.692 5.5588 -3.4026 -7.6874 7.4162 -4.9095
2 24 -7.6874 7.4162 -4.9095 -7.6874 7.4162 -8.5797
2 24 -4.8327 10.8518 -12.3427 -3.7753 10.6587 -12.3427
2 24 -5.8842 10.655 -12.3208 -4.8327 10.8518 -12.3427
2 24 -5.8842 10.655 -12.3208 -3.7753 10.6587 -12.3427
2 24 -4.8327 10.8518 -12.3427 -5.8842 10.655 -12.3208
2 24 -2.059 6.5734 -12.25 -2.9567 5.5598 -12.2744
2 24 -1.8858 7.4146 -12.2742 -2.059 6.5734 -12.25
2 24 -1.8858 7.4146 -12.2742 -2.9567 5.5598 -12.2744
2 24 -7.4648 6.5734 -16.9236 -7.7619 7.875 -16.9236
2 24 -7.7619 7.875 -16.9236 -7.4648 9.1767 -16.9236
2 24 -7.4648 9.1767 -16.9236 -6.6324 10.2205 -16.9236
2 24 -6.6324 10.2205 -16.9236 -5.6738 10.7019 -16.9236
2 24 -5.6738 10.7019 -16.9236 -4.0943 10.7998 -16.9236
2 24 -4.0943 10.7998 -16.9236 -2.8914 10.2205 -16.9236
2 24 -2.8914 10.2205 -16.9236 -2.059 9.1767 -16.9236
2 24 -2.059 9.1767 -16.9236 -1.7619 7.875 -16.9236
2 24 -1.7619 7.875 -16.9236 -2.059 6.5734 -16.9236
2 24 -2.059 6.5734 -16.9236 -2.8914 5.5295 -16.9236
2 24 -2.8914 5.5295 -16.9236 -4.0943 4.9502 -16.9236
2 24 -4.0943 4.9502 -16.9236 -5.4295 4.9502 -16.9236
2 24 -5.4295 4.9502 -16.9236 -6.6324 5.5295 -16.9236
2 24 -7.4648 6.5734 -16.9236 -6.6324 5.5295 -16.9236
2 24 -3.7753 10.6569 -5.5616 -2.8914 10.2205 -5.5616
2 24 -2.8914 10.2205 -5.5616 -2.059 9.1767 -5.0894
2 24 -3.276 7.004 -2.3464 -3.7801 6.6051 -2.0348
2 24 -2.9567 5.5598 -3.258 -1.8858 7.4146 -4.9228
2 24 -2.9567 5.5598 -3.258 -4.0943 4.9502 -3.195
2 24 -4.419 6.4301 -1.9095 -3.7801 6.6051 -2.0348
2 24 -4.0943 4.9502 -3.195 -5.4295 4.9502 -3.2665
2 24 -5.4295 4.9502 -3.2665 -6.692 5.5588 -3.4026
2 24 -5.9073 6.7054 -2.1106 -5.2047 6.4295 -1.9244
2 24 -6.692 5.5588 -3.4026 -7.6874 7.4162 -4.9095
2 24 -7.6874 7.4162 -4.9095 -7.4648 9.1767 -5.0894
2 24 -7.4648 9.1767 -5.0894 -6.6324 10.2205 -5.5617
2 24 -2.059 9.1767 -5.0894 -1.8858 7.4146 -4.9228
2 24 -3.7753 10.6569 -5.5616 -5.8842 10.6569 -5.5617
2 24 -6.6324 10.2205 -5.5617 -5.8842 10.6569 -5.5617
2 24 -7.4648 6.5734 -15.249 -7.7619 7.875 -15.249
2 24 -7.7619 7.875 -15.249 -7.4648 9.1767 -15.249
2 24 -7.4648 9.1767 -15.249 -6.6324 10.2205 -15.249
2 24 -6.6324 10.2205 -15.249 -5.6738 10.7019 -15.249
2 24 -5.6738 10.7019 -15.249 -4.0943 10.7998 -15.249
2 24 -4.0943 10.7998 -15.249 -2.8914 10.2205 -15.249
2 24 -2.8914 10.2205 -15.249 -2.059 9.1767 -15.249
2 24 -2.059 9.1767 -15.249 -1.7619 7.875 -15.249
2 24 -1.7619 7.875 -15.249 -2.059 6.5734 -15.249
2 24 -2.059 6.5734 -15.249 -2.8914 5.5295 -15.249
2 24 -2.8914 5.5295 -15.249 -4.0943 4.9502 -15.249
2 24 -4.0943 4.9502 -15.249 -5.4295 4.9502 -15.249
2 24 -5.4295 4.9502 -15.249 -6.6324 5.5295 -15.249
2 24 -7.4648 6.5734 -15.249 -6.6324 5.5295 -15.249
2 24 -6.692 5.5588 -7.8263 -6.692 5.5588 -12.25
2 24 -6.692 5.5588 -12.25 -7.6874 7.4162 -12.25
2 24 -7.6874 7.4162 -8.5797 -7.6874 7.4162 -12.25
2 24 -7.6874 7.4162 -12.25 -7.6874 7.4162 -8.5797
2 24 -5.8842 10.655 -12.3208 -5.8842 10.656 -8.9412
2 24 -3.7753 10.6578 -8.9522 -3.7753 10.6587 -12.3427
2 24 -3.7753 10.6587 -12.3427 -5.8842 10.655 -12.3208
2 24 -5.8842 10.656 -8.9412 -5.8842 10.655 -12.3208
2 24 -3.7753 10.6587 -12.3427 -3.7753 10.6578 -8.9522
2 24 -1.8858 7.4146 -12.2742 -1.8858 7.4146 -8.5985
2 24 -2.9567 5.5598 -7.7662 -2.9567 5.5598 -12.2744
2 24 -1.8858 7.4146 -8.5985 -1.8858 7.4146 -12.2742
2 24 -2.9567 5.5598 -12.2744 -1.8858 7.4146 -12.2742
2 24 -2.9567 5.5598 -12.2744 -2.9567 5.5598 -7.7662
2 24 -6.692 5.5588 -12.25 -6.692 5.5588 -7.8263
2 24 0 10.1566 -1.5644 0 9.8949 -0.6237
2 24 0 4.171 -8.1929 0 2.638 -7.7337
2 24 0 6.4527 -19.25 0 9.3541 -19.25
2 24 0 6.222 -16.3975 0 6.4527 -19.25
2 24 0 9.5367 -15.7148 0 9.3541 -19.25
2 24 0 9.5367 -15.7148 0 9.3541 -19.25
2 24 -1.2575 11.6261 -19.25 0 9.3541 -19.25
2 24 -1.2575 11.6261 -19.25 -3.4856 12.8166 -19.25
2 24 -3.4856 12.8166 -19.25 -5.7339 12.8928 -19.25
2 24 -5.7339 12.8928 -19.25 -7.9331 11.9946 -19.25
2 24 -7.9331 11.9946 -19.25 -9.3432 10.0874 -19.25
2 24 -9.3432 10.0874 -19.25 -9.8904 7.809 -19.25
2 24 -9.8904 7.809 -19.25 -9.2921 5.6027 -19.25
2 24 -9.2921 5.6027 -19.25 -7.8367 3.8951 -19.25
2 24 -7.8367 3.8951 -19.25 -5.7453 3.0522 -19.25
2 24 -5.7453 3.0522 -19.25 -3.3153 3.1228 -19.25
2 24 -3.3153 3.1228 -19.25 -1.1066 4.4522 -19.25
2 24 0 6.222 -16.3975 0 6.4527 -19.25
2 24 -1.1066 4.4522 -19.25 0 6.4527 -19.25
2 24 0 9.9081 -8.7047 0 9.7786 -11.1481
2 24 0 5.9165 -12.7349 0 5.753 -10.7753
2 24 0 9.7786 -11.1481 0 9.9081 -8.7047
2 24 0 5.753 -10.7753 0 5.9165 -12.7349
2 24 0 5.6404 3.7643 0 7.233 2.2172
2 24 0 4.5466 2.5578 0 5.25 -0.0003
2 24 0 2.4194 6.1233 0 4.1404 5.1475
2 24 0 4.5466 2.5578 0 2.625 4.4305
2 24 0 2.4194 6.1233 0 0.8346 6.5031
2 24 0 2.625 4.4305 0 0 5.1159
2 24 0 -4.4416 2.4802 0 -2.625 4.4305
2 24 0 -4.695 4.5703 0 -2.7506 5.9031
2 24 0 -6.5917 0.4098 0 -6.0473 2.6293
2 24 0 -4.4416 2.4802 0 -5.1574 -0.0003
2 24 0 -5.9808 -2.6622 0 -6.4762 -1.2167
2 24 0 -5.1574 -0.0003 0 -4.5466 -2.5584
2 24 0 9.8949 -0.6237 0 8.9957 0.5089
2 24 0 5.25 -0.0003 0 4.5466 -2.5584
2 24 0 -4.695 4.5703 0 -2.7506 5.9031
2 24 0 -4.695 4.5703 0 -6.0473 2.6293
2 24 0 -6.0473 2.6293 0 -6.5917 0.4098
2 24 0 -2.7506 5.9031 0 -0.8906 6.4233
2 24 0 -0.8906 6.4233 0 0.8346 6.5031
2 24 0 -6.5917 0.4098 0 -6.4762 -1.2167
2 24 0 -6.4762 -1.2167 0 -5.9808 -2.6622
2 24 0 0.8346 6.5031 0 2.4194 6.1233
2 24 0 0.3303 -6.9945 0 -1.9237 -6.085
2 24 -5.1264 -0.846 -8.4187 -4.6947 -2.4857 -6.6535
2 24 0 8.9957 0.5089 0 7.233 2.2172
2 24 0 -3.846 -4.9647 0 -5.1797 -3.7848
2 24 0 5.6404 3.7643 0 4.1404 5.1475
2 24 0 -5.9808 -2.6622 0 -5.1797 -3.7848
2 24 0 2.4194 6.1233 0 4.1404 5.1475
2 24 0 -1.9237 -6.085 0 -3.846 -4.9647
2 24 -4.6947 -2.4857 -6.6535 -4.192 -3.9721 -4.9923
2 24 0 7.233 2.2172 0 5.6404 3.7643
2 24 0 2.638 -7.7337 0 0.3303 -6.9945
2 24 0 9.8949 -0.6237 0 8.9957 0.5089
2 24 0 -4.695 4.5703 0 -6.0473 2.6293
2 24 0 -2.7506 5.9031 0 -0.8906 6.4233
2 24 0 0 5.1159 0 -2.625 4.4305
2 24 0 -6.5917 0.4098 0 -6.4762 -1.2167
2 24 0 2.638 -7.7337 0 0.3303 -6.9945
2 24 0 1.0394 -4.9466 0 2.625 -4.4311
2 24 0 -5.1797 -3.7848 0 -3.846 -4.9647
2 24 0 -4.5466 -2.5584 0 -2.625 -4.4311
2 24 0 5.6404 3.7643 0 4.1404 5.1475
2 24 0 7.233 2.2172 0 8.9957 0.5089
2 24 0 -5.9808 -2.6622 0 -5.1797 -3.7848
2 24 0 4.5466 2.5578 0 5.25 -0.0003
2 24 0 4.5466 2.5578 0 2.625 4.4305
2 24 0 2.625 4.4305 0 0 5.1159
2 24 0 -4.4416 2.4802 0 -2.625 4.4305
2 24 0 -4.4416 2.4802 0 -5.1574 -0.0003
2 24 0 -5.1574 -0.0003 0 -4.5466 -2.5584
2 24 0 2.625 -4.4311 0 4.5466 -2.5584
2 24 0 5.25 -0.0003 0 4.5466 -2.5584
2 24 0 0 -5.0306 0 1.0394 -4.9466
2 24 1.9456 0 -5.0306 2.5151 0.881 -4.9466
2 24 0 -4.5466 -2.5584 0 -2.625 -4.4311
2 24 7.75 3.4641 2 7.75 4 0
2 24 7.75 2.2733 1.3125 7.75 2.5375 0
2 24 7.75 3.4641 2 7.75 2 3.4641
2 24 7.75 2.2733 1.3125 7.75 1.3125 2.2733
2 24 7.75 2 3.4641 7.75 0 4
2 24 7.75 1.3125 2.2733 7.75 0 2.625
2 24 7.75 -2 3.4641 7.75 -3.4641 2
2 24 7.75 -1.3125 2.2733 7.75 -2.2733 1.3125
2 24 7.75 -3.4641 2 7.75 -4 0
2 24 7.75 -2.2733 1.3125 7.75 -2.625 0
2 24 7.75 -4 0 7.75 -3.4641 -2
2 24 7.75 -2.625 0 7.75 -2.2733 -1.3125
2 24 7.75 1.0168 -3.7814 7.75 2 -3.4641
2 24 7.75 1.0168 -3.7814 7.75 1.0168 -2.38
2 24 7.75 1.0168 -2.38 7.75 1.511 -2.1619
2 24 7.75 4 0 7.75 3.4641 -2
2 24 7.75 2.5375 0 7.75 2.2733 -1.3125
2 24 7.75 -1.0168 -3.8015 7.75 -1.0168 -2.38
2 24 7.75 -1.0168 -3.8015 7.75 -2 -3.4641
2 24 7.75 -1.0168 -2.38 7.75 -1.511 -2.1619
2 24 7.75 -3.4641 -2 7.75 -2 -3.4641
2 24 7.75 -2.2733 -1.3125 7.75 -1.511 -2.1619
2 24 1.9456 0 -5.0306 2.5211 -0.881 -4.9466
2 24 0 0 -5.0306 0 -0.9124 -4.9466
2 24 0 -2.625 -4.4311 0 -0.9124 -4.9466
2 24 0 2.625 -4.4311 0 1.0394 -4.9466
2 24 0 0 5.1159 0 -2.625 4.4305
2 24 2.5211 -0.881 -2.4219 2.5211 -0.881 -4.9466
2 24 2.5211 -0.881 -2.4219 1.9456 0 -2.625
2 24 2.5211 -0.881 -4.9466 1.9456 0 -5.0306
2 24 1.9456 0 -2.625 1.9456 0 -5.0306
2 24 1.9456 0 -2.625 2.5151 0.881 -2.4219
2 24 2.5151 0.881 -2.4219 2.5151 0.881 -4.9466
2 24 1.9456 0 -5.0306 2.5151 0.881 -4.9466
2 24 7.75 1.511 -2.1619 7.75 2.2733 -1.3125
2 24 7.75 2 -3.4641 7.75 3.4641 -2
2 24 7.75 0 2.625 7.75 -1.3125 2.2733
2 24 7.75 0 4 7.75 -2 3.4641
2 24 -4.9967 0 -2.625 -5.0028 -1.196 -2.2753
2 24 1.9456 0 -2.625 2.5211 -0.881 -2.4219
2 24 -4.9967 0 -2.625 -4.9915 1.196 -2.2753
2 24 1.9456 0 -2.625 2.5151 0.881 -2.4219
2 24 -4.9967 0 -2.625 -4.9915 1.196 -2.2753
2 24 -4.9967 0 -2.625 -5.0028 -1.196 -2.2753
2 24 -5.0028 -1.196 -2.2753 -5.01 -2.2733 -1.3125
2 24 -5.01 -2.2733 -1.3125 -5.0143 -2.625 0
2 24 -5.0143 -2.625 0 -5.0137 -2.2733 1.3125
2 24 -5.0137 -2.2733 1.3125 -5.0077 -1.3125 2.2733
2 24 -5.0077 -1.3125 2.2733 -5.0016 0 2.625
2 24 -5.0016 0 2.625 -4.9987 1.3125 2.2733
2 24 -4.9987 1.3125 2.2733 -4.9905 2.2733 1.3125
2 24 -4.9905 2.2733 1.3125 -4.9857 2.5375 0
2 24 -4.9857 2.5375 0 -4.9869 2.2733 -1.3125
2 24 -4.9915 1.196 -2.2753 -4.9869 2.2733 -1.3125
2 24 7.75 4 0 7.75 3.4641 2
2 24 -4.9857 2.5375 0 -4.9905 2.2733 1.3125
2 24 7.75 2.5375 0 7.75 2.2733 1.3125
2 24 7.75 3.4641 2 7.75 2 3.4641
2 24 7.75 2.2733 1.3125 7.75 1.3125 2.2733
2 24 -4.9905 2.2733 1.3125 -4.9987 1.3125 2.2733
2 24 7.75 2 3.4641 7.75 0 4
2 24 -4.9987 1.3125 2.2733 -5.0016 0 2.625
2 24 7.75 1.3125 2.2733 7.75 0 2.625
2 24 7.75 -3.4641 2 7.75 -2 3.4641
2 24 -5.0077 -1.3125 2.2733 -5.0137 -2.2733 1.3125
2 24 7.75 -1.3125 2.2733 7.75 -2.2733 1.3125
2 24 7.75 -3.4641 2 7.75 -4 0
2 24 -5.0137 -2.2733 1.3125 -5.0143 -2.625 0
2 24 7.75 -2.2733 1.3125 7.75 -2.625 0
2 24 7.75 -4 0 7.75 -3.4641 -2
2 24 -5.0143 -2.625 0 -5.01 -2.2733 -1.3125
2 24 7.75 -2.625 0 7.75 -2.2733 -1.3125
2 24 6.0383 1.0168 -4.8551 7.75 1.0168 -3.7814
2 24 7.75 1.0168 -3.7814 7.75 2 -3.4641
2 24 2.5151 0.881 -2.4219 3.0335 1.0168 -2.38
2 24 4.3312 1.0168 -5.363 3.0335 1.0168 -5.2446
2 24 7.75 4 0 7.75 3.4641 -2
2 24 -4.9857 2.5375 0 -4.9869 2.2733 -1.3125
2 24 7.75 2.5375 0 7.75 2.2733 -1.3125
2 24 6.0402 -1.0168 -4.8709 7.75 -1.0168 -3.8015
2 24 7.75 -1.0168 -3.8015 7.75 -2 -3.4641
2 24 6.0402 -1.0168 -4.8709 4.3312 -1.0168 -5.3702
2 24 7.75 -1.511 -2.1619 7.75 -1.0168 -2.38
2 24 3.0335 -1.0168 -2.38 7.75 -1.0168 -2.38
2 24 7.75 -3.4641 -2 7.75 -2 -3.4641
2 24 7.75 -2.2733 -1.3125 7.75 -1.511 -2.1619
2 24 -5.0028 -1.196 -2.2753 -5.01 -2.2733 -1.3125
2 24 -4.9915 1.196 -2.2753 -4.9869 2.2733 -1.3125
2 24 7.75 2.2733 -1.3125 7.75 1.511 -2.1619
2 24 7.75 2 -3.4641 7.75 3.4641 -2
2 24 -5.0016 0 2.625 -5.0077 -1.3125 2.2733
2 24 7.75 0 2.625 7.75 -1.3125 2.2733
2 24 7.75 0 4 7.75 -2 3.4641
2 24 2.5151 0.881 -2.4219 2.5151 0.881 -4.9466
2 24 3.0335 1.0168 -2.38 2.5151 0.881 -2.4219
2 24 3.0335 1.0168 -5.2446 2.5151 0.881 -4.9466
2 24 2.5151 0.881 -4.9466 3.0335 1.0168 -5.2446
2 24 2.5211 -0.881 -4.9466 3.0335 -1.0168 -5.2446
2 24 3.0335 -1.0168 -2.38 2.5211 -0.881 -2.4219
2 24 2.5211 -0.881 -2.4219 2.5211 -0.881 -4.9466
2 24 2.5211 -0.881 -4.9466 3.0335 -1.0168 -5.2446
2 24 3.0335 1.0168 -5.2446 4.3312 1.0168 -5.363
2 24 3.0335 -1.0168 -5.2446 4.3312 -1.0168 -5.3702
2 24 6.0383 1.0168 -4.8551 4.3312 1.0168 -5.363
2 24 6.0402 -1.0168 -4.8709 4.3312 -1.0168 -5.3702
2 24 3.0335 1.0168 -2.38 7.75 1.0168 -2.38
2 24 7.75 1.511 -2.1619 7.75 1.0168 -2.38
2 24 2.5211 -0.881 -2.4219 3.0335 -1.0168 -2.38
2 24 0 0.8346 6.5031 0 -0.8906 6.4233
2 24 0 -3.846 -4.9647 0 -1.9237 -6.085
2 24 0 -2.625 -4.4311 0 -0.9124 -4.9466
2 24 0 1.0394 -4.9466 0 0 -5.0306
2 24 0 -0.9124 -4.9466 0 0 -5.0306
2 24 0 0.3303 -6.9945 0 -1.9237 -6.085
2 24 7.75 1.0168 -3.7814 7.75 1.0168 -2.38
2 24 7.75 1.0168 -3.7814 6.0383 1.0168 -4.8551
2 24 3.0335 1.0168 -2.38 7.75 1.0168 -2.38
2 24 4.3312 1.0168 -5.363 6.0383 1.0168 -4.8551
2 24 4.3312 -1.0168 -5.3702 3.0335 -1.0168 -5.2446
2 24 3.0335 -1.0168 -2.38 7.75 -1.0168 -2.38
2 24 7.75 -1.0168 -2.38 7.75 -1.0168 -3.8015
2 24 6.0402 -1.0168 -4.8709 7.75 -1.0168 -3.8015
2 24 0 4.5466 -2.5584 0 2.625 -4.4311
2 24 0.0171 5.6527 3.7777 0.0175 7.2453 2.2301
2 24 0.0177 4.5618 2.5668 0.0177 5.2677 -0.0003
2 24 0.0168 2.4266 6.1404 0.0167 4.1515 5.1625
2 24 0.0177 4.5618 2.5668 0.0177 2.6337 4.4459
2 24 0.0168 2.4266 6.1404 0.0174 0.8363 6.521
2 24 0.0177 2.6337 4.4459 0.0177 0 5.1336
2 24 0.0177 -4.457 2.4889 0.0177 -2.634 4.4457
2 24 0.0169 -4.7082 4.5832 0.0174 -2.7585 5.9193
2 24 0.017 -6.6099 0.412 0.0168 -6.0642 2.6371
2 24 0.0177 -4.457 2.4889 0.0176 -5.1751 0.0001
2 24 0.0178 -5.9965 -2.67 0.0174 -6.4938 -1.2202
2 24 0.0176 -5.1751 0.0001 0.0177 -4.562 -2.5672
2 24 0.0177 9.0085 0.521 0.0186 9.9074 -0.6126
2 24 0.0177 5.2677 -0.0003 0.0177 4.5618 -2.5674
2 24 0.0169 -4.7082 4.5832 0.0174 -2.7585 5.9193
2 24 0.0169 -4.7082 4.5832 0.0168 -6.0642 2.6371
2 24 0.0168 -6.0642 2.6371 0.017 -6.6099 0.412
2 24 0.0174 -2.7585 5.9193 0.0177 -0.8935 6.4407
2 24 0.0177 -0.8935 6.4407 0.0174 0.8363 6.521
2 24 0.017 -6.6099 0.412 0.0174 -6.4938 -1.2202
2 24 0.0174 -6.4938 -1.2202 0.0178 -5.9965 -2.67
2 24 0.0174 0.8363 6.521 0.0168 2.4266 6.1404
2 24 0.022 0.3243 -7.0047 0.0201 -1.9306 -6.0982
2 24 -5.1321 -0.8649 -8.4341 -4.7021 -2.5041 -6.6686
2 24 0.0177 9.0085 0.521 0.0175 7.2453 2.2301
2 24 0.0191 -3.8554 -4.9778 0.0186 -5.1923 -3.7957
2 24 0.0171 5.6527 3.7777 0.0167 4.1515 5.1625
2 24 0.0178 -5.9965 -2.67 0.0186 -5.1923 -3.7957
2 24 0.0168 2.4266 6.1404 0.0167 4.1515 5.1625
2 24 0.0201 -1.9306 -6.0982 0.0191 -3.8554 -4.9778
2 24 -4.7021 -2.5041 -6.6686 -4.2019 -3.9905 -5.006
2 24 0.0175 7.2453 2.2301 0.0171 5.6527 3.7777
2 24 0.0243 4.1676 -8.1976 0.0244 5.3167 -9.4237
2 24 0.022 0.3243 -7.0047 0.0239 2.6355 -7.7406
2 24 0.0244 5.3167 -9.4237 0.0243 5.7472 -10.7765
2 24 0.0242 6.2158 -16.398 0.0242 5.9102 -12.7355
2 24 0.0243 9.5427 -15.7152 0.0243 9.7843 -11.1485
2 24 0.0177 9.0085 0.521 0.0186 9.9074 -0.6126
2 24 0.0169 -4.7082 4.5832 0.0168 -6.0642 2.6371
2 24 0.0174 -2.7585 5.9193 0.0177 -0.8935 6.4407
2 24 0.0177 0 5.1336 0.0177 -2.634 4.4457
2 24 0.017 -6.6099 0.412 0.0174 -6.4938 -1.2202
2 24 0.022 0.3243 -7.0047 0.0239 2.6355 -7.7406
2 24 0.0177 1.0435 -4.9638 0.0177 2.635 -4.4457
2 24 0.0186 -5.1923 -3.7957 0.0191 -3.8554 -4.9778
2 24 0.0177 -4.562 -2.5672 0.0177 -2.6347 -4.4459
2 24 0.0171 5.6527 3.7777 0.0167 4.1515 5.1625
2 24 0.0175 7.2453 2.2301 0.0177 9.0085 0.521
2 24 0.0241 10.1632 -1.5636 0.0245 10.1353 -3.9828
2 24 0.0239 2.6355 -7.7406 0.0243 4.1676 -8.1976
2 24 0.0243 4.1676 -8.1976 0.0244 5.3167 -9.4237
2 24 0.0245 10.1353 -3.9828 0.0245 10.0542 -6.3176
2 24 0.0186 9.9074 -0.6126 0.0241 10.1632 -1.5636
2 24 -6.6169 5.549 -16.9214 -7.4424 6.5842 -16.9214
2 24 -6.6213 5.5433 -19.2677 -7.4489 6.581 -19.2677
2 24 -7.737 7.875 -16.9214 -7.4424 9.1659 -16.9214
2 24 -7.7442 7.875 -19.2677 -7.4489 9.169 -19.2677
2 24 -4.0999 4.9745 -16.9214 -5.424 4.9745 -16.9214
2 24 -4.0983 4.9675 -19.2677 -5.4255 4.9675 -19.2677
2 24 -5.6688 10.6801 -19.2612 -4.0974 10.7824 -19.2677
2 24 -5.6682 10.6777 -16.9214 -4.0985 10.7752 -16.9214
2 24 -2.0749 6.581 -19.2677 -2.9025 5.5433 -19.2677
2 24 -2.0814 6.5841 -16.9214 -2.907 5.549 -16.9214
2 24 -2.9069 10.201 -16.9214 -2.0814 9.1658 -16.9214
2 24 -2.9025 10.2067 -19.2677 -2.0749 9.169 -19.2677
2 24 0.0242 6.2158 -16.398 0.0242 5.9102 -12.7355
2 24 0.0244 5.3167 -9.4237 0.0243 5.7472 -10.7765
2 24 0.0245 10.0542 -6.3176 0.0244 9.9135 -8.705
2 24 -9.9082 7.809 -19.2676 -9.3593 10.0949 -19.2677
2 24 -7.7442 7.875 -19.2677 -7.4489 9.169 -19.2677
2 24 -9.9082 7.809 -19.2676 -9.3076 5.5948 -19.268
2 24 -7.7442 7.875 -19.2677 -7.4489 6.581 -19.2677
2 24 -9.3076 5.5948 -19.268 -7.8469 3.8816 -19.2684
2 24 -7.4489 6.581 -19.2677 -6.6213 5.5433 -19.2677
2 24 -7.8469 3.8816 -19.2684 -5.7481 3.0356 -19.2685
2 24 -6.6213 5.5433 -19.2677 -5.4255 4.9675 -19.2677
2 24 -5.7481 3.0356 -19.2685 -3.3102 3.1066 -19.2684
2 24 -5.4255 4.9675 -19.2677 -4.0983 4.9675 -19.2677
2 24 -3.3102 3.1066 -19.2684 -1.0942 4.4404 -19.2682
2 24 -4.0983 4.9675 -19.2677 -2.9025 5.5433 -19.2677
2 24 -1.0942 4.4404 -19.2682 0.0213 6.4472 -19.2618
2 24 -2.9025 5.5433 -19.2677 -2.0749 6.581 -19.2677
2 24 -2.9025 10.2067 -19.2677 -2.0749 9.169 -19.2677
2 24 -1.2453 11.6385 -19.268 0.0214 9.3596 -19.2617
2 24 -3.4812 12.8334 -19.268 -5.7371 12.9101 -19.2678
2 24 -4.0974 10.7824 -19.2677 -5.6688 10.6801 -19.2612
2 24 -5.6688 10.6801 -19.2612 -6.6209 10.207 -19.2677
2 24 -5.7371 12.9101 -19.2678 -7.9438 12.0085 -19.2677
2 24 -7.4489 9.169 -19.2677 -6.6209 10.207 -19.2677
2 24 -9.3593 10.0949 -19.2677 -7.9438 12.0085 -19.2677
2 24 -4.0999 4.9745 -16.9214 -2.907 5.549 -16.9214
2 24 -4.0983 4.9675 -19.2677 -2.9025 5.5433 -19.2677
2 24 -5.8966 6.7127 -2.1319 -6.2564 7.1089 -2.3454
2 24 -6.6169 5.549 -16.9214 -5.424 4.9745 -16.9214
2 24 -6.6213 5.5433 -19.2677 -5.4255 4.9675 -19.2677
2 24 -7.4424 6.5842 -16.9214 -7.737 7.875 -16.9214
2 24 -7.4489 6.581 -19.2677 -7.7442 7.875 -19.2677
2 24 -7.4424 9.1659 -16.9214 -6.6162 10.2016 -16.9214
2 24 -7.4489 9.169 -19.2677 -6.6209 10.207 -19.2677
2 24 -5.6682 10.6777 -16.9214 -6.6162 10.2016 -16.9214
2 24 -5.6688 10.6801 -19.2612 -6.6209 10.207 -19.2677
2 24 -5.2006 6.4381 -1.9475 -4.4215 6.4371 -1.9333
2 24 -4.0985 10.7752 -16.9214 -2.9069 10.201 -16.9214
2 24 -4.0974 10.7824 -19.2677 -2.9025 10.2067 -19.2677
2 24 -2.0814 6.5841 -16.9214 -1.7868 7.875 -16.9214
2 24 -2.0749 6.581 -19.2677 -1.7796 7.875 -19.2677
2 24 -2.0814 9.1658 -16.9214 -1.7868 7.875 -16.9214
2 24 -2.0749 9.169 -19.2677 -1.7796 7.875 -19.2677
2 24 -2.0749 6.581 -19.2677 -1.7796 7.875 -19.2677
2 24 0.0213 6.4472 -19.2618 0.0214 9.3596 -19.2617
2 24 0.0178 -5.9965 -2.67 0.0186 -5.1923 -3.7957
2 24 0.0177 4.5618 2.5668 0.0177 5.2677 -0.0003
2 24 0.0177 4.5618 2.5668 0.0177 2.6337 4.4459
2 24 0.0177 2.6337 4.4459 0.0177 0 5.1336
2 24 0.0177 -4.457 2.4889 0.0177 -2.634 4.4457
2 24 0.0177 -4.457 2.4889 0.0176 -5.1751 0.0001
2 24 0.0176 -5.1751 0.0001 0.0177 -4.562 -2.5672
2 24 0.0177 2.635 -4.4457 0.0177 4.5618 -2.5674
2 24 0.0177 5.2677 -0.0003 0.0177 4.5618 -2.5674
2 24 0.0177 0 -5.0483 0.0177 1.0435 -4.9638
2 24 1.9633 0.0001 -5.0483 2.5251 0.8702 -4.9669
2 24 0.0177 -4.562 -2.5672 0.0177 -2.6347 -4.4459
2 24 7.772 3.4742 2.0062 7.772 4.0118 0
2 24 7.7677 2.2578 1.3041 7.7677 2.5198 0
2 24 7.772 3.4742 2.0062 7.7694 2.0075 3.4779
2 24 7.7677 2.2578 1.3041 7.7677 1.3037 2.258
2 24 7.7694 2.0075 3.4779 7.7719 0 4.0121
2 24 7.7677 1.3037 2.258 7.7677 0 2.6073
2 24 7.7719 -2.0058 3.4746 7.7719 -3.4745 2.0062
2 24 7.7677 -1.3037 2.258 7.7677 -2.258 1.3037
2 24 7.7719 -3.4745 2.0062 7.7719 -4.012 0.0001
2 24 7.7677 -2.258 1.3037 7.7677 -2.6073 0
2 24 7.7719 -4.012 0.0001 7.772 -3.4743 -2.0062
2 24 7.7677 -2.6073 0 7.7677 -2.2576 -1.3044
2 24 7.7702 1.0069 -3.7922 7.7719 2.0071 -3.4738
2 24 7.7702 1.0069 -3.7922 7.7628 0.9989 -2.3683
2 24 7.7628 0.9989 -2.3683 7.7677 1.4987 -2.1492
2 24 7.772 4.0118 0 7.772 3.4742 -2.0062
2 24 7.7677 2.5198 0 7.7677 2.2573 -1.3049
2 24 7.7703 -1.007 -3.8123 7.7628 -0.9989 -2.3683
2 24 7.7703 -1.007 -3.8123 7.7719 -2.0071 -3.4737
2 24 7.7628 -0.9989 -2.3683 7.7677 -1.4987 -2.1492
2 24 7.772 -3.4743 -2.0062 7.7719 -2.0071 -3.4737
2 24 7.7677 -2.2576 -1.3044 7.7677 -1.4987 -2.1492
2 24 0.0241 10.1632 -1.5636 0.0245 10.1353 -3.9828
2 24 0.0245 10.1353 -3.9828 0.0245 10.0542 -6.3176
2 24 0.0245 10.0542 -6.3176 0.0244 9.9135 -8.705
2 24 0.0243 9.7843 -11.1485 0.0243 9.5427 -15.7152
2 24 -1.2453 11.6385 -19.268 -3.4812 12.8334 -19.268
2 24 -2.9025 10.2067 -19.2677 -4.0974 10.7824 -19.2677
2 24 -2.0749 9.169 -19.2677 -1.7796 7.875 -19.2677
2 24 1.9633 0.0001 -5.0483 2.5279 -0.8747 -4.9698
2 24 0.0177 0 -5.0483 0.0112 -0.9176 -4.9684
2 24 0.0177 -2.6347 -4.4459 0.0112 -0.9176 -4.9684
2 24 0.0177 2.635 -4.4457 0.0177 1.0435 -4.9638
2 24 0.0177 0 5.1336 0.0177 -2.634 4.4457
2 24 2.5331 -0.8617 -2.4114 2.5279 -0.8747 -4.9698
2 24 2.5331 -0.8617 -2.4114 1.957 0 -2.6027
2 24 2.5279 -0.8747 -4.9698 1.9633 0.0001 -5.0483
2 24 1.957 0 -2.6027 1.9633 0.0001 -5.0483
2 24 1.957 0 -2.6027 2.5271 0.8617 -2.4114
2 24 2.5271 0.8617 -2.4114 2.5251 0.8702 -4.9669
2 24 1.9633 0.0001 -5.0483 2.5251 0.8702 -4.9669
2 24 7.7677 1.4987 -2.1492 7.7677 2.2573 -1.3049
2 24 7.7719 2.0071 -3.4738 7.772 3.4742 -2.0062
2 24 7.7677 0 2.6073 7.7677 -1.3037 2.258
2 24 7.7719 0 4.0121 7.7719 -2.0058 3.4746
2 24 -4.9855 0 -2.6026 -4.9851 -1.1863 -2.2606
2 24 1.957 0 -2.6027 2.5331 -0.8617 -2.4114
2 24 -4.9855 0 -2.6026 -4.9738 1.1861 -2.2606
2 24 1.957 0 -2.6027 2.5271 0.8617 -2.4114
2 24 -4.9855 0 -2.6026 -4.9738 1.1861 -2.2606
2 24 -4.9855 0 -2.6026 -4.9851 -1.1863 -2.2606
2 24 -4.9851 -1.1863 -2.2606 -4.9922 -2.2584 -1.3032
2 24 -4.9922 -2.2584 -1.3032 -4.9966 -2.6074 0
2 24 -4.9966 -2.6074 0 -4.9959 -2.2581 1.3037
2 24 -4.9959 -2.2581 1.3037 -4.99 -1.3037 2.258
2 24 -4.99 -1.3037 2.258 -4.984 0 2.6073
2 24 -4.984 0 2.6073 -4.981 1.3036 2.258
2 24 -4.981 1.3036 2.258 -4.9728 2.2577 1.3042
2 24 -4.9728 2.2577 1.3042 -4.9681 2.5198 0
2 24 -4.9681 2.5198 0 -4.9693 2.258 -1.3036
2 24 -4.9738 1.1861 -2.2606 -4.9693 2.258 -1.3036
2 24 7.772 4.0118 0 7.772 3.4742 2.0062
2 24 -4.9681 2.5198 0 -4.9728 2.2577 1.3042
2 24 7.7677 2.5198 0 7.7677 2.2578 1.3041
2 24 7.772 3.4742 2.0062 7.7694 2.0075 3.4779
2 24 7.7677 2.2578 1.3041 7.7677 1.3037 2.258
2 24 -4.9728 2.2577 1.3042 -4.981 1.3036 2.258
2 24 7.7694 2.0075 3.4779 7.7719 0 4.0121
2 24 -4.981 1.3036 2.258 -4.984 0 2.6073
2 24 7.7677 1.3037 2.258 7.7677 0 2.6073
2 24 7.7719 -3.4745 2.0062 7.7719 -2.0058 3.4746
2 24 -4.99 -1.3037 2.258 -4.9959 -2.2581 1.3037
2 24 7.7677 -1.3037 2.258 7.7677 -2.258 1.3037
2 24 7.7719 -3.4745 2.0062 7.7719 -4.012 0.0001
2 24 -4.9959 -2.2581 1.3037 -4.9966 -2.6074 0
2 24 7.7677 -2.258 1.3037 7.7677 -2.6073 0
2 24 7.7719 -4.012 0.0001 7.772 -3.4743 -2.0062
2 24 -4.9966 -2.6074 0 -4.9922 -2.2584 -1.3032
2 24 7.7677 -2.6073 0 7.7677 -2.2576 -1.3044
2 24 6.0464 1.0015 -4.8731 7.7702 1.0069 -3.7922
2 24 7.7702 1.0069 -3.7922 7.7719 2.0071 -3.4738
2 24 2.5271 0.8617 -2.4114 3.0341 0.9958 -2.3665
2 24 4.3337 1.0014 -5.3825 3.0295 1.0014 -5.2638
2 24 7.772 4.0118 0 7.772 3.4742 -2.0062
2 24 -4.9681 2.5198 0 -4.9693 2.258 -1.3036
2 24 7.7677 2.5198 0 7.7677 2.2573 -1.3049
2 24 6.0484 -1.0015 -4.8889 7.7703 -1.007 -3.8123
2 24 7.7703 -1.007 -3.8123 7.7719 -2.0071 -3.4737
2 24 6.0484 -1.0015 -4.8889 4.3336 -1.0014 -5.3897
2 24 7.7677 -1.4987 -2.1492 7.7628 -0.9989 -2.3683
2 24 3.0341 -0.9958 -2.3665 7.7628 -0.9989 -2.3683
2 24 7.772 -3.4743 -2.0062 7.7719 -2.0071 -3.4737
2 24 7.7677 -2.2576 -1.3044 7.7677 -1.4987 -2.1492
2 24 -4.9851 -1.1863 -2.2606 -4.9922 -2.2584 -1.3032
2 24 -4.9738 1.1861 -2.2606 -4.9693 2.258 -1.3036
2 24 7.7677 2.2573 -1.3049 7.7677 1.4987 -2.1492
2 24 7.7719 2.0071 -3.4738 7.772 3.4742 -2.0062
2 24 -4.984 0 2.6073 -4.99 -1.3037 2.258
2 24 7.7677 0 2.6073 7.7677 -1.3037 2.258
2 24 7.7719 0 4.0121 7.7719 -2.0058 3.4746
2 24 2.5271 0.8617 -2.4114 2.5251 0.8702 -4.9669
2 24 3.0341 0.9958 -2.3665 2.5271 0.8617 -2.4114
2 24 3.0295 1.0014 -5.2638 2.5251 0.8702 -4.9669
2 24 2.5251 0.8702 -4.9669 3.0295 1.0014 -5.2638
2 24 2.5279 -0.8747 -4.9698 3.0294 -1.0014 -5.2638
2 24 3.0341 -0.9958 -2.3665 2.5331 -0.8617 -2.4114
2 24 2.5331 -0.8617 -2.4114 2.5279 -0.8747 -4.9698
2 24 2.5279 -0.8747 -4.9698 3.0294 -1.0014 -5.2638
2 24 3.0295 1.0014 -5.2638 4.3337 1.0014 -5.3825
2 24 3.0294 -1.0014 -5.2638 4.3336 -1.0014 -5.3897
2 24 6.0464 1.0015 -4.8731 4.3337 1.0014 -5.3825
2 24 6.0484 -1.0015 -4.8889 4.3336 -1.0014 -5.3897
2 24 3.0341 0.9958 -2.3665 7.7628 0.9989 -2.3683
2 24 7.7677 1.4987 -2.1492 7.7628 0.9989 -2.3683
2 24 2.5331 -0.8617 -2.4114 3.0341 -0.9958 -2.3665
2 24 -6.6168 5.5489 -15.2512 -7.4424 6.5841 -15.2512
2 24 -7.737 7.875 -15.2512 -7.4424 9.1658 -15.2512
2 24 -4.0999 4.9745 -15.2513 -5.4239 4.9745 -15.2512
2 24 -4.0988 10.7753 -15.251 -5.668 10.6777 -15.2509
2 24 -2.0814 6.5843 -15.2513 -2.9069 5.549 -15.2514
2 24 -2.9071 10.2011 -15.2512 -2.0814 9.1659 -15.2512
2 24 -4.0999 4.9745 -15.2513 -2.9069 5.549 -15.2514
2 24 -6.6168 5.5489 -15.2512 -5.4239 4.9745 -15.2512
2 24 -7.4424 6.5841 -15.2512 -7.737 7.875 -15.2512
2 24 -7.4424 9.1658 -15.2512 -6.6162 10.2016 -15.2511
2 24 -5.668 10.6777 -15.2509 -6.6162 10.2016 -15.2511
2 24 -4.0988 10.7753 -15.251 -2.9071 10.2011 -15.2512
2 24 -2.0814 6.5843 -15.2513 -1.7868 7.8751 -15.2512
2 24 -2.0814 9.1659 -15.2512 -1.7868 7.8751 -15.2512
2 24 -6.6762 5.5743 -12.2615 -7.4451 6.5839 -12.2612
2 24 -4.8329 10.8293 -12.3537 -3.7799 10.6368 -12.3539
2 24 -2.9722 5.5754 -12.2863 -2.0782 6.5845 -12.2616
2 24 -7.4451 6.5839 -12.2612 -7.6657 7.4208 -12.2617
2 24 -2.0782 6.5845 -12.2616 -1.9072 7.4194 -12.2863
2 24 -6.6762 5.5743 -12.2615 -7.4451 6.5839 -12.2612
2 24 -7.6657 7.4208 -12.2617 -6.6762 5.5743 -12.2615
2 24 -7.6657 7.4208 -12.2617 -7.4451 6.5839 -12.2612
2 24 -7.444 9.1658 -5.0979 -7.6628 7.4185 -4.9138
2 24 -7.6628 7.4208 -8.5797 -7.6628 7.4185 -4.9138
2 24 -5.4238 4.9723 -3.2767 -4.0996 4.9724 -3.2054
2 24 -3.781 10.6334 -8.9522 -3.7803 10.6332 -5.5681
2 24 -3.7803 10.6332 -5.5681 -5.8787 10.6334 -5.5681
2 24 -5.8777 10.6318 -8.9412 -5.8787 10.6334 -5.5681
2 24 -2.9051 10.2018 -5.571 -2.0798 9.166 -5.0981
2 24 -2.9741 5.5778 -7.7662 -2.9758 5.575 -3.2634
2 24 -4.0996 4.9724 -3.2054 -2.9758 5.575 -3.2634
2 24 -6.6747 5.5768 -7.8263 -6.673 5.574 -3.4081
2 24 -5.4238 4.9723 -3.2767 -6.673 5.574 -3.4081
2 24 -7.444 9.1658 -5.0979 -6.6178 10.2023 -5.5708
2 24 -5.8777 10.6318 -8.9412 -5.8787 10.6334 -5.5681
2 24 -6.6178 10.2023 -5.5708 -5.8787 10.6334 -5.5681
2 24 -3.781 10.6334 -8.9522 -3.7803 10.6332 -5.5681
2 24 -2.9051 10.2018 -5.571 -3.7803 10.6332 -5.5681
2 24 -2.9758 5.575 -3.2634 -1.9103 7.4175 -4.9271
2 24 -2.9758 5.575 -3.2634 -2.9741 5.5778 -7.7662
2 24 -1.9103 7.4175 -4.9271 -1.9103 7.4199 -8.5985
2 24 -1.9103 7.4199 -8.5985 -1.9103 7.4175 -4.9271
2 24 -2.0798 9.166 -5.0981 -1.9103 7.4175 -4.9271
2 24 -6.673 5.574 -3.4081 -6.6747 5.5768 -7.8263
2 24 -6.673 5.574 -3.4081 -7.6628 7.4185 -4.9138
2 24 -7.6628 7.4185 -4.9138 -7.6628 7.4208 -8.5797
2 24 -4.8329 10.8293 -12.3537 -3.7799 10.6368 -12.3539
2 24 -5.8793 10.6332 -12.332 -4.8329 10.8293 -12.3537
2 24 -5.8793 10.6332 -12.332 -3.7799 10.6368 -12.3539
2 24 -4.8329 10.8293 -12.3537 -5.8793 10.6332 -12.332
2 24 -2.0782 6.5845 -12.2616 -2.9722 5.5754 -12.2863
2 24 -1.9072 7.4194 -12.2863 -2.0782 6.5845 -12.2616
2 24 -1.9072 7.4194 -12.2863 -2.9722 5.5754 -12.2863
2 24 -7.4424 6.5842 -16.9214 -7.737 7.875 -16.9214
2 24 -7.737 7.875 -16.9214 -7.4424 9.1659 -16.9214
2 24 -7.4424 9.1659 -16.9214 -6.6162 10.2016 -16.9214
2 24 -6.6162 10.2016 -16.9214 -5.6682 10.6777 -16.9214
2 24 -5.6682 10.6777 -16.9214 -4.0985 10.7752 -16.9214
2 24 -4.0985 10.7752 -16.9214 -2.9069 10.201 -16.9214
2 24 -2.9069 10.201 -16.9214 -2.0814 9.1658 -16.9214
2 24 -2.0814 9.1658 -16.9214 -1.7868 7.875 -16.9214
2 24 -1.7868 7.875 -16.9214 -2.0814 6.5841 -16.9214
2 24 -2.0814 6.5841 -16.9214 -2.907 5.549 -16.9214
2 24 -2.907 5.549 -16.9214 -4.0999 4.9745 -16.9214
2 24 -4.0999 4.9745 -16.9214 -5.424 4.9745 -16.9214
2 24 -5.424 4.9745 -16.9214 -6.6169 5.549 -16.9214
2 24 -7.4424 6.5842 -16.9214 -6.6169 5.549 -16.9214
2 24 -3.7803 10.6332 -5.5681 -2.9051 10.2018 -5.571
2 24 -2.9051 10.2018 -5.571 -2.0798 9.166 -5.0981
2 24 -3.2948 6.9999 -2.3624 -3.7898 6.6117 -2.0569
2 24 -2.9758 5.575 -3.2634 -1.9103 7.4175 -4.9271
2 24 -2.9758 5.575 -3.2634 -4.0996 4.9724 -3.2054
2 24 -4.4215 6.4371 -1.9333 -3.7898 6.6117 -2.0569
2 24 -4.0996 4.9724 -3.2054 -5.4238 4.9723 -3.2767
2 24 -5.4238 4.9723 -3.2767 -6.673 5.574 -3.4081
2 24 -5.8966 6.7127 -2.1319 -5.2006 6.4381 -1.9475
2 24 -6.673 5.574 -3.4081 -7.6628 7.4185 -4.9138
2 24 -7.6628 7.4185 -4.9138 -7.444 9.1658 -5.0979
2 24 -7.444 9.1658 -5.0979 -6.6178 10.2023 -5.5708
2 24 -2.0798 9.166 -5.0981 -1.9103 7.4175 -4.9271
2 24 -3.7803 10.6332 -5.5681 -5.8787 10.6334 -5.5681
2 24 -6.6178 10.2023 -5.5708 -5.8787 10.6334 -5.5681
2 24 -7.4424 6.5841 -15.2512 -7.737 7.875 -15.2512
2 24 -7.737 7.875 -15.2512 -7.4424 9.1658 -15.2512
2 24 -7.4424 9.1658 -15.2512 -6.6162 10.2016 -15.2511
2 24 -6.6162 10.2016 -15.2511 -5.668 10.6777 -15.2509
2 24 -5.668 10.6777 -15.2509 -4.0988 10.7753 -15.251
2 24 -4.0988 10.7753 -15.251 -2.9071 10.2011 -15.2512
2 24 -2.9071 10.2011 -15.2512 -2.0814 9.1659 -15.2512
2 24 -2.0814 9.1659 -15.2512 -1.7868 7.8751 -15.2512
2 24 -1.7868 7.8751 -15.2512 -2.0814 6.5843 -15.2513
2 24 -2.0814 6.5843 -15.2513 -2.9069 5.549 -15.2514
2 24 -2.9069 5.549 -15.2514 -4.0999 4.9745 -15.2513
2 24 -4.0999 4.9745 -15.2513 -5.4239 4.9745 -15.2512
2 24 -5.4239 4.9745 -15.2512 -6.6168 5.5489 -15.2512
2 24 -7.4424 6.5841 -15.2512 -6.6168 5.5489 -15.2512
2 24 0.0174 0.8363 6.521 0.0177 -0.8935 6.4407
2 24 0.0191 -3.8554 -4.9778 0.0201 -1.9306 -6.0982
2 24 0.0177 -2.6347 -4.4459 0.0112 -0.9176 -4.9684
2 24 0.0177 1.0435 -4.9638 0.0177 0 -5.0483
2 24 0.0112 -0.9176 -4.9684 0.0177 0 -5.0483
2 24 0.022 0.3243 -7.0047 0.0201 -1.9306 -6.0982
2 24 7.7702 1.0069 -3.7922 7.7628 0.9989 -2.3683
2 24 7.7702 1.0069 -3.7922 6.0464 1.0015 -4.8731
2 24 3.0341 0.9958 -2.3665 7.7628 0.9989 -2.3683
2 24 4.3337 1.0014 -5.3825 6.0464 1.0015 -4.8731
2 24 4.3336 -1.0014 -5.3897 3.0294 -1.0014 -5.2638
2 24 3.0341 -0.9958 -2.3665 7.7628 -0.9989 -2.3683
2 24 7.7628 -0.9989 -2.3683 7.7703 -1.007 -3.8123
2 24 6.0484 -1.0015 -4.8889 7.7703 -1.007 -3.8123
2 24 -6.6747 5.5768 -7.8263 -6.6762 5.5743 -12.2615
2 24 -6.6762 5.5743 -12.2615 -7.6657 7.4208 -12.2617
2 24 -7.6628 7.4208 -8.5797 -7.6657 7.4208 -12.2617
2 24 -7.6657 7.4208 -12.2617 -7.6628 7.4208 -8.5797
2 24 -5.8793 10.6332 -12.332 -5.8777 10.6318 -8.9412
2 24 -3.781 10.6334 -8.9522 -3.7799 10.6368 -12.3539
2 24 -3.7799 10.6368 -12.3539 -5.8793 10.6332 -12.332
2 24 -5.8777 10.6318 -8.9412 -5.8793 10.6332 -12.332
2 24 -3.7799 10.6368 -12.3539 -3.781 10.6334 -8.9522
2 24 -1.9072 7.4194 -12.2863 -1.9103 7.4199 -8.5985
2 24 -2.9741 5.5778 -7.7662 -2.9722 5.5754 -12.2863
2 24 -1.9103 7.4199 -8.5985 -1.9072 7.4194 -12.2863
2 24 -2.9722 5.5754 -12.2863 -1.9072 7.4194 -12.2863
2 24 -2.9722 5.5754 -12.2863 -2.9741 5.5778 -7.7662
2 24 -6.6762 5.5743 -12.2615 -6.6747 5.5768 -7.8263
2 24 0.0186 9.9074 -0.6126 0.0241 10.1632 -1.5636
2 24 0.0177 4.5618 -2.5674 0.0177 2.635 -4.4457
2 24 0.0243 4.1676 -8.1976 0.0239 2.6355 -7.7406
2 24 0.0213 6.4472 -19.2618 0.0214 9.3596 -19.2617
2 24 0.0242 6.2158 -16.398 0.0213 6.4472 -19.2618
2 24 0.0243 9.5427 -15.7152 0.0214 9.3596 -19.2617
2 24 0.0243 9.5427 -15.7152 0.0214 9.3596 -19.2617
2 24 -1.2453 11.6385 -19.268 0.0214 9.3596 -19.2617
2 24 -1.2453 11.6385 -19.268 -3.4812 12.8334 -19.268
2 24 -3.4812 12.8334 -19.268 -5.7371 12.9101 -19.2678
2 24 -5.7371 12.9101 -19.2678 -7.9438 12.0085 -19.2677
2 24 -7.9438 12.0085 -19.2677 -9.3593 10.0949 -19.2677
2 24 -9.3593 10.0949 -19.2677 -9.9082 7.809 -19.2676
2 24 -9.9082 7.809 -19.2676 -9.3076 5.5948 -19.268
2 24 -9.3076 5.5948 -19.268 -7.8469 3.8816 -19.2684
2 24 -7.8469 3.8816 -19.2684 -5.7481 3.0356 -19.2685
2 24 -5.7481 3.0356 -19.2685 -3.3102 3.1066 -19.2684
2 24 -3.3102 3.1066 -19.2684 -1.0942 4.4404 -19.2682
2 24 0.0242 6.2158 -16.398 0.0213 6.4472 -19.2618
2 24 -1.0942 4.4404 -19.2682 0.0213 6.4472 -19.2618
2 24 0.0244 9.9135 -8.705 0.0243 9.7843 -11.1485
2 24 0.0242 5.9102 -12.7355 0.0243 5.7472 -10.7765
2 24 0.0243 9.7843 -11.1485 0.0244 9.9135 -8.705
2 24 0.0243 5.7472 -10.7765 0.0242 5.9102 -12.7355
0 STEP
