0 Untitled Model
0 Name: Untitled Model
0 Author: 
0 BFC CERTIFY CCW
3 16 0.0171 5.6527 3.7777 0.0177 4.5618 2.5668 0.0175 7.2453 2.2301 0.989 0.3916 0.9383 0.3919 0.9854 0.3429
3 16 0.0175 7.2453 2.2301 0.0177 4.5618 2.5668 0.0177 5.2677 -0.0003 0.9854 0.3429 0.9383 0.3919 0.8978 0.3502
3 16 0.0168 2.4266 6.1404 0.0177 2.6337 4.4459 0.0167 4.1515 5.1625 0.9845 0.4757 0.9505 0.4482 0.9891 0.4365
3 16 0.0167 4.1515 5.1625 0.0177 2.6337 4.4459 0.0177 4.5618 2.5668 0.9891 0.4365 0.9505 0.4482 0.9383 0.3919
3 16 0.0174 0.8363 6.521 0.0177 0 5.1336 0.0168 2.4266 6.1404 0.9705 0.5099 0.9321 0.5055 0.9845 0.4757
3 16 0.0168 2.4266 6.1404 0.0177 0 5.1336 0.0177 2.6337 4.4459 0.9845 0.4757 0.9321 0.5055 0.9505 0.4482
3 16 0.0177 -4.457 2.4889 0.0177 -2.634 4.4457 0.0169 -4.7082 4.5832 0.8319 0.5612 0.8885 0.5482 0.8624 0.5886
3 16 0.0169 -4.7082 4.5832 0.0177 -2.634 4.4457 0.0174 -2.7585 5.9193 0.8624 0.5886 0.8885 0.5482 0.9125 0.5747
3 16 0.017 -6.6099 0.412 0.0176 -5.1751 0.0001 0.0168 -6.0642 2.6371 0.7711 0.5637 0.7793 0.5463 0.8105 0.5839
3 16 0.0168 -6.0642 2.6371 0.0176 -5.1751 0.0001 0.0177 -4.457 2.4889 0.8105 0.5839 0.7793 0.5463 0.8319 0.5612
3 16 0.0178 -5.9965 -2.67 0.0177 -4.562 -2.5672 0.0174 -6.4938 -1.2202 0.7201 0.5181 0.737 0.5053 0.7436 0.5453
3 16 0.0174 -6.4938 -1.2202 0.0177 -4.562 -2.5672 0.0176 -5.1751 0.0001 0.7436 0.5453 0.737 0.5053 0.7793 0.5463
3 16 0.0177 9.0085 0.521 0.0177 5.2677 -0.0003 0.0186 9.9074 -0.6126 0.9725 0.287 0.8978 0.3502 0.9656 0.263
3 16 0.0186 9.9074 -0.6126 0.0177 5.2677 -0.0003 0.0177 4.5618 -2.5674 0.9656 0.263 0.8978 0.3502 0.841 0.3327
3 16 -1.4269 -4.6579 4.4369 0.0169 -4.7082 4.5832 -1.4586 -2.8302 5.8153 0.3769 0.7407 0.3814 0.7748 0.3219 0.7426
3 16 -1.4586 -2.8302 5.8153 0.0169 -4.7082 4.5832 0.0174 -2.7585 5.9193 0.3219 0.7426 0.3814 0.7748 0.3159 0.7789
3 16 -1.3977 -5.9478 2.5403 0.0168 -6.0642 2.6371 -1.4269 -4.6579 4.4369 0.4285 0.7244 0.4416 0.7552 0.3769 0.7407
3 16 -1.4269 -4.6579 4.4369 0.0168 -6.0642 2.6371 0.0169 -4.7082 4.5832 0.3769 0.7407 0.4416 0.7552 0.3814 0.7748
3 16 -1.3977 -5.9478 2.5403 -1.4214 -6.4696 0.5238 0.0168 -6.0642 2.6371 0.4285 0.7244 0.4697 0.6962 0.4416 0.7552
3 16 0.0168 -6.0642 2.6371 -1.4214 -6.4696 0.5238 0.017 -6.6099 0.412 0.4416 0.7552 0.4697 0.6962 0.4931 0.7196
3 16 -4.3003 9.7575 -0.5978 -1.9561 9.9809 -0.4089 -2.3222 10.8686 -1.4127 0.1527 0.4501 0.1004 0.4612 0.1042 0.4273
3 16 -1.4586 -2.8302 5.8153 0.0174 -2.7585 5.9193 -1.4373 -0.9297 6.4381 0.3219 0.7426 0.3159 0.7789 0.2746 0.7314
3 16 -1.4373 -0.9297 6.4381 0.0174 -2.7585 5.9193 0.0177 -0.8935 6.4407 0.2746 0.7314 0.3159 0.7789 0.261 0.765
3 16 -3.0855 0.7533 -9.7713 -1.1564 1.5076 -8.9525 -2.105 -0.4171 -8.112 0.5548 0.411 0.605 0.4262 0.5684 0.464
3 16 -4.0849 -0.2812 5.4622 -4.5059 -1.9484 4.6955 -2.9261 -0.7644 6.0429 0.2875 0.6688 0.3242 0.6694 0.2851 0.6972
3 16 -2.9261 -0.7644 6.0429 -4.5059 -1.9484 4.6955 -3.054 -2.6159 5.422 0.2851 0.6972 0.3242 0.6694 0.3255 0.7047
3 16 -3.0043 -4.3635 4.0465 -4.5653 -3.6169 3.2896 -2.8773 -5.6005 2.2509 0.3719 0.7035 0.3661 0.6658 0.416 0.6916
3 16 -2.8773 -5.6005 2.2509 -4.5653 -3.6169 3.2896 -4.318 -4.9202 1.6175 0.416 0.6916 0.3661 0.6658 0.4067 0.6582
3 16 -1.4363 0.8861 6.456 -1.4373 -0.9297 6.4381 0.0174 0.8363 6.521 0.2359 0.7112 0.2746 0.7314 0.2176 0.7423
3 16 0.0174 0.8363 6.521 -1.4373 -0.9297 6.4381 0.0177 -0.8935 6.4407 0.2176 0.7423 0.2746 0.7314 0.261 0.765
3 16 -1.4214 -6.4696 0.5238 -1.4758 -6.4623 -1.1788 0.017 -6.6099 0.412 0.4697 0.6962 0.4968 0.6676 0.4931 0.7196
3 16 0.017 -6.6099 0.412 -1.4758 -6.4623 -1.1788 0.0174 -6.4938 -1.2202 0.4931 0.7196 0.4968 0.6676 0.5229 0.6896
3 16 -7.4791 8.6636 -1.7822 -7.9254 9.9631 -3.0913 -8.7266 7.1374 -3.3768 0.2232 0.4289 0.2193 0.3931 0.2702 0.4154
3 16 -8.7266 7.1374 -3.3768 -7.9254 9.9631 -3.0913 -9.1473 8.1822 -4.4901 0.2702 0.4154 0.2193 0.3931 0.2659 0.3854
3 16 -8.2171 5.8328 -2.1203 -8.7266 7.1374 -3.3768 -8.5269 4.0102 -3.8394 0.2766 0.4523 0.2702 0.4154 0.3268 0.4441
3 16 -8.5269 4.0102 -3.8394 -8.7266 7.1374 -3.3768 -9.0857 5.2314 -5.1786 0.3268 0.4441 0.2702 0.4154 0.3215 0.4055
3 16 -8.6784 3.224 -7.0662 -7.6263 1.464 -8.8086 -8.1311 2.0409 -5.5035 0.379 0.3981 0.4382 0.3943 0.3812 0.4422
3 16 -8.1311 2.0409 -5.5035 -7.6263 1.464 -8.8086 -7.1445 0.1258 -7.1864 0.3812 0.4422 0.4382 0.3943 0.4399 0.4437
3 16 -5.1321 -0.8649 -8.4341 -7.1445 0.1258 -7.1864 -5.4892 0.45 -9.8099 0.4974 0.4482 0.4399 0.4437 0.4984 0.4023
3 16 -5.4892 0.45 -9.8099 -7.1445 0.1258 -7.1864 -7.6263 1.464 -8.8086 0.4984 0.4023 0.4399 0.4437 0.4382 0.3943
3 16 -5.4892 0.45 -9.8099 -3.0855 0.7533 -9.7713 -5.1321 -0.8649 -8.4341 0.4984 0.4023 0.5548 0.411 0.4974 0.4482
3 16 -5.1321 -0.8649 -8.4341 -3.0855 0.7533 -9.7713 -2.105 -0.4171 -8.112 0.4974 0.4482 0.5548 0.411 0.5684 0.464
3 16 -3.7732 -5.7046 0.053 -2.8578 -6.1862 -0.8539 -2.8627 -6.1043 0.4783 0.4418 0.6498 0.4695 0.6516 0.4488 0.6706
3 16 -4.3003 9.7575 -0.5978 -5.3727 11.3514 -2.3215 -7.4791 8.6636 -1.7822 0.1527 0.4501 0.1635 0.3981 0.2232 0.4289
3 16 -7.4791 8.6636 -1.7822 -5.3727 11.3514 -2.3215 -7.9254 9.9631 -3.0913 0.2232 0.4289 0.1635 0.3981 0.2193 0.3931
3 16 -3.1789 0.8743 5.8943 -4.0849 -0.2812 5.4622 -2.9261 -0.7644 6.0429 0.2571 0.6755 0.2875 0.6688 0.2851 0.6972
3 16 -1.593 -6.0586 -2.6637 0.0178 -5.9965 -2.67 -1.4758 -6.4623 -1.1788 0.5158 0.6373 0.5471 0.6562 0.4968 0.6676
3 16 -1.4758 -6.4623 -1.1788 0.0178 -5.9965 -2.67 0.0174 -6.4938 -1.2202 0.4968 0.6676 0.5471 0.6562 0.5229 0.6896
3 16 -3.2261 -5.8555 -2.2328 -2.8578 -6.1862 -0.8539 -4.6081 -5.1186 -1.0137 0.4816 0.6238 0.4695 0.6516 0.4423 0.6208
3 16 -4.6081 -5.1186 -1.0137 -2.8578 -6.1862 -0.8539 -3.7732 -5.7046 0.053 0.4423 0.6208 0.4695 0.6516 0.4418 0.6498
3 16 -4.318 -4.9202 1.6175 -5.4514 -3.8859 0.6188 -3.7732 -5.7046 0.053 0.4067 0.6582 0.4 0.6236 0.4418 0.6498
3 16 -3.7732 -5.7046 0.053 -5.4514 -3.8859 0.6188 -4.6081 -5.1186 -1.0137 0.4418 0.6498 0.4 0.6236 0.4423 0.6208
3 16 -4.5653 -3.6169 3.2896 -4.5059 -1.9484 4.6955 -5.7026 -2.4233 2.184 0.3661 0.6658 0.3242 0.6694 0.3594 0.6284
3 16 -5.7026 -2.4233 2.184 -4.5059 -1.9484 4.6955 -5.5539 -0.7886 3.5951 0.3594 0.6284 0.3242 0.6694 0.3185 0.6331
3 16 -4.5059 -1.9484 4.6955 -4.0849 -0.2812 5.4622 -5.5539 -0.7886 3.5951 0.3242 0.6694 0.2875 0.6688 0.3185 0.6331
3 16 -5.5539 -0.7886 3.5951 -4.0849 -0.2812 5.4622 -4.9702 0.7798 4.6035 0.3185 0.6331 0.2875 0.6688 0.2811 0.6373
3 16 -3.4051 2.1657 5.3711 -4.9702 0.7798 4.6035 -3.1789 0.8743 5.8943 0.2379 0.6521 0.2811 0.6373 0.2571 0.6755
3 16 -3.1789 0.8743 5.8943 -4.9702 0.7798 4.6035 -4.0849 -0.2812 5.4622 0.2571 0.6755 0.2811 0.6373 0.2875 0.6688
3 16 -1.5009 2.5647 5.9 -1.4363 0.8861 6.456 0.0168 2.4266 6.1404 0.2042 0.6829 0.2359 0.7112 0.1833 0.7144
3 16 0.0168 2.4266 6.1404 -1.4363 0.8861 6.456 0.0174 0.8363 6.521 0.1833 0.7144 0.2359 0.7112 0.2176 0.7423
3 16 -7.4791 8.6636 -1.7822 -7.0594 7.3496 -0.6504 -4.3003 9.7575 -0.5978 0.2232 0.4289 0.2297 0.4641 0.1527 0.4501
3 16 -4.3003 9.7575 -0.5978 -7.0594 7.3496 -0.6504 -4.2078 8.7317 0.2898 0.1527 0.4501 0.2297 0.4641 0.1601 0.4796
3 16 -1.8853 9.0888 0.4621 -1.9561 9.9809 -0.4089 -4.2078 8.7317 0.2898 0.1069 0.4942 0.1004 0.4612 0.1601 0.4796
3 16 -4.2078 8.7317 0.2898 -1.9561 9.9809 -0.4089 -4.3003 9.7575 -0.5978 0.1601 0.4796 0.1004 0.4612 0.1527 0.4501
3 16 -2.105 -0.4171 -8.112 0.022 0.3243 -7.0047 -2.0101 -2.2463 -6.6948 0.5684 0.464 0.6244 0.483 0.5558 0.5167
3 16 -2.0101 -2.2463 -6.6948 0.022 0.3243 -7.0047 0.0201 -1.9306 -6.0982 0.5558 0.5167 0.6244 0.483 0.6017 0.5361
3 16 -5.1321 -0.8649 -8.4341 -2.105 -0.4171 -8.112 -4.7021 -2.5041 -6.6686 0.4974 0.4482 0.5684 0.464 0.4949 0.5033
3 16 -4.7021 -2.5041 -6.6686 -2.105 -0.4171 -8.112 -2.0101 -2.2463 -6.6948 0.4949 0.5033 0.5684 0.464 0.5558 0.5167
3 16 -4.7021 -2.5041 -6.6686 -6.5183 -1.4559 -5.2694 -5.1321 -0.8649 -8.4341 0.4949 0.5033 0.4405 0.4999 0.4974 0.4482
3 16 -5.1321 -0.8649 -8.4341 -6.5183 -1.4559 -5.2694 -7.1445 0.1258 -7.1864 0.4974 0.4482 0.4405 0.4999 0.4399 0.4437
3 16 -8.1311 2.0409 -5.5035 -7.1445 0.1258 -7.1864 -7.4178 0.3512 -3.592 0.3812 0.4422 0.4399 0.4437 0.3856 0.4983
3 16 -7.4178 0.3512 -3.592 -7.1445 0.1258 -7.1864 -6.5183 -1.4559 -5.2694 0.3856 0.4983 0.4399 0.4437 0.4405 0.4999
3 16 -8.2171 5.8328 -2.1203 -8.5269 4.0102 -3.8394 -7.479 3.9596 -0.4253 0.2766 0.4523 0.3268 0.4441 0.2868 0.5055
3 16 -7.479 3.9596 -0.4253 -8.5269 4.0102 -3.8394 -7.719 2.193 -2.0095 0.2868 0.5055 0.3268 0.4441 0.3351 0.4995
3 16 -8.2171 5.8328 -2.1203 -7.479 3.9596 -0.4253 -7.0594 7.3496 -0.6504 0.2766 0.4523 0.2868 0.5055 0.2297 0.4641
3 16 -7.0594 7.3496 -0.6504 -7.479 3.9596 -0.4253 -6.4816 5.4719 0.9114 0.2297 0.4641 0.2868 0.5055 0.2415 0.5155
3 16 -4.2078 8.7317 0.2898 -7.0594 7.3496 -0.6504 -3.9996 6.9905 1.7944 0.1601 0.4796 0.2297 0.4641 0.1758 0.5306
3 16 -3.9996 6.9905 1.7944 -7.0594 7.3496 -0.6504 -6.4816 5.4719 0.9114 0.1758 0.5306 0.2297 0.4641 0.2415 0.5155
3 16 -1.8853 9.0888 0.4621 -1.8799 7.3761 2.0858 0.0177 9.0085 0.521 0.1069 0.4942 0.1277 0.5502 0.061 0.5161
3 16 0.0177 9.0085 0.521 -1.8799 7.3761 2.0858 0.0175 7.2453 2.2301 0.061 0.5161 0.1277 0.5502 0.0847 0.5754
3 16 -1.8655 -4.0366 -5.2689 0.0191 -3.8554 -4.9778 -1.73 -5.2313 -4.0971 0.5431 0.5663 0.5846 0.5813 0.531 0.6029
3 16 -1.73 -5.2313 -4.0971 0.0191 -3.8554 -4.9778 0.0186 -5.1923 -3.7957 0.531 0.6029 0.5846 0.5813 0.5649 0.6246
3 16 -1.73 -5.2313 -4.0971 -3.6606 -5.0802 -3.7671 -1.8655 -4.0366 -5.2689 0.531 0.6029 0.4909 0.5886 0.5431 0.5663
3 16 -1.8655 -4.0366 -5.2689 -3.6606 -5.0802 -3.7671 -4.2019 -3.9905 -5.006 0.5431 0.5663 0.4909 0.5886 0.492 0.5526
3 16 -3.6606 -5.0802 -3.7671 -5.2851 -4.1373 -2.3329 -4.2019 -3.9905 -5.006 0.4909 0.5886 0.4434 0.5859 0.492 0.5526
3 16 -4.2019 -3.9905 -5.006 -5.2851 -4.1373 -2.3329 -5.8885 -2.8924 -3.5944 0.492 0.5526 0.4434 0.5859 0.441 0.5482
3 16 -6.7487 -1.2262 -1.8713 -5.8885 -2.8924 -3.5944 -6.1665 -2.6065 -0.5993 0.3893 0.5483 0.441 0.5482 0.3949 0.5872
3 16 -6.1665 -2.6065 -0.5993 -5.8885 -2.8924 -3.5944 -5.2851 -4.1373 -2.3329 0.3949 0.5872 0.441 0.5482 0.4434 0.5859
3 16 -6.3516 -1.0263 0.9274 -6.2039 0.6139 2.3617 -6.964 0.4276 -0.358 0.3521 0.5906 0.3095 0.5954 0.3441 0.5507
3 16 -6.964 0.4276 -0.358 -6.2039 0.6139 2.3617 -6.7795 2.1665 1.1032 0.3441 0.5507 0.3095 0.5954 0.2983 0.5549
3 16 -6.2039 0.6139 2.3617 -5.533 2.191 3.5032 -6.7795 2.1665 1.1032 0.3095 0.5954 0.269 0.6015 0.2983 0.5549
3 16 -6.7795 2.1665 1.1032 -5.533 2.191 3.5032 -6.0044 3.7467 2.2603 0.2983 0.5549 0.269 0.6015 0.2556 0.561
3 16 -3.826 5.2403 3.2088 -6.0044 3.7467 2.2603 -3.6554 3.6537 4.4159 0.1964 0.5786 0.2556 0.561 0.2175 0.6186
3 16 -3.6554 3.6537 4.4159 -6.0044 3.7467 2.2603 -5.533 2.191 3.5032 0.2175 0.6186 0.2556 0.561 0.269 0.6015
3 16 -1.8227 5.7189 3.6008 -1.7098 4.1733 4.9083 0.0171 5.6527 3.7777 0.1523 0.6012 0.1775 0.6446 0.1141 0.6295
3 16 0.0171 5.6527 3.7777 -1.7098 4.1733 4.9083 0.0167 4.1515 5.1625 0.1141 0.6295 0.1775 0.6446 0.1463 0.6749
3 16 -1.73 -5.2313 -4.0971 0.0186 -5.1923 -3.7957 -1.593 -6.0586 -2.6637 0.531 0.6029 0.5649 0.6246 0.5158 0.6373
3 16 -1.593 -6.0586 -2.6637 0.0186 -5.1923 -3.7957 0.0178 -5.9965 -2.67 0.5158 0.6373 0.5649 0.6246 0.5471 0.6562
3 16 -3.6606 -5.0802 -3.7671 -3.2261 -5.8555 -2.2328 -5.2851 -4.1373 -2.3329 0.4909 0.5886 0.4816 0.6238 0.4434 0.5859
3 16 -5.2851 -4.1373 -2.3329 -3.2261 -5.8555 -2.2328 -4.6081 -5.1186 -1.0137 0.4434 0.5859 0.4816 0.6238 0.4423 0.6208
3 16 -6.1665 -2.6065 -0.5993 -5.2851 -4.1373 -2.3329 -5.4514 -3.8859 0.6188 0.3949 0.5872 0.4434 0.5859 0.4 0.6236
3 16 -5.4514 -3.8859 0.6188 -5.2851 -4.1373 -2.3329 -4.6081 -5.1186 -1.0137 0.4 0.6236 0.4434 0.5859 0.4423 0.6208
3 16 -5.7026 -2.4233 2.184 -5.5539 -0.7886 3.5951 -6.3516 -1.0263 0.9274 0.3594 0.6284 0.3185 0.6331 0.3521 0.5906
3 16 -6.3516 -1.0263 0.9274 -5.5539 -0.7886 3.5951 -6.2039 0.6139 2.3617 0.3521 0.5906 0.3185 0.6331 0.3095 0.5954
3 16 -5.5539 -0.7886 3.5951 -4.9702 0.7798 4.6035 -6.2039 0.6139 2.3617 0.3185 0.6331 0.2811 0.6373 0.3095 0.5954
3 16 -6.2039 0.6139 2.3617 -4.9702 0.7798 4.6035 -5.533 2.191 3.5032 0.3095 0.5954 0.2811 0.6373 0.269 0.6015
3 16 -3.6554 3.6537 4.4159 -5.533 2.191 3.5032 -3.4051 2.1657 5.3711 0.2175 0.6186 0.269 0.6015 0.2379 0.6521
3 16 -3.4051 2.1657 5.3711 -5.533 2.191 3.5032 -4.9702 0.7798 4.6035 0.2379 0.6521 0.269 0.6015 0.2811 0.6373
3 16 -1.7098 4.1733 4.9083 -1.5009 2.5647 5.9 0.0167 4.1515 5.1625 0.1775 0.6446 0.2042 0.6829 0.1463 0.6749
3 16 0.0167 4.1515 5.1625 -1.5009 2.5647 5.9 0.0168 2.4266 6.1404 0.1463 0.6749 0.2042 0.6829 0.1833 0.7144
3 16 -2.0101 -2.2463 -6.6948 0.0201 -1.9306 -6.0982 -1.8655 -4.0366 -5.2689 0.5558 0.5167 0.6017 0.5361 0.5431 0.5663
3 16 -1.8655 -4.0366 -5.2689 0.0201 -1.9306 -6.0982 0.0191 -3.8554 -4.9778 0.5431 0.5663 0.6017 0.5361 0.5846 0.5813
3 16 -4.7021 -2.5041 -6.6686 -2.0101 -2.2463 -6.6948 -4.2019 -3.9905 -5.006 0.4949 0.5033 0.5558 0.5167 0.492 0.5526
3 16 -4.2019 -3.9905 -5.006 -2.0101 -2.2463 -6.6948 -1.8655 -4.0366 -5.2689 0.492 0.5526 0.5558 0.5167 0.5431 0.5663
3 16 -4.2019 -3.9905 -5.006 -5.8885 -2.8924 -3.5944 -4.7021 -2.5041 -6.6686 0.492 0.5526 0.441 0.5482 0.4949 0.5033
3 16 -4.7021 -2.5041 -6.6686 -5.8885 -2.8924 -3.5944 -6.5183 -1.4559 -5.2694 0.4949 0.5033 0.441 0.5482 0.4405 0.4999
3 16 -7.4178 0.3512 -3.592 -6.5183 -1.4559 -5.2694 -6.7487 -1.2262 -1.8713 0.3856 0.4983 0.4405 0.4999 0.3893 0.5483
3 16 -6.7487 -1.2262 -1.8713 -6.5183 -1.4559 -5.2694 -5.8885 -2.8924 -3.5944 0.3893 0.5483 0.4405 0.4999 0.441 0.5482
3 16 -7.479 3.9596 -0.4253 -7.719 2.193 -2.0095 -6.7795 2.1665 1.1032 0.2868 0.5055 0.3351 0.4995 0.2983 0.5549
3 16 -6.7795 2.1665 1.1032 -7.719 2.193 -2.0095 -6.964 0.4276 -0.358 0.2983 0.5549 0.3351 0.4995 0.3441 0.5507
3 16 -6.4816 5.4719 0.9114 -7.479 3.9596 -0.4253 -6.0044 3.7467 2.2603 0.2415 0.5155 0.2868 0.5055 0.2556 0.561
3 16 -6.0044 3.7467 2.2603 -7.479 3.9596 -0.4253 -6.7795 2.1665 1.1032 0.2556 0.561 0.2868 0.5055 0.2983 0.5549
3 16 -3.9996 6.9905 1.7944 -6.4816 5.4719 0.9114 -3.826 5.2403 3.2088 0.1758 0.5306 0.2415 0.5155 0.1964 0.5786
3 16 -3.826 5.2403 3.2088 -6.4816 5.4719 0.9114 -6.0044 3.7467 2.2603 0.1964 0.5786 0.2415 0.5155 0.2556 0.561
3 16 -1.8799 7.3761 2.0858 -1.8227 5.7189 3.6008 0.0175 7.2453 2.2301 0.1277 0.5502 0.1523 0.6012 0.0847 0.5754
3 16 0.0175 7.2453 2.2301 -1.8227 5.7189 3.6008 0.0171 5.6527 3.7777 0.0847 0.5754 0.1523 0.6012 0.1141 0.6295
3 16 -8.2738 11.371 -5.258 -7.9254 9.9631 -3.0913 -5.8236 12.6673 -4.6942 0.2177 0.3463 0.2193 0.3931 0.1671 0.3468
3 16 -5.8236 12.6673 -4.6942 -7.9254 9.9631 -3.0913 -5.3727 11.3514 -2.3215 0.1671 0.3468 0.2193 0.3931 0.1635 0.3981
3 16 -9.4811 9.3076 -6.3177 -9.1473 8.1822 -4.4901 -8.2738 11.371 -5.258 0.2648 0.3447 0.2659 0.3854 0.2177 0.3463
3 16 -8.2738 11.371 -5.258 -9.1473 8.1822 -4.4901 -7.9254 9.9631 -3.0913 0.2177 0.3463 0.2659 0.3854 0.2193 0.3931
3 16 -9.8012 6.766 -7.6888 -9.455 6.0527 -6.2406 -9.4811 9.3076 -6.3177 0.3207 0.3442 0.3189 0.3775 0.2648 0.3447
3 16 -9.4811 9.3076 -6.3177 -9.455 6.0527 -6.2406 -9.1473 8.1822 -4.4901 0.2648 0.3447 0.3189 0.3775 0.2659 0.3854
3 16 -9.1799 4.4778 -9.1084 -8.967 3.8453 -8.0124 -9.8012 6.766 -7.6888 0.3788 0.3441 0.3783 0.3726 0.3207 0.3442
3 16 -9.8012 6.766 -7.6888 -8.967 3.8453 -8.0124 -9.455 6.0527 -6.2406 0.3207 0.3442 0.3783 0.3726 0.3189 0.3775
3 16 -7.8917 2.6428 -10.5253 -5.675 1.8425 -11.1915 -7.7792 1.9866 -9.5975 0.439 0.3435 0.5004 0.3523 0.4389 0.3716
3 16 -7.7792 1.9866 -9.5975 -5.675 1.8425 -11.1915 -5.5697 1.0608 -10.4557 0.4389 0.3716 0.5004 0.3523 0.4992 0.3803
3 16 -3.157 1.3481 -10.4415 -5.5697 1.0608 -10.4557 -3.247 2.1066 -11.2248 0.5578 0.3886 0.4992 0.3803 0.5633 0.3607
3 16 -3.247 2.1066 -11.2248 -5.5697 1.0608 -10.4557 -5.675 1.8425 -11.1915 0.5633 0.3607 0.4992 0.3803 0.5004 0.3523
3 16 -1.1378 3.1587 -10.6559 -1.1602 2.322 -9.7314 -3.247 2.1066 -11.2248 0.6214 0.3716 0.612 0.4005 0.5633 0.3607
3 16 -3.247 2.1066 -11.2248 -1.1602 2.322 -9.7314 -3.157 1.3481 -10.4415 0.5633 0.3607 0.612 0.4005 0.5578 0.3886
3 16 -1.1602 2.322 -9.7314 -1.1378 3.1587 -10.6559 0.0243 4.1676 -8.1976 0.612 0.4005 0.6214 0.3716 0.6609 0.4099
3 16 0.0243 4.1676 -8.1976 -1.1378 3.1587 -10.6559 0.0244 5.3167 -9.4237 0.6609 0.4099 0.6214 0.3716 0.6738 0.3831
3 16 -2.105 -0.4171 -8.112 -1.1564 1.5076 -8.9525 0.022 0.3243 -7.0047 0.5684 0.464 0.605 0.4262 0.6244 0.483
3 16 0.022 0.3243 -7.0047 -1.1564 1.5076 -8.9525 0.0239 2.6355 -7.7406 0.6244 0.483 0.605 0.4262 0.6459 0.4378
3 16 -8.2738 11.371 -5.258 -8.2649 11.9565 -7.8175 -9.4811 9.3076 -6.3177 0.2177 0.3463 0.2236 0.2991 0.2648 0.3447
3 16 -9.4811 9.3076 -6.3177 -8.2649 11.9565 -7.8175 -9.513 9.9104 -8.8083 0.2648 0.3447 0.2236 0.2991 0.2737 0.2964
3 16 -9.4811 9.3076 -6.3177 -9.513 9.9104 -8.8083 -9.8012 6.766 -7.6888 0.2648 0.3447 0.2737 0.2964 0.3207 0.3442
3 16 -9.8012 6.766 -7.6888 -9.513 9.9104 -8.8083 -9.826 7.4629 -9.9115 0.3207 0.3442 0.2737 0.2964 0.3291 0.2967
3 16 -9.3037 4.8951 -11.0892 -9.1799 4.4778 -9.1084 -9.826 7.4629 -9.9115 0.3921 0.2998 0.3788 0.3441 0.3291 0.2967
3 16 -9.826 7.4629 -9.9115 -9.1799 4.4778 -9.1084 -9.8012 6.766 -7.6888 0.3291 0.2967 0.3788 0.3441 0.3207 0.3442
3 16 -9.1799 4.4778 -9.1084 -9.3037 4.8951 -11.0892 -7.8917 2.6428 -10.5253 0.3788 0.3441 0.3921 0.2998 0.439 0.3435
3 16 -7.8917 2.6428 -10.5253 -9.3037 4.8951 -11.0892 -7.9063 3.0114 -11.9908 0.439 0.3435 0.3921 0.2998 0.449 0.3063
3 16 -5.7161 2.3684 -12.3016 -5.675 1.8425 -11.1915 -7.9063 3.0114 -11.9908 0.5055 0.3183 0.5004 0.3523 0.449 0.3063
3 16 -7.9063 3.0114 -11.9908 -5.675 1.8425 -11.1915 -7.8917 2.6428 -10.5253 0.449 0.3063 0.5004 0.3523 0.439 0.3435
3 16 -3.247 2.1066 -11.2248 -5.675 1.8425 -11.1915 -3.3133 2.4906 -12.2415 0.5633 0.3607 0.5004 0.3523 0.5675 0.3307
3 16 -3.3133 2.4906 -12.2415 -5.675 1.8425 -11.1915 -5.7161 2.3684 -12.3016 0.5675 0.3307 0.5004 0.3523 0.5055 0.3183
3 16 -1.1323 3.8855 -13.4309 -3.3122 2.6324 -13.857 -1.1076 4.1984 -16.6977 0.6306 0.3008 0.5742 0.2876 0.6405 0.2258
3 16 -1.1076 4.1984 -16.6977 -3.3122 2.6324 -13.857 -3.3099 2.8982 -16.8814 0.6405 0.2258 0.5742 0.2876 0.5869 0.2156
3 16 -1.1451 3.7191 -11.6855 0.0243 5.7472 -10.7765 -1.1378 3.1587 -10.6559 0.6278 0.3425 0.6814 0.3513 0.6214 0.3716
3 16 -1.1378 3.1587 -10.6559 0.0243 5.7472 -10.7765 0.0244 5.3167 -9.4237 0.6214 0.3716 0.6814 0.3513 0.6738 0.3831
3 16 -8.0527 11.9954 -15.4232 -8.1904 11.9705 -10.47 -5.723 12.9771 -15.2213 0.2671 0.1403 0.2376 0.2478 0.2078 0.1293
3 16 -5.723 12.9771 -15.2213 -8.1904 11.9705 -10.47 -5.7024 13.0563 -10.0004 0.2078 0.1293 0.2376 0.2478 0.1788 0.243
3 16 0.0242 6.2158 -16.398 0.0243 9.5427 -15.7152 0.0242 5.9102 -12.7355 0.6497 0.093 0.6962 0.0586 0.7019 0.156
3 16 0.0242 5.9102 -12.7355 0.0243 9.5427 -15.7152 0.0243 9.7843 -11.1485 0.7019 0.156 0.6962 0.0586 0.774 0.1198
3 16 -7.8692 3.59 -16.7994 -7.893 3.2127 -13.666 -9.3108 5.3617 -16.5017 0.4827 0.1895 0.4614 0.2641 0.4333 0.1765
3 16 -9.3108 5.3617 -16.5017 -7.893 3.2127 -13.666 -9.3062 5.0577 -12.9757 0.4333 0.1765 0.4614 0.2641 0.4075 0.2576
3 16 -9.3108 5.3617 -16.5017 -9.3062 5.0577 -12.9757 -9.886 7.6948 -16.1127 0.4333 0.1765 0.4075 0.2576 0.3782 0.1629
3 16 -9.886 7.6948 -16.1127 -9.3062 5.0577 -12.9757 -9.8469 7.544 -12.0731 0.3782 0.1629 0.4075 0.2576 0.3466 0.2523
3 16 -9.886 7.6948 -16.1127 -9.8469 7.544 -12.0731 -9.4144 10.0362 -15.7494 0.3782 0.1629 0.3466 0.2523 0.3233 0.1508
3 16 -9.4144 10.0362 -15.7494 -9.8469 7.544 -12.0731 -9.4784 9.9548 -11.2285 0.3233 0.1508 0.3466 0.2523 0.2909 0.249
3 16 -9.4144 10.0362 -15.7494 -9.4784 9.9548 -11.2285 -8.0527 11.9954 -15.4232 0.3233 0.1508 0.2909 0.249 0.2671 0.1403
3 16 -8.0527 11.9954 -15.4232 -9.4784 9.9548 -11.2285 -8.1904 11.9705 -10.47 0.2671 0.1403 0.2909 0.249 0.2376 0.2478
3 16 -3.3122 2.6324 -13.857 -5.7239 2.5219 -13.9026 -3.3099 2.8982 -16.8814 0.5742 0.2876 0.5155 0.275 0.5869 0.2156
3 16 -3.3099 2.8982 -16.8814 -5.7239 2.5219 -13.9026 -5.7384 2.81 -16.901 0.5869 0.2156 0.5155 0.275 0.5323 0.2031
3 16 -5.723 12.9771 -15.2213 -5.7024 13.0563 -10.0004 -3.3099 12.9506 -15.2258 0.2078 0.1293 0.1788 0.243 0.1516 0.1163
3 16 -3.3099 12.9506 -15.2258 -5.7024 13.0563 -10.0004 -3.0861 13.0962 -10.0104 0.1516 0.1163 0.1788 0.243 0.1231 0.2333
3 16 -3.7484 12.8479 -4.7498 -3.072 11.8586 -2.5932 -2.4092 12.9941 -4.9767 0.1276 0.3442 0.1165 0.3925 0.1012 0.3389
3 16 -2.4092 12.9941 -4.9767 -3.072 11.8586 -2.5932 -1.4696 12.1249 -2.8756 0.1012 0.3389 0.1165 0.3925 0.0818 0.3844
3 16 -2.4092 12.9941 -4.9767 -2.9663 13.1742 -7.2187 -3.7484 12.8479 -4.7498 0.1012 0.3389 0.1135 0.2933 0.1276 0.3442
3 16 -3.7484 12.8479 -4.7498 -2.9663 13.1742 -7.2187 -5.6921 13.0984 -7.2048 0.1276 0.3442 0.1135 0.2933 0.1683 0.2993
3 16 -0.7128 10.9661 -1.5651 -1.4696 12.1249 -2.8756 -2.3222 10.8686 -1.4127 0.0643 0.4233 0.0818 0.3844 0.1042 0.4273
3 16 -2.3222 10.8686 -1.4127 -1.4696 12.1249 -2.8756 -3.072 11.8586 -2.5932 0.1042 0.4273 0.0818 0.3844 0.1165 0.3925
3 16 -1.9561 9.9809 -0.4089 -1.8853 9.0888 0.4621 0.0186 9.9074 -0.6126 0.1004 0.4612 0.1069 0.4942 0.049 0.474
3 16 0.0186 9.9074 -0.6126 -1.8853 9.0888 0.4621 0.0177 9.0085 0.521 0.049 0.474 0.1069 0.4942 0.061 0.5161
3 16 -5.8236 12.6673 -4.6942 -5.3727 11.3514 -2.3215 -3.7484 12.8479 -4.7498 0.1671 0.3468 0.1635 0.3981 0.1276 0.3442
3 16 -3.7484 12.8479 -4.7498 -5.3727 11.3514 -2.3215 -3.072 11.8586 -2.5932 0.1276 0.3442 0.1635 0.3981 0.1165 0.3925
3 16 0.0169 -4.7082 4.5832 0.0168 -6.0642 2.6371 0.0177 -4.457 2.4889 0.8624 0.5886 0.8105 0.5839 0.8319 0.5612
3 16 0.0174 -2.7585 5.9193 0.0177 -2.634 4.4457 0.0177 -0.8935 6.4407 0.9125 0.5747 0.8885 0.5482 0.9464 0.5445
3 16 0.0177 -0.8935 6.4407 0.0177 -2.634 4.4457 0.0177 0 5.1336 0.9464 0.5445 0.8885 0.5482 0.9321 0.5055
3 16 0.017 -6.6099 0.412 0.0174 -6.4938 -1.2202 0.0176 -5.1751 0.0001 0.7711 0.5637 0.7436 0.5453 0.7793 0.5463
3 16 0.022 0.3243 -7.0047 0.0239 2.6355 -7.7406 0.0177 1.0435 -4.9638 0.7247 0.3324 0.7379 0.2835 0.7573 0.3538
3 16 0.0177 1.0435 -4.9638 0.0239 2.6355 -7.7406 0.0177 2.635 -4.4457 0.7573 0.3538 0.7379 0.2835 0.7867 0.3352
3 16 0.0186 -5.1923 -3.7957 0.0191 -3.8554 -4.9778 0.0177 -4.562 -2.5672 0.7124 0.4887 0.7064 0.4531 0.737 0.5053
3 16 0.0177 -4.562 -2.5672 0.0191 -3.8554 -4.9778 0.0177 -2.6347 -4.4459 0.737 0.5053 0.7064 0.4531 0.7204 0.4442
3 16 0.0171 5.6527 3.7777 0.0167 4.1515 5.1625 0.0177 4.5618 2.5668 0.989 0.3916 0.9891 0.4365 0.9383 0.3919
3 16 0.0177 9.0085 0.521 0.0175 7.2453 2.2301 0.0177 5.2677 -0.0003 0.9725 0.287 0.9854 0.3429 0.8978 0.3502
3 16 0.0241 10.1632 -1.5636 0.0239 2.6355 -7.7406 0.0245 10.1353 -3.9828 0.951 0.2475 0.7379 0.2835 0.9074 0.2141
3 16 0.0245 10.1353 -3.9828 0.0239 2.6355 -7.7406 0.0243 4.1676 -8.1976 0.9074 0.2141 0.7379 0.2835 0.7412 0.2583
3 16 0.0244 5.3167 -9.4237 0.0245 10.0542 -6.3176 0.0243 4.1676 -8.1976 0.7417 0.2186 0.8642 0.1824 0.7412 0.2583
3 16 0.0243 4.1676 -8.1976 0.0245 10.0542 -6.3176 0.0245 10.1353 -3.9828 0.7412 0.2583 0.8642 0.1824 0.9074 0.2141
3 16 -5.6921 13.0984 -7.2048 -5.8236 12.6673 -4.6942 -3.7484 12.8479 -4.7498 0.1683 0.2993 0.1671 0.3468 0.1276 0.3442
3 16 -1.8853 9.0888 0.4621 -4.2078 8.7317 0.2898 -1.8799 7.3761 2.0858 0.1069 0.4942 0.1601 0.4796 0.1277 0.5502
3 16 -1.8799 7.3761 2.0858 -4.2078 8.7317 0.2898 -3.9996 6.9905 1.7944 0.1277 0.5502 0.1601 0.4796 0.1758 0.5306
3 16 -1.8227 5.7189 3.6008 -1.8799 7.3761 2.0858 -3.826 5.2403 3.2088 0.1523 0.6012 0.1277 0.5502 0.1964 0.5786
3 16 -3.826 5.2403 3.2088 -1.8799 7.3761 2.0858 -3.9996 6.9905 1.7944 0.1964 0.5786 0.1277 0.5502 0.1758 0.5306
3 16 -1.7098 4.1733 4.9083 -1.8227 5.7189 3.6008 -3.6554 3.6537 4.4159 0.1775 0.6446 0.1523 0.6012 0.2175 0.6186
3 16 -3.6554 3.6537 4.4159 -1.8227 5.7189 3.6008 -3.826 5.2403 3.2088 0.2175 0.6186 0.1523 0.6012 0.1964 0.5786
3 16 -1.5009 2.5647 5.9 -1.7098 4.1733 4.9083 -3.4051 2.1657 5.3711 0.2042 0.6829 0.1775 0.6446 0.2379 0.6521
3 16 -3.4051 2.1657 5.3711 -1.7098 4.1733 4.9083 -3.6554 3.6537 4.4159 0.2379 0.6521 0.1775 0.6446 0.2175 0.6186
3 16 -1.4363 0.8861 6.456 -1.5009 2.5647 5.9 -3.1789 0.8743 5.8943 0.2359 0.7112 0.2042 0.6829 0.2571 0.6755
3 16 -3.1789 0.8743 5.8943 -1.5009 2.5647 5.9 -3.4051 2.1657 5.3711 0.2571 0.6755 0.2042 0.6829 0.2379 0.6521
3 16 -1.4373 -0.9297 6.4381 -1.4363 0.8861 6.456 -2.9261 -0.7644 6.0429 0.2746 0.7314 0.2359 0.7112 0.2851 0.6972
3 16 -2.9261 -0.7644 6.0429 -1.4363 0.8861 6.456 -3.1789 0.8743 5.8943 0.2851 0.6972 0.2359 0.7112 0.2571 0.6755
3 16 -1.4373 -0.9297 6.4381 -2.9261 -0.7644 6.0429 -1.4586 -2.8302 5.8153 0.2746 0.7314 0.2851 0.6972 0.3219 0.7426
3 16 -1.4586 -2.8302 5.8153 -2.9261 -0.7644 6.0429 -3.054 -2.6159 5.422 0.3219 0.7426 0.2851 0.6972 0.3255 0.7047
3 16 -1.4586 -2.8302 5.8153 -3.054 -2.6159 5.422 -1.4269 -4.6579 4.4369 0.3219 0.7426 0.3255 0.7047 0.3769 0.7407
3 16 -1.4269 -4.6579 4.4369 -3.054 -2.6159 5.422 -3.0043 -4.3635 4.0465 0.3769 0.7407 0.3255 0.7047 0.3719 0.7035
3 16 -1.4269 -4.6579 4.4369 -3.0043 -4.3635 4.0465 -1.3977 -5.9478 2.5403 0.3769 0.7407 0.3719 0.7035 0.4285 0.7244
3 16 -1.3977 -5.9478 2.5403 -3.0043 -4.3635 4.0465 -2.8773 -5.6005 2.2509 0.4285 0.7244 0.3719 0.7035 0.416 0.6916
3 16 -1.3977 -5.9478 2.5403 -2.8773 -5.6005 2.2509 -1.4214 -6.4696 0.5238 0.4285 0.7244 0.416 0.6916 0.4697 0.6962
3 16 -1.4214 -6.4696 0.5238 -2.8773 -5.6005 2.2509 -2.8627 -6.1043 0.4783 0.4697 0.6962 0.416 0.6916 0.4488 0.6706
3 16 -1.4758 -6.4623 -1.1788 -1.4214 -6.4696 0.5238 -2.8578 -6.1862 -0.8539 0.4968 0.6676 0.4697 0.6962 0.4695 0.6516
3 16 -2.8578 -6.1862 -0.8539 -1.4214 -6.4696 0.5238 -2.8627 -6.1043 0.4783 0.4695 0.6516 0.4697 0.6962 0.4488 0.6706
3 16 -1.593 -6.0586 -2.6637 -1.4758 -6.4623 -1.1788 -3.2261 -5.8555 -2.2328 0.5158 0.6373 0.4968 0.6676 0.4816 0.6238
3 16 -3.2261 -5.8555 -2.2328 -1.4758 -6.4623 -1.1788 -2.8578 -6.1862 -0.8539 0.4816 0.6238 0.4968 0.6676 0.4695 0.6516
3 16 -1.593 -6.0586 -2.6637 -3.2261 -5.8555 -2.2328 -1.73 -5.2313 -4.0971 0.5158 0.6373 0.4816 0.6238 0.531 0.6029
3 16 -1.73 -5.2313 -4.0971 -3.2261 -5.8555 -2.2328 -3.6606 -5.0802 -3.7671 0.531 0.6029 0.4816 0.6238 0.4909 0.5886
3 16 -0.2631 10.6764 -1.8136 0.0186 9.9074 -0.6126 0.0241 10.1632 -1.5636 0.0493 0.4201 0.049 0.474 0.0369 0.4303
3 16 -6.6169 5.549 -16.9214 -6.6213 5.5433 -19.2677 -7.4424 6.5842 -16.9214 0.6355 0.686 0.6573 0.697 0.6289 0.699
3 16 -7.4424 6.5842 -16.9214 -6.6213 5.5433 -19.2677 -7.4489 6.581 -19.2677 0.6289 0.699 0.6573 0.697 0.6506 0.71
3 16 -7.737 7.875 -16.9214 -7.7442 7.875 -19.2677 -7.4424 9.1659 -16.9214 0.6221 0.7123 0.6436 0.7232 0.6152 0.7261
3 16 -7.4424 9.1659 -16.9214 -7.7442 7.875 -19.2677 -7.4489 9.169 -19.2677 0.6152 0.7261 0.6436 0.7232 0.6365 0.7369
3 16 -4.0999 4.9745 -16.9214 -4.0983 4.9675 -19.2677 -5.424 4.9745 -16.9214 0.6485 0.6602 0.6703 0.6715 0.642 0.673
3 16 -5.424 4.9745 -16.9214 -4.0983 4.9675 -19.2677 -5.4255 4.9675 -19.2677 0.642 0.673 0.6703 0.6715 0.6638 0.6842
3 16 -5.6688 10.6801 -19.2612 -4.0974 10.7824 -19.2677 -5.6682 10.6777 -16.9214 0.7179 0.5753 0.7105 0.5899 0.6969 0.5647
3 16 -5.6682 10.6777 -16.9214 -4.0974 10.7824 -19.2677 -4.0985 10.7752 -16.9214 0.6969 0.5647 0.7105 0.5899 0.6896 0.5792
3 16 -2.0749 6.581 -19.2677 -2.9025 5.5433 -19.2677 -2.0814 6.5841 -16.9214 0.6831 0.6454 0.6768 0.6584 0.6616 0.6345
3 16 -2.0814 6.5841 -16.9214 -2.9025 5.5433 -19.2677 -2.907 5.549 -16.9214 0.6616 0.6345 0.6768 0.6584 0.655 0.6474
3 16 -2.9069 10.201 -16.9214 -2.9025 10.2067 -19.2677 -2.0814 9.1658 -16.9214 0.6823 0.5936 0.7034 0.6043 0.6752 0.6076
3 16 -2.0814 9.1658 -16.9214 -2.9025 10.2067 -19.2677 -2.0749 9.169 -19.2677 0.6752 0.6076 0.7034 0.6043 0.6965 0.6184
3 16 -5.8236 12.6673 -4.6942 -5.6921 13.0984 -7.2048 -8.2738 11.371 -5.258 0.1671 0.3468 0.1683 0.2993 0.2177 0.3463
3 16 -8.2738 11.371 -5.258 -5.6921 13.0984 -7.2048 -8.2649 11.9565 -7.8175 0.2177 0.3463 0.1683 0.2993 0.2236 0.2991
3 16 -7.893 3.2127 -13.666 -7.8692 3.59 -16.7994 -5.7239 2.5219 -13.9026 0.4614 0.2641 0.4827 0.1895 0.5155 0.275
3 16 -5.7239 2.5219 -13.9026 -7.8692 3.59 -16.7994 -5.7384 2.81 -16.901 0.5155 0.275 0.4827 0.1895 0.5323 0.2031
3 16 -3.3133 2.4906 -12.2415 -1.1451 3.7191 -11.6855 -3.247 2.1066 -11.2248 0.5675 0.3307 0.6278 0.3425 0.5633 0.3607
3 16 -3.247 2.1066 -11.2248 -1.1451 3.7191 -11.6855 -1.1378 3.1587 -10.6559 0.5633 0.3607 0.6278 0.3425 0.6214 0.3716
3 16 -1.1076 4.1984 -16.6977 0.0242 6.2158 -16.398 -1.1323 3.8855 -13.4309 0.6405 0.2258 0.6897 0.2356 0.6306 0.3008
3 16 -1.1323 3.8855 -13.4309 0.0242 6.2158 -16.398 0.0242 5.9102 -12.7355 0.6306 0.3008 0.6897 0.2356 0.6808 0.3137
3 16 0.0243 5.7472 -10.7765 0.0244 9.9135 -8.705 0.0244 5.3167 -9.4237 0.7279 0.1896 0.8176 0.1512 0.7417 0.2186
3 16 0.0244 5.3167 -9.4237 0.0244 9.9135 -8.705 0.0245 10.0542 -6.3176 0.7417 0.2186 0.8176 0.1512 0.8642 0.1824
3 16 -9.9082 7.809 -19.2676 -9.3593 10.0949 -19.2677 -7.7442 7.875 -19.2677 0.0035 0.8375 0.0056 0.7841 0.0451 0.8313
3 16 -7.7442 7.875 -19.2677 -9.3593 10.0949 -19.2677 -7.4489 9.169 -19.2677 0.0451 0.8313 0.0056 0.7841 0.0449 0.8
3 16 -9.3076 5.5948 -19.268 -9.9082 7.809 -19.2676 -7.4489 6.581 -19.2677 0.0238 0.882 0.0035 0.8375 0.0578 0.8589
3 16 -7.4489 6.581 -19.2677 -9.9082 7.809 -19.2676 -7.7442 7.875 -19.2677 0.0578 0.8589 0.0035 0.8375 0.0451 0.8313
3 16 -7.8469 3.8816 -19.2684 -9.3076 5.5948 -19.268 -6.6213 5.5433 -19.2677 0.0591 0.9154 0.0238 0.882 0.0801 0.8788
3 16 -6.6213 5.5433 -19.2677 -9.3076 5.5948 -19.268 -7.4489 6.581 -19.2677 0.0801 0.8788 0.0238 0.882 0.0578 0.8589
3 16 -5.7481 3.0356 -19.2685 -7.8469 3.8816 -19.2684 -5.4255 4.9675 -19.2677 0.1093 0.9245 0.0591 0.9154 0.1085 0.8865
3 16 -5.4255 4.9675 -19.2677 -7.8469 3.8816 -19.2684 -6.6213 5.5433 -19.2677 0.1085 0.8865 0.0591 0.9154 0.0801 0.8788
3 16 -3.3102 3.1066 -19.2684 -5.7481 3.0356 -19.2685 -4.0983 4.9675 -19.2677 0.1603 0.9139 0.1093 0.9245 0.1377 0.8818
3 16 -4.0983 4.9675 -19.2677 -5.7481 3.0356 -19.2685 -5.4255 4.9675 -19.2677 0.1377 0.8818 0.1093 0.9245 0.1085 0.8865
3 16 -1.0942 4.4404 -19.2682 -3.3102 3.1066 -19.2684 -2.9025 5.5433 -19.2677 0.2033 0.8799 0.1603 0.9139 0.1622 0.8654
3 16 -2.9025 5.5433 -19.2677 -3.3102 3.1066 -19.2684 -4.0983 4.9675 -19.2677 0.1622 0.8654 0.1603 0.9139 0.1377 0.8818
3 16 0.0213 6.4472 -19.2618 -1.0942 4.4404 -19.2682 -2.0749 6.581 -19.2677 0.2182 0.8354 0.2033 0.8799 0.1769 0.8398
3 16 -2.0749 6.581 -19.2677 -1.0942 4.4404 -19.2682 -2.9025 5.5433 -19.2677 0.1769 0.8398 0.2033 0.8799 0.1622 0.8654
3 16 -2.9025 10.2067 -19.2677 -1.2453 11.6385 -19.268 -2.0749 9.169 -19.2677 0.1502 0.7586 0.1765 0.7275 0.1716 0.7814
3 16 -2.0749 9.169 -19.2677 -1.2453 11.6385 -19.268 0.0214 9.3596 -19.2617 0.1716 0.7814 0.1765 0.7275 0.2111 0.7743
3 16 -3.4812 12.8334 -19.268 -4.0974 10.7824 -19.2677 -5.7371 12.9101 -19.2678 0.1257 0.7074 0.1204 0.7477 0.0766 0.7143
3 16 -5.7371 12.9101 -19.2678 -4.0974 10.7824 -19.2677 -5.6688 10.6801 -19.2612 0.0766 0.7143 0.1204 0.7477 0.082 0.7553
3 16 -6.6209 10.207 -19.2677 -7.9438 12.0085 -19.2677 -5.6688 10.6801 -19.2612 0.0598 0.7706 0.034 0.7373 0.082 0.7553
3 16 -5.6688 10.6801 -19.2612 -7.9438 12.0085 -19.2677 -5.7371 12.9101 -19.2678 0.082 0.7553 0.034 0.7373 0.0766 0.7143
3 16 -7.4489 9.169 -19.2677 -9.3593 10.0949 -19.2677 -6.6209 10.207 -19.2677 0.0449 0.8 0.0056 0.7841 0.0598 0.7706
3 16 -6.6209 10.207 -19.2677 -9.3593 10.0949 -19.2677 -7.9438 12.0085 -19.2677 0.0598 0.7706 0.0056 0.7841 0.034 0.7373
3 16 -8.7266 7.1374 -3.3768 -9.1473 8.1822 -4.4901 -9.0857 5.2314 -5.1786 0.2702 0.4154 0.2659 0.3854 0.3215 0.4055
3 16 -9.0857 5.2314 -5.1786 -9.1473 8.1822 -4.4901 -9.455 6.0527 -6.2406 0.3215 0.4055 0.2659 0.3854 0.3189 0.3775
3 16 -8.6784 3.224 -7.0662 -8.967 3.8453 -8.0124 -7.6263 1.464 -8.8086 0.379 0.3981 0.3783 0.3726 0.4382 0.3943
3 16 -7.6263 1.464 -8.8086 -8.967 3.8453 -8.0124 -7.7792 1.9866 -9.5975 0.4382 0.3943 0.3783 0.3726 0.4389 0.3716
3 16 -5.4892 0.45 -9.8099 -7.6263 1.464 -8.8086 -5.5697 1.0608 -10.4557 0.4984 0.4023 0.4382 0.3943 0.4992 0.3803
3 16 -5.5697 1.0608 -10.4557 -7.6263 1.464 -8.8086 -7.7792 1.9866 -9.5975 0.4992 0.3803 0.4382 0.3943 0.4389 0.3716
3 16 -3.0855 0.7533 -9.7713 -5.4892 0.45 -9.8099 -3.157 1.3481 -10.4415 0.5548 0.411 0.4984 0.4023 0.5578 0.3886
3 16 -3.157 1.3481 -10.4415 -5.4892 0.45 -9.8099 -5.5697 1.0608 -10.4557 0.5578 0.3886 0.4984 0.4023 0.4992 0.3803
3 16 -1.1564 1.5076 -8.9525 -3.0855 0.7533 -9.7713 -1.1602 2.322 -9.7314 0.605 0.4262 0.5548 0.411 0.612 0.4005
3 16 -1.1602 2.322 -9.7314 -3.0855 0.7533 -9.7713 -3.157 1.3481 -10.4415 0.612 0.4005 0.5548 0.411 0.5578 0.3886
3 16 -2.3222 10.8686 -1.4127 -1.9561 9.9809 -0.4089 -0.7128 10.9661 -1.5651 0.1042 0.4273 0.1004 0.4612 0.0643 0.4233
3 16 -0.7128 10.9661 -1.5651 -1.9561 9.9809 -0.4089 0.0186 9.9074 -0.6126 0.0643 0.4233 0.1004 0.4612 0.049 0.474
3 16 -8.7266 7.1374 -3.3768 -8.2171 5.8328 -2.1203 -7.4791 8.6636 -1.7822 0.2702 0.4154 0.2766 0.4523 0.2232 0.4289
3 16 -7.4791 8.6636 -1.7822 -8.2171 5.8328 -2.1203 -7.0594 7.3496 -0.6504 0.2232 0.4289 0.2766 0.4523 0.2297 0.4641
3 16 -5.3727 11.3514 -2.3215 -4.3003 9.7575 -0.5978 -3.072 11.8586 -2.5932 0.1635 0.3981 0.1527 0.4501 0.1165 0.3925
3 16 -3.072 11.8586 -2.5932 -4.3003 9.7575 -0.5978 -2.3222 10.8686 -1.4127 0.1165 0.3925 0.1527 0.4501 0.1042 0.4273
3 16 -2.907 5.549 -16.9214 -2.9025 5.5433 -19.2677 -4.0999 4.9745 -16.9214 0.655 0.6474 0.6768 0.6584 0.6485 0.6602
3 16 -4.0999 4.9745 -16.9214 -2.9025 5.5433 -19.2677 -4.0983 4.9675 -19.2677 0.6485 0.6602 0.6768 0.6584 0.6703 0.6715
3 16 -5.7423 7.5009 -2.4624 -5.8966 6.7127 -2.1319 -6.2564 7.1089 -2.3454 0.6266 0.8279 0.6164 0.8135 0.6276 0.8147
3 16 -5.424 4.9745 -16.9214 -5.4255 4.9675 -19.2677 -6.6169 5.549 -16.9214 0.642 0.673 0.6638 0.6842 0.6355 0.686
3 16 -6.6169 5.549 -16.9214 -5.4255 4.9675 -19.2677 -6.6213 5.5433 -19.2677 0.6355 0.686 0.6638 0.6842 0.6573 0.697
3 16 -7.4424 6.5842 -16.9214 -7.4489 6.581 -19.2677 -7.737 7.875 -16.9214 0.6289 0.699 0.6506 0.71 0.6221 0.7123
3 16 -7.737 7.875 -16.9214 -7.4489 6.581 -19.2677 -7.7442 7.875 -19.2677 0.6221 0.7123 0.6506 0.71 0.6436 0.7232
3 16 -7.4424 9.1659 -16.9214 -7.4489 9.169 -19.2677 -6.6162 10.2016 -16.9214 0.6152 0.7261 0.6365 0.7369 0.6073 0.7417
3 16 -6.6162 10.2016 -16.9214 -7.4489 9.169 -19.2677 -6.6209 10.207 -19.2677 0.6073 0.7417 0.6365 0.7369 0.6284 0.7524
3 16 -6.6162 10.2016 -16.9214 -6.6209 10.207 -19.2677 -5.6682 10.6777 -16.9214 0.6073 0.7417 0.6284 0.7524 0.6009 0.7546
3 16 -5.6682 10.6777 -16.9214 -6.6209 10.207 -19.2677 -5.6688 10.6801 -19.2612 0.6009 0.7546 0.6284 0.7524 0.6218 0.7652
3 16 -5.2069 7.6215 -2.4976 -4.4435 7.6218 -2.4978 -5.2006 6.4381 -1.9475 0.6206 0.8371 0.6091 0.847 0.6033 0.8176
3 16 -5.2006 6.4381 -1.9475 -4.4435 7.6218 -2.4978 -4.4215 6.4371 -1.9333 0.6033 0.8176 0.6091 0.847 0.5929 0.8263
3 16 -4.0985 10.7752 -16.9214 -4.0974 10.7824 -19.2677 -2.9069 10.201 -16.9214 0.6896 0.5792 0.7105 0.5899 0.6823 0.5936
3 16 -2.9069 10.201 -16.9214 -4.0974 10.7824 -19.2677 -2.9025 10.2067 -19.2677 0.6823 0.5936 0.7105 0.5899 0.7034 0.6043
3 16 -1.7868 7.875 -16.9214 -1.7796 7.875 -19.2677 -2.0814 6.5841 -16.9214 0.6683 0.6212 0.6897 0.6321 0.6616 0.6345
3 16 -2.0814 6.5841 -16.9214 -1.7796 7.875 -19.2677 -2.0749 6.581 -19.2677 0.6616 0.6345 0.6897 0.6321 0.6831 0.6454
3 16 -2.0814 9.1658 -16.9214 -2.0749 9.169 -19.2677 -1.7868 7.875 -16.9214 0.6752 0.6076 0.6965 0.6184 0.6683 0.6212
3 16 -1.7868 7.875 -16.9214 -2.0749 9.169 -19.2677 -1.7796 7.875 -19.2677 0.6683 0.6212 0.6965 0.6184 0.6897 0.6321
3 16 -2.0749 6.581 -19.2677 -1.7796 7.875 -19.2677 0.0213 6.4472 -19.2618 0.1769 0.8398 0.1808 0.8102 0.2182 0.8354
3 16 0.0213 6.4472 -19.2618 -1.7796 7.875 -19.2677 0.0214 9.3596 -19.2617 0.2182 0.8354 0.1808 0.8102 0.2111 0.7743
3 16 0.0186 -5.1923 -3.7957 0.0177 -4.562 -2.5672 0.0178 -5.9965 -2.67 0.7124 0.4887 0.737 0.5053 0.7201 0.5181
3 16 -3.0043 -4.3635 4.0465 -3.054 -2.6159 5.422 -4.5653 -3.6169 3.2896 0.3719 0.7035 0.3255 0.7047 0.3661 0.6658
3 16 -4.5653 -3.6169 3.2896 -3.054 -2.6159 5.422 -4.5059 -1.9484 4.6955 0.3661 0.6658 0.3255 0.7047 0.3242 0.6694
3 16 0.0177 4.5618 2.5668 2.504 4.5681 2.5703 0.0177 5.2677 -0.0003 0.5113 0.9934 0.5146 0.932 0.5793 0.9936
3 16 0.0177 5.2677 -0.0003 2.504 4.5681 2.5703 2.5112 5.2749 -0.0003 0.5793 0.9936 0.5146 0.932 0.5793 0.9322
3 16 0.0177 2.6337 4.4459 2.4849 2.6373 4.452 0.0177 4.5618 2.5668 0.4456 0.9933 0.4482 0.9318 0.5113 0.9934
3 16 0.0177 4.5618 2.5668 2.4849 2.6373 4.452 2.504 4.5681 2.5703 0.5113 0.9934 0.4482 0.9318 0.5146 0.932
3 16 0.0177 0 5.1336 2.4785 0 5.1406 0.0177 2.6337 4.4459 0.3781 0.9932 0.3786 0.9316 0.4456 0.9933
3 16 0.0177 2.6337 4.4459 2.4785 0 5.1406 2.4849 2.6373 4.452 0.4456 0.9933 0.3786 0.9316 0.4482 0.9318
3 16 0.0177 -4.457 2.4889 2.4498 -4.4631 2.4923 0.0177 -2.634 4.4457 0.2411 0.9929 0.2408 0.9315 0.308 0.993
3 16 0.0177 -2.634 4.4457 2.4498 -4.4631 2.4923 2.4723 -2.6376 4.4517 0.308 0.993 0.2408 0.9315 0.3083 0.9314
3 16 0.0177 -4.457 2.4889 0.0176 -5.1751 0.0001 2.4498 -4.4631 2.4923 0.2411 0.9929 0.1765 0.9923 0.2408 0.9315
3 16 2.4498 -4.4631 2.4923 0.0176 -5.1751 0.0001 2.4437 -5.1977 0.0002 0.2408 0.9315 0.1765 0.9923 0.1765 0.9314
3 16 0.0176 -5.1751 0.0001 0.0177 -4.562 -2.5672 2.4437 -5.1977 0.0002 0.1765 0.9923 0.1115 0.9926 0.1765 0.9314
3 16 2.4437 -5.1977 0.0002 0.0177 -4.562 -2.5672 2.465 -4.5681 -2.5708 0.1765 0.9314 0.1115 0.9926 0.1115 0.931
3 16 0.0177 2.635 -4.4457 0.0177 4.5618 -2.5674 2.5126 2.6387 -4.4517 0.7079 0.9937 0.6455 0.9937 0.7058 0.932
3 16 2.5126 2.6387 -4.4517 0.0177 4.5618 -2.5674 2.5185 4.568 -2.571 0.7058 0.932 0.6455 0.9937 0.6454 0.9321
3 16 0.0177 5.2677 -0.0003 2.5112 5.2749 -0.0003 0.0177 4.5618 -2.5674 0.5793 0.9936 0.5793 0.9322 0.6455 0.9937
3 16 0.0177 4.5618 -2.5674 2.5112 5.2749 -0.0003 2.5185 4.568 -2.571 0.6455 0.9937 0.5793 0.9322 0.6454 0.9321
3 16 0.0177 0 -5.0483 0.0177 1.0435 -4.9638 1.9633 0.0001 -5.0483 0.7669 0.9937 0.743 0.9937 0.765 0.932
3 16 1.9633 0.0001 -5.0483 0.0177 1.0435 -4.9638 2.5251 0.8702 -4.9669 0.765 0.932 0.743 0.9937 0.7426 0.932
3 16 0.0177 -4.562 -2.5672 0.0177 -2.6347 -4.4459 2.465 -4.5681 -2.5708 0.1115 0.9926 0.0485 0.9926 0.1115 0.931
3 16 2.465 -4.5681 -2.5708 0.0177 -2.6347 -4.4459 2.5082 -2.6386 -4.4518 0.1115 0.931 0.0485 0.9926 0.0515 0.9304
3 16 7.772 3.4742 2.0062 7.7677 2.2578 1.3041 7.772 4.0118 0 0.9114 0.413 0.8849 0.4238 0.8853 0.3787
3 16 7.772 4.0118 0 7.7677 2.2578 1.3041 7.7677 2.5198 0 0.8853 0.3787 0.8849 0.4238 0.8667 0.4028
3 16 7.772 3.4742 2.0062 7.7694 2.0075 3.4779 7.7677 2.2578 1.3041 0.9114 0.413 0.9168 0.4557 0.8849 0.4238
3 16 7.7677 2.2578 1.3041 7.7694 2.0075 3.4779 7.7677 1.3037 2.258 0.8849 0.4238 0.9168 0.4557 0.8885 0.4518
3 16 7.7694 2.0075 3.4779 7.7719 0 4.0121 7.7677 1.3037 2.258 0.9168 0.4557 0.9002 0.4954 0.8885 0.4518
3 16 7.7677 1.3037 2.258 7.7719 0 4.0121 7.7677 0 2.6073 0.8885 0.4518 0.9002 0.4954 0.8776 0.4779
3 16 7.7719 -2.0058 3.4746 7.7719 -3.4745 2.0062 7.7677 -1.3037 2.258 0.866 0.5215 0.8233 0.5269 0.8551 0.495
3 16 7.7677 -1.3037 2.258 7.7719 -3.4745 2.0062 7.7677 -2.258 1.3037 0.8551 0.495 0.8233 0.5269 0.8271 0.4986
3 16 7.7719 -3.4745 2.0062 7.7719 -4.012 0.0001 7.7677 -2.258 1.3037 0.8233 0.5269 0.7835 0.5103 0.8271 0.4986
3 16 7.7677 -2.258 1.3037 7.7719 -4.012 0.0001 7.7677 -2.6073 0 0.8271 0.4986 0.7835 0.5103 0.801 0.4877
3 16 7.7719 -4.012 0.0001 7.772 -3.4743 -2.0062 7.7677 -2.6073 0 0.7835 0.5103 0.7575 0.4761 0.801 0.4877
3 16 7.7677 -2.6073 0 7.772 -3.4743 -2.0062 7.7677 -2.2576 -1.3044 0.801 0.4877 0.7575 0.4761 0.7839 0.4652
3 16 7.7702 1.0069 -3.7922 7.7719 2.0071 -3.4738 7.7628 0.9989 -2.3683 0.7851 0.3797 0.8029 0.3675 0.8081 0.3974
3 16 7.7628 0.9989 -2.3683 7.7719 2.0071 -3.4738 7.7677 1.4987 -2.1492 0.8081 0.3974 0.8029 0.3675 0.8181 0.3922
3 16 7.772 3.4742 -2.0062 7.772 4.0118 0 7.7677 2.2573 -1.3049 0.8456 0.3621 0.8853 0.3787 0.8417 0.3904
3 16 7.7677 2.2573 -1.3049 7.772 4.0118 0 7.7677 2.5198 0 0.8417 0.3904 0.8853 0.3787 0.8667 0.4028
3 16 7.7703 -1.007 -3.8123 7.7628 -0.9989 -2.3683 7.7719 -2.0071 -3.4737 0.759 0.4129 0.7822 0.4309 0.752 0.4334
3 16 7.7719 -2.0071 -3.4737 7.7628 -0.9989 -2.3683 7.7677 -1.4987 -2.1492 0.752 0.4334 0.7822 0.4309 0.7796 0.4419
3 16 7.7719 -2.0071 -3.4737 7.7677 -1.4987 -2.1492 7.772 -3.4743 -2.0062 0.752 0.4334 0.7796 0.4419 0.7575 0.4761
3 16 7.772 -3.4743 -2.0062 7.7677 -1.4987 -2.1492 7.7677 -2.2576 -1.3044 0.7575 0.4761 0.7796 0.4419 0.7839 0.4652
3 16 -4.318 -4.9202 1.6175 -4.5653 -3.6169 3.2896 -5.4514 -3.8859 0.6188 0.4067 0.6582 0.3661 0.6658 0.4 0.6236
3 16 -5.4514 -3.8859 0.6188 -4.5653 -3.6169 3.2896 -5.7026 -2.4233 2.184 0.4 0.6236 0.3661 0.6658 0.3594 0.6284
3 16 -5.4514 -3.8859 0.6188 -5.7026 -2.4233 2.184 -6.1665 -2.6065 -0.5993 0.4 0.6236 0.3594 0.6284 0.3949 0.5872
3 16 -6.1665 -2.6065 -0.5993 -5.7026 -2.4233 2.184 -6.3516 -1.0263 0.9274 0.3949 0.5872 0.3594 0.6284 0.3521 0.5906
3 16 -6.1665 -2.6065 -0.5993 -6.3516 -1.0263 0.9274 -6.7487 -1.2262 -1.8713 0.3949 0.5872 0.3521 0.5906 0.3893 0.5483
3 16 -6.7487 -1.2262 -1.8713 -6.3516 -1.0263 0.9274 -6.964 0.4276 -0.358 0.3893 0.5483 0.3521 0.5906 0.3441 0.5507
3 16 -7.719 2.193 -2.0095 -7.4178 0.3512 -3.592 -6.964 0.4276 -0.358 0.3351 0.4995 0.3856 0.4983 0.3441 0.5507
3 16 -6.964 0.4276 -0.358 -7.4178 0.3512 -3.592 -6.7487 -1.2262 -1.8713 0.3441 0.5507 0.3856 0.4983 0.3893 0.5483
3 16 -8.5269 4.0102 -3.8394 -8.1311 2.0409 -5.5035 -7.719 2.193 -2.0095 0.3268 0.4441 0.3812 0.4422 0.3351 0.4995
3 16 -7.719 2.193 -2.0095 -8.1311 2.0409 -5.5035 -7.4178 0.3512 -3.592 0.3351 0.4995 0.3812 0.4422 0.3856 0.4983
3 16 -9.0857 5.2314 -5.1786 -8.6784 3.224 -7.0662 -8.5269 4.0102 -3.8394 0.3215 0.4055 0.379 0.3981 0.3268 0.4441
3 16 -8.5269 4.0102 -3.8394 -8.6784 3.224 -7.0662 -8.1311 2.0409 -5.5035 0.3268 0.4441 0.379 0.3981 0.3812 0.4422
3 16 -9.0857 5.2314 -5.1786 -9.455 6.0527 -6.2406 -8.6784 3.224 -7.0662 0.3215 0.4055 0.3189 0.3775 0.379 0.3981
3 16 -8.6784 3.224 -7.0662 -9.455 6.0527 -6.2406 -8.967 3.8453 -8.0124 0.379 0.3981 0.3189 0.3775 0.3783 0.3726
3 16 -7.8917 2.6428 -10.5253 -7.7792 1.9866 -9.5975 -9.1799 4.4778 -9.1084 0.439 0.3435 0.4389 0.3716 0.3788 0.3441
3 16 -9.1799 4.4778 -9.1084 -7.7792 1.9866 -9.5975 -8.967 3.8453 -8.0124 0.3788 0.3441 0.4389 0.3716 0.3783 0.3726
3 16 -2.8773 -5.6005 2.2509 -4.318 -4.9202 1.6175 -2.8627 -6.1043 0.4783 0.416 0.6916 0.4067 0.6582 0.4488 0.6706
3 16 -2.8627 -6.1043 0.4783 -4.318 -4.9202 1.6175 -3.7732 -5.7046 0.053 0.4488 0.6706 0.4067 0.6582 0.4418 0.6498
3 16 -1.1315 11.7603 -15.4661 -3.3099 12.9506 -15.2258 -0.9883 11.9148 -10.5688 0.0913 0.0978 0.1516 0.1163 0.0663 0.2115
3 16 -0.9883 11.9148 -10.5688 -3.3099 12.9506 -15.2258 -3.0861 13.0962 -10.0104 0.0663 0.2115 0.1516 0.1163 0.1231 0.2333
3 16 -2.4092 12.9941 -4.9767 -0.7489 11.9114 -5.6358 -2.9663 13.1742 -7.2187 0.1012 0.3389 0.0547 0.327 0.1135 0.2933
3 16 -2.9663 13.1742 -7.2187 -0.7489 11.9114 -5.6358 -0.9113 11.9971 -7.9482 0.1135 0.2933 0.0547 0.327 0.0582 0.2733
3 16 -2.4092 12.9941 -4.9767 -1.4696 12.1249 -2.8756 -0.7489 11.9114 -5.6358 0.1012 0.3389 0.0818 0.3844 0.0547 0.327
3 16 -0.7489 11.9114 -5.6358 -1.4696 12.1249 -2.8756 -0.4522 11.3756 -3.4211 0.0547 0.327 0.0818 0.3844 0.0502 0.3789
3 16 -1.4696 12.1249 -2.8756 -0.7128 10.9661 -1.5651 -0.4522 11.3756 -3.4211 0.0818 0.3844 0.0643 0.4233 0.0502 0.3789
3 16 -0.4522 11.3756 -3.4211 -0.7128 10.9661 -1.5651 -0.2631 10.6764 -1.8136 0.0502 0.3789 0.0643 0.4233 0.0493 0.4201
3 16 -0.4522 11.3756 -3.4211 -0.2631 10.6764 -1.8136 0.0245 10.1353 -3.9828 0.0502 0.3789 0.0493 0.4201 0.016 0.3731
3 16 0.0245 10.1353 -3.9828 -0.2631 10.6764 -1.8136 0.0241 10.1632 -1.5636 0.016 0.3731 0.0493 0.4201 0.0369 0.4303
3 16 -0.4522 11.3756 -3.4211 0.0245 10.1353 -3.9828 -0.7489 11.9114 -5.6358 0.0502 0.3789 0.016 0.3731 0.0547 0.327
3 16 -0.7489 11.9114 -5.6358 0.0245 10.1353 -3.9828 0.0245 10.0542 -6.3176 0.0547 0.327 0.016 0.3731 0.0057 0.3128
3 16 -0.7489 11.9114 -5.6358 0.0245 10.0542 -6.3176 -0.9113 11.9971 -7.9482 0.0547 0.327 0.0057 0.3128 0.0582 0.2733
3 16 -0.9113 11.9971 -7.9482 0.0245 10.0542 -6.3176 0.0244 9.9135 -8.705 0.0582 0.2733 0.0057 0.3128 0.0059 0.2509
3 16 -0.9883 11.9148 -10.5688 0.0243 9.7843 -11.1485 -1.1315 11.7603 -15.4661 0.0663 0.2115 0.0156 0.189 0.0913 0.0978
3 16 -1.1315 11.7603 -15.4661 0.0243 9.7843 -11.1485 0.0243 9.5427 -15.7152 0.0913 0.0978 0.0156 0.189 0.0402 0.082
3 16 0.0186 9.9074 -0.6126 -0.2631 10.6764 -1.8136 -0.7128 10.9661 -1.5651 0.049 0.474 0.0493 0.4201 0.0643 0.4233
3 16 -1.2453 11.6385 -19.268 -2.9025 10.2067 -19.2677 -3.4812 12.8334 -19.268 0.1765 0.7275 0.1502 0.7586 0.1257 0.7074
3 16 -3.4812 12.8334 -19.268 -2.9025 10.2067 -19.2677 -4.0974 10.7824 -19.2677 0.1257 0.7074 0.1502 0.7586 0.1204 0.7477
3 16 0.0214 9.3596 -19.2617 -1.7796 7.875 -19.2677 -2.0749 9.169 -19.2677 0.2111 0.7743 0.1808 0.8102 0.1716 0.7814
3 16 2.5279 -0.8747 -4.9698 0.0112 -0.9176 -4.9684 1.9633 0.0001 -5.0483 0.7868 0.9314 0.7881 0.9937 0.765 0.932
3 16 1.9633 0.0001 -5.0483 0.0112 -0.9176 -4.9684 0.0177 0 -5.0483 0.765 0.932 0.7881 0.9937 0.7669 0.9937
3 16 0.0177 -2.6347 -4.4459 0.0112 -0.9176 -4.9684 2.5082 -2.6386 -4.4518 0.0485 0.9926 0.0145 0.9926 0.0515 0.9304
3 16 2.5082 -2.6386 -4.4518 0.0112 -0.9176 -4.9684 2.5279 -0.8747 -4.9698 0.0515 0.9304 0.0145 0.9926 0.0135 0.9304
3 16 0.0177 2.635 -4.4457 2.5126 2.6387 -4.4517 0.0177 1.0435 -4.9638 0.7079 0.9937 0.7058 0.932 0.743 0.9937
3 16 0.0177 1.0435 -4.9638 2.5126 2.6387 -4.4517 2.5251 0.8702 -4.9669 0.743 0.9937 0.7058 0.932 0.7426 0.932
3 16 2.4785 0 5.1406 0.0177 0 5.1336 2.4723 -2.6376 4.4517 0.3786 0.9316 0.3781 0.9932 0.3083 0.9314
3 16 2.4723 -2.6376 4.4517 0.0177 0 5.1336 0.0177 -2.634 4.4457 0.3083 0.9314 0.3781 0.9932 0.308 0.993
3 16 2.5331 -0.8617 -2.4114 2.5279 -0.8747 -4.9698 1.957 0 -2.6027 0.8605 0.9889 0.8076 0.9899 0.8552 0.9672
3 16 1.957 0 -2.6027 2.5279 -0.8747 -4.9698 1.9633 0.0001 -5.0483 0.8552 0.9672 0.8076 0.9899 0.8055 0.9681
3 16 2.5271 0.8617 -2.4114 1.957 0 -2.6027 2.5251 0.8702 -4.9669 0.8597 0.9455 0.8552 0.9672 0.8068 0.9464
3 16 2.5251 0.8702 -4.9669 1.957 0 -2.6027 1.9633 0.0001 -5.0483 0.8068 0.9464 0.8552 0.9672 0.8055 0.9681
3 16 7.7677 2.2573 -1.3049 7.7677 1.4987 -2.1492 7.772 3.4742 -2.0062 0.8417 0.3904 0.8181 0.3922 0.8456 0.3621
3 16 7.772 3.4742 -2.0062 7.7677 1.4987 -2.1492 7.7719 2.0071 -3.4738 0.8456 0.3621 0.8181 0.3922 0.8029 0.3675
3 16 7.7677 -1.3037 2.258 7.7677 0 2.6073 7.7719 -2.0058 3.4746 0.8551 0.495 0.8776 0.4779 0.866 0.5215
3 16 7.7719 -2.0058 3.4746 7.7677 0 2.6073 7.7719 0 4.0121 0.866 0.5215 0.8776 0.4779 0.9002 0.4954
3 16 -4.9855 0 -2.6026 -4.9851 -1.1863 -2.2606 1.957 0 -2.6027 0.9864 0.6055 0.9868 0.6295 0.8529 0.6068
3 16 1.957 0 -2.6027 -4.9851 -1.1863 -2.2606 2.5331 -0.8617 -2.4114 0.8529 0.6068 0.9868 0.6295 0.8419 0.6243
3 16 -4.9855 0 -2.6026 1.957 0 -2.6027 -4.9738 1.1861 -2.2606 0.9899 0.9174 0.8564 0.9191 0.9895 0.8934
3 16 -4.9738 1.1861 -2.2606 1.957 0 -2.6027 2.5271 0.8617 -2.4114 0.9895 0.8934 0.8564 0.9191 0.8451 0.9018
3 16 -4.9749 -0.0001 0 -4.9855 0 -2.6026 -4.9738 1.1861 -2.2606 0.1121 0.8192 0.0713 0.844 0.0654 0.8221
3 16 -4.9749 -0.0001 0 -4.9851 -1.1863 -2.2606 -4.9855 0 -2.6026 0.1121 0.8192 0.088 0.8593 0.0713 0.844
3 16 -4.9922 -2.2584 -1.3032 -4.9851 -1.1863 -2.2606 -4.9749 -0.0001 0 0.1132 0.8669 0.088 0.8593 0.1121 0.8192
3 16 -4.9966 -2.6074 0 -4.9922 -2.2584 -1.3032 -4.9749 -0.0001 0 0.1369 0.86 0.1132 0.8669 0.1121 0.8192
3 16 -4.9959 -2.2581 1.3037 -4.9966 -2.6074 0 -4.9749 -0.0001 0 0.154 0.8421 0.1369 0.86 0.1121 0.8192
3 16 -4.99 -1.3037 2.258 -4.9959 -2.2581 1.3037 -4.9749 -0.0001 0 0.1598 0.818 0.154 0.8421 0.1121 0.8192
3 16 -4.9749 -0.0001 0 -4.984 0 2.6073 -4.99 -1.3037 2.258 0.1121 0.8192 0.1529 0.7943 0.1598 0.818
3 16 -4.981 1.3036 2.258 -4.984 0 2.6073 -4.9749 -0.0001 0 0.135 0.7772 0.1529 0.7943 0.1121 0.8192
3 16 -4.9728 2.2577 1.3042 -4.981 1.3036 2.258 -4.9749 -0.0001 0 0.1109 0.7714 0.135 0.7772 0.1121 0.8192
3 16 -4.9681 2.5198 0 -4.9728 2.2577 1.3042 -4.9749 -0.0001 0 0.088 0.7797 0.1109 0.7714 0.1121 0.8192
3 16 -4.9693 2.258 -1.3036 -4.9681 2.5198 0 -4.9749 -0.0001 0 0.0701 0.7962 0.088 0.7797 0.1121 0.8192
3 16 -4.9749 -0.0001 0 -4.9738 1.1861 -2.2606 -4.9693 2.258 -1.3036 0.1121 0.8192 0.0654 0.8221 0.0701 0.7962
3 16 6.0486 5.165 -0.0001 6.0462 4.4731 2.557 7.772 4.0118 0 0.8537 0.0866 0.8932 0.1048 0.8392 0.1166
3 16 7.772 4.0118 0 6.0462 4.4731 2.557 7.772 3.4742 2.0062 0.8392 0.1166 0.8932 0.1048 0.8735 0.1386
3 16 -4.9681 2.5198 0 7.7677 2.5198 0 -4.9728 2.2577 1.3042 0.9887 0.8399 0.7437 0.8426 0.9885 0.8141
3 16 -4.9728 2.2577 1.3042 7.7677 2.5198 0 7.7677 2.2578 1.3041 0.9885 0.8141 0.7437 0.8426 0.7434 0.8168
3 16 6.0462 4.4731 2.557 6.0402 2.5825 4.4288 7.772 3.4742 2.0062 0.8932 0.1048 0.938 0.1261 0.8735 0.1386
3 16 7.772 3.4742 2.0062 6.0402 2.5825 4.4288 7.7694 2.0075 3.4779 0.8735 0.1386 0.938 0.1261 0.9147 0.1707
3 16 7.7677 2.2578 1.3041 7.7677 1.3037 2.258 -4.9728 2.2577 1.3042 0.7434 0.8168 0.7431 0.7907 0.9885 0.8141
3 16 -4.9728 2.2577 1.3042 7.7677 1.3037 2.258 -4.981 1.3036 2.258 0.9885 0.8141 0.7431 0.7907 0.9884 0.788
3 16 6.0402 2.5825 4.4288 6.0381 0 5.114 7.7694 2.0075 3.4779 0.5261 0.827 0.4918 0.8334 0.5204 0.7714
3 16 7.7694 2.0075 3.4779 6.0381 0 5.114 7.7719 0 4.0121 0.5204 0.7714 0.4918 0.8334 0.4888 0.7842
3 16 -4.981 1.3036 2.258 7.7677 1.3037 2.258 -4.984 0 2.6073 0.9884 0.788 0.7431 0.7907 0.9882 0.7618
3 16 -4.984 0 2.6073 7.7677 1.3037 2.258 7.7677 0 2.6073 0.9882 0.7618 0.7431 0.7907 0.7429 0.7646
3 16 6.0289 -4.4331 2.5272 7.7719 -3.4745 2.0062 6.0361 -2.5826 4.4288 0.3952 0.8408 0.3934 0.8052 0.4419 0.8396
3 16 6.0361 -2.5826 4.4288 7.7719 -3.4745 2.0062 7.7719 -2.0058 3.4746 0.4419 0.8396 0.3934 0.8052 0.4367 0.7975
3 16 -4.99 -1.3037 2.258 7.7677 -1.3037 2.258 -4.9959 -2.2581 1.3037 0.988 0.7357 0.7426 0.7384 0.9878 0.7096
3 16 -4.9959 -2.2581 1.3037 7.7677 -1.3037 2.258 7.7677 -2.258 1.3037 0.9878 0.7096 0.7426 0.7384 0.7423 0.7123
3 16 6.0268 -5.1356 0.0001 7.7719 -4.012 0.0001 6.0289 -4.4331 2.5272 0.3551 0.8393 0.3558 0.8091 0.3952 0.8408
3 16 6.0289 -4.4331 2.5272 7.7719 -4.012 0.0001 7.7719 -3.4745 2.0062 0.3952 0.8408 0.3558 0.8091 0.3934 0.8052
3 16 -4.9959 -2.2581 1.3037 7.7677 -2.258 1.3037 -4.9966 -2.6074 0 0.9878 0.7096 0.7423 0.7123 0.9876 0.6834
3 16 -4.9966 -2.6074 0 7.7677 -2.258 1.3037 7.7677 -2.6073 0 0.9876 0.6834 0.7423 0.7123 0.742 0.6862
3 16 6.0268 -5.1356 0.0001 6.0335 -4.4731 -2.5572 7.7719 -4.012 0.0001 0.3551 0.8393 0.3216 0.8356 0.3558 0.8091
3 16 7.7719 -4.012 0.0001 6.0335 -4.4731 -2.5572 7.772 -3.4743 -2.0062 0.3558 0.8091 0.3216 0.8356 0.3242 0.8089
3 16 -4.9966 -2.6074 0 7.7677 -2.6073 0 -4.9922 -2.2584 -1.3032 0.9876 0.6834 0.742 0.6862 0.9872 0.6573
3 16 -4.9922 -2.2584 -1.3032 7.7677 -2.6073 0 7.7677 -2.2576 -1.3044 0.9872 0.6573 0.742 0.6862 0.7417 0.6601
3 16 6.0464 1.0015 -4.8731 6.0491 2.5841 -4.4282 7.7702 1.0069 -3.7922 0.7737 0.0627 0.7899 0.0662 0.7692 0.0859
3 16 7.7702 1.0069 -3.7922 6.0491 2.5841 -4.4282 7.7719 2.0071 -3.4738 0.7692 0.0859 0.7899 0.0662 0.7819 0.0894
3 16 2.5271 0.8617 -2.4114 3.0341 0.9958 -2.3665 -4.9738 1.1861 -2.2606 0.8451 0.9018 0.835 0.8997 0.9895 0.8934
3 16 4.3337 1.0014 -5.3825 3.0341 0.9958 -2.3665 3.0295 1.0014 -5.2638 0.7676 0.0372 0.7449 0.0168 0.7687 0.0227
3 16 6.0486 5.165 -0.0001 7.772 4.0118 0 6.051 4.4731 -2.5572 0.8537 0.0866 0.8392 0.1166 0.8196 0.074
3 16 6.051 4.4731 -2.5572 7.772 4.0118 0 7.772 3.4742 -2.0062 0.8196 0.074 0.8392 0.1166 0.8092 0.1004
3 16 -4.9693 2.258 -1.3036 7.7677 2.2573 -1.3049 -4.9681 2.5198 0 0.989 0.8657 0.744 0.8683 0.9887 0.8399
3 16 -4.9681 2.5198 0 7.7677 2.2573 -1.3049 7.7677 2.5198 0 0.9887 0.8399 0.744 0.8683 0.7437 0.8426
3 16 6.0484 -1.0015 -4.8889 7.7703 -1.007 -3.8123 6.0476 -2.5842 -4.4281 0.277 0.8251 0.2836 0.8037 0.2927 0.8296
3 16 6.0476 -2.5842 -4.4281 7.7703 -1.007 -3.8123 7.7719 -2.0071 -3.4737 0.2927 0.8296 0.2836 0.8037 0.2961 0.8061
3 16 3.0341 -0.9958 -2.3665 6.0484 -1.0015 -4.8889 4.3336 -1.0014 -5.3897 0.2307 0.8445 0.2648 0.8199 0.2593 0.8378
3 16 -4.9851 -1.1863 -2.2606 7.7677 -1.4987 -2.1492 3.0341 -0.9958 -2.3665 0.9868 0.6295 0.7414 0.6381 0.832 0.6267
3 16 3.0341 -0.9958 -2.3665 7.7677 -1.4987 -2.1492 7.7628 -0.9989 -2.3683 0.832 0.6267 0.7414 0.6381 0.7413 0.6276
3 16 6.0335 -4.4731 -2.5572 6.0476 -2.5842 -4.4281 7.772 -3.4743 -2.0062 0.3216 0.8356 0.2927 0.8296 0.3242 0.8089
3 16 7.772 -3.4743 -2.0062 6.0476 -2.5842 -4.4281 7.7719 -2.0071 -3.4737 0.3242 0.8089 0.2927 0.8296 0.2961 0.8061
3 16 7.7677 -2.2576 -1.3044 7.7677 -1.4987 -2.1492 -4.9922 -2.2584 -1.3032 0.7417 0.6601 0.7414 0.6381 0.9872 0.6573
3 16 -4.9922 -2.2584 -1.3032 7.7677 -1.4987 -2.1492 -4.9851 -1.1863 -2.2606 0.9872 0.6573 0.7414 0.6381 0.9868 0.6295
3 16 -4.9738 1.1861 -2.2606 7.7677 1.4987 -2.1492 -4.9693 2.258 -1.3036 0.9895 0.8934 0.7442 0.8903 0.989 0.8657
3 16 -4.9693 2.258 -1.3036 7.7677 1.4987 -2.1492 7.7677 2.2573 -1.3049 0.989 0.8657 0.7442 0.8903 0.744 0.8683
3 16 6.051 4.4731 -2.5572 7.772 3.4742 -2.0062 6.0491 2.5841 -4.4282 0.8196 0.074 0.8092 0.1004 0.7899 0.0662
3 16 6.0491 2.5841 -4.4282 7.772 3.4742 -2.0062 7.7719 2.0071 -3.4738 0.7899 0.0662 0.8092 0.1004 0.7819 0.0894
3 16 -4.984 0 2.6073 7.7677 0 2.6073 -4.99 -1.3037 2.258 0.9882 0.7618 0.7429 0.7646 0.988 0.7357
3 16 -4.99 -1.3037 2.258 7.7677 0 2.6073 7.7677 -1.3037 2.258 0.988 0.7357 0.7429 0.7646 0.7426 0.7384
3 16 6.0361 -2.5826 4.4288 7.7719 -2.0058 3.4746 6.0381 0 5.114 0.4419 0.8396 0.4367 0.7975 0.4918 0.8334
3 16 6.0381 0 5.114 7.7719 -2.0058 3.4746 7.7719 0 4.0121 0.4918 0.8334 0.4367 0.7975 0.4888 0.7842
3 16 2.5271 0.8617 -2.4114 2.5251 0.8702 -4.9669 3.0341 0.9958 -2.3665 0.7463 0.0101 0.7687 0.0149 0.7449 0.0168
3 16 3.0341 0.9958 -2.3665 2.5251 0.8702 -4.9669 3.0295 1.0014 -5.2638 0.7449 0.0168 0.7687 0.0149 0.7687 0.0227
3 16 2.5251 0.8702 -4.9669 2.5126 2.6387 -4.4517 3.0295 1.0014 -5.2638 0.7786 0.0206 0.7968 0.0245 0.7786 0.029
3 16 3.0295 1.0014 -5.2638 2.5126 2.6387 -4.4517 3.0271 2.7881 -4.8268 0.7786 0.029 0.7968 0.0245 0.7951 0.0328
3 16 2.5185 4.568 -2.571 3.0277 4.8274 -2.7873 2.5126 2.6387 -4.4517 0.8296 0.0296 0.8278 0.0363 0.7968 0.0245
3 16 2.5126 2.6387 -4.4517 3.0277 4.8274 -2.7873 3.0271 2.7881 -4.8268 0.7968 0.0245 0.8278 0.0363 0.7951 0.0328
3 16 2.5112 5.2749 -0.0003 3.0282 5.5744 0 2.5185 4.568 -2.571 0.8704 0.0349 0.8678 0.044 0.8296 0.0296
3 16 2.5185 4.568 -2.571 3.0282 5.5744 0 3.0277 4.8274 -2.7873 0.8296 0.0296 0.8678 0.044 0.8278 0.0363
3 16 2.5112 5.2749 -0.0003 2.504 4.5681 2.5703 3.0282 5.5744 0 0.8704 0.0349 0.9158 0.0476 0.8678 0.044
3 16 3.0282 5.5744 0 2.504 4.5681 2.5703 3.0278 4.8275 2.7872 0.8678 0.044 0.9158 0.0476 0.913 0.0575
3 16 2.504 4.5681 2.5703 2.4849 2.6373 4.452 3.0278 4.8275 2.7872 0.9158 0.0476 0.9659 0.0649 0.913 0.0575
3 16 3.0278 4.8275 2.7872 2.4849 2.6373 4.452 3.0271 2.787 4.8274 0.913 0.0575 0.9659 0.0649 0.962 0.0762
3 16 2.4849 2.6373 4.452 2.4785 0 5.1406 3.0271 2.787 4.8274 0.5343 0.9074 0.5004 0.908 0.5333 0.8931
3 16 3.0271 2.787 4.8274 2.4785 0 5.1406 3.0267 0 5.5741 0.5333 0.8931 0.5004 0.908 0.4971 0.8943
3 16 2.4723 -2.6376 4.4517 3.0271 -2.787 4.8274 2.4785 0 5.1406 0.441 0.9061 0.4426 0.8943 0.5004 0.908
3 16 2.4785 0 5.1406 3.0271 -2.787 4.8274 3.0267 0 5.5741 0.5004 0.908 0.4426 0.8943 0.4971 0.8943
3 16 2.4498 -4.4631 2.4923 3.0267 -4.8272 2.787 2.4723 -2.6376 4.4517 0.3894 0.9001 0.3925 0.8891 0.441 0.9061
3 16 2.4723 -2.6376 4.4517 3.0267 -4.8272 2.787 3.0271 -2.787 4.8274 0.441 0.9061 0.3925 0.8891 0.4426 0.8943
3 16 2.4437 -5.1977 0.0002 3.0276 -5.5743 0.0001 2.4498 -4.4631 2.4923 0.3465 0.8914 0.3488 0.8814 0.3894 0.9001
3 16 2.4498 -4.4631 2.4923 3.0276 -5.5743 0.0001 3.0267 -4.8272 2.787 0.3894 0.9001 0.3488 0.8814 0.3925 0.8891
3 16 2.4437 -5.1977 0.0002 2.465 -4.5681 -2.5708 3.0276 -5.5743 0.0001 0.3465 0.8914 0.3111 0.8775 0.3488 0.8814
3 16 3.0276 -5.5743 0.0001 2.465 -4.5681 -2.5708 3.0278 -4.8275 -2.7872 0.3488 0.8814 0.3111 0.8775 0.3124 0.8708
3 16 2.465 -4.5681 -2.5708 2.5082 -2.6386 -4.4518 3.0278 -4.8275 -2.7872 0.3111 0.8775 0.281 0.8672 0.3124 0.8708
3 16 3.0278 -4.8275 -2.7872 2.5082 -2.6386 -4.4518 3.0271 -2.7881 -4.8267 0.3124 0.8708 0.281 0.8672 0.2831 0.8595
3 16 2.5279 -0.8747 -4.9698 3.0294 -1.0014 -5.2638 2.5082 -2.6386 -4.4518 0.2628 0.8621 0.2662 0.8553 0.281 0.8672
3 16 2.5082 -2.6386 -4.4518 3.0294 -1.0014 -5.2638 3.0271 -2.7881 -4.8267 0.281 0.8672 0.2662 0.8553 0.2831 0.8595
3 16 2.5331 -0.8617 -2.4114 3.0341 -0.9958 -2.3665 2.5279 -0.8747 -4.9698 0.2289 0.8507 0.2307 0.8445 0.2505 0.8569
3 16 2.5279 -0.8747 -4.9698 3.0341 -0.9958 -2.3665 3.0294 -1.0014 -5.2638 0.2505 0.8569 0.2307 0.8445 0.2538 0.8504
3 16 3.0295 1.0014 -5.2638 3.0271 2.7881 -4.8268 4.3337 1.0014 -5.3825 0.7786 0.029 0.7951 0.0328 0.7772 0.0452
3 16 4.3337 1.0014 -5.3825 3.0271 2.7881 -4.8268 4.3346 2.8511 -4.9354 0.7772 0.0452 0.7951 0.0328 0.7938 0.0477
3 16 3.0271 2.7881 -4.8268 3.0277 4.8274 -2.7873 4.3346 2.8511 -4.9354 0.7951 0.0328 0.8278 0.0363 0.7938 0.0477
3 16 4.3346 2.8511 -4.9354 3.0277 4.8274 -2.7873 4.3345 4.9362 -2.8499 0.7938 0.0477 0.8278 0.0363 0.8249 0.0527
3 16 3.0277 4.8274 -2.7873 3.0282 5.5744 0 4.3345 4.9362 -2.8499 0.8278 0.0363 0.8678 0.044 0.8249 0.0527
3 16 4.3345 4.9362 -2.8499 3.0282 5.5744 0 4.3344 5.6998 0 0.8249 0.0527 0.8678 0.044 0.8627 0.0622
3 16 3.0282 5.5744 0 3.0278 4.8275 2.7872 4.3344 5.6998 0 0.8678 0.044 0.913 0.0575 0.8627 0.0622
3 16 4.3344 5.6998 0 3.0278 4.8275 2.7872 4.3345 4.9362 2.8498 0.8627 0.0622 0.913 0.0575 0.9057 0.0774
3 16 3.0278 4.8275 2.7872 3.0271 2.787 4.8274 4.3345 4.9362 2.8498 0.913 0.0575 0.962 0.0762 0.9057 0.0774
3 16 4.3345 4.9362 2.8498 3.0271 2.787 4.8274 4.3347 2.85 4.9361 0.9057 0.0774 0.962 0.0762 0.9528 0.0966
3 16 3.0271 2.787 4.8274 3.0267 0 5.5741 4.3347 2.85 4.9361 0.5333 0.8931 0.4971 0.8943 0.5306 0.8664
3 16 4.3347 2.85 4.9361 3.0267 0 5.5741 4.3349 0 5.6997 0.5306 0.8664 0.4971 0.8943 0.4947 0.8694
3 16 3.0267 0 5.5741 3.0271 -2.787 4.8274 4.3349 0 5.6997 0.4971 0.8943 0.4426 0.8943 0.4947 0.8694
3 16 4.3349 0 5.6997 3.0271 -2.787 4.8274 4.3347 -2.8499 4.9361 0.4947 0.8694 0.4426 0.8943 0.4435 0.8716
3 16 3.0271 -2.787 4.8274 3.0267 -4.8272 2.787 4.3347 -2.8499 4.9361 0.4426 0.8943 0.3925 0.8891 0.4435 0.8716
3 16 4.3347 -2.8499 4.9361 3.0267 -4.8272 2.787 4.3349 -4.9362 2.8498 0.4435 0.8716 0.3925 0.8891 0.3948 0.8693
3 16 3.0267 -4.8272 2.787 3.0276 -5.5743 0.0001 4.3349 -4.9362 2.8498 0.3925 0.8891 0.3488 0.8814 0.3948 0.8693
3 16 4.3349 -4.9362 2.8498 3.0276 -5.5743 0.0001 4.3346 -5.6998 0.0001 0.3948 0.8693 0.3488 0.8814 0.3523 0.8637
3 16 3.0276 -5.5743 0.0001 3.0278 -4.8275 -2.7872 4.3346 -5.6998 0.0001 0.3488 0.8814 0.3124 0.8708 0.3523 0.8637
3 16 4.3346 -5.6998 0.0001 3.0278 -4.8275 -2.7872 4.3346 -4.9362 -2.8498 0.3523 0.8637 0.3124 0.8708 0.3169 0.856
3 16 3.0278 -4.8275 -2.7872 3.0271 -2.7881 -4.8267 4.3346 -4.9362 -2.8498 0.3124 0.8708 0.2831 0.8595 0.3169 0.856
3 16 4.3346 -4.9362 -2.8498 3.0271 -2.7881 -4.8267 4.3346 -2.8512 -4.9354 0.3169 0.856 0.2831 0.8595 0.2882 0.8468
3 16 3.0294 -1.0014 -5.2638 4.3336 -1.0014 -5.3897 3.0271 -2.7881 -4.8267 0.2662 0.8553 0.2722 0.8413 0.2831 0.8595
3 16 3.0271 -2.7881 -4.8267 4.3336 -1.0014 -5.3897 4.3346 -2.8512 -4.9354 0.2831 0.8595 0.2722 0.8413 0.2882 0.8468
3 16 4.3337 1.0014 -5.3825 4.3346 2.8511 -4.9354 6.0464 1.0015 -4.8731 0.7772 0.0452 0.7938 0.0477 0.7737 0.0627
3 16 6.0464 1.0015 -4.8731 4.3346 2.8511 -4.9354 6.0491 2.5841 -4.4282 0.7737 0.0627 0.7938 0.0477 0.7899 0.0662
3 16 4.3346 2.8511 -4.9354 4.3345 4.9362 -2.8499 6.0491 2.5841 -4.4282 0.7938 0.0477 0.8249 0.0527 0.7899 0.0662
3 16 6.0491 2.5841 -4.4282 4.3345 4.9362 -2.8499 6.051 4.4731 -2.5572 0.7899 0.0662 0.8249 0.0527 0.8196 0.074
3 16 4.3345 4.9362 -2.8499 4.3344 5.6998 0 6.051 4.4731 -2.5572 0.8249 0.0527 0.8627 0.0622 0.8196 0.074
3 16 6.051 4.4731 -2.5572 4.3344 5.6998 0 6.0486 5.165 -0.0001 0.8196 0.074 0.8627 0.0622 0.8537 0.0866
3 16 4.3345 4.9362 2.8498 6.0462 4.4731 2.557 4.3344 5.6998 0 0.9057 0.0774 0.8932 0.1048 0.8627 0.0622
3 16 4.3344 5.6998 0 6.0462 4.4731 2.557 6.0486 5.165 -0.0001 0.8627 0.0622 0.8932 0.1048 0.8537 0.0866
3 16 4.3347 2.85 4.9361 6.0402 2.5825 4.4288 4.3345 4.9362 2.8498 0.9528 0.0966 0.938 0.1261 0.9057 0.0774
3 16 4.3345 4.9362 2.8498 6.0402 2.5825 4.4288 6.0462 4.4731 2.557 0.9057 0.0774 0.938 0.1261 0.8932 0.1048
3 16 4.3349 0 5.6997 6.0381 0 5.114 4.3347 2.85 4.9361 0.4947 0.8694 0.4918 0.8334 0.5306 0.8664
3 16 4.3347 2.85 4.9361 6.0381 0 5.114 6.0402 2.5825 4.4288 0.5306 0.8664 0.4918 0.8334 0.5261 0.827
3 16 4.3349 0 5.6997 4.3347 -2.8499 4.9361 6.0381 0 5.114 0.4947 0.8694 0.4435 0.8716 0.4918 0.8334
3 16 6.0381 0 5.114 4.3347 -2.8499 4.9361 6.0361 -2.5826 4.4288 0.4918 0.8334 0.4435 0.8716 0.4419 0.8396
3 16 4.3347 -2.8499 4.9361 4.3349 -4.9362 2.8498 6.0361 -2.5826 4.4288 0.4435 0.8716 0.3948 0.8693 0.4419 0.8396
3 16 6.0361 -2.5826 4.4288 4.3349 -4.9362 2.8498 6.0289 -4.4331 2.5272 0.4419 0.8396 0.3948 0.8693 0.3952 0.8408
3 16 4.3349 -4.9362 2.8498 4.3346 -5.6998 0.0001 6.0289 -4.4331 2.5272 0.3948 0.8693 0.3523 0.8637 0.3952 0.8408
3 16 6.0289 -4.4331 2.5272 4.3346 -5.6998 0.0001 6.0268 -5.1356 0.0001 0.3952 0.8408 0.3523 0.8637 0.3551 0.8393
3 16 4.3346 -4.9362 -2.8498 6.0335 -4.4731 -2.5572 4.3346 -5.6998 0.0001 0.3169 0.856 0.3216 0.8356 0.3523 0.8637
3 16 4.3346 -5.6998 0.0001 6.0335 -4.4731 -2.5572 6.0268 -5.1356 0.0001 0.3523 0.8637 0.3216 0.8356 0.3551 0.8393
3 16 4.3346 -2.8512 -4.9354 6.0476 -2.5842 -4.4281 4.3346 -4.9362 -2.8498 0.2882 0.8468 0.2927 0.8296 0.3169 0.856
3 16 4.3346 -4.9362 -2.8498 6.0476 -2.5842 -4.4281 6.0335 -4.4731 -2.5572 0.3169 0.856 0.2927 0.8296 0.3216 0.8356
3 16 4.3336 -1.0014 -5.3897 6.0484 -1.0015 -4.8889 4.3346 -2.8512 -4.9354 0.2722 0.8413 0.277 0.8251 0.2882 0.8468
3 16 4.3346 -2.8512 -4.9354 6.0484 -1.0015 -4.8889 6.0476 -2.5842 -4.4281 0.2882 0.8468 0.277 0.8251 0.2927 0.8296
3 16 -4.9738 1.1861 -2.2606 3.0341 0.9958 -2.3665 7.7677 1.4987 -2.1492 0.9895 0.8934 0.835 0.8997 0.7442 0.8903
3 16 7.7677 1.4987 -2.1492 3.0341 0.9958 -2.3665 7.7628 0.9989 -2.3683 0.7442 0.8903 0.835 0.8997 0.7443 0.9007
3 16 -4.9851 -1.1863 -2.2606 3.0341 -0.9958 -2.3665 2.5331 -0.8617 -2.4114 0.9868 0.6295 0.832 0.6267 0.8419 0.6243
3 16 -6.7101 5.4321 -16.0863 -7.5771 6.5193 -16.0863 -6.6168 5.5489 -15.2512 0.7137 0.7929 0.7138 0.8077 0.7045 0.7928
3 16 -6.6168 5.5489 -15.2512 -7.5771 6.5193 -16.0863 -7.4424 6.5841 -15.2512 0.7045 0.7928 0.7138 0.8077 0.7046 0.8074
3 16 -7.8865 7.875 -16.0863 -7.5771 9.2307 -16.0863 -7.737 7.875 -15.2512 0.7138 0.8227 0.7139 0.8381 0.7047 0.8224
3 16 -7.737 7.875 -15.2512 -7.5771 9.2307 -16.0863 -7.4424 9.1658 -15.2512 0.7047 0.8224 0.7139 0.8381 0.7048 0.8378
3 16 -4.0666 4.8287 -16.0863 -5.4572 4.8287 -16.0863 -4.0999 4.9745 -15.2513 0.7135 0.7636 0.7136 0.7779 0.7044 0.7639
3 16 -4.0999 4.9745 -15.2513 -5.4572 4.8287 -16.0863 -5.4239 4.9745 -15.2512 0.7044 0.7639 0.7136 0.7779 0.7045 0.7783
3 16 -4.0653 10.921 -16.0863 -4.0988 10.7753 -15.251 -5.7015 10.8234 -16.0863 0.7131 0.6728 0.7039 0.6732 0.713 0.6565
3 16 -5.7015 10.8234 -16.0863 -4.0988 10.7753 -15.251 -5.668 10.6777 -15.2509 0.713 0.6565 0.7039 0.6732 0.7038 0.6568
3 16 -1.9467 6.5193 -16.0863 -2.8137 5.4321 -16.0863 -2.0814 6.5843 -15.2513 0.7134 0.7348 0.7134 0.7493 0.7042 0.7351
3 16 -2.0814 6.5843 -15.2513 -2.8137 5.4321 -16.0863 -2.9069 5.549 -15.2514 0.7042 0.7351 0.7134 0.7493 0.7043 0.7496
3 16 -2.8137 10.3179 -16.0863 -1.9467 9.2307 -16.0863 -2.9071 10.2011 -15.2512 0.7131 0.6889 0.7132 0.7046 0.704 0.6892
3 16 -2.9071 10.2011 -15.2512 -1.9467 9.2307 -16.0863 -2.0814 9.1659 -15.2512 0.704 0.6892 0.7132 0.7046 0.7041 0.705
3 16 -2.8137 5.4321 -16.0863 -4.0666 4.8287 -16.0863 -2.9069 5.549 -15.2514 0.7134 0.7493 0.7135 0.7636 0.7043 0.7496
3 16 -2.9069 5.549 -15.2514 -4.0666 4.8287 -16.0863 -4.0999 4.9745 -15.2513 0.7043 0.7496 0.7135 0.7636 0.7044 0.7639
3 16 -5.4572 4.8287 -16.0863 -6.7101 5.4321 -16.0863 -5.4239 4.9745 -15.2512 0.7136 0.7779 0.7137 0.7929 0.7045 0.7783
3 16 -5.4239 4.9745 -15.2512 -6.7101 5.4321 -16.0863 -6.6168 5.5489 -15.2512 0.7045 0.7783 0.7137 0.7929 0.7045 0.7928
3 16 -7.5771 6.5193 -16.0863 -7.8865 7.875 -16.0863 -7.4424 6.5841 -15.2512 0.7138 0.8077 0.7138 0.8227 0.7046 0.8074
3 16 -7.4424 6.5841 -15.2512 -7.8865 7.875 -16.0863 -7.737 7.875 -15.2512 0.7046 0.8074 0.7138 0.8227 0.7047 0.8224
3 16 -7.5771 9.2307 -16.0863 -6.7094 10.3184 -16.0862 -7.4424 9.1658 -15.2512 0.7139 0.8381 0.714 0.855 0.7048 0.8378
3 16 -7.4424 9.1658 -15.2512 -6.7094 10.3184 -16.0862 -6.6162 10.2016 -15.2511 0.7048 0.8378 0.714 0.855 0.7049 0.8553
3 16 -5.7015 10.8234 -16.0863 -5.668 10.6777 -15.2509 -6.7094 10.3184 -16.0862 0.7142 0.8696 0.7046 0.8697 0.714 0.855
3 16 -6.7094 10.3184 -16.0862 -5.668 10.6777 -15.2509 -6.6162 10.2016 -15.2511 0.714 0.855 0.7046 0.8697 0.7049 0.8553
3 16 -4.0653 10.921 -16.0863 -2.8137 10.3179 -16.0863 -4.0988 10.7753 -15.251 0.7131 0.6728 0.7131 0.6889 0.7039 0.6732
3 16 -4.0988 10.7753 -15.251 -2.8137 10.3179 -16.0863 -2.9071 10.2011 -15.2512 0.7039 0.6732 0.7131 0.6889 0.704 0.6892
3 16 -1.6373 7.875 -16.0863 -1.9467 6.5193 -16.0863 -1.7868 7.8751 -15.2512 0.7133 0.7199 0.7134 0.7348 0.7042 0.7202
3 16 -1.7868 7.8751 -15.2512 -1.9467 6.5193 -16.0863 -2.0814 6.5843 -15.2513 0.7042 0.7202 0.7134 0.7348 0.7042 0.7351
3 16 -1.9467 9.2307 -16.0863 -1.6373 7.875 -16.0863 -2.0814 9.1659 -15.2512 0.7132 0.7046 0.7133 0.7199 0.7041 0.705
3 16 -2.0814 9.1659 -15.2512 -1.6373 7.875 -16.0863 -1.7868 7.8751 -15.2512 0.7041 0.705 0.7133 0.7199 0.7042 0.7202
3 16 -6.6169 5.5491 -13.0643 -7.4423 6.5843 -13.0643 -6.6762 5.5743 -12.2615 0.5928 0.0066 0.6086 0.0066 0.5935 0.0162
3 16 -6.6762 5.5743 -12.2615 -7.4423 6.5843 -13.0643 -7.4451 6.5839 -12.2612 0.5935 0.0162 0.6086 0.0066 0.6086 0.0163
3 16 -7.4423 9.1658 -13.0644 -7.4414 9.1678 -12.2502 -7.7369 7.8747 -13.065 0.4417 0.0353 0.4321 0.0353 0.4417 0.0195
3 16 -7.7369 7.8747 -13.065 -7.4414 9.1678 -12.2502 -7.6657 7.4208 -12.2617 0.4417 0.0195 0.4321 0.0353 0.432 0.014
3 16 -4.1002 4.9745 -13.0644 -5.4239 4.9746 -13.0644 -4.1004 4.9745 -12.25 0.5612 0.0062 0.577 0.0064 0.5606 0.0156
3 16 -4.1004 4.9745 -12.25 -5.4239 4.9746 -13.0644 -5.4238 4.9746 -12.25 0.5606 0.0156 0.577 0.0064 0.5769 0.016
3 16 -4.8241 10.8159 -13.0643 -3.8196 10.651 -13.0646 -4.8329 10.8293 -12.3537 0.5246 0.1033 0.5125 0.1032 0.5248 0.0947
3 16 -4.8329 10.8293 -12.3537 -3.8196 10.651 -13.0646 -3.7799 10.6368 -12.3539 0.5248 0.0947 0.5125 0.1032 0.5121 0.0946
3 16 -2.9546 5.5712 -13.0774 -2.9722 5.5754 -12.2863 -2.0812 6.5848 -13.0644 0.5458 0.0058 0.5446 0.0147 0.5296 0.006
3 16 -2.0812 6.5848 -13.0644 -2.9722 5.5754 -12.2863 -2.0782 6.5845 -12.2616 0.5296 0.006 0.5446 0.0147 0.5296 0.0157
3 16 -2.9077 10.2015 -13.0644 -2.0819 9.1667 -13.0646 -2.9075 10.2014 -12.25 0.5003 0.103 0.4845 0.1029 0.5004 0.0934
3 16 -2.9075 10.2014 -12.25 -2.0819 9.1667 -13.0646 -2.0826 9.1683 -11.4893 0.5004 0.0934 0.4845 0.1029 0.4846 0.0842
3 16 -2.9546 5.5712 -13.0774 -4.1002 4.9745 -13.0644 -2.9722 5.5754 -12.2863 0.5458 0.0058 0.5612 0.0062 0.5446 0.0147
3 16 -2.9722 5.5754 -12.2863 -4.1002 4.9745 -13.0644 -4.1004 4.9745 -12.25 0.5446 0.0147 0.5612 0.0062 0.5606 0.0156
3 16 -5.4239 4.9746 -13.0644 -6.6169 5.5491 -13.0643 -5.4238 4.9746 -12.25 0.577 0.0064 0.5928 0.0066 0.5769 0.016
3 16 -5.4238 4.9746 -12.25 -6.6169 5.5491 -13.0643 -6.6762 5.5743 -12.2615 0.5769 0.016 0.5928 0.0066 0.5935 0.0162
3 16 -7.7369 7.8747 -13.065 -7.6657 7.4208 -12.2617 -7.4423 6.5843 -13.0643 0.4417 0.0195 0.432 0.014 0.4417 0.0036
3 16 -7.4423 6.5843 -13.0643 -7.6657 7.4208 -12.2617 -7.4451 6.5839 -12.2612 0.4417 0.0036 0.432 0.014 0.432 0.0036
3 16 -7.4423 9.1658 -13.0644 -6.6157 10.2019 -13.0643 -7.4414 9.1678 -12.2502 0.4417 0.0353 0.4418 0.0511 0.4321 0.0353
3 16 -7.4414 9.1678 -12.2502 -6.6157 10.2019 -13.0643 -6.6154 10.2022 -12.25 0.4321 0.0353 0.4418 0.0511 0.4321 0.0512
3 16 -5.7533 10.6705 -13.0642 -5.8793 10.6332 -12.332 -6.6157 10.2019 -13.0643 0.4418 0.0629 0.433 0.0614 0.4418 0.0511
3 16 -6.6157 10.2019 -13.0643 -5.8793 10.6332 -12.332 -6.6154 10.2022 -12.25 0.4418 0.0511 0.433 0.0614 0.4321 0.0512
3 16 -3.8196 10.651 -13.0646 -2.9077 10.2015 -13.0644 -3.7799 10.6368 -12.3539 0.5125 0.1032 0.5003 0.103 0.5121 0.0946
3 16 -3.7799 10.6368 -12.3539 -2.9077 10.2015 -13.0644 -2.9075 10.2014 -12.25 0.5121 0.0946 0.5003 0.103 0.5004 0.0934
3 16 -1.7869 7.8745 -13.0833 -2.0812 6.5848 -13.0644 -1.9072 7.4194 -12.2863 0.4686 0.1029 0.4528 0.1026 0.4631 0.0933
3 16 -1.9072 7.4194 -12.2863 -2.0812 6.5848 -13.0644 -2.0782 6.5845 -12.2616 0.4631 0.0933 0.4528 0.1026 0.4529 0.0929
3 16 -1.7869 7.8745 -13.0833 -1.9072 7.4194 -12.2863 -2.0819 9.1667 -13.0646 0.4686 0.1029 0.4631 0.0933 0.4845 0.1029
3 16 -2.0819 9.1667 -13.0646 -1.9072 7.4194 -12.2863 -2.0826 9.1683 -11.4893 0.4845 0.1029 0.4631 0.0933 0.4846 0.0842
3 16 -7.6657 7.4208 -12.2617 -6.6762 5.5743 -12.2615 -7.4451 6.5839 -12.2612 0.8104 0.4592 0.8104 0.4299 0.8132 0.4474
3 16 -7.4414 9.168 -8.6697 -7.444 9.1658 -5.0979 -7.6628 7.4208 -8.5797 0.3896 0.0354 0.3472 0.0355 0.3885 0.0141
3 16 -7.6628 7.4208 -8.5797 -7.444 9.1658 -5.0979 -7.6628 7.4185 -4.9138 0.3885 0.0141 0.3472 0.0355 0.345 0.0142
3 16 -5.4238 4.9746 -7.7583 -5.4238 4.9723 -3.2767 -4.1003 4.9745 -7.7225 0.5762 0.0692 0.5755 0.1224 0.5601 0.0692
3 16 -4.1003 4.9745 -7.7225 -5.4238 4.9723 -3.2767 -4.0996 4.9724 -3.2054 0.5601 0.0692 0.5755 0.1224 0.5596 0.1227
3 16 -3.781 10.6334 -8.9522 -3.7803 10.6332 -5.5681 -5.8777 10.6318 -8.9412 0.0122 0.5564 0.0121 0.5186 0.0357 0.5562
3 16 -5.8777 10.6318 -8.9412 -3.7803 10.6332 -5.5681 -5.8787 10.6334 -5.5681 0.0357 0.5562 0.0121 0.5186 0.0356 0.5185
3 16 -2.9077 10.2015 -8.9058 -2.0826 9.1683 -8.2893 -2.9051 10.2018 -5.571 0.5008 0.0537 0.485 0.0462 0.5012 0.014
3 16 -2.9051 10.2018 -5.571 -2.0826 9.1683 -8.2893 -2.0798 9.166 -5.0981 0.5012 0.014 0.485 0.0462 0.4854 0.0083
3 16 -2.9741 5.5778 -7.7662 -4.1003 4.9745 -7.7225 -2.9758 5.575 -3.2634 0.5444 0.0681 0.5601 0.0692 0.5442 0.1214
3 16 -2.9758 5.575 -3.2634 -4.1003 4.9745 -7.7225 -4.0996 4.9724 -3.2054 0.5442 0.1214 0.5601 0.0692 0.5596 0.1227
3 16 -6.6747 5.5768 -7.8263 -6.673 5.574 -3.4081 -5.4238 4.9746 -7.7583 0.5928 0.0686 0.5922 0.121 0.5762 0.0692
3 16 -5.4238 4.9746 -7.7583 -6.673 5.574 -3.4081 -5.4238 4.9723 -3.2767 0.5762 0.0692 0.5922 0.121 0.5755 0.1224
3 16 -6.6152 10.2023 -8.9058 -6.6178 10.2023 -5.5708 -7.4414 9.168 -8.6697 0.3925 0.0513 0.3528 0.0514 0.3896 0.0354
3 16 -7.4414 9.168 -8.6697 -6.6178 10.2023 -5.5708 -7.444 9.1658 -5.0979 0.3896 0.0354 0.3528 0.0514 0.3472 0.0355
3 16 -5.8777 10.6318 -8.9412 -5.8787 10.6334 -5.5681 -6.6152 10.2023 -8.9058 0.3929 0.0615 0.3528 0.0616 0.3925 0.0513
3 16 -6.6152 10.2023 -8.9058 -5.8787 10.6334 -5.5681 -6.6178 10.2023 -5.5708 0.3925 0.0513 0.3528 0.0616 0.3528 0.0514
3 16 -3.781 10.6334 -8.9522 -2.9077 10.2015 -8.9058 -3.7803 10.6332 -5.5681 0.5125 0.0544 0.5008 0.0537 0.5129 0.0142
3 16 -3.7803 10.6332 -5.5681 -2.9077 10.2015 -8.9058 -2.9051 10.2018 -5.571 0.5129 0.0142 0.5008 0.0537 0.5012 0.014
3 16 -2.9758 5.575 -3.2634 -1.9103 7.4175 -4.9271 -2.9741 5.5778 -7.7662 0.07 0.7022 0.0473 0.6845 0.0699 0.6544
3 16 -2.9741 5.5778 -7.7662 -1.9103 7.4175 -4.9271 -1.9103 7.4199 -8.5985 0.0699 0.6544 0.0473 0.6845 0.0473 0.6456
3 16 -1.9103 7.4199 -8.5985 -1.9103 7.4175 -4.9271 -2.0826 9.1683 -8.2893 0.4635 0.0497 0.4639 0.0061 0.485 0.0462
3 16 -2.0826 9.1683 -8.2893 -1.9103 7.4175 -4.9271 -2.0798 9.166 -5.0981 0.485 0.0462 0.4639 0.0061 0.4854 0.0083
3 16 -6.673 5.574 -3.4081 -6.6747 5.5768 -7.8263 -7.6628 7.4185 -4.9138 0.013 0.7033 0.0127 0.6549 0.0359 0.6867
3 16 -7.6628 7.4185 -4.9138 -6.6747 5.5768 -7.8263 -7.6628 7.4208 -8.5797 0.0359 0.6867 0.0127 0.6549 0.0357 0.6466
3 16 -5.8793 10.6332 -12.332 -4.8329 10.8293 -12.3537 -3.7799 10.6368 -12.3539 0.8564 0.4298 0.859 0.4442 0.8562 0.4586
3 16 -4.8241 10.8159 -13.0643 -4.8329 10.8293 -12.3537 -5.7533 10.6705 -13.0642 0.4418 0.0742 0.4333 0.0741 0.4418 0.0629
3 16 -5.7533 10.6705 -13.0642 -4.8329 10.8293 -12.3537 -5.8793 10.6332 -12.332 0.4418 0.0629 0.4333 0.0741 0.433 0.0614
3 16 -1.9072 7.4194 -12.2863 -2.0782 6.5845 -12.2616 -2.9722 5.5754 -12.2863 0.8326 0.4306 0.8363 0.4416 0.8327 0.4595
3 16 -7.4424 6.5842 -16.9214 -7.737 7.875 -16.9214 -7.5771 6.5193 -16.0863 0.7229 0.8073 0.723 0.8223 0.7138 0.8077
3 16 -7.5771 6.5193 -16.0863 -7.737 7.875 -16.9214 -7.8865 7.875 -16.0863 0.7138 0.8077 0.723 0.8223 0.7138 0.8227
3 16 -7.737 7.875 -16.9214 -7.4424 9.1659 -16.9214 -7.8865 7.875 -16.0863 0.723 0.8223 0.7231 0.8377 0.7138 0.8227
3 16 -7.8865 7.875 -16.0863 -7.4424 9.1659 -16.9214 -7.5771 9.2307 -16.0863 0.7138 0.8227 0.7231 0.8377 0.7139 0.8381
3 16 -7.4424 9.1659 -16.9214 -6.6162 10.2016 -16.9214 -7.5771 9.2307 -16.0863 0.7231 0.8377 0.7232 0.8552 0.7139 0.8381
3 16 -7.5771 9.2307 -16.0863 -6.6162 10.2016 -16.9214 -6.7094 10.3184 -16.0862 0.7139 0.8381 0.7232 0.8552 0.714 0.855
3 16 -6.6162 10.2016 -16.9214 -5.6682 10.6777 -16.9214 -6.7094 10.3184 -16.0862 0.7232 0.8552 0.7233 0.8696 0.714 0.855
3 16 -6.7094 10.3184 -16.0862 -5.6682 10.6777 -16.9214 -5.7015 10.8234 -16.0863 0.714 0.855 0.7233 0.8696 0.7142 0.8696
3 16 -5.6682 10.6777 -16.9214 -4.0985 10.7752 -16.9214 -5.7015 10.8234 -16.0863 0.7221 0.6567 0.7222 0.6731 0.713 0.6565
3 16 -5.7015 10.8234 -16.0863 -4.0985 10.7752 -16.9214 -4.0653 10.921 -16.0863 0.713 0.6565 0.7222 0.6731 0.7131 0.6728
3 16 -4.0985 10.7752 -16.9214 -2.9069 10.201 -16.9214 -4.0653 10.921 -16.0863 0.7222 0.6731 0.7223 0.6891 0.7131 0.6728
3 16 -4.0653 10.921 -16.0863 -2.9069 10.201 -16.9214 -2.8137 10.3179 -16.0863 0.7131 0.6728 0.7223 0.6891 0.7131 0.6889
3 16 -2.9069 10.201 -16.9214 -2.0814 9.1658 -16.9214 -2.8137 10.3179 -16.0863 0.7223 0.6891 0.7223 0.7049 0.7131 0.6889
3 16 -2.8137 10.3179 -16.0863 -2.0814 9.1658 -16.9214 -1.9467 9.2307 -16.0863 0.7131 0.6889 0.7223 0.7049 0.7132 0.7046
3 16 -2.0814 9.1658 -16.9214 -1.7868 7.875 -16.9214 -1.9467 9.2307 -16.0863 0.7223 0.7049 0.7224 0.7201 0.7132 0.7046
3 16 -1.9467 9.2307 -16.0863 -1.7868 7.875 -16.9214 -1.6373 7.875 -16.0863 0.7132 0.7046 0.7224 0.7201 0.7133 0.7199
3 16 -1.7868 7.875 -16.9214 -2.0814 6.5841 -16.9214 -1.6373 7.875 -16.0863 0.7224 0.7201 0.7225 0.735 0.7133 0.7199
3 16 -1.6373 7.875 -16.0863 -2.0814 6.5841 -16.9214 -1.9467 6.5193 -16.0863 0.7133 0.7199 0.7225 0.735 0.7134 0.7348
3 16 -2.0814 6.5841 -16.9214 -2.907 5.549 -16.9214 -1.9467 6.5193 -16.0863 0.7225 0.735 0.7226 0.7495 0.7134 0.7348
3 16 -1.9467 6.5193 -16.0863 -2.907 5.549 -16.9214 -2.8137 5.4321 -16.0863 0.7134 0.7348 0.7226 0.7495 0.7134 0.7493
3 16 -2.907 5.549 -16.9214 -4.0999 4.9745 -16.9214 -2.8137 5.4321 -16.0863 0.7226 0.7495 0.7226 0.7638 0.7134 0.7493
3 16 -2.8137 5.4321 -16.0863 -4.0999 4.9745 -16.9214 -4.0666 4.8287 -16.0863 0.7134 0.7493 0.7226 0.7638 0.7135 0.7636
3 16 -4.0999 4.9745 -16.9214 -5.424 4.9745 -16.9214 -4.0666 4.8287 -16.0863 0.7226 0.7638 0.7227 0.7782 0.7135 0.7636
3 16 -4.0666 4.8287 -16.0863 -5.424 4.9745 -16.9214 -5.4572 4.8287 -16.0863 0.7135 0.7636 0.7227 0.7782 0.7136 0.7779
3 16 -5.424 4.9745 -16.9214 -6.6169 5.549 -16.9214 -5.4572 4.8287 -16.0863 0.7227 0.7782 0.7228 0.7927 0.7136 0.7779
3 16 -5.4572 4.8287 -16.0863 -6.6169 5.549 -16.9214 -6.7101 5.4321 -16.0863 0.7136 0.7779 0.7228 0.7927 0.7137 0.7929
3 16 -6.6169 5.549 -16.9214 -7.4424 6.5842 -16.9214 -6.7101 5.4321 -16.0863 0.7228 0.7927 0.7229 0.8073 0.7137 0.7929
3 16 -6.7101 5.4321 -16.0863 -7.4424 6.5842 -16.9214 -7.5771 6.5193 -16.0863 0.7137 0.7929 0.7229 0.8073 0.7138 0.8077
3 16 -3.7803 10.6332 -5.5681 -2.9051 10.2018 -5.571 -4.4435 7.6218 -2.4978 0.647 0.9132 0.6271 0.9186 0.6091 0.847
3 16 -4.4435 7.6218 -2.4978 -2.9051 10.2018 -5.571 -3.9071 7.4937 -2.47 0.6091 0.847 0.6271 0.9186 0.5987 0.8512
3 16 -3.2948 6.9999 -2.3624 -3.9071 7.4937 -2.47 -2.0798 9.166 -5.0981 0.5827 0.849 0.5987 0.8512 0.5977 0.911
3 16 -2.0798 9.166 -5.0981 -3.9071 7.4937 -2.47 -2.9051 10.2018 -5.571 0.5977 0.911 0.5987 0.8512 0.6271 0.9186
3 16 -3.7898 6.6117 -2.0569 -3.2948 6.9999 -2.3624 -2.9758 5.575 -3.2634 0.586 0.8363 0.5827 0.849 0.5511 0.8319
3 16 -2.9758 5.575 -3.2634 -3.2948 6.9999 -2.3624 -1.9103 7.4175 -4.9271 0.5511 0.8319 0.5827 0.849 0.5629 0.8923
3 16 -2.9758 5.575 -3.2634 -4.0996 4.9724 -3.2054 -3.7898 6.6117 -2.0569 0.5511 0.8319 0.5614 0.804 0.586 0.8363
3 16 -3.7898 6.6117 -2.0569 -4.0996 4.9724 -3.2054 -4.4215 6.4371 -1.9333 0.586 0.8363 0.5614 0.804 0.5929 0.8263
3 16 -5.4238 4.9723 -3.2767 -5.2006 6.4381 -1.9475 -4.0996 4.9724 -3.2054 0.586 0.7831 0.6033 0.8176 0.5614 0.804
3 16 -4.0996 4.9724 -3.2054 -5.2006 6.4381 -1.9475 -4.4215 6.4371 -1.9333 0.5614 0.804 0.6033 0.8176 0.5929 0.8263
3 16 -6.673 5.574 -3.4081 -5.8966 6.7127 -2.1319 -5.4238 4.9723 -3.2767 0.6179 0.7765 0.6164 0.8135 0.586 0.7831
3 16 -5.4238 4.9723 -3.2767 -5.8966 6.7127 -2.1319 -5.2006 6.4381 -1.9475 0.586 0.7831 0.6164 0.8135 0.6033 0.8176
3 16 -7.6628 7.4185 -4.9138 -6.2564 7.1089 -2.3454 -6.673 5.574 -3.4081 0.6731 0.7991 0.6276 0.8147 0.6179 0.7765
3 16 -6.673 5.574 -3.4081 -6.2564 7.1089 -2.3454 -5.8966 6.7127 -2.1319 0.6179 0.7765 0.6276 0.8147 0.6164 0.8135
3 16 -7.444 9.1658 -5.0979 -6.2564 7.1089 -2.3454 -7.6628 7.4185 -4.9138 0.685 0.8369 0.6276 0.8147 0.6731 0.7991
3 16 -6.6178 10.2023 -5.5708 -5.7423 7.5009 -2.4624 -7.444 9.1658 -5.0979 0.6877 0.8672 0.6266 0.8279 0.685 0.8369
3 16 -7.444 9.1658 -5.0979 -5.7423 7.5009 -2.4624 -6.2564 7.1089 -2.3454 0.685 0.8369 0.6266 0.8279 0.6276 0.8147
3 16 -3.2948 6.9999 -2.3624 -2.0798 9.166 -5.0981 -1.9103 7.4175 -4.9271 0.5827 0.849 0.5977 0.911 0.5629 0.8923
3 16 -3.7898 6.6117 -2.0569 -3.9071 7.4937 -2.47 -3.2948 6.9999 -2.3624 0.586 0.8363 0.5987 0.8512 0.5827 0.849
3 16 -4.4215 6.4371 -1.9333 -4.4435 7.6218 -2.4978 -3.7898 6.6117 -2.0569 0.5929 0.8263 0.6091 0.847 0.586 0.8363
3 16 -3.7898 6.6117 -2.0569 -4.4435 7.6218 -2.4978 -3.9071 7.4937 -2.47 0.586 0.8363 0.6091 0.847 0.5987 0.8512
3 16 -5.2006 6.4381 -1.9475 -5.8966 6.7127 -2.1319 -5.2069 7.6215 -2.4976 0.6033 0.8176 0.6164 0.8135 0.6206 0.8371
3 16 -5.2069 7.6215 -2.4976 -5.8966 6.7127 -2.1319 -5.7423 7.5009 -2.4624 0.6206 0.8371 0.6164 0.8135 0.6266 0.8279
3 16 -4.4435 7.6218 -2.4978 -5.2069 7.6215 -2.4976 -3.7803 10.6332 -5.5681 0.6091 0.847 0.6206 0.8371 0.647 0.9132
3 16 -3.7803 10.6332 -5.5681 -5.2069 7.6215 -2.4976 -5.8787 10.6334 -5.5681 0.647 0.9132 0.6206 0.8371 0.681 0.884
3 16 -5.7423 7.5009 -2.4624 -6.6178 10.2023 -5.5708 -5.2069 7.6215 -2.4976 0.6266 0.8279 0.6877 0.8672 0.6206 0.8371
3 16 -5.2069 7.6215 -2.4976 -6.6178 10.2023 -5.5708 -5.8787 10.6334 -5.5681 0.6206 0.8371 0.6877 0.8672 0.681 0.884
3 16 -7.4424 6.5841 -15.2512 -7.737 7.875 -15.2512 -7.4423 6.5843 -13.0643 0.6126 0.6907 0.6058 0.7041 0.5913 0.68
3 16 -7.4423 6.5843 -13.0643 -7.737 7.875 -15.2512 -7.7369 7.8747 -13.065 0.5913 0.68 0.6058 0.7041 0.5846 0.6933
3 16 -7.737 7.875 -15.2512 -7.4424 9.1658 -15.2512 -7.7369 7.8747 -13.065 0.6058 0.7041 0.5989 0.7178 0.5846 0.6933
3 16 -7.7369 7.8747 -13.065 -7.4424 9.1658 -15.2512 -7.4423 9.1658 -13.0644 0.5846 0.6933 0.5989 0.7178 0.5794 0.708
3 16 -7.4424 9.1658 -15.2512 -6.6162 10.2016 -15.2511 -7.4423 9.1658 -13.0644 0.5989 0.7178 0.591 0.7335 0.5794 0.708
3 16 -7.4423 9.1658 -13.0644 -6.6162 10.2016 -15.2511 -6.6157 10.2019 -13.0643 0.5794 0.708 0.591 0.7335 0.5727 0.7243
3 16 -5.668 10.6777 -15.2509 -5.7533 10.6705 -13.0642 -6.6162 10.2016 -15.2511 0.5842 0.7462 0.5663 0.7322 0.591 0.7335
3 16 -6.6162 10.2016 -15.2511 -5.7533 10.6705 -13.0642 -6.6157 10.2019 -13.0643 0.591 0.7335 0.5663 0.7322 0.5727 0.7243
3 16 -5.668 10.6777 -15.2509 -4.8241 10.8159 -13.0643 -5.7533 10.6705 -13.0642 0.6807 0.5564 0.6557 0.5512 0.6641 0.5469
3 16 -5.668 10.6777 -15.2509 -4.0988 10.7753 -15.251 -4.8241 10.8159 -13.0643 0.6807 0.5564 0.6733 0.571 0.6557 0.5512
3 16 -4.8241 10.8159 -13.0643 -4.0988 10.7753 -15.251 -3.8196 10.651 -13.0646 0.6557 0.5512 0.6733 0.571 0.6488 0.5624
3 16 -4.0988 10.7753 -15.251 -2.9071 10.2011 -15.2512 -3.8196 10.651 -13.0646 0.6733 0.571 0.666 0.5853 0.6488 0.5624
3 16 -3.8196 10.651 -13.0646 -2.9071 10.2011 -15.2512 -2.9077 10.2015 -13.0644 0.6488 0.5624 0.666 0.5853 0.6429 0.5736
3 16 -2.9071 10.2011 -15.2512 -2.0814 9.1659 -15.2512 -2.9077 10.2015 -13.0644 0.666 0.5853 0.6589 0.5994 0.6429 0.5736
3 16 -2.9077 10.2015 -13.0644 -2.0814 9.1659 -15.2512 -2.0819 9.1667 -13.0646 0.6429 0.5736 0.6589 0.5994 0.6362 0.5879
3 16 -1.7868 7.8751 -15.2512 -1.7869 7.8745 -13.0833 -2.0814 9.1659 -15.2512 0.652 0.613 0.6305 0.6021 0.6589 0.5994
3 16 -2.0814 9.1659 -15.2512 -1.7869 7.8745 -13.0833 -2.0819 9.1667 -13.0646 0.6589 0.5994 0.6305 0.6021 0.6362 0.5879
3 16 -1.7868 7.8751 -15.2512 -2.0814 6.5843 -15.2513 -1.7869 7.8745 -13.0833 0.652 0.613 0.6453 0.6262 0.6305 0.6021
3 16 -1.7869 7.8745 -13.0833 -2.0814 6.5843 -15.2513 -2.0812 6.5848 -13.0644 0.6305 0.6021 0.6453 0.6262 0.624 0.6154
3 16 -2.9069 5.549 -15.2514 -2.9546 5.5712 -13.0774 -2.0814 6.5843 -15.2513 0.6387 0.6391 0.6174 0.6288 0.6453 0.6262
3 16 -2.0814 6.5843 -15.2513 -2.9546 5.5712 -13.0774 -2.0812 6.5848 -13.0644 0.6453 0.6262 0.6174 0.6288 0.624 0.6154
3 16 -2.9069 5.549 -15.2514 -4.0999 4.9745 -15.2513 -2.9546 5.5712 -13.0774 0.6387 0.6391 0.6323 0.6519 0.6174 0.6288
3 16 -2.9546 5.5712 -13.0774 -4.0999 4.9745 -15.2513 -4.1002 4.9745 -13.0644 0.6174 0.6288 0.6323 0.6519 0.611 0.6412
3 16 -4.0999 4.9745 -15.2513 -5.4239 4.9745 -15.2512 -4.1002 4.9745 -13.0644 0.6323 0.6519 0.6258 0.6647 0.611 0.6412
3 16 -4.1002 4.9745 -13.0644 -5.4239 4.9745 -15.2512 -5.4239 4.9746 -13.0644 0.611 0.6412 0.6258 0.6647 0.6045 0.654
3 16 -5.4239 4.9745 -15.2512 -6.6168 5.5489 -15.2512 -5.4239 4.9746 -13.0644 0.6258 0.6647 0.6192 0.6777 0.6045 0.654
3 16 -5.4239 4.9746 -13.0644 -6.6168 5.5489 -15.2512 -6.6169 5.5491 -13.0643 0.6045 0.654 0.6192 0.6777 0.5979 0.6669
3 16 -6.6168 5.5489 -15.2512 -7.4424 6.5841 -15.2512 -6.6169 5.5491 -13.0643 0.6192 0.6777 0.6126 0.6907 0.5979 0.6669
3 16 -6.6169 5.5491 -13.0643 -7.4424 6.5841 -15.2512 -7.4423 6.5843 -13.0643 0.5979 0.6669 0.6126 0.6907 0.5913 0.68
3 16 0.0177 -0.8935 6.4407 0.0177 0 5.1336 0.0174 0.8363 6.521 0.9464 0.5445 0.9321 0.5055 0.9705 0.5099
3 16 0.0191 -3.8554 -4.9778 0.0201 -1.9306 -6.0982 0.0177 -2.6347 -4.4459 0.7064 0.4531 0.7098 0.3834 0.7204 0.4442
3 16 0.0177 -2.6347 -4.4459 0.0201 -1.9306 -6.0982 0.0112 -0.9176 -4.9684 0.7204 0.4442 0.7098 0.3834 0.7293 0.3975
3 16 0.0177 0 -5.0483 0.022 0.3243 -7.0047 0.0177 1.0435 -4.9638 0.7416 0.3741 0.7247 0.3324 0.7573 0.3538
3 16 0.0112 -0.9176 -4.9684 0.0201 -1.9306 -6.0982 0.0177 0 -5.0483 0.7293 0.3975 0.7098 0.3834 0.7416 0.3741
3 16 0.0177 0 -5.0483 0.0201 -1.9306 -6.0982 0.022 0.3243 -7.0047 0.7416 0.3741 0.7098 0.3834 0.7247 0.3324
3 16 7.7702 1.0069 -3.7922 7.7628 0.9989 -2.3683 6.0464 1.0015 -4.8731 0.7593 0.0802 0.7431 0.0818 0.7638 0.0567
3 16 6.0464 1.0015 -4.8731 7.7628 0.9989 -2.3683 3.0341 0.9958 -2.3665 0.7638 0.0567 0.7431 0.0818 0.7449 0.0168
3 16 6.0464 1.0015 -4.8731 3.0341 0.9958 -2.3665 4.3337 1.0014 -5.3825 0.7638 0.0567 0.7449 0.0168 0.7676 0.0372
3 16 3.0341 -0.9958 -2.3665 4.3336 -1.0014 -5.3897 3.0294 -1.0014 -5.2638 0.2307 0.8445 0.2593 0.8378 0.2538 0.8504
3 16 3.0341 -0.9958 -2.3665 7.7628 -0.9989 -2.3683 6.0484 -1.0015 -4.8889 0.2307 0.8445 0.2574 0.7892 0.2648 0.8199
3 16 6.0484 -1.0015 -4.8889 7.7628 -0.9989 -2.3683 7.7703 -1.007 -3.8123 0.2648 0.8199 0.2574 0.7892 0.2714 0.7984
3 16 -6.6747 5.5768 -7.8263 -6.6762 5.5743 -12.2615 -7.6628 7.4208 -8.5797 0.0127 0.6549 0.0125 0.6065 0.0357 0.6466
3 16 -7.6628 7.4208 -8.5797 -6.6762 5.5743 -12.2615 -7.6657 7.4208 -12.2617 0.0357 0.6466 0.0125 0.6065 0.0356 0.6064
3 16 -7.4414 9.1678 -12.2502 -7.4414 9.168 -8.6697 -7.6657 7.4208 -12.2617 0.4321 0.0353 0.3896 0.0354 0.432 0.014
3 16 -7.6657 7.4208 -12.2617 -7.4414 9.168 -8.6697 -7.6628 7.4208 -8.5797 0.432 0.014 0.3896 0.0354 0.3885 0.0141
3 16 -6.6154 10.2022 -12.25 -6.6152 10.2023 -8.9058 -7.4414 9.1678 -12.2502 0.4321 0.0512 0.3925 0.0513 0.4321 0.0353
3 16 -7.4414 9.1678 -12.2502 -6.6152 10.2023 -8.9058 -7.4414 9.168 -8.6697 0.4321 0.0353 0.3925 0.0513 0.3896 0.0354
3 16 -5.8793 10.6332 -12.332 -5.8777 10.6318 -8.9412 -6.6154 10.2022 -12.25 0.433 0.0614 0.3929 0.0615 0.4321 0.0512
3 16 -6.6154 10.2022 -12.25 -5.8777 10.6318 -8.9412 -6.6152 10.2023 -8.9058 0.4321 0.0512 0.3929 0.0615 0.3925 0.0513
3 16 -3.7799 10.6368 -12.3539 -3.781 10.6334 -8.9522 -5.8793 10.6332 -12.332 0.0123 0.5942 0.0122 0.5564 0.0358 0.5938
3 16 -5.8793 10.6332 -12.332 -3.781 10.6334 -8.9522 -5.8777 10.6318 -8.9412 0.0358 0.5938 0.0122 0.5564 0.0357 0.5562
3 16 -3.7799 10.6368 -12.3539 -2.9075 10.2014 -12.25 -3.781 10.6334 -8.9522 0.5121 0.0946 0.5004 0.0934 0.5125 0.0544
3 16 -3.781 10.6334 -8.9522 -2.9075 10.2014 -12.25 -2.9077 10.2015 -8.9058 0.5125 0.0544 0.5004 0.0934 0.5008 0.0537
3 16 -2.9075 10.2014 -12.25 -2.0826 9.1683 -11.4893 -2.9077 10.2015 -8.9058 0.5004 0.0934 0.4846 0.0842 0.5008 0.0537
3 16 -2.9077 10.2015 -8.9058 -2.0826 9.1683 -11.4893 -2.0826 9.1683 -8.2893 0.5008 0.0537 0.4846 0.0842 0.485 0.0462
3 16 -1.9072 7.4194 -12.2863 -1.9103 7.4199 -8.5985 -2.0826 9.1683 -11.4893 0.4631 0.0933 0.4635 0.0497 0.4846 0.0842
3 16 -2.0826 9.1683 -11.4893 -1.9103 7.4199 -8.5985 -2.0826 9.1683 -8.2893 0.4846 0.0842 0.4635 0.0497 0.485 0.0462
3 16 -2.9741 5.5778 -7.7662 -1.9103 7.4199 -8.5985 -2.9722 5.5754 -12.2863 0.0699 0.6544 0.0473 0.6456 0.0699 0.6066
3 16 -2.9722 5.5754 -12.2863 -1.9103 7.4199 -8.5985 -1.9072 7.4194 -12.2863 0.0699 0.6066 0.0473 0.6456 0.0472 0.6067
3 16 -2.9722 5.5754 -12.2863 -4.1004 4.9745 -12.25 -2.9741 5.5778 -7.7662 0.5446 0.0147 0.5606 0.0156 0.5444 0.0681
3 16 -2.9741 5.5778 -7.7662 -4.1004 4.9745 -12.25 -4.1003 4.9745 -7.7225 0.5444 0.0681 0.5606 0.0156 0.5601 0.0692
3 16 -5.4238 4.9746 -12.25 -5.4238 4.9746 -7.7583 -4.1004 4.9745 -12.25 0.5769 0.016 0.5762 0.0692 0.5606 0.0156
3 16 -4.1004 4.9745 -12.25 -5.4238 4.9746 -7.7583 -4.1003 4.9745 -7.7225 0.5606 0.0156 0.5762 0.0692 0.5601 0.0692
3 16 -6.6762 5.5743 -12.2615 -6.6747 5.5768 -7.8263 -5.4238 4.9746 -12.25 0.5935 0.0162 0.5928 0.0686 0.5769 0.016
3 16 -5.4238 4.9746 -12.25 -6.6747 5.5768 -7.8263 -5.4238 4.9746 -7.7583 0.5769 0.016 0.5928 0.0686 0.5762 0.0692
3 16 0.0186 9.9074 -0.6126 0.0239 2.6355 -7.7406 0.0241 10.1632 -1.5636 0.9656 0.263 0.7379 0.2835 0.951 0.2475
3 16 0.0177 2.635 -4.4457 0.0239 2.6355 -7.7406 0.0177 4.5618 -2.5674 0.7867 0.3352 0.7379 0.2835 0.841 0.3327
3 16 0.0177 4.5618 -2.5674 0.0239 2.6355 -7.7406 0.0186 9.9074 -0.6126 0.841 0.3327 0.7379 0.2835 0.9656 0.263
3 16 0.0243 4.1676 -8.1976 0.0239 2.6355 -7.7406 -1.1602 2.322 -9.7314 0.6609 0.4099 0.6459 0.4378 0.612 0.4005
3 16 -1.1602 2.322 -9.7314 0.0239 2.6355 -7.7406 -1.1564 1.5076 -8.9525 0.612 0.4005 0.6459 0.4378 0.605 0.4262
3 16 0.0213 6.4472 -19.2618 0.0214 9.3596 -19.2617 0.0242 6.2158 -16.398 0.6059 0.046 0.6397 0.0098 0.6497 0.093
3 16 0.0242 6.2158 -16.398 0.0214 9.3596 -19.2617 0.0243 9.5427 -15.7152 0.6497 0.093 0.6397 0.0098 0.6962 0.0586
3 16 -1.1315 11.7603 -15.4661 0.0243 9.5427 -15.7152 -1.2453 11.6385 -19.268 0.0913 0.0978 0.0402 0.082 0.1146 0.0169
3 16 -1.2453 11.6385 -19.268 0.0243 9.5427 -15.7152 0.0214 9.3596 -19.2617 0.1146 0.0169 0.0402 0.082 0.0581 0.0037
3 16 -1.2453 11.6385 -19.268 -3.4812 12.8334 -19.268 -1.1315 11.7603 -15.4661 0.1146 0.0169 0.1763 0.0281 0.0913 0.0978
3 16 -1.1315 11.7603 -15.4661 -3.4812 12.8334 -19.268 -3.3099 12.9506 -15.2258 0.0913 0.0978 0.1763 0.0281 0.1516 0.1163
3 16 -5.7371 12.9101 -19.2678 -5.723 12.9771 -15.2213 -3.4812 12.8334 -19.268 0.2316 0.0388 0.2078 0.1293 0.1763 0.0281
3 16 -3.4812 12.8334 -19.268 -5.723 12.9771 -15.2213 -3.3099 12.9506 -15.2258 0.1763 0.0281 0.2078 0.1293 0.1516 0.1163
3 16 -7.9438 12.0085 -19.2677 -8.0527 11.9954 -15.4232 -5.7371 12.9101 -19.2678 0.2913 0.0531 0.2671 0.1403 0.2316 0.0388
3 16 -5.7371 12.9101 -19.2678 -8.0527 11.9954 -15.4232 -5.723 12.9771 -15.2213 0.2316 0.0388 0.2671 0.1403 0.2078 0.1293
3 16 -9.3593 10.0949 -19.2677 -9.4144 10.0362 -15.7494 -7.9438 12.0085 -19.2677 0.3483 0.0717 0.3233 0.1508 0.2913 0.0531
3 16 -7.9438 12.0085 -19.2677 -9.4144 10.0362 -15.7494 -8.0527 11.9954 -15.4232 0.2913 0.0531 0.3233 0.1508 0.2671 0.1403
3 16 -9.9082 7.809 -19.2676 -9.886 7.6948 -16.1127 -9.3593 10.0949 -19.2677 0.4016 0.0919 0.3782 0.1629 0.3483 0.0717
3 16 -9.3593 10.0949 -19.2677 -9.886 7.6948 -16.1127 -9.4144 10.0362 -15.7494 0.3483 0.0717 0.3782 0.1629 0.3233 0.1508
3 16 -9.3076 5.5948 -19.268 -9.3108 5.3617 -16.5017 -9.9082 7.809 -19.2676 0.4531 0.1148 0.4333 0.1765 0.4016 0.0919
3 16 -9.9082 7.809 -19.2676 -9.3108 5.3617 -16.5017 -9.886 7.6948 -16.1127 0.4016 0.0919 0.4333 0.1765 0.3782 0.1629
3 16 -7.8692 3.59 -16.7994 -9.3108 5.3617 -16.5017 -7.8469 3.8816 -19.2684 0.4827 0.1895 0.4333 0.1765 0.4982 0.1354
3 16 -7.8469 3.8816 -19.2684 -9.3108 5.3617 -16.5017 -9.3076 5.5948 -19.268 0.4982 0.1354 0.4333 0.1765 0.4531 0.1148
3 16 -5.7384 2.81 -16.901 -7.8692 3.59 -16.7994 -5.7481 3.0356 -19.2685 0.5323 0.2031 0.4827 0.1895 0.5448 0.1527
3 16 -5.7481 3.0356 -19.2685 -7.8692 3.59 -16.7994 -7.8469 3.8816 -19.2684 0.5448 0.1527 0.4827 0.1895 0.4982 0.1354
3 16 -3.3099 2.8982 -16.8814 -5.7384 2.81 -16.901 -3.3102 3.1066 -19.2684 0.5869 0.2156 0.5323 0.2031 0.5982 0.1653
3 16 -3.3102 3.1066 -19.2684 -5.7384 2.81 -16.901 -5.7481 3.0356 -19.2685 0.5982 0.1653 0.5323 0.2031 0.5448 0.1527
3 16 -3.3099 2.8982 -16.8814 -3.3102 3.1066 -19.2684 -1.1076 4.1984 -16.6977 0.5869 0.2156 0.5982 0.1653 0.6405 0.2258
3 16 -1.1076 4.1984 -16.6977 -3.3102 3.1066 -19.2684 -1.0942 4.4404 -19.2682 0.6405 0.2258 0.5982 0.1653 0.6482 0.1699
3 16 0.0213 6.4472 -19.2618 0.0242 6.2158 -16.398 -1.0942 4.4404 -19.2682 0.7003 0.1744 0.6897 0.2356 0.6482 0.1699
3 16 -1.0942 4.4404 -19.2682 0.0242 6.2158 -16.398 -1.1076 4.1984 -16.6977 0.6482 0.1699 0.6897 0.2356 0.6405 0.2258
3 16 -5.7024 13.0563 -10.0004 -5.6921 13.0984 -7.2048 -3.0861 13.0962 -10.0104 0.1788 0.243 0.1683 0.2993 0.1231 0.2333
3 16 -3.0861 13.0962 -10.0104 -5.6921 13.0984 -7.2048 -2.9663 13.1742 -7.2187 0.1231 0.2333 0.1683 0.2993 0.1135 0.2933
3 16 -0.9883 11.9148 -10.5688 -3.0861 13.0962 -10.0104 -0.9113 11.9971 -7.9482 0.0663 0.2115 0.1231 0.2333 0.0582 0.2733
3 16 -0.9113 11.9971 -7.9482 -3.0861 13.0962 -10.0104 -2.9663 13.1742 -7.2187 0.0582 0.2733 0.1231 0.2333 0.1135 0.2933
3 16 0.0243 9.7843 -11.1485 -0.9883 11.9148 -10.5688 0.0244 9.9135 -8.705 0.0156 0.189 0.0663 0.2115 0.0059 0.2509
3 16 0.0244 9.9135 -8.705 -0.9883 11.9148 -10.5688 -0.9113 11.9971 -7.9482 0.0059 0.2509 0.0663 0.2115 0.0582 0.2733
3 16 0.0242 5.9102 -12.7355 0.0243 9.7843 -11.1485 0.0243 5.7472 -10.7765 0.7019 0.156 0.774 0.1198 0.7279 0.1896
3 16 0.0243 5.7472 -10.7765 0.0243 9.7843 -11.1485 0.0244 9.9135 -8.705 0.7279 0.1896 0.774 0.1198 0.8176 0.1512
3 16 -1.1323 3.8855 -13.4309 0.0242 5.9102 -12.7355 -1.1451 3.7191 -11.6855 0.6306 0.3008 0.6808 0.3137 0.6278 0.3425
3 16 -1.1451 3.7191 -11.6855 0.0242 5.9102 -12.7355 0.0243 5.7472 -10.7765 0.6278 0.3425 0.6808 0.3137 0.6814 0.3513
3 16 -1.1451 3.7191 -11.6855 -3.3133 2.4906 -12.2415 -1.1323 3.8855 -13.4309 0.6278 0.3425 0.5675 0.3307 0.6306 0.3008
3 16 -1.1323 3.8855 -13.4309 -3.3133 2.4906 -12.2415 -3.3122 2.6324 -13.857 0.6306 0.3008 0.5675 0.3307 0.5742 0.2876
3 16 -5.7239 2.5219 -13.9026 -3.3122 2.6324 -13.857 -5.7161 2.3684 -12.3016 0.5155 0.275 0.5742 0.2876 0.5055 0.3183
3 16 -5.7161 2.3684 -12.3016 -3.3122 2.6324 -13.857 -3.3133 2.4906 -12.2415 0.5055 0.3183 0.5742 0.2876 0.5675 0.3307
3 16 -7.9063 3.0114 -11.9908 -7.893 3.2127 -13.666 -5.7161 2.3684 -12.3016 0.449 0.3063 0.4614 0.2641 0.5055 0.3183
3 16 -5.7161 2.3684 -12.3016 -7.893 3.2127 -13.666 -5.7239 2.5219 -13.9026 0.5055 0.3183 0.4614 0.2641 0.5155 0.275
3 16 -7.893 3.2127 -13.666 -7.9063 3.0114 -11.9908 -9.3062 5.0577 -12.9757 0.4614 0.2641 0.449 0.3063 0.4075 0.2576
3 16 -9.3062 5.0577 -12.9757 -7.9063 3.0114 -11.9908 -9.3037 4.8951 -11.0892 0.4075 0.2576 0.449 0.3063 0.3921 0.2998
3 16 -9.3062 5.0577 -12.9757 -9.3037 4.8951 -11.0892 -9.8469 7.544 -12.0731 0.4075 0.2576 0.3921 0.2998 0.3466 0.2523
3 16 -9.8469 7.544 -12.0731 -9.3037 4.8951 -11.0892 -9.826 7.4629 -9.9115 0.3466 0.2523 0.3921 0.2998 0.3291 0.2967
3 16 -9.8469 7.544 -12.0731 -9.826 7.4629 -9.9115 -9.4784 9.9548 -11.2285 0.3466 0.2523 0.3291 0.2967 0.2909 0.249
3 16 -9.4784 9.9548 -11.2285 -9.826 7.4629 -9.9115 -9.513 9.9104 -8.8083 0.2909 0.249 0.3291 0.2967 0.2737 0.2964
3 16 -9.4784 9.9548 -11.2285 -9.513 9.9104 -8.8083 -8.1904 11.9705 -10.47 0.2909 0.249 0.2737 0.2964 0.2376 0.2478
3 16 -8.1904 11.9705 -10.47 -9.513 9.9104 -8.8083 -8.2649 11.9565 -7.8175 0.2376 0.2478 0.2737 0.2964 0.2236 0.2991
3 16 -8.1904 11.9705 -10.47 -8.2649 11.9565 -7.8175 -5.7024 13.0563 -10.0004 0.2376 0.2478 0.2236 0.2991 0.1788 0.243
3 16 -5.7024 13.0563 -10.0004 -8.2649 11.9565 -7.8175 -5.6921 13.0984 -7.2048 0.1788 0.243 0.2236 0.2991 0.1683 0.2993
0 STEP
