0 Untitled Model
0 Name: Untitled Model
0 Author: 
0 BFC CERTIFY CCW
3 16 -5.0001 -1.26 8.6603 -5.0001 -8 8.6603 0 -1.26 10.0001
3 16 0 -1.26 10.0001 -5.0001 -8 8.6603 0 -8 10.0001
3 16 0 -1.26 10.0001 0 -1.26 8.8379 -5.0001 -1.26 8.6603
3 16 -5.0001 -1.26 8.6603 0 -1.26 8.8379 -4.4189 -1.26 7.6538
3 16 0 -1.26 8.8379 0 0 8.6083 -4.4189 -1.26 7.6538
3 16 -4.4189 -1.26 7.6538 0 0 8.6083 -4.3042 0 7.455
3 16 0 -8 10.0001 -5.0001 -8 8.6603 0 -8 0
3 16 -8.6603 -1.26 5 -8.6603 -8 5 -5.0001 -1.26 8.6603
3 16 -5.0001 -1.26 8.6603 -8.6603 -8 5 -5.0001 -8 8.6603
3 16 -5.0001 -1.26 8.6603 -4.4189 -1.26 7.6538 -8.6603 -1.26 5
3 16 -8.6603 -1.26 5 -4.4189 -1.26 7.6538 -7.6538 -1.26 4.4189
3 16 -4.4189 -1.26 7.6538 -4.3042 0 7.455 -7.6538 -1.26 4.4189
3 16 -7.6538 -1.26 4.4189 -4.3042 0 7.455 -7.455 0 4.3042
3 16 -5.0001 -8 8.6603 -8.6603 -8 5 0 -8 0
3 16 -10.0001 -1.26 0 -10.0001 -8 0 -8.6603 -1.26 5
3 16 -8.6603 -1.26 5 -10.0001 -8 0 -8.6603 -8 5
3 16 -8.6603 -1.26 5 -7.6538 -1.26 4.4189 -10.0001 -1.26 0
3 16 -10.0001 -1.26 0 -7.6538 -1.26 4.4189 -8.8379 -1.26 0
3 16 -8.6083 0 0 -8.8379 -1.26 0 -7.455 0 4.3042
3 16 -7.455 0 4.3042 -8.8379 -1.26 0 -7.6538 -1.26 4.4189
3 16 -8.6603 -8 5 -10.0001 -8 0 0 -8 0
3 16 8.6603 -1.26 5.0001 8.6603 -8 5.0001 10.0001 -1.26 0
3 16 10.0001 -1.26 0 8.6603 -8 5.0001 10.0001 -8 0
3 16 10.0001 -1.26 0 8.8379 -1.26 0 8.6603 -1.26 5.0001
3 16 8.6603 -1.26 5.0001 8.8379 -1.26 0 7.6538 -1.26 4.4189
3 16 8.8379 -1.26 0 8.6083 0 0 7.6538 -1.26 4.4189
3 16 7.6538 -1.26 4.4189 8.6083 0 0 7.455 0 4.3042
3 16 10.0001 -8 0 8.6603 -8 5.0001 0 -8 0
3 16 5 -1.26 8.6603 5 -8 8.6603 8.6603 -1.26 5.0001
3 16 8.6603 -1.26 5.0001 5 -8 8.6603 8.6603 -8 5.0001
3 16 8.6603 -1.26 5.0001 7.6538 -1.26 4.4189 5 -1.26 8.6603
3 16 5 -1.26 8.6603 7.6538 -1.26 4.4189 4.4189 -1.26 7.6538
3 16 7.6538 -1.26 4.4189 7.455 0 4.3042 4.4189 -1.26 7.6538
3 16 4.4189 -1.26 7.6538 7.455 0 4.3042 4.3042 0 7.455
3 16 8.6603 -8 5.0001 5 -8 8.6603 0 -8 0
3 16 0 -1.26 10.0001 0 -8 10.0001 5 -1.26 8.6603
3 16 5 -1.26 8.6603 0 -8 10.0001 5 -8 8.6603
3 16 5 -1.26 8.6603 4.4189 -1.26 7.6538 0 -1.26 10.0001
3 16 0 -1.26 10.0001 4.4189 -1.26 7.6538 0 -1.26 8.8379
3 16 4.4189 -1.26 7.6538 4.3042 0 7.455 0 -1.26 8.8379
3 16 0 -1.26 8.8379 4.3042 0 7.455 0 0 8.6083
3 16 5 -8 8.6603 0 -8 10.0001 0 -8 0
3 16 0 -8 -10.0001 -5.0001 -8 -8.6603 0 -1.26 -10.0001
3 16 0 -1.26 -10.0001 -5.0001 -8 -8.6603 -5.0001 -1.26 -8.6603
3 16 -4.4189 -1.26 -7.6538 0 -1.26 -8.8379 -5.0001 -1.26 -8.6603
3 16 -5.0001 -1.26 -8.6603 0 -1.26 -8.8379 0 -1.26 -10.0001
3 16 -4.3042 0 -7.455 0 0 -8.6083 -4.4189 -1.26 -7.6538
3 16 -4.4189 -1.26 -7.6538 0 0 -8.6083 0 -1.26 -8.8379
3 16 0 -8 -10.0001 0 -8 0 -5.0001 -8 -8.6603
3 16 -5.0001 -8 -8.6603 -8.6603 -8 -5 -5.0001 -1.26 -8.6603
3 16 -5.0001 -1.26 -8.6603 -8.6603 -8 -5 -8.6603 -1.26 -5
3 16 -7.6538 -1.26 -4.4189 -4.4189 -1.26 -7.6538 -8.6603 -1.26 -5
3 16 -8.6603 -1.26 -5 -4.4189 -1.26 -7.6538 -5.0001 -1.26 -8.6603
3 16 -7.455 0 -4.3042 -4.3042 0 -7.455 -7.6538 -1.26 -4.4189
3 16 -7.6538 -1.26 -4.4189 -4.3042 0 -7.455 -4.4189 -1.26 -7.6538
3 16 -5.0001 -8 -8.6603 0 -8 0 -8.6603 -8 -5
3 16 -8.6603 -8 -5 -10.0001 -8 0 -8.6603 -1.26 -5
3 16 -8.6603 -1.26 -5 -10.0001 -8 0 -10.0001 -1.26 0
3 16 -8.8379 -1.26 0 -7.6538 -1.26 -4.4189 -10.0001 -1.26 0
3 16 -10.0001 -1.26 0 -7.6538 -1.26 -4.4189 -8.6603 -1.26 -5
3 16 -8.6083 0 0 -7.455 0 -4.3042 -8.8379 -1.26 0
3 16 -8.8379 -1.26 0 -7.455 0 -4.3042 -7.6538 -1.26 -4.4189
3 16 -8.6603 -8 -5 0 -8 0 -10.0001 -8 0
3 16 10.0001 -8 0 8.6603 -8 -5.0001 10.0001 -1.26 0
3 16 10.0001 -1.26 0 8.6603 -8 -5.0001 8.6603 -1.26 -5.0001
3 16 7.6538 -1.26 -4.4189 8.8379 -1.26 0 8.6603 -1.26 -5.0001
3 16 8.6603 -1.26 -5.0001 8.8379 -1.26 0 10.0001 -1.26 0
3 16 7.455 0 -4.3042 8.6083 0 0 7.6538 -1.26 -4.4189
3 16 7.6538 -1.26 -4.4189 8.6083 0 0 8.8379 -1.26 0
3 16 10.0001 -8 0 0 -8 0 8.6603 -8 -5.0001
3 16 8.6603 -8 -5.0001 5 -8 -8.6603 8.6603 -1.26 -5.0001
3 16 8.6603 -1.26 -5.0001 5 -8 -8.6603 5 -1.26 -8.6603
3 16 4.4189 -1.26 -7.6538 7.6538 -1.26 -4.4189 5 -1.26 -8.6603
3 16 5 -1.26 -8.6603 7.6538 -1.26 -4.4189 8.6603 -1.26 -5.0001
3 16 4.3042 0 -7.455 7.455 0 -4.3042 4.4189 -1.26 -7.6538
3 16 4.4189 -1.26 -7.6538 7.455 0 -4.3042 7.6538 -1.26 -4.4189
3 16 8.6603 -8 -5.0001 0 -8 0 5 -8 -8.6603
3 16 5 -8 -8.6603 0 -8 -10.0001 5 -1.26 -8.6603
3 16 5 -1.26 -8.6603 0 -8 -10.0001 0 -1.26 -10.0001
3 16 0 -1.26 -8.8379 4.4189 -1.26 -7.6538 0 -1.26 -10.0001
3 16 0 -1.26 -10.0001 4.4189 -1.26 -7.6538 5 -1.26 -8.6603
3 16 0 0 -8.6083 4.3042 0 -7.455 0 -1.26 -8.8379
3 16 0 -1.26 -8.8379 4.3042 0 -7.455 4.4189 -1.26 -7.6538
3 16 5 -8 -8.6603 0 -8 0 0 -8 -10.0001
3 16 0 0 8.6083 0 0 6.2501 -4.3042 0 7.455
3 16 -4.3042 0 7.455 0 0 6.2501 -3.125 0 5.4127
3 16 0 0 6.2501 0 -5.25 6.2501 -3.125 0 5.4127
3 16 -3.125 0 5.4127 0 -5.25 6.2501 -3.125 -5.25 5.4127
3 16 -4.3042 0 7.455 -3.125 0 5.4127 -7.455 0 4.3042
3 16 -7.455 0 4.3042 -3.125 0 5.4127 -5.4127 0 3.125
3 16 -3.125 0 5.4127 -3.125 -5.25 5.4127 -5.4127 0 3.125
3 16 -5.4127 0 3.125 -3.125 -5.25 5.4127 -5.4127 -5.25 3.125
3 16 -7.455 0 4.3042 -5.4127 0 3.125 -8.6083 0 0
3 16 -8.6083 0 0 -5.4127 0 3.125 -6.2501 0 0
3 16 -5.4127 0 3.125 -5.4127 -5.25 3.125 -6.2501 0 0
3 16 -6.2501 0 0 -5.4127 -5.25 3.125 -6.2501 -5.25 0
3 16 8.6083 0 0 6.2501 0 0 7.455 0 4.3042
3 16 7.455 0 4.3042 6.2501 0 0 5.4127 0 3.125
3 16 6.2501 0 0 6.2501 -5.25 0 5.4127 0 3.125
3 16 5.4127 0 3.125 6.2501 -5.25 0 5.4127 -5.25 3.125
3 16 7.455 0 4.3042 5.4127 0 3.125 4.3042 0 7.455
3 16 4.3042 0 7.455 5.4127 0 3.125 3.125 0 5.4127
3 16 5.4127 0 3.125 5.4127 -5.25 3.125 3.125 0 5.4127
3 16 3.125 0 5.4127 5.4127 -5.25 3.125 3.125 -5.25 5.4127
3 16 4.3042 0 7.455 3.125 0 5.4127 0 0 8.6083
3 16 0 0 8.6083 3.125 0 5.4127 0 0 6.2501
3 16 3.125 0 5.4127 3.125 -5.25 5.4127 0 0 6.2501
3 16 0 0 6.2501 3.125 -5.25 5.4127 0 -5.25 6.2501
3 16 -3.125 0 -5.4127 0 0 -6.2501 -4.3042 0 -7.455
3 16 -4.3042 0 -7.455 0 0 -6.2501 0 0 -8.6083
3 16 -3.125 -5.25 -5.4127 0 -5.25 -6.2501 -3.125 0 -5.4127
3 16 -3.125 0 -5.4127 0 -5.25 -6.2501 0 0 -6.2501
3 16 -5.4127 0 -3.125 -3.125 0 -5.4127 -7.455 0 -4.3042
3 16 -7.455 0 -4.3042 -3.125 0 -5.4127 -4.3042 0 -7.455
3 16 -5.4127 -5.25 -3.125 -3.125 -5.25 -5.4127 -5.4127 0 -3.125
3 16 -5.4127 0 -3.125 -3.125 -5.25 -5.4127 -3.125 0 -5.4127
3 16 -6.2501 0 0 -5.4127 0 -3.125 -8.6083 0 0
3 16 -8.6083 0 0 -5.4127 0 -3.125 -7.455 0 -4.3042
3 16 -6.2501 -5.25 0 -5.4127 -5.25 -3.125 -6.2501 0 0
3 16 -6.2501 0 0 -5.4127 -5.25 -3.125 -5.4127 0 -3.125
3 16 5.4127 0 -3.125 6.2501 0 0 7.455 0 -4.3042
3 16 7.455 0 -4.3042 6.2501 0 0 8.6083 0 0
3 16 5.4127 -5.25 -3.125 6.2501 -5.25 0 5.4127 0 -3.125
3 16 5.4127 0 -3.125 6.2501 -5.25 0 6.2501 0 0
3 16 3.125 0 -5.4127 5.4127 0 -3.125 4.3042 0 -7.455
3 16 4.3042 0 -7.455 5.4127 0 -3.125 7.455 0 -4.3042
3 16 3.125 -5.25 -5.4127 5.4127 -5.25 -3.125 3.125 0 -5.4127
3 16 3.125 0 -5.4127 5.4127 -5.25 -3.125 5.4127 0 -3.125
3 16 0 0 -6.2501 3.125 0 -5.4127 0 0 -8.6083
3 16 0 0 -8.6083 3.125 0 -5.4127 4.3042 0 -7.455
3 16 0 -5.25 -6.2501 3.125 -5.25 -5.4127 0 0 -6.2501
3 16 0 0 -6.2501 3.125 -5.25 -5.4127 3.125 0 -5.4127
3 16 -3.125 -5.25 -5.4127 0 -5.25 0 0 -5.25 -6.2501
3 16 -5.4127 -5.25 -3.125 0 -5.25 0 -3.125 -5.25 -5.4127
3 16 -6.2501 -5.25 0 0 -5.25 0 -5.4127 -5.25 -3.125
3 16 5.4127 -5.25 -3.125 0 -5.25 0 6.2501 -5.25 0
3 16 3.125 -5.25 -5.4127 0 -5.25 0 5.4127 -5.25 -3.125
3 16 0 -5.25 -6.2501 0 -5.25 0 3.125 -5.25 -5.4127
3 16 3.125 -5.25 5.4127 0 -5.25 0 0 -5.25 6.2501
3 16 5.4127 -5.25 3.125 0 -5.25 0 3.125 -5.25 5.4127
3 16 6.2501 -5.25 0 0 -5.25 0 5.4127 -5.25 3.125
3 16 -5.4127 -5.25 3.125 0 -5.25 0 -6.2501 -5.25 0
3 16 -3.125 -5.25 5.4127 0 -5.25 0 -5.4127 -5.25 3.125
3 16 0 -5.25 6.2501 0 -5.25 0 -3.125 -5.25 5.4127
2 24 -5.0001 -1.26 8.6603 0 -1.26 10.0001
2 24 -5.0001 -8 8.6603 0 -8 10.0001
2 24 0 -1.26 10.0001 -5.0001 -1.26 8.6603
2 24 0 -1.26 8.8379 -4.4189 -1.26 7.6538
2 24 0 -1.26 8.8379 -4.4189 -1.26 7.6538
2 24 0 0 8.6083 -4.3042 0 7.455
2 24 0 -8 10.0001 -5.0001 -8 8.6603
2 24 -5.0001 -1.26 8.6603 -8.6603 -1.26 5
2 24 -5.0001 -8 8.6603 -8.6603 -8 5
2 24 -5.0001 -1.26 8.6603 -8.6603 -1.26 5
2 24 -4.4189 -1.26 7.6538 -7.6538 -1.26 4.4189
2 24 -4.4189 -1.26 7.6538 -7.6538 -1.26 4.4189
2 24 -4.3042 0 7.455 -7.455 0 4.3042
2 24 -5.0001 -8 8.6603 -8.6603 -8 5
2 24 -8.6603 -1.26 5 -10.0001 -1.26 0
2 24 -8.6603 -8 5 -10.0001 -8 0
2 24 -8.6603 -1.26 5 -10.0001 -1.26 0
2 24 -7.6538 -1.26 4.4189 -8.8379 -1.26 0
2 24 -7.455 0 4.3042 -8.6083 0 0
2 24 -7.6538 -1.26 4.4189 -8.8379 -1.26 0
2 24 -8.6603 -8 5 -10.0001 -8 0
2 24 8.6603 -1.26 5.0001 10.0001 -1.26 0
2 24 8.6603 -8 5.0001 10.0001 -8 0
2 24 10.0001 -1.26 0 8.6603 -1.26 5.0001
2 24 8.8379 -1.26 0 7.6538 -1.26 4.4189
2 24 8.8379 -1.26 0 7.6538 -1.26 4.4189
2 24 8.6083 0 0 7.455 0 4.3042
2 24 10.0001 -8 0 8.6603 -8 5.0001
2 24 8.6603 -1.26 5.0001 5 -1.26 8.6603
2 24 8.6603 -8 5.0001 5 -8 8.6603
2 24 8.6603 -1.26 5.0001 5 -1.26 8.6603
2 24 7.6538 -1.26 4.4189 4.4189 -1.26 7.6538
2 24 7.6538 -1.26 4.4189 4.4189 -1.26 7.6538
2 24 7.455 0 4.3042 4.3042 0 7.455
2 24 8.6603 -8 5.0001 5 -8 8.6603
2 24 0 -1.26 10.0001 5 -1.26 8.6603
2 24 0 -8 10.0001 5 -8 8.6603
2 24 0 -1.26 10.0001 5 -1.26 8.6603
2 24 0 -1.26 8.8379 4.4189 -1.26 7.6538
2 24 0 -1.26 8.8379 4.4189 -1.26 7.6538
2 24 0 0 8.6083 4.3042 0 7.455
2 24 0 -8 10.0001 5 -8 8.6603
2 24 0 -8 -10.0001 -5.0001 -8 -8.6603
2 24 0 -1.26 -10.0001 -5.0001 -1.26 -8.6603
2 24 -4.4189 -1.26 -7.6538 0 -1.26 -8.8379
2 24 -5.0001 -1.26 -8.6603 0 -1.26 -10.0001
2 24 -4.3042 0 -7.455 0 0 -8.6083
2 24 -4.4189 -1.26 -7.6538 0 -1.26 -8.8379
2 24 0 -8 -10.0001 -5.0001 -8 -8.6603
2 24 -5.0001 -8 -8.6603 -8.6603 -8 -5
2 24 -5.0001 -1.26 -8.6603 -8.6603 -1.26 -5
2 24 -4.4189 -1.26 -7.6538 -7.6538 -1.26 -4.4189
2 24 -5.0001 -1.26 -8.6603 -8.6603 -1.26 -5
2 24 -4.3042 0 -7.455 -7.455 0 -4.3042
2 24 -4.4189 -1.26 -7.6538 -7.6538 -1.26 -4.4189
2 24 -5.0001 -8 -8.6603 -8.6603 -8 -5
2 24 -10.0001 -8 0 -8.6603 -8 -5
2 24 -10.0001 -1.26 0 -8.6603 -1.26 -5
2 24 -8.8379 -1.26 0 -7.6538 -1.26 -4.4189
2 24 -10.0001 -1.26 0 -8.6603 -1.26 -5
2 24 -8.6083 0 0 -7.455 0 -4.3042
2 24 -8.8379 -1.26 0 -7.6538 -1.26 -4.4189
2 24 -10.0001 -8 0 -8.6603 -8 -5
2 24 10.0001 -8 0 8.6603 -8 -5.0001
2 24 10.0001 -1.26 0 8.6603 -1.26 -5.0001
2 24 8.8379 -1.26 0 7.6538 -1.26 -4.4189
2 24 10.0001 -1.26 0 8.6603 -1.26 -5.0001
2 24 8.6083 0 0 7.455 0 -4.3042
2 24 8.8379 -1.26 0 7.6538 -1.26 -4.4189
2 24 10.0001 -8 0 8.6603 -8 -5.0001
2 24 8.6603 -8 -5.0001 5 -8 -8.6603
2 24 8.6603 -1.26 -5.0001 5 -1.26 -8.6603
2 24 7.6538 -1.26 -4.4189 4.4189 -1.26 -7.6538
2 24 8.6603 -1.26 -5.0001 5 -1.26 -8.6603
2 24 7.455 0 -4.3042 4.3042 0 -7.455
2 24 7.6538 -1.26 -4.4189 4.4189 -1.26 -7.6538
2 24 8.6603 -8 -5.0001 5 -8 -8.6603
2 24 0 -8 -10.0001 5 -8 -8.6603
2 24 0 -1.26 -10.0001 5 -1.26 -8.6603
2 24 0 -1.26 -8.8379 4.4189 -1.26 -7.6538
2 24 0 -1.26 -10.0001 5 -1.26 -8.6603
2 24 0 0 -8.6083 4.3042 0 -7.455
2 24 0 -1.26 -8.8379 4.4189 -1.26 -7.6538
2 24 0 -8 -10.0001 5 -8 -8.6603
2 24 0 0 8.6083 -4.3042 0 7.455
2 24 0 0 6.2501 -3.125 0 5.4127
2 24 0 0 6.2501 -3.125 0 5.4127
2 24 0 -5.25 6.2501 -3.125 -5.25 5.4127
2 24 -4.3042 0 7.455 -7.455 0 4.3042
2 24 -3.125 0 5.4127 -5.4127 0 3.125
2 24 -3.125 0 5.4127 -5.4127 0 3.125
2 24 -3.125 -5.25 5.4127 -5.4127 -5.25 3.125
2 24 -7.455 0 4.3042 -8.6083 0 0
2 24 -5.4127 0 3.125 -6.2501 0 0
2 24 -5.4127 0 3.125 -6.2501 0 0
2 24 -5.4127 -5.25 3.125 -6.2501 -5.25 0
2 24 8.6083 0 0 7.455 0 4.3042
2 24 6.2501 0 0 5.4127 0 3.125
2 24 6.2501 0 0 5.4127 0 3.125
2 24 6.2501 -5.25 0 5.4127 -5.25 3.125
2 24 7.455 0 4.3042 4.3042 0 7.455
2 24 5.4127 0 3.125 3.125 0 5.4127
2 24 5.4127 0 3.125 3.125 0 5.4127
2 24 5.4127 -5.25 3.125 3.125 -5.25 5.4127
2 24 0 0 8.6083 4.3042 0 7.455
2 24 0 0 6.2501 3.125 0 5.4127
2 24 0 0 6.2501 3.125 0 5.4127
2 24 0 -5.25 6.2501 3.125 -5.25 5.4127
2 24 -3.125 0 -5.4127 0 0 -6.2501
2 24 -4.3042 0 -7.455 0 0 -8.6083
2 24 -3.125 -5.25 -5.4127 0 -5.25 -6.2501
2 24 -3.125 0 -5.4127 0 0 -6.2501
2 24 -3.125 0 -5.4127 -5.4127 0 -3.125
2 24 -4.3042 0 -7.455 -7.455 0 -4.3042
2 24 -3.125 -5.25 -5.4127 -5.4127 -5.25 -3.125
2 24 -3.125 0 -5.4127 -5.4127 0 -3.125
2 24 -6.2501 0 0 -5.4127 0 -3.125
2 24 -8.6083 0 0 -7.455 0 -4.3042
2 24 -6.2501 -5.25 0 -5.4127 -5.25 -3.125
2 24 -6.2501 0 0 -5.4127 0 -3.125
2 24 6.2501 0 0 5.4127 0 -3.125
2 24 8.6083 0 0 7.455 0 -4.3042
2 24 6.2501 -5.25 0 5.4127 -5.25 -3.125
2 24 6.2501 0 0 5.4127 0 -3.125
2 24 5.4127 0 -3.125 3.125 0 -5.4127
2 24 7.455 0 -4.3042 4.3042 0 -7.455
2 24 5.4127 -5.25 -3.125 3.125 -5.25 -5.4127
2 24 5.4127 0 -3.125 3.125 0 -5.4127
2 24 0 0 -6.2501 3.125 0 -5.4127
2 24 0 0 -8.6083 4.3042 0 -7.455
2 24 0 -5.25 -6.2501 3.125 -5.25 -5.4127
2 24 0 0 -6.2501 3.125 0 -5.4127
2 24 -3.125 -5.25 -5.4127 0 -5.25 -6.2501
2 24 -3.125 -5.25 -5.4127 -5.4127 -5.25 -3.125
2 24 -5.4127 -5.25 -3.125 -6.2501 -5.25 0
2 24 5.4127 -5.25 -3.125 6.2501 -5.25 0
2 24 5.4127 -5.25 -3.125 3.125 -5.25 -5.4127
2 24 0 -5.25 -6.2501 3.125 -5.25 -5.4127
2 24 3.125 -5.25 5.4127 0 -5.25 6.2501
2 24 3.125 -5.25 5.4127 5.4127 -5.25 3.125
2 24 6.2501 -5.25 0 5.4127 -5.25 3.125
2 24 -6.2501 -5.25 0 -5.4127 -5.25 3.125
2 24 -5.4127 -5.25 3.125 -3.125 -5.25 5.4127
2 24 0 -5.25 6.2501 -3.125 -5.25 5.4127
2 24 0 -8.025 10.0001 -5.0001 -8.025 8.6603
2 24 -5.0001 -8.025 8.6603 -8.6603 -8.025 5
2 24 -8.6603 -8.025 5 -10.0001 -8.025 0
2 24 10.0001 -8.025 0 8.6603 -8.025 5.0001
2 24 8.6603 -8.025 5.0001 5 -8.025 8.6603
2 24 0 -8.025 10.0001 5 -8.025 8.6603
2 24 0 -8.025 -10.0001 -5.0001 -8.025 -8.6603
2 24 -5.0001 -8.025 -8.6603 -8.6603 -8.025 -5
2 24 -10.0001 -8.025 0 -8.6603 -8.025 -5
2 24 10.0001 -8.025 0 8.6603 -8.025 -5.0001
2 24 8.6603 -8.025 -5.0001 5 -8.025 -8.6603
2 24 0 -8.025 -10.0001 5 -8.025 -8.6603
0 STEP
