0 Untitled Model
0 Name: Untitled Model
0 Author: 
0 BFC CERTIFY CCW
3 16 -8.8625 -2.8213 8.7457 -8.8625 -2.8018 -11.2543 -8.8625 -8 -5.2543
3 16 -8.8625 -8 -5.2543 -8.8625 -2.8018 -11.2543 -8.8625 -8 -11.2543
3 16 9.2764 0 4.2717 9.2804 0 8.7457 9.1548 -2.9814 4.2837
3 16 9.1548 -2.9814 4.2837 9.2804 0 8.7457 9.1567 -3.0325 8.7457
3 16 8.6564 -15.2911 8.7457 8.6533 -15.2703 4.328 9.1567 -3.0325 8.7457
3 16 9.1567 -3.0325 8.7457 8.6533 -15.2703 4.328 9.1548 -2.9814 4.2837
3 16 9.1483 -2.8007 -11.2543 8.9361 -7.9998 -11.2543 -8.8625 -2.8018 -11.2543
3 16 -8.8625 -2.8018 -11.2543 8.9361 -7.9998 -11.2543 -8.8625 -8 -11.2543
3 16 -8.8625 -8 -11.2543 8.9361 -7.9998 -11.2543 -8.8625 -8 -5.2543
3 16 -8.8625 -8 -5.2543 8.9361 -7.9998 -11.2543 8.9414 -8.0001 -5.2543
3 16 8.9414 -8.0001 -5.2543 8.6465 -15.2253 -5.2543 -8.8625 -8 -5.2543
3 16 -8.8625 -8 -5.2543 8.6465 -15.2253 -5.2543 -8.8625 -15.1897 -5.2543
3 16 -8.8625 -15.2998 8.7457 -6.013 -11.6176 8.7454 -6.1804 -10.0144 8.7454
3 16 -6.1804 -10.0144 8.7454 -6.013 -8.3824 8.7454 -8.8625 -2.8213 8.7457
3 16 -5.3886 -6.875 8.7453 -4.3954 -5.5806 8.7452 -8.8625 -2.8213 8.7457
3 16 -3.101 -4.5874 8.745 -1.5936 -3.963 8.7449 -8.8625 -2.8213 8.7457
3 16 3.149 -4.5874 8.7444 4.4435 -5.5806 8.7443 9.1567 -3.0325 8.7457
3 16 5.4368 -6.875 8.7441 6.0611 -8.3824 8.7441 9.1567 -3.0325 8.7457
3 16 6.1804 -10 8.7457 8.6564 -15.2911 8.7457 9.1567 -3.0325 8.7457
3 16 -8.8625 -15.2998 8.7457 -6.1804 -10.0144 8.7454 -8.8625 -2.8213 8.7457
3 16 8.6564 -15.2911 8.7457 6.0611 -11.6176 8.7457 5.4367 -13.125 8.7457
3 16 3.149 -15.4126 8.7444 4.4435 -14.4194 8.7443 3.149 -15.4126 6.3749
3 16 3.149 -15.4126 6.3749 4.4435 -14.4194 8.7443 4.4435 -14.4194 6.3747
3 16 0.024 -16.2499 8.7447 1.6417 -16.037 8.7445 0.024 -16.2499 6.3752
3 16 0.024 -16.2499 6.3752 1.6417 -16.037 8.7445 1.6417 -16.037 6.375
3 16 -3.101 -15.4126 8.745 -1.5936 -16.037 8.7449 -3.101 -15.4126 6.3755
3 16 -3.101 -15.4126 6.3755 -1.5936 -16.037 8.7449 -1.5936 -16.037 6.3754
3 16 -6.013 -11.6176 8.7454 -6.013 -11.6176 6.3758 -6.1804 -10.0144 8.7454
3 16 -6.1804 -10.0144 8.7454 -6.013 -11.6176 6.3758 -6.2036 -10.0144 6.3547
3 16 -6.013 -8.3824 8.7454 -6.1804 -10.0144 8.7454 -6.013 -8.3824 6.3758
3 16 -6.013 -8.3824 6.3758 -6.1804 -10.0144 8.7454 -6.2036 -10.0144 6.3547
3 16 -4.3954 -5.5806 6.3757 -4.3954 -5.5806 8.7452 -5.3886 -6.875 6.3758
3 16 -5.3886 -6.875 6.3758 -4.3954 -5.5806 8.7452 -5.3886 -6.875 8.7453
3 16 -1.5936 -3.963 6.3754 -1.5936 -3.963 8.7449 -3.101 -4.5874 6.3755
3 16 -3.101 -4.5874 6.3755 -1.5936 -3.963 8.7449 -3.101 -4.5874 8.745
3 16 1.6417 -3.963 6.375 1.6417 -3.963 8.7445 0.024 -3.7501 6.3752
3 16 0.024 -3.7501 6.3752 1.6417 -3.963 8.7445 0.024 -3.7501 8.7447
3 16 4.4435 -5.5806 6.3747 4.4435 -5.5806 8.7443 3.149 -4.5874 6.3749
3 16 3.149 -4.5874 6.3749 4.4435 -5.5806 8.7443 3.149 -4.5874 8.7444
3 16 6.0611 -8.3824 6.3746 6.0611 -8.3824 8.7441 5.4366 -6.875 6.3746
3 16 5.4366 -6.875 6.3746 6.0611 -8.3824 8.7441 5.4368 -6.875 8.7441
3 16 5.4367 -13.125 8.7457 6.0611 -11.6176 8.7457 5.4367 -13.125 6.3746
3 16 5.4367 -13.125 6.3746 6.0611 -11.6176 8.7457 6.0611 -11.6176 6.3746
3 16 -5.3886 -13.125 8.7453 -4.3954 -14.4194 8.7452 -5.3886 -13.125 6.3758
3 16 -5.3886 -13.125 6.3758 -4.3954 -14.4194 8.7452 -4.3954 -14.4194 6.3757
3 16 9.2804 0 8.7457 9.2764 0 4.2717 6.25 0 6.3074
3 16 -8.8625 0 8.7457 -8.8625 0 -11.2543 -8.8625 -2.8213 8.7457
3 16 -8.8625 -2.8213 8.7457 -8.8625 0 -11.2543 -8.8625 -2.8018 -11.2543
3 16 9.2626 0 -11.2543 -8.8625 0 -11.2543 6.25 0 -7.5043
3 16 6.25 0 -7.5043 -8.8625 0 -11.2543 -6.25 0 -7.5043
3 16 9.2804 0 8.7457 6.25 0 6.3074 -8.8625 0 8.7457
3 16 -8.8625 0 8.7457 6.25 0 6.3074 -6.25 0 6.3074
3 16 6.25 0 -7.5043 -6.25 0 -7.5043 6.25 -5.25 -7.5043
3 16 6.25 -5.25 -7.5043 -6.25 0 -7.5043 -6.25 -5.25 -7.5043
3 16 -6.25 -5.25 -3.0043 6.25 -5.25 -3.0043 -6.25 -5.25 -7.5043
3 16 -6.25 -5.25 -7.5043 6.25 -5.25 -3.0043 6.25 -5.25 -7.5043
3 16 -6.25 -18.6199 -3.0043 6.25 -18.6199 -3.0043 -6.25 -5.25 -3.0043
3 16 -6.25 -5.25 -3.0043 6.25 -18.6199 -3.0043 6.25 -5.25 -3.0043
3 16 -6.25 -18.3652 6.3074 -0.227 -18.3746 6.3074 -6.25 -18.6199 -3.0043
3 16 -6.25 -18.6199 -3.0043 -0.227 -18.3746 6.3074 6.25 -18.6199 -3.0043
3 16 -6.25 0 6.3074 -3.101 -4.5874 6.3755 -4.3954 -5.5806 6.3757
3 16 1.6417 -3.963 6.375 6.25 0 6.3074 3.149 -4.5874 6.3749
3 16 0.024 -3.7501 6.3752 -6.25 0 6.3074 6.25 0 6.3074
3 16 -6.25 0 6.3074 -1.5936 -3.963 6.3754 -3.101 -4.5874 6.3755
3 16 -6.25 -10.0144 6.3547 -6.25 -5.25 -3.0043 -6.25 0 6.3074
3 16 -6.25 0 6.3074 -6.25 -5.25 -3.0043 -6.25 0 -7.5043
3 16 -6.25 0 -7.5043 -6.25 -5.25 -3.0043 -6.25 -5.25 -7.5043
3 16 -6.25 -10.0144 6.3547 -6.2036 -10.0144 6.3547 -6.25 -18.3652 6.3074
3 16 -6.25 -18.3652 6.3074 -6.2036 -10.0144 6.3547 -6.013 -11.6176 6.3758
3 16 -6.25 -18.3652 6.3074 -6.25 -18.6199 -3.0043 -6.25 -10.0144 6.3547
3 16 -6.25 -10.0144 6.3547 -6.25 -18.6199 -3.0043 -6.25 -5.25 -3.0043
3 16 6.0181 -18.3843 6.3752 5.4367 -13.125 6.3746 6.0611 -11.6176 6.3746
3 16 6.25 -5.25 -3.0043 6.25 0 6.3074 6.25 0 0.0131
3 16 6.1804 -10 6.3074 6.0611 -8.3824 6.3746 6.25 -10 6.3074
3 16 6.25 0 6.3074 6.25 -10 6.3074 6.0611 -8.3824 6.3746
3 16 -4.3954 -14.4194 6.3757 -6.25 -18.3652 6.3074 -5.3886 -13.125 6.3758
3 16 6.0181 -18.3843 6.3752 3.149 -15.4126 6.3749 4.4435 -14.4194 6.3747
3 16 -1.5936 -16.037 6.3754 -6.25 -18.3652 6.3074 -3.101 -15.4126 6.3755
3 16 6.0181 -18.3843 6.3752 1.6417 -16.037 6.375 3.149 -15.4126 6.3749
3 16 6.25 -18.6199 -3.0043 -0.227 -18.3746 6.3074 6.0181 -18.3843 6.3752
3 16 6.25 0 6.3074 5.4366 -6.875 6.3746 4.4435 -5.5806 6.3747
3 16 -6.25 0 6.3074 -5.3886 -6.875 6.3758 -6.013 -8.3824 6.3758
3 16 5.4367 -13.125 8.7457 6.2054 -15.3163 8.7457 8.6564 -15.2911 8.7457
3 16 2.4601 -17.7942 8.7445 1.6417 -16.037 8.7445 0.089 -18.1882 8.7457
3 16 0.089 -18.1882 8.7457 1.6417 -16.037 8.7445 0.024 -16.2499 8.7447
3 16 -1.5936 -16.037 8.7449 -3.101 -15.4126 8.745 -2.3662 -17.7942 8.7449
3 16 -2.3662 -17.7942 8.7449 -3.101 -15.4126 8.745 -4.2813 -16.8595 8.7451
3 16 -6.1055 -15.2676 8.7457 -4.3954 -14.4194 8.7452 -5.3886 -13.125 8.7453
3 16 -6.1055 -15.2676 8.7457 -5.3886 -13.125 8.7453 -8.8625 -15.2998 8.7457
3 16 6.2054 -15.3163 8.7457 4.4435 -14.4194 8.7443 4.4241 -16.8595 8.7443
3 16 4.4241 -16.8595 8.7443 4.4435 -14.4194 8.7443 3.149 -15.4126 8.7444
3 16 9.153 -2.9324 0.0608 9.1548 -2.9814 4.2837 8.6503 -15.2502 0.0394
3 16 8.6503 -15.2502 0.0394 9.1548 -2.9814 4.2837 8.6533 -15.2703 4.328
3 16 6.25 0 6.3074 9.2764 0 4.2717 6.25 0 0.0131
3 16 6.25 0 0.0131 9.2764 0 4.2717 9.2727 0 0.0656
3 16 9.153 -2.9324 0.0608 8.6503 -15.2502 0.0394 8.9414 -8.0001 -5.2543
3 16 8.9414 -8.0001 -5.2543 8.6503 -15.2502 0.0394 8.6465 -15.2253 -5.2543
3 16 6.25 0 0.0131 9.2727 0 0.0656 6.25 0 -7.5043
3 16 6.25 0 -7.5043 9.2727 0 0.0656 9.2626 0 -11.2543
3 16 6.25 0 0.0131 6.25 0 -7.5043 6.25 -5.25 -3.0043
3 16 6.25 -5.25 -3.0043 6.25 0 -7.5043 6.25 -5.25 -7.5043
3 16 9.153 -2.9324 0.0608 9.1483 -2.8007 -11.2543 9.2727 0 0.0656
3 16 9.2727 0 0.0656 9.1483 -2.8007 -11.2543 9.2626 0 -11.2543
3 16 9.2727 0 0.0656 9.2764 0 4.2717 9.153 -2.9324 0.0608
3 16 9.153 -2.9324 0.0608 9.2764 0 4.2717 9.1548 -2.9814 4.2837
3 16 -8.8625 -2.8213 8.7457 9.1567 -3.0325 8.7457 -8.8625 0 8.7457
3 16 -8.8625 0 8.7457 9.1567 -3.0325 8.7457 9.2804 0 8.7457
3 16 9.2626 0 -11.2543 9.1483 -2.8007 -11.2543 -8.8625 0 -11.2543
3 16 -8.8625 0 -11.2543 9.1483 -2.8007 -11.2543 -8.8625 -2.8018 -11.2543
3 16 8.9361 -7.9998 -11.2543 9.1483 -2.8007 -11.2543 8.9414 -8.0001 -5.2543
3 16 8.9414 -8.0001 -5.2543 9.1483 -2.8007 -11.2543 9.153 -2.9324 0.0608
3 16 -8.8625 -2.8213 8.7457 -8.8625 -8 -5.2543 -8.8625 -15.2998 8.7457
3 16 -8.8625 -15.2998 8.7457 -8.8625 -8 -5.2543 -8.8625 -15.1897 -5.2543
3 16 -6.25 0 6.3074 -6.25 0 -7.5043 -8.8625 0 8.7457
3 16 -8.8625 0 8.7457 -6.25 0 -7.5043 -8.8625 0 -11.2543
3 16 6.1804 -10 8.7457 6.0611 -11.6176 8.7457 8.6564 -15.2911 8.7457
3 16 6.0611 -11.6176 8.7457 6.1804 -10 8.7457 6.0611 -11.6176 6.3746
3 16 6.0611 -11.6176 6.3746 6.1804 -10 8.7457 6.1804 -10 6.3074
3 16 6.1804 -10 6.3074 6.25 -10 6.3074 6.0611 -11.6176 6.3746
3 16 6.0181 -18.3843 6.3752 6.0611 -11.6176 6.3746 6.25 -10 6.3074
3 16 4.4435 -14.4194 8.7443 6.2054 -15.3163 8.7457 5.4367 -13.125 8.7457
3 16 4.4435 -14.4194 6.3747 4.4435 -14.4194 8.7443 5.4367 -13.125 6.3746
3 16 5.4367 -13.125 6.3746 4.4435 -14.4194 8.7443 5.4367 -13.125 8.7457
3 16 1.6417 -16.037 8.7445 2.4601 -17.7942 8.7445 3.149 -15.4126 8.7444
3 16 3.149 -15.4126 8.7444 2.4601 -17.7942 8.7445 4.4241 -16.8595 8.7443
3 16 1.6417 -16.037 6.375 1.6417 -16.037 8.7445 3.149 -15.4126 6.3749
3 16 3.149 -15.4126 6.3749 1.6417 -16.037 8.7445 3.149 -15.4126 8.7444
3 16 0.024 -16.2499 8.7447 -1.5936 -16.037 8.7449 0.089 -18.1882 8.7457
3 16 0.089 -18.1882 8.7457 -1.5936 -16.037 8.7449 -2.3662 -17.7942 8.7449
3 16 -1.5936 -16.037 6.3754 -1.5936 -16.037 8.7449 0.024 -16.2499 6.3752
3 16 0.024 -16.2499 6.3752 -1.5936 -16.037 8.7449 0.024 -16.2499 8.7447
3 16 -3.101 -15.4126 8.745 -4.3954 -14.4194 8.7452 -4.2813 -16.8595 8.7451
3 16 -4.2813 -16.8595 8.7451 -4.3954 -14.4194 8.7452 -6.1055 -15.2676 8.7457
3 16 -4.3954 -14.4194 6.3757 -4.3954 -14.4194 8.7452 -3.101 -15.4126 6.3755
3 16 -3.101 -15.4126 6.3755 -4.3954 -14.4194 8.7452 -3.101 -15.4126 8.745
3 16 -5.3886 -13.125 8.7453 -6.013 -11.6176 8.7454 -8.8625 -15.2998 8.7457
3 16 -6.013 -11.6176 6.3758 -6.013 -11.6176 8.7454 -5.3886 -13.125 6.3758
3 16 -5.3886 -13.125 6.3758 -6.013 -11.6176 8.7454 -5.3886 -13.125 8.7453
3 16 -5.3886 -6.875 8.7453 -6.013 -8.3824 8.7454 -5.3886 -6.875 6.3758
3 16 -5.3886 -6.875 6.3758 -6.013 -8.3824 8.7454 -6.013 -8.3824 6.3758
3 16 -8.8625 -2.8213 8.7457 -6.013 -8.3824 8.7454 -5.3886 -6.875 8.7453
3 16 -3.101 -4.5874 8.745 -4.3954 -5.5806 8.7452 -3.101 -4.5874 6.3755
3 16 -3.101 -4.5874 6.3755 -4.3954 -5.5806 8.7452 -4.3954 -5.5806 6.3757
3 16 -8.8625 -2.8213 8.7457 -4.3954 -5.5806 8.7452 -3.101 -4.5874 8.745
3 16 0.024 -3.7501 8.7447 -1.5936 -3.963 8.7449 0.024 -3.7501 6.3752
3 16 0.024 -3.7501 6.3752 -1.5936 -3.963 8.7449 -1.5936 -3.963 6.3754
3 16 -8.8625 -2.8213 8.7457 -1.5936 -3.963 8.7449 0.024 -3.7501 8.7447
3 16 -8.8625 -2.8213 8.7457 0.024 -3.7501 8.7447 9.1567 -3.0325 8.7457
3 16 9.1567 -3.0325 8.7457 0.024 -3.7501 8.7447 1.6417 -3.963 8.7445
3 16 3.149 -4.5874 8.7444 1.6417 -3.963 8.7445 3.149 -4.5874 6.3749
3 16 3.149 -4.5874 6.3749 1.6417 -3.963 8.7445 1.6417 -3.963 6.375
3 16 9.1567 -3.0325 8.7457 1.6417 -3.963 8.7445 3.149 -4.5874 8.7444
3 16 5.4368 -6.875 8.7441 4.4435 -5.5806 8.7443 5.4366 -6.875 6.3746
3 16 5.4366 -6.875 6.3746 4.4435 -5.5806 8.7443 4.4435 -5.5806 6.3747
3 16 9.1567 -3.0325 8.7457 4.4435 -5.5806 8.7443 5.4368 -6.875 8.7441
3 16 6.0611 -8.3824 8.7441 6.0611 -8.3824 6.3746 6.1804 -10 8.7457
3 16 6.1804 -10 8.7457 6.0611 -8.3824 6.3746 6.1804 -10 6.3074
3 16 9.1567 -3.0325 8.7457 6.0611 -8.3824 8.7441 6.1804 -10 8.7457
3 16 0.024 -3.7501 6.3752 6.25 0 6.3074 1.6417 -3.963 6.375
3 16 6.25 0 6.3074 4.4435 -5.5806 6.3747 3.149 -4.5874 6.3749
3 16 6.25 0 6.3074 6.0611 -8.3824 6.3746 5.4366 -6.875 6.3746
3 16 6.25 -5.25 -3.0043 6.25 -10 6.3074 6.25 0 6.3074
3 16 6.0181 -18.3843 6.3752 6.25 -10 6.3074 6.25 -18.6199 -3.0043
3 16 6.25 -18.6199 -3.0043 6.25 -10 6.3074 6.25 -5.25 -3.0043
3 16 6.0181 -18.3843 6.3752 4.4435 -14.4194 6.3747 5.4367 -13.125 6.3746
3 16 0.024 -16.2499 6.3752 1.6417 -16.037 6.375 -0.227 -18.3746 6.3074
3 16 -0.227 -18.3746 6.3074 1.6417 -16.037 6.375 6.0181 -18.3843 6.3752
3 16 0.024 -16.2499 6.3752 -0.227 -18.3746 6.3074 -1.5936 -16.037 6.3754
3 16 -1.5936 -16.037 6.3754 -0.227 -18.3746 6.3074 -6.25 -18.3652 6.3074
3 16 -3.101 -15.4126 6.3755 -6.25 -18.3652 6.3074 -4.3954 -14.4194 6.3757
3 16 -6.25 -18.3652 6.3074 -6.013 -11.6176 6.3758 -5.3886 -13.125 6.3758
3 16 -6.25 -10.0144 6.3547 -6.25 0 6.3074 -6.2036 -10.0144 6.3547
3 16 -6.25 0 6.3074 -6.013 -8.3824 6.3758 -6.2036 -10.0144 6.3547
3 16 -6.25 0 6.3074 -4.3954 -5.5806 6.3757 -5.3886 -6.875 6.3758
3 16 0.024 -3.7501 6.3752 -1.5936 -3.963 6.3754 -6.25 0 6.3074
3 16 8.4177 -21.0441 4.3475 8.4208 -21.0634 8.7457 8.3137 -23.5905 4.3514
3 16 8.3137 -23.5905 4.3514 8.4208 -21.0634 8.7457 8.3168 -23.6125 8.7457
3 16 8.1278 -28.0516 0.0053 8.1232 -28.0569 -4.8856 8.3107 -23.5688 0.0177
3 16 8.3107 -23.5688 0.0177 8.1232 -28.0569 -4.8856 8.3077 -23.5313 -5.1405
3 16 8.1317 -28.0514 4.3888 8.1278 -28.0516 0.0053 8.3137 -23.5905 4.3514
3 16 8.3137 -23.5905 4.3514 8.1278 -28.0516 0.0053 8.3107 -23.5688 0.0177
3 16 8.1433 -28.0429 8.7457 8.1317 -28.0514 4.3888 8.3168 -23.6125 8.7457
3 16 8.3168 -23.6125 8.7457 8.1317 -28.0514 4.3888 8.3137 -23.5905 4.3514
3 16 -8.0228 -36.9083 0.0019 -8.023 -31.527 -0.0043 -8.023 -35.7094 -4.4404
3 16 -8.023 -35.7094 -4.4404 -8.023 -31.527 -0.0043 -8.023 -30.4929 -2.5033
3 16 -8.0228 -36.9083 0.0019 -8.0226 -35.7094 4.4404 -8.023 -31.527 -0.0043
3 16 -8.023 -31.527 -0.0043 -8.0226 -35.7094 4.4404 -8.023 -30.4864 2.4947
3 16 -8.0226 -35.7094 4.4404 -8.0229 -33.5464 7.3428 -8.023 -30.4864 2.4947
3 16 -8.023 -30.4864 2.4947 -8.0229 -33.5464 7.3428 -8.023 -27.9963 3.5298
3 16 -8.023 -32.0564 8.0614 -8.023 -27.9963 3.5298 -8.0229 -33.5464 7.3428
3 16 -8.023 -28.0426 8.7457 -8.023 -27.9963 3.5298 -8.023 -30.1312 8.5941
3 16 -8.023 -26.0452 8.522 -8.023 -27.9963 3.5298 -8.023 -28.0426 8.7457
3 16 -8.023 -25.5034 2.4947 -8.023 -27.9963 3.5298 -8.023 -24.7388 8.0631
3 16 -8.023 -24.7388 8.0631 -8.023 -27.9963 3.5298 -8.023 -26.0452 8.522
3 16 -8.023 -19.2041 -0.2199 -8.023 -24.4682 -0.0043 -8.023 -19.8982 3.2016
3 16 -8.023 -19.8982 3.2016 -8.023 -24.4682 -0.0043 -8.023 -25.5034 2.4947
3 16 -8.023 -19.8982 3.2016 -8.023 -25.5034 2.4947 -8.023 -21.8301 6.1197
3 16 -8.023 -19.2041 -0.2199 -8.023 -19.8866 -3.651 -8.023 -24.4682 -0.0043
3 16 -8.023 -24.4682 -0.0043 -8.023 -19.8866 -3.651 -8.023 -25.5034 -2.5033
3 16 -8.023 -20.9673 -5.2543 -8.023 -25.5034 -2.5033 -8.023 -19.8866 -3.651
3 16 -8.023 -25.5034 -2.5033 -8.023 -20.9673 -5.2543 -8.023 -23.5051 -7.857
3 16 -8.023 -28.0536 -9.0589 -8.023 -28.002 -3.5384 -8.023 -23.5051 -7.857
3 16 -8.023 -23.5051 -7.857 -8.023 -28.002 -3.5384 -8.023 -25.5034 -2.5033
3 16 -8.023 -28.0536 -9.0589 -8.023 -32.4793 -7.9489 -8.023 -28.002 -3.5384
3 16 -8.023 -28.002 -3.5384 -8.023 -32.4793 -7.9489 -8.023 -30.4929 -2.5033
3 16 -8.023 -35.7094 -4.4404 -8.023 -30.4929 -2.5033 -8.023 -32.4793 -7.9489
3 16 -8.8625 -19.8866 -3.651 -8.8625 -20.9674 -5.2543 -8.023 -19.8866 -3.651
3 16 -8.023 -19.8866 -3.651 -8.8625 -20.9674 -5.2543 -8.023 -20.9673 -5.2543
3 16 -8.023 -19.8866 -3.651 -8.023 -19.2041 -0.2199 -8.8625 -19.8866 -3.651
3 16 -8.8625 -19.8866 -3.651 -8.023 -19.2041 -0.2199 -8.8625 -19.2041 -0.2199
3 16 -8.023 -19.8982 3.2016 -8.8625 -19.8751 3.2016 -8.023 -19.2041 -0.2199
3 16 -8.023 -19.2041 -0.2199 -8.8625 -19.8751 3.2016 -8.8625 -19.2041 -0.2199
3 16 -8.023 -21.8301 6.1197 -8.8625 -21.8301 6.1197 -8.023 -19.8982 3.2016
3 16 -8.023 -19.8982 3.2016 -8.8625 -21.8301 6.1197 -8.8625 -19.8751 3.2016
3 16 -8.023 -28.0426 8.7457 -8.023 -26.005 8.7457 -8.023 -26.0452 8.522
3 16 -8.8625 -26.0454 8.522 -8.023 -26.0452 8.522 -8.8625 -26.0051 8.7457
3 16 -8.8625 -26.0051 8.7457 -8.023 -26.0452 8.522 -8.023 -26.005 8.7457
3 16 -8.023 -24.7388 8.0631 -8.023 -26.0452 8.522 -8.8625 -24.7388 8.0631
3 16 -8.8625 -24.7388 8.0631 -8.023 -26.0452 8.522 -8.8625 -26.0454 8.522
3 16 -8.8625 -21.8301 6.1197 -8.8625 -21.1279 8.7457 -8.8625 -19.8751 3.2016
3 16 -8.8625 -19.8751 3.2016 -8.8625 -21.1279 8.7457 -8.8625 -15.2998 8.7457
3 16 -8.8625 -19.2041 -0.2199 -8.8625 -19.8751 3.2016 -8.8625 -15.1897 -5.2543
3 16 -8.8625 -15.1897 -5.2543 -8.8625 -19.8751 3.2016 -8.8625 -15.2998 8.7457
3 16 -8.8625 -15.1897 -5.2543 -8.8625 -19.8866 -3.651 -8.8625 -19.2041 -0.2199
3 16 -8.8625 -19.8866 -3.651 -8.8625 -15.1897 -5.2543 -8.8625 -20.3914 -5.2543
3 16 -8.023 -20.9673 -5.2543 -8.023 -20.3906 -5.2543 8.4108 -21.0019 -5.2552
3 16 8.4108 -21.0019 -5.2552 -8.023 -20.3906 -5.2543 8.4349 -20.41 -5.2551
3 16 8.4108 -21.0019 -5.2552 8.3063 -23.5055 -7.8571 -8.023 -20.9673 -5.2543
3 16 -8.023 -20.9673 -5.2543 8.3063 -23.5055 -7.8571 -8.023 -23.5051 -7.857
3 16 -8.0228 -36.9083 0.0019 7.7663 -36.9086 0.0019 -8.0226 -35.7094 4.4404
3 16 -8.0226 -35.7094 4.4404 7.7663 -36.9086 0.0019 7.8192 -35.71 4.4403
3 16 7.8113 -35.7099 -4.4404 7.7663 -36.9086 0.0019 -8.023 -35.7094 -4.4404
3 16 -8.023 -35.7094 -4.4404 7.7663 -36.9086 0.0019 -8.0228 -36.9083 0.0019
3 16 -8.023 -32.4793 -7.9489 -8.023 -28.0536 -9.0589 7.94 -32.4788 -7.9488
3 16 7.94 -32.4788 -7.9488 -8.023 -28.0536 -9.0589 8.1195 -28.0561 -9.059
3 16 -8.023 -35.7094 -4.4404 -8.023 -32.4793 -7.9489 7.8113 -35.7099 -4.4404
3 16 7.8113 -35.7099 -4.4404 -8.023 -32.4793 -7.9489 7.94 -32.4788 -7.9488
3 16 -8.023 -28.0536 -9.0589 -8.023 -23.5051 -7.857 8.1195 -28.0561 -9.059
3 16 8.1195 -28.0561 -9.059 -8.023 -23.5051 -7.857 8.3063 -23.5055 -7.8571
3 16 -8.023 -20.3906 -5.2543 -8.8625 -20.3914 -5.2543 -8.8625 -15.1897 -5.2543
3 16 -8.8625 -21.1279 8.7457 -8.023 -26.005 8.7457 -4.464 -26.0194 8.7457
3 16 -4.464 -26.0194 8.7457 -8.023 -26.005 8.7457 -5.4573 -27.3138 8.7457
3 16 -8.023 -30.4929 -2.5033 -8.023 -31.527 -0.0043 -2.6848 -30.4929 -2.5033
3 16 -2.6848 -30.4929 -2.5033 -8.023 -31.527 -0.0043 -2.6848 -31.527 -0.0043
3 16 -8.023 -31.527 -0.0043 -8.023 -30.4864 2.4947 -2.6848 -31.527 -0.0043
3 16 -2.6848 -31.527 -0.0043 -8.023 -30.4864 2.4947 -2.6848 -30.4864 2.4947
3 16 -8.023 -30.4864 2.4947 -8.023 -27.9963 3.5298 -2.6848 -30.4864 2.4947
3 16 -2.6848 -30.4864 2.4947 -8.023 -27.9963 3.5298 -2.6848 -27.9963 3.5298
3 16 -8.023 -27.9963 3.5298 -8.023 -25.5034 2.4947 -2.6848 -27.9963 3.5298
3 16 -2.6848 -27.9963 3.5298 -8.023 -25.5034 2.4947 -2.6848 -25.5034 2.4947
3 16 -8.023 -25.5034 2.4947 -8.023 -24.4682 -0.0043 -2.6848 -25.5034 2.4947
3 16 -2.6848 -25.5034 2.4947 -8.023 -24.4682 -0.0043 -2.6442 -24.4636 0.0079
3 16 -8.023 -25.5034 -2.5033 -2.6848 -25.5034 -2.5033 -8.023 -24.4682 -0.0043
3 16 -8.023 -24.4682 -0.0043 -2.6848 -25.5034 -2.5033 -2.6442 -24.4636 0.0079
3 16 -8.023 -25.5034 -2.5033 -8.023 -28.002 -3.5384 -2.6848 -25.5034 -2.5033
3 16 -2.6848 -25.5034 -2.5033 -8.023 -28.002 -3.5384 -2.6848 -28.002 -3.5384
3 16 -8.023 -28.002 -3.5384 -8.023 -30.4929 -2.5033 -2.6848 -28.002 -3.5384
3 16 -2.6848 -28.002 -3.5384 -8.023 -30.4929 -2.5033 -2.6848 -30.4929 -2.5033
3 16 -0.0446 -24.1889 8.7457 1.573 -24.4018 8.7457 0.1461 -21.0941 8.7457
3 16 0.1461 -21.0941 8.7457 1.573 -24.4018 8.7457 4.4048 -21.078 8.7457
3 16 -1.6622 -24.4018 8.7457 -4.4829 -21.1115 8.7457 -3.1696 -25.0262 8.7457
3 16 3.084 -25.028 8.7457 8.3168 -23.6125 8.7457 4.4048 -21.078 8.7457
3 16 4.4048 -21.078 8.7457 8.3168 -23.6125 8.7457 8.4208 -21.0634 8.7457
3 16 -8.023 -28.0426 8.7457 -6.2831 -30.4395 8.6175 -6.0816 -28.8212 8.6807
3 16 -8.023 -28.0426 8.7457 -8.023 -30.1312 8.5941 -6.2831 -30.4395 8.6175
3 16 -5.4573 -33.5638 7.3431 -6.0816 -32.0314 7.9656 -8.0229 -33.5464 7.3428
3 16 -8.0229 -33.5464 7.3428 -6.0816 -32.0314 7.9656 -8.023 -32.0564 8.0614
3 16 -8.0229 -33.5464 7.3428 -8.0226 -35.7094 4.4404 -5.4573 -33.5638 7.3431
3 16 -5.4573 -33.5638 7.3431 -8.0226 -35.7094 4.4404 -3.6422 -35.158 4.8881
3 16 3.2276 -35.158 4.7987 7.8192 -35.71 4.4403 5.2877 -33.7429 7.0995
3 16 5.2877 -33.7429 7.0995 7.8192 -35.71 4.4403 7.9371 -33.9221 7.0995
3 16 8.0551 -30.2963 8.6467 6.2054 -30.4387 8.6549 7.9812 -32.1194 8.0614
3 16 7.9812 -32.1194 8.0614 6.2054 -30.4387 8.6549 5.9925 -32.1194 8.0616
3 16 5.3681 -27.3138 8.7457 5.9925 -28.8212 8.6983 8.1433 -28.0429 8.7457
3 16 3.084 -25.028 8.7457 4.3748 -26.0194 8.7457 8.3168 -23.6125 8.7457
3 16 5.9925 -32.1194 5.0248 5.9925 -32.1194 8.0616 6.2054 -30.4389 5.0255
3 16 6.2054 -30.4389 5.0255 5.9925 -32.1194 8.0616 6.2054 -30.4387 8.6549
3 16 5.3681 -27.3138 8.7457 5.3681 -27.3138 5.0255 5.9925 -28.8212 8.6983
3 16 5.9925 -28.8212 8.6983 5.3681 -27.3138 5.0255 5.9925 -28.8212 5.0255
3 16 4.4034 -26.0072 5.0255 4.3748 -26.0194 8.7457 3.084 -24.9119 5.0503
3 16 3.084 -24.9119 5.0503 4.3748 -26.0194 8.7457 3.084 -25.028 8.7457
3 16 -1.6622 -24.4018 5.0697 -1.6622 -24.4018 8.7457 -2.6442 -24.706 5.0871
3 16 -2.6442 -24.706 5.0871 -1.6622 -24.4018 8.7457 -3.1696 -25.0262 8.7457
3 16 -4.464 -26.0194 5.0871 -4.464 -26.0194 8.7457 -5.4573 -27.3138 5.0871
3 16 -5.4573 -27.3138 5.0871 -4.464 -26.0194 8.7457 -5.4573 -27.3138 8.7457
3 16 -6.3061 -30.4382 5.0871 -6.0816 -28.8212 5.0871 -6.2831 -30.4395 8.6175
3 16 -6.2831 -30.4395 8.6175 -6.0816 -28.8212 5.0871 -6.0816 -28.8212 8.6807
3 16 -6.0816 -32.0314 7.9656 -5.4573 -33.5638 7.3431 -6.0816 -32.0314 5.0871
3 16 -6.0816 -32.0314 5.0871 -5.4573 -33.5638 7.3431 -5.4573 -33.5638 5.0871
3 16 -5.4573 -33.5638 5.0871 -5.4573 -33.5638 7.3431 -3.6422 -35.158 4.8881
3 16 7.8192 -35.71 4.4403 3.2276 -35.158 4.7987 -8.0226 -35.7094 4.4404
3 16 -8.0226 -35.7094 4.4404 3.2276 -35.158 4.7987 -3.6422 -35.158 4.8881
3 16 1.6065 -24.5111 5.0503 1.573 -24.4018 8.7457 -0.0446 -24.1889 5.0503
3 16 -0.0446 -24.1889 5.0503 1.573 -24.4018 8.7457 -0.0446 -24.1889 8.7457
3 16 -5.4573 -27.3138 5.0871 -2.6442 -27.9218 5.0871 -4.464 -26.0194 5.0871
3 16 -4.464 -26.0194 5.0871 -2.6442 -27.9218 5.0871 -2.6442 -24.706 5.0871
3 16 -2.6442 -31.4386 5.0871 -6.0816 -28.8212 5.0871 -6.3061 -30.4382 5.0871
3 16 -6.0816 -32.0314 5.0871 -5.4573 -33.5638 5.0871 -2.6442 -31.4386 5.0871
3 16 -2.6442 -31.4386 5.0871 -5.4573 -33.5638 5.0871 -2.6442 -33.9775 5.0871
3 16 -3.6422 -35.158 4.8881 -2.6442 -33.9775 5.0871 -5.4573 -33.5638 5.0871
3 16 -2.6442 -33.9775 5.0871 4.4034 -33.9775 5.0255 -2.6442 -33.9775 -2.8574
3 16 -2.6442 -33.9775 -2.8574 4.4034 -33.9775 5.0255 4.4034 -33.9775 -2.8574
3 16 4.4034 -33.9775 5.0255 5.2877 -33.7429 7.0995 5.3398 -33.3706 5.024
3 16 4.4034 -30.1896 5.0255 5.9925 -32.1194 5.0248 6.2054 -30.4389 5.0255
3 16 4.4034 -30.1896 5.0255 5.9925 -28.8212 5.0255 4.4034 -28.1494 5.0255
3 16 4.4034 -28.1494 5.0255 5.9925 -28.8212 5.0255 5.3681 -27.3138 5.0255
3 16 4.4034 -33.9775 5.0255 4.4034 -30.1896 5.0255 4.4034 -33.9775 -2.8574
3 16 4.4034 -33.9775 -2.8574 4.4034 -30.1896 5.0255 4.4034 -29.2953 -2.8574
3 16 4.4034 -30.1896 5.0255 4.4034 -28.1494 5.0255 4.4034 -29.2953 -2.8574
3 16 4.4034 -30.6111 -7.282 4.4034 -32.2139 -6.8558 4.4034 -29.2953 -2.8574
3 16 4.4034 -29.2953 -2.8574 4.4034 -32.2139 -6.8558 4.4034 -33.9775 -2.8574
3 16 4.4034 -27.6788 -6.5979 4.4034 -30.6111 -7.282 4.4034 -29.2953 -2.8574
3 16 4.4034 -26.0453 -6.1829 4.4034 -27.6788 -6.5979 4.4034 -26.0525 -2.8574
3 16 4.4034 -26.0525 -2.8574 4.4034 -27.6788 -6.5979 4.4034 -29.2953 -2.8574
3 16 3.2 -24.9119 -2.8574 3.2 -25.2132 -5.6884 4.4034 -26.0525 -2.8574
3 16 4.4034 -26.0525 -2.8574 3.2 -25.2132 -5.6884 4.4034 -26.0453 -6.1829
3 16 0.2226 -24.6324 -5.6884 3.2 -25.2132 -5.6884 0.3232 -24.1043 -3.3079
3 16 0.3232 -24.1043 -3.3079 3.2 -25.2132 -5.6884 3.2 -24.9119 -2.8574
3 16 -2.6442 -24.7235 -2.765 -2.5612 -25.1938 -5.6796 0.3232 -24.1043 -3.3079
3 16 0.3232 -24.1043 -3.3079 -2.5612 -25.1938 -5.6796 0.2226 -24.6324 -5.6884
3 16 -2.6442 -33.9775 -2.8574 4.4034 -33.9775 -2.8574 -2.6442 -32.2139 -6.8558
3 16 -2.6442 -32.2139 -6.8558 4.4034 -33.9775 -2.8574 4.4034 -32.2139 -6.8558
3 16 -2.6442 -30.0262 -7.024 -2.6442 -32.2139 -6.8558 4.4034 -30.6111 -7.282
3 16 4.4034 -30.6111 -7.282 -2.6442 -32.2139 -6.8558 4.4034 -32.2139 -6.8558
3 16 -2.6442 -27.7112 -6.5979 -2.6442 -30.0262 -7.024 4.4034 -27.6788 -6.5979
3 16 4.4034 -27.6788 -6.5979 -2.6442 -30.0262 -7.024 4.4034 -30.6111 -7.282
3 16 3.2 -25.2132 -5.6884 4.4034 -27.6788 -6.5979 4.4034 -26.0453 -6.1829
3 16 -2.6442 -27.7112 -6.5979 0.2226 -24.6324 -5.6884 -2.5612 -25.1938 -5.6796
3 16 3.084 -24.9119 5.0503 3.2 -24.9119 -2.8574 4.4034 -26.0072 5.0255
3 16 4.4034 -26.0072 5.0255 3.2 -24.9119 -2.8574 4.4034 -26.0525 -2.8574
3 16 3.2 -24.9119 -2.8574 1.6065 -24.5111 5.0503 0.3232 -24.1043 -3.3079
3 16 0.3232 -24.1043 -3.3079 1.6065 -24.5111 5.0503 -0.0446 -24.1889 5.0503
3 16 -2.6848 -28.002 -3.5384 -2.5612 -25.1938 -5.6796 -2.6848 -25.5034 -2.5033
3 16 -2.6848 -25.5034 -2.5033 -2.5612 -25.1938 -5.6796 -2.6442 -24.7235 -2.765
3 16 0.3232 -24.1043 -3.3079 -2.6442 -24.4636 0.0079 -2.6442 -24.7235 -2.765
3 16 -2.6442 -24.706 5.0871 -2.6848 -25.5034 2.4947 -2.6442 -24.4636 0.0079
3 16 -1.6622 -24.4018 5.0697 -2.6442 -24.4636 0.0079 -0.0446 -24.1889 5.0503
3 16 -0.0446 -24.1889 5.0503 -2.6442 -24.4636 0.0079 0.3232 -24.1043 -3.3079
3 16 4.4034 -28.1494 5.0255 5.3681 -27.3138 5.0255 4.4034 -26.0072 5.0255
3 16 4.4034 -29.2953 -2.8574 4.4034 -28.1494 5.0255 4.4034 -26.0525 -2.8574
3 16 4.4034 -26.0525 -2.8574 4.4034 -28.1494 5.0255 4.4034 -26.0072 5.0255
3 16 3.2 -25.2132 -5.6884 0.2226 -24.6324 -5.6884 4.4034 -27.6788 -6.5979
3 16 4.4034 -27.6788 -6.5979 0.2226 -24.6324 -5.6884 -2.6442 -27.7112 -6.5979
3 16 -3.6422 -35.158 4.8881 3.2276 -35.158 4.7987 -2.6442 -33.9775 5.0871
3 16 -2.6442 -33.9775 5.0871 3.2276 -35.158 4.7987 4.4034 -33.9775 5.0255
3 16 3.2276 -35.158 4.7987 5.2877 -33.7429 7.0995 4.4034 -33.9775 5.0255
3 16 -2.6848 -28.002 -3.5384 -2.6442 -27.7112 -6.5979 -2.5612 -25.1938 -5.6796
3 16 -2.6442 -24.4636 0.0079 -2.6848 -25.5034 -2.5033 -2.6442 -24.7235 -2.765
3 16 -2.6848 -30.4929 -2.5033 -2.6442 -30.0262 -7.024 -2.6848 -28.002 -3.5384
3 16 -2.6848 -28.002 -3.5384 -2.6442 -30.0262 -7.024 -2.6442 -27.7112 -6.5979
3 16 -2.6848 -30.4929 -2.5033 -2.6442 -32.2139 -6.8558 -2.6442 -30.0262 -7.024
3 16 -2.6848 -31.527 -0.0043 -2.6442 -33.9775 -2.8574 -2.6848 -30.4929 -2.5033
3 16 -2.6848 -30.4929 -2.5033 -2.6442 -33.9775 -2.8574 -2.6442 -32.2139 -6.8558
3 16 -2.6442 -33.9775 -2.8574 -2.6848 -31.527 -0.0043 -2.6442 -33.9775 5.0871
3 16 -2.6442 -33.9775 5.0871 -2.6848 -31.527 -0.0043 -2.6848 -30.4864 2.4947
3 16 -2.6848 -27.9963 3.5298 -2.6848 -25.5034 2.4947 -2.6442 -27.9218 5.0871
3 16 -2.6442 -27.9218 5.0871 -2.6848 -25.5034 2.4947 -2.6442 -24.706 5.0871
3 16 -2.6442 -33.9775 5.0871 -2.6848 -30.4864 2.4947 -2.6442 -31.4386 5.0871
3 16 -2.6442 -31.4386 5.0871 -2.6848 -30.4864 2.4947 -2.6442 -27.9218 5.0871
3 16 -2.6442 -27.9218 5.0871 -2.6848 -30.4864 2.4947 -2.6848 -27.9963 3.5298
3 16 8.6533 -15.2703 4.328 8.6564 -15.2911 8.7457 8.4177 -21.0441 4.3475
3 16 8.4177 -21.0441 4.3475 8.6564 -15.2911 8.7457 8.4208 -21.0634 8.7457
3 16 4.4048 -21.078 8.7457 8.4208 -21.0634 8.7457 8.6564 -15.2911 8.7457
3 16 4.4048 -21.078 8.7457 8.6564 -15.2911 8.7457 4.4241 -16.8595 8.7443
3 16 4.4241 -16.8595 8.7443 8.6564 -15.2911 8.7457 6.2054 -15.3163 8.7457
3 16 2.4601 -17.7942 8.7445 4.4048 -21.078 8.7457 4.4241 -16.8595 8.7443
3 16 -4.4829 -21.1115 8.7457 -2.3662 -17.7942 8.7449 -4.2813 -16.8595 8.7451
3 16 -6.1055 -15.2676 8.7457 -8.8625 -15.2998 8.7457 -4.2813 -16.8595 8.7451
3 16 -4.2813 -16.8595 8.7451 -8.8625 -15.2998 8.7457 -4.4829 -21.1115 8.7457
3 16 -8.8625 -15.2998 8.7457 -8.8625 -21.1279 8.7457 -4.4829 -21.1115 8.7457
3 16 -8.8625 -26.0051 8.7457 -8.8625 -21.1279 8.7457 -8.8625 -26.0454 8.522
3 16 -8.8625 -21.1279 8.7457 -8.8625 -24.7388 8.0631 -8.8625 -26.0454 8.522
3 16 -8.023 -26.005 8.7457 -8.8625 -21.1279 8.7457 -8.8625 -26.0051 8.7457
3 16 8.0551 -30.2963 8.6467 8.1317 -28.0514 4.3888 8.1433 -28.0429 8.7457
3 16 7.8192 -35.71 4.4403 7.9242 -33.138 4.4362 7.9371 -33.9221 7.0995
3 16 7.7663 -36.9086 0.0019 7.9301 -32.8942 0.0035 7.8192 -35.71 4.4403
3 16 7.8192 -35.71 4.4403 7.9301 -32.8942 0.0035 7.9242 -33.138 4.4362
3 16 7.7663 -36.9086 0.0019 7.8113 -35.7099 -4.4404 7.9301 -32.8942 0.0035
3 16 7.9301 -32.8942 0.0035 7.8113 -35.7099 -4.4404 7.9359 -32.6525 -4.6137
3 16 8.1232 -28.0569 -4.8856 8.1278 -28.0516 0.0053 7.9359 -32.6525 -4.6137
3 16 7.9359 -32.6525 -4.6137 8.1278 -28.0516 0.0053 7.9301 -32.8942 0.0035
3 16 7.9242 -33.138 4.4362 7.9301 -32.8942 0.0035 8.1317 -28.0514 4.3888
3 16 8.1317 -28.0514 4.3888 7.9301 -32.8942 0.0035 8.1278 -28.0516 0.0053
3 16 7.9812 -32.1194 8.0614 7.9242 -33.138 4.4362 8.0551 -30.2963 8.6467
3 16 8.0551 -30.2963 8.6467 7.9242 -33.138 4.4362 8.1317 -28.0514 4.3888
3 16 8.4146 -21.0251 0.0292 8.4177 -21.0441 4.3475 8.3107 -23.5688 0.0177
3 16 8.3107 -23.5688 0.0177 8.4177 -21.0441 4.3475 8.3137 -23.5905 4.3514
3 16 8.6503 -15.2502 0.0394 8.6533 -15.2703 4.328 8.4146 -21.0251 0.0292
3 16 8.4146 -21.0251 0.0292 8.6533 -15.2703 4.328 8.4177 -21.0441 4.3475
3 16 7.94 -32.4788 -7.9488 7.9359 -32.6525 -4.6137 7.8113 -35.7099 -4.4404
3 16 8.1195 -28.0561 -9.059 8.1232 -28.0569 -4.8856 7.94 -32.4788 -7.9488
3 16 7.94 -32.4788 -7.9488 8.1232 -28.0569 -4.8856 7.9359 -32.6525 -4.6137
3 16 8.3077 -23.5313 -5.1405 8.1232 -28.0569 -4.8856 8.3063 -23.5055 -7.8571
3 16 8.3063 -23.5055 -7.8571 8.1232 -28.0569 -4.8856 8.1195 -28.0561 -9.059
3 16 8.4108 -21.0019 -5.2552 8.3077 -23.5313 -5.1405 8.3063 -23.5055 -7.8571
3 16 8.4108 -21.0019 -5.2552 8.4146 -21.0251 0.0292 8.3077 -23.5313 -5.1405
3 16 8.3077 -23.5313 -5.1405 8.4146 -21.0251 0.0292 8.3107 -23.5688 0.0177
3 16 8.4349 -20.41 -5.2551 8.4146 -21.0251 0.0292 8.4108 -21.0019 -5.2552
3 16 8.4349 -20.41 -5.2551 -8.023 -20.3906 -5.2543 8.6465 -15.2253 -5.2543
3 16 8.6465 -15.2253 -5.2543 -8.023 -20.3906 -5.2543 -8.8625 -15.1897 -5.2543
3 16 -8.8625 -20.9674 -5.2543 -8.8625 -20.3914 -5.2543 -8.023 -20.9673 -5.2543
3 16 -8.023 -20.9673 -5.2543 -8.8625 -20.3914 -5.2543 -8.023 -20.3906 -5.2543
3 16 -8.8625 -19.8866 -3.651 -8.8625 -20.3914 -5.2543 -8.8625 -20.9674 -5.2543
3 16 8.6465 -15.2253 -5.2543 8.6503 -15.2502 0.0394 8.4349 -20.41 -5.2551
3 16 8.4349 -20.41 -5.2551 8.6503 -15.2502 0.0394 8.4146 -21.0251 0.0292
3 16 4.4048 -21.078 8.7457 2.4601 -17.7942 8.7445 0.1461 -21.0941 8.7457
3 16 0.1461 -21.0941 8.7457 2.4601 -17.7942 8.7445 0.089 -18.1882 8.7457
3 16 0.089 -18.1882 8.7457 -2.3662 -17.7942 8.7449 0.1461 -21.0941 8.7457
3 16 0.1461 -21.0941 8.7457 -2.3662 -17.7942 8.7449 -4.4829 -21.1115 8.7457
3 16 4.4034 -33.9775 5.0255 5.3398 -33.3706 5.024 4.4034 -30.1896 5.0255
3 16 5.3398 -33.3706 5.024 5.9925 -32.1194 5.0248 4.4034 -30.1896 5.0255
3 16 5.9925 -32.1194 8.0616 5.9925 -32.1194 5.0248 5.2877 -33.7429 7.0995
3 16 5.2877 -33.7429 7.0995 5.9925 -32.1194 5.0248 5.3398 -33.3706 5.024
3 16 7.9812 -32.1194 8.0614 5.9925 -32.1194 8.0616 7.9371 -33.9221 7.0995
3 16 7.9371 -33.9221 7.0995 5.9925 -32.1194 8.0616 5.2877 -33.7429 7.0995
3 16 7.9371 -33.9221 7.0995 7.9242 -33.138 4.4362 7.9812 -32.1194 8.0614
3 16 6.2054 -30.4389 5.0255 5.9925 -28.8212 5.0255 4.4034 -30.1896 5.0255
3 16 5.9925 -28.8212 8.6983 5.9925 -28.8212 5.0255 6.2054 -30.4387 8.6549
3 16 6.2054 -30.4387 8.6549 5.9925 -28.8212 5.0255 6.2054 -30.4389 5.0255
3 16 8.1433 -28.0429 8.7457 5.9925 -28.8212 8.6983 8.0551 -30.2963 8.6467
3 16 8.0551 -30.2963 8.6467 5.9925 -28.8212 8.6983 6.2054 -30.4387 8.6549
3 16 4.3748 -26.0194 8.7457 4.4034 -26.0072 5.0255 5.3681 -27.3138 8.7457
3 16 5.3681 -27.3138 8.7457 4.4034 -26.0072 5.0255 5.3681 -27.3138 5.0255
3 16 8.3168 -23.6125 8.7457 4.3748 -26.0194 8.7457 8.1433 -28.0429 8.7457
3 16 8.1433 -28.0429 8.7457 4.3748 -26.0194 8.7457 5.3681 -27.3138 8.7457
3 16 3.2 -24.9119 -2.8574 3.084 -24.9119 5.0503 1.6065 -24.5111 5.0503
3 16 1.573 -24.4018 8.7457 1.6065 -24.5111 5.0503 3.084 -25.028 8.7457
3 16 3.084 -25.028 8.7457 1.6065 -24.5111 5.0503 3.084 -24.9119 5.0503
3 16 4.4048 -21.078 8.7457 1.573 -24.4018 8.7457 3.084 -25.028 8.7457
3 16 -0.0446 -24.1889 5.0503 -0.0446 -24.1889 8.7457 -1.6622 -24.4018 5.0697
3 16 -1.6622 -24.4018 5.0697 -0.0446 -24.1889 8.7457 -1.6622 -24.4018 8.7457
3 16 -4.4829 -21.1115 8.7457 -1.6622 -24.4018 8.7457 0.1461 -21.0941 8.7457
3 16 0.1461 -21.0941 8.7457 -1.6622 -24.4018 8.7457 -0.0446 -24.1889 8.7457
3 16 -2.6442 -24.706 5.0871 -2.6442 -24.4636 0.0079 -1.6622 -24.4018 5.0697
3 16 -4.464 -26.0194 8.7457 -4.464 -26.0194 5.0871 -3.1696 -25.0262 8.7457
3 16 -3.1696 -25.0262 8.7457 -4.464 -26.0194 5.0871 -2.6442 -24.706 5.0871
3 16 -8.8625 -21.1279 8.7457 -4.464 -26.0194 8.7457 -4.4829 -21.1115 8.7457
3 16 -4.4829 -21.1115 8.7457 -4.464 -26.0194 8.7457 -3.1696 -25.0262 8.7457
3 16 -2.6442 -31.4386 5.0871 -2.6442 -27.9218 5.0871 -6.0816 -28.8212 5.0871
3 16 -6.0816 -28.8212 5.0871 -2.6442 -27.9218 5.0871 -5.4573 -27.3138 5.0871
3 16 -6.0816 -28.8212 5.0871 -5.4573 -27.3138 5.0871 -6.0816 -28.8212 8.6807
3 16 -6.0816 -28.8212 8.6807 -5.4573 -27.3138 5.0871 -5.4573 -27.3138 8.7457
3 16 -6.0816 -28.8212 8.6807 -5.4573 -27.3138 8.7457 -8.023 -28.0426 8.7457
3 16 -8.023 -28.0426 8.7457 -5.4573 -27.3138 8.7457 -8.023 -26.005 8.7457
3 16 -2.6442 -31.4386 5.0871 -6.3061 -30.4382 5.0871 -6.0816 -32.0314 5.0871
3 16 -6.2831 -30.4395 8.6175 -6.0816 -32.0314 7.9656 -6.3061 -30.4382 5.0871
3 16 -6.3061 -30.4382 5.0871 -6.0816 -32.0314 7.9656 -6.0816 -32.0314 5.0871
3 16 -6.0816 -32.0314 7.9656 -6.2831 -30.4395 8.6175 -8.023 -32.0564 8.0614
3 16 -8.023 -32.0564 8.0614 -6.2831 -30.4395 8.6175 -8.023 -30.1312 8.5941
3 16 -8.023 -30.1312 8.5941 -8.023 -27.9963 3.5298 -8.023 -32.0564 8.0614
3 16 -8.023 -21.8301 6.1197 -8.023 -25.5034 2.4947 -8.023 -24.7388 8.0631
3 16 -8.8625 -24.7388 8.0631 -8.8625 -21.8301 6.1197 -8.023 -24.7388 8.0631
3 16 -8.023 -24.7388 8.0631 -8.8625 -21.8301 6.1197 -8.023 -21.8301 6.1197
3 16 -8.8625 -24.7388 8.0631 -8.8625 -21.1279 8.7457 -8.8625 -21.8301 6.1197
2 24 -8.8625 -2.8018 -11.2543 -8.8625 -8 -11.2543
2 24 -8.8625 -8 -5.2543 -8.8625 -8 -11.2543
2 24 9.2764 0 4.2717 9.2804 0 8.7457
2 24 9.2804 0 8.7457 9.1567 -3.0325 8.7457
2 24 9.1567 -3.0325 8.7457 8.6564 -15.2911 8.7457
2 24 9.1483 -2.8007 -11.2543 8.9361 -7.9998 -11.2543
2 24 8.9361 -7.9998 -11.2543 -8.8625 -8 -11.2543
2 24 -8.8625 -2.8018 -11.2543 -8.8625 -8 -11.2543
2 24 -8.8625 -8 -11.2543 8.9361 -7.9998 -11.2543
2 24 -8.8625 -8 -11.2543 -8.8625 -8 -5.2543
2 24 8.9361 -7.9998 -11.2543 8.9414 -8.0001 -5.2543
2 24 -8.8625 -8 -5.2543 8.9414 -8.0001 -5.2543
2 24 8.9414 -8.0001 -5.2543 8.6465 -15.2253 -5.2543
2 24 8.9414 -8.0001 -5.2543 -8.8625 -8 -5.2543
2 24 -8.8625 -8 -5.2543 -8.8625 -15.1897 -5.2543
2 24 -6.013 -11.6176 8.7454 -6.1804 -10.0144 8.7454
2 24 -6.1804 -10.0144 8.7454 -6.013 -8.3824 8.7454
2 24 -5.3886 -6.875 8.7453 -4.3954 -5.5806 8.7452
2 24 -3.101 -4.5874 8.745 -1.5936 -3.963 8.7449
2 24 3.149 -4.5874 8.7444 4.4435 -5.5806 8.7443
2 24 5.4368 -6.875 8.7441 6.0611 -8.3824 8.7441
2 24 9.1567 -3.0325 8.7457 8.6564 -15.2911 8.7457
2 24 -8.8625 -15.2998 8.7457 -8.8625 -2.8213 8.7457
2 24 6.0611 -11.6176 8.7457 5.4367 -13.125 8.7457
2 24 3.149 -15.4126 8.7444 4.4435 -14.4194 8.7443
2 24 3.149 -15.4126 6.3749 4.4435 -14.4194 6.3747
2 24 0.024 -16.2499 8.7447 1.6417 -16.037 8.7445
2 24 0.024 -16.2499 6.3752 1.6417 -16.037 6.375
2 24 -3.101 -15.4126 8.745 -1.5936 -16.037 8.7449
2 24 -3.101 -15.4126 6.3755 -1.5936 -16.037 6.3754
2 24 -6.013 -11.6176 8.7454 -6.1804 -10.0144 8.7454
2 24 -6.013 -11.6176 6.3758 -6.2036 -10.0144 6.3547
2 24 -6.1804 -10.0144 8.7454 -6.013 -8.3824 8.7454
2 24 -6.2036 -10.0144 6.3547 -6.013 -8.3824 6.3758
2 24 -4.3954 -5.5806 6.3757 -5.3886 -6.875 6.3758
2 24 -4.3954 -5.5806 8.7452 -5.3886 -6.875 8.7453
2 24 -1.5936 -3.963 6.3754 -3.101 -4.5874 6.3755
2 24 -1.5936 -3.963 8.7449 -3.101 -4.5874 8.745
2 24 1.6417 -3.963 6.375 0.024 -3.7501 6.3752
2 24 1.6417 -3.963 8.7445 0.024 -3.7501 8.7447
2 24 4.4435 -5.5806 6.3747 3.149 -4.5874 6.3749
2 24 4.4435 -5.5806 8.7443 3.149 -4.5874 8.7444
2 24 6.0611 -8.3824 6.3746 5.4366 -6.875 6.3746
2 24 6.0611 -8.3824 8.7441 5.4368 -6.875 8.7441
2 24 5.4367 -13.125 8.7457 6.0611 -11.6176 8.7457
2 24 5.4367 -13.125 6.3746 6.0611 -11.6176 6.3746
2 24 -5.3886 -13.125 8.7453 -4.3954 -14.4194 8.7452
2 24 -5.3886 -13.125 6.3758 -4.3954 -14.4194 6.3757
2 24 9.2804 0 8.7457 9.2764 0 4.2717
2 24 -8.8625 0 8.7457 -8.8625 0 -11.2543
2 24 -8.8625 -2.8213 8.7457 -8.8625 0 8.7457
2 24 -8.8625 -2.8018 -11.2543 -8.8625 0 -11.2543
2 24 9.2626 0 -11.2543 -8.8625 0 -11.2543
2 24 6.25 0 -7.5043 -6.25 0 -7.5043
2 24 9.2804 0 8.7457 -8.8625 0 8.7457
2 24 6.25 0 6.3074 -6.25 0 6.3074
2 24 6.25 0 -7.5043 -6.25 0 -7.5043
2 24 6.25 0 -7.5043 6.25 -5.25 -7.5043
2 24 -6.25 0 -7.5043 -6.25 -5.25 -7.5043
2 24 6.25 -5.25 -7.5043 -6.25 -5.25 -7.5043
2 24 -6.25 -5.25 -3.0043 6.25 -5.25 -3.0043
2 24 -6.25 -5.25 -3.0043 -6.25 -5.25 -7.5043
2 24 6.25 -5.25 -3.0043 6.25 -5.25 -7.5043
2 24 -6.25 -5.25 -7.5043 6.25 -5.25 -7.5043
2 24 -6.25 -18.6199 -3.0043 6.25 -18.6199 -3.0043
2 24 -6.25 -18.6199 -3.0043 -6.25 -5.25 -3.0043
2 24 6.25 -18.6199 -3.0043 6.25 -5.25 -3.0043
2 24 -6.25 -5.25 -3.0043 6.25 -5.25 -3.0043
2 24 -6.25 -18.3652 6.3074 -0.227 -18.3746 6.3074
2 24 -6.25 -18.3652 6.3074 -6.25 -18.6199 -3.0043
2 24 -6.25 -18.6199 -3.0043 6.25 -18.6199 -3.0043
2 24 -3.101 -4.5874 6.3755 -4.3954 -5.5806 6.3757
2 24 1.6417 -3.963 6.375 3.149 -4.5874 6.3749
2 24 -6.25 0 6.3074 6.25 0 6.3074
2 24 -3.101 -4.5874 6.3755 -1.5936 -3.963 6.3754
2 24 -6.25 -10.0144 6.3547 -6.25 0 6.3074
2 24 -6.25 0 6.3074 -6.25 0 -7.5043
2 24 -6.25 -5.25 -3.0043 -6.25 -5.25 -7.5043
2 24 -6.25 0 -7.5043 -6.25 -5.25 -7.5043
2 24 -6.25 -10.0144 6.3547 -6.25 -18.3652 6.3074
2 24 -6.2036 -10.0144 6.3547 -6.013 -11.6176 6.3758
2 24 -6.25 -18.3652 6.3074 -6.25 -18.6199 -3.0043
2 24 -6.25 -10.0144 6.3547 -6.25 -18.3652 6.3074
2 24 -6.25 -5.25 -3.0043 -6.25 -18.6199 -3.0043
2 24 5.4367 -13.125 6.3746 6.0611 -11.6176 6.3746
2 24 6.25 0 6.3074 6.25 0 0.0131
2 24 6.1804 -10 6.3074 6.0611 -8.3824 6.3746
2 24 6.25 0 6.3074 6.25 -10 6.3074
2 24 -4.3954 -14.4194 6.3757 -5.3886 -13.125 6.3758
2 24 3.149 -15.4126 6.3749 4.4435 -14.4194 6.3747
2 24 -1.5936 -16.037 6.3754 -3.101 -15.4126 6.3755
2 24 3.149 -15.4126 6.3749 1.6417 -16.037 6.375
2 24 -0.227 -18.3746 6.3074 6.0181 -18.3843 6.3752
2 24 6.25 -18.6199 -3.0043 6.0181 -18.3843 6.3752
2 24 5.4366 -6.875 6.3746 4.4435 -5.5806 6.3747
2 24 -5.3886 -6.875 6.3758 -6.013 -8.3824 6.3758
2 24 1.6417 -16.037 8.7445 0.024 -16.2499 8.7447
2 24 -1.5936 -16.037 8.7449 -3.101 -15.4126 8.745
2 24 -4.3954 -14.4194 8.7452 -5.3886 -13.125 8.7453
2 24 4.4435 -14.4194 8.7443 3.149 -15.4126 8.7444
2 24 6.25 0 6.3074 6.25 0 0.0131
2 24 9.2764 0 4.2717 9.2727 0 0.0656
2 24 8.9414 -8.0001 -5.2543 8.6465 -15.2253 -5.2543
2 24 6.25 0 -7.5043 6.25 0 0.0131
2 24 9.2626 0 -11.2543 9.2727 0 0.0656
2 24 6.25 0 0.0131 6.25 0 -7.5043
2 24 6.25 0 -7.5043 6.25 -5.25 -7.5043
2 24 6.25 -5.25 -3.0043 6.25 -5.25 -7.5043
2 24 9.1483 -2.8007 -11.2543 9.2626 0 -11.2543
2 24 9.2727 0 0.0656 9.2626 0 -11.2543
2 24 9.2764 0 4.2717 9.2727 0 0.0656
2 24 -8.8625 -2.8213 8.7457 -8.8625 0 8.7457
2 24 9.1567 -3.0325 8.7457 9.2804 0 8.7457
2 24 -8.8625 0 8.7457 9.2804 0 8.7457
2 24 9.1483 -2.8007 -11.2543 9.2626 0 -11.2543
2 24 9.2626 0 -11.2543 -8.8625 0 -11.2543
2 24 -8.8625 -2.8018 -11.2543 -8.8625 0 -11.2543
2 24 9.1483 -2.8007 -11.2543 8.9361 -7.9998 -11.2543
2 24 8.9414 -8.0001 -5.2543 8.9361 -7.9998 -11.2543
2 24 -8.8625 -2.8213 8.7457 -8.8625 -15.2998 8.7457
2 24 -8.8625 -8 -5.2543 -8.8625 -15.1897 -5.2543
2 24 -6.25 0 -7.5043 -6.25 0 6.3074
2 24 -8.8625 0 -11.2543 -8.8625 0 8.7457
2 24 6.1804 -10 8.7457 6.0611 -11.6176 8.7457
2 24 6.0611 -11.6176 8.7457 6.1804 -10 8.7457
2 24 6.0611 -11.6176 6.3746 6.1804 -10 6.3074
2 24 6.0611 -11.6176 6.3746 6.1804 -10 6.3074
2 24 6.0181 -18.3843 6.3752 6.25 -10 6.3074
2 24 5.4367 -13.125 8.7457 4.4435 -14.4194 8.7443
2 24 4.4435 -14.4194 6.3747 5.4367 -13.125 6.3746
2 24 4.4435 -14.4194 8.7443 5.4367 -13.125 8.7457
2 24 1.6417 -16.037 8.7445 3.149 -15.4126 8.7444
2 24 3.149 -15.4126 6.3749 1.6417 -16.037 6.375
2 24 3.149 -15.4126 8.7444 1.6417 -16.037 8.7445
2 24 0.024 -16.2499 8.7447 -1.5936 -16.037 8.7449
2 24 0.024 -16.2499 6.3752 -1.5936 -16.037 6.3754
2 24 0.024 -16.2499 8.7447 -1.5936 -16.037 8.7449
2 24 -3.101 -15.4126 8.745 -4.3954 -14.4194 8.7452
2 24 -3.101 -15.4126 6.3755 -4.3954 -14.4194 6.3757
2 24 -3.101 -15.4126 8.745 -4.3954 -14.4194 8.7452
2 24 -6.013 -11.6176 8.7454 -5.3886 -13.125 8.7453
2 24 -6.013 -11.6176 6.3758 -5.3886 -13.125 6.3758
2 24 -6.013 -11.6176 8.7454 -5.3886 -13.125 8.7453
2 24 -6.013 -8.3824 8.7454 -5.3886 -6.875 8.7453
2 24 -6.013 -8.3824 6.3758 -5.3886 -6.875 6.3758
2 24 -6.013 -8.3824 8.7454 -5.3886 -6.875 8.7453
2 24 -4.3954 -5.5806 8.7452 -3.101 -4.5874 8.745
2 24 -4.3954 -5.5806 6.3757 -3.101 -4.5874 6.3755
2 24 -4.3954 -5.5806 8.7452 -3.101 -4.5874 8.745
2 24 -1.5936 -3.963 8.7449 0.024 -3.7501 8.7447
2 24 -1.5936 -3.963 6.3754 0.024 -3.7501 6.3752
2 24 -1.5936 -3.963 8.7449 0.024 -3.7501 8.7447
2 24 0.024 -3.7501 8.7447 1.6417 -3.963 8.7445
2 24 1.6417 -3.963 8.7445 3.149 -4.5874 8.7444
2 24 1.6417 -3.963 6.375 3.149 -4.5874 6.3749
2 24 3.149 -4.5874 8.7444 1.6417 -3.963 8.7445
2 24 4.4435 -5.5806 8.7443 5.4368 -6.875 8.7441
2 24 4.4435 -5.5806 6.3747 5.4366 -6.875 6.3746
2 24 4.4435 -5.5806 8.7443 5.4368 -6.875 8.7441
2 24 6.0611 -8.3824 8.7441 6.1804 -10 8.7457
2 24 6.0611 -8.3824 6.3746 6.1804 -10 6.3074
2 24 6.0611 -8.3824 8.7441 6.1804 -10 8.7457
2 24 1.6417 -3.963 6.375 0.024 -3.7501 6.3752
2 24 3.149 -4.5874 6.3749 4.4435 -5.5806 6.3747
2 24 6.0611 -8.3824 6.3746 5.4366 -6.875 6.3746
2 24 6.25 0 6.3074 6.25 -10 6.3074
2 24 6.25 -10 6.3074 6.0181 -18.3843 6.3752
2 24 6.0181 -18.3843 6.3752 6.25 -18.6199 -3.0043
2 24 6.25 -5.25 -3.0043 6.25 -18.6199 -3.0043
2 24 5.4367 -13.125 6.3746 4.4435 -14.4194 6.3747
2 24 1.6417 -16.037 6.375 0.024 -16.2499 6.3752
2 24 6.0181 -18.3843 6.3752 -0.227 -18.3746 6.3074
2 24 -1.5936 -16.037 6.3754 0.024 -16.2499 6.3752
2 24 -6.25 -18.3652 6.3074 -0.227 -18.3746 6.3074
2 24 -4.3954 -14.4194 6.3757 -3.101 -15.4126 6.3755
2 24 -6.013 -11.6176 6.3758 -5.3886 -13.125 6.3758
2 24 -6.25 0 6.3074 -6.25 -10.0144 6.3547
2 24 -6.2036 -10.0144 6.3547 -6.013 -8.3824 6.3758
2 24 -4.3954 -5.5806 6.3757 -5.3886 -6.875 6.3758
2 24 0.024 -3.7501 6.3752 -1.5936 -3.963 6.3754
2 24 8.4208 -21.0634 8.7457 8.3168 -23.6125 8.7457
2 24 8.3168 -23.6125 8.7457 8.1433 -28.0429 8.7457
2 24 -8.0228 -36.9083 0.0019 -8.023 -35.7094 -4.4404
2 24 -8.023 -31.527 -0.0043 -8.023 -30.4929 -2.5033
2 24 -8.0228 -36.9083 0.0019 -8.0226 -35.7094 4.4404
2 24 -8.023 -31.527 -0.0043 -8.023 -30.4864 2.4947
2 24 -8.0226 -35.7094 4.4404 -8.0229 -33.5464 7.3428
2 24 -8.023 -30.4864 2.4947 -8.023 -27.9963 3.5298
2 24 -8.0229 -33.5464 7.3428 -8.023 -32.0564 8.0614
2 24 -8.023 -28.0426 8.7457 -8.023 -30.1312 8.5941
2 24 -8.023 -27.9963 3.5298 -8.023 -25.5034 2.4947
2 24 -8.023 -26.0452 8.522 -8.023 -24.7388 8.0631
2 24 -8.023 -19.2041 -0.2199 -8.023 -19.8982 3.2016
2 24 -8.023 -25.5034 2.4947 -8.023 -24.4682 -0.0043
2 24 -8.023 -19.8982 3.2016 -8.023 -21.8301 6.1197
2 24 -8.023 -19.2041 -0.2199 -8.023 -19.8866 -3.651
2 24 -8.023 -24.4682 -0.0043 -8.023 -25.5034 -2.5033
2 24 -8.023 -19.8866 -3.651 -8.023 -20.9673 -5.2543
2 24 -8.023 -20.9673 -5.2543 -8.023 -23.5051 -7.857
2 24 -8.023 -23.5051 -7.857 -8.023 -28.0536 -9.0589
2 24 -8.023 -25.5034 -2.5033 -8.023 -28.002 -3.5384
2 24 -8.023 -28.0536 -9.0589 -8.023 -32.4793 -7.9489
2 24 -8.023 -30.4929 -2.5033 -8.023 -28.002 -3.5384
2 24 -8.023 -35.7094 -4.4404 -8.023 -32.4793 -7.9489
2 24 -8.8625 -19.8866 -3.651 -8.8625 -20.9674 -5.2543
2 24 -8.8625 -20.9674 -5.2543 -8.023 -20.9673 -5.2543
2 24 -8.023 -19.8866 -3.651 -8.023 -20.9673 -5.2543
2 24 -8.023 -19.8866 -3.651 -8.023 -19.2041 -0.2199
2 24 -8.8625 -19.8866 -3.651 -8.8625 -19.2041 -0.2199
2 24 -8.023 -19.2041 -0.2199 -8.023 -19.8982 3.2016
2 24 -8.8625 -19.2041 -0.2199 -8.8625 -19.8751 3.2016
2 24 -8.023 -19.8982 3.2016 -8.023 -21.8301 6.1197
2 24 -8.8625 -19.8751 3.2016 -8.8625 -21.8301 6.1197
2 24 -8.023 -26.0452 8.522 -8.023 -26.005 8.7457
2 24 -8.023 -28.0426 8.7457 -8.023 -26.005 8.7457
2 24 -8.8625 -26.0454 8.522 -8.023 -26.0452 8.522
2 24 -8.8625 -26.0454 8.522 -8.8625 -26.0051 8.7457
2 24 -8.023 -26.0452 8.522 -8.023 -26.005 8.7457
2 24 -8.8625 -26.0051 8.7457 -8.023 -26.005 8.7457
2 24 -8.023 -24.7388 8.0631 -8.023 -26.0452 8.522
2 24 -8.023 -26.0452 8.522 -8.8625 -26.0454 8.522
2 24 -8.8625 -24.7388 8.0631 -8.8625 -26.0454 8.522
2 24 -8.8625 -21.8301 6.1197 -8.8625 -19.8751 3.2016
2 24 -8.8625 -15.2998 8.7457 -8.8625 -21.1279 8.7457
2 24 -8.8625 -19.8751 3.2016 -8.8625 -19.2041 -0.2199
2 24 -8.8625 -19.2041 -0.2199 -8.8625 -19.8866 -3.651
2 24 -8.8625 -15.1897 -5.2543 -8.8625 -20.3914 -5.2543
2 24 -8.023 -20.9673 -5.2543 8.4108 -21.0019 -5.2552
2 24 8.4108 -21.0019 -5.2552 8.4349 -20.41 -5.2551
2 24 8.4108 -21.0019 -5.2552 8.3063 -23.5055 -7.8571
2 24 8.4108 -21.0019 -5.2552 -8.023 -20.9673 -5.2543
2 24 -8.023 -20.9673 -5.2543 -8.023 -23.5051 -7.857
2 24 -8.0228 -36.9083 0.0019 -8.0226 -35.7094 4.4404
2 24 7.7663 -36.9086 0.0019 7.8192 -35.71 4.4403
2 24 7.7663 -36.9086 0.0019 7.8113 -35.7099 -4.4404
2 24 -8.0228 -36.9083 0.0019 -8.023 -35.7094 -4.4404
2 24 -8.023 -32.4793 -7.9489 -8.023 -28.0536 -9.0589
2 24 7.94 -32.4788 -7.9488 8.1195 -28.0561 -9.059
2 24 -8.023 -35.7094 -4.4404 -8.023 -32.4793 -7.9489
2 24 7.8113 -35.7099 -4.4404 7.94 -32.4788 -7.9488
2 24 -8.023 -23.5051 -7.857 -8.023 -28.0536 -9.0589
2 24 8.3063 -23.5055 -7.8571 8.1195 -28.0561 -9.059
2 24 -8.8625 -15.1897 -5.2543 -8.8625 -20.3914 -5.2543
2 24 -4.464 -26.0194 8.7457 -5.4573 -27.3138 8.7457
2 24 -8.023 -30.4929 -2.5033 -8.023 -31.527 -0.0043
2 24 -8.023 -30.4929 -2.5033 -2.6848 -30.4929 -2.5033
2 24 -8.023 -31.527 -0.0043 -2.6848 -31.527 -0.0043
2 24 -2.6848 -30.4929 -2.5033 -2.6848 -31.527 -0.0043
2 24 -8.023 -31.527 -0.0043 -8.023 -30.4864 2.4947
2 24 -8.023 -30.4864 2.4947 -2.6848 -30.4864 2.4947
2 24 -2.6848 -31.527 -0.0043 -2.6848 -30.4864 2.4947
2 24 -8.023 -30.4864 2.4947 -8.023 -27.9963 3.5298
2 24 -8.023 -27.9963 3.5298 -2.6848 -27.9963 3.5298
2 24 -2.6848 -30.4864 2.4947 -2.6848 -27.9963 3.5298
2 24 -8.023 -27.9963 3.5298 -8.023 -25.5034 2.4947
2 24 -8.023 -25.5034 2.4947 -2.6848 -25.5034 2.4947
2 24 -2.6848 -27.9963 3.5298 -2.6848 -25.5034 2.4947
2 24 -8.023 -25.5034 2.4947 -8.023 -24.4682 -0.0043
2 24 -8.023 -24.4682 -0.0043 -2.6442 -24.4636 0.0079
2 24 -2.6848 -25.5034 2.4947 -2.6442 -24.4636 0.0079
2 24 -8.023 -25.5034 -2.5033 -2.6848 -25.5034 -2.5033
2 24 -8.023 -24.4682 -0.0043 -8.023 -25.5034 -2.5033
2 24 -2.6442 -24.4636 0.0079 -2.6848 -25.5034 -2.5033
2 24 -8.023 -25.5034 -2.5033 -8.023 -28.002 -3.5384
2 24 -8.023 -28.002 -3.5384 -2.6848 -28.002 -3.5384
2 24 -2.6848 -25.5034 -2.5033 -2.6848 -28.002 -3.5384
2 24 -8.023 -30.4929 -2.5033 -8.023 -28.002 -3.5384
2 24 -2.6848 -30.4929 -2.5033 -2.6848 -28.002 -3.5384
2 24 -0.0446 -24.1889 8.7457 1.573 -24.4018 8.7457
2 24 -1.6622 -24.4018 8.7457 -3.1696 -25.0262 8.7457
2 24 8.3168 -23.6125 8.7457 8.4208 -21.0634 8.7457
2 24 -6.2831 -30.4395 8.6175 -6.0816 -28.8212 8.6807
2 24 -8.023 -28.0426 8.7457 -8.023 -30.1312 8.5941
2 24 -5.4573 -33.5638 7.3431 -6.0816 -32.0314 7.9656
2 24 -8.0229 -33.5464 7.3428 -8.023 -32.0564 8.0614
2 24 -8.0226 -35.7094 4.4404 -8.0229 -33.5464 7.3428
2 24 -5.4573 -33.5638 7.3431 -3.6422 -35.158 4.8881
2 24 3.2276 -35.158 4.7987 5.2877 -33.7429 7.0995
2 24 7.8192 -35.71 4.4403 7.9371 -33.9221 7.0995
2 24 8.0551 -30.2963 8.6467 7.9812 -32.1194 8.0614
2 24 6.2054 -30.4387 8.6549 5.9925 -32.1194 8.0616
2 24 5.3681 -27.3138 8.7457 5.9925 -28.8212 8.6983
2 24 3.084 -25.028 8.7457 4.3748 -26.0194 8.7457
2 24 5.9925 -32.1194 5.0248 6.2054 -30.4389 5.0255
2 24 5.9925 -32.1194 8.0616 6.2054 -30.4387 8.6549
2 24 5.3681 -27.3138 8.7457 5.9925 -28.8212 8.6983
2 24 5.3681 -27.3138 5.0255 5.9925 -28.8212 5.0255
2 24 4.3748 -26.0194 8.7457 3.084 -25.028 8.7457
2 24 -1.6622 -24.4018 8.7457 -3.1696 -25.0262 8.7457
2 24 -4.464 -26.0194 5.0871 -5.4573 -27.3138 5.0871
2 24 -4.464 -26.0194 8.7457 -5.4573 -27.3138 8.7457
2 24 -6.3061 -30.4382 5.0871 -6.0816 -28.8212 5.0871
2 24 -6.2831 -30.4395 8.6175 -6.0816 -28.8212 8.6807
2 24 -6.0816 -32.0314 7.9656 -5.4573 -33.5638 7.3431
2 24 -6.0816 -32.0314 5.0871 -5.4573 -33.5638 5.0871
2 24 -5.4573 -33.5638 7.3431 -3.6422 -35.158 4.8881
2 24 -5.4573 -33.5638 5.0871 -3.6422 -35.158 4.8881
2 24 -3.6422 -35.158 4.8881 3.2276 -35.158 4.7987
2 24 1.573 -24.4018 8.7457 -0.0446 -24.1889 8.7457
2 24 -5.4573 -27.3138 5.0871 -4.464 -26.0194 5.0871
2 24 -2.6442 -27.9218 5.0871 -2.6442 -24.706 5.0871
2 24 -4.464 -26.0194 5.0871 -2.6442 -24.706 5.0871
2 24 -6.0816 -28.8212 5.0871 -6.3061 -30.4382 5.0871
2 24 -6.0816 -32.0314 5.0871 -5.4573 -33.5638 5.0871
2 24 -2.6442 -31.4386 5.0871 -2.6442 -33.9775 5.0871
2 24 -5.4573 -33.5638 5.0871 -3.6422 -35.158 4.8881
2 24 -2.6442 -33.9775 5.0871 4.4034 -33.9775 5.0255
2 24 -2.6442 -33.9775 5.0871 -2.6442 -33.9775 -2.8574
2 24 4.4034 -33.9775 5.0255 4.4034 -33.9775 -2.8574
2 24 4.4034 -33.9775 5.0255 5.3398 -33.3706 5.024
2 24 5.9925 -32.1194 5.0248 6.2054 -30.4389 5.0255
2 24 4.4034 -30.1896 5.0255 4.4034 -28.1494 5.0255
2 24 5.9925 -28.8212 5.0255 5.3681 -27.3138 5.0255
2 24 4.4034 -33.9775 5.0255 4.4034 -30.1896 5.0255
2 24 4.4034 -33.9775 5.0255 4.4034 -33.9775 -2.8574
2 24 4.4034 -30.1896 5.0255 4.4034 -28.1494 5.0255
2 24 4.4034 -30.6111 -7.282 4.4034 -32.2139 -6.8558
2 24 4.4034 -33.9775 -2.8574 4.4034 -32.2139 -6.8558
2 24 4.4034 -30.6111 -7.282 4.4034 -27.6788 -6.5979
2 24 4.4034 -27.6788 -6.5979 4.4034 -26.0453 -6.1829
2 24 4.4034 -26.0453 -6.1829 4.4034 -26.0525 -2.8574
2 24 3.2 -25.2132 -5.6884 4.4034 -26.0453 -6.1829
2 24 4.4034 -26.0525 -2.8574 4.4034 -26.0453 -6.1829
2 24 3.2 -25.2132 -5.6884 0.2226 -24.6324 -5.6884
2 24 -2.6442 -24.7235 -2.765 -2.5612 -25.1938 -5.6796
2 24 0.2226 -24.6324 -5.6884 -2.5612 -25.1938 -5.6796
2 24 -2.6442 -33.9775 -2.8574 -2.6442 -32.2139 -6.8558
2 24 4.4034 -33.9775 -2.8574 4.4034 -32.2139 -6.8558
2 24 -2.6442 -32.2139 -6.8558 4.4034 -32.2139 -6.8558
2 24 -2.6442 -30.0262 -7.024 -2.6442 -32.2139 -6.8558
2 24 -2.6442 -32.2139 -6.8558 4.4034 -32.2139 -6.8558
2 24 4.4034 -30.6111 -7.282 4.4034 -32.2139 -6.8558
2 24 -2.6442 -30.0262 -7.024 -2.6442 -27.7112 -6.5979
2 24 4.4034 -30.6111 -7.282 4.4034 -27.6788 -6.5979
2 24 4.4034 -27.6788 -6.5979 4.4034 -26.0453 -6.1829
2 24 3.2 -25.2132 -5.6884 4.4034 -26.0453 -6.1829
2 24 0.2226 -24.6324 -5.6884 -2.5612 -25.1938 -5.6796
2 24 -2.6442 -27.7112 -6.5979 -2.5612 -25.1938 -5.6796
2 24 4.4034 -26.0072 5.0255 4.4034 -26.0525 -2.8574
2 24 -2.6848 -28.002 -3.5384 -2.6848 -25.5034 -2.5033
2 24 -2.5612 -25.1938 -5.6796 -2.6442 -24.7235 -2.765
2 24 -2.6442 -24.7235 -2.765 -2.6442 -24.4636 0.0079
2 24 -2.6848 -25.5034 2.4947 -2.6442 -24.4636 0.0079
2 24 -2.6442 -24.706 5.0871 -2.6442 -24.4636 0.0079
2 24 5.3681 -27.3138 5.0255 4.4034 -26.0072 5.0255
2 24 4.4034 -28.1494 5.0255 4.4034 -26.0072 5.0255
2 24 4.4034 -28.1494 5.0255 4.4034 -26.0072 5.0255
2 24 4.4034 -26.0525 -2.8574 4.4034 -26.0072 5.0255
2 24 3.2 -25.2132 -5.6884 0.2226 -24.6324 -5.6884
2 24 -3.6422 -35.158 4.8881 3.2276 -35.158 4.7987
2 24 3.2276 -35.158 4.7987 4.4034 -33.9775 5.0255
2 24 -2.6442 -33.9775 5.0871 4.4034 -33.9775 5.0255
2 24 5.2877 -33.7429 7.0995 3.2276 -35.158 4.7987
2 24 4.4034 -33.9775 5.0255 3.2276 -35.158 4.7987
2 24 -2.5612 -25.1938 -5.6796 -2.6442 -27.7112 -6.5979
2 24 -2.6848 -25.5034 -2.5033 -2.6442 -24.4636 0.0079
2 24 -2.6442 -24.7235 -2.765 -2.6442 -24.4636 0.0079
2 24 -2.6848 -28.002 -3.5384 -2.6848 -30.4929 -2.5033
2 24 -2.6442 -27.7112 -6.5979 -2.6442 -30.0262 -7.024
2 24 -2.6442 -30.0262 -7.024 -2.6442 -32.2139 -6.8558
2 24 -2.6848 -30.4929 -2.5033 -2.6848 -31.527 -0.0043
2 24 -2.6442 -32.2139 -6.8558 -2.6442 -33.9775 -2.8574
2 24 -2.6442 -33.9775 -2.8574 -2.6442 -33.9775 5.0871
2 24 -2.6848 -31.527 -0.0043 -2.6848 -30.4864 2.4947
2 24 -2.6848 -25.5034 2.4947 -2.6848 -27.9963 3.5298
2 24 -2.6442 -24.706 5.0871 -2.6442 -27.9218 5.0871
2 24 -2.6442 -33.9775 5.0871 -2.6442 -31.4386 5.0871
2 24 -2.6442 -27.9218 5.0871 -2.6442 -31.4386 5.0871
2 24 -2.6848 -30.4864 2.4947 -2.6848 -27.9963 3.5298
2 24 8.6564 -15.2911 8.7457 8.4208 -21.0634 8.7457
2 24 8.6564 -15.2911 8.7457 8.4208 -21.0634 8.7457
2 24 -8.8625 -15.2998 8.7457 -8.8625 -21.1279 8.7457
2 24 -8.8625 -21.1279 8.7457 -8.8625 -26.0051 8.7457
2 24 -8.8625 -26.0051 8.7457 -8.8625 -26.0454 8.522
2 24 -8.8625 -26.0454 8.522 -8.8625 -24.7388 8.0631
2 24 -8.8625 -21.1279 8.7457 -8.8625 -26.0051 8.7457
2 24 -8.023 -26.005 8.7457 -8.8625 -26.0051 8.7457
2 24 8.1433 -28.0429 8.7457 8.0551 -30.2963 8.6467
2 24 7.8192 -35.71 4.4403 7.9371 -33.9221 7.0995
2 24 7.8192 -35.71 4.4403 7.7663 -36.9086 0.0019
2 24 7.7663 -36.9086 0.0019 7.8113 -35.7099 -4.4404
2 24 8.0551 -30.2963 8.6467 7.9812 -32.1194 8.0614
2 24 7.8113 -35.7099 -4.4404 7.94 -32.4788 -7.9488
2 24 7.94 -32.4788 -7.9488 8.1195 -28.0561 -9.059
2 24 8.1195 -28.0561 -9.059 8.3063 -23.5055 -7.8571
2 24 8.3063 -23.5055 -7.8571 8.4108 -21.0019 -5.2552
2 24 8.4108 -21.0019 -5.2552 8.4349 -20.41 -5.2551
2 24 8.6465 -15.2253 -5.2543 8.4349 -20.41 -5.2551
2 24 -8.8625 -20.3914 -5.2543 -8.8625 -20.9674 -5.2543
2 24 -8.023 -20.9673 -5.2543 -8.8625 -20.9674 -5.2543
2 24 -8.8625 -20.3914 -5.2543 -8.8625 -20.9674 -5.2543
2 24 -8.8625 -19.8866 -3.651 -8.8625 -20.9674 -5.2543
2 24 8.6465 -15.2253 -5.2543 8.4349 -20.41 -5.2551
2 24 4.4034 -33.9775 5.0255 5.3398 -33.3706 5.024
2 24 4.4034 -30.1896 5.0255 4.4034 -33.9775 5.0255
2 24 5.9925 -32.1194 5.0248 5.3398 -33.3706 5.024
2 24 5.9925 -32.1194 8.0616 5.2877 -33.7429 7.0995
2 24 5.9925 -32.1194 5.0248 5.3398 -33.3706 5.024
2 24 7.9371 -33.9221 7.0995 7.9812 -32.1194 8.0614
2 24 5.2877 -33.7429 7.0995 5.9925 -32.1194 8.0616
2 24 7.9371 -33.9221 7.0995 7.9812 -32.1194 8.0614
2 24 6.2054 -30.4389 5.0255 5.9925 -28.8212 5.0255
2 24 6.2054 -30.4387 8.6549 5.9925 -28.8212 8.6983
2 24 6.2054 -30.4389 5.0255 5.9925 -28.8212 5.0255
2 24 8.0551 -30.2963 8.6467 8.1433 -28.0429 8.7457
2 24 6.2054 -30.4387 8.6549 5.9925 -28.8212 8.6983
2 24 5.3681 -27.3138 8.7457 4.3748 -26.0194 8.7457
2 24 5.3681 -27.3138 5.0255 4.4034 -26.0072 5.0255
2 24 8.3168 -23.6125 8.7457 8.1433 -28.0429 8.7457
2 24 5.3681 -27.3138 8.7457 4.3748 -26.0194 8.7457
2 24 3.084 -25.028 8.7457 1.573 -24.4018 8.7457
2 24 1.573 -24.4018 8.7457 3.084 -25.028 8.7457
2 24 -1.6622 -24.4018 8.7457 -0.0446 -24.1889 8.7457
2 24 -0.0446 -24.1889 8.7457 -1.6622 -24.4018 8.7457
2 24 -2.6442 -24.706 5.0871 -2.6442 -24.4636 0.0079
2 24 -3.1696 -25.0262 8.7457 -4.464 -26.0194 8.7457
2 24 -2.6442 -24.706 5.0871 -4.464 -26.0194 5.0871
2 24 -4.464 -26.0194 8.7457 -3.1696 -25.0262 8.7457
2 24 -2.6442 -27.9218 5.0871 -2.6442 -31.4386 5.0871
2 24 -5.4573 -27.3138 5.0871 -6.0816 -28.8212 5.0871
2 24 -5.4573 -27.3138 5.0871 -6.0816 -28.8212 5.0871
2 24 -5.4573 -27.3138 8.7457 -6.0816 -28.8212 8.6807
2 24 -5.4573 -27.3138 8.7457 -6.0816 -28.8212 8.6807
2 24 -8.023 -26.005 8.7457 -8.023 -28.0426 8.7457
2 24 -6.3061 -30.4382 5.0871 -6.0816 -32.0314 5.0871
2 24 -6.2831 -30.4395 8.6175 -6.0816 -32.0314 7.9656
2 24 -6.3061 -30.4382 5.0871 -6.0816 -32.0314 5.0871
2 24 -6.2831 -30.4395 8.6175 -6.0816 -32.0314 7.9656
2 24 -8.023 -30.1312 8.5941 -8.023 -32.0564 8.0614
2 24 -8.023 -32.0564 8.0614 -8.023 -30.1312 8.5941
2 24 -8.023 -24.7388 8.0631 -8.023 -21.8301 6.1197
2 24 -8.8625 -21.8301 6.1197 -8.8625 -24.7388 8.0631
2 24 -8.023 -21.8301 6.1197 -8.023 -24.7388 8.0631
2 24 -8.8625 -21.8301 6.1197 -8.8625 -24.7388 8.0631
2 24 -8.023 -20.9575 -5.2774 -8.023 -20.3906 -5.2793
2 24 -8.023 -20.9575 -5.2774 8.4108 -20.9921 -5.2782
2 24 8.4108 -20.9921 -5.2782 8.4349 -20.41 -5.2801
2 24 9.1483 -2.8007 -11.2793 8.9361 -7.9998 -11.2793
2 24 8.9361 -7.9998 -11.2793 -8.8625 -8 -11.2793
2 24 -8.8625 -2.8018 -11.2793 -8.8625 -8 -11.2793
2 24 8.4108 -20.9921 -5.2782 8.3063 -23.4935 -7.879
2 24 8.4108 -20.9921 -5.2782 -8.023 -20.9575 -5.2774
2 24 -8.023 -20.9575 -5.2774 -8.023 -23.4932 -7.879
2 24 -8.023 -32.4922 -7.9703 -8.023 -28.0533 -9.0839
2 24 7.94 -32.4915 -7.9703 8.1195 -28.0557 -9.0839
2 24 -8.023 -32.4922 -7.9703 -8.023 -35.7312 -4.4525
2 24 -8.023 -35.7312 -4.4525 7.8113 -35.7317 -4.4526
2 24 7.94 -32.4915 -7.9703 7.8113 -35.7317 -4.4526
2 24 -8.023 -23.4932 -7.879 -8.023 -28.0533 -9.0839
2 24 8.3063 -23.4935 -7.879 8.1195 -28.0557 -9.0839
2 24 8.9414 -8.0001 -5.2793 8.6465 -15.2253 -5.2793
2 24 8.9414 -8.0001 -5.2793 -8.8625 -8 -5.2793
2 24 -8.8625 -8 -5.2793 -8.8625 -15.1897 -5.2793
2 24 -8.8625 -15.1897 -5.2793 -8.8625 -20.3914 -5.2793
2 24 -8.023 -20.3906 -5.2793 -8.8625 -20.3914 -5.2793
2 24 9.1483 -2.8007 -11.2793 9.2626 0 -11.2793
2 24 9.2626 0 -11.2793 -8.8625 0 -11.2793
2 24 -8.8625 -2.8018 -11.2793 -8.8625 0 -11.2793
2 24 8.4349 -20.41 -5.2801 8.6465 -15.2253 -5.2793
0 STEP
